,ch1,ch2,ch3,ch4
0,-37.56,-20.98,9.06,-11.29
1,-25.09,-40.13,10.64,-11.66
2,-26.58,58.91,7.56,-13.99
3,-29.29,-0.24,5.73,-17.39
4,81.78,8.34,7.78,-9.72
5,19.13,39.56,3.3,-20.75
6,-74.71,30.19,7.29,-12.54
7,-6.05,36.58,9.11,-15.92
8,-54.79,-34.32,7.27,-16.54
9,-28.83,-15.62,9.55,-13.3
10,-20.67,3.0,12.96,-13.68
11,-21.7,-4.61,8.29,-10.86
12,-31.2,36.66,6.38,-11.25
13,-12.17,-55.97,8.07,-12.26
14,9.9,54.88,7.06,-6.91
15,-10.97,43.54,4.28,-16.55
16,-8.44,-4.82,7.11,-19.12
17,-52.18,17.37,4.49,-16.72
18,41.82,-3.5,1.62,-15.86
19,114.41,49.76,2.84,-19.57
20,-93.15,78.52,9.55,-14.06
21,-44.2,31.78,11.87,-12.7
22,-36.02,-45.91,9.23,-14.3
23,-18.5,-40.34,8.08,-14.57
24,-19.0,47.15,6.44,-14.14
25,-1.55,28.16,6.28,-17.07
26,-11.81,65.98,7.11,-14.58
27,-9.4,-35.99,3.34,-17.07
28,-29.18,6.67,5.54,-17.55
29,-23.91,27.42,9.05,-14.81
30,10.92,16.61,9.77,-16.33
31,4.7,33.84,9.19,-15.57
32,26.27,-9.04,9.73,-12.52
33,-62.61,20.59,12.1,-10.38
34,-36.74,28.17,6.43,-13.64
35,10.73,0.23,7.3,-12.78
36,-1.94,12.52,7.92,-12.0
37,-50.93,-11.98,14.01,-8.45
38,-17.47,-3.71,12.93,-12.92
39,-27.98,6.38,11.13,-15.17
40,-19.19,18.42,5.34,-12.75
41,-19.7,34.31,8.08,-13.3
42,-18.13,-15.4,7.7,-4.21
43,-13.22,67.89,2.81,-8.96
44,-32.26,-9.57,12.54,-13.87
45,13.84,13.05,8.75,-9.46
46,-6.26,-17.43,5.19,-13.18
47,9.89,31.77,7.15,-12.32
48,55.57,14.48,9.35,-7.86
49,-60.07,70.02,7.47,-8.07
50,-44.65,19.87,3.31,-16.89
51,-6.9,-17.62,5.95,-11.78
52,-74.64,-30.55,9.49,-12.19
53,-23.17,-41.54,5.97,-14.39
54,25.57,55.99,8.03,-13.01
55,-12.01,20.54,8.49,-13.05
56,-27.21,0.42,7.15,-6.78
57,8.77,32.06,2.0,-13.97
58,-27.71,2.4,11.15,-7.12
59,-5.24,22.53,5.59,-10.61
60,-6.8,30.62,7.21,-10.81
61,-14.75,-15.82,9.56,-13.91
62,-6.91,-2.0,5.68,-16.57
63,-32.04,51.67,5.14,-13.88
64,18.22,61.69,4.8,-11.37
65,68.37,5.74,4.85,-8.29
66,-75.0,-55.09,8.19,-15.67
67,-79.7,33.69,6.25,-11.37
68,-36.59,4.49,8.51,-11.7
69,-28.88,-48.45,7.2,-13.51
70,-28.37,66.61,3.09,-22.41
71,4.7,23.49,8.28,-13.34
72,4.51,6.91,12.58,-11.15
73,9.93,26.64,10.87,-9.98
74,-22.96,42.81,4.81,-5.84
75,14.13,9.36,5.54,-15.01
76,93.69,1.03,5.42,-12.59
77,-82.78,77.4,5.39,-14.07
78,-50.49,66.91,8.12,-14.36
79,-29.37,-32.07,10.63,-12.75
80,-18.0,7.94,10.63,-10.73
81,8.98,37.75,14.21,-7.23
82,-69.01,-14.74,11.83,-4.61
83,-0.42,-6.53,7.82,-17.1
84,7.5,23.61,3.37,-13.16
85,-6.06,30.03,-0.18,-15.41
86,-13.48,29.15,4.15,-12.97
87,-15.06,25.72,8.14,-8.71
88,-21.88,29.77,7.08,-8.88
89,-25.2,12.47,5.88,-10.17
90,-7.82,25.32,9.33,-4.84
91,90.04,24.06,4.28,-13.57
92,-62.5,31.64,2.57,-15.36
93,-45.45,22.75,3.18,-13.24
94,-15.18,22.14,4.43,-14.76
95,-22.31,40.63,5.92,-9.99
96,-24.26,26.93,7.44,-7.59
97,-34.79,-17.08,0.44,-12.68
98,-2.63,13.91,1.45,-16.67
99,20.23,20.68,3.03,-14.69
100,-50.88,44.77,2.53,-13.43
101,-18.92,-35.27,5.58,-14.89
102,-13.08,6.32,3.78,-14.56
103,-18.98,8.93,1.51,-19.08
104,-18.16,29.02,4.68,-16.39
105,-46.83,21.38,6.72,-11.61
106,-1.25,80.82,3.93,-11.74
107,22.53,33.29,0.91,-12.17
108,15.03,49.09,-1.76,-16.09
109,67.23,25.58,2.89,-14.36
110,-72.74,31.67,4.94,-13.21
111,-21.34,65.75,4.13,-17.44
112,-27.36,-84.27,-3.77,-21.82
113,1.81,-27.42,3.09,-10.38
114,-20.07,19.03,5.65,-14.72
115,-54.12,-11.64,2.28,-14.08
116,17.77,38.09,1.83,-18.99
117,-22.64,-5.53,2.22,-21.49
118,-12.86,25.08,4.83,-17.84
119,-26.25,1.9,8.25,-14.14
120,-15.32,7.75,7.24,-16.47
121,-5.13,24.04,8.98,-15.2
122,-7.91,25.24,6.08,-15.76
123,74.67,34.14,6.05,-17.41
124,-33.14,9.9,7.39,-17.46
125,-86.79,10.45,0.95,-17.97
126,-16.81,23.15,8.18,-13.13
127,-44.26,92.36,10.05,-9.46
128,16.03,11.32,5.88,-16.05
129,-32.22,-70.18,1.46,-23.87
130,-31.0,11.56,7.51,-15.77
131,10.44,57.33,8.2,-5.04
132,-27.53,-21.44,3.63,-24.15
133,5.94,-0.92,7.6,-19.47
134,-0.95,43.11,2.13,-24.26
135,-23.92,40.27,7.93,-16.04
136,-24.86,17.83,5.73,-17.93
137,-27.41,23.6,10.45,-17.4
138,107.34,28.54,2.95,-19.88
139,-13.57,8.9,5.46,-18.9
140,-87.31,-9.73,8.51,-16.03
141,-34.43,23.95,10.54,-11.21
142,-26.21,42.87,9.33,-8.1
143,-24.8,43.93,7.18,-14.56
144,26.95,7.72,5.83,-11.97
145,-31.57,22.93,5.34,-17.03
146,-14.53,-6.38,2.86,-14.16
147,-14.31,17.78,3.35,-14.6
148,-50.27,1.09,8.44,-11.55
149,8.43,53.01,8.48,-10.77
150,87.76,33.92,2.13,-14.44
151,4.58,26.75,5.09,-13.61
152,-91.92,17.89,5.16,-12.12
153,-9.12,49.97,4.86,-10.56
154,-22.65,35.24,7.85,-4.85
155,-35.87,11.84,7.4,-10.41
156,-6.89,6.47,5.89,-6.54
157,13.37,0.7,5.41,-18.4
158,-40.46,17.81,7.08,-9.82
159,-70.63,-52.78,12.13,-10.0
160,-7.17,21.49,8.86,-14.16
161,18.58,43.18,3.65,-17.55
162,20.41,36.9,0.67,-13.89
163,-8.66,-33.48,3.69,-17.83
164,-11.82,14.1,7.57,-14.38
165,57.62,26.91,5.47,-7.48
166,26.64,29.63,4.99,-13.11
167,-111.78,47.97,4.47,-16.58
168,-13.76,18.99,4.31,-16.28
169,-17.01,28.43,3.08,-20.66
170,-15.61,39.63,9.49,-13.35
171,-13.24,49.13,5.85,-11.19
172,-8.53,15.47,6.24,-10.9
173,-25.92,-24.07,9.74,-13.6
174,43.52,31.58,2.44,-15.98
175,-9.78,32.26,6.89,-14.88
176,-19.62,40.9,5.8,-15.4
177,-23.54,44.39,8.98,-12.53
178,-25.28,28.73,2.23,-10.94
179,-9.1,29.25,1.19,-15.27
180,-11.17,-16.35,4.83,-14.34
181,-0.42,1.88,4.1,-13.93
182,56.1,11.03,4.77,-15.38
183,-73.91,66.18,5.52,-10.08
184,-75.69,35.72,5.27,-17.92
185,-51.87,-5.05,2.44,-13.29
186,34.31,26.85,2.37,-20.86
187,12.54,73.29,5.16,-10.02
188,-11.86,-42.93,4.95,-9.92
189,-13.76,58.58,6.69,-16.15
190,13.26,46.25,6.68,-13.81
191,-31.97,42.75,4.39,-18.62
192,-38.03,-21.17,6.22,-14.72
193,-51.81,-56.21,11.12,-9.89
194,-35.69,65.23,10.28,-12.84
195,2.88,66.62,2.52,-18.25
196,109.3,42.79,2.85,-19.38
197,4.26,22.0,5.83,-20.18
198,-91.33,22.44,5.46,-14.26
199,-17.75,25.75,9.35,-13.6
200,-34.69,25.98,7.93,-16.47
201,-13.9,28.6,3.16,-19.2
202,4.95,11.36,9.36,-15.58
203,-34.94,32.4,5.99,-13.51
204,-22.63,17.53,8.06,-14.51
205,-6.28,0.48,7.56,-14.91
206,-29.91,29.5,4.54,-16.42
207,-13.44,35.99,7.98,-11.42
208,24.38,30.24,8.04,-12.8
209,-31.62,16.92,3.98,-16.95
210,-16.35,36.28,1.89,-16.38
211,53.86,-8.73,3.69,-15.23
212,-72.4,56.87,-0.26,-13.65
213,-72.57,6.7,6.17,-7.47
214,-17.82,-76.02,3.84,-17.78
215,0.97,86.34,1.11,-17.52
216,-16.51,45.02,6.29,-11.89
217,-33.56,-1.93,6.01,-11.57
218,-1.73,45.55,6.98,-10.33
219,18.55,60.89,4.86,-14.81
220,7.15,13.08,9.37,-14.37
221,-25.79,46.37,8.28,-12.55
222,133.89,-1.44,4.93,-16.64
223,-82.9,16.45,3.62,-16.24
224,-85.14,17.73,9.21,-8.58
225,-73.44,-60.91,5.95,-13.86
226,-14.6,62.07,4.87,-13.39
227,-32.87,62.96,5.16,-14.65
228,6.24,64.28,7.92,-15.22
229,0.72,45.88,9.82,-9.92
230,-16.26,-25.94,7.53,-15.74
231,-24.01,-1.66,9.22,-14.82
232,-22.93,20.95,8.47,-14.14
233,9.61,70.35,10.17,-9.98
234,-23.34,20.66,11.91,-12.53
235,-20.78,-9.92,7.76,-17.25
236,-1.22,-18.91,2.72,-17.04
237,-7.32,-6.8,9.76,-15.29
238,-29.32,69.49,10.87,-11.92
239,-3.73,-22.78,5.0,-14.88
240,7.31,40.74,6.05,-14.22
241,90.01,27.79,4.67,-13.74
242,18.99,33.64,6.74,-21.46
243,-158.54,44.73,14.58,-4.04
244,-45.47,-19.09,11.11,-12.2
245,22.56,38.89,7.9,-17.87
246,12.68,16.75,4.48,-17.3
247,17.08,30.96,8.27,-9.35
248,-16.48,28.04,9.01,-11.9
249,-27.54,17.34,9.87,-5.93
250,-11.57,39.77,6.54,-12.42
251,-13.37,-22.61,5.45,-11.37
252,-95.94,-19.23,10.98,-7.63
253,21.77,45.99,3.68,-10.17
254,45.19,33.26,4.65,-13.23
255,-0.41,-6.44,8.77,-13.64
256,25.97,54.44,7.31,-10.54
257,78.15,36.8,2.65,-13.07
258,-95.05,41.16,7.8,-14.56
259,-86.84,-9.14,6.05,-12.17
260,-15.5,-0.15,10.59,-9.27
261,-3.69,37.77,5.03,-16.96
262,-20.99,35.48,7.82,-11.47
263,21.19,83.23,8.34,-4.75
264,-18.73,-47.88,1.62,-15.41
265,-42.69,-53.33,7.77,-9.82
266,-12.73,27.82,5.83,-8.77
267,-11.96,36.74,5.47,-13.32
268,-38.14,-0.1,8.55,-13.07
269,-2.07,17.99,5.03,-5.6
270,128.44,0.86,4.74,-13.79
271,-61.74,52.33,9.86,-8.4
272,-57.22,106.67,7.76,-8.32
273,0.68,-37.46,6.51,-18.29
274,-9.9,7.53,7.88,-15.44
275,-56.63,-26.39,6.38,-7.99
276,-32.88,35.26,5.25,-11.06
277,25.78,19.11,2.59,-18.28
278,-13.05,49.34,6.63,-4.84
279,86.51,7.83,6.99,-5.46
280,-21.87,37.32,8.35,-4.33
281,-81.88,-6.86,2.99,-14.78
282,-41.97,128.75,8.47,-6.58
283,9.27,-41.68,5.88,-15.64
284,-20.02,-6.28,6.11,-17.37
285,-0.14,-17.91,5.78,-15.68
286,-59.11,-8.93,7.33,-12.57
287,51.91,68.52,10.35,-9.69
288,37.95,107.89,4.07,-4.58
289,-66.89,-13.29,8.5,-4.87
290,-10.75,11.0,9.8,-11.4
291,-15.08,109.23,4.87,-22.73
292,-20.02,72.39,100.08,-4.06
293,-23.09,39.01,229.68,3.46
294,-21.41,-21.77,253.07,13.01
295,5.18,-185.29,-138.44,-46.19
296,66.2,-10.05,-148.07,-25.79
297,-147.94,-0.59,-53.31,-11.28
298,-31.33,157.89,214.74,13.59
299,-12.15,197.94,371.27,26.11
300,11.16,93.0,-122.15,-31.01
301,-25.56,89.92,259.83,23.0
302,-31.32,-151.39,273.03,-6.19
303,-27.31,-50.41,-532.66,-31.63
304,23.89,-92.97,-42.31,-16.32
305,-36.82,63.0,219.07,-8.02
306,-41.62,7.96,207.11,-14.87
307,-7.7,4.45,-70.23,-20.75
308,35.71,281.4,-53.23,1.82
309,-17.47,47.38,39.72,6.68
310,-10.19,35.36,-56.91,-19.76
311,-41.66,7.4,12.77,-16.42
312,16.16,269.52,157.37,13.16
313,-5.36,-523.8,-178.35,-57.9
314,15.58,241.08,-185.51,-6.1
315,-89.81,-6.69,120.63,-0.97
316,-63.8,24.1,148.59,-14.98
317,-25.56,113.04,-39.88,-1.7
318,-35.82,-94.83,384.14,-5.78
319,1.97,129.61,4.55,-3.73
320,-10.67,-11.98,-176.4,-10.69
321,-5.31,99.54,184.03,24.2
322,-31.51,9.68,-19.65,-41.58
323,-7.94,80.04,-138.71,-15.47
324,16.69,-27.22,-28.84,0.2
325,-38.2,41.34,-46.9,-16.77
326,-17.73,90.15,21.76,-10.44
327,-30.32,8.9,363.32,4.35
328,-36.0,-123.44,602.59,-6.68
329,118.01,274.65,301.3,-19.98
330,-83.72,-4.36,815.53,7.38
331,-36.62,7.93,1179.51,1.4
332,-38.32,-35.34,961.21,-0.19
333,-37.06,22.36,810.37,4.83
334,-16.36,58.24,1084.17,-4.85
335,-8.64,-66.98,1126.68,14.8
336,0.91,78.88,1017.32,-1.55
337,9.04,254.15,878.91,-8.79
338,-71.22,-223.31,1183.14,9.17
339,-21.16,69.39,793.46,-10.69
340,-1.44,27.42,879.81,-10.99
341,-5.59,172.79,1003.04,14.13
342,-34.25,-83.74,1174.47,-4.35
343,11.98,259.32,883.99,39.82
344,-93.59,-265.37,978.99,-20.89
345,17.02,94.9,1045.87,-4.51
346,24.71,-48.65,1357.1,28.17
347,-18.56,78.26,1014.26,-30.8
348,70.17,188.62,1128.47,24.82
349,-26.93,-117.17,915.98,-10.52
350,-102.26,-5.02,731.92,-6.02
351,-25.12,95.04,887.96,22.27
352,-34.65,9.69,950.37,14.52
353,-19.13,26.06,1082.06,-9.7
354,-11.23,-44.59,994.41,-5.59
355,-23.36,-14.28,977.67,3.7
356,-24.63,96.24,1051.57,5.58
357,-50.35,89.02,926.55,16.79
358,-39.05,-156.92,1007.88,-23.37
359,30.18,85.33,959.79,-5.43
360,108.73,-55.29,1097.87,2.26
361,1.82,86.76,1171.23,-3.38
362,-105.47,-38.22,1073.58,25.63
363,-32.75,17.15,820.17,-27.25
364,-23.11,-81.14,914.84,-0.91
365,0.83,149.08,1049.32,49.37
366,-27.58,126.25,934.47,-29.85
367,-31.68,-83.32,1207.09,-1.15
368,-29.88,-72.22,1179.7,-22.27
369,-21.83,36.66,687.18,10.55
370,-26.15,-20.83,943.13,1.89
371,-31.65,-21.42,992.3,-17.72
372,-38.18,13.74,1010.12,-0.89
373,5.0,50.5,941.37,2.55
374,7.67,19.79,979.39,23.26
375,-42.12,-33.97,980.64,-13.76
376,15.35,77.34,1132.24,-1.96
377,102.52,89.55,995.24,-4.5
378,-56.37,-16.39,906.6,-16.06
379,-63.79,-51.87,978.8,-2.62
380,-20.62,-2.5,1120.44,-5.15
381,-47.89,-45.76,1006.6,-25.95
382,-23.87,4.22,1121.83,-0.98
383,-16.91,11.28,901.7,0.86
384,32.51,64.2,1153.67,10.06
385,-4.71,26.93,813.57,-11.19
386,-3.81,151.63,909.36,3.74
387,-51.18,-39.53,1033.69,-12.68
388,-32.07,-72.51,1042.3,-11.55
389,-13.13,-18.86,880.0,-6.23
390,-41.71,-25.86,1026.0,19.86
391,-26.53,41.25,968.45,-12.6
392,116.36,115.89,1012.99,2.97
393,-85.33,-63.94,928.44,-13.97
394,-66.07,-15.64,972.45,-8.83
395,21.04,54.41,990.99,15.31
396,-20.15,28.11,983.22,-13.69
397,15.11,112.55,992.25,-7.73
398,-3.44,-49.46,1120.37,-5.19
399,-55.47,-47.08,1295.78,-6.85
400,-0.39,25.7,747.34,-34.35
401,-20.2,4.89,881.01,-0.22
402,-15.8,46.53,977.63,5.08
403,-4.4,87.84,1127.45,-6.31
404,-13.26,7.96,871.14,2.77
405,-21.1,-41.97,943.29,4.47
406,5.62,128.99,979.61,-15.93
407,-27.68,-84.79,1014.96,-27.38
408,-31.34,11.5,974.3,-8.4
409,-21.6,-18.88,969.55,-17.01
410,55.08,-35.11,975.57,-8.92
411,29.07,32.55,984.62,-8.88
412,-134.26,75.0,999.84,-0.1
413,-65.89,-22.38,988.55,-3.36
414,15.25,3.27,985.46,-18.2
415,28.3,-35.32,989.78,-10.42
416,-14.07,-5.39,1029.47,-7.26
417,-20.49,52.96,995.23,-7.11
418,-9.84,-7.26,1008.79,-15.28
419,-37.63,-78.56,956.83,-20.43
420,-10.02,155.42,963.93,-2.05
421,-1.0,218.36,1233.86,11.1
422,-38.84,-184.98,897.43,-38.6
423,-2.68,-30.8,880.29,-9.71
424,12.23,-37.38,998.05,-12.86
425,61.62,62.32,996.42,-26.32
426,-3.87,-1.49,995.03,-12.48
427,-99.83,32.59,1044.99,-15.88
428,-32.34,57.56,915.29,-8.88
429,22.45,-15.4,986.98,-9.61
430,-32.06,-69.07,1012.47,-7.24
431,-8.71,92.42,1036.09,-14.61
432,-17.97,-8.5,962.19,-0.53
433,16.96,163.84,936.39,-11.85
434,-51.29,-115.77,958.23,-12.18
435,-29.32,-18.04,1006.43,-13.54
436,-21.83,58.0,1088.92,-4.7
437,13.79,28.13,890.97,-15.06
438,-13.6,-26.22,1057.12,-14.68
439,-3.14,100.03,1242.84,-5.9
440,-9.37,59.92,795.17,-2.36
441,-19.6,-79.29,928.18,-17.28
442,-11.47,77.94,971.88,-18.51
443,-4.2,103.26,953.73,2.51
444,23.9,-105.97,973.05,-10.9
445,-51.86,-77.67,1033.85,-10.75
446,-55.67,86.69,945.08,-7.58
447,-27.68,48.91,963.31,-10.14
448,8.7,-5.16,975.18,-8.26
449,-31.79,81.06,996.48,-6.62
450,-50.5,-60.18,1106.9,-10.05
451,-22.32,29.82,1146.29,-8.38
452,3.54,-43.63,1025.74,-29.99
453,-19.42,37.36,777.51,-10.76
454,-24.42,57.7,980.43,-16.57
455,-11.43,-0.01,1180.99,-2.22
456,-6.39,27.95,895.62,-13.17
457,101.76,92.31,897.23,-6.39
458,-12.63,44.76,968.75,-12.84
459,-149.18,-47.39,993.96,-13.91
460,-14.21,-48.76,979.77,-19.46
461,-8.58,-4.09,976.71,-12.8
462,9.53,24.04,1034.97,-10.77
463,-19.27,72.96,1011.7,-9.09
464,-24.64,-23.54,1016.99,-7.24
465,8.51,152.26,1291.55,-6.72
466,-29.26,-66.27,752.7,-23.07
467,19.21,16.84,1185.98,-5.62
468,-22.75,69.87,919.11,-23.59
469,-30.08,-47.78,900.13,-12.38
470,-12.34,46.0,917.41,-9.87
471,10.78,43.76,1039.77,-0.09
472,69.24,-132.87,1029.45,-32.31
473,-88.16,83.49,1185.0,-16.06
474,-45.88,103.33,1147.35,-6.98
475,0.34,35.48,663.55,2.46
476,-38.45,-64.41,925.63,-18.65
477,-13.01,43.28,1081.41,-10.48
478,-11.95,92.82,908.39,-18.77
479,-2.92,89.78,974.47,0.03
480,-38.51,-44.07,1146.87,-25.26
481,-14.45,-80.14,1119.07,-13.89
482,-24.01,-45.05,933.22,-12.99
483,1.11,131.19,875.64,-11.85
484,13.11,149.01,979.84,-9.66
485,-33.57,-115.89,945.55,-16.16
486,-13.35,102.09,1057.84,-13.22
487,-30.37,-131.58,1161.96,10.09
488,-24.02,30.65,841.35,1.25
489,-34.06,-19.8,991.79,-33.52
490,-6.08,76.59,938.6,-18.01
491,-21.46,52.38,966.39,-11.03
492,12.95,217.02,1004.42,-4.1
493,-48.83,-104.31,959.45,-19.14
494,-16.61,-31.32,993.68,-14.46
495,-9.62,15.78,1012.29,-12.89
496,32.94,-0.77,971.76,-9.69
497,54.44,49.2,992.47,-5.31
498,-119.14,37.02,1019.05,-14.39
499,-56.82,-18.07,1137.07,-8.98
500,-1.03,56.58,917.97,-2.78
501,-34.71,-58.33,1080.44,-17.64
502,-5.23,109.55,857.9,0.72
503,-19.82,-51.63,1057.01,-15.38
504,-5.6,103.28,1004.81,-0.97
505,-19.3,40.11,1094.49,2.24
506,-15.54,-3.43,813.61,-9.9
507,-22.17,-134.89,953.52,-21.01
508,-16.81,70.14,979.96,-16.46
509,-19.77,-69.44,971.74,-16.69
510,-10.83,11.91,994.46,-15.43
511,9.06,174.53,988.06,-10.79
512,-25.77,-62.79,995.37,-18.83
513,-14.33,45.87,1051.84,0.64
514,-26.01,-10.6,950.43,-19.56
515,-17.4,14.82,995.63,-10.89
516,-7.05,49.48,-10.9,-16.71
517,-18.96,-30.44,8.81,-10.72
518,0.05,97.86,42.9,-14.49
519,-21.69,-94.0,72.42,-22.71
520,-3.26,5.08,13.89,-14.76
521,73.09,84.28,-31.61,-10.48
522,-37.64,-11.27,-66.21,-16.3
523,-83.15,75.36,102.55,-3.61
524,-38.22,-30.93,-20.38,-15.06
525,-2.16,64.9,-3.4,-27.96
526,-10.77,27.38,-14.07,-10.88
527,-17.14,-141.13,56.18,-17.14
528,-14.71,-25.75,-54.51,-16.05
529,22.87,146.51,-3.88,-9.72
530,-33.09,-26.68,14.21,-17.92
531,-13.21,103.43,-7.66,-14.43
532,-27.38,-90.36,-9.48,-10.77
533,-1.42,139.81,14.58,-12.03
534,-34.96,-68.54,57.52,-22.16
535,-1.69,13.1,17.83,-20.75
536,78.37,3.64,-15.82,-5.27
537,-36.04,-2.05,-21.95,-7.37
538,-96.41,7.79,-8.69,-13.15
539,-16.01,71.5,2.26,-24.19
540,-13.07,14.76,22.48,-3.8
541,-14.84,6.07,0.64,-15.55
542,0.4,42.21,85.19,-10.71
543,-10.96,-46.47,36.43,-15.79
544,-23.29,-39.08,172.14,-20.9
545,-24.54,-0.63,-93.05,-22.73
546,-2.34,35.13,-80.19,-13.34
547,-1.23,44.23,-52.51,-11.75
548,-20.25,-22.76,-15.53,-13.7
549,4.87,93.92,53.87,-10.93
550,-8.58,0.07,44.53,-16.86
551,-26.7,-64.51,-62.22,-29.65
552,32.05,7.61,-13.29,-12.61
553,-35.44,40.32,12.08,-21.46
554,-30.43,-12.96,-2.69,-19.04
555,7.4,73.75,0.14,-19.81
556,59.78,-24.27,78.55,-18.25
557,26.41,67.05,123.72,-12.63
558,-99.11,-9.81,-94.98,-22.08
559,-12.8,40.77,-52.94,-7.26
560,-32.83,28.54,-20.89,-25.36
561,-7.91,-57.51,-10.14,-25.52
562,2.96,-12.69,18.15,-15.17
563,0.52,63.43,17.83,-15.59
564,15.52,21.96,104.71,-20.61
565,10.88,56.6,107.32,-19.44
566,-16.98,-30.24,-136.41,-22.71
567,-1.06,32.87,-45.96,-9.24
568,10.51,20.84,-24.39,-21.56
569,35.89,46.94,-5.83,-15.7
570,-5.57,-27.51,10.88,-13.42
571,-5.65,21.2,-5.58,-20.04
572,-6.18,-8.78,13.48,-20.39
573,1.7,31.46,131.37,-16.2
574,25.13,27.33,-37.77,-20.17
575,8.99,35.38,35.9,-21.18
576,11.36,7.29,-6.74,-21.52
577,10.42,25.25,-66.3,-19.32
578,17.84,80.69,-8.6,-16.51
579,11.03,73.06,31.15,-9.74
580,49.9,-42.36,-23.16,-12.1
581,74.29,28.11,160.88,-8.5
582,-72.98,38.33,-73.59,-25.22
583,-29.81,36.48,-48.38,-26.43
584,0.84,76.19,-17.87,-7.72
585,0.52,-108.35,1.03,-7.23
586,-15.29,107.61,67.29,-13.45
587,-36.76,-62.93,24.2,-12.19
588,-8.32,18.17,69.26,-15.37
589,73.54,-4.26,-73.94,-19.71
590,-91.71,13.28,67.36,-3.69
591,-47.99,32.51,-50.99,-21.07
592,-19.24,70.03,-34.5,-10.65
593,-8.39,65.85,25.83,-14.53
594,-14.13,8.85,-9.6,-13.83
595,-26.26,36.28,14.4,-8.33
596,-1.11,100.54,-5.59,-3.29
597,-29.81,-124.22,-5.16,-20.57
598,-0.03,53.77,29.72,-6.09
599,-23.58,-9.67,1.51,-18.16
600,-17.91,40.99,45.58,-2.35
601,-12.2,8.29,145.55,-23.68
602,-36.16,-35.06,-78.51,-7.79
603,-51.35,-24.88,15.7,-16.03
604,-39.01,5.97,-72.89,-12.69
605,-7.45,34.14,-4.0,-12.45
606,4.4,134.55,59.65,0.59
607,-47.66,-72.1,18.92,-22.42
608,0.28,105.94,-29.14,-7.36
609,-58.97,-81.01,-14.57,-18.24
610,-31.53,-31.2,6.85,-21.93
611,-20.95,48.11,-1.0,-13.9
612,-15.69,6.8,6.8,-17.49
613,-22.03,-43.94,13.72,-10.83
614,-17.67,15.32,47.4,-18.02
615,89.36,21.89,-13.11,-20.33
616,-55.91,42.14,103.55,-11.01
617,-54.51,91.57,70.15,-18.16
618,-65.55,-49.59,-63.89,-18.77
619,-38.96,16.29,-41.51,-9.02
620,-32.95,-12.74,60.31,-15.32
621,-44.49,-34.41,58.03,-18.12
622,-16.2,-26.36,-90.7,-23.46
623,-0.46,16.84,-9.47,-7.3
624,-29.48,-20.25,10.25,-18.72
625,-20.4,68.97,110.62,-15.44
626,-28.25,39.01,22.93,-12.7
627,-35.34,-1.8,39.02,-16.27
628,0.36,64.63,-113.89,-24.92
629,83.09,-52.08,-23.8,-20.84
630,-45.21,-34.97,-6.63,-18.72
631,-68.87,17.71,14.13,-13.85
632,-67.89,-65.74,46.06,-10.02
633,-32.1,84.99,-31.25,-22.05
634,-2.7,4.47,54.44,-15.21
635,-19.17,-25.22,-42.35,-9.6
636,-12.32,31.56,36.29,-17.62
637,10.72,129.44,143.22,-5.67
638,-28.34,-25.55,-71.25,-20.87
639,-33.81,-101.04,-54.71,-26.32
640,-7.55,28.3,101.17,-19.02
641,-20.8,17.34,136.89,-9.8
642,-26.8,-61.84,-147.57,-24.16
643,-19.4,56.41,-41.42,-15.94
644,-5.59,-14.13,24.44,-8.51
645,-6.54,-12.56,7.03,-18.77
646,74.37,47.66,-23.19,-4.38
647,-1.18,14.5,-3.82,-23.14
648,-109.2,92.82,61.98,-13.33
649,-44.19,3.41,56.72,-13.35
650,-39.81,-56.74,50.09,-9.49
651,-9.68,47.24,-60.98,-8.31
652,-14.39,14.81,-11.17,-15.61
653,-9.11,-45.98,1.72,-14.67
654,1.17,-27.84,102.73,-19.17
655,-24.7,68.01,-81.79,-15.57
656,-12.97,25.6,-16.55,-12.01
657,-15.12,-62.3,43.43,-15.38
658,-8.75,-12.7,31.62,-13.34
659,-15.19,114.79,-4.12,-5.11
660,-30.96,-68.54,34.08,-21.15
661,-7.72,-1.78,-62.39,-10.98
662,6.53,15.11,15.09,-11.41
663,47.65,53.28,45.16,-5.88
664,-1.84,58.0,-20.49,-23.18
665,-133.34,-171.86,29.72,-13.12
666,-32.61,48.04,126.09,-14.34
667,-14.28,54.98,10.14,-13.04
668,25.4,273.84,-108.18,0.29
669,-30.77,-173.53,4.01,-14.93
670,-24.19,-8.13,50.29,-17.35
671,-17.5,124.52,-52.45,-13.29
672,-18.59,-114.12,-6.94,-9.99
673,7.85,47.91,58.22,-13.82
674,-31.26,-33.93,4.98,-23.34
675,1.04,16.76,-40.79,-12.75
676,-5.82,78.75,29.03,-10.07
677,14.16,19.94,29.16,-14.0
678,-1.81,-59.24,24.18,-28.77
679,-101.62,7.77,85.7,-24.81
680,-13.24,35.6,-87.79,-9.42
681,-16.63,-39.56,-23.11,-13.64
682,-1.3,100.9,-2.66,-12.7
683,-25.65,-39.38,1.04,-17.72
684,-9.3,92.49,7.13,-13.06
685,-13.39,-64.68,13.46,-7.56
686,-24.51,-9.79,10.22,-23.56
687,-13.49,58.48,3.95,-13.02
688,-8.35,47.78,12.32,-12.03
689,-5.96,84.85,15.52,-15.15
690,34.62,64.74,80.05,-5.81
691,-42.06,-28.71,-38.75,-18.98
692,-44.36,15.15,5.76,-15.16
693,-25.82,-13.89,46.58,-13.61
694,-11.95,43.67,33.26,-5.57
695,-25.93,-35.58,55.36,-20.96
696,55.32,9.84,143.26,-15.37
697,-9.73,-4.7,-177.36,-15.52
698,-79.9,67.22,-40.95,-3.04
699,-24.71,41.66,-1.73,-14.51
700,-22.66,-12.22,44.35,-13.33
701,-20.23,-63.4,8.04,-14.8
702,-16.62,73.66,-6.21,-13.15
703,-22.32,-106.79,0.73,-9.68
704,-5.68,126.75,12.5,-14.43
705,2.34,19.98,7.71,-22.46
706,1.05,-7.8,169.29,-10.72
707,-43.64,29.36,77.05,-23.14
708,-21.35,37.74,-54.64,-9.87
709,-17.41,6.77,-67.26,-18.28
710,-27.35,15.17,37.1,-20.85
711,51.16,132.54,19.35,-4.82
712,37.25,1.82,-75.08,-23.82
713,-97.67,-0.53,-5.45,-23.02
714,-36.67,-21.31,39.27,-19.99
715,-19.26,38.12,23.02,-23.99
716,-14.4,54.42,-6.27,-3.66
717,-20.7,-49.05,6.54,-17.61
718,-8.18,-20.98,2.61,-17.92
719,-12.93,-6.4,25.48,-1.82
720,-5.01,136.28,148.78,-7.96
721,-19.49,-55.0,3.8,-16.65
722,-16.08,32.65,-92.96,-20.0
723,-32.67,11.67,138.7,-11.05
724,-32.88,-0.63,79.36,-14.63
725,-20.63,52.24,-119.08,-6.77
726,-3.04,106.7,-36.32,-11.48
727,-17.46,-64.4,-15.85,-14.88
728,-17.11,-24.14,-2.75,-17.9
729,-22.79,66.33,7.09,-10.58
730,-22.31,-24.54,5.1,-16.61
731,11.21,65.75,17.6,-4.25
732,-23.21,72.01,1.81,-14.26
733,15.65,35.87,5.2,-12.68
734,59.49,-36.19,20.79,-16.39
735,-107.97,-30.02,144.92,-15.92
736,-36.74,-47.8,32.81,-9.0
737,-2.13,40.43,-56.18,-15.18
738,-63.47,4.13,-5.56,-12.75
739,-4.55,133.15,-19.0,-18.0
740,0.64,114.94,-1.65,-7.46
741,-31.43,-122.75,99.99,-14.75
742,-21.81,10.68,-77.45,-10.61
743,-26.84,11.51,-16.61,-20.4
744,12.12,140.6,2.45,-6.44
745,-19.37,4.75,5.89,-16.27
746,-17.83,-73.07,33.44,-20.74
747,-18.44,74.9,-12.72,-7.49
748,-4.77,-2.14,4.78,-12.68
749,-22.0,13.56,4.37,-14.11
750,-17.71,48.18,6.23,-17.89
751,-6.25,44.06,13.05,-3.86
752,-37.78,-72.52,67.87,-25.35
753,-12.92,4.55,23.13,-11.37
754,22.56,0.5,37.73,-13.87
755,77.58,-25.98,-65.49,-12.15
756,-130.02,-28.91,-7.06,-16.23
757,-46.63,101.37,-7.1,-12.5
758,-26.75,44.62,9.63,-12.03
759,-9.54,68.35,65.4,-5.59
760,-20.29,-51.95,27.36,-6.68
761,-6.14,71.7,-39.0,-14.42
762,-44.28,-47.18,12.64,-18.61
763,-9.38,45.87,-15.61,-14.07
764,0.07,-1.01,14.33,-13.94
765,0.3,16.09,10.21,-15.63
766,-4.17,72.93,28.75,-4.64
767,-18.6,12.03,-19.97,-11.34
768,-7.84,-15.54,2.31,-12.75
769,-14.07,-36.32,-0.27,-13.65
770,5.2,35.09,36.36,-15.63
771,4.01,1.59,19.37,-15.34
772,-14.09,49.72,103.14,-7.67
773,-57.93,-66.75,65.04,-27.75
774,-32.06,23.57,-123.41,-16.43
775,-0.53,100.96,-39.89,-14.74
776,-24.2,14.42,-2.01,-15.57
777,65.3,-7.98,-7.61,-17.05
778,-3.75,18.95,87.35,-15.15
779,-100.56,49.19,50.08,-14.68
780,-17.91,48.83,-85.51,-10.6
781,-38.39,-77.43,-10.73,-20.85
782,-7.69,40.57,122.81,-27.8
783,-8.82,12.2,-1.05,-13.8
784,-3.43,57.58,-89.72,-14.39
785,-13.88,6.66,-19.66,-15.66
786,-24.35,-3.45,15.46,-23.17
787,-3.02,60.54,4.71,-14.58
788,-0.07,81.66,1.14,-13.88
789,7.93,63.64,-1.29,-12.38
790,-49.07,-52.64,12.1,-28.03
791,-23.02,-10.29,2.04,-15.13
792,24.17,-5.87,7.65,-13.73
793,63.87,18.44,7.67,-13.62
794,-117.36,65.31,63.21,-5.3
795,-58.99,-21.39,126.19,-21.71
796,-27.22,46.66,67.95,-25.51
797,-28.59,33.06,-113.73,-6.46
798,-31.98,42.14,13.79,-12.5
799,1.57,18.48,-13.47,-20.09
800,-4.52,0.83,-60.22,-12.85
801,-1.63,38.04,-15.38,-17.29
802,13.53,23.33,28.09,-12.2
803,-30.13,-60.75,2.82,-23.24
804,-43.86,55.14,16.82,-17.86
805,-6.61,39.6,8.21,-8.79
806,-16.54,23.02,9.73,-17.72
807,-17.03,28.13,39.93,-11.84
808,-1.6,68.37,67.76,-7.79
809,119.49,142.46,58.86,-6.85
810,-79.65,-110.59,-25.4,-30.74
811,-91.47,57.57,16.9,-13.03
812,-49.1,-16.69,-7.05,-17.4
813,-26.97,62.41,-90.73,-9.23
814,-12.68,11.46,-19.99,-10.46
815,-23.94,33.07,0.73,-13.27
816,-24.96,-29.03,6.89,-14.79
817,19.1,63.08,79.29,-8.41
818,20.65,16.54,25.24,-25.05
819,-27.17,49.26,-16.71,-11.21
820,-22.98,-20.42,90.05,-21.02
821,-20.97,-14.11,-99.84,-29.22
822,-11.91,66.99,76.81,-1.42
823,-28.27,-5.59,0.61,-12.91
824,-20.11,6.17,-3.89,-19.44
825,66.85,24.63,-37.49,-13.54
826,-22.0,104.09,21.91,-19.16
827,-61.41,-5.09,6.86,-14.27
828,-29.49,93.58,-23.0,-12.34
829,-44.62,-76.28,-4.97,-22.45
830,-15.48,55.44,15.66,-3.65
831,2.39,121.7,12.21,-13.46
832,26.12,156.6,10.15,-3.03
833,-40.85,-142.83,8.68,-30.58
834,-30.27,-34.91,5.96,-17.46
835,-13.87,33.25,45.81,-14.45
836,-17.32,53.12,-23.21,-17.12
837,-10.12,53.89,53.37,-19.13
838,-16.42,16.71,66.44,-16.59
839,-27.66,-52.56,13.43,-17.47
840,-18.62,30.59,62.9,-20.05
841,-13.53,49.49,-82.89,-13.67
842,90.27,22.59,-49.06,-11.9
843,-87.02,42.19,-30.21,-15.4
844,-49.42,18.97,-4.11,-11.02
845,-24.34,76.91,-3.12,-10.85
846,-25.32,-18.49,11.41,-6.63
847,-6.9,57.24,10.35,-6.96
848,-42.21,-81.21,9.73,-12.53
849,-2.09,56.25,-1.01,-12.62
850,-6.24,71.05,71.11,-13.56
851,-36.98,-24.63,0.45,-15.37
852,-14.45,53.33,71.01,-13.66
853,-23.35,18.19,-70.84,-16.8
854,-13.98,62.06,-30.48,-9.37
855,-5.32,62.45,15.81,-11.29
856,-11.24,-66.08,172.2,-17.31
857,-29.09,-13.14,-95.25,-17.49
858,-20.03,9.81,-45.8,-14.09
859,77.83,11.6,42.79,-18.16
860,-63.91,20.49,-42.11,-5.71
861,-66.43,53.36,-16.35,-14.4
862,-25.54,-3.29,-3.72,-12.24
863,-24.39,60.95,0.96,-19.31
864,-16.37,171.29,36.42,-14.12
865,-21.72,-59.7,66.44,-22.72
866,-19.18,10.3,-50.81,-7.08
867,12.84,66.99,43.77,-10.92
868,8.37,-37.98,20.84,-10.26
869,-56.01,53.96,-44.18,-19.3
870,-20.04,47.52,-4.7,-11.58
871,-11.28,5.89,23.56,-12.75
872,-26.27,-14.93,24.11,-22.05
873,-10.59,53.95,-22.44,-11.83
874,-9.54,63.64,-0.97,-6.98
875,-22.09,29.19,74.69,-17.45
876,-21.44,-64.76,-41.46,-19.07
877,-1.15,72.82,62.42,-5.77
878,-27.0,21.76,44.04,-10.71
879,38.26,-14.79,-18.07,-13.65
880,37.82,56.44,-56.88,-13.52
881,-99.76,5.3,46.29,-8.26
882,-20.69,101.16,28.11,-0.65
883,-26.15,29.86,-32.35,-19.14
884,-25.79,-41.93,2.15,-18.43
885,-14.56,-7.74,-20.71,-14.29
886,7.46,35.29,5.49,-21.65
887,-31.86,45.51,-2.36,-7.51
888,-22.79,-0.64,8.36,-15.01
889,-14.45,11.75,22.08,-14.6
890,-5.24,73.93,-1.41,-12.72
891,-2.61,80.28,21.61,-10.48
892,-16.33,-38.71,30.84,-16.37
893,-18.38,20.61,10.43,-13.51
894,-9.44,29.98,-18.74,-19.87
895,-5.31,65.36,17.73,-13.77
896,-12.84,8.6,3.43,-10.11
897,-14.39,17.66,-13.3,-12.36
898,-22.13,-18.25,163.59,-8.15
899,-23.61,-2.43,21.79,-24.2
900,94.63,47.75,-47.57,-6.7
901,-8.4,-13.16,-84.87,-16.94
902,-114.0,92.87,-16.65,-7.69
903,-53.58,55.98,3.18,-10.19
904,-11.67,-37.46,3.13,-15.58
905,-5.73,12.27,29.07,-19.01
906,1.7,25.49,0.97,-12.16
907,10.94,88.68,42.13,-12.32
908,79.17,61.52,13.55,-13.03
909,-67.91,-0.01,-14.8,-15.89
910,-75.94,-22.15,62.94,-19.66
911,-22.4,31.5,40.35,-7.95
912,-5.84,59.37,-34.14,-9.02
913,-3.93,47.41,66.11,-9.78
914,-19.4,-15.2,-53.6,-15.98
915,-13.6,15.24,119.57,-13.84
916,-5.18,66.51,-75.92,-12.31
917,-7.4,27.98,-40.46,-10.96
918,22.93,40.24,-1.96,-12.34
919,-27.62,38.68,-0.56,-17.06
920,-38.95,-80.41,8.04,-14.62
921,-20.61,20.38,43.36,-18.38
922,-18.91,5.59,19.51,-14.16
923,9.67,105.1,-16.97,-19.89
924,-21.73,-28.51,15.7,-18.02
925,-1.72,-19.85,12.64,-16.29
926,-28.91,97.3,21.0,-17.61
927,-29.9,74.66,67.11,-11.79
928,4.8,45.71,-5.32,-6.25
929,6.94,-5.81,46.05,-10.51
930,-20.06,38.48,18.09,-6.26
931,24.07,-20.47,-40.78,-25.38
932,43.64,40.64,-17.73,-13.21
933,-96.39,13.62,3.14,-14.54
934,-42.23,-13.16,7.23,-14.04
935,-22.89,49.22,7.04,-16.23
936,-20.02,51.63,64.1,-13.29
937,-12.24,0.93,-17.66,-8.38
938,-6.59,-34.66,-6.34,-15.6
939,-3.76,41.74,5.85,-17.02
940,-9.56,51.17,8.05,-14.81
941,-12.41,16.55,65.8,-13.8
942,-21.02,34.58,114.03,-12.33
943,-13.84,-31.62,-30.85,-21.74
944,-18.62,7.87,-7.42,-20.9
945,20.28,52.06,-50.91,0.12
946,20.04,9.27,61.37,-12.97
947,35.63,24.74,85.03,-22.01
948,-123.39,39.75,-105.79,-7.09
949,-49.42,17.56,-0.02,-15.95
950,-35.24,27.55,-9.73,-14.52
951,-11.22,-13.35,13.69,-19.34
952,-15.78,14.69,-1.7,-14.04
953,-12.58,30.01,8.63,-12.18
954,-10.96,36.58,3.08,-12.75
955,-20.97,-31.08,8.2,-11.85
956,-18.04,62.78,70.21,-10.65
957,-10.92,20.31,13.07,-24.9
958,2.78,37.0,-4.75,-11.02
959,-25.19,-10.65,-16.75,-20.57
960,-22.57,-6.29,-1.14,-19.89
961,-10.22,17.07,163.45,-7.19
962,-18.67,-7.58,26.28,-14.84
963,-13.59,-0.53,-100.48,-23.89
964,6.63,54.58,-49.95,-10.45
965,-8.87,72.15,-13.05,-18.35
966,16.96,-73.75,17.74,-19.18
967,-34.34,84.11,14.08,-17.29
968,-9.44,81.18,41.02,-2.95
969,-16.96,21.95,5.07,-19.34
970,-15.45,-1.58,-15.64,-17.69
971,-13.28,64.63,-2.43,-9.4
972,25.09,-13.36,9.01,-19.31
973,34.16,25.14,57.97,-11.23
974,-101.63,22.55,-34.32,-18.64
975,-25.0,-42.44,41.41,-10.62
976,-46.84,83.52,24.31,-18.64
977,-17.66,-18.29,-30.64,-19.22
978,-10.91,23.73,64.28,-23.47
979,-6.59,52.28,3.37,-12.05
980,-19.31,13.04,-59.55,-15.17
981,-2.56,52.99,-1.29,-0.12
982,-11.19,21.52,79.37,-26.61
983,5.2,-15.45,-9.64,-22.92
984,-38.07,0.1,-33.77,-17.88
985,-36.39,60.39,-6.83,-14.97
986,-14.95,5.72,0.36,-8.97
987,-18.11,29.75,4.69,-18.44
988,-6.73,72.34,38.15,-19.04
989,-11.8,-6.79,19.87,-18.76
990,-9.59,3.86,26.79,-18.55
991,32.74,-11.85,-28.49,-15.09
992,46.77,49.66,-6.93,-18.02
993,-97.77,110.22,-0.48,-3.83
994,-47.89,-72.45,81.81,-17.14
995,-29.43,22.16,156.68,-24.13
996,-12.0,43.15,-132.35,-20.12
997,-2.52,56.18,-50.3,-8.65
998,6.29,33.86,-18.49,-14.3
999,1.18,-5.64,-4.9,-19.26
1000,-40.05,39.63,7.2,-16.84
1001,-18.55,27.32,53.75,-8.9
1002,-18.43,37.0,104.25,-14.13
1003,-41.97,-38.37,-96.29,-19.85
1004,2.85,122.21,-8.04,-6.59
1005,-1.94,-59.8,36.79,-16.96
1006,81.68,-20.57,31.13,-14.82
1007,-60.54,51.86,-15.54,-18.25
1008,-50.16,24.4,41.83,-6.44
1009,-28.96,38.45,-46.51,-13.49
1010,-32.76,1.88,-15.81,-18.68
1011,-7.42,20.76,26.62,-17.66
1012,-8.64,-17.74,-3.64,-14.04
1013,23.99,102.39,1.87,-7.88
1014,-18.64,-37.14,53.93,-19.51
1015,-49.86,5.47,79.86,-8.15
1016,-35.08,-2.41,-56.1,-13.01
1017,-22.88,34.37,-20.14,-15.47
1018,14.69,134.1,38.35,-8.04
1019,-23.45,-67.22,75.39,-8.61
1020,-21.56,10.03,-75.05,-8.45
1021,-19.81,-23.04,47.95,-17.53
1022,-8.35,22.86,-46.66,-20.3
1023,1.54,18.71,42.19,-6.16
1024,-14.97,25.11,-32.41,-16.73
1025,-28.08,24.42,11.5,-6.29
1026,18.68,71.55,102.23,-11.17
1027,82.29,13.48,-27.33,-14.3
1028,-88.0,-47.39,13.65,-24.45
1029,-46.03,-32.61,-22.03,-14.13
1030,-0.36,51.27,26.16,-15.35
1031,-35.55,144.56,-39.3,-9.61
1032,-30.42,-0.93,-5.15,-10.2
1033,-18.15,-11.73,2.49,-10.58
1034,-18.29,-19.62,33.34,-15.0
1035,-13.27,-28.73,38.0,-15.15
1036,-25.7,-9.29,-31.87,-6.8
1037,-15.12,40.05,3.6,-10.3
1038,1.31,14.21,11.49,-8.71
1039,-18.12,16.82,53.2,-14.74
1040,-7.24,87.3,-29.42,-5.81
1041,-18.5,-35.12,102.74,-8.97
1042,-11.02,-24.01,38.34,-14.92
1043,-30.41,93.7,-78.15,-1.57
1044,-24.37,-7.99,-17.44,-17.93
1045,11.33,-8.73,-10.32,-18.22
1046,-2.45,70.93,3.47,-11.84
1047,7.51,74.01,60.1,1.42
1048,-14.9,25.42,-13.49,-13.43
1049,-7.27,-19.07,-18.62,-12.68
1050,-46.33,-63.02,2.6,-10.56
1051,-30.35,-0.17,48.16,-16.37
1052,-20.67,27.19,30.21,-10.0
1053,-8.4,49.61,35.7,-6.48
1054,-8.65,22.92,9.3,-9.65
1055,-23.19,-2.68,-67.17,-12.48
1056,-19.85,19.36,-4.6,-17.57
1057,9.85,-2.05,-3.31,-19.21
1058,71.24,18.68,41.82,-9.83
1059,-94.67,22.6,31.24,-3.24
1060,-45.95,138.85,-37.37,-12.87
1061,-26.71,-56.03,14.31,-14.68
1062,-14.53,28.06,-0.23,-13.2
1063,-9.99,-3.73,4.2,-10.34
1064,-16.28,14.76,46.25,-13.17
1065,-31.68,-33.02,143.43,-17.41
1066,-6.5,4.91,30.06,-16.42
1067,17.18,64.67,-118.89,0.25
1068,-34.3,58.71,40.94,-19.8
1069,-31.53,5.91,3.38,-12.18
1070,-26.87,30.21,-61.48,-14.82
1071,-27.15,-28.77,-9.05,-14.62
1072,-10.93,5.1,-4.69,-8.04
1073,-19.62,32.28,15.4,-15.25
1074,19.6,110.14,6.34,-3.9
1075,-30.55,4.1,5.45,-10.21
1076,69.69,45.59,41.96,-12.09
1077,-66.08,19.63,41.44,-3.86
1078,-60.82,-21.65,-32.05,-19.69
1079,-39.22,11.46,69.4,-15.64
1080,-35.16,-22.1,-6.22,-14.5
1081,-21.1,46.49,11.6,-16.08
1082,-12.44,55.52,3.13,-8.82
1083,-21.45,-29.17,73.34,-21.44
1084,-24.28,25.54,33.03,-18.03
1085,-14.08,27.9,-51.57,-5.06
1086,15.01,61.91,-58.13,-11.79
1087,9.49,41.96,-6.93,-10.72
1088,-35.54,32.2,1.74,-11.31
1089,-38.7,3.7,1.38,-18.29
1090,-33.11,4.34,11.64,-10.53
1091,-4.23,-9.13,0.47,-16.92
1092,-12.79,9.06,19.36,-14.73
1093,-6.73,43.94,81.65,-3.56
1094,-14.02,55.17,-35.94,-14.9
1095,-2.56,28.2,5.12,-9.64
1096,-1.42,-52.92,-11.41,-12.71
1097,-0.14,35.59,2.91,-17.3
1098,72.0,7.49,25.18,-19.07
1099,-79.25,46.74,93.66,-13.64
1100,-52.21,39.14,27.47,-15.12
1101,-34.83,-56.61,-75.0,-14.46
1102,-8.51,111.6,-2.73,-12.77
1103,-15.82,-24.89,0.24,-10.91
1104,-8.69,-28.93,3.21,-8.3
1105,-3.48,27.3,2.6,-19.5
1106,-10.29,10.83,5.82,-12.12
1107,-33.88,42.17,11.73,-12.19
1108,-21.02,28.79,100.38,-7.46
1109,-10.62,81.35,93.8,-8.01
1110,-33.08,-38.27,13.07,-10.94
1111,-33.39,26.89,-88.5,-21.96
1112,-13.7,4.05,-38.75,-7.55
1113,-14.54,-21.1,-3.09,-16.34
1114,9.71,30.29,70.84,-10.85
1115,-2.39,34.18,43.98,-9.87
1116,-16.87,34.62,-60.9,-11.52
1117,-19.2,19.13,-27.59,-6.1
1118,-20.65,-42.12,-8.16,-15.12
1119,-13.55,-14.84,0.5,-17.34
1120,1.02,51.95,20.18,-13.73
1121,-11.46,56.8,46.83,-10.64
1122,15.96,147.3,-27.12,-9.05
1123,-45.58,-47.29,8.92,-13.37
1124,-39.1,-73.93,15.5,-18.16
1125,-29.32,18.64,49.18,-10.82
1126,-21.35,32.45,-19.24,-15.81
1127,-18.84,75.22,66.08,-7.67
1128,83.5,-17.06,-12.4,-9.32
1129,-34.44,-1.49,-43.06,-16.81
1130,-64.0,32.12,5.46,-9.76
1131,-29.33,14.54,48.17,-13.75
1132,-14.61,48.42,-14.73,-16.4
1133,-8.34,50.03,55.35,-7.59
1134,-9.16,70.71,135.01,-20.54
1135,-18.99,-63.1,-132.92,-12.08
1136,-6.15,0.81,-15.14,-14.75
1137,-16.31,3.74,-6.78,-12.84
1138,-3.92,41.38,-1.68,-14.35
1139,-18.9,-22.79,1.99,-16.82
1140,5.12,-7.39,30.04,-8.49
1141,14.82,16.27,34.93,-16.08
1142,-22.6,12.32,37.75,-18.28
1143,-34.29,52.95,-45.51,-13.28
1144,-31.69,34.07,18.53,-9.5
1145,58.3,2.55,-1.5,-16.08
1146,15.34,-6.11,-1.61,-11.85
1147,-130.6,51.78,49.4,-2.98
1148,-13.58,20.87,-31.4,-20.14
1149,15.03,81.19,19.24,-12.49
1150,-13.85,-62.95,50.37,-17.78
1151,18.59,160.07,-4.08,-8.13
1152,-4.96,63.66,-7.67,-9.32
1153,-31.99,-176.69,18.22,-28.61
1154,-12.43,-29.89,26.1,-20.87
1155,-6.38,120.37,40.37,-14.44
1156,-14.24,-22.33,7.78,-4.82
1157,-7.98,25.91,-58.99,-10.85
1158,-8.66,45.82,34.41,-13.38
1159,-13.32,41.9,76.69,-11.41
1160,16.8,76.63,-69.28,-14.97
1161,-2.06,-9.36,-19.8,-18.07
1162,-43.44,-17.29,16.37,-17.65
1163,-31.68,20.76,9.89,-11.2
1164,-15.38,68.2,18.53,-13.26
1165,-34.09,7.53,-16.43,-15.07
1166,-32.97,60.53,2.66,-11.99
1167,7.77,28.2,4.47,-15.6
1168,-8.1,-10.83,9.07,-15.37
1169,-23.72,3.04,52.67,-8.2
1170,-20.35,1.28,-26.69,-22.73
1171,-9.02,39.12,3.59,-21.01
1172,-11.23,32.01,144.23,-8.01
1173,-9.36,47.02,-66.29,-12.61
1174,4.4,115.77,41.11,-5.24
1175,-33.71,-53.32,4.83,-16.95
1176,65.9,-34.02,-60.33,-14.4
1177,-5.77,79.36,-13.57,-13.41
1178,-85.9,110.34,22.13,-12.35
1179,-1.13,-93.24,193.42,-6.6
1180,-35.94,34.17,-125.69,-21.24
1181,-28.74,34.4,-26.89,-7.8
1182,-31.31,16.91,-6.6,-15.23
1183,-24.28,0.64,0.37,-16.32
1184,1.31,52.75,7.36,-11.96
1185,3.18,86.78,6.25,-10.59
1186,-14.7,-49.39,40.05,-11.59
1187,-23.27,-13.13,15.6,-22.44
1188,-26.08,-20.42,39.97,-19.34
1189,11.06,26.31,-33.92,-12.91
1190,-29.52,92.41,5.69,-19.8
1191,-0.02,-19.96,32.72,-22.0
1192,2.83,55.19,98.71,-17.33
1193,5.9,55.79,-97.03,-6.76
1194,-12.86,-52.98,-26.55,-23.27
1195,12.73,25.83,-11.16,-20.61
1196,76.08,35.08,11.92,-15.2
1197,-75.78,90.66,0.58,-13.9
1198,-83.21,8.92,2.2,-19.23
1199,-28.45,-1.78,7.03,-19.72
1200,-24.25,17.71,10.8,-15.75
1201,-21.03,-15.37,41.38,-19.69
1202,-10.09,37.68,16.4,-11.71
1203,-5.38,32.05,-20.82,-4.97
1204,-41.62,-50.78,-3.41,-23.41
1205,0.57,22.89,2.53,-17.5
1206,-3.78,7.62,97.52,-13.57
1207,-0.58,28.44,122.96,-11.22
1208,-7.54,110.02,65.15,-20.63
1209,-35.68,-64.16,-171.99,-13.42
1210,5.43,63.92,-35.64,-10.06
1211,-29.82,-18.21,-21.37,-23.15
1212,-9.42,8.51,1.26,-14.82
1213,-10.87,60.6,41.31,-14.78
1214,8.02,70.58,13.24,-12.7
1215,-13.12,-18.96,-28.18,-22.89
1216,-34.88,71.91,6.25,-8.41
1217,-35.54,42.72,4.04,-18.62
1218,69.07,-64.41,35.05,-21.19
1219,-85.04,23.91,20.93,-17.58
1220,-52.36,65.34,51.92,-10.48
1221,-31.66,-22.36,-48.25,-15.64
1222,-4.27,34.35,-2.44,-16.27
1223,-33.82,-18.38,30.8,-26.06
1224,-20.43,-3.58,102.87,-12.51
1225,-4.62,-6.69,-8.94,-17.66
1226,5.96,121.07,-2.69,-16.93
1227,-9.71,-8.68,-46.58,-16.73
1228,-14.52,22.48,-10.39,-24.26
1229,-8.4,86.64,7.04,-13.35
1230,-31.52,-72.95,141.91,-19.14
1231,19.07,58.61,-44.92,-23.49
1232,-20.65,65.6,-30.43,-14.66
1233,-12.98,-7.27,8.04,-17.15
1234,3.11,29.65,-16.49,-18.82
1235,-41.41,-52.51,4.94,-18.25
1236,-23.22,79.31,19.94,-14.56
1237,-23.48,1.94,126.28,-19.26
1238,-13.24,-0.24,-56.32,-14.69
1239,-0.16,145.87,-21.75,-15.26
1240,67.68,-22.98,49.8,-19.41
1241,-48.36,-22.91,-25.52,-20.2
1242,-73.17,6.6,-20.57,-18.98
1243,-10.9,106.9,2.51,-12.75
1244,-34.36,-102.43,44.79,-19.45
1245,-15.35,31.92,16.22,-17.93
1246,-21.12,14.84,-27.68,-14.9
1247,-16.43,95.09,29.33,-3.5
1248,10.46,-4.57,51.57,-28.16
1249,10.72,170.26,-11.75,-9.77
1250,-44.47,-114.57,-23.09,-19.62
1251,-15.03,-26.41,-10.37,-22.73
1252,23.76,-10.54,6.32,-13.44
1253,-32.8,9.66,7.93,-6.95
1254,-32.02,38.95,19.44,-16.81
1255,-23.68,18.51,13.81,-21.37
1256,-14.51,27.8,88.42,-14.65
1257,6.01,69.26,47.59,-6.41
1258,-32.88,-61.79,-42.1,-23.41
1259,-14.44,70.79,-44.11,-16.31
1260,-15.66,23.35,-14.53,-13.14
1261,-17.2,-46.4,43.49,-12.14
1262,-7.83,73.77,163.97,0.65
1263,-27.6,-17.58,-101.27,-32.26
1264,-16.11,-0.69,-51.42,-19.31
1265,-4.96,66.49,-7.8,-9.66
1266,-3.79,73.69,23.7,-6.03
1267,-25.11,-45.06,41.14,-25.95
1268,-32.62,24.4,-44.08,-16.76
1269,5.56,0.87,0.62,-20.42
1270,26.49,116.24,2.68,-9.88
1271,-61.86,-68.88,0.13,-15.29
1272,-39.37,7.42,6.54,-15.23
1273,-17.22,7.48,107.28,-12.68
1274,-12.03,5.55,-2.84,-28.57
1275,-4.87,45.59,5.66,-12.15
1276,-12.57,44.98,-29.39,-17.81
1277,-4.03,73.35,-21.9,-14.23
1278,-9.31,39.3,6.29,-20.15
1279,105.47,58.74,-0.62,-9.49
1280,-69.76,-19.78,20.74,-19.43
1281,-82.98,-18.87,17.75,-21.82
1282,-33.78,20.9,-6.01,-13.48
1283,-21.67,16.96,6.94,-16.1
1284,-12.91,43.44,10.05,-15.95
1285,4.68,97.4,74.62,-1.0
1286,-18.95,-73.99,140.47,-16.84
1287,-8.22,126.34,-65.93,-32.36
1288,-20.58,-34.38,-53.46,-8.16
1289,-39.98,31.25,-17.22,-20.67
1290,-18.75,6.76,-3.51,-14.18
1291,-20.56,-11.95,21.42,-15.12
1292,-20.95,56.15,134.66,-16.25
1293,-18.7,5.62,-23.88,-15.73
1294,-11.05,54.36,-63.93,-15.68
1295,-20.29,-91.68,-16.99,-16.08
1296,-19.38,52.04,25.94,-18.33
1297,-18.57,18.47,12.78,-7.49
1298,-16.9,26.33,-21.37,-14.51
1299,-23.57,39.68,-5.55,-18.23
1300,89.43,17.88,15.39,-14.88
1301,-59.12,66.62,12.65,-14.56
1302,-68.7,-17.07,2.88,-19.31
1303,-18.08,5.58,-1.62,-16.07
1304,-44.09,-21.09,5.65,-14.93
1305,-23.83,63.98,31.38,-18.28
1306,-13.0,34.09,78.97,-8.01
1307,-14.17,33.32,111.74,-19.51
1308,-8.99,47.3,64.1,-12.98
1309,-17.43,38.76,-163.74,-22.14
1310,-34.55,-54.32,-4.41,-22.19
1311,-23.83,-32.05,-26.17,-15.51
1312,-4.59,-8.88,15.23,-11.49
1313,-9.03,46.29,-25.99,-23.43
1314,-10.5,53.23,11.45,-15.96
1315,-14.13,-19.79,37.95,-23.41
1316,6.04,41.84,19.25,-8.53
1317,78.52,34.5,-10.28,-24.31
1318,-80.8,66.85,-2.45,-16.26
1319,-51.3,24.14,2.77,-15.26
1320,-21.2,-0.65,7.2,-13.24
1321,-55.97,-65.74,39.99,-21.59
1322,-21.48,50.64,-10.03,-14.94
1323,-14.01,46.74,-1.27,-9.62
1324,-7.87,53.2,101.57,-5.28
1325,-25.0,-5.31,-8.23,-15.26
1326,-21.01,-24.32,-39.02,-13.71
1327,-8.24,37.05,-10.6,-11.81
1328,-7.18,60.06,66.55,-12.55
1329,-11.91,12.93,24.31,-21.89
1330,-8.45,68.37,12.75,-6.74
1331,11.63,80.72,-46.21,-13.41
1332,-21.9,-17.88,-3.73,-3.7
1333,-32.84,-30.32,-2.08,-27.23
1334,-18.13,25.35,30.37,-23.41
1335,40.45,71.5,-3.78,-14.4
1336,61.57,14.17,1.67,-12.17
1337,-124.17,-52.45,7.29,-16.63
1338,-25.49,58.11,16.35,-14.38
1339,-22.39,6.71,38.96,-7.41
1340,-45.82,15.22,136.79,-9.07
1341,-10.98,251.15,-24.29,-11.13
1342,-23.49,-89.65,32.63,-21.83
1343,3.56,40.59,-55.48,-3.58
1344,-16.84,-49.53,14.99,-21.85
1345,-17.18,12.74,-35.78,-9.69
1346,-8.05,-10.11,-5.1,-0.96
1347,-14.99,50.1,-7.83,-12.83
1348,-15.92,-19.39,-5.94,-18.25
1349,-17.62,55.74,0.07,-11.43
1350,-5.65,55.87,5.86,-15.0
1351,-10.68,-16.23,19.94,-14.87
1352,-1.95,61.25,51.5,-11.45
1353,87.52,62.0,-25.04,-9.46
1354,-28.07,-41.31,-3.12,-17.38
1355,-127.07,62.81,111.74,-6.17
1356,-41.5,-66.39,-6.32,-23.73
1357,-16.66,-6.25,-59.16,-9.42
1358,-12.14,139.58,-7.29,-13.85
1359,-17.92,-51.96,151.92,-9.18
1360,-6.53,-0.29,-54.53,-16.47
1361,0.88,57.1,65.75,4.83
1362,-8.61,36.17,-27.29,-22.6
1363,-0.96,-31.34,-61.11,-14.39
1364,-35.47,-33.06,-15.3,-21.15
1365,-11.0,22.6,-5.17,-15.57
1366,-6.27,61.87,4.35,-13.13
1367,-14.61,27.34,5.01,-8.9
1368,-15.25,-2.73,7.8,-9.66
1369,-10.92,-4.56,10.57,-12.77
1370,5.28,12.25,3.04,-16.61
1371,-15.64,26.28,13.33,-9.35
1372,2.2,114.5,102.02,-9.55
1373,30.51,-84.59,56.16,-21.83
1374,-10.12,-10.64,-65.42,-24.14
1375,-75.25,30.02,-53.55,-7.71
1376,-9.26,160.31,-7.83,-3.3
1377,-21.78,-22.39,3.33,-27.59
1378,-25.66,-52.93,42.06,-22.29
1379,-20.77,6.65,97.49,-10.08
1380,-7.68,-10.06,50.74,-15.33
1381,4.19,49.83,-114.95,-16.6
1382,-15.96,-26.27,-14.66,-9.96
1383,6.31,68.77,-2.44,-14.08
1384,115.37,47.31,24.79,-8.51
1385,-129.5,-24.09,0.16,-23.86
1386,-59.21,-38.46,6.5,-14.31
1387,-22.08,154.12,17.46,-14.37
1388,-17.36,13.14,91.96,-20.66
1389,-17.89,-32.79,-49.34,-19.83
1390,-15.35,1.46,13.2,-16.6
1391,7.72,8.51,-23.77,-14.83
1392,0.52,100.39,47.75,-7.31
1393,-13.4,-39.45,5.84,-20.31
1394,-12.49,-5.4,-30.29,-18.04
1395,-5.12,24.34,-0.39,-16.61
1396,-16.41,6.91,17.25,-18.82
1397,-12.04,67.95,94.41,-7.11
1398,-5.82,52.62,-41.15,-14.29
1399,-22.5,-42.52,-16.69,-20.68
1400,-13.24,11.81,-16.19,-17.46
1401,10.27,66.8,-0.01,-14.44
1402,-34.22,41.38,31.84,-18.21
1403,-27.68,11.1,-10.42,-16.75
1404,-11.89,41.88,10.83,-14.76
1405,-14.72,18.64,43.6,-15.27
1406,-25.03,14.06,-14.56,-21.63
1407,83.73,1.95,-33.26,-17.9
1408,-67.04,24.79,-4.85,-16.98
1409,-53.01,77.61,64.37,-10.18
1410,-14.26,-3.98,171.13,-16.77
1411,-23.38,41.94,-55.78,-23.57
1412,-20.81,58.5,-9.13,-22.77
1413,-22.08,18.56,-99.82,-7.98
1414,-19.66,-16.71,-27.84,-22.54
1415,-4.29,58.55,1.31,-14.03
1416,-20.74,-14.81,-2.05,-15.63
1417,20.25,1.48,6.69,-19.05
1418,-24.19,32.03,-0.27,-10.44
1419,-25.39,7.08,1.2,-15.87
1420,-16.81,72.48,4.28,-13.75
1421,8.29,-7.17,3.48,-18.87
1422,76.44,36.35,23.14,-17.94
1423,-94.37,43.14,50.2,-10.23
1424,-35.4,21.06,15.79,-12.15
1425,-21.57,28.09,-42.63,-18.77
1426,-13.8,19.37,-5.54,-19.71
1427,-15.5,39.22,56.82,-12.7
1428,-10.12,16.97,25.7,-22.98
1429,33.71,111.16,-49.1,-4.62
1430,-41.9,-44.14,3.28,-25.29
1431,-32.93,-55.31,-4.52,-15.51
1432,-17.68,70.24,35.06,-11.13
1433,23.04,164.58,99.17,-8.26
1434,62.48,-107.97,105.68,-4.97
1435,-123.73,-12.3,-150.34,-24.53
1436,-39.44,79.31,-32.08,-15.87
1437,-13.12,37.38,5.36,-13.87
1438,-26.08,-49.87,84.0,-13.57
1439,-24.49,-15.51,-48.0,-16.85
1440,13.06,3.84,-27.09,-10.24
1441,-12.8,68.16,16.88,-14.76
1442,-31.2,22.6,-3.02,-13.14
1443,-6.5,28.05,-4.06,-13.95
1444,-14.35,49.98,90.02,-16.81
1445,-5.99,11.47,44.8,-21.32
1446,15.17,86.28,-78.34,-0.93
1447,30.19,-10.08,-10.72,-9.34
1448,-21.17,21.96,0.54,-15.16
1449,-96.02,83.95,28.78,-12.67
1450,-41.4,-39.31,1.4,-17.15
1451,-28.95,-56.58,-4.14,-9.42
1452,-12.03,-45.93,11.06,-24.54
1453,-13.87,-3.48,-3.22,-12.16
1454,-16.64,36.2,0.05,-17.42
1455,14.79,79.61,29.35,-7.11
1456,-11.46,-75.2,58.8,-10.23
1457,-1.53,83.83,42.33,-17.11
1458,-38.23,91.89,113.23,-13.89
1459,-30.18,-17.79,-90.32,-18.15
1460,-17.28,24.75,-70.42,-14.98
1461,-12.35,45.01,-21.14,-16.89
1462,0.45,59.77,4.11,-15.36
1463,-26.09,-53.77,19.65,-19.4
1464,53.18,34.56,45.74,-9.0
1465,-21.78,61.67,-33.08,-8.01
1466,-73.86,-81.2,-12.7,-15.45
1467,-21.21,75.39,-1.3,-13.46
1468,-25.04,-9.13,5.69,-10.21
1469,-22.69,-51.87,1.88,-19.75
1470,6.27,55.2,13.83,-9.19
1471,-3.9,22.97,119.33,-11.72
1472,-15.64,-36.83,-46.77,-2.47
1473,-39.23,22.9,-18.01,-17.87
1474,-5.97,95.39,-11.5,-15.94
1475,-18.32,-2.12,6.25,-16.0
1476,-13.4,2.09,9.22,-12.68
1477,-7.42,35.55,8.98,-14.58
1478,70.67,50.73,107.71,-18.43
1479,-37.42,-6.16,50.45,-17.05
1480,-91.01,14.31,-82.34,-15.8
1481,-31.99,46.23,-23.57,-12.55
1482,-10.63,66.89,-3.75,-12.63
1483,-9.61,16.21,-0.36,-17.53
1484,12.37,42.08,5.99,-13.1
1485,16.73,66.53,16.22,-8.5
1486,-55.94,-53.33,40.36,-15.25
1487,-31.33,-47.7,111.42,-27.05
1488,-17.66,22.63,57.69,-13.97
1489,-25.07,25.4,-122.64,-14.76
1490,-8.46,28.16,-2.95,-13.22
1491,12.21,20.94,20.48,-4.54
1492,-35.31,-30.95,-42.27,-15.1
1493,-17.24,-5.75,-3.08,-9.39
1494,-12.01,49.76,9.01,-10.35
1495,-12.24,90.83,69.25,-13.35
1496,24.0,24.03,-20.76,-13.08
1497,56.04,79.6,29.11,-3.59
1498,-103.87,-23.1,0.46,-14.78
1499,-22.01,-6.49,-29.09,-11.35
1500,-11.23,25.0,-0.33,-9.45
1501,-31.02,44.18,-0.43,-11.25
1502,-23.76,10.71,2.99,-8.75
1503,5.11,136.71,17.4,-5.62
1504,-31.81,-98.56,67.81,-26.13
1505,-29.16,22.96,110.34,-11.31
1506,8.68,12.3,-66.25,-17.13
1507,-3.44,53.06,-54.08,-13.09
1508,-5.81,77.96,-12.72,-15.64
1509,81.07,-47.69,-4.53,-14.28
1510,-83.55,35.99,28.41,-15.66
1511,-42.18,25.48,49.95,-22.2
1512,-19.43,52.38,10.9,-12.96
1513,-33.3,-2.71,-32.12,-21.98
1514,-14.17,28.75,-6.76,-13.68
1515,7.18,-2.83,-3.94,-17.21
1516,8.63,65.09,-0.36,-17.31
1517,-23.32,115.84,10.36,-0.33
1518,-35.33,-116.93,5.11,-10.39
1519,-38.49,-28.46,2.18,-22.35
1520,-11.07,58.24,10.34,-8.31
1521,-24.72,10.85,2.03,-20.31
1522,7.24,40.03,3.39,-11.25
1523,105.4,36.07,13.95,-13.25
1524,-87.23,23.54,93.01,-16.03
1525,-59.47,27.22,-20.77,-7.64
1526,-29.26,11.48,75.39,-16.79
1527,-14.88,-32.65,-56.01,-15.77
1528,-17.89,38.04,2.41,-20.26
1529,13.01,75.05,47.27,-7.74
1530,0.71,85.32,102.97,-12.49
1531,-48.78,-11.03,-81.51,-13.93
1532,-23.44,47.09,-56.93,-19.5
1533,-22.5,-44.26,-10.11,-10.71
1534,-3.81,3.95,-1.48,-13.31
1535,4.83,35.63,10.22,-10.52
1536,94.94,58.9,4.58,-13.57
1537,-83.12,4.31,15.35,-20.67
1538,-50.78,14.48,57.4,-22.71
1539,-41.81,-17.5,23.39,-16.62
1540,-32.57,87.49,-23.89,-13.63
1541,-12.1,55.06,105.33,-10.94
1542,-4.75,11.11,-51.07,-19.44
1543,9.87,58.18,-57.44,-15.54
1544,-15.19,-17.87,-6.04,-16.14
1545,-38.71,17.8,-8.87,-23.3
1546,-29.25,-4.49,30.73,-12.33
1547,-19.6,3.95,120.08,-18.27
1548,-23.98,45.83,-21.46,-22.78
1549,-12.2,32.68,-65.54,-11.78
1550,-17.67,9.89,-18.11,-13.18
1551,-5.48,-38.18,-5.92,-16.31
1552,-5.77,138.76,4.56,-21.04
1553,-12.91,51.35,62.09,-11.65
1554,52.36,-36.4,87.23,-23.01
1555,-3.4,-17.04,-90.77,-23.22
1556,-105.15,16.55,-13.11,-12.81
1557,-19.55,9.15,-0.28,-15.28
1558,-8.81,68.44,2.52,-16.69
1559,-25.01,14.03,2.92,-18.41
1560,13.38,29.3,9.92,-25.6
1561,-42.77,-25.51,73.1,-21.53
1562,-26.99,-3.94,-32.63,-15.18
1563,-20.5,-48.01,-0.63,-18.52
1564,48.76,104.85,58.17,-16.2
1565,3.91,12.27,18.9,-13.75
1566,-78.28,119.78,-28.59,-21.39
1567,-23.1,20.84,-25.7,-17.7
1568,-42.81,-67.07,-13.88,-36.76
1569,-25.38,-20.68,0.32,-13.22
1570,-16.74,26.41,25.87,-12.04
1571,7.03,30.14,53.53,-8.85
1572,-2.31,5.12,34.19,-12.03
1573,-4.97,23.13,-44.01,-19.62
1574,-0.96,-1.72,-21.96,-26.01
1575,-33.41,45.09,113.69,-26.98
1576,-32.34,28.86,64.84,-16.57
1577,-14.66,45.64,-106.34,-10.04
1578,-11.65,80.68,-21.95,0.74
1579,-7.44,29.52,-9.44,-22.71
1580,-33.31,-4.52,1.65,-24.7
1581,-32.53,-23.12,76.99,-20.22
1582,-7.02,-19.64,33.59,-28.15
1583,94.27,30.56,-64.92,-15.82
1584,-70.45,29.49,-12.16,-17.86
1585,-56.73,25.57,-0.93,-11.91
1586,-21.79,38.34,2.73,-21.13
1587,-11.88,-16.91,6.4,-15.17
1588,-18.36,-39.29,9.01,-28.09
1589,-12.04,38.03,15.52,-23.73
1590,-3.45,9.38,63.96,-15.25
1591,-44.63,54.31,-41.1,-17.59
1592,-17.54,25.95,30.5,-13.89
1593,4.36,103.8,7.94,-20.07
1594,-23.15,-28.2,-16.63,-18.06
1595,-24.76,-62.03,5.15,-14.52
1596,-29.92,24.87,82.61,-23.95
1597,57.54,66.25,-14.44,-18.96
1598,6.03,41.06,-46.51,-14.43
1599,-108.32,10.75,111.56,-21.89
1600,-34.82,31.91,139.64,-26.44
1601,-29.35,61.0,-168.82,-21.38
1602,-13.05,-85.76,-30.3,-9.01
1603,0.39,25.0,-9.92,-18.05
1604,-6.03,24.21,2.01,-18.55
1605,7.07,100.87,11.12,-7.82
1606,1.87,51.29,69.08,-19.48
1607,-52.08,-54.36,-32.35,-21.71
1608,-30.76,-15.21,55.08,-15.35
1609,-13.38,34.9,-8.85,-11.02
1610,-1.4,58.91,-16.3,-16.37
1611,-11.35,9.41,50.79,-10.96
1612,-30.95,-89.15,-13.35,-16.23
1613,-15.37,19.04,-21.07,-6.35
1614,1.71,75.6,12.82,-15.92
1615,-16.16,-1.83,20.83,-14.57
1616,-20.67,59.47,67.13,-7.63
1617,68.23,60.59,-49.01,-16.71
1618,-14.44,2.45,-0.67,-19.29
1619,-99.48,7.88,14.07,-14.02
1620,-27.71,-0.22,28.84,-19.85
1621,-8.96,-7.22,-5.94,-15.72
1622,18.42,-0.82,7.24,-10.02
1623,-30.82,53.47,12.67,-10.65
1624,-35.59,74.26,72.51,-17.13
1625,-24.77,10.29,106.37,-10.46
1626,-26.08,-15.97,-65.75,-21.91
1627,-10.91,81.23,-51.91,-18.89
1628,-15.79,-22.54,-17.14,-18.88
1629,-9.37,87.41,0.5,-4.21
1630,-29.13,-10.15,4.72,-14.74
1631,-13.07,29.13,7.93,-18.85
1632,-18.49,-11.87,29.04,-20.79
1633,-19.02,19.97,28.44,-16.03
1634,-10.79,50.71,-8.31,-12.85
1635,-2.53,1.56,93.77,-8.21
1636,-32.19,60.31,32.44,-28.93
1637,58.73,-30.9,-90.44,-18.69
1638,-26.12,54.14,-24.17,-7.12
1639,-96.27,-11.09,13.15,-15.91
1640,-1.29,41.25,9.92,-10.15
1641,-19.14,61.39,58.71,-5.36
1642,-49.39,-40.51,-40.1,-24.83
1643,-19.6,68.95,-19.83,-10.02
1644,-5.59,55.05,4.59,-11.93
1645,-36.22,-77.65,10.99,-24.28
1646,-7.79,61.84,78.72,-8.42
1647,-9.26,105.83,56.24,-12.22
1648,-11.88,-33.62,-56.93,-20.37
1649,-18.15,14.77,1.83,-16.9
1650,-15.5,-28.65,54.59,-13.9
1651,-9.43,109.32,29.41,-13.58
1652,-4.63,-73.76,-74.74,-14.33
1653,38.93,79.64,-9.14,-14.2
1654,51.44,47.9,15.08,-13.22
1655,-93.46,39.3,72.55,-16.99
1656,-57.06,36.44,43.67,-11.63
1657,-45.3,-80.6,-64.35,-19.25
1658,-21.05,90.61,-14.89,-11.7
1659,-17.34,-36.18,12.27,-13.27
1660,-12.72,-9.65,0.28,-18.97
1661,-18.91,75.66,4.24,-8.56
1662,-6.59,75.59,13.45,-7.03
1663,-11.04,21.04,7.83,-12.19
1664,-14.2,13.91,82.39,-8.81
1665,-1.58,43.67,50.91,-9.22
1666,-18.54,71.69,32.14,-9.33
1667,-13.67,26.27,-56.73,-10.74
1668,82.55,37.25,-43.81,-10.25
1669,-39.49,-91.1,37.41,-11.48
1670,-99.68,36.44,23.6,-13.9
1671,-38.94,83.77,-40.05,-16.11
1672,-24.55,-4.28,2.37,-9.09
1673,-20.73,-27.34,96.73,-18.16
1674,-3.32,37.25,-74.69,-23.82
1675,-13.96,27.01,-11.01,-8.56
1676,-15.8,25.38,4.39,-8.98
1677,-12.58,40.71,-1.15,-11.17
1678,-30.54,25.44,12.72,-18.56
1679,-19.13,62.47,39.74,-14.19
1680,-24.7,-27.63,-32.17,-22.61
1681,1.87,19.19,-9.44,-14.7
1682,-15.02,8.53,-1.6,-13.44
1683,-14.81,28.44,3.84,-16.5
1684,-2.16,101.75,8.4,-10.8
1685,3.24,-1.5,5.86,-14.14
1686,26.4,-50.71,72.13,-19.39
1687,-4.08,32.74,155.01,-7.09
1688,-112.77,45.13,-47.93,-15.51
1689,-37.78,-60.55,-63.08,-18.0
1690,-20.84,98.0,-52.39,-14.51
1691,-12.67,57.18,-12.58,-15.27
1692,20.91,-21.13,3.17,-13.49
1693,-15.61,13.85,47.56,-18.41
1694,-27.48,-6.82,8.89,-16.51
1695,-4.06,54.89,-1.99,-7.17
1696,-10.88,-1.33,1.36,-17.66
1697,-13.94,-44.25,1.5,-13.56
1698,-10.36,53.93,33.36,-24.21
1699,3.54,68.67,21.26,-13.28
1700,2.6,69.76,-7.6,-7.56
1701,-32.41,-36.35,-8.5,-24.15
1702,108.15,17.76,5.24,-10.82
1703,-60.5,-19.16,-0.44,-18.56
1704,-98.73,-1.22,6.65,-17.02
1705,-22.18,7.03,12.47,-10.23
1706,-28.83,56.8,5.97,-17.48
1707,-32.48,4.58,64.16,-13.0
1708,-0.98,11.63,-9.62,-15.25
1709,-17.2,-32.75,23.4,-17.23
1710,-14.95,10.37,-20.89,-16.09
1711,1.22,21.24,5.58,-10.47
1712,-11.26,94.42,-3.84,-14.87
1713,-18.15,-41.12,1.57,-13.46
1714,-29.68,-28.73,26.13,-17.08
1715,-12.19,53.13,88.87,-15.31
1716,-10.57,-14.05,-45.08,-21.32
1717,-14.04,6.79,1.4,-18.83
1718,-14.16,-9.49,0.15,-15.68
1719,-19.36,15.34,205.74,-25.65
1720,80.67,58.93,-74.78,-10.98
1721,5.11,10.86,-77.64,-13.58
1722,-122.09,7.41,-15.42,-12.94
1723,-28.22,34.3,7.33,-12.96
1724,-32.32,-27.09,69.91,-19.0
1725,-19.87,0.65,-36.72,-14.56
1726,-10.86,22.86,3.09,-17.19
1727,-16.68,23.12,-4.53,-21.51
1728,-9.57,34.54,42.32,-14.28
1729,6.19,-10.01,-6.26,-11.37
1730,-5.74,32.79,-0.75,-17.97
1731,-6.47,-1.8,-0.8,-19.93
1732,-9.42,-7.52,7.44,-17.82
1733,-15.05,-24.56,10.69,-9.75
1734,50.82,66.28,94.74,-15.63
1735,30.13,75.18,-9.81,-8.72
1736,-61.05,55.39,-7.94,-15.52
1737,-28.14,46.05,-20.03,-15.03
1738,-62.71,-88.27,-0.42,-24.27
1739,-17.78,42.05,26.74,-12.1
1740,-21.79,-22.3,64.94,-25.82
1741,-15.14,19.55,-51.27,-14.56
1742,-7.5,9.61,63.37,-9.19
1743,-19.62,5.12,107.68,-16.18
1744,8.48,-8.28,-60.3,-20.08
1745,5.15,71.77,-13.49,-11.78
1746,-5.25,64.97,-22.05,-14.09
1747,-23.71,-23.68,-12.7,-14.46
1748,1.08,-0.26,54.87,-14.62
1749,-4.92,39.46,53.38,-5.05
1750,-23.74,20.27,-18.66,-18.79
1751,-23.45,-28.77,-37.18,-19.06
1752,-21.87,-13.57,-7.04,-17.91
1753,-2.86,56.64,20.38,-13.83
1754,-15.33,-40.64,25.25,-19.49
1755,13.29,37.58,-11.87,-17.06
1756,-39.89,42.51,-1.12,-12.28
1757,-19.38,24.66,3.55,-12.63
1758,-9.13,88.98,132.02,-13.56
1759,-25.15,45.19,-6.37,-21.68
1760,-20.04,-65.65,-53.78,-14.71
1761,-17.78,21.3,-15.83,-14.58
1762,-8.53,145.24,10.16,-5.42
1763,87.58,3.25,149.85,-8.91
1764,1.28,-94.73,-57.84,-19.37
1765,-106.89,-9.98,-32.05,-19.86
1766,-27.43,70.31,55.68,-18.36
1767,-21.36,11.53,130.55,-16.78
1768,-22.03,25.42,-135.17,-14.56
1769,-2.17,50.76,-8.19,-11.49
1770,24.88,-23.11,59.32,-10.81
1771,13.99,79.63,-30.72,-13.28
1772,-52.0,42.02,23.14,-20.06
1773,-30.3,41.12,-4.53,-13.27
1774,-7.25,34.87,25.2,-13.03
1775,-12.2,24.1,-20.4,-6.82
1776,-41.75,-19.23,-8.8,-26.38
1777,-10.51,13.99,63.64,-15.4
1778,-12.97,32.8,173.19,-13.91
1779,-26.89,32.8,-107.0,-16.09
1780,-14.33,17.11,-43.78,-19.72
1781,-10.59,37.14,42.39,-19.51
1782,-3.25,78.73,15.35,-11.43
1783,0.62,55.84,14.66,4.93
1784,-32.22,-44.0,8.5,-23.66
1785,-12.39,28.38,-35.28,-19.27
1786,4.77,5.78,-1.99,-17.27
1787,7.04,60.07,11.31,-20.12
1788,-44.25,-20.52,39.95,-13.14
1789,-29.72,-2.35,-29.68,-16.18
1790,-20.17,10.64,13.19,-6.59
1791,-22.75,26.11,34.28,-16.59
1792,1.28,13.24,13.32,-15.44
1793,-4.07,-17.73,16.15,-18.45
1794,119.04,41.01,-13.16,-11.62
1795,-62.7,-24.2,142.19,-7.8
1796,-92.77,106.86,-18.75,-21.42
1797,-30.92,37.63,-26.51,-10.3
1798,-8.97,70.52,-43.22,-11.17
1799,-7.6,27.89,-23.46,-18.49
1800,-13.88,-3.78,-2.88,-12.22
1801,-5.55,18.75,9.54,-12.73
1802,-19.63,49.86,47.63,-8.98
1803,34.79,134.19,71.49,-5.03
1804,-50.69,-95.96,-5.28,-25.94
1805,3.33,-13.1,-60.05,-14.4
1806,54.03,31.09,-9.94,-10.91
1807,-106.43,77.99,-0.43,-12.64
1808,-39.09,25.79,9.96,-11.41
1809,-35.33,18.96,15.11,-14.78
1810,2.16,5.71,64.43,-15.14
1811,-28.36,-19.71,63.14,-17.81
1812,-25.35,53.04,18.58,-14.84
1813,2.6,67.96,93.36,-6.39
1814,-12.03,18.55,-125.34,-14.85
1815,-24.08,5.71,-17.54,-10.04
1816,-11.59,67.9,5.25,-19.73
1817,-13.62,22.31,-27.32,-6.62
1818,-14.07,22.49,-1.46,-12.91
1819,0.81,28.47,15.37,-6.33
1820,10.39,86.08,8.33,-12.98
1821,-29.22,141.51,14.29,-3.24
1822,-35.38,-84.42,7.25,-16.09
1823,-7.81,-18.35,12.84,-20.82
1824,84.53,108.21,27.95,-14.59
1825,-84.07,-51.33,160.52,-17.33
1826,-58.2,-28.78,92.11,-20.06
1827,-33.37,34.78,70.17,-5.88
1828,-18.14,74.09,-223.45,-13.88
1829,-5.15,-60.07,-38.14,-10.55
1830,-25.81,39.96,-11.75,-13.53
1831,-5.85,32.95,1.5,-16.84
1832,-10.97,29.6,10.94,-11.14
1833,-7.46,35.24,15.04,-9.73
1834,-20.78,-22.51,10.36,-13.49
1835,-15.7,76.8,12.57,-15.63
1836,-0.49,101.95,13.71,-4.01
1837,6.72,2.23,12.75,-9.09
1838,-18.13,-48.75,10.14,-13.51
1839,-38.5,58.38,12.63,-11.58
1840,-10.03,75.11,11.3,-9.66
1841,-23.01,-16.29,11.85,-16.69
1842,-21.81,21.06,11.89,-20.39
1843,83.41,67.24,35.57,-8.81
1844,-49.05,121.65,141.02,3.31
1845,-111.25,-143.4,69.5,-11.37
1846,-7.65,59.82,-43.76,-15.97
1847,0.68,18.92,-69.19,-22.76
1848,7.43,64.74,-39.8,-8.83
1849,4.8,27.33,-5.35,-9.18
1850,-25.01,22.31,87.72,-11.66
1851,-39.06,-10.25,-9.03,-16.07
1852,-14.93,17.82,-33.51,-13.58
1853,-17.28,27.19,7.25,-11.8
1854,-13.88,35.51,41.91,-12.7
1855,-19.24,30.09,120.84,-9.17
1856,-17.22,12.72,-75.77,-11.0
1857,-0.71,72.59,-19.67,-12.64
1858,-4.72,4.23,40.87,-11.46
1859,27.74,-5.45,35.45,-9.81
1860,16.91,36.34,-0.38,-22.01
1861,-112.4,-9.4,-52.81,-8.91
1862,-33.49,23.92,-11.78,-14.81
1863,-27.85,41.29,3.04,-12.58
1864,-16.43,23.28,6.5,-10.41
1865,-6.36,48.72,10.5,-14.05
1866,0.02,80.08,100.19,-13.46
1867,-14.86,12.5,-25.04,-14.23
1868,17.32,-27.9,19.51,-15.75
1869,7.5,64.0,68.23,-1.85
1870,-67.98,-46.32,-63.73,-28.67
1871,-16.68,60.82,-13.92,-12.91
1872,-8.28,74.77,117.19,-14.85
1873,-31.56,80.79,-64.62,-4.52
1874,-14.03,-86.15,-1.46,-5.34
1875,71.91,6.24,8.41,-16.98
1876,-96.21,17.88,45.15,-16.59
1877,-37.43,38.53,-39.99,-9.41
1878,-23.86,29.68,-5.89,-9.17
1879,-34.33,-44.13,9.71,-14.88
1880,-3.19,23.15,141.16,-19.68
1881,-14.78,-12.0,-46.42,-14.22
1882,-12.94,-11.16,-6.01,-11.52
1883,-10.66,108.42,-46.54,-9.83
1884,13.09,51.66,-4.74,-9.34
1885,-28.95,-49.21,0.12,-7.22
1886,-45.34,90.69,19.85,-12.53
1887,12.46,22.46,43.77,-10.79
1888,-37.88,-47.33,-11.57,-20.55
1889,-39.64,17.4,-3.68,-12.84
1890,-27.92,3.8,62.48,-15.65
1891,-9.16,43.15,56.43,-13.72
1892,3.78,35.96,15.45,-1.99
1893,-19.15,-39.77,-58.08,-22.93
1894,73.13,14.16,-23.54,-11.59
1895,-62.99,11.71,-3.35,-12.5
1896,-62.57,90.06,8.46,-10.6
1897,-30.5,-102.37,33.64,-18.65
1898,-18.13,32.38,22.77,-11.92
1899,-15.23,41.16,45.36,-13.9
1900,-10.67,49.98,51.51,-11.84
1901,9.49,-37.59,75.87,-18.59
1902,-29.34,30.64,-118.15,-17.96
1903,-23.04,42.0,30.75,-16.7
1904,-1.87,58.83,-18.99,-19.8
1905,-12.28,53.65,42.43,-15.28
1906,-19.31,-76.22,-25.21,-19.62
1907,-26.82,20.64,36.31,-9.75
1908,-22.04,75.46,9.93,-16.79
1909,-15.13,23.66,5.72,-8.4
1910,-0.47,-37.02,-11.86,-21.23
1911,-26.31,15.82,33.29,-19.61
1912,-25.21,3.72,-22.06,-9.49
1913,-17.85,-0.02,37.32,-12.57
1914,3.32,48.57,124.48,-8.45
1915,-10.49,-57.25,-79.41,-21.38
1916,79.8,5.77,110.41,-5.88
1917,-89.25,46.6,-39.67,-20.95
1918,-44.5,68.47,-2.33,-9.79
1919,-5.8,9.69,-40.65,-10.38
1920,-53.43,4.21,-8.12,-17.5
1921,-17.71,15.02,1.5,-20.89
1922,-7.29,-1.0,15.74,-10.64
1923,-25.28,19.13,28.72,-13.38
1924,-3.71,53.29,26.68,-13.68
1925,-24.08,-27.65,13.04,-22.34
1926,-12.9,70.99,4.13,-12.43
1927,-10.11,-40.45,46.09,-17.44
1928,-12.83,7.99,5.17,-14.41
1929,-19.66,12.74,5.79,-22.6
1930,-3.85,30.5,13.1,-12.93
1931,2.03,67.73,60.66,-18.07
1932,81.8,39.94,-53.1,-15.82
1933,-47.7,-67.8,-5.06,-20.49
1934,-81.12,15.86,28.31,-15.35
1935,2.13,109.07,10.13,-12.33
1936,-60.04,-48.79,9.61,-19.65
1937,-25.1,-7.76,16.74,-11.27
1938,-23.51,34.34,-8.99,-14.22
1939,-2.95,29.44,21.1,-19.07
1940,-18.39,28.48,80.03,-11.22
1941,-11.84,26.92,-11.89,-15.17
1942,-18.33,-13.22,-15.33,-10.83
1943,-5.12,24.63,83.7,-1.11
1944,-26.7,73.63,74.47,-37.3
1945,-44.94,0.69,-60.63,-16.25
1946,0.01,111.71,136.09,-11.65
1947,-3.07,-39.53,-112.27,-23.39
1948,-7.13,61.09,-54.63,-13.25
1949,49.16,61.51,55.18,-10.42
1950,29.12,-72.03,-1.21,-20.91
1951,-94.0,75.67,-46.78,-16.3
1952,-42.35,-35.94,20.97,-9.89
1953,-56.8,29.66,-5.4,-19.22
1954,-13.51,113.21,4.33,-4.16
1955,-16.83,-57.93,5.12,-16.6
1956,-14.35,37.14,14.81,-5.78
1957,-9.79,22.87,19.23,-10.81
1958,-11.1,39.53,99.75,-17.95
1959,-11.66,36.02,61.12,-7.61
1960,-30.45,33.63,-69.45,-17.99
1961,-17.68,5.46,-27.42,-13.84
1962,-11.12,47.37,71.39,-14.6
1963,11.16,92.37,-60.23,-9.48
1964,-13.44,4.97,-6.15,-19.22
1965,-16.74,5.16,65.44,-20.14
1966,-24.52,14.43,2.08,-14.48
1967,82.28,20.3,-28.52,-8.56
1968,49.62,39.43,34.7,-9.5
1969,-146.34,14.67,31.89,-17.62
1970,-48.11,14.97,-12.62,-20.09
1971,-24.31,24.5,-12.84,-15.3
1972,-5.71,80.79,18.52,-6.39
1973,-28.66,-34.72,58.88,-17.13
1974,-14.12,-17.98,-22.98,-14.66
1975,-18.24,53.18,-14.23,-17.04
1976,-10.61,35.79,29.78,-14.81
1977,4.36,187.41,7.16,-11.81
1978,-26.83,-54.47,91.15,-10.92
1979,-20.5,-32.71,27.36,-20.06
1980,89.99,46.99,58.46,-15.11
1981,-44.35,34.55,-34.85,-13.15
1982,-49.13,-8.95,-81.83,-23.81
1983,-49.0,57.33,2.23,-14.08
1984,-17.23,34.76,-4.53,-21.33
1985,10.87,100.97,16.14,-13.16
1986,-40.99,-31.03,14.18,-14.68
1987,-24.24,40.71,-5.71,-18.68
1988,-0.9,53.18,70.31,-3.22
1989,-7.21,32.19,-19.53,-23.83
1990,-13.71,8.45,10.5,-11.57
1991,-15.78,52.46,1.62,-17.53
1992,-17.85,45.51,132.59,-3.24
1993,-21.5,-35.92,-45.25,-16.34
1994,8.54,104.41,-20.58,-11.75
1995,82.78,13.65,-39.4,-10.66
1996,-49.25,-21.24,22.22,-12.3
1997,-84.32,48.0,42.23,-22.79
1998,-44.03,-1.22,-44.27,-12.4
1999,-28.81,-13.27,-0.36,-10.06
2000,-19.15,7.17,58.59,-12.94
2001,-12.72,67.96,-16.45,-13.98
2002,-14.94,51.12,30.73,-4.56
2003,-11.3,16.32,83.15,-23.83
2004,-10.04,82.49,-77.05,-3.21
2005,-7.66,84.88,-13.69,-17.86
2006,-34.58,-49.75,18.01,-17.77
2007,-12.44,3.92,41.46,-15.73
2008,-20.5,22.43,45.4,-10.24
2009,30.38,76.45,38.13,-10.79
2010,-7.4,-8.81,-66.59,-21.54
2011,30.39,64.05,-31.74,-14.53
2012,-119.4,-5.18,-14.68,-12.31
2013,-14.68,55.34,7.38,-7.28
2014,-13.84,49.44,138.55,-5.31
2015,-41.83,-77.34,14.03,-32.71
2016,-25.56,6.25,-73.52,-16.24
2017,-16.08,37.0,1.43,-7.69
2018,-13.57,12.6,-21.26,-11.19
2019,-15.94,81.58,-10.72,-11.9
2020,-25.47,-35.76,13.14,-17.29
2021,-19.21,14.6,40.34,-16.75
2022,-0.04,37.07,13.87,-4.01
2023,5.97,38.07,9.11,-14.7
2024,-34.15,10.92,111.53,-18.75
2025,-11.22,62.96,-87.61,-15.28
2026,16.45,55.39,-10.62,-11.91
2027,-10.04,10.29,88.2,-18.97
2028,46.7,-4.39,-38.21,-14.4
2029,-109.32,25.1,27.65,-14.63
2030,-38.52,50.36,-37.17,-18.12
2031,-18.69,32.63,-13.69,-13.69
2032,-21.86,-1.65,12.59,-20.61
2033,-13.9,1.98,26.7,-16.4
2034,-7.72,40.62,-8.2,-12.32
2035,-20.15,-11.17,52.04,-13.24
2036,-22.25,-30.28,19.8,-11.37
2037,-1.25,89.23,-37.17,-21.46
2038,-9.1,64.05,23.89,-13.69
2039,-21.7,3.62,219.61,-10.52
2040,-25.45,19.12,-168.43,-17.91
2041,-2.41,115.02,-43.15,-12.4
2042,-19.6,-8.1,-10.52,-12.27
2043,-22.35,-40.46,70.06,-15.73
2044,-23.26,-22.53,4.37,-19.64
2045,-14.14,26.13,15.67,-14.29
2046,-14.15,-5.95,-42.51,-4.52
2047,-33.63,16.33,1.71,-21.69
2048,-0.24,64.89,1.08,-12.15
2049,17.05,55.66,19.1,-9.27
2050,-44.33,-33.03,27.07,-19.6
2051,-8.85,-9.45,35.92,-7.05
2052,73.17,22.64,27.85,-20.91
2053,-102.27,-3.21,-47.0,-11.99
2054,-39.25,42.55,56.06,-11.33
2055,2.33,88.8,82.59,-6.41
2056,-41.76,-31.39,-31.37,-17.22
2057,-11.7,15.14,-64.63,-11.66
2058,-7.84,50.22,2.07,-13.82
2059,-23.3,-7.73,-6.13,-9.87
2060,-26.99,16.52,4.4,-12.72
2061,-5.8,49.02,19.61,-6.44
2062,-1.3,75.57,133.36,-13.02
2063,-11.8,-56.95,-82.51,-14.39
2064,6.34,71.73,-17.79,-15.55
2065,-32.93,-17.23,38.91,-6.49
2066,-34.06,15.47,6.09,-14.91
2067,67.42,19.63,24.2,-14.88
2068,6.23,101.67,10.09,-7.68
2069,-88.04,-3.72,41.86,-18.05
2070,-33.43,-11.17,-45.34,-10.52
2071,-16.92,33.98,30.04,-10.95
2072,-19.61,-32.62,-36.97,-16.84
2073,-16.55,34.75,-4.32,-16.98
2074,-0.96,42.13,13.09,-10.9
2075,-11.05,71.01,96.8,-7.1
2076,-20.73,-1.05,37.34,-13.33
2077,-9.64,19.12,-71.34,-12.76
2078,55.25,0.98,19.78,-8.98
2079,23.38,15.27,17.46,-16.32
2080,-119.98,55.77,-26.64,-9.29
2081,-34.55,24.2,47.4,-15.67
2082,-30.08,76.05,98.17,-21.7
2083,8.93,96.5,-30.85,-5.21
2084,-15.2,-39.95,-60.6,-10.21
2085,-22.21,-16.81,-16.23,-18.96
2086,4.2,24.16,1.48,-13.98
2087,-18.43,79.41,8.17,-10.32
2088,-24.06,-85.99,85.34,-11.48
2089,-18.16,47.18,-5.9,-30.0
2090,-5.92,51.13,-21.29,-9.73
2091,-16.64,10.42,24.4,-16.93
2092,-7.93,75.71,3.53,-12.46
2093,-19.33,17.74,56.3,-17.11
2094,9.5,50.0,12.4,-10.0
2095,-3.16,40.69,50.36,-17.26
2096,-43.73,25.14,-73.71,-19.56
2097,-21.27,2.03,-8.31,-13.0
2098,-17.92,19.96,57.87,-23.18
2099,-9.91,3.93,14.44,-10.08
2100,-9.88,35.64,-39.36,-11.3
2101,68.29,62.17,-6.91,-12.0
2102,-39.45,75.36,0.94,-16.22
2103,-84.73,-15.5,6.35,-21.29
2104,-33.53,96.04,19.09,-10.73
2105,-16.93,-60.81,113.52,-9.56
2106,-25.73,-39.26,-4.73,-24.75
2107,-18.48,19.64,-4.24,-11.48
2108,-1.21,-26.61,-26.52,-16.15
2109,6.39,-17.55,1.96,-14.65
2110,-13.88,51.08,30.32,-5.75
2111,13.97,90.2,-3.78,-10.35
2112,-21.21,79.5,121.82,-10.1
2113,-40.03,-25.19,103.22,-27.23
2114,-28.38,-14.5,-154.98,-13.68
2115,-20.08,-16.34,-26.73,-15.1
2116,-8.49,24.98,-7.69,-12.89
2117,-3.21,48.09,7.92,-8.52
2118,-25.83,-70.34,8.42,-12.21
2119,-12.41,70.4,27.65,-15.2
2120,-9.67,90.55,58.18,-7.82
2121,-5.41,47.46,-3.52,-8.72
2122,-23.39,-13.09,-25.62,-21.64
2123,70.09,-15.98,51.96,-11.35
2124,-35.82,11.76,-7.18,-10.2
2125,-89.56,26.6,-31.04,-22.13
2126,-15.13,32.01,11.62,-13.18
2127,-23.58,-45.0,29.42,-13.1
2128,27.25,1.31,-22.82,-16.63
2129,-22.44,-13.57,64.2,-12.91
2130,-21.58,52.52,2.04,-11.26
2131,-17.48,27.3,2.95,-16.16
2132,-11.13,64.81,100.93,-13.4
2133,-16.33,-9.87,-70.81,-15.69
2134,-5.8,5.47,57.11,-10.45
2135,-24.75,5.54,-49.92,-17.49
2136,-8.81,75.88,-15.96,-11.1
2137,-16.71,18.53,13.35,-6.79
2138,-19.99,24.82,-0.74,-12.66
2139,-4.93,26.0,-1.39,-6.38
2140,-10.13,15.86,3.72,-14.64
2141,-12.15,-25.73,25.31,-17.82
2142,-18.98,35.88,216.17,-3.75
2143,-27.6,47.15,-62.96,-19.32
2144,-2.29,-24.74,-86.07,-18.76
2145,-6.49,25.6,-30.12,-12.13
2146,-16.66,-10.04,-4.05,-12.18
2147,-9.46,60.62,5.93,-13.19
2148,-20.0,12.08,27.75,-12.61
2149,3.52,-14.7,43.23,-17.26
2150,47.99,62.32,75.37,-6.31
2151,27.71,72.49,-56.7,-7.9
2152,-123.13,-52.79,-15.16,-16.03
2153,-41.81,5.32,18.83,-13.55
2154,-0.68,61.09,110.68,-9.49
2155,-29.05,24.44,-92.81,-20.38
2156,-23.56,0.73,-4.07,-17.29
2157,-6.35,45.27,44.62,-13.44
2158,-26.95,15.87,166.01,-7.44
2159,-16.95,-17.07,-113.64,-16.15
2160,-0.83,-4.61,-52.54,-10.48
2161,-6.18,26.24,-11.16,-12.66
2162,-25.34,44.02,13.42,-10.89
2163,-24.09,24.65,30.87,-13.3
2164,-10.37,10.73,-25.62,-12.28
2165,10.17,27.95,11.3,-13.86
2166,-17.63,-11.24,25.2,-21.18
2167,4.7,-1.05,-3.43,-5.61
2168,59.54,84.45,19.46,-10.33
2169,-110.55,112.0,51.49,-4.21
2170,-52.65,-107.87,-6.71,-18.57
2171,-21.38,-35.73,-35.3,-21.91
2172,-14.55,42.6,61.96,-17.38
2173,-10.04,11.37,74.2,-2.06
2174,-6.71,50.54,64.32,-16.61
2175,2.19,46.13,-137.64,-16.94
2176,-11.04,-37.45,-23.04,-15.43
2177,-3.86,30.5,-1.05,-11.06
2178,-33.52,-12.31,40.27,-21.37
2179,-3.76,12.6,-6.33,-10.78
2180,-26.63,12.33,-9.06,-17.51
2181,-28.31,48.31,12.43,-13.16
2182,-9.37,37.53,52.21,-22.89
2183,48.71,77.43,-11.1,-1.34
2184,61.97,-42.39,-9.67,-19.96
2185,-113.75,41.31,0.3,-9.02
2186,-45.46,32.01,-4.5,-11.17
2187,-33.97,33.49,3.14,-20.19
2188,-20.75,-34.27,4.52,-13.81
2189,-21.64,11.97,14.81,-15.65
2190,-10.16,16.7,126.36,-7.22
2191,-15.55,60.17,15.05,-15.56
2192,-12.67,-50.76,-76.19,-18.1
2193,-11.95,51.9,-28.37,-10.39
2194,-17.37,44.48,-9.66,-14.81
2195,-10.64,-10.59,1.91,-15.9
2196,-4.29,71.55,7.79,-12.03
2197,-8.95,-24.9,15.61,-14.83
2198,-23.55,28.24,47.87,-3.76
2199,-13.66,-3.07,-37.09,-23.14
2200,1.98,33.38,51.32,-13.63
2201,-31.47,35.48,110.15,-23.65
2202,-0.04,-3.88,-97.19,-8.55
2203,-33.23,32.59,-2.58,-17.33
2204,-33.79,-32.03,-12.05,-16.79
2205,34.73,99.17,-23.64,-11.76
2206,14.75,60.29,-2.23,-13.26
2207,-103.37,-64.7,6.37,-15.62
2208,-18.43,61.81,105.9,-9.89
2209,-17.01,19.11,19.09,-22.81
2210,-21.85,-43.35,-26.14,-15.04
2211,-16.97,30.18,-48.03,-22.72
2212,-17.13,54.13,39.24,-4.89
2213,5.15,100.78,16.61,-7.29
2214,-23.28,-36.3,-37.2,-17.54
2215,-1.94,64.46,-14.86,-14.43
2216,-31.13,-71.79,3.27,-14.83
2217,-27.75,11.09,-0.1,-15.08
2218,-20.37,52.31,5.48,-13.87
2219,-3.37,59.01,15.1,-7.76
2220,17.88,-29.56,-0.37,-21.16
2221,55.7,27.25,6.32,-17.93
2222,-29.49,19.59,26.18,-18.08
2223,-112.02,23.84,32.28,-20.28
2224,-33.31,25.22,-19.79,-18.3
2225,5.83,217.7,162.69,1.21
2226,-38.11,-131.46,21.56,-18.49
2227,-15.53,-46.64,-114.67,-21.42
2228,-12.15,-14.49,11.77,-15.17
2229,-2.34,82.53,-42.49,-13.66
2230,6.03,23.54,-13.42,-3.44
2231,-17.09,2.21,21.2,-19.66
2232,-14.78,-9.62,63.69,-12.72
2233,-19.52,10.91,-4.77,-17.81
2234,-11.88,5.62,-28.09,-17.27
2235,-14.01,30.62,1.76,-8.75
2236,-17.29,77.98,3.09,-5.67
2237,10.56,6.77,0.16,-18.14
2238,-33.0,48.26,36.64,-11.43
2239,-14.96,2.55,130.11,-8.93
2240,-21.41,-25.29,-66.66,-17.17
2241,-20.93,26.14,-46.96,-19.85
2242,2.77,157.16,-4.59,-7.51
2243,-37.13,-34.9,-0.36,-19.25
2244,101.48,-32.18,12.93,-18.85
2245,-68.23,-50.16,19.01,-25.12
2246,-84.53,48.56,4.06,-16.55
2247,-20.75,54.29,78.66,-9.32
2248,-29.27,38.53,26.92,-15.53
2249,-16.25,-21.75,69.02,-13.97
2250,-14.47,22.19,-91.58,-19.63
2251,-28.98,48.84,4.12,-12.55
2252,-7.59,1.12,90.78,-23.05
2253,-12.24,7.48,-53.87,-15.69
2254,16.37,36.53,3.08,-13.47
2255,-22.72,64.95,-18.5,-12.96
2256,-11.06,119.66,63.25,-8.69
2257,-12.31,30.2,-33.85,-14.43
2258,51.88,-7.82,-11.59,-16.56
2259,-78.68,-13.07,40.23,-15.13
2260,-40.39,69.21,-36.17,-19.7
2261,-21.5,-72.21,4.57,-16.07
2262,-15.97,23.07,11.73,-15.38
2263,-21.53,23.75,-0.32,-14.79
2264,-3.84,-52.99,17.38,-13.09
2265,-12.55,74.5,63.88,-16.39
2266,-9.1,29.14,40.8,-15.06
2267,-40.85,-0.99,-49.8,-15.14
2268,-6.63,59.03,53.42,-9.49
2269,19.19,102.13,131.24,-19.22
2270,-12.52,-98.81,-104.42,-17.12
2271,-50.63,32.65,13.39,-15.63
2272,-25.01,55.3,-44.71,-15.97
2273,-4.99,68.62,-18.84,-14.2
2274,-25.5,28.63,-0.34,-10.56
2275,-22.19,-40.3,5.83,-17.66
2276,-5.07,39.57,6.72,-14.17
2277,-16.19,63.62,61.09,-12.51
2278,-16.77,16.29,-14.83,-15.04
2279,-10.48,22.0,-4.36,-5.95
2280,4.99,117.13,7.25,-10.7
2281,67.56,-80.43,5.22,-21.78
2282,-88.39,6.92,43.84,-17.89
2283,-56.47,64.5,46.46,-15.52
2284,-26.21,18.36,-23.38,-11.84
2285,-28.64,-16.04,21.37,-17.3
2286,-13.59,30.26,-21.99,-15.43
2287,-20.24,49.97,-15.11,-14.27
2288,-12.26,30.14,2.08,-18.53
2289,-1.11,11.24,214.67,-4.26
2290,2.95,-27.82,-29.02,-25.74
2291,-19.53,91.06,-99.53,-24.97
2292,-0.82,82.42,-26.16,-11.75
2293,-31.56,-34.26,-10.14,-18.85
2294,-27.97,4.25,-4.29,-15.89
2295,-13.36,82.74,61.7,-16.72
2296,-22.77,-53.91,-24.86,-23.51
2297,1.6,82.74,-4.69,-13.91
2298,-4.03,19.54,3.78,-11.94
2299,-25.89,-10.17,2.53,-18.96
2300,-17.19,14.03,7.54,-9.39
2301,-12.84,40.25,6.32,-17.53
2302,77.75,150.74,15.68,-10.99
2303,9.89,-4.38,33.93,-8.28
2304,-106.42,-93.97,36.88,-23.47
2305,-22.38,-4.05,-35.75,-15.29
2306,-28.83,116.63,103.37,-10.17
2307,-35.85,-80.35,43.34,-21.65
2308,-29.43,-2.25,-83.8,-18.54
2309,-33.41,72.34,-23.04,-16.34
2310,-12.39,39.49,-4.88,-17.68
2311,1.46,-14.73,68.28,-17.4
2312,-9.43,-0.58,95.08,-8.92
2313,-13.21,11.6,-81.17,-8.51
2314,-7.76,66.31,1.61,-12.28
2315,-16.02,10.7,-32.74,-17.86
2316,-24.1,5.96,2.17,-20.34
2317,4.21,46.26,-10.9,-10.83
2318,-6.86,80.78,9.79,-3.12
2319,55.28,34.42,9.39,-10.96
2320,-44.08,-40.98,11.02,-18.51
2321,-62.68,97.12,32.22,-15.3
2322,-37.01,-46.57,-25.09,-15.08
2323,-37.33,36.07,4.02,-14.28
2324,-23.63,34.13,138.34,-12.95
2325,-24.33,-18.66,-57.36,-24.08
2326,-17.33,38.87,-13.39,-10.57
2327,-20.11,-14.21,25.7,-12.36
2328,-12.07,25.43,12.2,-16.8
2329,-11.83,33.04,-25.71,-18.23
2330,2.68,113.52,140.85,-8.61
2331,-11.89,-3.03,-39.27,-16.89
2332,-27.64,-8.53,-71.61,-13.56
2333,-18.45,0.76,3.81,-14.02
2334,-11.87,26.04,7.41,-12.59
2335,-24.86,-12.3,-10.64,-1.02
2336,0.31,101.74,1.84,-4.14
2337,3.62,51.31,42.24,-22.39
2338,-31.39,0.6,55.53,-19.14
2339,-17.2,-18.44,-51.32,-24.24
2340,15.01,27.71,60.61,-15.05
2341,108.51,-11.06,-42.24,-19.32
2342,-123.31,47.34,-9.9,-17.17
2343,-70.36,-45.28,4.88,-11.5
2344,-13.79,208.67,9.17,-10.52
2345,-39.12,-114.75,47.14,-19.41
2346,-26.77,8.51,99.9,-21.56
2347,-15.58,-69.98,-56.29,-21.91
2348,-11.26,42.16,-38.19,-17.64
2349,-3.13,46.31,-8.82,-18.03
2350,-12.67,40.64,5.31,-7.3
2351,-15.0,-44.56,25.79,-18.0
2352,-11.51,54.93,196.11,-14.77
2353,-22.39,3.82,-119.32,-29.62
2354,-8.56,62.31,49.05,-8.58
2355,-19.77,-33.68,-49.24,-18.49
2356,-18.1,94.02,3.3,-18.82
2357,8.07,-38.29,-42.03,-20.45
2358,-13.52,5.23,-3.54,-12.23
2359,-33.7,25.69,-2.49,-16.55
2360,-18.04,94.07,45.02,-9.79
2361,-13.25,-38.69,-0.73,-14.63
2362,-28.86,33.19,26.19,-17.21
2363,-36.52,42.4,19.01,-9.07
2364,-15.03,-17.97,26.68,-13.62
2365,2.03,70.69,-7.4,-17.39
2366,-17.2,-66.46,-24.18,-15.92
2367,-8.29,3.73,-7.67,-16.87
2368,44.36,47.98,54.86,-16.18
2369,15.61,34.51,110.43,-9.34
2370,-102.85,9.78,-105.41,-10.14
2371,-33.4,64.84,92.27,-9.75
2372,-37.85,-11.37,9.2,-16.45
2373,-33.66,50.64,-86.06,-20.33
2374,-7.07,21.22,-14.36,-15.65
2375,-11.91,29.43,-2.64,-16.63
2376,17.94,40.9,30.86,-12.67
2377,-17.61,-54.52,-8.69,-23.06
2378,-42.91,-4.31,4.53,-16.15
2379,-18.49,40.88,5.08,-13.61
2380,-9.6,57.23,13.07,-13.86
2381,-25.75,-3.83,4.96,-20.1
2382,-13.84,16.11,6.76,-14.71
2383,-12.32,74.54,8.83,-17.56
2384,-34.11,-47.34,6.21,-21.96
2385,-8.94,-16.53,9.06,-15.97
2386,3.41,147.2,7.46,-12.88
2387,-28.34,-25.74,5.91,-17.92
2388,-19.43,-40.43,13.0,-22.51
2389,-15.44,45.59,27.51,-21.44
2390,-17.23,-17.01,226.77,-19.09
2391,-8.72,14.83,-23.52,-16.88
2392,-10.86,68.16,-119.76,-12.3
2393,-19.53,54.19,-55.71,-16.81
2394,-9.71,52.46,-18.03,-18.25
2395,-6.98,31.23,-1.39,-16.59
2396,-17.82,-33.71,9.55,-6.52
2397,-20.09,-2.42,5.02,-20.93
2398,26.87,108.19,6.7,-23.27
2399,-14.83,-13.53,11.06,-22.04
2400,-38.99,18.45,6.91,-17.53
2401,-37.66,-25.29,33.04,-14.15
2402,33.89,65.67,-2.05,-16.25
2403,23.15,-46.62,-10.44,-20.48
2404,-92.8,41.58,1.23,-19.95
2405,-41.47,-60.25,42.7,-20.59
2406,-8.61,88.18,91.2,-8.67
2407,-17.62,-20.84,15.26,-20.17
2408,-20.92,0.41,-50.6,-18.09
2409,-12.16,26.67,-6.16,-18.94
2410,-25.85,48.79,-27.08,-16.69
2411,-9.12,21.87,-9.03,-14.59
2412,-2.42,28.37,45.58,-16.99
2413,-12.12,-1.48,48.84,-13.28
2414,-3.42,53.12,37.92,5.07
2415,-28.94,-39.87,-3.15,-33.65
2416,-7.61,-26.75,-68.47,-19.06
2417,17.75,17.52,12.45,-13.19
2418,-32.14,24.72,-7.59,-24.92
2419,70.89,13.12,-3.61,-14.35
2420,-50.85,39.9,-3.32,-17.01
2421,-87.33,4.34,3.25,-10.23
2422,-46.06,61.75,51.83,-17.02
2423,-35.79,-41.76,46.5,-9.52
2424,15.91,-5.89,-49.42,-18.04
2425,-9.94,17.45,11.07,-21.58
2426,-4.0,86.71,-23.89,-14.88
2427,-12.21,25.17,-3.67,-10.42
2428,-19.16,0.28,3.16,-19.3
2429,-5.03,34.83,9.86,-11.67
2430,-24.18,8.71,-0.14,-16.79
2431,10.97,10.62,13.55,-16.62
2432,-23.26,-2.35,320.41,-11.55
2433,-43.39,36.85,-174.99,-11.55
2434,-19.34,-34.49,-74.29,-16.24
2435,33.02,3.0,8.39,-8.06
2436,56.49,-34.68,17.14,-23.78
2437,-106.85,37.08,33.47,-10.08
2438,-29.66,140.58,-2.27,-20.47
2439,-17.31,-40.4,-52.05,-16.28
2440,-5.49,80.46,-14.28,-11.96
2441,-31.7,-26.27,12.66,-11.3
2442,-7.26,8.98,7.99,-12.3
2443,-35.94,-15.2,2.99,-20.33
2444,2.78,27.52,0.9,-17.54
2445,-14.26,-19.57,0.95,-18.29
2446,-14.81,22.94,3.63,-14.43
2447,1.56,111.63,9.14,-9.36
2448,15.16,-14.01,8.71,-7.35
2449,-36.51,3.0,68.57,-21.04
2450,-40.06,48.03,65.27,-12.53
2451,-29.48,-8.14,-86.49,-13.6
2452,-26.11,40.71,-18.88,-15.63
2453,-16.69,-43.96,52.51,-14.18
2454,-7.04,-36.0,201.44,-7.73
2455,55.31,28.16,-202.54,-17.96
2456,20.6,28.34,25.6,-14.81
2457,-94.44,72.55,-4.19,-7.95
2458,-37.64,52.93,9.05,-8.32
2459,-29.24,-56.87,-8.24,-24.2
2460,-17.73,-2.36,-14.47,-11.46
2461,-20.67,18.17,-6.76,-11.71
2462,-17.24,14.46,-0.01,-19.4
2463,-9.94,31.47,10.89,-14.81
2464,15.76,86.4,5.67,-4.7
2465,-4.26,9.96,3.91,-17.75
2466,-76.53,19.63,71.51,-13.1
2467,-24.22,38.41,39.49,-22.65
2468,12.45,1.28,125.15,-15.06
2469,-14.05,-36.09,-81.73,-17.24
2470,-12.32,14.79,-96.74,-17.39
2471,-8.62,85.33,-20.99,-12.78
2472,48.93,38.28,-4.82,-13.64
2473,45.58,16.53,3.79,-12.73
2474,-112.2,-66.53,37.13,-19.3
2475,-51.98,3.12,105.56,-20.54
2476,-11.84,40.35,-57.83,-12.77
2477,9.48,113.55,5.78,-6.3
2478,-16.28,-1.53,-3.14,-23.48
2479,-7.32,-30.64,36.57,-16.88
2480,36.95,3.88,-30.05,-13.64
2481,12.07,41.63,-11.47,-15.11
2482,-47.5,66.28,-1.9,-15.28
2483,-74.21,-3.56,10.28,-15.31
2484,-25.48,-1.48,6.98,-19.07
2485,-3.59,94.71,10.05,-11.35
2486,-17.65,-22.97,72.86,-10.33
2487,-15.64,-21.6,168.14,-20.62
2488,-7.67,36.41,-58.59,-18.98
2489,-9.77,40.72,-66.14,-14.25
2490,6.22,125.49,-49.89,-4.44
2491,-39.08,-50.51,-15.35,-19.79
2492,0.27,3.8,-5.19,-7.17
2493,-5.4,-4.44,92.86,-12.37
2494,21.09,45.49,-29.48,-22.32
2495,-44.75,-14.86,-26.61,-15.68
2496,-23.95,19.76,17.55,-12.82
2497,-11.3,60.19,28.02,-9.94
2498,-17.73,31.66,20.12,-17.83
2499,-13.77,65.09,-1.54,-13.45
2500,97.0,64.17,-10.99,-18.01
2501,-101.06,-77.94,41.94,-15.4
2502,-53.36,3.51,10.1,-12.94
2503,-10.57,58.36,-41.98,-17.66
2504,-19.9,-21.89,1.0,-14.2
2505,-19.05,21.93,147.97,-19.43
2506,10.04,80.24,-75.1,-0.7
2507,-16.46,-41.29,7.42,-28.73
2508,-10.88,51.08,-46.1,-11.02
2509,-6.97,70.68,-5.73,-12.16
2510,24.14,9.59,10.74,-6.56
2511,-6.28,61.41,111.37,-0.87
2512,-52.37,-62.04,-82.66,-20.4
2513,81.23,48.99,-6.43,-20.15
2514,-77.74,66.33,64.87,-9.04
2515,-61.42,-6.41,-32.27,-20.3
2516,-25.59,46.42,-23.61,-19.41
2517,-29.27,-34.3,-5.32,-17.38
2518,-6.21,17.4,61.56,-15.52
2519,14.23,33.73,-23.02,-13.0
2520,-24.53,47.73,-2.96,-9.45
2521,-15.38,65.07,82.18,-11.41
2522,-10.58,48.86,-41.67,3.7
2523,-9.97,-49.35,-17.93,-26.32
2524,-1.03,46.83,-7.95,-18.31
2525,-3.27,-49.15,70.58,-16.58
2526,5.73,38.44,-28.48,-18.19
2527,-42.64,29.21,-19.66,-12.7
2528,47.3,101.31,-2.63,-9.49
2529,11.74,-24.46,15.37,-13.73
2530,-97.97,77.51,194.49,-3.0
2531,-43.35,-37.32,-132.67,-25.74
2532,-32.58,-9.93,-40.17,-12.32
2533,-21.38,-16.17,11.55,-15.43
2534,1.13,63.69,29.2,-11.68
2535,-13.03,9.83,1.11,-15.24
2536,-6.76,63.19,-31.36,-17.82
2537,-14.16,22.79,-3.93,-16.81
2538,-2.39,6.71,19.46,-10.58
2539,-38.85,-20.21,6.9,-17.93
2540,-4.91,65.13,-1.36,-10.83
2541,6.53,-20.87,72.98,-5.09
2542,-18.43,29.15,-26.9,-21.35
2543,-41.89,16.98,-26.13,-14.01
2544,-17.15,26.79,12.87,-16.39
2545,-11.35,34.93,13.67,-18.1
2546,-24.63,-14.51,-25.21,-18.69
2547,69.07,98.76,30.75,-8.6
2548,-15.96,2.76,24.72,-30.97
2549,-104.37,-6.4,-0.13,-7.68
2550,-27.35,16.97,-3.87,-9.29
2551,-19.37,-1.24,-22.22,-15.25
2552,-23.59,24.29,1.08,-19.89
2553,-16.74,16.09,177.76,-17.2
2554,-7.9,42.73,-11.17,-13.8
2555,-12.38,35.91,-78.27,-14.43
2556,-21.55,3.01,-34.19,-18.9
2557,-14.96,0.76,-10.72,-21.85
2558,-1.09,50.65,31.58,-9.96
2559,-4.8,36.81,62.66,-9.27
2560,2.34,-22.2,1.5,-23.26
2561,-15.42,-56.49,-49.96,-19.31
2562,-48.88,87.49,-5.3,-18.93
2563,-30.18,10.58,-4.32,-21.24
2564,-15.9,37.21,5.75,-12.52
2565,-12.66,97.69,14.82,-14.9
2566,-23.84,28.2,9.53,-15.99
2567,97.7,34.29,8.75,-21.46
2568,-60.2,-67.43,-7.07,-41.13
2569,-72.83,29.8,3.8,-6.0
2570,-19.48,52.61,57.29,-14.35
2571,-14.45,-5.47,121.52,-20.78
2572,-15.06,35.79,-51.85,-3.13
2573,-2.76,64.47,-72.61,-10.82
2574,-6.56,42.18,-28.36,-20.59
2575,-24.67,-62.69,-3.9,-27.68
2576,6.09,42.18,65.36,-17.0
2577,-18.45,17.5,156.63,-13.16
2578,-26.53,92.44,-118.73,-12.91
2579,-28.91,-62.12,-37.47,-21.58
2580,-19.59,63.13,-23.66,-21.78
2581,4.08,138.67,-7.64,-13.64
2582,-10.19,-41.16,10.09,-14.38
2583,-24.63,19.44,8.31,-18.44
2584,-13.88,25.03,4.01,-12.78
2585,-11.02,5.04,11.0,-13.05
2586,18.06,-53.06,50.25,-16.53
2587,23.14,49.39,95.83,-19.08
2588,-112.75,69.85,-93.59,-16.8
2589,-38.92,32.8,39.96,-11.84
2590,-12.48,5.59,-11.14,-22.67
2591,-3.94,21.29,-32.67,-11.63
2592,2.63,6.54,3.81,-21.21
2593,-2.39,8.75,53.25,-23.34
2594,-34.53,87.06,-20.28,-7.92
2595,-26.39,5.51,3.73,-5.25
2596,-19.11,7.9,92.62,-21.17
2597,-16.82,-31.97,-39.76,-12.27
2598,-12.7,62.67,104.5,-17.37
2599,-20.3,33.02,-83.73,-19.13
2600,-23.03,-22.31,-12.14,-19.41
2601,-17.16,20.74,-8.12,-18.18
2602,-12.9,33.3,3.75,-13.28
2603,-15.1,30.9,71.73,-14.54
2604,-15.52,57.5,40.95,-18.26
2605,-1.75,-13.33,-1.31,-19.79
2606,-6.24,67.39,-57.36,-17.72
2607,-32.82,-9.86,-2.08,-13.14
2608,-25.43,46.24,-1.74,-14.08
2609,49.44,-55.57,12.77,-20.55
2610,26.82,8.1,95.33,-17.9
2611,-109.86,35.77,-43.73,-18.83
2612,-16.49,43.08,29.98,-18.97
2613,-19.69,-8.05,-37.02,-18.8
2614,-27.42,93.96,-2.55,-9.72
2615,-36.88,-17.03,49.23,-29.97
2616,-24.38,21.75,19.57,-25.15
2617,-12.51,40.72,0.51,-19.23
2618,-12.07,34.26,43.92,-19.87
2619,-18.84,0.71,-18.32,-24.24
2620,-36.33,-11.61,74.92,-21.67
2621,-11.18,15.39,32.23,-23.17
2622,-20.06,21.15,-52.59,-21.18
2623,-7.0,63.9,-40.43,-16.33
2624,-17.02,-37.71,-7.28,-17.87
2625,1.14,150.66,-1.37,-6.83
2626,-19.68,-23.51,25.75,-23.46
2627,-29.83,-28.47,5.01,-24.18
2628,-16.59,22.26,-7.81,-13.29
2629,9.99,94.65,15.64,-12.6
2630,32.21,-51.16,3.25,-17.17
2631,27.22,22.76,16.34,-17.18
2632,-128.92,-7.87,36.72,-11.99
2633,-46.99,6.34,-30.36,-16.13
2634,-18.28,21.83,5.19,-13.21
2635,-19.47,9.35,2.8,-21.53
2636,-14.49,20.05,118.18,-18.22
2637,-20.45,0.01,123.67,-20.79
2638,-13.84,55.47,-40.0,-16.35
2639,0.52,4.05,-18.8,-19.63
2640,-5.48,42.62,-97.48,-15.01
2641,-16.4,27.33,13.42,-21.9
2642,-18.16,51.78,-29.3,-16.72
2643,80.33,81.89,-0.02,-8.44
2644,-2.4,-72.54,-1.42,-18.6
2645,-129.6,18.65,9.54,-25.21
2646,-45.42,25.64,0.26,-19.15
2647,-19.23,-20.81,9.78,-17.78
2648,-7.25,17.11,6.16,-11.59
2649,0.74,15.82,8.27,-25.21
2650,-6.38,59.8,10.2,-13.35
2651,-31.1,-3.66,34.94,-7.72
2652,-9.08,89.68,119.58,-20.21
2653,-23.7,-36.27,-18.8,-30.27
2654,-9.96,-1.69,-11.27,-25.85
2655,2.14,13.21,-13.88,-9.14
2656,-7.3,38.31,116.89,-5.18
2657,-24.81,12.44,-86.38,-21.17
2658,30.0,57.64,-55.44,-12.85
2659,72.53,6.05,-22.41,-16.2
2660,-110.63,-35.67,1.24,-10.74
2661,-50.59,88.68,8.89,-11.11
2662,-29.9,-41.31,20.9,-15.73
2663,-14.65,23.94,-0.32,-23.28
2664,-12.86,22.94,-5.39,-8.56
2665,1.8,50.8,2.85,-7.2
2666,-7.97,42.43,7.56,-14.55
2667,-13.69,-16.48,8.61,-15.8
2668,-22.2,-31.94,86.7,-12.32
2669,-9.38,37.08,13.92,-14.0
2670,-16.9,44.47,19.73,-14.59
2671,-11.16,12.82,-3.25,-13.39
2672,-19.32,11.49,-20.73,-16.54
2673,-20.76,30.59,-23.55,-12.28
2674,-24.79,11.71,42.99,-18.11
2675,0.22,31.26,104.0,-13.9
2676,-5.51,55.06,-53.45,-17.83
2677,1.96,24.27,-46.38,-6.95
2678,10.05,-12.79,-6.42,-12.19
2679,43.56,32.56,2.92,-19.81
2680,-108.08,27.16,15.18,-15.73
2681,-32.51,59.1,14.94,-17.54
2682,-13.07,74.58,153.64,-4.55
2683,-37.69,3.57,-47.1,-16.28
2684,-1.95,-20.66,19.87,-4.8
2685,-32.23,-15.67,33.84,-21.21
2686,-15.29,0.94,-81.22,-13.56
2687,-11.21,13.5,-8.71,-9.61
2688,12.97,142.32,-0.9,-6.56
2689,-10.81,-55.13,4.9,-11.06
2690,2.26,130.87,34.44,-8.98
2691,-13.92,-83.28,75.67,-14.89
2692,-40.16,34.17,17.36,-14.59
2693,-20.38,7.22,20.26,-13.16
2694,-19.07,-30.92,-59.93,-15.97
2695,-24.59,3.99,-12.05,-15.79
2696,-22.46,12.81,2.11,-16.84
2697,87.41,21.83,5.27,-13.87
2698,-37.49,46.37,9.14,-9.14
2699,-82.3,9.92,99.2,-13.1
2700,-31.86,-9.76,63.81,-22.99
2701,-7.02,69.83,-83.4,-6.62
2702,-15.18,-14.37,-14.85,-17.01
2703,-22.53,-21.68,-1.46,-16.23
2704,80.68,36.23,2.92,-18.43
2705,-25.45,-0.53,1.97,-19.25
2706,-106.62,40.12,8.33,-18.57
2707,-20.49,71.98,95.04,-14.8
2708,-15.79,107.55,4.67,-17.26
2709,3.26,63.74,12.42,-4.62
2710,-54.43,-39.53,5.36,-21.71
2711,-0.15,-48.66,-22.92,-21.84
2712,-15.69,-0.65,0.91,-20.12
2713,-7.17,34.85,111.61,-8.63
2714,-13.4,18.75,-64.46,-17.33
2715,3.35,54.31,58.05,-10.07
2716,-4.01,-79.59,-25.52,-13.46
2717,-17.27,122.65,-0.61,-15.17
2718,68.97,0.95,-37.1,-16.72
2719,-81.97,100.74,0.02,-13.07
2720,-60.57,-10.03,-0.97,-18.2
2721,-29.37,21.19,14.97,-19.98
2722,-14.05,21.99,59.0,-14.7
2723,-13.61,-33.77,-24.88,-11.61
2724,-8.05,118.84,57.75,-9.14
2725,-5.73,10.36,-31.51,-17.02
2726,-11.65,-0.77,-4.93,-21.24
2727,-17.56,24.6,61.07,-19.07
2728,-21.57,62.36,21.92,-14.29
2729,-10.01,45.91,-38.91,-19.84
2730,-14.93,-35.41,-0.82,-16.91
2731,1.65,32.28,37.28,-14.8
2732,-10.01,84.29,75.72,-13.05
2733,-19.63,8.33,14.4,-18.16
2734,-12.59,31.28,5.63,-11.29
2735,-8.24,72.0,67.12,-6.94
2736,-7.15,-50.97,-92.69,-22.16
2737,25.1,-25.82,-8.97,-20.25
2738,20.95,42.23,0.65,-13.6
2739,-111.58,-42.57,15.88,-8.78
2740,-37.41,39.71,15.32,-13.17
2741,-14.29,-22.82,7.95,-12.58
2742,-12.5,122.64,13.71,-12.34
2743,-17.96,11.79,249.14,-27.3
2744,-1.17,4.37,-13.22,-22.31
2745,14.93,12.85,-146.54,-12.45
2746,-32.24,26.21,-27.39,-15.28
2747,-14.03,14.62,10.36,-17.1
2748,35.27,160.22,6.01,-7.29
2749,54.39,-11.17,24.95,-17.24
2750,-89.05,53.12,-9.38,-10.13
2751,-52.31,-28.09,-1.06,-24.04
2752,-28.48,-54.84,5.32,-21.22
2753,-26.26,1.82,13.35,-20.28
2754,-16.03,17.74,10.62,-16.99
2755,-8.02,15.65,97.02,-14.49
2756,-25.97,23.59,-31.27,-9.71
2757,-7.18,1.64,-21.05,-18.71
2758,-0.22,44.48,-2.35,-16.54
2759,-8.38,32.76,2.68,-21.79
2760,-14.05,-91.41,7.24,-14.93
2761,116.34,241.52,20.59,-5.24
2762,-117.51,-79.23,157.35,-22.19
2763,-44.48,53.27,-30.02,-21.71
2764,-29.98,-12.38,-37.1,-15.99
2765,27.15,34.42,-18.31,-20.56
2766,-36.42,-16.71,28.98,-17.62
2767,68.94,78.53,-20.77,-10.79
2768,-121.6,-18.07,9.56,-15.66
2769,-37.4,-22.4,-10.77,-21.08
2770,-1.28,47.91,-11.19,-12.48
2771,5.94,115.42,7.94,-15.79
2772,-15.13,-30.85,47.14,-15.0
2773,-28.07,-37.36,-21.66,-18.56
2774,-14.84,11.53,8.4,-18.88
2775,0.83,110.36,9.36,-2.84
2776,-18.78,-61.71,7.78,-11.06
2777,-20.75,-8.9,15.42,-16.15
2778,-11.64,3.47,19.89,-19.59
2779,5.07,34.9,42.17,-6.29
2780,-8.83,20.1,47.87,-17.17
2781,-47.73,13.85,128.79,-15.97
2782,23.78,29.91,-58.19,-17.85
2783,55.4,52.64,-51.18,-18.08
2784,-106.38,38.26,-14.57,-13.24
2785,-30.61,44.56,10.29,-12.04
2786,-20.78,-9.64,-26.78,-20.3
2787,-7.32,-5.86,-7.3,-18.56
2788,-6.48,64.38,15.35,-19.99
2789,-1.53,99.8,29.41,-10.14
2790,-9.9,102.48,-1.51,-7.12
2791,-29.21,-120.95,-4.89,-17.86
2792,-18.84,-0.1,27.91,-19.91
2793,-14.16,5.92,-8.45,-15.35
2794,-8.43,22.94,0.7,-8.24
2795,23.97,51.13,7.84,-11.12
2796,-53.33,-17.5,45.67,-13.05
2797,-19.35,71.0,30.3,-17.9
2798,-27.96,-33.85,67.53,-15.79
2799,-23.98,-11.11,21.08,-20.36
2800,-1.59,60.01,-93.84,-16.6
2801,24.84,62.97,-3.24,-16.34
2802,58.89,112.21,146.78,-6.75
2803,-109.06,-5.38,-77.8,-22.08
2804,-33.65,-14.25,-49.05,-19.59
2805,-18.32,-4.92,-7.27,-15.36
2806,-14.17,29.75,30.11,-15.57
2807,-9.24,21.21,32.15,-14.15
2808,-12.4,23.13,10.92,-13.65
2809,-16.65,25.39,-4.13,-13.89
2810,18.24,71.78,-23.11,-9.86
2811,-2.65,51.48,1.0,-7.66
2812,-59.15,-4.61,95.0,-18.87
2813,-40.49,18.28,-0.4,-13.44
2814,62.02,14.52,79.88,-20.3
2815,24.36,-5.99,-88.73,-19.67
2816,-107.2,8.96,5.7,-17.91
2817,-34.46,-8.57,-30.6,-17.21
2818,-22.72,6.29,-0.62,-15.95
2819,-7.62,13.81,3.42,-13.78
2820,-0.8,65.38,23.42,-1.35
2821,-10.89,61.07,84.57,-15.61
2822,-20.54,-13.5,37.49,-23.43
2823,-19.33,22.1,-73.24,-16.52
2824,2.45,55.51,-8.9,-16.85
2825,1.25,25.42,1.1,-15.85
2826,-32.71,6.84,4.98,-17.59
2827,56.12,51.27,8.01,-11.69
2828,-79.27,-16.67,9.84,-11.33
2829,-43.46,1.18,78.7,-16.7
2830,-13.04,85.17,68.23,-16.49
2831,-18.13,-12.73,-34.44,-7.82
2832,18.25,107.63,49.13,-12.97
2833,-26.83,-45.31,-40.05,-16.6
2834,-21.41,-19.73,21.58,-22.16
2835,-6.31,93.93,-53.43,-8.84
2836,16.33,-14.91,3.63,-7.59
2837,-31.59,-23.6,-9.98,-21.47
2838,66.22,33.85,9.89,-10.92
2839,-64.84,21.98,54.39,-15.35
2840,-69.64,43.06,97.72,-9.44
2841,-5.5,39.95,-95.53,-15.04
2842,63.77,44.9,-1.66,-13.22
2843,-71.57,29.46,1.14,-13.9
2844,-15.98,39.04,0.68,-18.96
2845,-48.58,14.49,10.33,-11.49
2846,-27.52,-4.77,97.23,-12.09
2847,-2.51,50.07,-10.42,-18.11
2848,-6.92,64.94,-8.22,-5.4
2849,-25.08,10.06,24.62,-17.27
2850,-13.79,-5.2,65.62,-9.95
2851,29.97,40.79,-15.43,-19.9
2852,8.59,5.93,-46.51,-17.28
2853,-35.63,3.81,21.04,-18.94
2854,-9.92,53.65,44.77,-16.88
2855,10.66,30.33,-43.44,-22.3
2856,-106.65,-14.34,11.4,-19.33
2857,-25.66,39.85,1.53,-6.27
2858,-13.87,-24.02,13.08,-14.22
2859,-13.42,80.44,43.76,-7.26
2860,-23.69,-22.82,-26.48,-22.96
2861,-5.41,36.25,91.81,-7.73
2862,-14.29,32.31,80.79,-14.75
2863,-28.38,-27.8,-84.92,-18.76
2864,2.98,43.05,-46.19,-7.11
2865,-16.49,107.17,-7.11,-13.41
2866,-49.36,4.65,-4.34,-18.71
2867,-4.2,-57.81,8.43,-18.09
2868,-2.65,78.85,138.24,-16.47
2869,28.45,158.45,-18.43,-2.75
2870,-45.92,-83.28,-68.41,-17.41
2871,-29.96,-66.5,35.87,-18.51
2872,-17.73,43.18,-25.31,-23.8
2873,68.37,28.39,-15.76,-11.14
2874,-4.56,29.95,-3.33,-19.16
2875,-108.65,86.16,0.97,-12.12
2876,-37.31,-4.03,10.47,-17.63
2877,-8.54,65.48,18.8,-9.79
2878,-8.01,62.75,5.17,-11.96
2879,-9.96,43.01,48.45,-9.12
2880,-13.72,7.42,69.87,-16.98
2881,-16.58,-4.81,-27.55,-14.0
2882,-29.54,23.69,37.74,-23.26
2883,-5.21,-72.29,-30.67,-14.56
2884,-23.73,68.63,-10.2,-19.2
2885,-7.33,73.87,-24.69,-14.55
2886,-9.02,56.28,-12.85,-17.02
2887,-24.07,6.88,19.45,-9.58
2888,-14.46,26.07,67.08,-3.64
2889,84.01,74.12,24.37,-18.96
2890,-34.0,58.21,19.9,-14.09
2891,-73.04,1.25,-61.29,-11.17
2892,-30.28,-19.9,-8.08,-21.51
2893,-26.42,-92.02,-5.98,-18.33
2894,-20.55,19.19,7.07,-19.94
2895,-7.06,205.52,23.46,-10.6
2896,-27.89,-70.14,51.04,-23.24
2897,-17.28,7.07,64.46,-21.07
2898,-11.51,39.96,-75.85,-12.02
2899,-6.92,15.59,1.02,-9.11
2900,-7.77,88.5,2.79,-14.13
2901,-9.85,-2.59,1.03,-18.05
2902,-42.59,21.73,5.03,-12.21
2903,-6.36,-7.35,11.55,-17.67
2904,-10.31,24.39,82.77,-12.5
2905,-3.52,154.86,76.79,-16.34
2906,41.5,-116.72,-89.0,-15.85
2907,-19.0,46.31,-11.07,-21.5
2908,-91.67,110.9,5.63,-17.02
2909,-14.16,-21.38,1.77,-14.92
2910,-15.82,-44.28,177.23,-14.89
2911,-7.29,-5.78,12.37,-21.16
2912,-20.95,32.2,-49.85,-10.83
2913,-9.23,45.3,-68.25,-7.71
2914,-18.02,65.9,-4.05,-13.74
2915,-18.34,13.9,-7.67,-17.87
2916,5.69,64.23,-6.18,-7.77
2917,-24.23,34.0,-2.92,-13.11
2918,-35.92,-37.28,1.87,-13.77
2919,66.19,14.03,140.64,-2.37
2920,-79.52,36.64,-42.7,-20.65
2921,-31.47,13.06,-43.22,-13.59
2922,-18.02,57.56,-9.56,-16.64
2923,-17.83,-31.18,6.58,-14.07
2924,4.07,61.91,9.74,-17.49
2925,-20.35,-53.24,101.3,-11.33
2926,-15.74,8.8,-44.1,-20.35
2927,17.76,98.0,-15.82,-9.81
2928,19.57,66.65,113.18,-13.52
2929,3.03,-81.74,23.75,-32.12
2930,-114.82,32.17,-99.31,-8.09
2931,-18.31,43.83,13.19,-8.01
2932,-9.1,-45.43,-21.78,-23.67
2933,-16.07,30.67,-8.11,-20.3
2934,13.06,40.77,0.72,-13.14
2935,-23.26,40.23,16.65,-9.41
2936,-15.54,69.19,36.5,-16.27
2937,-5.45,22.42,-14.24,-10.03
2938,-26.35,-7.61,101.68,-17.79
2939,19.12,-11.23,-58.41,-12.31
2940,58.91,55.82,-19.47,-13.1
2941,-51.65,-0.33,-1.3,-15.93
2942,-99.38,22.74,6.11,-13.84
2943,-26.61,73.62,21.07,-16.0
2944,-6.04,15.79,36.15,-6.3
2945,-19.22,31.73,-1.71,-20.7
2946,-24.83,-62.24,117.77,-13.41
2947,-23.71,63.58,-71.71,-22.96
2948,15.11,31.47,66.24,-7.94
2949,8.63,32.5,-25.03,-13.67
2950,-17.05,46.44,-41.07,-11.11
2951,-10.09,36.8,6.2,-13.75
2952,0.57,6.89,-17.22,-9.01
2953,5.6,37.29,-2.97,-20.35
2954,-44.78,-14.06,-0.59,-14.69
2955,63.83,40.15,45.77,-13.4
2956,-92.34,2.09,-1.29,-18.12
2957,-41.33,57.86,130.47,-16.64
2958,-9.15,72.89,-76.6,-15.27
2959,-18.16,-67.64,-17.74,-12.24
2960,-32.77,-22.55,52.37,-19.17
2961,-2.07,51.76,1.77,-10.16
2962,-10.83,9.15,6.52,-19.92
2963,-14.38,17.1,-8.97,-22.96
2964,-2.9,-7.96,-42.9,-18.99
2965,-8.07,64.33,77.63,-14.16
2966,-3.53,54.08,26.51,-8.12
2967,-24.14,-77.57,-80.12,-16.65
2968,-13.13,65.75,-15.2,-13.95
2969,13.87,48.49,-2.9,-10.87
2970,-30.44,32.21,2.0,-11.07
2971,-32.8,91.16,38.35,-4.21
2972,1.2,25.9,32.36,-12.25
2973,27.79,-54.3,-37.16,-23.85
2974,54.69,42.63,-5.98,-8.63
2975,-120.29,16.13,1.38,-18.02
2976,-38.92,-20.42,126.06,-7.31
2977,-24.12,28.38,44.42,-13.53
2978,-17.87,6.29,-44.35,-5.63
2979,-12.18,-2.13,-61.99,-25.3
2980,-13.16,61.79,-2.23,-6.75
2981,1.74,-13.33,83.11,-13.94
2982,12.05,77.71,-32.77,-6.89
2983,-9.49,-24.45,-33.61,-14.61
2984,26.69,98.15,11.59,-16.44
2985,-42.35,3.12,4.14,-5.42
2986,-43.12,-13.21,44.67,-30.23
2987,62.39,140.17,14.82,-7.43
2988,19.69,71.78,-56.05,-15.7
2989,-123.07,-130.28,-14.76,-24.0
2990,-41.54,-12.3,-1.43,-14.97
2991,-18.85,26.41,6.31,-13.42
2992,-10.06,-32.68,126.19,-7.3
2993,-8.17,-3.38,-27.44,-25.75
2994,-27.15,51.27,-26.8,-18.78
2995,-16.55,41.49,-29.35,-16.38
2996,-13.7,58.73,29.05,-15.92
2997,-10.58,-31.42,170.88,-13.96
2998,8.23,122.58,-141.47,-10.06
2999,-47.26,-30.25,-25.1,-20.52
