,ch1,ch2,ch3,ch4
0,-31.56,-534.06,-182.73,85.65
1,0.59,-405.31,-59.12,19.44
2,-10.7,-476.86,-105.24,16.54
3,-9.76,-527.44,-99.06,-5.33
4,3.31,-334.89,-84.2,49.07
5,-9.02,-354.73,-93.27,24.2
6,-10.83,-500.96,-102.18,68.99
7,-23.28,-577.18,-96.09,33.98
8,-8.08,-378.54,-86.5,28.42
9,-9.0,-469.51,-87.22,48.06
10,-11.89,-525.33,-93.56,28.88
11,-20.36,-503.83,-89.59,29.56
12,5.46,-474.58,-86.31,0.8
13,-33.13,-507.47,-94.24,69.85
14,-25.99,-502.58,-94.26,55.43
15,-13.33,-444.49,-143.61,-23.64
16,-5.4,-350.19,-71.68,133.78
17,1.71,-500.22,-84.51,33.75
18,-2.99,-474.37,-88.97,32.81
19,-15.46,-508.0,-95.79,32.17
20,-11.34,-456.97,-160.0,-43.69
21,-12.18,-496.81,-166.14,99.81
22,-21.53,-461.81,-47.84,98.38
23,-7.69,-463.3,-82.14,-10.33
24,16.72,-380.38,-75.48,68.74
25,-12.42,-484.68,-81.68,35.54
26,-9.26,-435.21,-95.69,34.15
27,-12.04,-491.04,-91.15,39.37
28,-6.74,-486.19,-94.1,29.67
29,-7.77,-476.86,-90.25,28.2
30,-9.08,-470.36,-84.25,24.49
31,-25.94,-490.66,-101.5,52.56
32,-9.35,-538.77,-104.08,-5.91
33,-12.32,-398.81,-132.78,65.81
34,3.09,-343.42,-62.14,29.63
35,-7.44,-415.83,-80.54,33.58
36,-22.48,-542.92,-81.76,24.96
37,-28.83,-497.98,-101.86,-33.66
38,-8.47,-481.38,-91.64,52.63
39,14.74,-488.42,-71.42,124.39
40,-16.66,-423.38,-108.04,31.13
41,-21.19,-489.95,-84.61,37.2
42,-15.65,-441.93,-89.97,25.58
43,-1.82,-425.97,-97.1,47.62
44,-13.04,-499.68,-91.21,16.65
45,-17.26,-481.91,-96.6,17.05
46,-11.69,-497.97,-98.68,31.58
47,-25.24,-502.99,-149.98,54.63
48,-10.94,-450.9,-57.22,28.91
49,-16.55,-504.78,-86.9,41.25
50,-3.36,-375.68,-87.52,36.37
51,-6.73,-524.11,-71.51,10.63
52,-23.74,-493.06,-90.31,56.29
53,-15.12,-467.46,-89.84,34.64
54,-20.4,-493.08,-86.9,31.34
55,-27.97,-513.01,-91.46,16.18
56,19.42,-249.75,-189.55,-135.98
57,-19.9,-568.02,-110.56,201.79
58,-19.73,-462.63,-38.23,33.94
59,-7.92,-448.45,-74.74,13.03
60,2.78,-371.03,-76.73,31.37
61,-15.19,-559.9,-80.58,37.85
62,-15.73,-487.64,-88.58,15.06
63,-19.71,-493.06,-85.54,42.62
64,30.36,-439.19,-145.84,-95.78
65,-11.45,-206.62,-97.16,77.97
66,-52.13,-660.08,-114.59,68.68
67,-22.04,-450.37,-70.41,62.79
68,-2.02,-354.28,-79.95,27.93
69,-24.64,-649.63,-88.48,-6.02
70,-9.46,-481.64,-106.59,34.85
71,-12.0,-489.92,-90.31,36.18
72,-13.01,-477.92,-89.27,-8.62
73,-16.42,-484.05,-90.19,54.59
74,-40.5,-674.81,-111.21,13.25
75,-8.48,-329.52,-120.8,6.54
76,10.17,-403.13,-80.96,17.96
77,-5.25,-415.45,-95.62,1.63
78,-3.65,-515.28,-90.21,78.99
79,22.55,-339.15,-117.06,63.5
80,16.72,-369.11,-67.86,-27.19
81,-46.97,-598.52,-124.42,24.61
82,-40.06,-522.79,-205.23,-36.6
83,-25.77,-513.97,-35.07,25.75
84,2.17,-392.37,-107.6,56.49
85,-4.0,-477.53,-75.04,-11.01
86,-0.07,-489.07,-99.09,25.54
87,-8.07,-468.29,-91.32,37.07
88,-29.7,-527.74,-88.32,48.59
89,-27.07,-516.59,-123.72,61.89
90,-25.27,-470.99,-81.64,20.2
91,-13.42,-304.68,-97.07,10.0
92,-16.87,-615.08,-102.2,-13.33
93,7.36,-395.42,-91.79,32.5
94,-0.6,-425.77,-103.01,-6.05
95,1.45,-433.17,-103.65,18.77
96,-36.05,-477.41,-66.87,38.57
97,-9.05,-460.39,-115.91,28.46
98,1.27,-422.54,-125.39,-34.55
99,5.8,-441.09,-109.55,-8.44
100,-30.38,-509.74,-62.67,52.25
101,-28.35,-340.77,-97.96,39.57
102,-29.85,-558.59,-99.16,65.06
103,-23.61,-538.47,-111.51,11.7
104,-11.91,-476.19,-172.43,24.82
105,1.16,-419.02,-120.34,4.93
106,-12.02,-441.21,-74.47,19.62
107,-34.15,-548.3,-129.39,17.44
108,-22.63,-405.84,-53.87,56.27
109,-15.8,-498.39,-92.59,39.73
110,-11.51,-466.34,-85.97,17.7
111,-8.23,-479.51,-105.93,2.52
112,-3.43,-458.87,-91.42,10.0
113,-20.35,-525.95,-119.7,35.1
114,-22.77,-414.23,-100.19,10.56
115,-11.06,-416.57,-88.03,52.82
116,-3.58,-479.58,-97.86,-15.26
117,-40.79,-516.73,-106.59,10.3
118,-29.35,-512.17,-87.55,6.64
119,-10.1,-340.42,-114.49,50.89
120,-6.74,-388.63,-81.94,73.1
121,-32.46,-514.58,-110.22,4.83
122,-31.61,-495.89,-88.48,42.08
123,1.31,-416.34,-115.3,31.13
124,-29.28,-569.28,-118.18,43.67
125,-18.65,-421.08,-99.91,27.67
126,-13.33,-409.71,-110.9,6.2
127,-16.13,-444.94,-106.47,30.6
128,-43.24,-599.1,-136.21,40.62
129,-12.79,-430.3,-98.12,-9.03
130,-26.29,-477.4,-97.28,17.66
131,-11.49,-411.78,-98.04,17.02
132,-24.36,-526.18,-96.19,37.57
133,-26.89,-492.54,-101.53,18.84
134,9.3,-375.06,-103.8,18.84
135,-9.78,-440.32,-109.65,2.77
136,-26.37,-485.79,-133.83,42.65
137,-14.92,-474.05,-51.79,51.69
138,-29.38,-480.12,-142.98,-12.92
139,-12.63,-408.89,-84.06,28.76
140,-10.64,-369.96,-96.17,19.95
141,-12.04,-595.96,-95.9,17.24
142,-12.09,-479.54,-94.4,-4.41
143,-8.01,-416.74,-89.16,39.64
144,-6.9,-438.75,-101.27,-4.52
145,-10.6,-511.29,-98.87,2.33
146,-5.37,-345.28,-95.32,46.29
147,-8.81,-470.64,-102.12,6.49
148,-22.88,-482.32,-90.97,23.45
149,-20.53,-445.69,-90.58,5.07
150,-7.36,-464.33,-108.4,48.46
151,-8.6,-433.04,-102.71,-6.26
152,-21.63,-482.18,-95.02,20.78
153,-18.2,-477.83,-96.04,21.59
154,-7.3,-460.07,-101.22,12.59
155,0.54,-439.26,-124.39,-46.34
156,-35.94,-421.45,-121.1,50.17
157,-29.37,-532.93,-83.77,17.51
158,-22.33,-514.75,-91.76,22.4
159,-1.09,-394.42,-91.84,46.42
160,-11.55,-458.7,-101.72,27.58
161,-18.86,-479.95,-107.6,21.84
162,-20.72,-473.56,-110.64,17.38
163,-35.56,-464.07,-106.78,8.09
164,-2.29,-441.31,-103.85,-2.8
165,-18.27,-438.53,-113.18,28.53
166,-3.7,-451.19,-136.76,16.99
167,-20.09,-454.23,-86.3,43.0
168,-32.16,-492.19,-88.57,56.54
169,-21.81,-477.45,-132.67,-5.63
170,-19.65,-477.22,-87.72,35.36
171,-16.55,-477.25,-105.49,21.56
172,-28.75,-474.36,-100.34,23.68
173,-33.1,-475.98,-96.39,22.52
174,-2.98,-445.63,-109.33,8.62
175,9.28,-486.99,-126.2,-17.0
176,-29.99,-439.84,-120.39,14.01
177,-24.61,-478.83,-105.39,24.5
178,-14.41,-425.36,-81.5,51.05
179,-19.01,-511.21,-96.93,53.42
180,-13.3,-483.3,-99.32,12.62
181,-20.08,-482.2,-103.4,19.34
182,-24.58,-470.89,-107.46,15.55
183,-34.8,-479.27,-103.87,18.9
184,-44.74,-490.69,-106.79,14.74
185,-26.67,-552.79,-117.84,16.51
186,9.24,-369.58,-127.71,-12.53
187,1.25,-320.63,-118.93,-20.18
188,-20.97,-460.65,-112.83,35.55
189,-21.45,-486.35,-106.24,41.32
190,-37.26,-539.9,-90.72,70.44
191,-23.79,-505.43,-109.88,6.22
192,-23.02,-468.25,-104.61,32.78
193,-39.27,-495.96,-105.73,20.2
194,-28.6,-488.77,-108.02,24.21
195,-19.7,-478.62,-110.25,23.36
196,-22.72,-486.19,-107.8,21.51
197,-28.95,-472.02,-114.61,18.86
198,-27.87,-469.6,-132.29,-0.74
199,-40.53,-577.36,-100.58,13.7
200,-11.82,-414.2,-118.8,18.05
201,-6.36,-414.67,-115.3,58.54
202,-17.98,-442.21,-122.38,-0.24
203,-49.98,-527.28,-97.67,3.15
204,-13.65,-345.93,-103.89,37.26
205,-7.99,-448.01,-110.52,22.52
206,-26.44,-595.87,-112.04,18.02
207,-6.6,-440.62,-117.52,7.76
208,3.99,-333.59,-123.05,-9.58
209,-46.95,-457.04,-120.94,-0.4
210,-22.22,-575.37,-145.8,61.58
211,-40.04,-505.05,-76.19,71.05
212,-19.82,-476.21,-96.08,-6.34
213,-33.51,-489.66,-98.14,25.78
214,-19.8,-484.98,-102.65,-58.13
215,-29.9,-501.8,-124.14,38.49
216,-19.96,-515.63,-114.24,32.67
217,5.8,-371.21,-106.9,41.77
218,-25.21,-417.24,-113.74,3.43
219,-36.38,-523.66,-108.31,15.38
220,-28.62,-434.29,-102.71,31.46
221,-5.61,-437.64,-128.59,23.5
222,-21.92,-499.23,-156.2,-6.63
223,-19.86,-491.46,-150.33,51.4
224,-24.49,-481.21,-91.46,-18.52
225,-32.89,-472.45,-90.1,14.26
226,-29.61,-495.81,-113.09,29.49
227,-26.68,-483.25,-121.58,0.81
228,-15.52,-493.43,-73.91,60.25
229,4.27,-395.82,-120.2,-26.2
230,-11.75,-465.42,-94.77,39.3
231,4.55,-418.06,-84.99,37.23
232,-16.21,-410.91,-118.31,6.93
233,-34.45,-522.14,-107.99,21.08
234,-23.47,-463.85,-109.22,1.51
235,-29.18,-490.08,-112.5,4.86
236,-34.4,-504.84,-99.78,28.85
237,-11.94,-443.87,-94.43,32.18
238,-14.24,-446.44,-103.49,16.93
239,-14.07,-473.89,-107.56,27.7
240,-23.43,-478.47,-99.44,19.47
241,-28.7,-516.05,-117.02,-1.99
242,-3.57,-386.55,-98.71,30.7
243,-16.7,-446.46,-98.19,32.14
244,-4.61,-472.16,-105.4,15.57
245,-9.79,-428.28,-104.57,-0.16
246,-28.43,-506.66,-102.64,19.01
247,-1.21,-384.35,-105.07,25.12
248,-5.05,-372.79,-80.42,47.1
249,-22.96,-474.5,-115.82,11.94
250,-11.24,-407.73,-110.81,2.01
251,-37.55,-695.46,-104.34,-3.53
252,-10.63,-392.78,-85.59,15.64
253,6.94,-491.3,-114.29,-5.82
254,-19.91,-372.62,-88.46,53.28
255,-30.62,-451.51,-99.13,56.2
256,-14.16,-447.76,-91.98,9.85
257,-2.23,-469.93,-102.13,3.54
258,-5.0,-390.96,-113.63,18.4
259,-32.12,-527.49,-97.98,73.42
260,-31.28,-461.53,-92.68,-26.28
261,-5.71,-381.21,-87.04,-24.54
262,-14.58,-494.36,-94.31,29.83
263,-16.66,-504.61,-89.18,99.32
264,-31.09,-544.92,-165.37,-76.16
265,-27.98,-455.72,-163.62,23.92
266,-0.87,-417.23,-63.98,-70.0
267,-19.61,-442.76,-81.36,81.57
268,-32.91,-493.34,-83.64,25.96
269,-33.12,-503.13,-90.96,18.36
270,-0.39,-437.0,-95.26,23.91
271,-8.15,-393.59,-163.92,-12.0
272,-16.99,-456.65,-68.55,29.09
273,-27.66,-411.78,-97.4,5.0
274,-19.68,-432.94,-94.03,31.08
275,-24.51,-478.1,-84.31,25.18
276,-44.39,-560.54,-106.74,47.63
277,-29.7,-448.97,-88.07,40.33
278,-10.65,-476.62,-113.15,-45.98
279,-40.47,-504.48,-92.62,45.41
280,-42.84,-549.41,-120.47,24.91
281,-48.8,-515.7,-85.2,38.46
282,0.43,-402.33,-95.02,20.62
283,-6.52,-458.52,-98.85,17.85
284,-11.54,-447.27,-106.2,10.28
285,-15.53,-448.9,-107.09,6.6
286,-26.37,-469.39,-102.5,18.43
287,-16.72,-465.58,-113.23,-0.34
288,-24.79,-465.56,-100.68,18.35
289,-13.91,-471.07,-106.66,-10.19
290,-25.03,-473.81,-92.81,40.85
291,-19.61,-457.42,-94.86,27.95
292,-24.29,-449.42,-97.82,20.27
293,-13.84,-359.06,-98.51,10.47
294,-6.83,-437.13,-101.57,22.25
295,-26.82,-550.55,-94.1,22.42
296,-12.57,-426.55,-93.9,26.14
297,-16.29,-466.66,-92.19,18.46
298,-26.69,-498.65,-90.77,28.16
299,-18.31,-368.35,-98.09,15.11
300,-24.21,-512.99,-100.66,-6.02
301,-17.25,-410.0,-99.99,1.22
302,5.86,-425.45,-100.95,24.78
303,-10.37,-466.61,-108.77,43.11
304,-17.92,-481.65,-95.59,-14.7
305,-19.76,-424.02,-80.14,35.74
306,-23.44,-473.3,-104.99,8.4
307,-20.19,-448.02,-105.0,11.98
308,-7.55,-456.19,-82.12,20.63
309,-25.82,-458.55,-100.7,41.98
310,-23.51,-531.42,-98.57,-18.03
311,-9.5,-428.72,-99.85,-8.38
312,2.21,-348.26,-93.3,10.29
313,-14.4,-467.58,-102.3,12.62
314,-9.52,-433.37,-86.91,20.56
315,-19.92,-458.44,-90.6,12.03
316,-28.6,-494.51,-91.83,15.67
317,-14.72,-472.21,-93.14,12.24
318,-13.39,-425.93,-98.16,11.71
319,-8.78,-445.61,-106.24,-4.31
320,-11.12,-371.59,-134.77,-41.33
321,-10.08,-460.52,-89.63,41.78
322,-16.11,-455.89,-92.87,27.93
323,-29.78,-504.97,-118.89,15.49
324,-8.23,-446.7,-75.87,21.74
325,-22.45,-467.94,-110.05,4.24
326,-29.61,-479.43,-95.59,24.52
327,-26.51,-519.27,-106.75,-15.34
328,15.06,-357.63,-101.0,10.07
329,-18.85,-434.01,-141.19,59.22
330,-44.17,-557.73,-84.1,0.68
331,-14.22,-434.38,-105.56,8.65
332,-21.55,-413.65,-87.3,13.44
333,-20.64,-431.26,-111.57,-15.96
334,-9.39,-384.69,-101.83,2.33
335,-40.56,-570.11,-105.69,33.07
336,-29.5,-499.78,-103.25,11.49
337,-11.32,-452.4,-96.31,5.11
338,-23.2,-466.49,-100.57,8.46
339,-4.05,-411.35,-96.93,8.26
340,-18.94,-507.59,-98.6,9.78
341,-39.87,-551.91,-126.53,-3.2
342,-13.89,-406.38,-103.93,-33.71
343,-8.82,-407.53,-104.39,21.95
344,-7.66,-395.2,-100.16,24.23
345,-18.23,-403.67,-107.22,13.67
346,-25.33,-544.77,-98.6,23.54
347,-25.82,-515.15,-110.25,16.64
348,-31.31,-460.69,-107.79,19.68
349,-32.97,-462.25,-98.01,-20.73
350,-24.05,-471.69,-127.21,-17.04
351,-11.98,-461.23,-96.38,62.19
352,-11.76,-445.68,-106.48,19.76
353,-26.96,-487.86,-102.47,24.08
354,-26.81,-495.53,-105.35,24.75
355,-27.65,-466.34,-107.42,15.1
356,-23.79,-475.87,-100.93,15.91
357,-41.71,-590.23,-113.69,-2.44
358,8.07,-256.95,-144.37,-26.3
359,-41.91,-454.32,-111.38,38.6
360,-13.25,-522.88,-98.24,60.81
361,-10.63,-405.0,-78.21,17.83
362,-31.69,-528.23,-84.28,46.72
363,-20.88,-483.27,-102.54,8.02
364,-19.36,-513.0,-101.01,14.06
365,-30.12,-519.47,-87.66,25.45
366,-10.71,-439.15,-119.44,-0.76
367,-17.19,-344.35,-103.93,10.21
368,-42.86,-504.84,-96.72,28.26
369,-10.67,-475.77,-115.54,-0.94
370,-15.58,-475.55,-101.43,18.06
371,-25.09,-461.4,-107.98,-2.63
372,-11.5,-478.0,-102.24,2.54
373,-25.82,-447.04,-107.88,8.16
374,-38.81,-499.97,-91.27,30.43
375,-4.09,-416.56,-98.75,17.89
376,-10.61,-365.85,-111.29,16.62
377,-28.34,-543.38,-97.84,24.83
378,-29.69,-493.19,-99.57,8.66
379,-19.93,-481.64,-114.59,-19.49
380,-17.13,-465.65,-128.58,-11.5
381,-28.0,-489.41,-92.37,23.0
382,-11.66,-419.43,-101.57,14.48
383,-27.47,-485.16,-107.5,17.18
384,-26.63,-518.92,-100.12,27.01
385,-36.56,-529.77,-103.79,5.02
386,-6.69,-409.89,-112.53,10.62
387,-20.69,-498.55,-113.95,-4.49
388,-18.45,-353.39,-95.27,37.5
389,-23.59,-548.67,-98.44,27.88
390,-17.76,-474.15,-105.62,5.8
391,-14.91,-457.33,-128.01,2.91
392,-15.99,-389.36,-126.35,18.22
393,-14.57,-428.39,-98.9,12.98
394,-22.87,-439.28,-99.83,11.09
395,3.71,-469.63,-129.28,38.98
396,-15.49,-495.39,-100.39,-1.83
397,-33.72,-503.1,-94.85,12.52
398,-22.84,-482.61,-110.22,-10.73
399,-9.06,-402.82,-111.1,-8.19
400,-31.42,-497.0,-105.35,11.72
401,-22.57,-496.35,-99.85,18.21
402,-14.86,-463.64,-107.9,17.1
403,-14.49,-469.41,-109.78,9.4
404,-19.24,-488.45,-109.03,17.53
405,-20.15,-462.13,-109.18,9.98
406,-28.06,-456.39,-103.57,10.88
407,-34.71,-548.0,-104.67,7.26
408,-25.11,-482.93,-104.66,15.09
409,-9.94,-440.44,-98.85,18.65
410,-13.13,-391.59,-117.95,5.75
411,-18.44,-398.22,-122.86,19.23
412,-33.65,-488.69,-101.3,42.41
413,-2.89,-426.16,-115.33,43.34
414,-19.48,-488.29,-93.95,2.39
415,-27.08,-429.79,-125.41,-29.03
416,-30.38,-469.22,-91.25,44.82
417,-24.24,-540.09,-173.41,0.66
418,-12.36,-477.65,-76.47,37.19
419,-29.14,-485.03,-89.19,18.18
420,-29.52,-572.49,-104.87,-3.53
421,-26.36,-422.03,-102.34,28.73
422,-17.3,-387.03,-103.89,20.95
423,-42.36,-511.31,-108.05,14.65
424,-16.67,-499.44,-109.1,26.91
425,-5.05,-450.26,-111.08,5.26
426,1.21,-311.81,-104.96,21.45
427,-34.18,-541.62,-104.32,20.83
428,-15.41,-480.5,-112.76,3.9
429,-32.46,-518.41,-104.09,13.07
430,-2.72,-424.36,-105.0,16.2
431,-11.76,-453.23,-104.71,21.04
432,-12.8,-467.33,-103.7,18.73
433,-34.81,-580.8,-108.24,-1.25
434,-18.98,-394.48,-103.02,19.51
435,-15.58,-439.83,-106.13,20.6
436,-15.29,-455.89,-109.3,6.43
437,0.42,-384.47,-101.67,16.56
438,-16.42,-470.68,-101.08,12.36
439,-21.73,-493.78,-106.71,39.41
440,-17.29,-473.54,-97.53,7.93
441,-24.04,-474.51,-96.87,22.19
442,-28.69,-464.5,-92.81,15.34
443,-14.45,-468.52,-102.44,12.24
444,-13.82,-467.09,-107.85,18.78
445,-10.19,-417.19,-93.78,13.95
446,-19.11,-488.14,-103.81,7.72
447,-31.36,-469.05,-89.28,18.14
448,-14.49,-447.57,-101.24,13.51
449,-9.52,-451.35,-98.3,7.34
450,-22.32,-512.08,-96.23,13.58
451,-21.81,-426.5,-94.61,10.27
452,1.21,-281.6,-107.62,-7.56
453,-8.12,-392.25,-101.38,14.92
454,-23.85,-569.71,-89.68,23.08
455,-12.27,-484.27,-92.27,15.42
456,-27.46,-495.09,-88.52,8.28
457,-39.26,-485.51,-95.83,6.02
458,-41.97,-473.28,-92.68,1.67
459,8.19,-442.14,-97.87,-3.84
460,-11.82,-484.58,-96.73,-3.83
461,-28.78,-476.67,-98.36,-1.02
462,-8.48,-393.31,-96.98,5.79
463,-20.47,-452.6,-98.87,3.48
464,-15.81,-457.4,-99.04,10.71
465,-18.56,-464.78,-104.38,-0.64
466,-53.24,-479.87,-95.47,-1.78
467,-68.34,-441.93,-103.4,4.66
468,26.95,-432.59,-107.25,4.44
469,0.45,-466.78,-104.49,1.6
470,-10.61,-470.34,-99.34,6.11
471,-0.8,-458.73,-102.66,0.49
472,-58.05,-459.94,-101.64,0.63
473,-58.7,-470.36,-98.64,-2.6
474,-7.69,-469.34,-106.67,-2.39
475,-11.98,-462.94,-109.04,-1.47
476,-8.36,-455.7,-104.35,-2.55
477,-21.44,-463.46,-101.66,7.15
478,-38.39,-473.74,-105.03,4.05
479,-42.17,-440.48,-105.61,0.43
480,-45.54,-472.75,-103.65,0.38
481,3.56,-456.25,-114.11,1.62
482,-20.34,-476.85,-111.73,2.7
483,11.03,-464.53,-115.3,2.03
484,-35.66,-471.42,-105.83,-3.95
485,-70.76,-481.5,-102.27,7.4
486,11.19,-469.92,-112.19,-1.14
487,-25.1,-455.92,-109.59,3.84
488,6.44,-447.82,-105.01,4.85
489,-57.36,-438.83,-104.32,-4.74
490,-75.76,-480.53,-105.4,2.49
491,-180.69,-447.48,-101.93,-0.56
492,0.98,-496.04,-101.39,0.65
493,27.83,-511.54,-117.55,-7.42
494,7.68,-507.83,-110.87,7.14
495,-12.71,-528.78,-107.08,3.04
496,10.55,-479.08,-103.82,4.55
497,6.13,-433.59,-110.76,2.92
498,-10.25,-430.23,-108.84,-0.51
499,-15.17,-466.94,-110.89,-5.16
500,-19.4,-475.06,-111.94,-11.09
501,-31.01,-459.21,-107.75,-5.0
502,-45.04,-467.16,-108.84,-3.56
503,16.04,-477.47,-110.93,-7.02
504,-22.58,-490.02,-113.44,-2.75
505,-47.69,-492.54,-111.16,-2.56
506,10.06,-480.97,-116.54,-7.25
507,-55.97,-459.07,-115.78,0.55
508,-90.17,-445.96,-115.87,-1.02
509,38.46,-503.53,-114.96,-8.37
510,2.96,-490.9,-113.83,0.41
511,-12.78,-480.38,-111.07,-3.97
512,-2.68,-470.83,-109.67,-5.35
513,-6.6,-481.61,-111.36,-10.3
514,-19.29,-473.13,-111.44,-0.45
515,-18.46,-481.62,-107.39,-5.6
516,-26.86,-477.57,-106.8,-6.5
517,-19.15,-479.36,-113.06,-2.47
518,-21.11,-473.87,-112.47,-0.45
519,-16.01,-467.98,-116.95,-1.4
520,-57.61,-477.66,-110.75,2.46
521,3.44,-482.06,-117.12,-0.31
522,-21.11,-472.23,-117.22,-1.34
523,-63.64,-493.67,-114.72,6.45
524,21.84,-455.78,-121.96,2.98
525,20.13,-491.93,-122.15,1.59
526,-10.0,-479.91,-123.62,-8.28
527,-23.31,-489.06,-120.1,-0.85
528,-11.35,-471.38,-116.66,-4.49
529,-13.1,-487.46,-112.82,-1.8
530,-42.09,-492.82,-109.92,-2.48
531,-9.74,-474.6,-106.2,2.83
532,-4.54,-471.48,-102.92,-1.03
533,-4.72,-473.44,-110.88,-3.18
534,-4.96,-474.28,-107.37,1.06
535,-26.67,-467.51,-101.09,1.47
536,-9.16,-463.73,-101.77,1.97
537,-4.9,-466.66,-108.97,-2.36
538,1.61,-456.68,-106.76,3.28
539,1.21,-453.36,-110.44,0.04
540,-16.28,-461.51,-109.58,0.52
541,-11.03,-452.67,-110.6,-0.73
542,-7.87,-450.92,-108.15,1.52
543,-5.65,-459.04,-109.58,1.23
544,-34.78,-463.5,-107.99,3.03
545,4.98,-451.32,-103.86,4.65
546,-10.29,-450.21,-111.39,1.58
547,-22.29,-459.64,-114.38,1.86
548,10.09,-460.09,-108.06,1.5
549,-29.18,-459.17,-105.75,2.75
550,-55.76,-435.61,-105.68,1.07
551,-22.98,-475.33,-107.83,6.7
552,-52.09,-427.86,-111.15,-1.08
553,58.79,-462.7,-114.62,0.75
554,-104.23,-454.45,-107.75,1.27
555,-60.78,-457.74,-110.49,-2.64
556,90.19,-487.21,-113.39,-7.72
557,36.2,-475.25,-110.22,-8.56
558,8.55,-450.07,-110.39,-7.09
559,2.59,-448.81,-105.83,-4.14
560,1.55,-488.07,-114.2,-2.08
561,-9.52,-472.54,-105.03,-5.87
562,-9.13,-464.68,-103.43,-5.13
563,-8.21,-467.73,-105.97,-3.37
564,-17.01,-469.87,-105.67,-1.62
565,-14.8,-463.43,-115.04,-24.13
566,-17.62,-467.33,-112.33,4.19
567,-7.06,-462.65,-106.78,7.04
568,-10.61,-473.68,-109.05,2.62
569,-2.58,-455.35,-113.86,-3.01
570,-4.91,-465.75,-112.93,-8.06
571,-11.36,-456.64,-113.63,-6.06
572,-20.85,-459.67,-107.73,-3.49
573,-38.7,-465.48,-102.57,5.11
574,-3.17,-461.6,-112.25,-7.19
575,13.14,-447.89,-113.78,-15.34
576,-3.32,-455.7,-109.41,-2.42
577,-8.95,-467.07,-104.55,11.76
578,-15.66,-461.73,-107.0,4.46
579,-29.6,-463.96,-107.2,3.65
580,-24.38,-471.36,-108.65,4.33
581,0.68,-447.4,-106.95,1.37
582,-2.91,-458.29,-110.92,2.65
583,-4.39,-443.65,-112.28,0.53
584,-0.81,-459.82,-109.8,4.33
585,-37.45,-453.13,-100.0,1.01
586,-92.28,-464.66,-99.85,5.81
587,54.66,-460.34,-111.43,-1.31
588,19.09,-454.98,-110.62,0.39
589,-1.91,-458.74,-105.3,9.82
590,1.58,-459.36,-110.48,8.41
591,-8.04,-458.61,-106.08,5.73
592,-23.07,-460.33,-105.59,6.88
593,-15.72,-459.26,-118.04,6.1
594,-45.16,-463.77,-111.91,3.18
595,-29.64,-443.13,-113.08,2.7
596,11.85,-469.7,-117.97,6.69
597,-10.38,-475.15,-113.6,11.28
598,-16.09,-465.26,-110.6,12.78
599,-21.67,-460.5,-104.32,14.73
600,-23.96,-472.73,-109.62,12.27
601,-33.29,-475.9,-111.81,8.76
602,-40.29,-473.99,-107.6,1.6
603,-36.16,-475.99,-108.75,14.3
604,-30.59,-473.34,-112.65,9.28
605,-14.88,-464.97,-117.38,9.32
606,-27.49,-468.75,-110.62,7.32
607,-40.45,-476.43,-104.22,8.47
608,-81.79,-473.63,-103.85,13.22
609,-17.91,-467.41,-103.28,6.57
610,-1.65,-465.03,-103.22,10.5
611,-49.12,-470.49,-103.12,8.56
612,-20.24,-457.91,-99.93,11.94
613,-28.36,-463.21,-105.79,9.88
614,16.1,-472.93,-106.79,8.05
615,-11.58,-462.46,-102.78,12.47
616,-19.38,-467.43,-100.42,11.49
617,-16.18,-467.9,-98.93,12.28
618,-28.54,-460.53,-103.28,13.96
619,-28.29,-462.72,-105.25,11.12
620,-26.4,-466.01,-105.89,13.76
621,-18.22,-462.52,-99.86,11.5
622,-32.99,-462.92,-100.39,18.83
623,-65.58,-467.78,-99.45,16.87
624,-70.72,-439.73,-100.16,16.58
625,6.78,-460.87,-109.91,12.47
626,13.54,-471.87,-116.66,7.29
627,-27.3,-482.5,-113.84,14.24
628,-9.95,-471.32,-110.63,14.17
629,-49.91,-475.16,-104.77,17.42
630,-39.47,-482.89,-111.03,14.93
631,0.59,-468.82,-103.35,12.99
632,-22.24,-460.93,-103.05,15.45
633,-43.28,-458.15,-103.7,7.0
634,-10.36,-459.99,-103.22,18.39
635,-19.37,-456.06,-107.84,12.84
636,-41.62,-459.36,-104.67,9.53
637,10.6,-448.26,-105.01,13.28
638,-17.62,-478.57,-107.77,14.91
639,-22.36,-466.24,-100.07,18.85
640,-24.71,-470.68,-105.33,16.17
641,-17.98,-460.33,-107.15,11.15
642,-19.69,-453.94,-107.54,13.84
643,-77.98,-460.95,-99.97,8.93
644,19.19,-436.28,-109.37,3.19
645,-26.43,-466.41,-100.73,12.94
646,-21.11,-467.18,-100.8,13.11
647,-9.78,-453.61,-97.15,13.75
648,-51.86,-409.3,-101.33,12.78
649,-68.47,-444.68,-99.74,18.83
650,-59.15,-512.77,-113.48,12.84
651,39.0,-465.42,-113.22,1.31
652,7.18,-452.54,-103.9,10.68
653,-12.37,-462.25,-106.68,-0.05
654,4.55,-470.34,-108.19,4.64
655,0.13,-487.41,-106.92,21.95
656,-38.58,-483.13,-106.59,17.3
657,-3.2,-470.02,-105.5,1.59
658,-42.03,-458.58,-101.78,16.51
659,-130.07,-493.85,-100.11,17.99
660,45.03,-478.48,-110.7,19.97
661,15.94,-483.74,-108.75,17.53
662,-13.62,-470.31,-104.03,18.36
663,-33.3,-497.8,-102.89,23.47
664,-29.29,-486.77,-100.98,22.12
665,-49.64,-474.17,-105.0,27.58
666,-25.84,-475.13,-110.53,22.12
667,-30.82,-475.23,-105.69,20.23
668,-25.51,-457.01,-103.94,12.35
669,-103.12,-450.54,-114.56,5.21
670,28.86,-471.12,-118.07,-23.22
671,42.26,-458.31,-124.42,-26.7
672,-13.68,-485.38,-102.53,32.47
673,-31.84,-482.99,-102.65,39.03
674,-13.51,-471.59,-101.97,29.92
675,-51.69,-409.1,-104.38,31.14
676,-39.78,-453.21,-103.88,26.14
677,0.94,-486.24,-106.19,23.47
678,-20.28,-491.88,-113.94,16.92
679,-16.18,-481.36,-105.98,25.35
680,-23.33,-466.73,-108.41,18.63
681,-61.93,-481.81,-104.27,18.53
682,15.51,-486.34,-106.19,15.52
683,-14.25,-498.35,-109.59,10.29
684,-74.72,-494.45,-108.37,16.94
685,-19.02,-475.3,-109.51,20.59
686,-19.66,-475.88,-109.52,14.39
687,-28.29,-492.87,-116.86,24.17
688,-88.71,-473.55,-105.99,22.04
689,57.68,-442.08,-108.08,21.54
690,3.05,-466.9,-113.29,17.89
691,-14.79,-495.45,-110.97,25.91
692,-26.89,-482.76,-102.8,16.19
693,-57.11,-486.95,-105.94,18.83
694,18.59,-477.34,-114.16,19.93
695,-29.06,-478.33,-104.11,21.86
696,-48.59,-476.2,-102.58,15.27
697,9.24,-471.49,-103.82,9.68
698,-13.06,-445.74,-105.39,10.33
699,-27.47,-453.82,-101.9,18.4
700,-22.25,-494.9,-103.0,12.04
701,-35.15,-471.04,-99.58,18.2
702,-15.65,-483.02,-101.51,17.38
703,-21.69,-489.83,-97.69,13.91
704,-6.23,-478.24,-106.88,16.37
705,-13.28,-474.77,-106.13,14.74
706,-50.68,-475.07,-103.18,18.18
707,-28.04,-474.84,-95.22,15.72
708,-3.13,-473.92,-104.73,10.62
709,-22.21,-486.19,-104.93,11.7
710,-20.85,-486.5,-104.33,17.44
711,-21.43,-449.53,-107.33,15.78
712,-32.49,-444.33,-104.05,10.32
713,-78.22,-522.32,-106.75,14.47
714,2.14,-474.58,-110.43,12.68
715,9.47,-469.46,-108.39,11.05
716,-21.28,-489.35,-99.42,12.59
717,-22.46,-423.6,-104.96,5.74
718,2.29,-308.8,-96.18,14.45
719,-22.04,-401.23,-101.74,19.4
720,-26.02,-588.67,-96.61,21.5
721,-29.61,-525.25,-96.81,22.1
722,-41.1,-495.06,-100.22,13.08
723,-2.22,-487.66,-100.32,15.3
724,-39.14,-485.46,-101.32,17.42
725,-62.85,-468.81,-102.43,17.62
726,30.27,-459.36,-103.81,9.49
727,4.17,-465.12,-103.45,9.75
728,-19.99,-437.05,-98.37,9.19
729,-34.43,-461.67,-94.61,9.93
730,4.94,-469.36,-101.41,9.61
731,-20.17,-461.87,-105.16,9.02
732,-44.47,-459.52,-105.01,13.27
733,13.55,-452.32,-101.78,16.95
734,-21.14,-468.23,-100.55,10.12
735,-49.23,-463.74,-97.0,12.01
736,-1.67,-446.57,-99.77,6.68
737,2.77,-462.85,-99.81,6.51
738,0.52,-456.36,-99.51,4.1
739,-37.76,-455.38,-101.24,6.31
740,-59.12,-466.28,-94.37,9.45
741,5.14,-442.83,-98.4,9.82
742,16.29,-467.19,-105.96,-2.91
743,-15.29,-444.65,-94.86,6.81
744,-17.43,-404.1,-103.21,6.85
745,1.16,-466.94,-97.55,1.61
746,-29.8,-502.99,-93.3,10.65
747,-6.7,-477.06,-99.51,4.38
748,-23.58,-470.95,-97.82,8.22
749,-6.96,-473.15,-102.6,7.52
750,-7.22,-469.79,-104.36,12.7
751,-12.05,-467.04,-105.29,11.24
752,-35.53,-462.05,-99.61,12.86
753,-61.71,-468.07,-98.55,11.88
754,-37.18,-466.68,-95.76,16.0
755,-42.9,-476.5,-107.85,14.32
756,45.28,-460.09,-104.02,8.5
757,5.3,-463.08,-104.29,10.67
758,27.49,-443.68,-105.09,6.43
759,-28.44,-433.77,-100.61,11.13
760,-37.0,-487.99,-103.29,5.89
761,-41.66,-487.37,-95.7,14.81
762,25.81,-445.45,-103.45,7.05
763,-0.71,-455.26,-103.01,8.0
764,-5.91,-405.69,-99.78,5.98
765,-42.09,-453.43,-103.54,11.64
766,-24.14,-515.32,-93.79,14.13
767,4.27,-487.54,-98.56,9.39
768,-26.53,-461.39,-97.87,8.21
769,-8.39,-469.16,-103.47,2.99
770,-10.21,-459.18,-101.74,5.89
771,-23.15,-480.31,-100.52,17.16
772,-22.79,-477.87,-104.12,10.53
773,-0.13,-455.43,-105.41,6.4
774,-16.04,-482.14,-105.96,2.83
775,-42.68,-473.66,-106.37,10.8
776,-41.35,-469.99,-99.0,13.82
777,4.48,-471.43,-100.02,10.0
778,-9.04,-463.07,-103.1,11.07
779,-20.72,-467.56,-101.39,14.05
780,-48.66,-473.08,-105.73,12.17
781,4.4,-462.33,-106.06,12.63
782,-50.26,-471.48,-97.25,11.25
783,4.42,-462.52,-106.53,11.3
784,-11.44,-469.05,-109.66,15.37
785,-7.33,-442.96,-104.98,9.46
786,2.31,-442.14,-99.03,11.06
787,-44.4,-472.8,-105.57,14.79
788,-1.51,-487.32,-109.22,7.27
789,-19.49,-441.3,-106.49,3.03
790,-60.31,-422.65,-100.65,10.03
791,-18.6,-477.14,-106.04,8.5
792,-25.95,-501.46,-107.55,11.59
793,-36.42,-465.07,-103.01,4.01
794,39.94,-465.66,-112.45,9.39
795,-0.75,-372.21,-101.31,14.43
796,-34.17,-529.9,-101.32,16.8
797,-27.02,-519.74,-107.73,7.87
798,-48.48,-487.47,-107.27,7.62
799,-40.66,-468.23,-105.29,11.12
800,-6.59,-492.23,-106.26,6.48
801,-1.97,-488.28,-103.22,8.52
802,-24.14,-424.21,-107.65,4.29
803,-6.55,-476.54,-105.4,6.12
804,-27.29,-518.82,-103.9,9.9
805,-26.59,-495.39,-96.56,5.51
806,-53.61,-445.33,-100.22,8.83
807,1.2,-316.77,-106.32,4.34
808,2.07,-498.05,-105.26,4.83
809,-8.47,-524.19,-104.87,3.16
810,-30.54,-508.75,-102.74,8.38
811,-50.99,-486.65,-111.35,8.52
812,-9.81,-484.81,-106.15,8.76
813,16.84,-462.05,-106.71,5.92
814,-20.27,-469.51,-107.27,3.56
815,-94.89,-424.89,-100.26,9.92
816,47.29,-436.2,-112.96,3.79
817,-42.98,-518.34,-105.49,0.24
818,-69.59,-495.26,-100.41,2.41
819,-8.73,-488.04,-101.01,9.19
820,7.24,-495.07,-107.25,7.77
821,-49.67,-464.31,-109.41,9.15
822,16.68,-462.97,-109.61,3.81
823,-28.57,-421.94,-105.86,6.58
824,-27.59,-479.76,-106.38,10.09
825,5.95,-499.72,-109.29,12.25
826,-28.25,-499.09,-106.9,11.56
827,-13.01,-493.74,-107.19,9.18
828,-17.58,-479.9,-108.28,7.4
829,-42.14,-485.49,-103.32,18.97
830,-8.39,-480.41,-112.13,16.0
831,-16.26,-466.33,-107.87,14.76
832,-23.12,-469.53,-106.38,17.84
833,-59.21,-478.16,-107.39,11.56
834,-47.45,-467.1,-104.55,17.55
835,31.52,-408.28,-113.14,9.58
836,11.25,-441.84,-119.79,2.59
837,-16.25,-398.77,-110.86,13.04
838,-12.7,-533.62,-114.11,11.49
839,-29.26,-542.26,-109.67,6.23
840,-22.11,-494.62,-111.25,11.09
841,-45.43,-446.6,-110.67,12.9
842,-52.88,-408.43,-106.68,16.08
843,11.39,-490.82,-114.43,7.04
844,-11.08,-522.91,-113.65,9.86
845,-87.21,-496.09,-109.21,14.17
846,15.11,-463.96,-110.26,11.19
847,14.34,-451.38,-108.98,8.18
848,-56.59,-494.04,-100.33,12.38
849,-26.84,-460.25,-102.74,10.62
850,20.36,-480.81,-109.61,10.17
851,0.85,-469.21,-106.32,8.92
852,0.07,-456.14,-109.17,8.57
853,-10.9,-476.55,-110.93,8.02
854,-22.85,-478.62,-105.52,11.81
855,-15.45,-465.43,-105.01,7.13
856,-5.35,-453.37,-107.52,3.98
857,-32.19,-430.56,-103.2,4.08
858,-24.31,-429.33,-107.18,4.61
859,-40.31,-530.13,-108.26,10.94
860,-38.75,-471.27,-100.19,8.37
861,27.83,-444.23,-101.56,4.66
862,-21.34,-490.53,-104.88,13.05
863,-47.86,-488.08,-105.12,15.38
864,25.62,-458.28,-107.22,11.67
865,-29.65,-455.19,-101.43,17.26
866,-3.98,-423.55,-104.22,13.55
867,10.12,-396.9,-103.97,9.24
868,8.98,-425.4,-104.16,10.61
869,-28.12,-509.75,-101.47,12.42
870,-38.37,-513.26,-100.32,17.04
871,-2.68,-481.24,-97.09,16.83
872,-50.2,-468.11,-94.27,16.64
873,-1.44,-469.99,-100.86,18.81
874,-37.98,-463.99,-97.13,15.75
875,36.64,-455.83,-100.26,12.91
876,-5.07,-466.04,-99.75,18.28
877,-35.47,-441.75,-102.14,21.0
878,5.63,-441.5,-105.96,8.13
879,-17.72,-484.02,-100.31,15.94
880,-7.18,-477.28,-105.86,18.18
881,-4.88,-464.1,-100.73,19.61
882,-48.29,-455.21,-98.67,22.43
883,-25.46,-453.43,-103.12,22.76
884,10.58,-453.12,-102.81,18.7
885,3.65,-462.81,-96.37,17.55
886,-41.79,-462.22,-96.83,14.53
887,26.79,-433.28,-100.94,21.53
888,-59.51,-485.11,-96.15,17.84
889,-7.72,-462.48,-92.55,15.74
890,-4.29,-485.96,-101.52,14.96
891,-39.56,-467.4,-98.97,16.81
892,-39.21,-434.4,-98.79,13.74
893,31.95,-408.45,-101.62,16.17
894,-4.2,-504.51,-103.92,9.32
895,-8.1,-464.79,-101.96,12.95
896,-24.66,-517.37,-101.69,17.89
897,-0.47,-472.67,-103.16,9.44
898,-3.86,-465.41,-104.75,9.5
899,-27.07,-486.33,-102.53,18.0
900,-40.78,-482.01,-101.23,16.98
901,1.9,-477.01,-101.73,16.38
902,-20.17,-475.54,-101.66,15.83
903,-48.61,-475.27,-103.65,13.72
904,-23.77,-473.71,-102.1,14.45
905,-69.23,-455.64,-108.67,13.13
906,5.47,-488.18,-104.88,13.25
907,15.23,-459.38,-105.61,12.91
908,6.3,-474.06,-107.32,14.48
909,-18.17,-474.96,-103.15,16.2
910,-7.54,-481.43,-104.77,16.75
911,-14.88,-460.71,-104.45,20.85
912,-26.15,-443.93,-106.38,22.37
913,-10.3,-480.71,-106.45,17.8
914,-18.09,-490.4,-106.92,14.54
915,-31.22,-457.09,-103.0,12.47
916,-28.57,-431.52,-104.28,11.22
917,-10.28,-449.15,-106.19,17.3
918,-38.57,-394.5,-102.92,20.95
919,21.26,-474.48,-106.51,15.07
920,-22.75,-465.67,-112.06,15.75
921,-8.58,-537.1,-108.24,18.72
922,-18.78,-530.33,-108.64,17.5
923,-30.04,-500.27,-105.96,11.66
924,-45.39,-489.26,-106.56,14.14
925,-25.04,-450.5,-102.68,9.19
926,6.38,-482.43,-99.48,10.17
927,-4.8,-474.36,-102.49,10.55
928,-21.02,-459.43,-103.13,8.15
929,-67.62,-473.79,-97.11,18.27
930,1.51,-476.51,-101.8,17.5
931,3.29,-477.03,-103.51,19.07
932,-12.93,-453.95,-104.04,16.82
933,-13.88,-466.17,-104.82,11.31
934,-33.68,-464.73,-104.39,11.72
935,-11.91,-423.49,-100.14,8.9
936,-12.3,-457.62,-102.79,13.08
937,-16.75,-485.78,-102.78,11.25
938,-41.65,-479.56,-98.26,11.99
939,-2.31,-446.47,-95.44,9.32
940,-31.52,-480.5,-98.92,16.89
941,-47.2,-407.27,-97.04,8.21
942,-28.83,-476.65,-96.31,10.68
943,28.96,-493.38,-105.71,19.13
944,-11.45,-477.2,-103.27,19.16
945,-20.8,-459.67,-102.61,18.69
946,8.97,-466.23,-102.25,16.23
947,-26.58,-467.84,-99.92,11.57
948,-29.58,-445.53,-90.6,11.46
949,-12.82,-407.19,-98.72,11.35
950,-19.13,-492.34,-99.36,18.43
951,-22.12,-490.66,-100.91,11.2
952,5.96,-462.35,-98.97,8.43
953,-10.11,-448.1,-100.42,13.08
954,-8.5,-445.9,-103.56,12.51
955,-79.08,-467.45,-99.72,11.85
956,-7.93,-468.46,-92.54,11.05
957,17.97,-409.61,-100.55,10.09
958,-5.7,-401.18,-98.41,7.08
959,-72.45,-517.19,-93.02,8.05
960,-9.19,-465.62,-100.85,8.18
961,0.88,-472.37,-102.39,4.87
962,-4.64,-416.15,-100.49,6.59
963,-85.63,-460.3,-98.56,6.83
964,0.05,-425.19,-99.52,8.9
965,-14.71,-541.79,-101.21,5.66
966,-19.24,-506.81,-96.89,11.21
967,-15.26,-486.41,-99.39,11.32
968,10.17,-467.57,-101.59,13.59
969,-17.67,-455.3,-103.29,8.78
970,-29.15,-463.16,-102.02,8.05
971,-44.48,-486.37,-94.54,14.81
972,-30.65,-444.51,-97.35,16.63
973,-0.48,-471.65,-104.8,14.94
974,-51.74,-481.87,-97.58,17.75
975,-17.15,-421.36,-103.23,11.6
976,-4.55,-451.76,-107.04,9.05
977,17.02,-427.26,-104.6,9.77
978,-16.13,-469.13,-98.07,11.85
979,-14.45,-523.81,-103.65,9.53
980,-20.33,-487.88,-101.46,6.03
981,-27.29,-471.1,-100.55,11.14
982,-35.91,-467.3,-95.19,15.9
983,-39.3,-387.59,-100.25,12.67
984,8.0,-458.83,-106.32,15.48
985,-76.75,-546.24,-98.68,19.03
986,10.73,-487.14,-97.6,12.18
987,-24.83,-481.46,-103.27,13.91
988,21.33,-453.04,-104.97,15.12
989,-23.39,-472.99,-99.27,14.56
990,-13.95,-418.05,-106.13,9.57
991,-16.47,-491.83,-105.44,10.23
992,-21.26,-465.94,-99.95,18.18
993,-7.24,-486.36,-101.32,14.77
994,-8.01,-435.58,-100.44,16.11
995,-60.53,-446.38,-101.66,10.87
996,-29.71,-484.8,-99.4,12.28
997,-7.87,-513.33,-99.32,11.78
998,-34.65,-481.47,-103.8,8.81
999,-26.15,-465.52,-96.39,10.05
1000,11.78,-453.23,-95.09,1.94
1001,19.43,-453.83,-99.53,10.85
1002,11.79,-448.51,-97.01,15.8
1003,-18.97,-470.29,-95.98,9.22
1004,-65.61,-470.24,-100.62,10.79
1005,-15.23,-453.15,-98.26,11.85
1006,23.8,-470.57,-99.83,11.4
1007,-13.39,-469.49,-98.64,12.11
1008,-9.32,-450.49,-92.71,10.07
1009,-24.76,-471.05,-100.73,9.99
1010,-6.9,-476.62,-101.57,6.63
1011,-9.83,-445.42,-100.14,10.96
1012,-72.77,-415.24,-96.01,7.1
1013,-17.93,-374.13,-104.49,6.06
1014,40.8,-524.27,-104.09,8.08
1015,0.44,-483.95,-103.67,7.12
1016,-19.51,-468.3,-105.76,9.02
1017,-10.4,-441.83,-103.36,15.4
1018,-5.58,-483.92,-103.05,7.84
1019,-36.91,-438.24,-103.29,-5.03
1020,-27.51,-479.54,-99.38,9.59
1021,-17.88,-477.35,-104.25,11.95
1022,4.34,-475.85,-106.63,10.53
1023,-27.92,-459.65,-110.32,9.88
1024,-26.48,-467.82,-109.8,12.01
1025,13.41,-405.75,-109.43,7.11
1026,-21.11,-476.57,-107.2,6.9
1027,-26.5,-506.42,-107.57,16.78
1028,-27.72,-463.79,-107.35,14.14
1029,-11.86,-473.04,-106.31,13.22
1030,-16.14,-476.09,-101.32,13.24
1031,-21.03,-463.33,-102.15,7.6
1032,-12.97,-440.58,-110.04,12.07
1033,-19.56,-399.01,-104.92,8.99
1034,-10.25,-486.14,-99.4,19.64
1035,-54.97,-494.11,-96.23,15.79
1036,-20.31,-404.91,-99.57,17.27
1037,-7.59,-459.26,-104.78,9.36
1038,-4.16,-550.59,-104.01,16.69
1039,-28.0,-434.11,-99.24,12.59
1040,-26.08,-453.37,-103.64,13.22
1041,-18.09,-524.31,-103.08,16.73
1042,-6.42,-493.18,-102.59,14.28
1043,-10.86,-481.06,-106.31,10.58
1044,-15.35,-481.9,-102.02,15.63
1045,-21.01,-446.72,-110.16,16.26
1046,-42.45,-486.81,-105.47,13.28
1047,-53.53,-479.85,-104.84,12.43
1048,10.29,-463.24,-106.29,13.01
1049,18.83,-460.69,-108.59,8.44
1050,-20.94,-477.1,-105.93,4.96
1051,-41.03,-450.21,-98.55,12.51
1052,-44.72,-438.03,-106.76,1.91
1053,28.75,-465.05,-108.89,9.42
1054,-21.58,-495.4,-107.04,13.52
1055,-34.09,-484.47,-107.08,10.73
1056,-3.69,-476.8,-106.59,11.33
1057,-46.46,-455.18,-102.85,9.73
1058,-1.42,-393.82,-108.98,4.81
1059,-23.29,-492.65,-103.79,11.79
1060,-36.81,-510.15,-105.14,15.82
1061,-50.63,-487.68,-103.22,14.14
1062,31.5,-468.63,-108.47,13.19
1063,-13.9,-471.91,-107.13,10.22
1064,-21.95,-471.38,-112.33,8.07
1065,5.23,-476.32,-104.55,23.39
1066,-19.28,-463.94,-106.49,19.0
1067,-16.58,-481.36,-113.93,15.36
1068,-12.13,-473.77,-108.21,14.5
1069,-25.47,-476.91,-114.37,13.85
1070,-37.44,-469.79,-109.96,12.66
1071,-27.1,-449.12,-117.95,13.03
1072,-21.09,-441.48,-112.46,17.9
1073,-23.4,-494.87,-110.46,15.63
1074,0.93,-477.95,-115.38,11.43
1075,-9.14,-470.56,-106.18,20.37
1076,-36.83,-465.89,-108.02,18.65
1077,-10.63,-458.99,-114.79,16.03
1078,-10.34,-478.83,-107.64,19.95
1079,-17.77,-468.76,-104.49,20.46
1080,-30.83,-483.92,-109.44,19.35
1081,-41.0,-483.52,-109.75,18.77
1082,9.24,-461.91,-105.99,16.13
1083,-4.07,-471.27,-107.53,16.55
1084,-65.19,-457.25,-104.65,20.03
1085,37.02,-481.3,-109.13,22.03
1086,-10.65,-479.19,-104.89,18.11
1087,-27.05,-441.75,-100.62,19.31
1088,-13.87,-434.35,-102.85,18.71
1089,-13.35,-485.09,-107.84,20.81
1090,13.6,-432.04,-106.82,13.73
1091,-15.44,-446.99,-100.02,11.58
1092,-18.86,-519.92,-99.26,21.74
1093,-26.65,-504.9,-104.54,16.3
1094,-22.11,-490.16,-98.92,16.57
1095,-16.05,-478.22,-100.15,20.4
1096,-61.7,-479.55,-97.62,14.77
1097,-74.27,-477.85,-99.11,15.12
1098,45.96,-440.36,-103.22,15.3
1099,6.41,-479.34,-104.24,21.6
1100,2.9,-433.8,-107.62,12.17
1101,-27.4,-410.49,-103.71,13.26
1102,-10.47,-388.78,-100.4,14.99
1103,-15.74,-568.12,-108.05,12.68
1104,-21.33,-505.91,-108.66,11.43
1105,-22.97,-488.13,-104.88,11.79
1106,-8.66,-493.81,-101.16,14.84
1107,-13.79,-478.85,-101.74,14.18
1108,-33.12,-475.53,-104.3,13.6
1109,-31.19,-466.97,-111.7,13.59
1110,9.03,-471.85,-105.11,10.9
1111,-34.31,-474.19,-102.92,14.67
1112,-19.43,-457.44,-103.96,14.63
1113,-55.17,-474.46,-103.12,16.81
1114,33.3,-466.85,-104.42,13.26
1115,3.41,-452.31,-102.69,10.66
1116,-44.31,-479.03,-101.42,12.26
1117,1.39,-441.38,-107.79,11.63
1118,-31.11,-483.68,-109.8,12.07
1119,-1.34,-477.8,-108.57,11.91
1120,-5.13,-469.78,-105.16,19.03
1121,-21.29,-454.71,-102.62,19.98
1122,-27.18,-466.4,-105.0,16.87
1123,-18.14,-444.95,-112.44,15.18
1124,-13.09,-451.22,-105.1,9.81
1125,-31.53,-507.28,-98.73,13.89
1126,-29.48,-492.12,-97.45,15.61
1127,-2.72,-477.96,-106.64,13.34
1128,-103.29,-464.2,-101.96,15.97
1129,28.45,-444.13,-109.12,12.85
1130,16.81,-470.42,-107.6,16.48
1131,-39.26,-481.64,-98.65,19.16
1132,-20.9,-487.22,-104.67,16.31
1133,5.74,-479.08,-101.71,14.1
1134,-24.68,-465.98,-106.03,14.61
1135,-3.2,-450.3,-103.4,18.27
1136,-2.84,-477.34,-105.24,14.57
1137,-13.5,-466.49,-100.45,15.57
1138,-25.03,-468.12,-98.56,12.75
1139,-26.61,-454.84,-103.31,9.25
1140,-13.65,-448.98,-103.55,15.74
1141,-12.5,-448.86,-100.49,15.95
1142,-2.73,-444.54,-95.47,22.66
1143,-39.79,-501.43,-101.4,5.65
1144,-39.11,-499.81,-93.88,19.15
1145,-13.27,-476.41,-94.76,20.54
1146,6.98,-470.7,-99.65,13.04
1147,-17.89,-456.86,-95.49,16.04
1148,-13.87,-462.4,-92.56,17.55
1149,-15.08,-471.58,-98.35,15.77
1150,-53.76,-466.91,-101.25,15.48
1151,-68.07,-447.74,-99.51,17.89
1152,50.67,-456.29,-99.49,10.53
1153,-3.61,-487.29,-97.76,17.6
1154,-8.28,-470.14,-94.13,15.74
1155,-10.59,-460.97,-90.51,19.16
1156,-6.02,-448.63,-91.43,9.83
1157,-15.72,-461.89,-87.59,16.23
1158,-33.91,-465.63,-88.79,19.03
1159,-20.22,-466.03,-92.33,18.3
1160,-48.63,-453.53,-93.23,16.11
1161,6.94,-420.67,-93.96,19.35
1162,9.98,-443.3,-97.86,7.25
1163,9.19,-463.38,-100.24,13.67
1164,-12.94,-485.64,-95.85,18.34
1165,-36.68,-471.74,-89.61,23.71
1166,-13.68,-472.79,-93.32,18.97
1167,-38.78,-505.4,-91.54,19.06
1168,-3.87,-473.93,-97.94,17.63
1169,-19.3,-434.91,-100.72,17.29
1170,7.52,-448.11,-103.71,18.95
1171,-9.51,-474.45,-105.04,18.77
1172,-23.43,-462.27,-97.26,22.94
1173,-35.85,-466.73,-94.2,19.4
1174,-23.81,-469.0,-96.43,18.42
1175,-36.28,-463.17,-95.13,22.72
1176,-9.73,-465.83,-95.45,23.21
1177,-11.49,-446.05,-93.44,23.01
1178,-21.52,-464.69,-94.55,24.24
1179,2.66,-461.66,-87.77,23.5
1180,-4.36,-452.21,-92.89,21.76
1181,-21.84,-475.13,-93.07,10.32
1182,-6.97,-445.76,-89.17,13.02
1183,-18.05,-456.27,-92.92,20.82
1184,-21.01,-515.29,-91.55,26.49
1185,-55.34,-480.0,-93.67,21.28
1186,-0.99,-442.46,-98.51,20.64
1187,-5.13,-498.12,-104.55,17.45
1188,-5.16,-475.45,-99.05,23.67
1189,-44.96,-475.21,-95.53,22.16
1190,-14.9,-478.27,-96.12,25.72
1191,-22.12,-483.36,-100.59,23.19
1192,-4.94,-458.47,-101.84,23.57
1193,-25.73,-481.5,-98.72,26.3
1194,-42.39,-426.68,-101.67,24.92
1195,-2.03,-463.18,-99.69,22.96
1196,-13.39,-516.95,-97.71,28.75
1197,-12.72,-427.95,-98.9,19.98
1198,-17.05,-454.99,-95.85,24.28
1199,-25.29,-534.38,-95.68,23.62
1200,-25.67,-488.67,-91.2,15.11
1201,-22.15,-467.52,-91.0,27.9
1202,-7.02,-469.63,-98.21,25.94
1203,-39.51,-457.13,-98.25,23.81
1204,-0.99,-471.82,-106.84,14.1
1205,-6.07,-463.94,-97.62,24.87
1206,-42.23,-470.21,-94.05,18.28
1207,-1.89,-474.28,-95.09,20.81
1208,18.25,-438.43,-99.95,29.48
1209,-13.11,-474.26,-101.99,25.19
1210,-13.52,-474.74,-97.66,17.1
1211,-25.39,-481.37,-93.95,25.2
1212,-21.57,-438.72,-91.68,26.55
1213,-42.71,-493.52,-97.44,26.98
1214,0.4,-489.73,-99.16,29.01
1215,-18.98,-465.75,-99.23,25.84
1216,-15.6,-483.3,-97.46,22.75
1217,-31.5,-470.96,-100.04,23.85
1218,-57.98,-474.25,-98.12,25.61
1219,-12.68,-484.87,-108.06,22.85
1220,-2.0,-475.36,-104.35,27.18
1221,-20.79,-481.38,-97.74,24.19
1222,-4.16,-468.24,-100.51,23.5
1223,-17.64,-430.09,-95.85,23.11
1224,-10.18,-491.52,-105.14,21.18
1225,-56.28,-483.01,-100.08,15.64
1226,4.33,-450.05,-98.88,26.22
1227,-2.19,-486.79,-103.29,26.31
1228,-15.41,-503.12,-96.11,27.43
1229,-20.52,-484.97,-100.4,19.87
1230,-31.43,-470.5,-98.64,19.81
1231,-28.93,-456.59,-96.85,18.71
1232,-56.42,-437.55,-103.38,23.89
1233,-13.04,-496.91,-103.21,27.57
1234,20.71,-460.34,-104.09,22.59
1235,-20.66,-437.01,-105.77,21.66
1236,-26.18,-494.31,-95.66,24.71
1237,-12.78,-498.36,-100.21,18.22
1238,-22.19,-489.39,-97.88,26.23
1239,-24.02,-473.69,-99.52,20.78
1240,-23.4,-490.84,-99.69,25.17
1241,-1.26,-459.77,-97.47,25.8
1242,-12.79,-471.94,-99.15,20.06
1243,-28.69,-490.3,-98.81,21.6
1244,-27.08,-465.09,-102.94,23.54
1245,-9.5,-472.14,-97.75,22.39
1246,-0.79,-481.46,-99.42,13.41
1247,8.67,-413.74,-104.59,18.12
1248,-4.88,-444.79,-98.94,31.78
1249,-50.12,-485.01,-97.79,21.75
1250,22.66,-476.12,-103.51,21.92
1251,-16.85,-473.51,-98.86,17.71
1252,-14.38,-444.54,-98.16,24.22
1253,1.58,-477.96,-103.73,21.91
1254,-21.41,-478.43,-101.03,21.39
1255,-13.4,-456.13,-97.56,19.34
1256,-23.63,-474.78,-98.45,25.98
1257,-48.45,-465.14,-95.55,20.35
1258,-14.52,-453.26,-96.93,21.47
1259,10.07,-441.47,-99.51,17.78
1260,6.0,-471.9,-105.96,14.33
1261,-29.95,-486.51,-99.08,23.64
1262,-43.9,-477.82,-94.73,21.43
1263,-34.56,-467.82,-93.32,21.03
1264,-38.87,-429.37,-97.8,19.53
1265,2.61,-500.95,-95.89,27.37
1266,5.46,-502.31,-96.27,21.68
1267,-1.52,-437.95,-102.0,17.67
1268,-14.69,-486.56,-99.91,26.15
1269,-31.4,-491.21,-93.59,22.23
1270,-21.66,-474.86,-100.69,19.18
1271,-35.88,-474.63,-98.09,23.06
1272,-11.68,-458.61,-93.71,21.35
1273,-6.53,-459.85,-98.57,18.82
1274,-28.35,-467.74,-94.22,24.59
1275,-42.54,-461.8,-93.24,27.64
1276,-47.83,-463.56,-97.05,24.58
1277,20.68,-468.31,-105.48,24.96
1278,10.53,-386.74,-98.99,16.46
1279,-31.56,-462.75,-102.95,19.01
1280,-19.63,-493.95,-100.0,27.05
1281,-17.75,-495.14,-96.08,18.1
1282,1.06,-481.05,-99.03,20.2
1283,-17.19,-477.38,-102.94,15.16
1284,2.5,-468.32,-103.05,18.82
1285,-21.58,-458.98,-107.16,10.16
1286,-4.17,-447.46,-105.92,10.45
1287,-2.09,-461.08,-107.6,16.66
1288,-28.98,-481.24,-102.49,20.23
1289,-13.32,-462.5,-103.78,23.62
1290,-32.3,-470.19,-102.63,19.78
1291,-89.52,-456.22,-107.0,26.15
1292,13.96,-475.66,-109.19,17.46
1293,-2.18,-470.88,-114.33,21.23
1294,-4.45,-462.06,-107.02,19.67
1295,-25.12,-469.29,-108.16,19.09
1296,-59.0,-473.09,-104.36,26.65
1297,-28.63,-465.38,-102.95,28.61
1298,8.03,-463.35,-107.27,22.07
1299,-24.75,-460.99,-105.01,21.98
1300,-17.55,-477.35,-104.72,18.22
1301,-10.64,-469.15,-100.42,23.4
1302,-25.36,-469.81,-97.73,21.47
1303,-25.49,-467.82,-107.17,18.33
1304,-39.41,-450.81,-103.14,21.16
1305,-20.87,-430.89,-101.12,17.5
1306,-21.74,-502.52,-102.61,27.38
1307,-49.29,-498.12,-102.95,28.21
1308,-8.24,-472.56,-104.94,27.98
1309,-12.14,-458.85,-104.36,21.24
1310,-32.05,-430.71,-104.24,16.32
1311,-70.41,-433.2,-103.37,17.22
1312,-9.32,-520.6,-93.92,35.08
1313,8.33,-478.45,-99.97,20.48
1314,-13.15,-479.7,-103.32,22.84
1315,-22.54,-490.75,-101.57,25.84
1316,-22.09,-487.65,-105.08,22.39
1317,-20.67,-480.0,-100.75,23.64
1318,-36.34,-469.66,-100.39,19.32
1319,-44.7,-426.84,-98.76,21.71
1320,7.95,-477.7,-109.75,21.07
1321,-2.72,-474.59,-104.83,17.54
1322,-55.05,-466.31,-102.07,24.77
1323,-12.4,-476.35,-101.29,29.53
1324,8.59,-461.19,-108.65,26.28
1325,-16.53,-468.83,-104.98,23.5
1326,-10.19,-474.31,-109.78,24.52
1327,-23.88,-471.89,-107.33,25.17
1328,-38.6,-466.02,-100.66,23.0
1329,-21.62,-465.08,-103.19,20.76
1330,-18.82,-468.39,-104.68,23.54
1331,-71.18,-437.87,-98.63,20.65
1332,41.55,-431.8,-104.24,24.68
1333,-24.62,-467.79,-102.34,25.19
1334,-3.69,-488.72,-96.95,27.29
1335,-16.83,-470.87,-101.24,21.69
1336,-18.84,-470.55,-97.92,24.06
1337,-20.9,-473.22,-93.66,29.07
1338,-18.97,-462.69,-94.42,27.13
1339,-21.21,-466.79,-96.38,24.81
1340,-26.03,-471.97,-93.83,24.77
1341,-23.09,-463.41,-90.77,19.82
1342,-17.67,-461.67,-94.61,21.12
1343,-22.79,-466.97,-94.95,21.34
1344,-12.27,-457.83,-98.94,19.64
1345,-30.18,-452.9,-97.91,24.0
1346,-39.48,-443.23,-97.24,30.6
1347,-37.3,-450.43,-102.89,22.7
1348,37.86,-457.34,-110.54,15.26
1349,-2.47,-463.64,-104.92,23.93
1350,-93.59,-458.69,-105.94,22.17
1351,27.34,-408.04,-105.18,18.96
1352,-16.52,-419.71,-107.57,12.28
1353,6.04,-469.85,-110.75,9.64
1354,-4.85,-515.08,-102.41,35.59
1355,-6.61,-482.3,-102.91,25.79
1356,-17.64,-456.88,-104.72,20.43
1357,-18.52,-426.59,-109.01,22.93
1358,-24.13,-501.67,-103.52,21.21
1359,-32.58,-486.69,-106.75,23.24
1360,-31.73,-464.92,-100.12,26.45
1361,-20.39,-493.1,-103.68,23.82
1362,-35.87,-473.02,-107.9,23.86
1363,-73.44,-478.48,-108.53,27.21
1364,10.94,-452.31,-111.7,22.71
1365,17.34,-465.48,-108.32,20.4
1366,-17.28,-469.35,-107.62,20.37
1367,-47.73,-469.71,-102.77,20.58
1368,-16.72,-442.53,-101.91,25.7
1369,-12.47,-468.45,-101.15,21.67
1370,4.4,-465.99,-105.07,18.42
1371,-34.32,-481.37,-97.83,15.98
1372,-45.63,-464.63,-99.73,16.11
1373,3.61,-459.65,-104.4,22.67
1374,-8.43,-459.75,-98.59,23.46
1375,-19.21,-444.94,-102.1,18.67
1376,-21.43,-451.23,-97.99,16.85
1377,-19.27,-481.64,-97.48,16.77
1378,-23.72,-459.17,-98.31,17.87
1379,-26.68,-472.63,-99.52,20.38
1380,-29.21,-438.43,-104.12,13.32
1381,-24.03,-444.47,-103.32,24.99
1382,-40.07,-508.88,-97.5,28.02
1383,-23.21,-449.62,-102.47,19.34
1384,-37.12,-395.91,-107.32,16.94
1385,-63.91,-439.75,-99.73,23.3
1386,22.93,-540.22,-102.97,28.21
1387,-21.06,-505.75,-101.31,20.65
1388,-12.55,-459.11,-102.88,14.9
1389,14.13,-452.53,-104.67,13.6
1390,-13.29,-469.54,-101.38,24.81
1391,-30.05,-479.91,-98.09,17.48
1392,-59.81,-472.45,-94.76,27.08
1393,-38.98,-465.23,-97.15,16.26
1394,26.82,-462.95,-102.09,16.05
1395,-57.86,-437.57,-99.74,19.27
1396,10.36,-459.48,-107.88,9.61
1397,0.64,-438.2,-100.63,17.18
1398,-1.0,-460.6,-96.4,20.22
1399,-12.42,-480.94,-103.2,18.34
1400,-29.99,-473.98,-100.75,18.89
1401,0.68,-446.48,-97.08,15.47
1402,-13.81,-402.47,-95.47,15.66
1403,-11.85,-460.93,-97.95,22.99
1404,-27.13,-507.81,-100.01,25.12
1405,-16.57,-478.15,-101.85,19.68
1406,-10.96,-452.55,-94.77,16.7
1407,1.69,-453.28,-96.32,21.41
1408,-30.01,-469.13,-94.34,26.44
1409,-31.08,-475.19,-93.93,19.92
1410,-54.83,-439.18,-96.03,17.18
1411,-66.16,-446.62,-96.99,16.52
1412,23.63,-480.51,-107.2,6.52
1413,14.8,-486.3,-102.48,19.89
1414,-35.36,-461.95,-104.8,21.23
1415,4.78,-463.15,-104.8,16.14
1416,-27.8,-483.5,-111.02,17.49
1417,-6.73,-480.28,-103.51,22.41
1418,-39.89,-450.51,-105.42,16.18
1419,-7.61,-481.93,-107.49,19.86
1420,-7.5,-471.88,-110.01,15.24
1421,-9.01,-464.52,-106.79,18.34
1422,-37.66,-467.98,-99.96,23.02
1423,-41.6,-469.96,-101.86,17.44
1424,4.26,-468.51,-108.56,14.69
1425,-1.14,-447.18,-104.13,15.19
1426,-6.25,-446.8,-110.45,10.67
1427,-26.36,-482.04,-108.19,18.18
1428,-24.45,-431.58,-108.19,14.23
1429,3.4,-466.75,-107.48,13.08
1430,-79.7,-472.86,-102.83,23.01
1431,-1.31,-499.89,-104.03,20.81
1432,4.89,-474.78,-108.06,17.43
1433,8.32,-456.78,-110.97,13.47
1434,-12.01,-462.65,-105.22,12.64
1435,-24.34,-462.67,-105.4,15.73
1436,-22.39,-476.2,-102.32,9.9
1437,-63.23,-464.82,-99.94,5.78
1438,10.11,-428.98,-98.02,16.31
1439,4.89,-507.03,-103.65,12.4
1440,-26.79,-493.19,-101.21,11.84
1441,-11.3,-473.67,-108.15,13.82
1442,-18.02,-468.23,-108.45,17.33
1443,-12.57,-480.12,-105.85,17.45
1444,-27.69,-485.61,-99.04,14.28
1445,-89.74,-477.97,-99.73,16.72
1446,10.28,-475.46,-105.6,8.66
1447,24.0,-458.95,-106.06,20.07
1448,-1.26,-461.08,-110.77,18.47
1449,-38.32,-460.43,-101.51,16.39
1450,10.03,-459.47,-104.38,11.14
1451,-38.67,-431.02,-102.95,15.65
1452,-6.97,-451.91,-99.84,19.69
1453,-17.52,-499.04,-97.33,19.27
1454,-43.46,-496.82,-93.76,19.36
1455,-18.23,-459.82,-110.25,15.23
1456,14.82,-479.44,-106.43,9.54
1457,-12.39,-476.47,-99.44,19.32
1458,-40.34,-475.88,-100.86,17.24
1459,-28.89,-424.73,-103.89,15.27
1460,-51.67,-472.48,-99.98,21.25
1461,53.31,-450.55,-103.22,18.05
1462,1.68,-426.04,-104.51,11.72
1463,-3.78,-422.86,-103.51,15.1
1464,-20.36,-488.91,-101.99,19.04
1465,-5.4,-491.92,-103.3,15.62
1466,-20.17,-504.62,-94.36,14.58
1467,-49.42,-473.14,-97.31,19.26
1468,-16.31,-457.72,-101.14,17.69
1469,-55.57,-497.14,-96.83,22.46
1470,44.39,-459.22,-98.32,18.6
1471,-12.45,-501.64,-99.99,20.17
1472,-8.48,-474.13,-97.52,21.45
1473,-83.85,-415.59,-89.27,15.92
1474,12.08,-498.27,-104.29,18.18
1475,12.78,-462.39,-99.53,21.87
1476,-2.48,-470.35,-101.98,16.06
1477,-31.73,-476.11,-98.01,22.01
1478,-39.95,-429.46,-96.93,22.67
1479,27.46,-463.71,-101.15,21.63
1480,-26.1,-482.01,-97.99,20.4
1481,4.89,-462.27,-100.05,20.57
1482,-16.03,-468.45,-95.87,23.07
1483,1.97,-461.69,-97.26,23.01
1484,-16.47,-451.21,-98.84,17.59
1485,1.04,-405.75,-98.62,19.36
1486,-4.74,-485.87,-102.02,20.93
1487,1.24,-435.5,-98.24,25.12
1488,0.29,-449.41,-99.24,28.85
1489,-41.27,-512.98,-102.96,26.67
1490,-38.87,-504.62,-99.01,23.11
1491,-0.18,-467.05,-96.76,16.53
1492,-12.29,-469.5,-101.13,22.37
1493,-31.09,-463.64,-99.83,22.47
1494,-45.13,-451.74,-94.12,26.12
1495,27.73,-441.72,-102.53,21.8
1496,-25.32,-471.02,-98.05,23.73
1497,-24.03,-482.44,-94.16,26.07
1498,-2.65,-436.73,-100.98,23.75
1499,6.48,-425.79,-101.05,16.44
1500,-40.41,-489.99,-93.28,30.7
1501,-9.86,-492.31,-96.63,23.94
1502,-17.53,-423.48,-96.85,19.38
1503,3.21,-461.15,-100.87,21.95
1504,-17.52,-442.58,-102.29,24.24
1505,-47.82,-441.54,-96.15,28.74
1506,9.61,-445.9,-101.42,28.92
1507,-16.44,-456.93,-102.71,27.15
1508,5.54,-455.35,-98.78,20.43
1509,4.28,-348.79,-101.58,15.8
1510,-12.23,-479.13,-96.78,35.42
1511,-59.8,-481.86,-95.86,26.41
1512,-14.56,-477.34,-98.13,29.86
1513,-14.72,-471.76,-99.46,28.93
1514,-11.79,-465.7,-102.64,27.35
1515,-5.37,-460.38,-98.06,26.15
1516,-13.08,-459.56,-100.7,23.32
1517,-34.67,-455.7,-98.62,21.73
1518,-41.13,-435.17,-91.57,25.49
1519,20.08,-459.76,-94.22,17.14
1520,-11.43,-443.25,-104.54,8.05
1521,-12.81,-408.14,-99.96,21.85
1522,-15.51,-470.23,-93.17,23.59
1523,-30.38,-448.15,-95.45,22.2
1524,-22.84,-481.66,-93.19,22.85
1525,-22.66,-451.46,-88.16,18.41
1526,-11.33,-459.39,-96.98,14.37
1527,-5.0,-450.27,-100.69,13.95
1528,2.21,-428.31,-98.06,18.3
1529,-31.59,-464.82,-95.86,13.59
1530,-47.08,-433.95,-97.0,19.28
1531,23.82,-439.42,-98.1,17.5
1532,2.21,-446.76,-101.96,22.46
1533,-9.52,-459.7,-99.39,22.09
1534,-10.56,-485.75,-100.91,18.95
1535,-14.35,-459.37,-99.63,15.51
1536,-29.07,-469.08,-97.91,17.95
1537,-61.61,-458.56,-95.46,16.49
1538,0.07,-435.66,-108.92,5.68
1539,13.31,-407.83,-107.54,9.7
1540,-12.88,-489.0,-105.31,13.28
1541,-25.47,-496.76,-100.65,25.71
1542,-18.51,-466.54,-105.78,19.23
1543,-27.21,-483.71,-102.99,21.11
1544,-58.18,-473.55,-100.27,16.21
1545,-23.01,-466.01,-99.2,17.15
1546,-4.37,-471.58,-106.24,19.75
1547,-36.07,-462.78,-107.17,14.74
1548,6.48,-448.39,-98.69,13.42
1549,-14.9,-457.62,-103.55,25.62
1550,-25.15,-450.02,-104.33,23.18
1551,-7.13,-473.22,-105.97,17.07
1552,-33.23,-502.1,-104.59,16.09
1553,-57.57,-491.1,-107.77,21.38
1554,-78.74,-447.49,-100.52,22.01
1555,59.15,-400.84,-114.75,6.11
1556,-9.88,-514.69,-111.3,17.77
1557,-31.38,-519.95,-102.44,27.44
1558,-26.29,-498.69,-108.43,9.35
1559,-43.11,-486.02,-106.1,9.02
1560,-23.62,-482.17,-107.15,12.78
1561,-21.47,-484.11,-102.93,14.24
1562,-38.11,-482.28,-98.59,22.98
1563,-35.04,-469.18,-97.84,21.63
1564,-19.4,-444.62,-108.53,19.2
1565,-20.51,-474.83,-106.06,21.31
1566,-43.3,-523.22,-104.15,23.32
1567,-35.37,-491.2,-109.0,21.47
1568,-22.01,-449.54,-109.68,20.09
1569,-11.02,-505.64,-105.36,19.21
1570,-29.29,-474.42,-103.78,20.32
1571,-34.09,-421.65,-103.38,18.88
1572,-107.98,-486.71,-102.26,22.33
1573,2.54,-504.07,-109.2,25.04
1574,33.83,-439.9,-116.72,8.8
1575,-2.72,-420.7,-108.65,8.61
1576,-6.97,-420.3,-108.23,7.15
1577,-33.15,-444.6,-103.29,15.67
1578,-10.75,-486.33,-109.48,11.21
1579,-42.81,-540.23,-110.97,9.89
1580,-62.08,-519.4,-98.88,18.46
1581,6.41,-509.74,-106.46,15.32
1582,-9.18,-492.65,-103.56,18.56
1583,-9.6,-483.97,-104.39,15.7
1584,-17.08,-472.18,-107.16,14.09
1585,-18.11,-468.44,-110.58,10.51
1586,-18.79,-480.25,-104.95,12.41
1587,-27.25,-472.77,-102.85,20.12
1588,-33.95,-461.41,-107.47,21.89
1589,-6.43,-440.19,-107.79,15.69
1590,-17.78,-465.53,-107.73,20.41
1591,-24.64,-449.67,-106.05,17.04
1592,-51.12,-448.2,-104.19,16.46
1593,5.53,-491.59,-101.56,18.16
1594,-28.09,-438.21,-99.83,17.15
1595,23.32,-428.4,-104.16,16.39
1596,-16.25,-470.66,-97.75,19.65
1597,-46.47,-463.01,-100.48,17.16
1598,2.7,-435.1,-105.81,7.96
1599,16.39,-451.76,-106.05,7.01
1600,-29.02,-498.51,-106.87,18.1
1601,-6.43,-485.44,-99.31,25.06
1602,-20.17,-469.7,-98.81,21.39
1603,-26.87,-469.1,-96.49,21.71
1604,-20.53,-466.08,-98.31,19.19
1605,-8.61,-468.15,-102.33,11.57
1606,-17.29,-454.68,-105.03,9.45
1607,-20.36,-459.22,-99.44,18.46
1608,-20.94,-460.79,-98.82,16.43
1609,-16.41,-459.88,-97.85,14.71
1610,-17.8,-460.02,-98.09,12.07
1611,-50.45,-437.8,-104.21,10.78
1612,3.59,-448.56,-99.64,18.92
1613,4.23,-470.06,-109.63,4.17
1614,-9.81,-440.8,-110.74,2.28
1615,-34.12,-425.58,-104.83,3.98
1616,-51.3,-476.43,-100.69,27.41
1617,-10.96,-478.11,-94.66,25.06
1618,-7.74,-494.52,-100.88,24.36
1619,-2.75,-461.63,-103.5,10.54
1620,-4.05,-465.13,-100.99,21.43
1621,-16.16,-468.39,-99.0,17.57
1622,-27.56,-462.43,-96.75,14.85
1623,-23.71,-476.31,-100.92,19.08
1624,-29.39,-479.46,-99.84,21.72
1625,-30.25,-473.8,-94.11,20.78
1626,-18.92,-474.48,-98.96,18.5
1627,-24.81,-461.21,-100.29,21.82
1628,-37.13,-409.56,-96.74,14.83
1629,-31.9,-499.42,-102.51,16.64
1630,-3.26,-494.73,-99.26,21.73
1631,-12.06,-477.1,-104.56,14.59
1632,-19.18,-459.49,-105.49,17.38
1633,-7.29,-450.45,-105.28,16.31
1634,-31.57,-493.31,-103.08,22.1
1635,-34.37,-457.84,-108.37,19.86
1636,7.39,-446.31,-106.47,21.99
1637,-50.13,-479.75,-99.5,15.14
1638,-27.82,-465.21,-104.11,12.74
1639,-0.27,-451.27,-111.88,5.21
1640,-38.71,-461.64,-107.55,9.17
1641,-42.68,-516.5,-92.35,21.77
1642,-31.45,-485.73,-98.89,19.93
1643,-28.51,-471.35,-106.61,13.91
1644,24.71,-450.59,-103.26,12.61
1645,-33.27,-511.43,-101.27,14.36
1646,-17.98,-479.42,-105.4,12.06
1647,-29.48,-497.48,-106.01,15.26
1648,-5.65,-449.5,-105.15,11.07
1649,-22.21,-459.47,-105.53,11.77
1650,2.26,-452.72,-103.38,11.78
1651,-20.35,-486.35,-98.42,22.21
1652,-58.97,-478.71,-103.05,14.78
1653,-28.84,-470.39,-101.99,6.45
1654,12.21,-470.96,-100.94,14.81
1655,-3.78,-445.31,-105.74,20.07
1656,-33.52,-468.03,-98.92,17.19
1657,-31.48,-443.52,-98.89,11.23
1658,3.84,-426.4,-100.03,10.3
1659,8.14,-483.05,-107.43,9.83
1660,-11.17,-485.12,-103.56,21.83
1661,-3.39,-297.73,-102.1,23.57
1662,-44.58,-496.92,-102.14,22.33
1663,-45.21,-563.4,-99.04,25.94
1664,-0.45,-470.27,-105.94,21.41
1665,-7.0,-469.69,-105.17,11.65
1666,-13.23,-466.76,-104.45,5.45
1667,-25.5,-487.03,-100.58,15.96
1668,-32.46,-474.3,-98.35,20.24
1669,-28.25,-465.13,-97.49,16.21
1670,-26.25,-466.6,-101.26,13.81
1671,-4.66,-453.14,-108.08,11.04
1672,-20.34,-459.45,-96.71,14.81
1673,-92.4,-464.4,-94.62,15.09
1674,43.37,-452.96,-100.54,10.67
1675,-5.85,-442.38,-99.72,13.11
1676,6.21,-427.84,-101.18,11.07
1677,5.65,-427.77,-96.41,18.13
1678,-14.75,-456.4,-100.57,11.33
1679,-15.46,-472.27,-97.86,7.11
1680,-3.85,-406.28,-100.45,12.64
1681,-37.96,-479.7,-96.72,12.28
1682,3.75,-463.14,-93.05,11.16
1683,1.45,-471.12,-96.85,14.21
1684,-25.68,-468.6,-93.74,7.85
1685,-30.89,-470.95,-93.75,14.81
1686,-95.77,-462.17,-93.95,10.56
1687,41.06,-437.74,-105.09,8.6
1688,21.39,-469.54,-98.93,13.72
1689,-29.64,-460.28,-99.73,14.12
1690,-10.5,-463.11,-103.11,15.2
1691,-10.07,-467.4,-96.49,14.11
1692,-10.84,-458.32,-98.21,10.95
1693,-10.12,-460.61,-98.69,14.76
1694,-52.78,-423.25,-106.68,4.28
1695,20.19,-448.5,-102.91,12.94
1696,0.23,-468.54,-101.12,11.91
1697,-23.3,-427.32,-96.38,8.99
1698,-78.34,-469.86,-96.99,7.7
1699,40.33,-469.63,-107.94,8.21
1700,3.16,-488.8,-106.51,6.92
1701,-15.42,-467.82,-104.42,9.91
1702,-19.9,-456.09,-101.43,12.92
1703,-15.78,-431.85,-96.51,9.69
1704,-18.61,-479.56,-95.42,17.22
1705,-12.91,-469.33,-94.29,14.41
1706,-17.45,-463.92,-102.61,16.83
1707,-13.6,-461.53,-101.95,11.53
1708,0.04,-433.7,-104.04,13.0
1709,-38.35,-460.51,-110.23,5.95
1710,-47.79,-499.52,-100.14,14.4
1711,-57.94,-488.2,-97.52,14.7
1712,35.0,-457.57,-111.25,11.38
1713,5.09,-452.22,-103.14,15.42
1714,-10.46,-450.47,-99.52,13.96
1715,-29.31,-485.57,-105.15,18.28
1716,-97.31,-473.07,-101.86,15.05
1717,39.23,-479.14,-111.82,11.95
1718,0.47,-462.76,-101.41,15.87
1719,-22.41,-482.78,-101.93,10.71
1720,-22.7,-448.51,-105.11,10.88
1721,-32.73,-483.28,-110.91,13.42
1722,-35.14,-483.68,-113.01,13.04
1723,2.96,-446.18,-111.83,5.34
1724,-12.47,-436.3,-109.28,5.38
1725,-50.31,-533.6,-103.04,13.06
1726,-23.05,-490.75,-110.05,5.98
1727,-17.23,-478.99,-108.49,18.11
1728,-25.08,-472.77,-103.13,14.17
1729,-19.23,-480.19,-107.96,10.66
1730,-15.04,-478.62,-109.93,14.32
1731,-12.83,-465.37,-109.03,9.19
1732,-20.92,-454.6,-104.82,8.08
1733,-22.03,-457.19,-104.95,13.26
1734,-38.76,-482.47,-100.38,23.22
1735,-41.16,-481.51,-101.93,16.24
1736,4.65,-472.06,-108.33,11.68
1737,-10.14,-463.9,-104.77,14.27
1738,-37.76,-466.93,-103.11,15.64
1739,-30.88,-390.81,-104.5,8.08
1740,-33.92,-423.4,-102.66,16.46
1741,21.51,-503.47,-106.7,15.92
1742,-27.88,-497.75,-102.47,20.5
1743,-20.22,-502.89,-105.64,13.78
1744,-29.51,-481.5,-103.57,16.81
1745,-13.69,-476.18,-103.96,17.57
1746,-15.37,-471.06,-103.63,7.16
1747,-21.43,-468.08,-102.14,10.48
1748,-55.98,-434.25,-98.95,17.62
1749,10.42,-462.17,-102.49,17.22
1750,-29.07,-498.78,-102.38,16.32
1751,-48.18,-486.46,-104.05,16.98
1752,40.05,-441.0,-108.98,10.65
1753,-2.22,-472.81,-102.65,14.44
1754,-12.05,-462.67,-104.72,7.13
1755,-28.05,-466.92,-102.62,13.28
1756,-27.57,-470.97,-97.21,12.33
1757,-33.75,-472.24,-95.45,13.2
1758,-8.86,-449.0,-99.58,18.66
1759,-10.4,-450.69,-110.79,13.7
1760,-17.15,-442.66,-95.24,13.89
1761,-27.03,-471.4,-98.21,13.26
1762,-18.5,-431.3,-97.39,16.64
1763,-74.9,-451.85,-101.84,10.71
1764,20.38,-492.53,-102.8,13.67
1765,-21.17,-483.99,-98.59,21.04
1766,-15.18,-443.67,-96.6,22.5
1767,-16.52,-470.38,-101.42,17.23
1768,-26.31,-481.7,-99.82,19.01
1769,-26.82,-468.74,-97.76,18.03
1770,-36.98,-469.79,-94.55,14.12
1771,-51.09,-460.99,-97.16,18.17
1772,4.55,-445.78,-105.98,15.24
1773,-14.13,-462.79,-98.76,14.0
1774,-88.1,-403.27,-104.41,9.87
1775,53.08,-461.54,-110.24,22.91
1776,21.74,-485.62,-99.74,19.68
1777,-8.86,-471.31,-94.02,22.52
1778,-25.07,-451.91,-94.63,18.14
1779,-48.85,-471.83,-97.42,17.63
1780,25.35,-461.16,-102.48,15.0
1781,-4.08,-449.96,-97.65,18.48
1782,-9.98,-439.71,-99.37,13.54
1783,-27.05,-497.43,-100.48,19.7
1784,-26.05,-461.88,-101.77,21.83
1785,-18.24,-459.42,-95.07,18.42
1786,-71.92,-456.54,-93.14,15.44
1787,46.19,-434.01,-99.25,11.29
1788,7.45,-462.1,-90.89,16.5
1789,-20.84,-427.37,-95.27,10.65
1790,-32.88,-421.89,-96.34,13.61
1791,-23.07,-473.37,-90.43,13.84
1792,5.96,-484.66,-90.42,14.56
1793,-23.45,-503.73,-91.57,13.76
1794,-17.28,-465.51,-89.85,11.31
1795,-13.44,-466.89,-91.86,18.6
1796,-12.44,-459.11,-95.55,21.67
1797,-18.11,-443.13,-94.01,19.77
1798,-33.4,-475.39,-88.76,16.98
1799,-42.92,-474.58,-86.96,17.81
1800,-6.28,-466.93,-100.77,18.97
1801,-13.79,-442.21,-101.74,17.47
1802,-4.03,-437.03,-101.83,15.55
1803,-32.59,-470.45,-100.56,15.87
1804,-35.73,-462.84,-100.1,14.23
1805,-0.34,-459.74,-101.1,19.26
1806,-35.68,-447.27,-98.54,15.43
1807,19.44,-454.81,-101.89,15.34
1808,-17.88,-419.64,-99.49,10.03
1809,10.64,-441.88,-104.21,14.3
1810,-26.76,-505.27,-103.72,10.23
1811,-19.77,-490.85,-106.84,13.42
1812,-13.82,-475.22,-104.63,15.82
1813,-1.96,-459.17,-100.41,18.85
1814,-6.68,-466.79,-103.22,21.81
1815,-25.73,-455.44,-95.46,17.17
1816,-24.56,-479.77,-96.04,21.62
1817,-18.76,-471.09,-95.83,23.23
1818,-28.55,-462.41,-98.38,23.91
1819,5.89,-460.45,-107.86,16.01
1820,-35.51,-463.87,-106.2,15.34
1821,-23.8,-458.98,-101.01,20.69
1822,20.13,-461.99,-102.68,23.09
1823,-3.81,-470.61,-101.34,22.12
1824,-22.73,-473.48,-103.09,20.88
1825,-21.93,-463.16,-106.74,17.71
1826,-69.12,-467.54,-99.46,20.7
1827,23.58,-474.12,-108.4,12.08
1828,-34.2,-453.6,-102.15,15.28
1829,3.86,-447.89,-109.26,17.08
1830,-10.44,-489.81,-104.43,18.99
1831,-29.56,-484.07,-101.86,22.91
1832,-21.3,-476.94,-103.05,20.47
1833,-24.13,-465.73,-105.84,21.27
1834,-28.47,-465.29,-105.27,22.41
1835,-21.04,-465.8,-107.39,20.24
1836,-19.77,-409.75,-111.03,14.45
1837,14.34,-441.63,-107.39,20.92
1838,-14.2,-522.48,-104.41,23.16
1839,-26.13,-493.15,-105.99,19.09
1840,-21.45,-484.92,-109.13,19.18
1841,-16.86,-471.38,-103.57,18.46
1842,-33.76,-478.26,-106.27,19.52
1843,-34.11,-463.57,-97.97,24.29
1844,-28.91,-377.97,-108.62,7.89
1845,-19.54,-463.07,-112.54,5.88
1846,30.71,-462.68,-104.78,20.71
1847,-14.33,-555.23,-102.08,18.65
1848,-11.34,-492.15,-105.86,18.63
1849,-13.77,-482.71,-104.15,22.5
1850,-21.15,-480.6,-105.92,15.18
1851,-16.69,-472.46,-103.81,15.9
1852,-16.09,-478.64,-103.67,15.62
1853,-31.51,-480.81,-107.64,19.74
1854,-29.15,-472.45,-106.89,20.17
1855,-52.52,-460.51,-108.96,16.81
1856,5.34,-460.62,-111.53,15.65
1857,5.79,-472.01,-106.34,17.01
1858,-0.63,-471.41,-107.56,16.85
1859,-11.69,-470.92,-103.45,14.44
1860,-28.08,-473.74,-104.07,21.03
1861,-20.15,-474.35,-101.07,25.05
1862,-22.53,-467.21,-102.3,20.61
1863,-6.76,-452.12,-103.24,12.07
1864,-24.08,-440.72,-101.33,12.06
1865,-48.38,-490.91,-104.7,27.01
1866,-20.6,-471.29,-108.07,22.87
1867,-5.27,-455.66,-109.04,19.0
1868,15.89,-483.24,-108.39,22.12
1869,-22.56,-482.76,-112.99,18.6
1870,-39.95,-464.79,-107.52,22.91
1871,3.69,-446.53,-107.08,19.08
1872,-19.64,-431.62,-108.61,16.18
1873,-10.76,-497.86,-112.66,19.84
1874,-22.03,-490.81,-108.16,26.12
1875,-24.07,-480.62,-105.15,19.5
1876,-1.32,-470.77,-110.14,15.55
1877,-10.5,-468.61,-108.59,22.66
1878,-34.82,-463.6,-107.32,22.37
1879,-32.66,-461.29,-105.47,16.39
1880,-18.57,-484.44,-108.72,22.58
1881,-62.55,-468.95,-104.28,26.88
1882,38.21,-501.54,-116.73,14.61
1883,-46.91,-476.23,-112.31,19.33
1884,-6.48,-458.16,-115.22,21.0
1885,26.13,-460.45,-113.73,21.37
1886,-8.82,-471.27,-110.93,19.2
1887,-13.63,-466.78,-110.47,20.44
1888,-5.57,-417.14,-109.72,17.3
1889,-8.53,-401.24,-112.63,13.31
1890,-26.77,-516.79,-112.8,21.33
1891,-30.46,-501.06,-109.33,22.79
1892,-19.46,-478.45,-112.11,23.88
1893,-22.57,-479.13,-104.43,19.66
1894,-10.27,-463.87,-113.77,19.96
1895,-25.25,-466.0,-107.23,11.86
1896,-19.52,-468.11,-112.38,14.09
1897,-30.57,-464.12,-107.74,16.13
1898,-10.71,-470.66,-103.88,18.48
1899,-21.6,-476.06,-103.08,18.28
1900,-12.33,-471.75,-101.42,18.89
1901,-35.03,-460.36,-100.45,20.12
1902,-49.25,-468.5,-100.08,20.92
1903,2.68,-413.87,-103.54,11.47
1904,39.7,-402.82,-100.1,9.2
1905,-19.68,-515.44,-101.43,18.47
1906,-12.45,-492.35,-105.47,11.44
1907,-16.93,-477.3,-103.89,10.83
1908,-17.57,-440.81,-100.25,12.41
1909,-21.55,-495.12,-103.8,14.48
1910,-25.48,-483.39,-108.64,9.06
1911,-19.8,-471.27,-108.45,11.41
1912,-19.84,-466.33,-109.35,14.91
1913,-21.37,-470.56,-109.92,17.05
1914,-16.72,-466.41,-109.79,11.57
1915,-16.92,-466.64,-111.04,13.42
1916,-37.25,-463.97,-116.56,10.6
1917,-50.03,-439.71,-110.82,11.56
1918,1.7,-443.85,-113.05,2.36
1919,0.99,-509.77,-105.08,27.79
1920,4.74,-473.77,-105.52,20.42
1921,-17.5,-442.89,-105.52,18.97
1922,-5.37,-476.45,-104.96,16.65
1923,1.59,-471.57,-105.12,18.71
1924,-29.78,-482.92,-109.21,17.29
1925,-21.8,-483.69,-104.73,14.66
1926,-44.3,-468.53,-105.24,22.58
1927,-4.85,-459.21,-110.53,14.64
1928,-26.98,-467.02,-108.04,16.1
1929,14.59,-478.94,-111.85,13.54
1930,-13.47,-476.75,-109.75,18.58
1931,-25.21,-471.49,-106.42,16.44
1932,-31.81,-476.6,-106.12,18.01
1933,-5.22,-472.83,-108.73,13.01
1934,-15.58,-455.97,-102.58,12.39
1935,-8.55,-443.5,-107.07,16.99
1936,-14.84,-412.47,-110.2,18.8
1937,-39.54,-524.92,-105.04,23.49
1938,-13.48,-493.91,-100.78,13.95
1939,-18.62,-493.16,-107.76,12.54
1940,-26.73,-487.77,-107.99,14.38
1941,-34.64,-458.04,-108.95,18.16
1942,-69.34,-467.85,-107.02,20.93
1943,-12.29,-472.52,-107.93,14.72
1944,32.68,-464.56,-103.51,16.82
1945,-8.65,-480.74,-106.84,22.07
1946,-16.54,-486.57,-102.16,23.88
1947,-24.18,-480.07,-104.2,16.62
1948,-17.26,-468.44,-109.61,17.79
1949,-51.37,-467.41,-106.14,19.26
1950,-44.43,-467.86,-104.31,13.94
1951,3.0,-476.59,-110.76,11.4
1952,0.91,-459.93,-106.48,14.7
1953,-2.9,-483.68,-107.46,16.35
1954,-33.52,-486.62,-105.38,11.0
1955,-9.08,-458.81,-105.78,5.62
1956,-15.17,-474.95,-105.57,11.99
1957,-85.48,-466.19,-109.58,13.61
1958,37.8,-452.13,-114.79,15.88
1959,-21.08,-500.31,-102.48,28.25
1960,-30.92,-465.65,-104.76,22.68
1961,-3.67,-451.42,-103.3,16.48
1962,-24.77,-489.35,-98.85,21.0
1963,-30.06,-459.76,-101.52,17.95
1964,-20.97,-477.45,-100.89,19.8
1965,-45.63,-469.42,-104.99,21.96
1966,39.25,-465.34,-110.26,13.6
1967,-5.67,-450.97,-102.11,17.24
1968,-25.55,-484.08,-102.33,22.56
1969,-19.1,-475.57,-99.51,21.41
1970,-46.76,-487.26,-105.27,22.72
1971,-32.01,-458.61,-102.14,26.31
1972,2.08,-463.94,-104.09,23.85
1973,-23.34,-477.47,-111.35,26.41
1974,-3.07,-409.64,-110.0,26.43
1975,-18.17,-481.49,-101.51,29.92
1976,6.16,-482.75,-105.61,27.06
1977,-22.66,-465.79,-107.43,24.67
1978,-15.53,-466.78,-110.9,23.69
1979,-20.66,-462.7,-108.21,18.3
1980,-25.53,-472.0,-105.64,26.3
1981,-52.89,-470.77,-106.67,22.72
1982,-5.69,-473.42,-102.73,20.52
1983,5.46,-440.93,-106.55,15.94
1984,-8.42,-455.56,-105.07,26.8
1985,-16.98,-442.11,-105.05,22.43
1986,-9.97,-457.78,-109.72,26.75
1987,-66.91,-486.69,-108.4,22.67
1988,7.68,-468.5,-108.79,20.61
1989,-17.65,-429.89,-108.3,19.53
1990,12.88,-459.09,-108.8,23.97
1991,-22.05,-493.19,-100.69,19.94
1992,-12.75,-472.3,-101.81,24.26
1993,-9.9,-464.87,-100.96,26.14
1994,-30.61,-460.73,-102.66,27.46
1995,-11.54,-475.9,-101.76,24.04
1996,-27.43,-463.91,-109.65,21.43
1997,-4.22,-445.24,-108.46,23.32
1998,-56.48,-459.21,-103.64,21.35
1999,15.14,-463.01,-107.83,19.73
2000,-9.47,-468.93,-104.11,19.77
2001,-31.75,-458.07,-102.02,22.12
2002,-3.79,-462.86,-104.25,25.59
2003,-9.36,-471.66,-103.66,22.78
2004,-18.64,-471.13,-101.14,21.42
2005,-25.88,-480.39,-100.8,23.79
2006,-9.63,-471.02,-103.94,26.28
2007,-47.57,-460.9,-101.07,23.97
2008,-72.26,-462.08,-101.55,23.34
2009,45.8,-456.91,-107.3,19.39
2010,2.27,-438.88,-110.57,15.26
2011,-7.07,-418.61,-103.54,20.94
2012,-33.48,-492.4,-107.49,19.57
2013,-10.35,-508.69,-104.15,25.51
2014,-17.61,-479.72,-103.42,17.5
2015,-44.53,-480.27,-103.01,12.58
2016,-2.66,-457.29,-100.97,22.88
2017,-17.96,-435.08,-100.16,29.19
2018,-19.02,-483.62,-108.79,23.36
2019,-32.69,-482.76,-104.58,20.61
2020,-16.29,-476.08,-101.85,20.44
2021,-35.26,-473.48,-106.42,20.18
2022,-54.47,-469.48,-105.87,27.68
2023,7.73,-467.57,-100.09,24.25
2024,-24.88,-465.36,-99.1,20.37
2025,-29.34,-450.19,-97.59,27.26
2026,-5.94,-463.27,-101.18,22.25
2027,-19.25,-469.53,-103.32,21.63
2028,-38.64,-458.23,-103.29,25.21
2029,-18.3,-454.41,-101.98,22.92
2030,-56.18,-456.13,-101.81,21.29
2031,-34.33,-437.5,-91.3,26.22
2032,-16.63,-476.03,-100.03,26.04
2033,30.55,-468.6,-100.77,26.27
2034,-4.72,-470.75,-96.62,23.91
2035,-38.01,-477.4,-96.57,17.83
2036,-27.16,-487.87,-101.57,20.3
2037,-16.89,-463.82,-100.63,19.05
2038,-13.76,-463.77,-107.28,19.08
2039,-17.48,-459.02,-104.65,21.04
2040,-38.8,-455.03,-100.82,14.19
2041,-11.66,-477.02,-99.16,21.42
2042,-27.73,-481.22,-103.05,20.78
2043,-27.44,-477.72,-106.22,19.17
2044,-11.87,-461.55,-105.25,24.08
2045,-69.29,-460.07,-105.1,18.59
2046,-1.16,-470.34,-106.43,20.57
2047,-10.4,-473.35,-109.41,18.86
2048,-22.28,-428.28,-106.09,13.34
2049,2.9,-457.5,-109.99,15.39
2050,-23.3,-488.1,-109.91,18.4
2051,-20.77,-466.34,-102.11,20.73
2052,-17.68,-465.49,-100.74,17.15
2053,-24.5,-420.25,-99.57,14.79
2054,-24.31,-456.26,-101.71,10.1
2055,-43.32,-492.17,-95.07,19.36
2056,-21.83,-480.92,-101.01,17.98
2057,-38.58,-472.18,-104.34,18.66
2058,5.53,-456.86,-107.24,13.22
2059,-11.35,-470.21,-111.76,12.01
2060,-19.17,-450.1,-112.12,21.17
2061,-27.83,-459.47,-105.6,16.93
2062,-31.1,-475.57,-106.0,18.3
2063,-41.81,-483.3,-107.13,20.49
2064,-40.14,-457.24,-104.67,16.26
2065,27.63,-459.34,-110.03,22.88
2066,0.3,-455.67,-108.75,18.51
2067,-15.04,-470.91,-104.97,19.08
2068,-16.5,-481.34,-107.52,13.73
2069,-14.74,-460.82,-102.31,19.27
2070,-30.5,-528.45,-109.67,13.79
2071,-11.81,-386.49,-109.77,16.14
2072,-39.15,-473.37,-104.98,21.85
2073,-44.9,-466.09,-104.16,20.64
2074,-34.76,-448.74,-106.26,15.73
2075,-30.96,-458.69,-104.23,18.09
2076,49.57,-419.8,-102.53,13.84
2077,-25.08,-462.63,-104.1,21.47
2078,0.3,-486.74,-102.21,22.27
2079,-13.94,-484.95,-103.45,21.74
2080,-14.52,-471.84,-103.68,22.66
2081,-11.17,-455.46,-106.69,19.71
2082,-9.25,-436.5,-103.16,19.68
2083,-23.73,-498.14,-102.7,19.91
2084,-24.3,-471.37,-104.94,20.36
2085,-15.81,-466.4,-110.62,22.51
2086,-13.9,-461.36,-105.02,22.72
2087,-21.55,-468.82,-106.24,23.42
2088,-44.16,-462.42,-104.75,22.33
2089,3.01,-461.68,-101.09,19.45
2090,-5.28,-465.24,-109.95,14.73
2091,-16.44,-460.57,-104.17,14.7
2092,-15.79,-461.97,-101.19,15.13
2093,-38.5,-468.39,-99.37,19.78
2094,-75.7,-416.99,-95.82,18.5
2095,22.92,-447.61,-102.74,17.34
2096,19.0,-423.34,-103.65,13.81
2097,-22.44,-480.4,-97.01,16.41
2098,-2.08,-463.3,-98.8,17.76
2099,-12.38,-468.54,-102.43,8.27
2100,-22.02,-503.16,-104.25,11.9
2101,-51.82,-470.83,-94.86,13.55
2102,-45.7,-484.15,-102.53,13.32
2103,30.14,-454.64,-101.15,14.16
2104,-4.42,-452.35,-100.31,16.53
2105,-17.16,-479.79,-99.2,18.59
2106,-9.34,-473.91,-99.7,15.7
2107,-23.99,-463.83,-97.29,11.06
2108,-27.88,-457.22,-100.62,14.47
2109,-28.45,-450.7,-107.22,16.74
2110,-32.45,-439.61,-97.12,19.41
2111,8.15,-468.38,-99.33,12.51
2112,11.62,-468.52,-102.39,14.58
2113,-5.78,-443.32,-101.52,17.23
2114,-20.4,-492.98,-102.89,17.24
2115,-23.71,-485.75,-102.96,17.98
2116,-17.39,-479.33,-104.69,16.46
2117,-27.39,-469.5,-99.39,15.32
2118,-73.74,-457.58,-94.67,12.95
2119,-57.58,-460.78,-99.16,9.91
2120,53.98,-469.16,-111.44,15.39
2121,-41.65,-436.27,-98.68,18.3
2122,14.02,-495.36,-104.82,20.66
2123,3.94,-477.45,-101.77,18.79
2124,-4.14,-465.69,-98.26,14.79
2125,-10.09,-464.81,-100.6,10.99
2126,-26.56,-472.49,-99.96,18.87
2127,-30.53,-471.03,-98.9,16.7
2128,-19.66,-451.5,-96.78,19.41
2129,-15.92,-453.4,-102.48,16.83
2130,-1.39,-439.74,-103.84,15.08
2131,-24.08,-444.22,-102.21,17.53
2132,-34.35,-517.79,-103.84,19.63
2133,-21.87,-482.4,-102.75,20.16
2134,-38.09,-429.28,-100.92,17.46
2135,-13.81,-453.97,-99.51,16.13
2136,-26.99,-522.6,-99.32,12.68
2137,-20.03,-479.99,-103.03,17.81
2138,-13.9,-475.64,-105.19,17.52
2139,-142.21,-480.17,-102.37,17.1
2140,93.45,-457.75,-102.97,16.49
2141,12.59,-451.79,-104.96,11.28
2142,-7.11,-439.81,-101.31,14.16
2143,-61.42,-452.99,-99.5,16.32
2144,3.65,-493.38,-103.21,16.34
2145,-11.29,-486.18,-100.44,14.82
2146,-17.98,-452.92,-97.18,13.82
2147,6.77,-457.4,-108.88,12.16
2148,-17.28,-484.01,-105.81,12.05
2149,-26.59,-475.23,-101.65,14.08
2150,-21.83,-459.86,-106.84,12.95
2151,-20.87,-480.85,-104.06,19.76
2152,-36.55,-486.86,-101.6,13.05
2153,-19.29,-486.29,-100.01,15.57
2154,-16.36,-476.52,-103.35,22.25
2155,-30.46,-471.96,-101.47,21.56
2156,-48.19,-444.49,-103.49,19.94
2157,-1.22,-463.89,-102.53,20.91
2158,0.58,-467.87,-107.87,18.67
2159,-15.04,-479.72,-103.5,22.89
2160,-72.51,-434.14,-101.97,20.35
2161,52.23,-437.82,-111.48,16.45
2162,-10.25,-478.22,-101.19,21.62
2163,-45.87,-493.09,-103.35,22.73
2164,-32.78,-466.6,-108.3,27.0
2165,-30.67,-461.35,-106.31,17.9
2166,-5.26,-482.98,-107.59,22.67
2167,2.17,-467.64,-112.42,28.16
2168,-36.03,-458.75,-110.16,24.85
2169,-26.06,-480.48,-110.84,24.16
2170,-51.65,-435.5,-96.28,23.53
2171,-45.23,-458.44,-108.06,22.16
2172,26.85,-492.9,-113.32,21.15
2173,14.06,-463.21,-117.04,19.05
2174,-14.12,-457.55,-114.9,17.56
2175,-25.12,-472.3,-113.61,21.04
2176,-42.46,-474.2,-106.67,25.42
2177,-14.84,-456.86,-110.82,17.4
2178,-7.75,-452.26,-112.7,18.78
2179,-8.36,-461.13,-108.67,19.01
2180,-15.63,-474.25,-108.86,20.67
2181,-17.98,-455.06,-105.03,21.08
2182,-35.83,-434.9,-103.51,22.08
2183,-24.38,-416.54,-105.85,15.63
2184,-52.34,-472.05,-110.2,20.21
2185,13.0,-493.41,-102.74,21.29
2186,-4.05,-486.88,-104.56,23.11
2187,-37.3,-470.39,-100.49,20.15
2188,-3.55,-466.89,-107.86,18.03
2189,-5.67,-436.54,-102.94,24.66
2190,-39.24,-490.43,-102.38,31.67
2191,-38.92,-483.56,-101.56,28.85
2192,-34.02,-484.41,-106.71,21.52
2193,6.73,-459.72,-110.33,25.77
2194,-23.48,-448.2,-105.69,28.09
2195,-0.21,-460.14,-111.29,22.17
2196,-18.02,-462.33,-112.41,23.69
2197,-16.67,-463.51,-113.9,19.37
2198,-27.13,-435.06,-109.18,13.88
2199,-25.92,-435.12,-108.42,21.36
2200,-0.03,-493.98,-110.36,18.02
2201,-67.99,-473.69,-107.8,20.45
2202,-1.96,-460.91,-103.45,23.14
2203,13.38,-462.26,-106.85,16.59
2204,-8.66,-479.01,-108.96,18.11
2205,-10.06,-484.09,-102.95,21.62
2206,-8.97,-473.29,-111.49,23.76
2207,-22.73,-464.76,-109.2,18.5
2208,-15.96,-447.85,-105.2,22.31
2209,-27.44,-493.04,-106.61,22.48
2210,-73.85,-483.71,-104.72,23.58
2211,-65.74,-437.99,-106.08,18.46
2212,65.5,-406.25,-111.41,12.46
2213,2.63,-456.57,-108.23,15.9
2214,-42.12,-516.35,-105.1,31.1
2215,-1.15,-490.53,-107.76,20.95
2216,-38.87,-484.69,-102.79,17.17
2217,-25.05,-470.03,-101.12,15.69
2218,-18.61,-467.68,-98.77,21.84
2219,-22.66,-466.16,-100.48,21.77
2220,5.73,-483.13,-109.01,16.15
2221,-3.71,-466.97,-107.22,15.15
2222,-22.94,-471.81,-108.48,20.05
2223,-30.89,-454.78,-109.67,19.41
2224,-38.23,-466.67,-104.0,19.3
2225,14.83,-419.58,-104.45,19.54
2226,-2.0,-454.77,-115.5,18.34
2227,-23.04,-524.84,-109.37,20.33
2228,-8.46,-479.59,-110.56,18.26
2229,-21.96,-484.43,-106.65,14.49
2230,-60.24,-469.35,-106.05,11.01
2231,-62.62,-416.02,-101.25,12.2
2232,58.86,-481.48,-103.45,10.74
2233,-2.46,-493.22,-103.0,15.72
2234,-18.24,-478.01,-104.55,19.57
2235,-21.28,-479.27,-104.51,20.89
2236,-40.63,-478.0,-96.9,22.23
2237,-10.08,-469.36,-103.8,17.95
2238,-12.27,-462.48,-106.65,16.24
2239,-15.86,-446.79,-105.54,16.15
2240,-9.2,-460.58,-108.04,19.34
2241,-9.22,-476.2,-101.73,16.88
2242,-29.65,-478.89,-105.14,18.45
2243,-44.0,-479.08,-101.84,20.39
2244,-9.35,-461.31,-104.08,17.07
2245,-2.5,-440.97,-102.21,12.96
2246,-50.89,-433.28,-95.59,16.91
2247,-12.87,-474.31,-96.7,20.01
2248,16.66,-477.27,-101.9,23.77
2249,-21.67,-456.2,-105.2,24.23
2250,-38.92,-474.06,-102.3,23.78
2251,15.15,-491.1,-97.06,18.42
2252,7.15,-482.11,-107.39,14.42
2253,-5.69,-471.99,-103.14,19.89
2254,-13.47,-458.76,-103.65,17.11
2255,-29.97,-479.69,-100.44,12.88
2256,-33.86,-463.47,-102.18,22.92
2257,-15.17,-461.41,-106.43,17.58
2258,-23.0,-468.56,-101.98,17.05
2259,-10.52,-420.87,-108.59,16.08
2260,-20.23,-454.43,-107.09,10.28
2261,-48.12,-490.41,-96.65,21.07
2262,0.49,-468.12,-104.1,16.21
2263,-1.93,-463.01,-102.96,17.17
2264,-36.05,-449.69,-95.7,17.06
2265,-53.27,-481.07,-97.81,18.98
2266,-14.62,-476.75,-104.83,23.23
2267,-16.14,-468.77,-101.71,15.69
2268,8.34,-440.32,-111.28,20.41
2269,4.54,-469.85,-105.05,21.63
2270,-15.58,-455.34,-96.61,21.74
2271,-17.72,-435.21,-96.32,17.0
2272,-51.04,-491.36,-90.26,19.15
2273,-2.3,-432.75,-98.55,22.06
2274,-2.81,-468.47,-102.26,19.42
2275,-9.6,-472.92,-99.41,21.32
2276,-30.94,-472.63,-103.09,20.08
2277,-28.86,-465.52,-97.96,26.08
2278,-73.69,-445.14,-98.2,22.41
2279,-20.03,-456.83,-99.74,21.77
2280,39.54,-463.04,-106.59,18.58
2281,-6.34,-470.23,-101.82,22.03
2282,-10.87,-478.21,-102.72,24.07
2283,-56.69,-485.94,-103.76,23.66
2284,-57.63,-472.24,-95.83,24.92
2285,22.26,-464.01,-98.57,16.59
2286,2.85,-458.0,-102.61,21.86
2287,-3.42,-466.5,-101.01,26.24
2288,-27.59,-466.74,-97.24,26.59
2289,-14.09,-443.07,-100.64,26.98
2290,-18.69,-413.11,-103.29,25.05
2291,-22.23,-511.94,-107.06,25.92
2292,-6.29,-493.46,-101.76,24.93
2293,-19.11,-457.06,-97.56,28.51
2294,-62.79,-454.24,-92.01,25.64
2295,17.51,-468.77,-101.39,23.31
2296,-22.89,-451.23,-94.61,20.78
2297,3.06,-446.23,-96.48,14.83
2298,-27.94,-475.47,-96.22,12.24
2299,-55.14,-450.83,-101.9,14.87
2300,29.6,-453.74,-109.22,23.96
2301,-3.59,-462.17,-102.91,19.48
2302,-30.68,-476.83,-101.05,18.8
2303,-47.92,-467.15,-106.46,22.47
2304,9.79,-464.59,-99.57,17.59
2305,-18.24,-435.13,-100.95,17.96
2306,-22.99,-457.18,-99.02,21.05
2307,-18.56,-475.43,-100.12,20.29
2308,-105.06,-454.54,-97.77,21.2
2309,76.68,-475.22,-108.11,15.14
2310,9.65,-422.48,-103.9,11.44
2311,0.21,-416.45,-103.51,16.86
2312,-16.78,-493.66,-102.77,16.05
2313,-25.37,-484.48,-101.15,16.12
2314,-15.45,-463.25,-100.34,11.32
2315,-25.87,-471.34,-98.69,10.96
2316,-36.3,-470.75,-92.94,15.43
2317,-25.21,-461.13,-96.19,16.07
2318,-6.28,-450.08,-102.02,14.4
2319,-25.98,-446.32,-105.84,10.45
2320,-9.97,-392.34,-110.81,11.1
2321,-86.17,-506.99,-110.92,14.36
2322,25.06,-441.72,-111.98,7.52
2323,35.01,-459.83,-112.28,19.07
2324,-7.14,-482.38,-107.31,21.0
2325,-14.2,-483.02,-105.72,19.3
2326,-18.92,-473.98,-103.91,26.82
2327,-50.62,-438.1,-96.85,22.44
2328,-48.91,-456.53,-94.52,22.07
2329,-1.51,-474.87,-106.87,16.66
2330,6.27,-477.1,-107.71,18.67
2331,-10.72,-463.21,-102.05,16.91
2332,-3.21,-462.27,-107.41,11.55
2333,-19.26,-467.41,-102.88,15.87
2334,-24.03,-464.34,-104.21,19.55
2335,-25.08,-472.44,-103.68,20.1
2336,-44.84,-479.55,-102.38,14.89
2337,-25.17,-450.22,-103.35,11.73
2338,-107.54,-479.23,-104.66,19.66
2339,19.03,-469.81,-99.77,17.64
2340,-5.4,-469.69,-104.84,15.49
2341,24.73,-454.23,-110.62,14.65
2342,-11.27,-473.44,-104.74,13.38
2343,-18.54,-472.34,-101.18,10.91
2344,-28.02,-466.84,-104.15,11.48
2345,-41.54,-438.29,-104.13,12.01
2346,-28.73,-426.31,-102.16,7.29
2347,-2.7,-499.49,-112.86,18.51
2348,-24.24,-481.43,-110.8,12.74
2349,-25.09,-492.61,-109.86,13.42
2350,-13.02,-476.53,-107.58,14.71
2351,-21.17,-467.84,-109.48,13.51
2352,-23.83,-470.59,-107.47,9.93
2353,-16.81,-468.55,-108.05,11.67
2354,-45.63,-452.49,-107.33,15.86
2355,-55.28,-462.23,-104.55,14.31
2356,-6.54,-435.39,-105.56,15.68
2357,-23.65,-489.32,-112.52,14.55
2358,3.42,-476.07,-108.35,16.79
2359,-3.64,-496.67,-109.69,16.39
2360,-15.51,-476.06,-108.82,13.83
2361,-19.98,-471.06,-108.27,15.67
2362,-27.28,-475.02,-106.11,12.56
2363,-32.96,-473.59,-104.23,13.87
2364,-77.44,-460.86,-98.85,12.52
2365,29.69,-458.54,-110.12,12.84
2366,-3.63,-423.7,-98.7,11.43
2367,-59.84,-466.47,-108.09,12.44
2368,-29.59,-494.59,-103.02,13.91
2369,-2.46,-466.36,-106.56,14.02
2370,18.53,-472.26,-101.26,11.13
2371,-23.69,-471.38,-101.35,11.41
2372,-30.73,-469.16,-103.89,9.3
2373,18.78,-456.31,-104.97,16.77
2374,-12.31,-477.04,-100.44,12.45
2375,-13.4,-445.3,-102.58,11.63
2376,-19.76,-437.16,-100.97,14.52
2377,-57.75,-498.3,-98.53,20.78
2378,-22.55,-472.19,-99.03,23.47
2379,9.98,-439.71,-99.65,24.41
2380,-13.42,-473.53,-102.23,26.93
2381,-23.89,-472.78,-103.82,20.09
2382,-30.17,-467.46,-103.07,15.63
2383,-28.97,-449.47,-103.23,19.77
2384,-4.72,-478.01,-102.55,18.82
2385,-32.01,-445.16,-97.27,15.18
2386,-41.8,-482.66,-98.41,13.94
2387,12.69,-468.33,-100.51,23.1
2388,-17.22,-477.8,-102.63,19.73
2389,-43.78,-474.77,-92.42,19.75
2390,-20.85,-435.47,-97.53,21.18
2391,7.03,-467.19,-107.73,22.01
2392,-18.73,-476.94,-105.53,20.02
2393,-18.61,-478.66,-101.15,19.2
2394,-29.01,-459.99,-106.29,19.02
2395,-49.11,-432.17,-105.99,25.87
2396,10.69,-471.69,-103.77,26.54
2397,-20.64,-469.17,-107.02,26.09
2398,-15.83,-446.25,-106.16,22.81
2399,-77.81,-460.94,-102.0,27.29
2400,43.35,-472.91,-107.35,20.82
2401,2.99,-468.56,-106.47,18.75
2402,-13.3,-473.45,-105.86,17.72
2403,-28.06,-466.94,-102.21,16.53
2404,-22.1,-470.63,-102.33,13.3
2405,-39.6,-471.4,-100.98,10.73
2406,-42.73,-467.74,-96.49,13.54
2407,18.47,-454.94,-102.8,13.34
2408,-12.16,-466.73,-99.61,15.04
2409,-24.95,-466.84,-101.18,15.1
2410,-34.48,-444.71,-99.6,15.39
2411,-8.65,-411.78,-106.05,18.98
2412,-12.58,-465.99,-100.92,18.09
2413,-23.36,-517.28,-99.58,24.0
2414,-3.62,-467.48,-103.11,16.77
2415,-22.44,-478.08,-101.21,13.25
2416,-22.9,-477.09,-102.02,19.66
2417,-34.66,-472.14,-100.12,20.53
2418,-14.33,-469.29,-96.37,21.4
2419,-20.1,-466.45,-103.33,20.6
2420,-32.04,-463.6,-111.14,20.43
2421,-48.56,-461.17,-105.44,24.28
2422,8.43,-441.24,-102.33,14.62
2423,-8.45,-472.01,-101.64,16.09
2424,-26.41,-474.05,-96.83,24.6
2425,-11.07,-444.78,-109.25,7.84
2426,-57.96,-470.74,-103.41,9.09
2427,-46.3,-462.73,-99.87,11.76
2428,39.8,-450.22,-110.58,9.48
2429,-4.68,-496.59,-100.49,14.23
2430,-24.05,-492.97,-100.24,10.69
2431,-16.66,-477.17,-101.14,14.19
2432,-12.81,-479.79,-99.59,13.08
2433,-23.02,-476.31,-101.9,11.73
2434,-16.86,-462.86,-97.24,6.86
2435,-28.82,-466.9,-98.5,3.69
2436,-27.06,-471.65,-101.17,6.78
2437,-6.99,-446.81,-97.88,5.65
2438,-23.78,-464.79,-101.72,7.77
2439,-52.88,-451.53,-103.49,12.91
2440,20.91,-467.55,-105.49,12.02
2441,-22.32,-475.63,-104.92,4.57
2442,-23.66,-479.66,-97.45,17.27
2443,9.32,-461.42,-102.0,16.08
2444,-7.32,-464.45,-98.87,14.91
2445,-26.23,-489.67,-100.33,19.06
2446,-14.18,-467.76,-102.3,15.19
2447,-11.2,-475.68,-102.27,15.95
2448,-17.71,-469.08,-98.29,17.48
2449,-23.92,-476.71,-94.4,16.63
2450,-16.46,-470.55,-100.74,14.59
2451,-27.12,-462.6,-100.9,15.77
2452,-9.8,-450.97,-101.03,14.6
2453,-31.19,-461.34,-100.54,10.74
2454,10.3,-450.0,-107.82,6.36
2455,-8.77,-459.07,-103.15,5.17
2456,-22.5,-485.44,-98.85,17.68
2457,-17.95,-469.34,-103.88,16.49
2458,-32.8,-447.75,-102.86,12.94
2459,-10.53,-462.53,-98.52,15.72
2460,2.19,-468.52,-100.32,17.87
2461,-24.7,-444.24,-102.39,5.08
2462,-68.68,-464.56,-98.21,6.91
2463,10.55,-495.03,-102.84,12.07
2464,-1.64,-485.29,-102.72,14.07
2465,3.08,-475.59,-104.66,10.78
2466,9.26,-480.95,-107.28,13.53
2467,-52.87,-472.87,-111.71,11.54
2468,-5.43,-465.17,-99.97,13.14
2469,-9.56,-477.34,-102.14,12.76
2470,2.13,-466.17,-98.11,12.35
2471,-16.68,-471.62,-102.07,7.58
2472,-20.78,-473.38,-93.98,12.36
2473,-8.75,-473.68,-98.04,13.85
2474,-12.31,-459.43,-101.84,15.97
2475,-5.72,-462.91,-99.47,13.3
2476,-22.62,-473.35,-103.86,10.76
2477,-4.15,-457.39,-102.7,14.45
2478,-34.99,-457.58,-95.14,12.72
2479,-46.0,-446.34,-96.24,12.58
2480,-41.81,-453.73,-96.48,16.29
2481,4.12,-453.87,-97.41,9.34
2482,15.8,-457.69,-98.5,13.32
2483,11.42,-478.69,-97.19,14.94
2484,-32.31,-450.16,-91.28,16.88
2485,-30.26,-488.11,-92.08,20.86
2486,-19.98,-479.13,-92.59,18.28
2487,9.09,-454.58,-94.04,16.51
2488,-7.05,-438.13,-98.16,10.3
2489,-11.67,-479.17,-95.36,15.95
2490,-15.5,-439.76,-99.21,20.86
2491,-21.12,-443.99,-97.9,18.0
2492,-14.23,-502.89,-97.15,16.18
2493,-21.03,-480.26,-96.86,19.12
2494,-34.1,-467.01,-91.35,14.28
2495,-90.19,-462.43,-97.11,11.06
2496,12.21,-442.36,-94.37,12.45
2497,37.38,-445.95,-103.28,10.13
2498,6.23,-454.81,-104.19,15.43
2499,-15.21,-476.38,-99.97,17.33
2500,-18.86,-452.83,-98.97,16.13
2501,-22.0,-480.3,-104.27,9.8
2502,-0.47,-454.55,-102.68,14.66
2503,-16.97,-459.56,-104.95,12.51
2504,-9.74,-459.94,-102.14,13.36
2505,4.06,-446.98,-95.16,11.11
2506,-17.07,-447.36,-95.52,13.05
2507,-14.28,-451.34,-95.73,8.76
2508,-34.35,-473.86,-98.05,14.39
2509,-66.0,-457.71,-93.92,21.66
2510,14.18,-471.04,-104.56,16.56
2511,0.1,-458.54,-104.31,16.43
2512,-10.0,-466.31,-98.15,23.48
2513,-11.22,-465.5,-98.83,21.25
2514,-11.23,-455.41,-96.91,20.17
2515,-19.2,-442.12,-97.79,20.14
2516,-9.31,-462.44,-104.73,15.88
2517,-15.66,-437.29,-98.39,19.13
2518,-10.28,-452.43,-102.28,10.38
2519,-20.2,-479.9,-105.96,21.33
2520,-23.75,-481.62,-101.6,28.25
2521,-37.67,-463.84,-101.93,22.11
2522,-44.37,-448.31,-102.44,20.0
2523,-6.4,-456.49,-99.96,22.38
2524,-3.88,-465.12,-100.04,19.13
2525,9.11,-453.0,-106.21,24.57
2526,-2.98,-461.14,-104.04,23.99
2527,-22.36,-473.73,-104.34,19.12
2528,-27.6,-466.55,-101.29,22.12
2529,-26.39,-434.45,-103.33,20.08
2530,7.62,-442.07,-103.45,20.9
2531,-2.35,-453.53,-102.24,23.93
2532,-18.78,-483.76,-100.42,28.65
2533,-10.87,-414.32,-98.88,25.08
2534,-12.16,-480.73,-95.87,30.01
2535,-20.66,-488.69,-90.85,27.65
2536,-27.71,-476.82,-96.84,24.15
2537,-16.63,-463.54,-97.73,24.97
2538,-45.37,-452.94,-100.79,27.85
2539,-50.13,-464.14,-98.96,26.03
2540,18.9,-458.76,-99.34,19.4
2541,14.64,-448.02,-96.95,24.41
2542,-23.85,-449.44,-102.04,26.4
2543,-1.59,-464.35,-100.37,22.17
2544,-17.8,-465.59,-95.11,26.62
2545,-11.59,-473.52,-98.04,26.08
2546,-20.03,-464.69,-95.97,26.34
2547,-9.78,-443.35,-105.45,23.55
2548,-48.92,-466.63,-104.0,29.61
2549,-9.8,-443.71,-100.72,26.9
2550,-5.49,-456.07,-107.1,29.11
2551,-6.37,-475.04,-105.87,32.69
2552,-17.59,-458.08,-102.21,25.22
2553,0.13,-438.59,-106.37,31.02
2554,-19.82,-485.41,-107.51,27.73
2555,-36.7,-467.13,-103.02,27.41
2556,-53.99,-485.42,-97.9,24.23
2557,-27.48,-457.22,-97.75,22.31
2558,0.26,-461.05,-101.3,24.13
2559,4.99,-463.08,-106.12,25.08
2560,-11.72,-469.59,-98.54,26.9
2561,-23.84,-465.45,-98.64,23.7
2562,-26.21,-468.45,-96.28,18.55
2563,-36.45,-470.55,-96.32,20.38
2564,-51.66,-449.52,-94.75,23.47
2565,1.48,-464.93,-98.93,21.23
2566,-21.1,-486.12,-101.25,16.51
2567,-27.01,-467.45,-102.24,20.82
2568,4.14,-453.59,-102.78,19.83
2569,-36.11,-476.51,-98.1,17.14
2570,-16.07,-453.15,-97.77,27.13
2571,-19.37,-454.05,-97.71,22.12
2572,-27.21,-487.62,-100.79,20.01
2573,-11.38,-467.12,-104.4,21.44
2574,-1.36,-442.25,-106.96,15.96
2575,-15.12,-466.5,-103.56,23.06
2576,-16.57,-502.56,-97.58,25.39
2577,-24.12,-466.19,-98.06,18.28
2578,-22.24,-476.35,-106.03,23.94
2579,-31.97,-491.01,-99.05,19.63
2580,-55.7,-466.74,-99.08,19.63
2581,1.77,-447.64,-107.94,18.42
2582,9.36,-489.58,-99.58,21.36
2583,-8.7,-472.7,-101.53,20.0
2584,-13.39,-456.11,-101.49,22.6
2585,-21.14,-490.82,-98.25,24.55
2586,-24.1,-481.58,-99.21,23.83
2587,-26.79,-475.45,-99.45,23.54
2588,-31.29,-471.67,-98.2,24.64
2589,-40.54,-484.49,-92.75,27.56
2590,-21.69,-473.99,-95.51,25.4
2591,-21.12,-469.93,-102.1,25.25
2592,-67.25,-434.74,-101.7,26.25
2593,-1.39,-475.91,-107.74,19.55
2594,12.63,-478.59,-103.94,21.24
2595,12.16,-447.16,-103.58,18.8
2596,-13.61,-502.81,-105.14,16.21
2597,-20.0,-477.29,-101.64,26.58
2598,-26.79,-471.83,-102.02,22.93
2599,-36.96,-495.23,-102.7,23.65
2600,-14.49,-480.4,-103.22,23.94
2601,-29.07,-485.71,-100.41,26.52
2602,-21.58,-485.68,-105.24,23.46
2603,-30.56,-483.62,-103.26,19.46
2604,-48.58,-482.92,-103.9,19.67
2605,-22.64,-475.41,-106.31,19.48
2606,-24.7,-480.79,-103.51,18.63
2607,-32.01,-463.31,-101.03,22.31
2608,-20.36,-455.99,-109.18,19.75
2609,-5.36,-486.66,-113.39,18.39
2610,-13.37,-480.79,-103.54,19.11
2611,-3.55,-467.28,-102.13,15.15
2612,-24.05,-476.05,-111.38,14.54
2613,-31.63,-488.78,-112.54,24.34
2614,-43.66,-471.79,-100.56,24.16
2615,-34.38,-483.74,-101.86,26.71
2616,-55.29,-462.63,-97.88,26.16
2617,2.32,-476.01,-106.44,25.83
2618,-69.3,-466.26,-105.16,18.46
2619,56.13,-407.97,-112.58,11.82
2620,-1.63,-486.45,-106.37,27.54
2621,-20.43,-514.45,-104.18,27.36
2622,-32.46,-504.83,-105.18,25.33
2623,2.96,-480.58,-108.01,21.6
2624,-18.2,-478.54,-111.77,16.86
2625,-19.15,-482.38,-109.49,20.56
2626,-23.36,-470.07,-104.73,19.29
2627,-27.63,-469.38,-102.39,20.21
2628,-25.68,-472.92,-103.21,20.12
2629,-17.43,-476.99,-107.7,18.13
2630,-14.99,-461.61,-108.75,16.28
2631,-63.5,-460.73,-101.08,23.65
2632,-4.07,-486.63,-104.37,19.91
2633,-41.5,-462.3,-104.08,20.44
2634,15.17,-471.48,-107.84,24.0
2635,-39.4,-473.43,-107.26,18.65
2636,-20.52,-464.04,-106.41,12.12
2637,23.62,-453.85,-105.26,17.93
2638,-4.15,-481.82,-106.07,22.36
2639,-26.2,-477.76,-100.1,14.86
2640,-4.49,-442.13,-106.33,19.65
2641,-21.56,-469.42,-103.95,19.71
2642,-8.27,-452.06,-102.46,22.36
2643,-48.49,-481.83,-98.21,29.03
2644,-3.71,-499.19,-101.33,19.5
2645,-43.89,-474.86,-99.88,22.95
2646,11.01,-459.81,-94.44,25.99
2647,9.21,-451.12,-104.56,19.33
2648,-36.27,-475.78,-96.73,15.99
2649,3.75,-437.53,-102.03,23.27
2650,-14.76,-470.27,-95.96,24.31
2651,10.46,-427.7,-103.94,20.65
2652,-9.48,-472.73,-103.22,17.57
2653,-25.12,-478.19,-101.41,26.98
2654,-42.93,-476.78,-103.74,24.2
2655,-2.39,-474.49,-104.49,24.25
2656,-12.63,-465.62,-105.89,23.74
2657,-20.56,-457.86,-100.03,20.97
2658,-31.58,-456.39,-101.82,18.92
2659,5.23,-463.85,-105.85,19.89
2660,-21.03,-456.99,-106.49,17.7
2661,-19.83,-472.44,-98.59,28.38
2662,-47.17,-472.94,-95.04,34.49
2663,-10.11,-468.33,-97.77,32.24
2664,-36.5,-467.96,-95.63,24.44
2665,-37.45,-466.16,-97.01,21.21
2666,2.13,-457.84,-97.19,22.52
2667,14.94,-449.78,-100.42,17.67
2668,1.39,-461.39,-93.13,21.07
2669,-27.76,-478.75,-94.68,24.55
2670,-8.71,-468.01,-94.88,17.74
2671,-34.01,-436.85,-100.22,15.91
2672,26.73,-469.69,-104.25,17.34
2673,-19.93,-480.44,-101.01,18.56
2674,-26.3,-471.39,-92.65,17.02
2675,-26.93,-465.06,-98.24,16.03
2676,-29.69,-465.72,-96.75,20.13
2677,-40.55,-454.87,-96.65,20.22
2678,-20.5,-465.11,-92.41,24.09
2679,-21.83,-461.97,-98.86,28.63
2680,2.88,-471.98,-105.98,31.51
2681,-2.68,-467.67,-99.88,32.36
2682,-13.49,-472.87,-101.94,24.64
2683,-22.8,-469.75,-98.87,27.54
2684,-25.81,-462.86,-100.51,27.72
2685,-87.86,-458.01,-93.08,28.82
2686,25.05,-462.33,-98.97,31.75
2687,-8.63,-472.72,-103.44,30.96
2688,-15.91,-441.87,-105.97,28.69
2689,-8.86,-456.22,-106.25,23.63
2690,-13.95,-490.67,-104.11,23.99
2691,-29.43,-471.68,-95.07,26.85
2692,13.75,-442.4,-95.32,22.4
2693,-44.93,-464.98,-101.46,27.46
2694,-13.54,-470.01,-94.63,24.49
2695,-27.86,-461.23,-101.37,20.32
2696,-9.67,-467.67,-103.88,34.25
2697,-11.54,-453.78,-93.95,30.49
2698,-29.25,-482.37,-96.67,26.96
2699,-26.75,-469.98,-99.64,24.04
2700,-37.21,-465.45,-96.07,27.19
2701,-17.75,-473.47,-98.34,27.24
2702,-4.91,-483.97,-106.03,33.37
2703,-26.42,-476.45,-100.95,31.09
2704,-31.09,-466.29,-98.91,26.38
2705,12.67,-463.25,-99.92,26.49
2706,-29.86,-472.26,-95.83,31.65
2707,-18.14,-463.45,-96.38,30.14
2708,-27.58,-469.68,-94.23,30.79
2709,-9.2,-466.68,-95.02,35.67
2710,-26.02,-462.72,-98.38,27.56
2711,-28.81,-439.79,-100.77,32.98
2712,-35.73,-461.13,-99.57,32.24
2713,16.08,-472.36,-106.26,26.83
2714,-13.6,-465.27,-101.48,22.88
2715,-15.07,-471.64,-101.48,25.26
2716,-26.66,-477.08,-99.52,29.4
2717,-51.61,-452.66,-92.69,25.75
2718,-8.01,-435.66,-103.46,26.47
2719,7.47,-455.52,-97.62,31.46
2720,-11.46,-488.97,-98.28,35.16
2721,-27.23,-476.31,-93.44,27.34
2722,-6.79,-469.46,-95.89,26.93
2723,-12.04,-472.29,-94.23,26.94
2724,-40.34,-467.21,-89.11,26.78
2725,-48.77,-449.25,-86.94,29.02
2726,7.35,-464.16,-94.64,28.05
2727,-18.03,-472.4,-96.36,23.06
2728,2.77,-467.18,-96.02,23.02
2729,-2.3,-469.97,-100.02,17.31
2730,-19.61,-461.95,-92.27,22.92
2731,-45.13,-447.55,-92.66,25.8
2732,-14.22,-433.5,-95.53,28.92
2733,1.67,-465.11,-90.35,28.68
2734,-3.1,-474.86,-98.24,28.68
2735,-28.68,-486.86,-99.79,27.7
2736,-9.03,-474.93,-92.01,27.87
2737,-36.58,-460.41,-90.08,24.31
2738,-2.76,-447.05,-91.27,26.21
2739,-14.51,-431.9,-93.66,24.85
2740,-36.46,-488.2,-89.53,28.68
2741,14.8,-453.94,-98.37,22.29
2742,-43.21,-473.28,-96.18,24.23
2743,1.06,-486.16,-90.78,28.69
2744,-8.72,-475.48,-94.27,25.02
2745,-12.01,-435.12,-95.49,17.48
2746,-59.6,-476.1,-95.67,18.02
2747,1.6,-473.13,-97.04,23.25
2748,-6.38,-454.18,-94.42,14.8
2749,-5.38,-474.73,-94.56,16.0
2750,-22.33,-471.02,-97.28,21.06
2751,-13.24,-465.58,-97.29,18.2
2752,-68.72,-443.31,-101.99,20.12
2753,19.43,-487.75,-101.57,13.27
2754,8.01,-474.94,-109.07,16.59
2755,-7.5,-447.9,-106.89,11.71
2756,-17.12,-486.72,-103.7,15.02
2757,-34.34,-484.74,-96.68,29.58
2758,-23.15,-476.22,-102.79,21.31
2759,-20.0,-480.24,-103.79,23.72
2760,-21.8,-473.3,-103.97,24.85
2761,-17.4,-474.57,-104.28,23.98
2762,-50.85,-478.1,-103.53,23.52
2763,6.21,-451.39,-103.01,16.26
2764,-17.62,-460.08,-103.19,14.42
2765,-57.16,-476.97,-99.7,22.65
2766,27.68,-480.3,-103.88,17.93
2767,-17.71,-481.13,-103.27,19.97
2768,-25.07,-476.61,-96.67,20.46
2769,-17.27,-478.58,-101.02,24.58
2770,-29.63,-461.68,-100.6,17.9
2771,-4.02,-437.07,-95.35,17.58
2772,-11.14,-461.51,-99.26,15.55
2773,-17.92,-493.95,-96.54,21.84
2774,-36.62,-462.36,-96.7,20.95
2775,-26.09,-431.97,-96.36,20.85
2776,-23.52,-498.5,-101.56,19.16
2777,8.72,-476.23,-101.39,20.97
2778,-32.7,-466.52,-103.63,16.52
2779,-18.0,-480.54,-99.69,17.23
2780,15.97,-479.43,-103.3,19.45
2781,4.82,-465.89,-93.96,16.44
2782,-20.76,-479.98,-93.3,14.97
2783,-8.8,-477.71,-101.83,19.48
2784,-21.08,-468.7,-95.12,22.29
2785,-16.07,-465.14,-96.76,18.56
2786,-7.09,-470.77,-100.73,11.83
2787,-23.24,-466.77,-95.85,13.23
2788,-0.66,-446.25,-104.57,3.88
2789,1.17,-434.62,-94.34,14.0
2790,-26.95,-487.11,-96.59,14.41
2791,-34.68,-444.88,-95.08,13.79
2792,-52.23,-453.13,-102.95,16.31
2793,17.34,-500.37,-101.88,20.88
2794,-22.18,-470.27,-98.55,22.02
2795,7.02,-486.22,-96.29,19.74
2796,-42.0,-470.84,-95.27,20.51
2797,27.81,-465.9,-99.84,12.63
2798,0.17,-469.05,-99.48,13.05
2799,-38.39,-476.28,-92.2,23.17
2800,-54.55,-470.73,-95.88,24.35
2801,-8.63,-449.48,-104.03,26.85
2802,42.27,-469.19,-101.67,27.82
2803,7.5,-467.05,-101.28,24.27
2804,-3.76,-464.27,-101.66,22.09
2805,-21.67,-463.53,-97.36,20.72
2806,-11.8,-436.69,-97.79,20.09
2807,-14.26,-469.22,-98.89,20.35
2808,-7.87,-463.88,-97.62,20.57
2809,-18.2,-462.16,-99.18,18.19
2810,-31.54,-486.09,-91.42,19.1
2811,-21.11,-454.57,-93.62,20.53
2812,-35.63,-450.04,-97.37,16.02
2813,12.19,-442.57,-94.82,16.18
2814,-18.54,-455.29,-97.59,13.77
2815,-29.09,-499.38,-93.43,17.48
2816,2.72,-453.17,-89.25,20.88
2817,-34.22,-452.79,-92.19,21.31
2818,10.5,-475.39,-95.73,18.53
2819,6.78,-486.06,-96.12,21.64
2820,-21.69,-458.88,-90.35,18.83
2821,-5.72,-468.84,-89.16,19.11
2822,-21.58,-469.94,-93.83,18.79
2823,-14.68,-472.71,-89.34,18.23
2824,-32.25,-465.69,-87.97,18.01
2825,-4.32,-463.64,-91.51,18.52
2826,-6.81,-465.6,-96.69,19.22
2827,-8.93,-446.92,-99.81,18.13
2828,-13.52,-456.14,-93.76,16.77
2829,-20.45,-457.55,-99.12,19.67
2830,-11.0,-432.44,-95.79,17.35
2831,-16.0,-486.14,-91.06,24.24
2832,-29.36,-490.18,-95.66,19.67
2833,-25.6,-485.83,-98.48,20.16
2834,-35.11,-422.64,-100.92,16.09
2835,-14.65,-462.71,-95.76,21.01
2836,-21.32,-494.86,-95.27,24.25
2837,-44.28,-464.91,-91.97,28.99
2838,-20.39,-482.5,-99.48,27.41
2839,9.77,-431.65,-105.84,21.63
2840,-10.02,-471.49,-99.21,22.58
2841,-42.0,-489.95,-95.49,28.38
2842,4.65,-476.23,-92.89,22.78
2843,-14.78,-477.37,-96.7,23.87
2844,-9.42,-465.66,-99.79,28.99
2845,-19.19,-472.1,-97.56,30.0
2846,-18.59,-463.96,-98.58,25.0
2847,-10.75,-453.01,-96.44,25.65
2848,-49.25,-455.22,-91.97,27.95
2849,-2.3,-484.78,-94.23,27.71
2850,-11.2,-474.35,-99.2,28.62
2851,-16.42,-436.41,-98.33,29.9
2852,-26.66,-465.13,-105.33,20.56
2853,2.32,-473.71,-101.61,21.12
2854,-11.08,-469.28,-95.17,22.76
2855,-1.74,-454.98,-98.8,13.77
2856,-13.58,-452.68,-95.84,20.59
2857,-26.7,-477.02,-89.83,24.66
2858,-7.94,-466.02,-95.93,25.64
2859,-39.17,-477.66,-98.95,25.85
2860,-22.33,-471.29,-102.25,22.27
2861,-50.28,-449.61,-100.81,18.13
2862,3.91,-460.97,-104.72,13.94
2863,13.31,-471.87,-108.46,19.36
2864,-11.87,-455.37,-105.41,16.87
2865,-0.43,-467.79,-101.69,18.39
2866,-21.73,-457.67,-102.57,21.85
2867,-13.25,-454.68,-103.65,13.85
2868,7.81,-385.7,-101.22,21.72
2869,-23.56,-444.59,-102.76,15.15
2870,-5.25,-501.68,-99.94,12.42
2871,-7.3,-480.72,-101.03,15.55
2872,-18.64,-476.57,-101.89,14.57
2873,-6.81,-465.46,-95.54,21.23
2874,-24.06,-466.23,-96.83,19.63
2875,-72.24,-461.87,-96.18,12.73
2876,-13.52,-441.63,-100.83,18.79
2877,41.81,-417.6,-103.54,17.44
2878,16.69,-482.25,-100.18,14.15
2879,-20.26,-484.01,-100.7,19.2
2880,-7.84,-472.63,-98.08,22.01
2881,-8.08,-464.53,-101.44,18.32
2882,-4.44,-465.65,-102.44,15.34
2883,-15.21,-469.19,-96.44,23.51
2884,-24.07,-443.5,-96.09,14.5
2885,-2.3,-441.79,-95.89,12.85
2886,-14.32,-470.38,-101.86,16.87
2887,-42.67,-456.57,-93.53,18.48
2888,5.06,-460.58,-97.74,19.75
2889,-13.72,-479.02,-99.81,18.53
2890,-21.65,-470.13,-100.81,18.76
2891,-24.34,-467.23,-93.94,13.39
2892,-52.04,-465.23,-99.62,15.81
2893,-27.86,-446.72,-100.03,17.44
2894,47.18,-426.18,-103.76,9.42
2895,-11.46,-483.44,-99.56,13.28
2896,10.65,-477.72,-99.96,16.58
2897,-14.87,-471.33,-104.46,13.76
2898,-16.68,-471.81,-97.91,20.93
2899,-11.36,-468.13,-103.24,13.12
2900,-19.17,-466.98,-98.64,18.43
2901,-35.67,-427.91,-99.79,17.15
2902,-96.12,-403.49,-101.03,13.51
2903,30.32,-526.0,-102.84,18.97
2904,21.52,-487.37,-102.17,22.23
2905,-10.1,-490.38,-106.24,18.19
2906,-11.65,-482.84,-104.66,18.44
2907,-11.6,-466.73,-98.59,19.56
2908,-20.43,-472.2,-95.83,19.04
2909,-20.37,-478.34,-98.71,14.8
2910,-25.94,-473.29,-96.53,19.95
2911,-44.55,-484.23,-92.59,21.31
2912,-55.31,-467.14,-97.17,13.84
2913,-1.71,-464.4,-105.2,16.7
2914,-26.18,-465.41,-104.22,19.58
2915,-37.12,-460.48,-103.19,24.91
2916,16.41,-431.47,-103.25,6.15
2917,-19.49,-481.93,-101.99,11.13
2918,2.66,-507.87,-100.81,15.43
2919,-16.8,-481.63,-100.15,17.36
2920,-20.79,-468.64,-99.1,14.46
2921,-33.84,-471.32,-96.23,10.46
2922,-33.8,-483.35,-92.71,14.95
2923,-26.63,-480.81,-94.57,22.7
2924,3.0,-456.48,-97.67,20.26
2925,-36.77,-453.06,-97.22,18.66
2926,-54.95,-466.49,-98.82,18.25
2927,-41.87,-473.86,-98.94,21.82
2928,38.42,-475.98,-107.79,24.28
2929,-43.91,-489.59,-102.12,25.44
2930,20.03,-458.79,-101.49,24.6
2931,-11.06,-450.78,-98.54,22.51
2932,-29.63,-502.52,-96.84,25.43
2933,-30.1,-475.16,-106.37,27.92
2934,-17.82,-460.31,-105.95,29.38
2935,-25.95,-456.88,-97.22,24.32
2936,-1.02,-451.36,-97.57,24.98
2937,-30.91,-478.83,-98.65,31.68
2938,-21.21,-464.22,-98.95,21.28
2939,2.19,-471.04,-99.27,21.67
2940,-28.16,-463.71,-99.45,29.97
2941,-22.38,-466.72,-101.43,25.28
2942,-13.78,-477.44,-93.6,26.4
2943,-24.34,-463.48,-95.92,22.55
2944,16.26,-436.66,-100.85,16.72
2945,-18.04,-449.66,-104.58,21.21
2946,-0.76,-494.35,-105.12,27.73
2947,-43.66,-439.86,-101.07,22.46
2948,-17.77,-481.57,-99.03,24.08
2949,-8.52,-485.99,-101.14,23.32
2950,-2.78,-461.53,-99.45,25.78
2951,-4.73,-476.3,-100.19,27.27
2952,-4.99,-466.4,-99.45,27.13
2953,-18.11,-474.64,-103.12,28.37
2954,-15.32,-464.6,-104.45,29.62
2955,-24.01,-472.33,-96.37,26.09
2956,-60.03,-460.57,-103.06,25.03
2957,3.59,-465.77,-108.67,23.92
2958,4.96,-453.45,-107.45,26.72
2959,-19.77,-470.54,-105.63,22.23
2960,-4.21,-456.19,-107.59,24.36
2961,-5.0,-420.87,-106.29,24.36
2962,-40.63,-492.69,-108.25,27.23
2963,-39.77,-474.7,-101.85,25.13
2964,-14.67,-465.46,-108.73,22.18
2965,0.39,-460.47,-99.82,23.59
2966,-33.52,-465.43,-106.28,20.05
2967,-28.51,-468.18,-103.79,16.76
2968,-26.13,-481.97,-100.13,15.24
2969,4.88,-481.31,-105.02,19.45
2970,-15.03,-475.41,-108.81,19.04
2971,-20.09,-468.28,-103.04,13.37
2972,-17.73,-465.54,-102.37,20.95
2973,-13.61,-461.42,-106.61,15.57
2974,-20.21,-473.38,-101.76,22.24
2975,-1.3,-451.4,-103.1,19.02
2976,-11.46,-442.29,-100.28,19.52
2977,-21.53,-482.04,-96.29,18.65
2978,-45.35,-495.31,-95.17,17.79
2979,-20.85,-466.03,-100.8,14.45
2980,2.74,-451.62,-104.04,13.48
2981,-18.11,-494.31,-93.92,21.97
2982,-12.23,-475.36,-97.36,17.22
2983,-45.42,-458.9,-94.65,15.83
2984,-83.28,-449.74,-94.85,21.2
2985,25.85,-463.14,-100.28,14.77
2986,20.65,-475.32,-104.68,15.94
2987,-18.77,-415.03,-99.7,15.69
2988,-12.47,-501.57,-95.65,18.11
2989,-32.22,-493.93,-97.71,16.19
2990,-10.17,-474.11,-97.83,17.28
2991,-4.0,-461.79,-101.04,14.37
2992,-29.22,-469.64,-101.24,10.45
2993,-8.55,-458.47,-102.36,11.4
2994,-49.88,-460.09,-94.83,17.27
2995,16.11,-456.11,-100.83,17.82
2996,-5.3,-457.77,-107.0,20.97
2997,-14.33,-467.81,-107.04,22.96
2998,-35.6,-474.61,-98.11,18.11
2999,-6.66,-455.85,-106.78,13.78
