,ch1,ch2,ch3,ch4
0,-18.49,-468.62,-62.29,41.16
1,-18.56,-469.01,-87.41,16.01
2,11.82,-398.22,-68.12,11.83
3,-33.51,-563.78,-122.49,-12.05
4,-22.27,-411.68,-87.03,20.25
5,-15.56,-473.52,-82.98,14.09
6,-19.85,-432.92,-87.38,46.46
7,1.47,-447.71,-91.73,31.9
8,-23.76,-440.27,-87.93,40.63
9,-32.81,-526.38,-91.62,18.87
10,-1.11,-463.25,-95.42,0.69
11,-5.23,-359.35,-92.01,46.85
12,-14.77,-485.2,-93.22,44.87
13,-20.08,-496.45,-95.92,10.41
14,-6.56,-395.77,-100.79,3.7
15,-39.19,-543.25,-107.06,4.82
16,3.15,-303.91,-150.44,-14.18
17,-35.28,-581.11,-103.48,49.32
18,5.08,-365.52,-96.04,-38.72
19,1.98,-463.8,-110.21,31.88
20,1.02,-472.81,-150.56,56.95
21,-21.6,-466.45,-71.77,-27.93
22,-7.95,-509.08,-83.73,55.56
23,8.35,-314.15,-94.31,31.45
24,-18.49,-564.8,-101.31,13.39
25,-13.88,-490.33,-119.5,36.92
26,6.48,-440.66,-86.7,-8.66
27,0.57,-474.68,-87.16,30.93
28,-8.23,-463.69,-95.06,15.9
29,-19.76,-635.87,-78.61,15.59
30,15.85,-82.71,-130.6,-25.63
31,-8.84,-449.09,-95.17,33.52
32,-36.83,-554.6,-89.89,20.75
33,-20.17,-503.04,-91.58,19.85
34,-21.31,-498.2,-86.91,22.27
35,3.78,-444.34,-93.96,21.83
36,-0.83,-453.06,-110.11,3.91
37,-15.11,-455.88,-90.61,24.22
38,-7.38,-459.65,-98.09,17.77
39,-41.91,-521.15,-94.58,6.65
40,-11.95,-409.16,-163.23,-125.35
41,14.59,-343.85,-122.11,63.17
42,-20.68,-511.41,-66.68,50.12
43,3.28,-356.75,-65.15,30.17
44,-5.82,-398.26,-112.42,47.62
45,-23.72,-512.38,-105.04,49.15
46,-13.4,-464.69,-76.68,-3.33
47,-14.38,-465.78,-84.08,16.73
48,-12.63,-474.92,-90.65,15.52
49,-15.71,-469.22,-92.51,12.76
50,-11.71,-456.48,-92.69,23.17
51,-21.67,-455.4,-95.94,19.85
52,-20.19,-452.96,-96.41,14.26
53,-16.73,-455.2,-126.97,-47.35
54,21.65,-360.32,-94.97,10.46
55,-28.82,-546.01,-103.87,27.65
56,-39.74,-567.39,-110.38,48.42
57,11.92,-274.58,-92.28,32.88
58,-16.14,-518.0,-89.05,23.58
59,-11.71,-461.33,-80.21,28.27
60,-9.77,-428.38,-99.45,6.88
61,10.0,-343.3,-109.91,-7.86
62,2.17,-431.09,-95.79,32.02
63,-8.88,-554.68,-92.41,34.93
64,-4.01,-382.54,-100.77,18.06
65,-12.46,-577.45,-86.87,27.66
66,-17.67,-490.17,-92.57,35.53
67,-14.53,-482.37,-93.84,21.75
68,-15.29,-467.11,-93.98,18.04
69,-5.62,-467.59,-108.59,0.27
70,-16.83,-488.67,-93.5,9.37
71,-5.49,-503.05,-90.5,4.74
72,-0.49,-494.33,-106.39,-18.28
73,10.35,-362.53,-99.02,32.62
74,-3.84,-415.63,-92.73,27.55
75,5.29,-381.52,-105.87,12.04
76,-6.93,-503.8,-99.99,2.76
77,-2.98,-336.78,-127.35,6.59
78,-44.81,-584.77,-77.19,46.89
79,-30.04,-524.68,-145.68,17.74
80,2.23,-345.19,-67.73,41.52
81,0.36,-488.01,-90.7,19.86
82,-4.41,-540.57,-104.14,-3.42
83,-13.15,-396.75,-85.82,22.01
84,-15.06,-414.67,-80.61,18.79
85,-13.24,-466.96,-102.14,-1.29
86,-2.89,-455.61,-116.38,20.75
87,-22.92,-498.86,-92.39,18.81
88,-8.29,-428.28,-103.7,5.63
89,-33.86,-547.42,-115.18,13.72
90,-29.15,-471.35,-110.04,-1.77
91,-9.54,-385.45,-97.24,6.06
92,-19.76,-456.8,-85.3,14.56
93,11.22,-377.41,-171.52,-19.56
94,-4.34,-415.59,-48.27,59.03
95,-8.95,-498.78,-102.91,13.69
96,-20.18,-396.41,-68.07,39.97
97,-28.83,-489.49,-87.37,26.11
98,-15.57,-475.6,-89.76,19.58
99,-12.91,-464.26,-104.94,13.06
100,4.54,-414.42,-97.22,0.22
101,11.56,-407.12,-110.08,19.37
102,8.79,-426.03,-104.95,5.97
103,-33.81,-467.31,-98.42,24.21
104,-17.55,-450.67,-107.67,10.2
105,-27.77,-543.96,-101.99,22.78
106,-3.19,-448.09,-104.47,7.17
107,-10.46,-464.7,-100.55,8.9
108,-23.07,-388.58,-99.38,47.6
109,-7.1,-415.33,-103.45,-9.62
110,-10.74,-564.44,-96.17,3.39
111,0.94,-449.56,-116.04,-2.97
112,-24.07,-489.65,-117.38,-13.94
113,-3.26,-409.08,-104.9,4.91
114,-14.15,-466.59,-160.71,-13.02
115,-9.76,-484.83,-65.17,83.33
116,-22.68,-557.36,-98.02,18.9
117,-3.03,-426.2,-86.12,15.52
118,-1.43,-471.64,-99.2,11.67
119,-11.39,-433.89,-98.15,15.62
120,-9.32,-440.97,-105.34,8.92
121,-5.68,-436.84,-99.81,12.41
122,-23.6,-380.73,-104.15,3.01
123,-12.63,-457.58,-88.34,38.25
124,-3.67,-488.86,-102.16,28.74
125,-24.3,-492.53,-98.86,25.53
126,-19.44,-479.46,-94.17,16.7
127,-27.02,-517.14,-101.33,3.58
128,-31.33,-484.58,-132.64,-20.79
129,17.26,-299.59,-103.73,-2.67
130,-6.42,-485.32,-103.18,-6.23
131,-21.78,-461.09,-96.23,69.76
132,-25.19,-468.95,-98.53,44.41
133,0.62,-435.09,-95.2,7.08
134,-17.2,-456.58,-88.13,18.18
135,-39.93,-545.69,-97.3,8.4
136,-12.73,-314.27,-88.41,-7.45
137,16.78,-335.69,-127.04,-73.6
138,-22.29,-371.6,-77.98,68.63
139,-22.85,-544.07,-81.79,38.06
140,-18.44,-509.47,-80.04,30.8
141,-20.43,-480.71,-87.65,21.51
142,-21.27,-496.86,-95.37,11.84
143,-28.96,-451.08,-99.47,3.52
144,-18.1,-440.28,-110.01,-14.32
145,-11.13,-425.37,-110.25,16.87
146,-12.17,-490.19,-84.73,21.84
147,-4.34,-445.09,-93.84,32.67
148,-20.47,-448.65,-94.3,10.96
149,-16.89,-439.87,-95.52,10.6
150,-27.23,-463.7,-101.93,-1.29
151,-35.02,-624.34,-104.17,8.11
152,3.97,-283.33,-105.95,13.89
153,-10.86,-457.23,-93.0,27.37
154,2.24,-436.4,-100.48,3.28
155,-19.83,-535.84,-103.86,20.17
156,-4.92,-417.31,-103.23,24.93
157,-6.11,-435.53,-96.68,22.09
158,-16.75,-500.59,-99.52,24.3
159,-19.44,-319.16,-101.2,15.89
160,-19.79,-580.47,-121.14,-4.93
161,-3.85,-438.68,-106.34,20.77
162,-16.54,-508.92,-100.15,27.37
163,-8.29,-512.9,-111.65,11.49
164,-11.11,-353.62,-111.48,22.64
165,-38.79,-580.83,-106.92,13.97
166,12.61,-367.73,-119.76,5.38
167,-0.07,-387.67,-109.02,11.47
168,1.97,-409.07,-108.81,13.96
169,-10.2,-560.89,-114.16,2.58
170,-10.42,-436.9,-100.51,26.07
171,-13.64,-482.09,-94.58,25.27
172,-21.75,-467.9,-96.84,19.77
173,-23.83,-503.03,-105.41,13.73
174,-11.42,-454.07,-111.49,6.04
175,-16.15,-431.18,-95.8,20.25
176,1.39,-469.17,-105.09,17.8
177,-20.92,-454.93,-97.16,16.22
178,-50.64,-485.74,-101.15,12.48
179,15.86,-445.93,-109.37,8.35
180,-22.57,-489.43,-108.68,6.21
181,-10.56,-452.01,-101.19,4.04
182,-18.96,-492.93,-109.98,-2.14
183,-0.3,-376.97,-104.69,15.92
184,-9.99,-398.46,-98.86,12.04
185,-8.81,-429.76,-93.18,17.79
186,11.23,-338.83,-105.01,-4.26
187,-44.09,-419.2,-95.65,11.55
188,-2.24,-526.73,-100.57,5.41
189,-15.61,-478.97,-96.87,-1.54
190,-39.36,-505.86,-93.86,15.67
191,5.5,-404.25,-106.94,8.78
192,-7.27,-491.15,-101.27,4.61
193,-18.75,-404.21,-100.17,6.62
194,-30.01,-495.15,-96.11,6.57
195,-4.26,-483.66,-105.9,-4.61
196,-28.2,-511.5,-102.88,3.15
197,1.75,-379.66,-99.57,5.5
198,-20.06,-421.79,-107.24,-0.15
199,-16.18,-540.67,-99.99,1.99
200,-15.29,-455.7,-100.71,0.73
201,-6.14,-474.22,-107.99,0.73
202,-20.81,-461.9,-108.93,-4.38
203,1.6,-393.94,-98.23,0.83
204,-5.91,-416.68,-100.19,2.83
205,-11.8,-455.81,-99.69,0.14
206,-12.38,-391.47,-104.58,-4.99
207,-16.71,-512.28,-105.91,-9.19
208,-3.66,-505.14,-102.36,-0.52
209,-17.12,-413.52,-103.2,3.3
210,-10.81,-470.3,-108.95,-1.11
211,-11.44,-451.78,-105.22,-7.11
212,-26.25,-465.79,-109.78,-12.06
213,-11.18,-385.22,-109.38,-10.72
214,-3.64,-474.66,-104.48,13.29
215,-8.77,-468.62,-104.84,5.67
216,-36.69,-472.31,-103.7,2.25
217,-1.39,-502.3,-102.71,3.0
218,-28.96,-455.49,-104.66,-8.09
219,20.18,-354.88,-109.06,0.24
220,15.76,-395.52,-101.91,5.73
221,9.73,-452.11,-106.23,3.74
222,-8.44,-461.1,-100.9,10.39
223,-1.66,-480.31,-114.02,-1.19
224,-2.16,-432.74,-110.53,3.9
225,-0.22,-429.86,-105.58,-2.52
226,-10.62,-464.48,-109.11,1.39
227,-7.01,-444.66,-109.74,-0.6
228,-8.11,-440.32,-107.89,3.04
229,-8.27,-452.87,-109.19,2.17
230,-18.56,-451.09,-107.07,-1.05
231,-38.72,-443.24,-106.16,-1.37
232,-24.6,-457.54,-107.0,-1.67
233,14.61,-439.17,-114.0,-6.44
234,-43.66,-452.51,-101.21,0.29
235,-29.17,-457.05,-108.66,-4.73
236,11.94,-481.73,-117.46,-11.75
237,-41.08,-450.68,-111.52,5.24
238,-24.34,-493.77,-107.26,3.5
239,10.54,-479.14,-111.93,4.94
240,25.21,-343.58,-115.23,-3.67
241,1.53,-405.37,-111.14,5.94
242,4.36,-401.68,-109.69,-0.62
243,0.06,-455.12,-116.04,0.53
244,-13.38,-463.5,-113.77,-0.7
245,-40.41,-453.17,-117.62,-3.38
246,13.15,-423.59,-110.26,-0.99
247,-15.29,-397.67,-111.78,-6.79
248,-18.87,-508.38,-114.06,-7.23
249,-10.57,-403.03,-115.01,-5.27
250,-5.5,-447.05,-113.6,-3.25
251,-10.83,-451.38,-108.76,-0.35
252,4.95,-461.28,-114.36,-4.76
253,-18.17,-456.06,-113.58,-3.47
254,-3.12,-438.91,-109.75,-8.73
255,-2.14,-475.64,-116.54,-3.49
256,-2.66,-445.23,-114.07,-4.7
257,-15.71,-540.78,-116.97,-5.83
258,14.01,-370.22,-117.52,-2.64
259,-35.97,-516.58,-116.79,-11.41
260,-17.58,-498.71,-106.86,-5.85
261,36.8,-35.78,-116.62,-8.71
262,-9.89,-573.23,-104.82,9.74
263,-13.85,-504.67,-108.39,3.46
264,-40.96,-468.76,-103.68,-0.08
265,12.48,-482.79,-114.38,-1.5
266,-8.94,-470.91,-110.21,-4.44
267,-5.27,-462.02,-105.07,-2.34
268,-4.91,-457.79,-109.98,-0.7
269,-34.57,-468.97,-113.17,-2.32
270,12.54,-450.84,-109.55,-9.05
271,1.39,-448.56,-112.57,-7.55
272,1.1,-464.37,-108.76,-6.98
273,-6.97,-454.62,-109.19,-3.43
274,-11.01,-454.26,-110.05,-1.9
275,2.17,-433.31,-110.25,-3.6
276,-12.78,-466.4,-109.64,-1.4
277,-3.64,-476.37,-111.96,-0.99
278,-2.22,-453.89,-111.03,2.49
279,-24.47,-441.32,-115.3,-6.26
280,-49.82,-443.24,-108.35,-3.14
281,35.08,-462.6,-114.55,-3.77
282,17.25,-382.96,-111.38,-3.32
283,7.69,-435.08,-106.26,1.62
284,1.75,-460.86,-105.38,-4.06
285,-0.15,-462.55,-106.47,-2.35
286,-12.52,-489.49,-112.13,-6.0
287,-41.08,-561.01,-102.07,-4.9
288,-34.69,-367.37,-114.72,-18.1
289,-50.95,-435.85,-103.42,5.68
290,74.69,-418.34,-108.53,0.3
291,20.02,-421.83,-114.91,-2.89
292,1.11,-456.55,-106.99,-4.99
293,-2.41,-440.98,-106.05,-0.49
294,-57.34,-450.35,-109.79,-6.1
295,-18.48,-481.1,-104.28,-2.37
296,27.04,-463.32,-111.48,-3.05
297,18.44,-413.06,-107.93,-6.81
298,8.16,-438.84,-106.81,-2.13
299,0.56,-455.82,-114.59,-4.64
300,-8.95,-502.87,-110.8,-6.57
301,-11.06,-439.55,-113.63,-3.01
302,-38.17,-450.6,-107.89,-2.36
303,-18.25,-409.07,-110.1,1.9
304,10.32,-462.34,-111.75,3.0
305,-16.74,-445.1,-108.3,0.75
306,-24.73,-508.92,-111.48,-0.78
307,-39.19,-589.05,-112.32,-6.86
308,32.89,-404.92,-115.04,-3.08
309,12.12,-331.36,-108.49,-1.92
310,-16.75,-412.98,-106.65,10.78
311,-25.68,-435.22,-109.21,-1.28
312,29.31,-441.58,-101.65,1.45
313,-5.01,-462.9,-107.53,-2.06
314,-13.16,-454.43,-112.05,0.74
315,-13.01,-468.75,-105.5,-1.73
316,-13.63,-464.95,-107.39,1.36
317,-21.62,-446.98,-106.12,3.05
318,-52.52,-469.31,-108.5,2.59
319,10.45,-504.96,-110.79,-1.04
320,29.25,-438.42,-108.0,1.63
321,-9.65,-422.42,-102.78,3.46
322,14.64,-440.36,-108.39,4.76
323,-22.85,-448.24,-100.06,3.79
324,-36.82,-450.94,-93.2,5.98
325,8.88,-463.87,-102.32,-1.3
326,-26.96,-464.09,-100.19,7.86
327,4.0,-462.28,-103.81,2.08
328,2.32,-440.08,-105.41,0.52
329,19.5,-451.66,-111.19,-0.1
330,-0.04,-456.8,-105.3,-1.09
331,-34.49,-439.55,-100.84,1.46
332,-67.83,-436.64,-105.82,-2.3
333,8.63,-497.75,-108.49,-2.55
334,22.57,-498.57,-106.44,-1.6
335,6.74,-447.48,-108.23,-2.53
336,-3.01,-405.65,-101.4,3.81
337,-3.99,-439.44,-99.54,8.56
338,-14.88,-494.17,-97.77,2.69
339,20.92,-419.53,-96.42,5.13
340,-10.05,-427.81,-88.98,11.47
341,-36.39,-432.85,-91.2,3.53
342,-19.0,-444.83,-103.21,-0.7
343,23.39,-448.8,-99.22,9.56
344,-23.12,-447.84,-97.36,6.84
345,-55.76,-446.11,-96.06,7.9
346,30.83,-471.84,-106.08,3.93
347,12.17,-458.76,-102.15,6.03
348,-15.45,-465.88,-107.03,7.96
349,7.39,-449.08,-98.19,5.37
350,-15.03,-478.41,-102.52,4.17
351,-27.13,-466.96,-104.4,8.18
352,-8.43,-439.79,-100.32,7.11
353,14.06,-464.32,-104.67,11.15
354,-52.58,-463.61,-103.24,5.66
355,-6.87,-467.3,-109.02,0.51
356,27.95,-448.86,-103.46,10.27
357,-4.74,-472.74,-99.15,6.6
358,5.35,-451.59,-113.69,4.84
359,-29.16,-461.32,-103.58,5.67
360,-5.45,-454.79,-103.48,17.64
361,14.13,-455.01,-105.8,13.2
362,-1.45,-457.78,-107.44,14.11
363,-23.58,-434.78,-106.28,9.95
364,6.05,-464.65,-105.53,9.6
365,-37.35,-458.06,-106.45,11.08
366,9.26,-451.22,-101.53,11.34
367,-4.64,-455.52,-104.35,12.01
368,-14.71,-456.74,-110.79,10.62
369,-14.64,-473.3,-108.13,9.46
370,-13.31,-460.08,-107.18,12.71
371,23.11,-458.24,-108.75,11.01
372,-14.9,-482.81,-112.13,14.55
373,-38.23,-470.41,-110.4,13.04
374,-69.87,-458.49,-100.56,8.45
375,-24.39,-437.51,-94.35,12.29
376,68.84,-477.16,-109.2,5.37
377,-0.49,-455.44,-104.42,8.64
378,-15.03,-474.9,-97.84,14.73
379,17.7,-473.74,-110.4,9.02
380,5.65,-462.45,-104.27,8.74
381,-0.01,-459.84,-111.73,8.32
382,-3.21,-459.15,-114.93,6.24
383,-14.31,-458.17,-111.05,8.48
384,-67.83,-428.94,-101.01,10.67
385,-21.24,-467.1,-102.43,11.76
386,-17.91,-415.21,-114.81,8.99
387,34.65,-470.16,-104.91,10.43
388,-11.73,-483.97,-104.81,8.15
389,-57.39,-474.55,-103.44,7.98
390,5.39,-421.0,-108.47,10.3
391,27.1,-473.49,-113.43,6.39
392,-12.49,-426.64,-106.07,9.19
393,-11.75,-494.67,-106.02,14.25
394,8.39,-464.22,-106.58,12.22
395,-36.87,-463.21,-103.67,8.79
396,-18.48,-456.84,-104.12,13.27
397,38.49,-463.53,-111.83,6.35
398,-73.75,-415.35,-99.67,9.58
399,56.85,-474.98,-113.61,2.72
400,33.09,-426.6,-110.47,0.05
401,5.18,-417.27,-99.15,7.09
402,-62.82,-487.6,-91.24,13.73
403,22.58,-454.85,-109.4,6.55
404,-6.69,-453.85,-101.99,11.59
405,-3.63,-409.05,-100.64,6.8
406,5.26,-500.9,-107.47,8.35
407,-18.57,-441.32,-110.86,3.1
408,-20.35,-398.32,-101.75,5.37
409,-12.07,-505.81,-105.01,13.24
410,-5.59,-501.36,-103.04,7.34
411,-26.38,-473.37,-113.31,5.05
412,-21.05,-469.7,-110.28,10.29
413,-32.15,-465.04,-109.97,8.17
414,49.9,-476.95,-117.26,-5.21
415,16.38,-517.06,-108.99,12.31
416,-31.82,-488.46,-106.65,5.23
417,-3.95,-364.27,-103.28,11.34
418,22.73,-389.85,-115.09,3.26
419,15.3,-461.46,-114.86,-15.47
420,9.12,-435.84,-104.12,13.23
421,-9.25,-427.42,-105.83,12.72
422,-16.13,-423.19,-103.28,9.64
423,-56.97,-427.99,-106.7,-4.73
424,3.62,-421.3,-102.27,17.64
425,-2.33,-418.36,-100.12,9.11
426,-23.68,-464.85,-100.54,13.97
427,-12.0,-444.89,-106.03,5.49
428,-74.71,-456.07,-97.83,12.09
429,5.81,-457.98,-106.41,13.35
430,-6.97,-452.05,-103.17,20.05
431,5.34,-453.53,-106.19,7.32
432,-4.03,-453.7,-116.33,-13.16
433,-0.55,-454.02,-98.7,32.95
434,-13.04,-455.01,-107.08,26.2
435,-39.19,-440.66,-106.14,14.34
436,-35.27,-440.74,-107.5,7.08
437,40.43,-462.49,-113.21,16.01
438,-12.75,-461.75,-106.64,-1.16
439,-35.71,-428.35,-96.75,5.26
440,-7.88,-459.09,-105.64,10.02
441,13.92,-470.7,-113.08,0.11
442,-5.63,-441.09,-112.61,9.59
443,-26.18,-402.44,-99.59,17.23
444,-16.49,-453.59,-106.15,4.85
445,16.56,-493.42,-107.17,1.86
446,-19.44,-523.5,-100.95,17.47
447,-8.63,-441.81,-95.08,8.82
448,11.56,-501.95,-102.0,11.09
449,-10.51,-476.06,-102.89,8.56
450,-8.11,-514.52,-104.07,1.5
451,-44.76,-521.33,-105.39,8.21
452,15.52,-444.29,-114.64,0.88
453,11.78,-385.73,-102.62,4.73
454,14.79,-409.4,-102.82,1.83
455,4.43,-447.28,-110.59,2.14
456,-29.29,-455.7,-102.26,2.24
457,-38.53,-462.25,-104.63,-1.68
458,28.13,-467.21,-113.56,-12.42
459,1.43,-469.02,-113.42,-8.21
460,-76.37,-389.9,-97.27,18.27
461,-6.31,-471.34,-104.37,1.3
462,-51.02,-488.68,-103.44,2.22
463,-9.32,-435.82,-97.97,20.57
464,49.57,-431.23,-103.68,4.16
465,-21.19,-446.67,-97.09,4.35
466,-9.04,-443.44,-98.7,8.24
467,-11.22,-445.43,-99.3,4.63
468,-43.11,-457.3,-96.25,2.85
469,8.73,-453.51,-95.53,3.27
470,4.86,-439.55,-95.03,5.96
471,1.41,-468.16,-102.63,7.19
472,-0.79,-466.02,-97.66,4.83
473,-12.74,-462.35,-101.96,5.86
474,-16.71,-465.56,-102.82,10.5
475,-39.31,-464.56,-100.94,6.63
476,-51.72,-461.99,-104.76,4.61
477,-32.46,-452.77,-109.91,6.35
478,-10.21,-443.83,-107.95,6.86
479,41.7,-440.9,-103.42,4.58
480,12.86,-423.3,-101.26,6.36
481,-6.43,-452.37,-109.04,5.48
482,-108.35,-457.67,-99.03,11.17
483,57.27,-456.12,-106.45,-2.66
484,-2.72,-482.95,-101.77,-1.96
485,-2.28,-470.67,-101.44,9.78
486,-19.73,-471.91,-96.73,18.57
487,21.96,-476.59,-105.23,13.69
488,-10.54,-473.4,-101.61,12.97
489,-19.33,-471.9,-102.06,13.52
490,-16.23,-462.79,-100.79,13.56
491,-70.12,-447.03,-97.75,18.73
492,59.17,-474.74,-97.96,19.77
493,-2.75,-457.26,-93.62,19.7
494,-5.14,-460.78,-94.0,12.21
495,20.42,-484.3,-91.51,13.78
496,-23.25,-479.22,-98.22,15.09
497,-69.53,-483.09,-99.86,6.71
498,62.37,-474.22,-100.46,0.55
499,-17.78,-472.04,-90.87,6.79
500,-7.7,-461.53,-89.68,8.63
501,9.58,-464.37,-99.64,13.34
502,11.75,-462.37,-99.66,9.7
503,-1.97,-455.09,-97.65,10.36
504,-43.58,-454.23,-94.0,12.54
505,-39.45,-429.62,-97.01,9.69
506,-10.85,-456.97,-98.55,8.98
507,-15.35,-431.37,-105.18,0.16
508,31.39,-402.37,-93.49,0.4
509,-42.99,-428.06,-91.47,7.04
510,-37.67,-425.05,-86.06,5.64
511,-17.1,-441.13,-96.81,5.22
512,28.45,-430.03,-100.14,-0.96
513,-87.14,-429.09,-88.92,0.94
514,36.32,-440.72,-92.29,2.23
515,17.07,-474.31,-100.77,3.13
516,-1.05,-475.61,-99.81,6.08
517,-20.16,-471.46,-90.61,3.58
518,-94.0,-473.79,-82.62,2.98
519,-41.63,-437.1,-106.73,7.57
520,47.88,-392.36,-110.28,1.24
521,4.51,-445.1,-102.44,-1.97
522,-8.54,-468.92,-105.73,0.3
523,-38.84,-418.83,-103.7,-2.68
524,33.38,-436.06,-104.6,0.13
525,-16.04,-507.01,-101.12,4.47
526,-68.15,-461.24,-103.75,3.1
527,-12.54,-473.71,-100.99,6.48
528,-44.05,-471.25,-110.48,3.22
529,-57.91,-438.64,-111.19,2.49
530,35.42,-460.23,-106.81,8.87
531,22.98,-454.38,-106.26,7.06
532,17.99,-454.71,-106.22,5.28
533,3.8,-441.38,-102.27,10.24
534,-28.09,-441.57,-103.66,11.42
535,0.65,-441.37,-99.51,6.29
536,-10.99,-459.34,-96.55,13.02
537,7.26,-444.78,-103.29,14.26
538,-10.13,-460.92,-106.04,6.36
539,9.94,-467.09,-98.65,8.28
540,2.98,-456.49,-96.42,11.8
541,15.61,-447.95,-99.0,8.85
542,-5.67,-455.3,-94.74,10.66
543,-5.66,-459.08,-101.16,7.57
544,-1.62,-420.02,-100.89,4.17
545,-22.5,-499.0,-99.57,7.11
546,-86.12,-463.17,-95.96,4.86
547,54.2,-459.99,-94.62,-0.16
548,-24.66,-455.71,-94.74,2.32
549,-27.42,-437.24,-96.43,-4.47
550,-3.33,-409.89,-93.09,-5.31
551,-3.59,-369.89,-92.59,-0.42
552,8.53,-405.0,-100.9,-7.35
553,-31.41,-488.88,-105.2,-5.09
554,-66.39,-463.12,-90.72,4.66
555,10.3,-489.74,-103.31,-5.14
556,4.01,-501.72,-98.13,4.67
557,-24.44,-491.33,-91.9,6.14
558,-22.58,-477.62,-89.25,4.62
559,7.14,-467.3,-93.18,9.28
560,-9.91,-457.94,-95.84,4.63
561,-42.37,-467.17,-90.1,6.16
562,8.29,-455.6,-99.48,4.42
563,-52.81,-440.58,-106.66,6.08
564,5.27,-450.11,-101.3,11.46
565,21.88,-449.29,-114.32,8.15
566,-2.87,-451.92,-107.61,7.09
567,-32.28,-440.93,-103.6,7.46
568,5.76,-454.21,-102.23,14.53
569,-34.68,-470.31,-104.39,18.91
570,-4.49,-445.04,-102.6,15.31
571,1.83,-447.45,-104.43,20.25
572,-18.56,-428.18,-110.06,12.45
573,27.06,-433.88,-101.17,7.66
574,-15.26,-440.56,-104.1,16.32
575,21.24,-520.06,-104.68,19.14
576,-5.49,-503.21,-100.84,8.94
577,5.66,-486.08,-105.7,12.3
578,17.46,-494.62,-103.18,10.75
579,-16.9,-501.37,-107.38,14.36
580,-33.45,-484.7,-104.25,16.12
581,10.66,-483.71,-108.49,11.66
582,6.83,-471.11,-112.02,13.27
583,-8.0,-454.79,-106.91,8.31
584,-55.18,-472.36,-99.22,9.42
585,-61.46,-459.98,-90.59,15.47
586,-13.59,-429.61,-100.81,17.4
587,15.77,-443.42,-108.98,1.84
588,-67.09,-442.61,-105.57,3.91
589,-15.17,-430.71,-104.61,5.71
590,-24.75,-416.01,-103.06,2.52
591,-34.55,-429.73,-99.88,-5.35
592,-40.56,-431.43,-93.88,4.15
593,27.82,-394.5,-103.98,-2.37
594,-1.33,-408.48,-103.12,0.19
595,-27.54,-442.99,-94.37,3.02
596,-0.81,-461.0,-92.94,3.91
597,-36.31,-453.3,-91.02,14.75
598,-25.32,-431.03,-101.42,9.82
599,-35.88,-431.95,-104.24,10.8
600,-48.22,-415.45,-106.39,12.57
601,45.16,-414.31,-118.08,-1.34
602,16.33,-471.24,-110.3,4.74
603,-58.57,-501.55,-107.59,11.72
604,-41.62,-483.65,-100.12,15.25
605,44.39,-511.43,-105.81,14.54
606,14.68,-501.58,-113.31,19.48
607,-40.32,-505.6,-100.14,21.46
608,21.96,-492.09,-107.41,19.96
609,-21.35,-467.24,-110.65,22.45
610,5.34,-453.24,-105.1,11.97
611,17.53,-450.15,-107.67,14.28
612,-15.41,-454.23,-112.98,19.93
613,-28.78,-415.51,-105.7,19.05
614,-0.98,-448.6,-101.48,15.03
615,7.52,-472.87,-105.97,14.93
616,31.92,-462.3,-106.13,13.17
617,27.2,-450.49,-106.0,9.67
618,-4.29,-482.49,-106.82,6.07
619,-16.18,-471.76,-102.96,0.65
620,-14.9,-488.14,-92.52,7.89
621,-16.36,-513.65,-92.77,13.18
622,-17.4,-510.57,-90.71,6.77
623,0.45,-477.27,-93.44,10.6
624,41.98,-440.54,-97.69,10.99
625,-1.16,-478.71,-96.09,10.18
626,-15.06,-473.48,-98.66,14.76
627,-14.11,-464.96,-95.2,14.5
628,-17.47,-435.61,-88.62,13.18
629,-22.54,-397.42,-89.39,5.23
630,-50.45,-403.19,-91.71,13.24
631,-4.26,-395.4,-96.4,5.06
632,-6.06,-405.31,-90.98,10.54
633,-16.52,-415.24,-83.93,10.66
634,-17.84,-396.67,-88.59,-1.36
635,-28.45,-411.72,-88.14,-5.67
636,-48.82,-417.54,-90.29,-0.94
637,-16.0,-415.16,-89.52,3.94
638,-35.39,-424.04,-91.25,7.93
639,20.63,-468.76,-77.23,13.19
640,-10.51,-466.08,-82.73,11.51
641,-18.69,-439.07,-92.42,11.32
642,-36.12,-426.47,-105.03,9.76
643,-20.29,-435.34,-102.79,5.29
644,-15.17,-458.14,-103.63,2.67
645,-39.75,-478.39,-103.68,2.38
646,40.23,-432.02,-99.18,17.81
647,-20.87,-478.45,-86.68,23.37
648,-0.53,-475.56,-96.98,24.45
649,0.12,-481.54,-96.83,24.7
650,-12.69,-467.66,-98.69,19.03
651,-5.83,-445.04,-99.96,17.73
652,-4.11,-468.63,-107.58,16.58
653,-13.77,-455.45,-102.63,12.72
654,4.49,-461.69,-99.15,10.97
655,6.68,-434.97,-99.82,8.86
656,-5.12,-453.05,-92.44,11.94
657,1.64,-446.69,-101.46,8.81
658,4.75,-460.24,-101.49,0.91
659,10.46,-461.12,-99.95,10.06
660,-8.75,-489.88,-92.09,9.71
661,-35.92,-439.26,-85.62,12.86
662,1.64,-461.51,-95.39,4.21
663,11.14,-502.86,-93.38,9.49
664,-26.22,-523.49,-93.18,16.26
665,-31.8,-536.55,-93.65,9.12
666,17.44,-445.03,-94.05,8.28
667,33.29,-373.11,-96.04,-17.77
668,-45.55,-296.47,-98.72,-16.94
669,17.94,-465.98,-88.24,3.79
670,2.98,-431.14,-88.35,8.2
671,-19.05,-445.32,-83.31,15.06
672,-22.95,-410.53,-89.2,9.26
673,-21.39,-410.01,-90.74,4.75
674,-38.52,-433.65,-87.33,2.7
675,-21.97,-418.52,-89.21,3.05
676,-64.49,-429.51,-91.26,6.71
677,4.71,-432.07,-90.98,2.27
678,-12.76,-426.99,-90.88,-2.08
679,-57.04,-432.52,-77.07,-8.63
680,-35.41,-436.78,-73.54,-3.91
681,16.34,-448.83,-81.47,17.96
682,-5.16,-447.36,-92.05,5.13
683,-0.49,-432.29,-111.98,-4.78
684,-45.72,-446.06,-109.47,0.1
685,16.25,-446.78,-103.12,6.83
686,-28.66,-459.95,-95.32,19.11
687,-9.27,-448.95,-96.76,15.92
688,5.92,-467.32,-93.52,26.3
689,-11.21,-478.91,-81.48,40.45
690,-24.72,-465.68,-87.68,34.91
691,-0.29,-486.36,-98.73,34.47
692,0.5,-511.5,-106.5,33.81
693,-15.78,-439.45,-103.17,25.18
694,-12.27,-449.62,-106.9,22.11
695,20.26,-543.09,-99.6,24.7
696,-8.84,-478.45,-99.03,19.17
697,12.92,-508.58,-100.19,19.23
698,17.33,-473.35,-99.97,17.87
699,16.73,-473.1,-104.27,16.05
700,6.88,-455.14,-100.71,17.64
701,-19.58,-470.12,-96.44,15.69
702,-67.2,-458.38,-92.66,15.33
703,-15.5,-495.77,-101.93,-15.71
704,32.33,-443.72,-100.34,-9.85
705,15.53,-463.87,-90.34,-0.21
706,21.03,-458.48,-90.05,9.29
707,-1.75,-464.81,-92.71,5.21
708,0.81,-455.7,-99.86,5.42
709,-8.91,-454.55,-101.83,6.79
710,-21.52,-447.48,-93.35,11.63
711,-22.59,-443.28,-95.7,12.47
712,-36.7,-448.22,-100.89,7.83
713,-32.57,-436.41,-91.2,6.49
714,-47.3,-428.33,-99.55,8.4
715,-63.24,-402.23,-101.03,4.18
716,9.58,-419.64,-98.9,8.2
717,6.21,-421.41,-88.48,9.98
718,-18.12,-417.02,-98.35,-3.37
719,-18.38,-406.71,-95.87,-18.73
720,-22.67,-430.78,-87.66,-22.6
721,-20.55,-442.36,-78.15,-23.71
722,-24.6,-451.4,-80.99,24.26
723,-51.37,-406.32,-96.76,3.45
724,-16.9,-443.14,-113.92,-7.55
725,-44.63,-471.17,-111.31,7.23
726,27.32,-448.52,-104.17,16.5
727,-4.23,-471.15,-102.07,17.87
728,-10.16,-482.59,-96.8,18.0
729,-9.62,-490.51,-95.56,28.12
730,-76.35,-484.89,-82.59,44.32
731,-25.37,-522.62,-93.16,33.95
732,-10.64,-461.83,-103.86,21.39
733,10.49,-367.02,-115.68,17.83
734,45.29,-507.72,-120.59,22.03
735,14.92,-533.8,-116.7,13.71
736,5.05,-499.56,-103.72,9.31
737,9.47,-478.17,-100.99,9.98
738,4.24,-485.8,-105.59,9.51
739,-0.22,-482.91,-111.39,10.06
740,-8.17,-474.62,-104.05,13.2
741,-8.42,-476.97,-103.91,10.33
742,-6.87,-480.02,-109.96,13.12
743,-6.55,-471.94,-98.9,18.64
744,-13.88,-474.46,-103.28,11.23
745,-57.05,-467.86,-99.74,7.74
746,-3.64,-470.88,-99.1,10.79
747,0.45,-445.12,-104.21,6.44
748,-21.99,-448.14,-99.92,6.16
749,0.5,-431.34,-98.02,15.75
750,-1.67,-418.32,-104.26,13.08
751,-31.89,-416.32,-102.4,12.35
752,-106.67,-424.03,-105.48,16.73
753,68.5,-428.46,-114.28,6.69
754,5.55,-421.57,-109.54,3.81
755,-32.73,-449.49,-99.56,12.64
756,-27.71,-435.54,-97.56,11.46
757,-15.42,-425.31,-101.15,11.52
758,-23.42,-429.71,-97.97,-1.69
759,-29.26,-420.07,-90.6,-26.73
760,-21.83,-414.49,-80.65,-28.28
761,-28.59,-427.33,-82.67,5.83
762,-38.76,-430.07,-89.31,19.57
763,-18.88,-430.5,-102.78,18.5
764,-36.54,-438.11,-102.07,15.63
765,-8.9,-442.89,-105.43,16.37
766,-27.6,-451.55,-101.13,15.83
767,-14.45,-426.99,-107.24,7.02
768,-53.9,-441.83,-109.86,20.9
769,-13.23,-484.51,-106.93,29.97
770,33.7,-512.79,-108.32,19.46
771,-5.97,-501.4,-103.72,19.22
772,-21.27,-487.28,-104.36,18.62
773,-16.52,-483.36,-106.97,18.32
774,-6.18,-459.84,-111.56,17.15
775,-47.6,-461.36,-110.15,13.96
776,4.78,-495.17,-106.54,8.23
777,9.05,-428.64,-102.47,8.62
778,9.4,-489.59,-105.28,5.99
779,-4.0,-507.1,-99.89,15.91
780,-14.22,-481.97,-103.36,7.47
781,-18.48,-486.21,-99.43,3.9
782,-44.62,-468.64,-103.97,6.95
783,47.46,-467.1,-102.41,10.89
784,31.54,-430.93,-98.98,20.0
785,-3.89,-416.64,-99.65,20.32
786,16.53,-446.21,-99.9,15.75
787,-30.54,-509.34,-94.66,25.48
788,-43.25,-472.86,-101.48,15.39
789,17.01,-444.31,-102.76,17.34
790,-5.23,-452.65,-106.51,15.96
791,-12.92,-464.68,-99.61,17.87
792,-33.52,-474.25,-95.85,6.53
793,-22.06,-438.71,-101.33,21.35
794,-18.31,-455.33,-92.73,17.61
795,-25.39,-455.63,-100.24,15.97
796,-15.0,-438.7,-98.83,13.76
797,-24.78,-409.87,-95.37,6.7
798,-35.43,-430.92,-96.23,10.65
799,-34.79,-415.7,-93.55,31.79
800,-93.51,-427.93,-96.04,24.07
801,0.91,-426.13,-100.94,12.18
802,-26.65,-430.59,-96.47,6.93
803,-25.94,-421.39,-89.25,0.77
804,7.81,-415.51,-89.12,-16.46
805,-41.29,-455.14,-84.51,-36.91
806,-21.33,-451.3,-88.19,-5.42
807,-2.82,-424.9,-98.44,25.36
808,-8.19,-442.33,-108.28,19.85
809,-20.58,-445.91,-116.19,1.07
810,-17.62,-428.37,-105.06,7.44
811,-28.58,-468.44,-89.57,27.76
812,-31.06,-489.67,-92.17,32.6
813,-26.32,-460.86,-90.04,29.85
814,-20.26,-470.5,-85.46,31.72
815,-13.79,-468.96,-96.56,26.67
816,-25.22,-433.32,-102.61,26.23
817,-12.13,-525.82,-111.68,25.28
818,-8.33,-525.45,-112.77,14.14
819,-30.31,-467.86,-109.91,4.19
820,26.31,-492.92,-104.58,24.33
821,-71.16,-544.36,-96.38,24.33
822,6.56,-515.51,-98.02,15.82
823,28.09,-498.36,-96.48,16.19
824,2.75,-493.98,-93.02,16.5
825,0.53,-491.97,-101.79,13.26
826,-11.86,-474.78,-97.54,8.64
827,6.84,-444.83,-89.61,8.36
828,-3.8,-467.31,-98.21,13.73
829,-0.41,-490.9,-92.18,28.69
830,-36.85,-460.35,-90.99,36.22
831,1.89,-473.84,-93.47,29.7
832,11.23,-444.36,-101.83,25.02
833,-11.83,-464.93,-102.02,16.15
834,-10.01,-448.51,-98.32,7.65
835,-39.15,-447.63,-103.92,6.95
836,15.61,-455.34,-104.23,11.31
837,-49.83,-430.75,-89.49,16.46
838,20.98,-431.01,-91.76,15.54
839,-50.6,-431.84,-87.41,14.73
840,-12.61,-465.05,-97.62,11.03
841,0.97,-460.36,-97.54,5.47
842,-32.91,-434.85,-97.61,10.31
843,-55.35,-463.0,-95.87,12.4
844,-12.92,-398.62,-90.83,10.73
845,-11.09,-403.52,-94.47,25.09
846,-16.95,-451.62,-94.45,20.81
847,-27.09,-434.36,-89.85,4.06
848,-52.02,-449.32,-86.32,-14.77
849,-62.06,-431.15,-82.79,-30.02
850,-29.99,-407.26,-79.68,-26.26
851,8.43,-432.32,-89.28,-3.07
852,-18.13,-463.78,-93.7,18.32
853,-26.62,-462.67,-97.89,18.41
854,-23.5,-443.62,-101.3,8.93
855,-20.57,-450.83,-102.84,13.65
856,-19.76,-449.42,-103.15,12.43
857,-13.39,-442.82,-103.2,14.78
858,-21.51,-446.95,-99.17,20.66
859,-28.75,-506.83,-96.43,26.61
860,-52.96,-433.68,-94.48,22.58
861,10.2,-456.04,-91.81,20.38
862,-16.95,-496.2,-103.79,25.46
863,7.1,-465.93,-103.47,19.75
864,-43.65,-470.1,-101.02,17.87
865,-1.05,-406.11,-104.79,12.47
866,2.63,-536.79,-107.99,19.08
867,4.58,-495.34,-102.3,17.2
868,0.34,-498.31,-104.42,15.01
869,-4.81,-487.53,-99.19,13.92
870,8.64,-471.62,-96.18,20.92
871,-3.58,-472.92,-97.0,15.65
872,-2.31,-465.48,-98.63,13.68
873,-4.27,-473.94,-99.47,17.0
874,7.42,-441.01,-100.77,11.87
875,-10.5,-442.03,-100.02,21.72
876,-23.21,-472.27,-94.61,41.85
877,-25.32,-464.29,-100.13,44.36
878,17.85,-466.76,-88.54,31.9
879,12.45,-424.9,-109.38,21.74
880,-20.7,-428.67,-99.63,18.66
881,-15.53,-525.99,-93.35,20.91
882,-10.19,-479.94,-95.55,22.72
883,-10.41,-411.78,-90.32,17.18
884,-6.7,-385.67,-100.75,5.32
885,-2.06,-394.22,-99.93,14.49
886,-36.91,-503.39,-85.53,28.98
887,-48.35,-480.15,-91.83,26.63
888,-39.01,-442.14,-90.81,29.77
889,-3.02,-412.93,-98.37,26.52
890,-39.17,-476.37,-97.35,25.49
891,-54.39,-449.96,-91.95,12.64
892,-30.5,-425.9,-90.5,0.89
893,-33.29,-434.69,-87.31,-14.54
894,4.3,-438.08,-78.79,-6.45
895,-36.9,-432.29,-75.93,-8.34
896,1.27,-431.58,-94.0,15.6
897,-13.04,-436.51,-97.89,28.32
898,-31.34,-452.93,-100.47,22.41
899,-29.93,-448.96,-105.54,16.08
900,-7.51,-433.15,-101.36,19.8
901,-42.75,-447.55,-99.81,22.55
902,-15.19,-473.05,-103.27,19.28
903,-18.72,-460.73,-99.51,25.52
904,-3.96,-415.95,-100.68,37.48
905,-7.89,-496.49,-99.05,46.22
906,6.78,-455.73,-100.86,37.43
907,-22.65,-501.38,-107.21,31.22
908,-47.34,-479.82,-104.14,36.35
909,-8.68,-509.56,-106.47,28.98
910,-0.82,-492.22,-101.73,27.52
911,3.03,-475.17,-111.17,21.07
912,-1.37,-466.78,-108.24,25.11
913,-12.35,-498.9,-102.43,23.23
914,-35.24,-495.31,-92.27,20.3
915,-22.19,-468.89,-97.43,20.34
916,25.14,-458.14,-101.78,17.37
917,16.21,-455.25,-100.99,16.23
918,-2.51,-437.1,-97.81,9.48
919,-12.64,-451.39,-103.84,8.3
920,-31.79,-468.41,-92.18,16.28
921,-2.93,-487.46,-86.98,26.16
922,13.95,-474.88,-89.46,25.15
923,5.06,-468.18,-97.7,32.17
924,-9.17,-464.42,-99.89,33.54
925,-8.63,-475.47,-98.46,30.84
926,-30.33,-473.37,-96.57,25.89
927,-15.18,-422.19,-97.28,16.78
928,-25.31,-434.17,-97.19,10.51
929,-26.82,-443.63,-91.69,31.43
930,-1.83,-435.0,-95.37,20.32
931,-18.08,-452.35,-96.06,24.8
932,-23.95,-482.4,-96.26,23.85
933,-20.48,-372.94,-96.02,22.18
934,-81.99,-382.43,-95.76,22.86
935,-5.3,-419.35,-96.44,23.22
936,0.17,-466.77,-95.48,8.71
937,-23.0,-446.64,-89.93,5.04
938,-32.63,-461.59,-86.61,-6.92
939,-16.02,-440.16,-78.27,-14.72
940,-25.26,-434.78,-75.46,-13.13
941,-86.44,-426.81,-83.07,-2.43
942,-30.23,-436.07,-87.66,17.4
943,17.01,-420.8,-104.14,14.28
944,-3.61,-436.41,-103.72,16.93
945,-21.05,-445.1,-104.0,14.4
946,-0.8,-450.66,-103.88,14.8
947,-10.9,-446.0,-101.1,19.21
948,-23.7,-473.76,-102.27,23.43
949,-27.23,-473.5,-103.18,28.42
950,-27.48,-471.8,-102.19,24.69
951,1.98,-468.06,-106.77,26.44
952,-29.37,-474.45,-108.89,29.57
953,-18.56,-473.47,-116.73,28.0
954,-26.12,-474.08,-107.91,24.69
955,-7.19,-478.36,-107.21,23.41
956,-5.28,-469.98,-111.56,20.91
957,-7.84,-483.69,-111.35,26.51
958,-11.61,-474.15,-114.09,26.69
959,-50.17,-424.03,-108.06,19.88
960,-4.8,-449.71,-107.79,18.59
961,-26.87,-489.65,-103.37,15.57
962,37.19,-507.86,-100.65,18.84
963,4.23,-478.57,-94.56,25.63
964,-18.94,-472.13,-95.38,20.75
965,-7.07,-473.8,-99.9,17.17
966,-10.94,-467.64,-100.76,20.58
967,-2.95,-453.38,-96.61,15.13
968,-11.37,-431.51,-95.45,13.93
969,-36.02,-445.16,-100.07,9.44
970,24.73,-385.65,-96.37,7.47
971,-10.04,-486.75,-88.95,19.06
972,-20.95,-484.66,-88.96,18.29
973,-11.15,-468.13,-88.11,22.48
974,4.31,-452.1,-84.56,15.99
975,-18.17,-465.04,-85.38,20.58
976,-7.76,-448.99,-91.95,16.13
977,-8.55,-439.99,-95.21,14.64
978,-55.5,-453.7,-86.18,13.11
979,18.48,-422.22,-98.22,16.22
980,11.34,-430.93,-91.74,22.55
981,-10.38,-470.56,-95.96,15.7
982,-2.98,-438.04,-98.15,14.27
983,-10.26,-426.54,-91.41,22.03
984,-19.76,-433.89,-89.32,16.75
985,-41.07,-461.43,-91.54,19.11
986,-24.85,-446.0,-94.45,18.59
987,-23.04,-430.18,-90.23,16.25
988,-25.43,-422.78,-90.65,13.16
989,25.18,-454.47,-96.49,10.91
990,-4.93,-403.59,-89.59,19.19
991,-35.41,-462.11,-84.76,13.56
992,-36.97,-462.11,-77.65,23.9
993,1.09,-454.34,-83.62,22.41
994,-34.41,-441.27,-91.94,19.85
995,-11.85,-460.3,-97.84,21.02
996,-10.64,-456.62,-96.27,19.33
997,-19.96,-434.56,-94.11,15.62
998,-25.81,-431.16,-103.34,17.93
999,-7.32,-441.75,-103.8,29.4
1000,-3.56,-446.21,-105.02,21.87
1001,-18.1,-497.36,-100.41,19.26
1002,-28.28,-462.55,-104.69,21.01
1003,-23.6,-457.01,-102.82,25.18
1004,-5.84,-466.57,-106.61,16.87
1005,9.75,-454.88,-109.83,14.24
1006,-11.56,-444.41,-102.32,16.84
1007,-33.92,-455.05,-104.33,20.87
1008,-39.45,-495.4,-104.74,29.81
1009,26.13,-463.33,-102.81,22.52
1010,-19.97,-449.62,-108.24,22.12
1011,-6.74,-458.45,-97.67,22.9
1012,12.57,-486.77,-98.34,21.82
1013,-1.43,-471.77,-95.87,21.05
1014,-12.79,-468.2,-99.98,19.09
1015,-7.02,-455.08,-101.36,15.74
1016,-9.35,-458.02,-96.78,21.26
1017,-15.23,-473.26,-99.17,20.16
1018,1.28,-430.94,-100.38,16.28
1019,-0.29,-459.49,-102.11,15.82
1020,-6.54,-470.85,-100.35,11.91
1021,-28.8,-471.35,-97.36,19.77
1022,-69.25,-448.01,-90.81,20.83
1023,32.79,-434.29,-99.13,18.59
1024,6.36,-433.52,-97.25,9.75
1025,-16.91,-437.5,-99.0,13.14
1026,-61.24,-448.43,-92.93,14.68
1027,51.12,-477.77,-100.06,20.76
1028,4.18,-435.27,-100.3,14.67
1029,-21.93,-454.42,-95.74,24.67
1030,4.52,-463.17,-95.57,24.21
1031,-2.09,-450.44,-96.25,13.04
1032,-5.33,-442.42,-95.15,18.69
1033,-15.55,-438.46,-93.6,19.93
1034,-47.98,-440.79,-99.07,22.55
1035,-5.85,-474.63,-94.57,21.46
1036,-12.47,-451.91,-96.86,22.92
1037,-19.18,-446.24,-97.89,22.6
1038,-13.4,-456.53,-92.53,20.18
1039,-51.05,-449.69,-93.1,23.8
1040,-7.16,-455.05,-90.14,19.09
1041,-13.9,-466.8,-95.73,12.84
1042,-9.59,-454.12,-93.12,17.23
1043,6.71,-382.22,-92.89,19.71
1044,-33.24,-460.08,-93.81,17.65
1045,0.62,-444.3,-95.59,16.99
1046,-17.19,-452.28,-88.9,17.67
1047,-1.39,-453.94,-96.37,19.95
1048,-1.25,-457.69,-95.53,17.33
1049,-35.89,-461.65,-90.92,16.02
1050,4.02,-423.31,-94.77,11.02
1051,1.34,-447.35,-96.86,16.48
1052,-14.48,-480.62,-99.38,25.13
1053,-9.27,-449.94,-96.93,26.31
1054,-17.64,-457.52,-95.72,24.73
1055,-21.03,-467.55,-98.52,29.83
1056,-8.28,-458.08,-98.39,30.08
1057,-47.95,-463.54,-94.62,30.56
1058,-22.29,-451.85,-95.78,27.64
1059,-8.56,-471.83,-101.44,28.59
1060,-16.5,-455.34,-98.29,21.26
1061,13.01,-439.8,-98.61,26.04
1062,-20.58,-464.22,-100.14,26.43
1063,20.7,-443.25,-96.36,24.64
1064,-7.59,-425.62,-90.85,23.63
1065,-20.52,-499.08,-91.85,25.21
1066,-1.28,-474.21,-95.2,20.99
1067,-30.81,-467.52,-85.92,24.86
1068,29.42,-438.62,-93.55,27.19
1069,-8.49,-471.88,-95.23,25.81
1070,-3.29,-451.6,-95.43,25.43
1071,0.35,-446.92,-92.18,21.32
1072,-26.04,-447.52,-88.9,21.78
1073,-77.26,-438.34,-88.79,18.14
1074,7.87,-458.36,-90.63,25.67
1075,31.95,-482.22,-97.4,19.23
1076,22.28,-455.99,-92.94,20.09
1077,15.02,-428.77,-94.49,22.83
1078,2.73,-469.95,-99.88,22.94
1079,-17.19,-468.85,-86.29,25.11
1080,-27.46,-451.88,-92.89,21.9
1081,-29.81,-444.5,-86.74,18.2
1082,19.13,-459.83,-84.96,26.29
1083,3.21,-444.65,-88.5,27.48
1084,-14.96,-449.35,-86.96,26.74
1085,-15.98,-453.11,-85.48,29.66
1086,-0.7,-437.66,-82.29,32.11
1087,-3.86,-429.9,-85.72,20.62
1088,-2.77,-453.63,-86.7,22.44
1089,-25.56,-455.88,-84.35,28.61
1090,-67.45,-443.71,-81.6,29.42
1091,-46.69,-411.88,-82.24,30.68
1092,39.32,-465.67,-91.49,27.27
1093,16.49,-438.73,-93.16,27.37
1094,13.18,-459.46,-86.67,24.71
1095,-1.24,-459.23,-89.47,29.48
1096,-8.85,-444.09,-87.66,27.3
1097,-9.47,-411.51,-85.03,24.16
1098,-15.08,-482.14,-89.73,24.91
1099,-14.62,-441.34,-88.09,21.55
1100,-10.78,-423.4,-83.04,21.34
1101,-56.38,-471.87,-76.42,22.57
1102,-28.81,-458.21,-80.88,20.52
1103,21.13,-426.05,-87.06,15.93
1104,-20.0,-470.65,-88.41,32.24
1105,-6.78,-459.05,-89.5,28.01
1106,-16.88,-452.52,-97.72,27.69
1107,-9.32,-455.84,-88.43,26.91
1108,-5.37,-457.94,-89.3,26.2
1109,-8.46,-453.89,-96.15,28.6
1110,-16.1,-419.45,-88.15,25.93
1111,-49.51,-439.33,-89.72,23.52
1112,-1.3,-472.13,-94.75,23.96
1113,-7.73,-481.92,-93.68,28.77
1114,-1.88,-458.16,-88.91,30.99
1115,18.13,-472.87,-96.67,33.31
1116,-3.15,-463.77,-97.65,27.74
1117,-1.47,-459.3,-100.6,26.58
1118,-4.92,-467.7,-90.92,24.19
1119,-12.59,-463.71,-89.46,24.35
1120,-27.53,-455.63,-82.89,21.96
1121,-26.0,-461.88,-84.13,21.9
1122,20.85,-437.87,-101.53,13.79
1123,-18.52,-436.73,-87.94,15.35
1124,25.52,-468.68,-85.19,24.8
1125,2.32,-473.48,-89.23,27.85
1126,-7.28,-466.11,-90.61,24.51
1127,-65.96,-453.78,-90.02,21.98
1128,-33.62,-462.48,-83.41,24.29
1129,46.88,-428.12,-94.22,23.68
1130,7.06,-437.21,-96.72,21.5
1131,18.19,-449.21,-93.01,20.57
1132,-3.76,-421.22,-92.43,19.38
1133,-15.7,-402.31,-89.95,18.67
1134,-28.51,-518.72,-86.14,25.86
1135,-21.2,-469.4,-86.66,20.81
1136,16.86,-463.68,-89.57,17.16
1137,-2.11,-453.81,-83.79,18.03
1138,-16.21,-458.43,-84.51,19.38
1139,-11.48,-447.27,-84.82,23.69
1140,-35.15,-437.21,-84.82,20.11
1141,19.66,-431.01,-86.57,19.28
1142,-29.04,-456.9,-82.58,17.97
1143,-17.64,-446.56,-78.91,15.39
1144,0.6,-433.15,-77.89,15.66
1145,-10.36,-443.89,-81.61,17.08
1146,-12.27,-407.75,-79.64,15.12
1147,-6.11,-390.3,-82.35,9.2
1148,-13.39,-486.64,-87.23,25.06
1149,-36.48,-485.34,-83.69,24.67
1150,-30.95,-437.74,-86.77,23.6
1151,-18.14,-448.75,-85.97,23.2
1152,-1.56,-440.64,-88.99,16.83
1153,-31.81,-438.16,-88.82,17.42
1154,-9.09,-446.33,-90.52,12.01
1155,-7.46,-459.21,-92.71,8.49
1156,-32.17,-474.93,-86.15,17.37
1157,16.89,-427.71,-94.46,14.95
1158,-1.68,-438.42,-92.63,14.13
1159,-30.73,-492.14,-81.72,19.45
1160,-11.77,-469.97,-82.22,16.66
1161,-15.01,-471.2,-87.95,20.99
1162,-2.46,-458.13,-86.97,15.92
1163,15.59,-419.28,-95.55,12.99
1164,-29.58,-465.54,-97.3,22.75
1165,8.32,-483.67,-92.8,17.59
1166,-20.41,-472.64,-91.05,21.19
1167,-74.8,-444.07,-78.32,16.06
1168,17.42,-442.44,-80.23,21.08
1169,41.66,-474.71,-82.35,16.67
1170,-5.87,-472.65,-83.25,21.56
1171,-4.64,-449.06,-75.4,21.96
1172,19.89,-468.55,-72.06,21.81
1173,6.7,-458.88,-72.94,21.1
1174,-12.1,-424.56,-71.88,20.27
1175,-16.05,-458.88,-72.78,17.49
1176,-9.55,-457.16,-65.73,23.79
1177,-0.53,-445.11,-76.37,18.77
1178,3.46,-444.15,-72.39,24.72
1179,-12.64,-444.45,-64.23,22.91
1180,-22.47,-428.61,-65.56,21.99
1181,-49.76,-415.92,-65.11,22.12
1182,19.63,-435.98,-58.98,23.58
1183,-15.92,-420.56,-59.99,27.29
1184,-9.82,-440.17,-60.1,26.24
1185,-0.18,-435.4,-56.78,25.11
1186,-10.88,-416.74,-54.78,20.36
1187,-33.54,-425.65,-51.81,28.5
1188,-13.16,-426.32,-50.97,17.23
1189,-27.18,-397.39,-50.57,15.49
1190,20.98,-387.23,-45.9,32.65
1191,-8.49,-428.53,-34.16,36.1
1192,-19.71,-439.09,-32.55,30.73
1193,-19.1,-432.33,-28.02,30.54
1194,-37.2,-439.16,-30.79,30.48
1195,-26.35,-422.57,-34.16,33.57
1196,-90.65,-408.8,-36.32,37.51
1197,31.42,-387.94,-40.22,37.13
1198,8.68,-422.87,-45.83,32.35
1199,2.02,-406.03,-33.38,29.91
1200,-28.45,-419.89,-26.36,34.72
1201,-5.17,-429.99,-30.87,38.38
1202,-4.87,-429.2,-30.55,42.69
1203,-18.41,-422.26,-33.63,38.46
1204,-26.03,-431.84,-22.26,32.24
1205,-34.9,-437.12,-26.12,34.99
1206,7.03,-424.5,-22.6,40.24
1207,-19.13,-422.66,-19.0,34.58
1208,1.04,-428.06,-15.08,43.94
1209,-11.47,-426.92,-19.28,45.71
1210,-11.19,-420.42,-17.84,47.1
1211,-25.76,-429.06,-9.72,43.69
1212,-41.88,-429.43,-10.56,41.13
1213,-23.61,-400.15,-7.93,47.27
1214,39.54,-389.05,-1.79,44.91
1215,-8.96,-427.09,4.15,42.03
1216,24.57,-427.63,5.45,47.62
1217,-6.7,-428.39,-0.25,48.54
1218,-8.14,-420.71,9.07,47.75
1219,-6.76,-426.95,15.2,49.56
1220,-17.28,-411.33,20.78,50.86
1221,-17.14,-409.94,23.17,50.44
1222,-76.22,-385.79,29.58,52.18
1223,0.07,-397.42,26.36,40.91
1224,29.79,-389.0,29.89,53.07
1225,15.85,-410.17,32.58,61.0
1226,-2.41,-401.37,33.09,63.68
1227,-7.22,-394.49,38.1,64.43
1228,-12.8,-397.31,45.66,67.9
1229,-56.2,-400.09,47.74,64.58
1230,0.66,-375.37,58.04,61.6
1231,-5.33,-366.3,54.02,61.75
1232,18.3,-375.01,50.96,59.43
1233,-19.12,-362.06,47.48,60.39
1234,-10.78,-391.36,57.3,65.97
1235,-17.89,-397.53,62.19,66.09
1236,-20.55,-382.75,65.83,68.44
1237,-22.49,-377.57,71.99,68.14
1238,-28.23,-377.62,75.24,71.09
1239,-57.8,-376.0,80.61,76.39
1240,-60.35,-375.72,80.95,75.6
1241,-6.36,-370.54,80.46,70.73
1242,29.62,-346.26,83.33,70.06
1243,3.91,-358.53,94.49,72.9
1244,-12.08,-368.19,93.69,79.81
1245,-17.87,-371.38,93.57,79.15
1246,-20.23,-366.25,93.1,79.04
1247,-25.9,-361.43,93.29,74.69
1248,-121.42,-343.0,103.08,78.89
1249,15.57,-364.73,99.23,82.68
1250,25.67,-354.27,102.0,80.64
1251,-2.39,-371.69,108.79,81.13
1252,-0.48,-372.22,104.45,85.39
1253,-17.59,-393.95,103.95,87.19
1254,-15.5,-375.88,107.97,89.34
1255,-14.57,-378.15,110.71,90.5
1256,-17.98,-373.07,111.57,91.1
1257,-29.0,-370.42,116.51,93.18
1258,-38.13,-371.7,117.57,92.4
1259,-16.58,-351.04,120.24,95.12
1260,-4.78,-364.27,123.0,96.4
1261,-11.77,-370.59,122.52,102.24
1262,-29.24,-347.94,130.41,99.3
1263,-13.92,-360.58,133.0,98.4
1264,-12.68,-350.89,130.14,104.4
1265,-42.57,-326.36,135.13,100.85
1266,-22.36,-391.17,135.74,109.14
1267,10.57,-382.79,140.37,112.38
1268,-6.15,-374.45,144.01,112.17
1269,-21.62,-350.13,147.14,107.34
1270,-14.81,-351.3,148.66,111.42
1271,-30.18,-340.28,143.94,114.31
1272,18.25,-367.94,147.84,122.87
1273,-7.48,-371.05,144.83,121.46
1274,-40.73,-340.03,159.38,121.81
1275,-21.03,-325.66,159.63,122.55
1276,-2.22,-386.64,155.34,121.3
1277,-9.87,-358.44,156.92,124.97
1278,-11.77,-344.96,153.91,125.71
1279,-30.67,-359.7,159.07,126.64
1280,-7.68,-341.55,162.87,130.56
1281,-18.26,-333.01,164.07,130.64
1282,-16.84,-348.92,163.3,133.86
1283,-27.1,-349.45,168.51,136.97
1284,-21.16,-333.21,168.3,138.93
1285,-53.58,-327.96,168.61,135.17
1286,-23.29,-302.92,165.3,136.35
1287,-22.59,-367.85,168.6,131.59
1288,-27.28,-298.34,168.41,133.53
1289,-25.48,-345.98,173.17,141.98
1290,-51.91,-348.55,175.66,147.02
1291,-35.06,-340.44,172.09,142.65
1292,-48.22,-382.06,171.44,139.49
1293,39.49,-327.83,179.58,140.94
1294,-10.54,-339.19,173.32,139.7
1295,-26.14,-364.06,180.48,139.8
1296,-10.92,-316.02,176.72,142.8
1297,-12.91,-299.66,178.04,141.7
1298,-27.21,-394.1,178.62,145.87
1299,-20.55,-348.18,173.26,143.17
1300,-21.54,-342.7,175.37,141.38
1301,-36.19,-361.72,178.89,143.96
1302,-27.85,-349.77,178.3,142.28
1303,-24.94,-350.43,175.23,142.86
1304,-58.28,-344.37,171.29,141.8
1305,-3.12,-350.18,172.73,141.07
1306,-19.39,-315.36,172.16,141.35
1307,-34.03,-334.98,173.39,142.62
1308,-27.23,-348.17,174.26,140.57
1309,5.6,-378.29,175.98,135.53
1310,-40.82,-366.19,173.82,135.19
1311,-11.17,-363.22,172.88,136.74
1312,-19.77,-383.5,174.23,135.43
1313,-26.77,-229.28,174.6,141.67
1314,-44.88,-267.8,170.59,137.15
1315,12.16,-385.09,165.8,138.07
1316,-13.84,-347.07,174.09,137.63
1317,2.51,-321.41,168.49,135.48
1318,-34.43,-375.33,172.2,137.4
1319,-50.77,-350.11,170.65,137.18
1320,-57.42,-339.46,179.46,135.11
1321,39.65,-339.28,166.86,128.39
1322,-4.56,-340.94,165.69,129.67
1323,-15.29,-355.33,172.46,128.99
1324,-26.63,-344.1,171.21,134.94
1325,-44.24,-350.93,166.3,133.96
1326,-30.18,-343.56,170.52,133.0
1327,-33.75,-296.12,166.16,131.09
1328,-22.15,-325.43,162.85,125.97
1329,-31.48,-377.82,161.09,133.74
1330,-3.27,-325.65,160.25,130.56
1331,-40.93,-337.08,156.12,130.56
1332,-57.12,-350.16,159.65,133.82
1333,-7.31,-305.57,162.44,128.65
1334,-44.25,-353.34,164.83,139.73
1335,-1.93,-345.79,157.22,133.47
1336,-16.32,-360.7,153.63,135.42
1337,-33.9,-347.07,166.58,134.54
1338,-32.72,-340.13,152.54,135.21
1339,-29.9,-354.28,151.45,132.59
1340,-27.57,-337.38,151.75,130.63
1341,-33.15,-333.94,148.3,132.38
1342,-28.15,-356.01,147.84,133.39
1343,-3.47,-339.17,143.97,136.07
1344,-3.59,-338.78,137.75,138.53
1345,-22.32,-353.59,134.29,138.08
1346,-42.21,-343.16,134.49,138.53
1347,-25.7,-289.54,130.89,135.76
1348,-14.68,-370.53,131.31,138.74
1349,-30.62,-353.41,128.98,140.12
1350,-39.01,-363.31,128.48,136.73
1351,-31.34,-311.27,122.09,135.53
1352,16.82,-359.6,121.46,140.33
1353,-21.55,-361.2,124.74,142.14
1354,-17.42,-334.68,124.14,142.5
1355,-38.36,-394.34,117.74,146.82
1356,-31.12,-331.21,121.33,144.62
1357,-17.33,-363.69,114.3,145.68
1358,-28.17,-374.38,116.25,141.59
1359,-40.18,-355.99,118.49,149.14
1360,-9.98,-360.87,116.52,143.79
1361,-24.08,-348.22,112.45,138.4
1362,-27.81,-379.02,113.49,137.44
1363,-40.69,-359.06,108.64,138.77
1364,-16.31,-358.74,108.13,140.46
1365,-5.96,-370.32,100.7,145.61
1366,-37.37,-357.78,104.66,150.57
1367,-42.1,-358.95,102.28,141.09
1368,6.59,-367.22,102.55,138.5
1369,-5.6,-363.48,93.2,136.32
1370,-19.21,-349.54,99.36,134.06
1371,-16.72,-351.88,93.54,141.66
1372,-26.92,-323.13,91.77,144.29
1373,-15.91,-383.75,90.58,142.31
1374,-67.41,-382.98,89.62,139.89
1375,-1.18,-373.73,84.0,140.54
1376,-17.55,-355.09,81.88,138.51
1377,-6.37,-354.61,79.77,135.08
1378,-34.24,-389.4,82.82,139.54
1379,-32.1,-366.75,77.74,137.56
1380,-50.05,-359.52,68.35,131.74
1381,4.45,-363.86,59.68,131.45
1382,-6.96,-381.37,61.57,133.01
1383,-9.08,-365.9,62.98,133.48
1384,-2.88,-361.16,55.16,130.03
1385,-18.63,-334.99,61.65,130.6
1386,-28.48,-366.12,50.3,129.06
1387,-25.18,-388.62,53.1,131.39
1388,-24.29,-397.88,46.02,128.85
1389,-30.55,-358.16,50.76,130.85
1390,-50.57,-390.38,49.27,126.28
1391,8.18,-380.51,44.76,122.1
1392,-2.09,-390.02,41.54,118.5
1393,-37.71,-383.77,43.49,114.44
1394,-47.19,-363.65,48.2,117.6
1395,-19.02,-397.13,34.87,119.01
1396,-31.43,-369.44,38.05,119.7
1397,-11.83,-367.15,30.88,116.8
1398,-15.62,-370.2,26.97,118.24
1399,7.7,-377.28,26.1,117.85
1400,-34.02,-379.12,22.51,115.48
1401,-16.65,-389.9,27.91,116.83
1402,-24.21,-393.42,26.23,112.89
1403,-17.34,-353.18,21.19,114.86
1404,5.58,-343.51,19.97,114.91
1405,-56.96,-417.62,17.62,114.15
1406,-6.76,-412.27,15.55,114.3
1407,-47.29,-391.16,9.02,114.93
1408,-22.31,-394.92,10.43,117.43
1409,-1.05,-384.47,7.47,109.55
1410,-24.89,-382.58,-0.71,109.26
1411,-4.69,-397.44,0.46,108.75
1412,-30.82,-393.04,-0.05,102.75
1413,6.33,-330.65,-0.65,101.5
1414,-56.45,-395.05,1.64,98.62
1415,-9.99,-420.19,-4.99,97.22
1416,1.4,-404.1,-1.25,103.44
1417,-7.11,-384.63,-0.66,104.8
1418,-17.63,-388.38,-4.23,102.32
1419,-19.23,-394.41,-3.41,102.23
1420,-5.34,-378.12,-4.51,99.88
1421,-34.25,-387.11,-7.87,100.31
1422,-26.79,-416.23,-5.42,101.1
1423,-21.95,-395.05,-6.32,105.16
1424,2.41,-383.78,-0.28,114.6
1425,-74.65,-403.57,-1.7,112.77
1426,-1.78,-391.74,-6.81,104.88
1427,4.12,-394.42,-9.64,108.65
1428,17.18,-392.06,-6.35,102.92
1429,-25.8,-397.87,-2.83,109.65
1430,6.55,-387.98,-5.85,110.32
1431,-19.53,-390.63,-1.84,105.47
1432,-11.71,-387.55,-2.08,108.22
1433,-33.55,-344.8,-5.28,103.06
1434,-18.33,-399.03,-6.66,102.17
1435,15.09,-419.23,-7.04,101.49
1436,-12.99,-380.43,0.15,103.03
1437,-31.38,-366.51,0.99,100.9
1438,-20.41,-418.18,-3.44,106.59
1439,-20.9,-438.47,-4.06,105.2
1440,-38.69,-416.55,-1.25,106.89
1441,-17.54,-423.59,-1.8,104.46
1442,7.13,-430.17,-2.44,101.35
1443,-24.35,-415.87,-4.55,105.39
1444,-20.5,-412.13,-6.74,103.31
1445,-2.98,-411.75,2.06,99.69
1446,-7.27,-412.48,4.37,99.99
1447,-12.03,-406.06,3.84,100.76
1448,-18.66,-409.63,-0.2,98.5
1449,-20.28,-399.31,1.13,94.83
1450,-6.96,-415.49,-2.89,93.78
1451,6.4,-419.99,-1.82,93.06
1452,-6.89,-417.95,2.7,90.55
1453,-45.01,-368.98,8.11,88.7
1454,-23.71,-426.89,2.27,94.53
1455,22.74,-432.06,4.52,93.99
1456,7.92,-416.94,-0.14,95.42
1457,-3.36,-423.47,0.53,91.92
1458,-14.18,-423.36,-0.53,88.01
1459,-14.06,-412.3,3.41,91.26
1460,-26.71,-409.48,2.98,87.57
1461,-20.87,-409.82,0.98,96.59
1462,14.16,-374.6,-2.18,87.84
1463,-4.54,-425.03,-3.45,97.22
1464,-9.69,-446.05,2.01,95.55
1465,-8.69,-433.72,-1.42,91.52
1466,-9.58,-421.9,-3.69,90.54
1467,-13.01,-426.48,0.53,87.86
1468,-13.13,-416.58,-4.99,89.41
1469,-36.71,-428.72,3.84,87.85
1470,-4.55,-423.06,6.69,87.57
1471,12.12,-410.94,-2.31,91.14
1472,20.76,-429.49,-6.39,90.4
1473,-7.69,-401.51,-0.38,94.07
1474,6.2,-432.73,-3.5,96.56
1475,-6.74,-430.31,-8.41,94.25
1476,-32.53,-405.52,-7.58,96.95
1477,5.92,-420.19,-7.09,99.31
1478,-3.35,-404.13,-9.44,97.44
1479,-13.22,-417.32,-12.85,94.95
1480,-23.12,-413.44,-6.99,103.16
1481,-26.5,-442.25,-5.8,106.93
1482,-0.53,-455.42,-6.39,98.94
1483,-18.36,-431.06,-10.88,97.61
1484,36.52,-382.36,-18.27,98.63
1485,9.54,-476.05,-20.09,93.1
1486,-15.68,-439.76,-19.52,98.34
1487,-5.31,-427.15,-15.12,101.53
1488,-3.3,-435.35,-17.9,95.88
1489,-14.85,-435.62,-17.55,95.07
1490,-9.53,-423.28,-15.56,95.4
1491,5.69,-435.44,-23.05,95.58
1492,-12.99,-414.57,-16.76,87.51
1493,-34.85,-437.82,-17.99,89.19
1494,6.69,-436.48,-21.83,89.82
1495,-10.41,-402.85,-21.19,88.19
1496,-44.08,-425.66,-24.2,86.22
1497,33.15,-446.32,-22.43,85.46
1498,-29.87,-433.65,-27.72,82.1
1499,-20.66,-436.35,-32.43,83.54
1500,13.06,-425.94,-26.7,84.99
1501,2.04,-447.22,-29.86,81.54
1502,21.21,-423.23,-30.76,77.19
1503,-17.93,-467.67,-30.36,77.19
1504,-23.39,-442.59,-31.99,77.39
1505,-30.56,-437.94,-35.8,75.37
1506,28.31,-427.35,-39.64,75.27
1507,-11.06,-417.19,-39.71,72.39
1508,-20.12,-461.14,-39.32,72.09
1509,39.53,-440.59,-39.82,65.04
1510,-17.18,-453.52,-39.76,70.34
1511,-1.65,-452.29,-47.85,74.31
1512,-36.07,-473.18,-52.69,75.48
1513,-33.29,-437.26,-56.38,66.36
1514,55.3,-435.08,-59.83,62.07
1515,4.16,-459.15,-50.41,64.24
1516,2.83,-494.25,-59.52,65.03
1517,-42.03,-486.32,-61.19,66.04
1518,-16.2,-415.07,-59.91,63.13
1519,32.23,-389.19,-58.09,61.26
1520,-0.88,-417.73,-59.98,54.25
1521,-20.11,-436.12,-57.93,48.66
1522,-14.79,-419.09,-62.23,50.14
1523,-7.73,-432.17,-68.56,59.2
1524,12.57,-454.69,-69.99,52.19
1525,-7.23,-438.69,-69.79,39.65
1526,-27.18,-427.36,-69.6,56.05
1527,20.86,-439.35,-68.22,49.29
1528,-0.5,-456.24,-70.47,51.62
1529,2.16,-443.2,-72.26,50.05
1530,-9.51,-451.67,-71.51,45.86
1531,-66.84,-452.06,-72.4,43.63
1532,23.99,-439.23,-74.66,44.5
1533,4.08,-457.74,-78.72,44.67
1534,-23.9,-432.81,-78.18,44.53
1535,23.18,-458.92,-80.5,50.03
1536,0.1,-434.93,-76.95,39.87
1537,-17.96,-448.47,-82.45,44.02
1538,-17.59,-446.28,-86.45,42.71
1539,2.89,-457.39,-89.22,41.28
1540,-12.78,-437.13,-90.86,41.07
1541,17.96,-412.59,-98.37,43.29
1542,1.2,-460.83,-103.1,39.26
1543,-63.68,-491.02,-98.57,38.39
1544,8.25,-435.76,-100.61,31.85
1545,22.78,-456.65,-99.46,32.7
1546,4.55,-453.17,-97.39,36.12
1547,1.89,-454.19,-97.81,34.56
1548,2.26,-470.8,-104.29,35.1
1549,-9.12,-459.15,-97.69,30.82
1550,-14.94,-447.41,-100.61,28.57
1551,-6.07,-471.06,-98.1,34.88
1552,2.64,-449.74,-95.86,32.95
1553,-5.98,-455.67,-100.25,28.28
1554,-16.5,-454.64,-101.23,21.9
1555,-38.67,-453.68,-104.86,23.23
1556,16.99,-448.38,-108.26,25.9
1557,-78.49,-450.89,-102.02,21.51
1558,1.37,-459.53,-93.96,24.12
1559,40.3,-451.27,-103.04,34.94
1560,6.4,-466.43,-104.11,30.71
1561,2.43,-465.61,-104.63,20.93
1562,-12.3,-445.71,-103.95,25.76
1563,2.36,-409.39,-101.79,28.99
1564,-13.81,-496.12,-108.69,26.55
1565,-20.77,-489.22,-99.68,25.14
1566,-19.5,-455.18,-101.2,24.12
1567,0.41,-426.64,-107.86,21.33
1568,2.0,-480.66,-108.59,24.37
1569,-15.92,-466.53,-108.1,21.71
1570,-42.79,-461.36,-103.85,17.84
1571,-21.65,-407.64,-100.74,14.5
1572,-14.37,-457.08,-102.19,19.6
1573,3.0,-482.32,-101.62,23.06
1574,9.72,-484.47,-101.08,21.56
1575,21.67,-475.79,-103.26,23.72
1576,-2.86,-467.97,-110.49,27.01
1577,-11.01,-462.96,-102.48,22.5
1578,-30.38,-452.29,-99.27,24.34
1579,10.71,-474.88,-105.52,27.72
1580,-6.78,-461.25,-102.71,25.88
1581,-6.45,-471.18,-104.68,20.89
1582,4.93,-459.39,-105.27,29.74
1583,-33.06,-472.64,-102.98,26.31
1584,-15.05,-464.77,-106.79,19.51
1585,-33.63,-484.86,-102.08,24.39
1586,-24.22,-464.97,-101.41,25.13
1587,-12.6,-454.54,-102.89,27.76
1588,14.01,-479.46,-105.6,32.0
1589,29.47,-465.95,-104.95,30.21
1590,15.64,-467.05,-98.19,26.75
1591,-3.18,-472.41,-97.19,22.79
1592,-20.27,-455.58,-101.46,30.26
1593,-11.26,-462.18,-105.67,31.76
1594,7.42,-500.9,-108.4,29.09
1595,-22.47,-472.11,-107.06,21.44
1596,-44.21,-457.93,-102.55,30.54
1597,55.59,-486.85,-104.26,33.84
1598,21.85,-489.25,-114.16,29.52
1599,-19.17,-485.02,-111.01,33.29
1600,-4.02,-453.28,-108.55,26.3
1601,17.03,-460.14,-109.42,29.98
1602,-4.68,-507.52,-102.61,35.6
1603,-15.54,-486.03,-104.92,34.45
1604,-20.91,-471.42,-109.36,35.84
1605,10.86,-497.86,-106.36,30.89
1606,1.21,-472.51,-112.49,30.53
1607,-13.3,-481.27,-109.24,37.71
1608,-43.81,-490.63,-114.4,36.05
1609,-27.25,-487.63,-115.97,38.3
1610,11.83,-470.41,-113.08,41.1
1611,18.53,-491.67,-114.28,33.36
1612,-1.09,-454.29,-111.34,35.13
1613,-33.12,-483.57,-112.56,38.3
1614,1.87,-462.36,-117.13,39.33
1615,-17.7,-467.05,-119.21,31.76
1616,-28.0,-487.54,-112.68,31.25
1617,17.82,-446.15,-117.26,27.04
1618,5.35,-452.99,-119.96,26.95
1619,5.83,-489.14,-113.55,35.47
1620,-26.63,-463.38,-112.82,34.67
1621,-36.06,-512.47,-115.85,34.98
1622,-20.42,-503.3,-116.45,29.14
1623,-6.3,-492.33,-113.04,30.16
1624,-5.79,-491.18,-111.53,30.14
1625,-21.6,-465.86,-114.2,16.84
1626,12.0,-399.23,-112.37,23.78
1627,-46.77,-492.2,-109.01,26.01
1628,-9.08,-543.31,-104.09,22.73
1629,-10.64,-540.42,-111.42,24.77
1630,-7.35,-461.74,-111.32,23.85
1631,-31.73,-488.61,-104.88,27.91
1632,-0.66,-438.22,-116.01,16.21
1633,-9.3,-504.11,-107.74,9.15
1634,-28.54,-502.09,-111.25,24.2
1635,-24.17,-519.36,-107.41,41.47
1636,-47.32,-459.41,-112.7,28.12
1637,2.38,-483.7,-112.53,28.57
1638,5.91,-509.69,-116.91,28.17
1639,-12.84,-521.13,-116.51,24.49
1640,-9.26,-515.22,-114.23,24.87
1641,11.2,-457.24,-111.54,33.67
1642,-11.12,-484.14,-120.06,31.19
1643,-2.73,-522.44,-113.4,33.81
1644,-12.45,-512.31,-119.57,31.83
1645,-6.39,-480.0,-122.91,29.89
1646,-6.34,-519.0,-117.76,22.02
1647,-55.07,-533.22,-118.83,28.38
1648,-6.2,-500.74,-115.89,26.36
1649,19.82,-508.01,-119.1,23.52
1650,2.06,-515.52,-120.45,22.7
1651,-16.3,-531.0,-119.47,22.57
1652,-78.79,-500.76,-118.02,21.88
1653,51.55,-482.82,-123.98,19.28
1654,3.99,-509.05,-126.51,17.87
1655,-24.35,-538.53,-126.05,16.51
1656,-9.61,-508.25,-125.62,16.99
1657,0.87,-494.54,-132.82,14.08
1658,-23.31,-510.07,-128.83,12.23
1659,-14.36,-503.57,-130.43,12.21
1660,-16.3,-524.69,-131.03,13.4
1661,-26.42,-518.06,-130.54,16.47
1662,-41.94,-470.9,-130.87,8.44
1663,6.83,-528.87,-130.31,14.4
1664,-2.27,-519.63,-137.51,10.88
1665,-0.91,-506.98,-137.3,3.17
1666,-8.76,-507.73,-133.43,11.06
1667,7.45,-521.18,-137.13,19.47
1668,-3.45,-529.22,-137.13,14.63
1669,-13.2,-521.82,-129.77,15.37
1670,-83.29,-514.49,-128.45,6.09
1671,5.41,-514.88,-130.59,7.46
1672,1.82,-508.85,-128.69,4.98
1673,-33.74,-506.24,-131.26,6.46
1674,21.49,-529.25,-127.8,3.55
1675,-8.22,-523.86,-133.66,8.78
1676,-12.13,-508.78,-135.18,7.34
1677,-6.36,-513.69,-131.76,2.23
1678,-21.14,-506.89,-140.47,3.39
1679,-41.11,-513.4,-136.46,4.31
1680,0.53,-468.1,-129.68,9.18
1681,-12.29,-510.26,-144.74,-5.72
1682,17.76,-532.64,-140.94,5.46
1683,-16.11,-523.58,-142.16,-0.45
1684,-21.39,-522.82,-140.77,4.03
1685,-5.32,-554.77,-131.55,18.12
1686,-19.25,-529.6,-133.7,9.58
1687,-24.75,-527.8,-132.26,9.62
1688,-23.79,-532.55,-136.54,6.81
1689,-92.99,-526.27,-133.09,11.18
1690,4.4,-522.17,-131.49,3.0
1691,4.01,-499.88,-136.62,5.24
1692,11.91,-488.27,-143.86,5.94
1693,7.43,-528.16,-136.36,8.81
1694,-18.68,-507.51,-136.02,10.32
1695,-49.83,-574.07,-130.39,14.08
1696,1.04,-550.01,-140.03,12.4
1697,-16.06,-538.78,-138.17,10.28
1698,-22.95,-545.08,-135.89,13.05
1699,-20.62,-537.27,-141.11,10.53
1700,-22.36,-535.23,-139.18,10.83
1701,-16.37,-541.21,-136.21,10.94
1702,-12.87,-536.68,-134.29,16.46
1703,-36.28,-539.1,-141.26,20.0
1704,-16.01,-521.25,-142.51,23.97
1705,2.82,-497.43,-147.21,21.18
1706,10.72,-567.35,-146.09,21.49
1707,-21.38,-590.33,-144.46,21.56
1708,-18.98,-546.67,-144.35,16.67
1709,-26.52,-562.52,-141.81,20.26
1710,-51.54,-532.56,-141.2,22.65
1711,-20.48,-530.04,-138.7,21.53
1712,19.6,-529.24,-144.03,23.11
1713,8.57,-519.18,-144.25,20.17
1714,-5.0,-597.39,-141.86,31.92
1715,-19.48,-577.78,-144.6,30.67
1716,-7.48,-569.47,-146.24,24.88
1717,-27.41,-566.45,-149.93,30.13
1718,-68.65,-566.99,-138.42,29.39
1719,-4.31,-529.64,-144.04,37.89
1720,18.27,-564.68,-148.39,30.02
1721,-21.7,-581.47,-156.47,28.86
1722,-1.74,-563.94,-152.57,39.04
1723,-0.23,-552.06,-154.88,35.4
1724,-13.54,-559.85,-146.36,33.73
1725,-69.85,-613.87,-148.93,36.74
1726,-25.28,-556.64,-156.36,31.26
1727,39.48,-447.94,-154.27,36.54
1728,7.03,-573.82,-151.07,43.87
1729,-1.44,-561.13,-152.06,40.17
1730,-24.66,-583.51,-157.25,37.4
1731,-58.3,-580.92,-147.83,45.56
1732,-41.8,-493.13,-151.6,41.24
1733,25.01,-549.86,-151.32,40.2
1734,-11.53,-552.1,-151.3,37.22
1735,2.11,-564.53,-144.23,44.08
1736,-2.6,-551.14,-152.02,32.14
1737,-1.78,-549.67,-153.03,28.69
1738,-21.78,-561.82,-152.63,31.49
1739,-31.71,-562.65,-147.57,52.58
1740,-13.32,-520.47,-149.41,45.48
1741,-32.78,-621.28,-150.37,40.64
1742,-7.35,-532.6,-152.07,33.83
1743,0.19,-514.28,-150.29,35.54
1744,1.77,-528.36,-146.94,39.36
1745,-13.38,-571.31,-149.09,45.81
1746,-24.54,-556.45,-147.82,37.6
1747,-4.71,-536.71,-150.06,36.86
1748,-20.22,-539.89,-151.69,30.16
1749,-72.58,-579.17,-144.54,42.07
1750,-7.72,-510.17,-151.78,35.44
1751,19.27,-583.55,-154.93,31.86
1752,-2.26,-561.98,-154.21,34.04
1753,-10.61,-557.63,-150.18,32.13
1754,-21.39,-578.9,-144.2,35.0
1755,-64.5,-570.59,-146.6,40.99
1756,-20.81,-583.63,-145.17,36.45
1757,8.37,-542.07,-148.86,34.23
1758,-23.99,-548.29,-151.44,31.94
1759,-11.05,-563.36,-155.28,38.1
1760,-1.19,-568.95,-144.43,27.87
1761,-7.07,-570.21,-148.22,29.5
1762,-23.59,-564.61,-145.98,33.25
1763,-19.73,-561.66,-147.12,30.68
1764,-40.87,-570.27,-152.15,26.96
1765,1.62,-569.14,-146.94,29.3
1766,-11.64,-561.14,-153.91,27.61
1767,-11.84,-568.95,-149.65,26.02
1768,-24.1,-577.09,-155.03,26.52
1769,-26.85,-557.79,-151.45,24.39
1770,-46.5,-582.04,-152.97,24.3
1771,-8.74,-563.0,-147.68,31.34
1772,-10.84,-558.1,-148.75,30.23
1773,-2.84,-582.95,-154.77,29.95
1774,-7.03,-575.65,-148.74,19.81
1775,-13.6,-594.31,-147.65,16.86
1776,-20.89,-584.22,-154.01,15.93
1777,-64.74,-551.05,-145.44,12.56
1778,18.41,-556.32,-157.9,8.74
1779,33.9,-510.84,-157.12,10.88
1780,-6.25,-629.22,-148.7,14.5
1781,-21.72,-617.71,-153.45,16.11
1782,-24.52,-601.31,-157.27,12.53
1783,-32.48,-591.95,-152.43,5.13
1784,-33.04,-586.12,-151.43,4.99
1785,-20.36,-597.65,-158.5,4.41
1786,-11.62,-564.03,-155.39,1.89
1787,10.8,-594.5,-156.1,-1.51
1788,-14.22,-590.35,-154.66,10.04
1789,-17.94,-568.59,-152.05,5.17
1790,-67.64,-600.8,-149.85,9.68
1791,-22.39,-576.19,-150.56,10.29
1792,-26.54,-579.39,-154.94,7.3
1793,1.63,-534.67,-157.98,9.09
1794,-3.34,-590.03,-161.93,6.15
1795,6.86,-628.71,-159.19,9.85
1796,-23.91,-608.68,-159.06,5.62
1797,-31.87,-606.89,-155.74,9.49
1798,-16.84,-602.76,-160.11,4.61
1799,-29.7,-596.3,-154.01,9.35
1800,-33.5,-588.33,-159.46,10.14
1801,-9.13,-590.54,-160.24,-1.35
1802,-25.34,-599.24,-160.88,3.09
1803,-11.13,-576.84,-163.4,9.81
1804,-12.91,-610.86,-161.59,11.07
1805,-22.19,-606.38,-165.41,7.75
1806,-37.76,-583.89,-162.91,11.95
1807,-62.64,-588.39,-165.69,4.62
1808,-35.91,-602.91,-159.97,8.03
1809,47.33,-566.31,-169.87,12.01
1810,-7.5,-587.59,-173.61,7.41
1811,-5.85,-611.71,-173.78,14.47
1812,-45.57,-668.19,-166.18,16.92
1813,-16.22,-627.37,-166.58,7.87
1814,-29.49,-623.66,-169.98,15.27
1815,-29.71,-620.56,-170.08,12.86
1816,-45.68,-620.11,-170.25,8.98
1817,-7.03,-605.12,-171.16,9.59
1818,-17.66,-599.6,-172.22,9.13
1819,-18.1,-639.56,-170.37,12.06
1820,-26.02,-629.51,-173.7,15.74
1821,-8.34,-631.36,-174.54,14.33
1822,-21.18,-621.09,-181.19,16.82
1823,-20.23,-613.01,-172.09,17.4
1824,-38.65,-643.2,-171.63,12.22
1825,-35.72,-759.38,-178.28,12.53
1826,-33.68,-565.14,-180.8,10.46
1827,5.44,-548.24,-176.1,17.55
1828,-19.26,-681.08,-179.88,10.13
1829,-34.98,-597.13,-185.57,5.54
1830,-41.36,-540.35,-173.24,13.35
1831,-13.65,-582.52,-169.93,18.12
1832,6.0,-621.39,-180.49,16.05
1833,-31.93,-621.29,-173.64,18.65
1834,8.14,-616.7,-178.55,16.26
1835,-4.26,-618.48,-179.41,17.18
1836,-30.23,-638.56,-170.94,20.03
1837,-23.83,-624.65,-170.66,12.66
1838,-26.2,-618.77,-171.06,13.69
1839,-38.0,-624.97,-172.08,11.54
1840,-36.44,-597.85,-170.77,7.5
1841,0.19,-621.75,-179.29,8.66
1842,-25.7,-648.76,-176.78,17.38
1843,-10.71,-629.6,-177.16,19.33
1844,-20.49,-624.75,-177.99,18.43
1845,-40.37,-582.28,-174.49,14.49
1846,-50.37,-637.61,-178.64,14.06
1847,21.0,-637.45,-181.59,5.61
1848,-5.57,-636.35,-175.8,8.91
1849,2.21,-571.25,-174.89,13.99
1850,-1.11,-574.37,-174.45,11.92
1851,-33.25,-651.57,-172.89,12.21
1852,-35.64,-633.43,-172.48,15.37
1853,-22.93,-602.02,-170.09,13.39
1854,-26.8,-633.99,-167.09,8.48
1855,-30.78,-651.32,-175.66,9.32
1856,-31.22,-601.7,-173.35,8.5
1857,-35.64,-608.96,-175.47,7.5
1858,-19.19,-620.34,-175.22,4.21
1859,-48.49,-617.61,-169.94,15.23
1860,-2.34,-609.17,-168.64,15.66
1861,-27.03,-607.36,-172.24,13.4
1862,-13.47,-643.69,-175.43,22.12
1863,-15.58,-608.43,-173.83,15.27
1864,-40.09,-589.87,-170.26,8.67
1865,-27.81,-625.7,-172.6,10.42
1866,-49.73,-609.53,-164.42,23.81
1867,-13.54,-600.42,-166.95,14.87
1868,6.57,-627.85,-178.93,11.01
1869,-14.56,-602.82,-162.57,16.42
1870,-20.52,-587.49,-164.78,10.06
1871,-20.68,-619.96,-165.03,16.18
1872,-22.59,-636.78,-165.07,16.19
1873,-43.87,-612.9,-170.95,19.83
1874,-18.42,-621.46,-172.28,15.25
1875,-38.16,-613.66,-167.81,8.62
1876,14.52,-609.71,-172.42,10.18
1877,-19.54,-627.09,-178.11,12.38
1878,-29.87,-655.63,-179.57,12.0
1879,-11.52,-612.92,-174.68,10.89
1880,-27.2,-590.03,-173.5,12.85
1881,-34.11,-605.87,-176.54,15.22
1882,-0.42,-622.66,-183.25,11.14
1883,-23.84,-612.35,-172.93,6.28
1884,-24.13,-623.47,-176.14,6.74
1885,-40.42,-617.27,-174.34,5.34
1886,8.31,-616.6,-176.71,7.65
1887,-22.02,-612.01,-176.74,11.43
1888,-15.47,-628.38,-176.11,7.29
1889,-13.77,-619.57,-176.65,8.81
1890,-28.93,-598.93,-169.34,8.31
1891,-29.81,-619.43,-179.1,5.57
1892,-21.63,-608.89,-173.39,8.84
1893,-20.3,-592.12,-171.47,5.77
1894,-14.6,-593.72,-171.02,7.45
1895,-23.3,-605.78,-166.21,6.26
1896,-36.58,-603.93,-173.04,6.86
1897,-42.78,-604.67,-168.08,7.69
1898,-46.51,-586.98,-170.6,5.18
1899,-31.7,-560.37,-165.5,5.97
1900,-37.72,-592.0,-168.41,5.77
1901,-66.58,-629.1,-172.46,8.69
1902,-29.44,-581.09,-171.99,7.45
1903,-10.03,-588.59,-175.21,9.43
1904,-22.58,-612.04,-167.77,12.37
1905,-33.8,-619.73,-161.1,17.76
1906,-31.07,-587.94,-162.54,14.99
1907,-38.71,-577.9,-167.58,7.74
1908,-27.52,-583.08,-180.34,3.91
1909,-36.47,-579.84,-185.77,10.79
1910,-46.47,-607.41,-176.54,10.96
1911,-59.8,-611.97,-181.29,9.19
1912,-18.06,-603.33,-174.44,9.35
1913,-19.8,-603.6,-174.5,9.25
1914,-19.04,-604.52,-175.43,8.97
1915,-42.42,-607.78,-173.98,6.86
1916,-22.11,-620.63,-178.58,4.37
1917,-32.14,-611.99,-184.49,10.63
1918,-56.82,-651.03,-175.61,14.44
1919,-9.14,-611.84,-176.92,13.56
1920,-35.16,-627.84,-178.34,22.63
1921,-1.93,-639.81,-175.38,19.52
1922,-38.16,-624.26,-178.65,18.22
1923,-11.29,-608.5,-184.55,16.34
1924,-25.47,-632.64,-181.04,7.71
1925,2.45,-622.71,-182.49,10.36
1926,-30.8,-628.66,-181.45,7.72
1927,-35.18,-622.32,-184.58,8.47
1928,-24.92,-617.51,-179.02,9.74
1929,-17.63,-617.29,-179.48,7.48
1930,-21.53,-599.05,-175.3,11.57
1931,-14.61,-628.28,-173.49,3.21
1932,-10.41,-632.57,-175.94,0.54
1933,-12.33,-595.21,-171.04,9.04
1934,-18.56,-596.07,-173.19,2.34
1935,-29.51,-627.79,-167.41,9.08
1936,-74.14,-622.26,-168.66,9.05
1937,16.92,-577.7,-169.18,7.58
1938,-14.8,-607.43,-175.38,10.0
1939,-88.8,-606.14,-166.26,11.83
1940,38.16,-601.97,-163.41,12.91
1941,-28.08,-581.51,-173.52,10.96
1942,-22.67,-524.18,-169.83,2.06
1943,-14.98,-618.65,-166.05,9.25
1944,-75.27,-639.68,-170.89,4.33
1945,-45.9,-628.15,-166.85,10.95
1946,-37.2,-588.76,-173.28,8.42
1947,-17.61,-565.36,-162.32,10.47
1948,-35.82,-580.25,-165.52,10.59
1949,-61.78,-591.27,-156.46,11.62
1950,-96.29,-571.6,-151.42,10.31
1951,-7.19,-559.19,-152.95,-6.98
1952,0.6,-597.84,-143.56,10.48
1953,-45.6,-575.62,-154.02,18.86
1954,-6.2,-584.6,-169.04,10.21
1955,-37.09,-582.16,-164.27,5.4
1956,-58.17,-592.43,-166.7,9.75
1957,-24.75,-587.4,-174.33,3.95
1958,-8.1,-612.14,-172.46,3.13
1959,-19.61,-612.26,-169.53,7.96
1960,-24.17,-619.87,-158.32,40.28
1961,-20.35,-639.62,-171.17,23.69
1962,-11.87,-640.94,-175.32,24.87
1963,-13.5,-624.14,-165.29,37.57
1964,-48.01,-627.47,-161.69,31.63
1965,0.81,-609.38,-170.37,26.82
1966,-22.03,-618.73,-176.64,25.31
1967,-21.22,-615.88,-180.28,15.49
1968,2.21,-616.55,-181.26,22.21
1969,-35.23,-611.8,-177.34,18.17
1970,13.25,-618.06,-176.0,15.67
1971,-2.62,-619.59,-172.57,18.76
1972,4.67,-613.69,-171.98,15.69
1973,-19.18,-609.54,-174.1,11.4
1974,-39.74,-599.37,-171.41,16.36
1975,17.31,-611.67,-174.88,9.99
1976,-8.44,-570.97,-172.06,13.65
1977,-4.62,-592.28,-169.94,21.22
1978,-29.33,-667.59,-167.08,21.99
1979,-12.9,-612.31,-171.55,21.39
1980,-51.41,-607.88,-165.1,11.76
1981,-47.09,-594.9,-165.66,9.95
1982,18.11,-595.92,-173.96,10.58
1983,-34.02,-601.02,-167.69,18.76
1984,-43.56,-599.6,-165.28,9.79
1985,-36.67,-589.41,-168.98,7.67
1986,-8.8,-562.56,-171.5,9.06
1987,-6.32,-561.48,-172.34,6.36
1988,-37.06,-567.0,-171.52,17.01
1989,-21.99,-549.59,-172.48,16.09
1990,-44.54,-593.58,-167.34,11.83
1991,-41.12,-608.42,-177.32,-1.57
1992,-11.76,-585.21,-155.32,-10.73
1993,-46.29,-568.46,-139.98,-14.3
1994,-23.42,-581.37,-152.11,-5.08
1995,-29.75,-589.46,-168.29,13.48
1996,-27.55,-600.22,-174.9,18.15
1997,-17.17,-584.14,-180.64,9.13
1998,-19.81,-585.91,-181.5,9.21
1999,-23.97,-605.04,-179.12,17.58
2000,-33.36,-607.4,-174.1,17.57
2001,-28.71,-615.97,-178.47,13.33
2002,-23.89,-611.29,-180.28,14.24
2003,-16.72,-605.57,-180.39,14.59
2004,-48.89,-617.37,-191.45,13.84
2005,1.29,-612.74,-199.2,9.42
2006,-35.88,-577.13,-201.89,7.2
2007,-21.35,-583.31,-199.83,5.02
2008,16.79,-628.04,-193.55,8.02
2009,-17.78,-631.87,-193.08,6.26
2010,-17.4,-609.06,-188.14,10.36
2011,-16.69,-636.12,-198.8,7.23
2012,-22.45,-614.76,-198.78,8.6
2013,-18.19,-598.97,-196.9,2.2
2014,-41.24,-612.54,-197.88,1.5
2015,-98.69,-621.93,-200.09,1.64
2016,43.31,-574.77,-203.85,-6.76
2017,-9.35,-594.15,-197.62,3.3
2018,18.23,-599.34,-197.6,8.5
2019,-17.46,-609.9,-197.77,7.02
2020,-5.65,-609.82,-195.71,9.95
2021,-38.86,-617.22,-195.01,7.58
2022,-34.79,-627.46,-196.5,7.19
2023,-14.01,-575.75,-199.48,9.42
2024,-3.44,-574.02,-200.9,8.27
2025,-11.66,-579.56,-201.51,6.75
2026,-32.22,-597.31,-191.94,7.74
2027,-18.68,-569.25,-196.63,0.68
2028,-25.26,-610.71,-199.55,2.46
2029,-31.06,-599.7,-199.89,2.08
2030,-29.8,-588.6,-182.3,11.16
2031,-26.96,-598.97,-180.15,5.51
2032,-42.94,-598.16,-187.46,2.92
2033,-58.68,-575.37,-200.17,7.43
2034,-21.23,-600.43,-210.47,1.18
2035,17.32,-585.83,-211.1,0.5
2036,-12.69,-595.57,-207.2,0.83
2037,-0.51,-615.34,-211.38,5.72
2038,-11.58,-595.5,-207.77,5.02
2039,-25.71,-579.25,-205.48,4.62
2040,-0.48,-626.69,-208.58,8.28
2041,-12.49,-635.74,-206.64,8.18
2042,-32.51,-606.74,-214.73,7.96
2043,-37.04,-627.29,-210.38,3.16
2044,-14.96,-610.47,-216.01,4.93
2045,-0.3,-618.6,-218.72,1.22
2046,2.03,-607.1,-217.47,2.16
2047,-4.43,-598.55,-215.68,5.75
2048,-46.66,-619.88,-212.18,10.54
2049,13.7,-612.99,-211.5,1.57
2050,-20.22,-604.2,-210.23,-5.34
2051,-54.8,-616.65,-212.37,0.5
2052,-12.19,-584.56,-203.74,5.37
2053,19.33,-589.21,-208.71,2.23
2054,-8.7,-628.25,-194.77,14.13
2055,-17.45,-620.07,-203.89,4.26
2056,-15.57,-604.25,-199.51,0.01
2057,-23.01,-600.19,-197.84,2.62
2058,-39.96,-598.86,-185.34,11.34
2059,-53.55,-588.9,-193.1,15.36
2060,28.32,-581.9,-203.65,9.04
2061,-7.64,-584.4,-196.39,2.44
2062,-32.73,-580.85,-199.5,4.77
2063,-24.16,-569.22,-196.09,7.86
2064,24.11,-565.83,-192.63,7.34
2065,-35.18,-588.26,-189.21,1.92
2066,-33.45,-590.01,-186.79,4.32
2067,-25.16,-588.82,-191.22,2.15
2068,-43.27,-594.62,-191.2,2.14
2069,-3.12,-581.1,-184.95,4.43
2070,-31.32,-566.87,-187.8,-0.57
2071,-32.28,-569.75,-179.96,-5.97
2072,-48.68,-568.47,-185.18,-3.13
2073,-5.54,-590.59,-187.6,2.04
2074,-55.25,-583.16,-196.32,-6.19
2075,-7.77,-591.9,-204.06,-6.52
2076,-4.02,-579.68,-194.65,-0.36
2077,-7.85,-607.97,-191.53,5.0
2078,-21.72,-606.88,-192.75,2.4
2079,-10.89,-590.97,-193.07,-0.47
2080,-14.12,-622.47,-196.53,3.0
2081,-5.44,-616.66,-201.41,3.01
2082,-12.95,-616.57,-199.39,6.0
2083,-12.6,-600.47,-204.16,4.58
2084,-65.96,-590.53,-206.73,-0.41
2085,-56.84,-622.17,-196.45,2.89
2086,51.98,-619.83,-194.29,2.91
2087,-8.7,-625.77,-199.46,0.64
2088,-15.66,-629.03,-190.7,5.54
2089,-8.68,-599.25,-193.63,3.79
2090,-4.11,-616.48,-187.43,8.21
2091,-4.6,-627.6,-187.21,8.58
2092,1.64,-613.55,-193.81,5.15
2093,-0.66,-604.31,-196.2,11.59
2094,-10.4,-616.48,-195.84,6.69
2095,-33.07,-609.71,-182.57,2.54
2096,-40.78,-595.3,-185.04,5.69
2097,-39.47,-556.47,-182.08,8.26
2098,30.6,-617.59,-193.85,2.4
2099,17.23,-630.0,-194.13,5.26
2100,1.43,-613.72,-195.93,5.97
2101,-12.88,-603.58,-190.97,-0.11
2102,3.51,-608.64,-187.08,1.77
2103,-17.96,-591.36,-193.09,6.98
2104,-66.86,-628.18,-187.46,3.97
2105,-35.64,-589.19,-189.31,-1.23
2106,31.7,-594.69,-194.41,1.65
2107,3.48,-604.04,-198.92,-3.38
2108,-1.34,-595.92,-194.48,-3.24
2109,-13.24,-593.23,-195.7,-3.72
2110,-16.82,-579.51,-188.33,3.9
2111,-25.13,-585.78,-191.43,3.98
2112,-41.21,-585.02,-187.84,7.23
2113,-45.51,-563.54,-186.09,4.53
2114,6.6,-576.01,-188.7,5.37
2115,-29.62,-607.7,-185.21,6.43
2116,-2.65,-590.41,-192.31,7.38
2117,-12.49,-587.51,-187.37,7.06
2118,-30.82,-584.67,-175.8,0.24
2119,-11.1,-592.68,-171.2,5.65
2120,-19.18,-583.29,-177.94,5.83
2121,-39.44,-582.88,-184.35,2.92
2122,-7.3,-575.01,-185.67,7.57
2123,-49.38,-568.32,-193.41,-1.71
2124,1.03,-589.87,-187.0,6.31
2125,1.22,-610.79,-190.66,7.53
2126,-9.62,-600.92,-187.56,3.76
2127,-18.48,-606.07,-191.05,1.9
2128,-13.68,-616.59,-190.14,7.19
2129,-51.85,-604.73,-195.43,6.67
2130,15.73,-583.79,-189.82,5.17
2131,-30.38,-609.64,-195.69,2.82
2132,9.5,-606.59,-197.28,4.77
2133,-11.48,-604.86,-198.18,2.61
2134,-12.27,-597.65,-191.41,9.8
2135,-14.11,-615.01,-192.26,8.57
2136,-20.16,-603.61,-190.46,8.34
2137,-16.18,-604.74,-186.03,6.93
2138,-15.1,-609.92,-188.76,8.93
2139,-31.97,-606.28,-184.15,10.97
2140,-11.98,-600.69,-180.51,9.49
2141,-32.63,-605.05,-185.0,14.13
2142,-2.92,-602.59,-179.55,11.78
2143,-26.76,-583.77,-188.27,13.85
2144,1.47,-601.91,-184.05,15.77
2145,-8.58,-603.58,-188.37,23.27
2146,-23.77,-616.51,-187.81,23.04
2147,-46.84,-599.85,-186.11,17.37
2148,11.17,-584.26,-191.64,19.03
2149,-2.43,-624.86,-183.82,20.37
2150,-9.52,-610.09,-176.34,19.17
2151,-3.78,-584.09,-191.84,12.54
2152,-4.35,-594.33,-186.61,10.42
2153,-10.75,-602.61,-180.26,18.06
2154,-40.48,-613.89,-188.44,14.11
2155,-1.18,-569.96,-189.3,10.2
2156,14.39,-591.91,-188.07,12.87
2157,-18.19,-614.49,-176.51,12.81
2158,-29.9,-608.01,-183.08,8.43
2159,8.51,-574.28,-187.5,7.19
2160,-42.76,-603.79,-188.43,6.65
2161,-26.91,-599.77,-184.22,11.31
2162,-14.6,-574.69,-184.18,14.47
2163,2.8,-568.14,-175.0,14.37
2164,-3.06,-613.97,-179.24,15.02
2165,-20.25,-607.03,-177.31,15.97
2166,-25.73,-576.68,-181.23,9.33
2167,-56.79,-576.13,-173.82,3.97
2168,12.99,-615.79,-176.54,7.11
2169,0.06,-609.47,-176.33,8.83
2170,-9.02,-587.08,-180.86,3.42
2171,10.25,-574.72,-176.7,5.87
2172,-13.09,-569.02,-183.61,10.56
2173,-24.54,-584.71,-182.98,10.07
2174,-33.13,-575.83,-176.8,3.02
2175,14.05,-613.45,-180.95,11.78
2176,-16.62,-606.59,-183.12,4.8
2177,5.91,-589.81,-185.83,-0.78
2178,-2.21,-601.02,-191.57,-2.21
2179,-12.44,-602.09,-176.73,3.79
2180,-6.27,-584.78,-185.28,6.75
2181,-10.19,-593.73,-187.93,6.46
2182,-56.95,-608.07,-184.12,6.83
2183,-6.5,-590.37,-193.05,3.11
2184,23.77,-588.52,-186.04,10.78
2185,-3.39,-582.81,-189.58,-0.84
2186,-22.47,-571.96,-186.23,3.36
2187,0.9,-583.02,-180.0,4.36
2188,-21.67,-600.76,-183.94,-0.11
2189,-2.2,-581.84,-186.5,-1.26
2190,32.68,-571.09,-188.85,2.31
2191,3.39,-609.99,-181.72,3.71
2192,-50.95,-620.22,-179.94,10.82
2193,2.38,-595.83,-187.63,4.56
2194,-22.19,-601.18,-184.19,5.85
2195,-8.28,-586.97,-187.23,-0.77
2196,-45.49,-590.81,-183.72,-3.39
2197,-8.79,-578.46,-180.8,3.72
2198,3.04,-604.88,-192.87,-0.4
2199,5.84,-593.88,-191.47,7.66
2200,-1.53,-575.1,-184.26,4.19
2201,-4.67,-576.0,-182.83,4.09
2202,-28.18,-578.7,-183.74,0.8
2203,-1.71,-586.66,-177.21,0.07
2204,-21.62,-583.68,-182.67,4.79
2205,-19.52,-587.76,-179.94,11.53
2206,-15.27,-579.31,-177.06,4.82
2207,-52.53,-570.87,-178.0,4.41
2208,9.22,-573.78,-174.84,4.71
2209,9.35,-571.82,-171.53,3.08
2210,-10.94,-582.68,-174.32,2.97
2211,-10.65,-580.2,-177.56,9.27
2212,-34.21,-609.56,-181.59,2.61
2213,-36.5,-565.37,-185.91,1.8
2214,25.29,-555.98,-186.6,-3.4
2215,-1.67,-589.5,-192.34,-6.25
2216,-28.72,-600.38,-183.74,-2.86
2217,-13.2,-597.41,-181.72,3.61
2218,-18.94,-598.84,-191.37,-2.0
2219,-21.51,-589.33,-188.28,-1.33
2220,0.88,-570.6,-191.24,-4.88
2221,-3.38,-594.43,-193.0,0.82
2222,-7.24,-591.99,-196.6,-5.13
2223,-14.64,-573.63,-189.31,-10.07
2224,-30.97,-581.91,-188.52,-10.04
2225,3.76,-588.86,-197.58,-4.28
2226,-34.11,-594.32,-192.96,-6.69
2227,2.0,-591.47,-193.98,1.11
2228,-8.93,-586.51,-195.88,3.24
2229,2.64,-583.44,-200.5,-3.37
2230,0.36,-581.87,-202.03,-7.99
2231,-10.11,-602.8,-194.8,-3.3
2232,-24.98,-591.29,-194.85,4.9
2233,-7.68,-560.46,-194.67,-2.07
2234,-23.45,-592.51,-191.65,-0.35
2235,19.7,-572.5,-196.38,-5.93
2236,-11.85,-580.76,-198.7,-2.51
2237,-8.13,-594.65,-188.05,1.95
2238,-0.56,-591.37,-200.12,0.79
2239,-7.1,-578.99,-191.02,1.1
2240,-60.36,-560.25,-186.51,5.01
2241,11.88,-603.12,-199.3,10.96
2242,20.94,-589.76,-196.05,7.84
2243,4.3,-578.42,-194.39,6.41
2244,-23.94,-586.86,-188.35,0.7
2245,-4.34,-573.44,-194.48,-5.32
2246,-29.84,-574.3,-189.37,-3.9
2247,0.31,-568.76,-192.03,-0.57
2248,-14.73,-577.39,-192.55,-2.92
2249,-14.24,-596.47,-198.14,0.31
2250,1.54,-573.44,-197.99,-2.14
2251,4.08,-572.61,-188.61,-4.49
2252,-11.77,-603.21,-191.39,-0.44
2253,-16.32,-585.35,-191.46,1.92
2254,-39.46,-583.47,-190.84,0.58
2255,-14.02,-589.15,-201.92,-5.11
2256,-33.76,-582.27,-202.7,-2.23
2257,33.54,-542.68,-200.54,-2.08
2258,-22.54,-618.85,-200.39,-4.61
2259,20.26,-594.71,-200.82,-2.17
2260,2.03,-591.16,-203.68,-5.08
2261,-15.27,-586.67,-199.62,-6.51
2262,-42.09,-595.07,-197.69,-8.15
2263,-68.49,-569.61,-193.1,-0.16
2264,66.66,-558.77,-205.32,-15.16
2265,9.48,-577.46,-199.36,-7.61
2266,-19.71,-567.53,-199.29,-11.53
2267,-5.46,-566.62,-200.74,-11.04
2268,1.58,-584.85,-211.82,-13.68
2269,-3.88,-613.41,-202.44,-10.24
2270,-22.29,-592.92,-195.13,-4.0
2271,-31.35,-606.57,-192.92,-7.81
2272,-24.96,-586.3,-196.86,-3.92
2273,-26.75,-576.05,-195.06,-3.91
2274,-29.7,-578.89,-200.89,-3.9
2275,51.48,-573.6,-202.16,-4.24
2276,-21.2,-585.14,-199.88,-5.74
2277,1.74,-581.37,-198.37,-7.2
2278,-12.51,-594.72,-205.05,-5.95
2279,-21.44,-598.87,-197.58,0.74
2280,-6.33,-584.89,-196.62,1.89
2281,-13.55,-588.71,-200.88,4.82
2282,-17.64,-574.92,-198.45,2.79
2283,-76.63,-563.64,-195.52,-0.34
2284,13.39,-551.11,-200.72,-3.21
2285,23.18,-611.97,-202.65,3.63
2286,-4.82,-588.89,-204.89,-0.96
2287,-30.76,-586.68,-202.05,3.33
2288,5.7,-599.22,-201.79,1.97
2289,-25.21,-589.22,-203.9,4.03
2290,-27.94,-582.12,-202.45,2.03
2291,-27.16,-587.9,-205.2,1.01
2292,-38.62,-589.03,-200.07,-1.92
2293,30.46,-556.8,-201.35,0.19
2294,1.9,-570.14,-204.22,-5.36
2295,1.33,-593.43,-199.91,9.28
2296,-23.96,-580.77,-199.72,-3.09
2297,-13.24,-588.71,-190.03,-2.52
2298,-14.36,-594.32,-192.03,3.67
2299,-8.32,-583.98,-196.52,6.16
2300,-33.44,-574.32,-195.48,4.57
2301,-10.57,-591.05,-198.04,3.38
2302,-45.24,-577.65,-195.79,4.43
2303,21.12,-551.33,-205.9,0.98
2304,26.58,-575.36,-204.59,-2.57
2305,-16.56,-600.1,-206.66,-0.97
2306,-23.4,-567.38,-208.59,-7.11
2307,-9.83,-585.45,-204.9,1.7
2308,6.92,-600.61,-206.09,2.7
2309,-8.15,-585.19,-201.32,6.1
2310,-71.09,-583.71,-194.37,4.07
2311,-21.55,-540.78,-194.56,2.32
2312,48.45,-585.82,-210.39,0.72
2313,-4.37,-571.42,-204.0,5.42
2314,-16.34,-564.37,-200.68,4.98
2315,6.42,-569.14,-200.31,2.94
2316,-15.76,-587.88,-198.92,1.2
2317,-14.54,-580.67,-199.2,-1.94
2318,-18.28,-606.57,-197.2,-5.51
2319,-16.73,-592.29,-198.79,4.39
2320,-15.94,-582.79,-200.53,0.38
2321,-18.01,-585.08,-193.8,-4.3
2322,-37.85,-578.71,-197.23,-6.61
2323,-73.65,-572.77,-198.56,-6.45
2324,0.39,-573.33,-206.87,-0.86
2325,-3.19,-565.71,-208.49,-0.4
2326,48.84,-588.59,-207.0,-8.68
2327,14.01,-570.52,-202.22,-10.02
2328,-2.66,-580.87,-201.21,-12.52
2329,-9.36,-577.8,-203.71,-6.15
2330,-9.59,-571.35,-199.67,-5.59
2331,-11.64,-580.62,-209.72,-12.13
2332,-19.83,-580.0,-203.08,-8.07
2333,-19.79,-575.07,-198.02,-7.52
2334,-6.78,-571.96,-204.61,-2.67
2335,-16.92,-579.93,-205.97,-3.0
2336,-19.83,-521.63,-202.66,-11.67
2337,-26.3,-523.56,-202.17,-13.79
2338,12.18,-625.28,-205.04,-6.23
2339,5.66,-597.28,-201.2,-9.22
2340,-15.63,-571.55,-198.85,-8.57
2341,-14.56,-593.75,-206.0,-13.98
2342,-44.49,-590.81,-199.69,-11.67
2343,-10.36,-564.76,-197.44,-12.0
2344,22.6,-559.62,-204.86,-11.36
2345,-4.06,-560.42,-198.16,-9.93
2346,-7.82,-556.91,-205.14,-13.63
2347,-7.56,-582.7,-201.81,-11.5
2348,-21.84,-580.72,-204.65,-13.27
2349,-4.65,-579.53,-199.62,-12.95
2350,-26.5,-582.24,-196.06,-16.95
2351,-27.44,-574.13,-202.73,-13.09
2352,9.37,-547.81,-202.29,-17.75
2353,-70.54,-578.74,-204.01,-19.85
2354,20.33,-554.66,-200.86,-16.21
2355,9.26,-582.66,-197.82,-8.8
2356,9.86,-586.42,-199.55,-9.0
2357,-55.75,-571.78,-197.23,-8.66
2358,6.17,-578.39,-206.89,-11.59
2359,-16.5,-542.48,-199.54,-11.95
2360,3.78,-583.79,-196.97,-9.76
2361,-2.95,-581.25,-203.29,-15.1
2362,-12.64,-576.44,-198.36,-8.79
2363,-15.45,-567.91,-198.45,-13.79
2364,-34.92,-566.75,-202.67,-14.09
2365,-1.26,-576.63,-203.87,-16.77
2366,4.71,-574.82,-200.31,-12.42
2367,-18.35,-562.4,-201.6,-13.74
2368,-35.89,-595.37,-208.54,-19.59
2369,-29.82,-556.2,-203.21,-15.22
2370,20.0,-544.84,-204.3,-19.37
2371,4.9,-576.32,-201.08,-19.1
2372,-21.06,-573.93,-201.97,-21.51
2373,-45.02,-577.5,-204.16,-26.43
2374,-32.51,-557.37,-199.78,-27.25
2375,6.1,-538.11,-204.23,-22.35
2376,14.99,-554.03,-201.61,-18.58
2377,16.61,-546.85,-205.14,-21.5
2378,-11.47,-584.39,-202.07,-15.1
2379,-5.06,-564.56,-201.34,-14.02
2380,-37.06,-582.48,-197.28,-13.56
2381,-1.97,-561.65,-199.87,-16.13
2382,1.87,-560.43,-202.21,-13.19
2383,-13.97,-560.79,-202.63,-7.12
2384,-1.84,-553.35,-203.27,-13.85
2385,-21.29,-585.76,-201.56,-19.14
2386,4.45,-563.69,-204.33,-21.27
2387,-8.89,-574.63,-205.97,-17.64
2388,-19.36,-583.16,-201.91,-16.42
2389,-26.93,-560.9,-205.86,-23.31
2390,-16.68,-557.88,-209.69,-28.05
2391,-30.56,-569.65,-203.96,-18.62
2392,17.72,-534.56,-198.57,-10.37
2393,-6.76,-547.09,-205.89,-20.55
2394,-22.72,-549.15,-202.89,-20.18
2395,-43.76,-612.35,-208.32,-18.81
2396,14.95,-575.44,-202.72,-19.25
2397,-7.4,-574.7,-213.58,-19.41
2398,-0.91,-564.41,-203.13,-20.19
2399,5.74,-561.12,-207.91,-21.44
2400,-27.92,-573.11,-204.59,-19.94
2401,-17.17,-572.37,-208.16,-24.13
2402,-3.54,-563.14,-208.95,-29.97
2403,-6.13,-544.67,-212.32,-20.59
2404,-8.83,-542.18,-214.15,-17.05
2405,-59.21,-596.72,-207.7,-20.11
2406,-21.66,-565.17,-206.55,-21.7
2407,-3.9,-545.34,-204.07,-26.0
2408,6.05,-545.22,-210.04,-26.51
2409,13.57,-542.37,-208.59,-29.2
2410,-14.35,-590.26,-205.37,-18.23
2411,-7.97,-582.23,-205.11,-14.72
2412,-10.22,-571.78,-212.9,-14.98
2413,-6.8,-557.04,-213.62,-18.67
2414,-20.79,-566.22,-203.9,-15.61
2415,-5.16,-565.7,-206.29,-17.33
2416,-22.32,-559.82,-204.24,-14.8
2417,-17.87,-553.59,-200.36,-15.57
2418,-5.63,-564.67,-204.81,-19.63
2419,9.44,-552.62,-212.0,-18.32
2420,-18.9,-561.92,-211.03,-13.46
2421,-20.46,-547.39,-204.04,-11.57
2422,-16.77,-577.31,-207.53,-14.89
2423,-6.97,-559.46,-208.77,-19.8
2424,6.08,-550.41,-202.68,-25.25
2425,-22.48,-548.46,-202.32,-20.99
2426,-77.59,-541.69,-202.96,-23.22
2427,61.22,-556.6,-207.63,-23.3
2428,10.12,-571.15,-204.18,-16.61
2429,-7.4,-570.73,-205.43,-16.96
2430,-10.2,-569.68,-204.84,-17.48
2431,-21.54,-571.51,-202.06,-18.49
2432,7.26,-562.89,-203.8,-11.33
2433,-40.59,-561.45,-199.5,-15.63
2434,-103.2,-557.88,-195.13,-18.27
2435,75.75,-508.85,-216.67,-21.91
2436,-0.5,-525.37,-206.94,-19.49
2437,8.09,-573.79,-197.17,-18.81
2438,10.51,-572.54,-202.66,-16.98
2439,-5.54,-567.18,-209.43,-17.36
2440,-10.29,-575.47,-207.62,-18.8
2441,-21.04,-581.96,-199.38,-18.83
2442,-12.44,-564.36,-204.56,-18.16
2443,-23.82,-554.68,-203.78,-21.76
2444,-85.15,-545.43,-195.82,-24.49
2445,-1.13,-545.16,-202.78,-19.53
2446,41.69,-548.01,-211.29,-22.9
2447,-3.95,-500.58,-201.27,-19.33
2448,2.03,-583.98,-204.67,-21.43
2449,-15.68,-587.54,-202.39,-22.46
2450,-12.84,-560.9,-205.15,-28.6
2451,2.19,-566.35,-206.07,-24.64
2452,-5.81,-566.41,-208.99,-21.87
2453,-12.01,-557.81,-204.36,-21.35
2454,-16.92,-565.15,-211.12,-21.03
2455,-24.52,-562.67,-207.82,-20.32
2456,-60.09,-551.82,-204.97,-20.2
2457,-60.4,-552.31,-199.78,-14.22
2458,23.05,-559.85,-205.0,-14.41
2459,46.45,-554.35,-212.28,-19.12
2460,25.79,-560.23,-208.95,-13.77
2461,-5.79,-569.5,-213.99,-18.1
2462,3.9,-569.49,-207.59,-24.97
2463,-2.08,-563.17,-209.13,-19.05
2464,-12.82,-562.06,-207.74,-16.22
2465,-15.92,-570.65,-213.84,-15.1
2466,-31.96,-559.87,-209.3,-16.09
2467,-16.48,-539.38,-207.24,-17.43
2468,4.89,-578.71,-204.67,-15.7
2469,-18.98,-549.11,-207.64,-22.71
2470,5.91,-540.25,-199.78,-23.81
2471,-17.56,-560.42,-194.33,-19.33
2472,-52.24,-592.72,-198.13,-17.52
2473,39.43,-534.59,-208.19,-24.47
2474,-0.24,-564.71,-207.31,-27.52
2475,-19.08,-560.59,-203.61,-26.97
2476,-44.6,-532.67,-204.06,-28.57
2477,-1.8,-523.52,-197.14,-33.42
2478,10.42,-554.04,-206.09,-30.08
2479,14.25,-521.3,-196.69,-23.78
2480,-14.72,-585.28,-201.6,-21.64
2481,-0.05,-584.71,-204.99,-18.85
2482,-3.96,-564.56,-208.52,-23.07
2483,-1.1,-554.3,-201.38,-22.96
2484,-7.33,-557.2,-199.82,-21.46
2485,-12.75,-555.94,-199.07,-24.44
2486,-16.2,-543.88,-196.73,-22.31
2487,-65.26,-543.72,-195.71,-22.32
2488,-75.14,-566.21,-191.16,-19.3
2489,44.65,-556.31,-193.52,-34.41
2490,23.5,-508.44,-201.38,-29.3
2491,-6.72,-484.83,-196.95,-37.23
2492,16.72,-582.41,-189.6,-36.45
2493,-1.81,-575.07,-193.66,-26.66
2494,-7.29,-569.96,-194.05,-24.69
2495,-3.79,-560.45,-194.35,-22.95
2496,-12.81,-559.35,-188.09,-17.9
2497,-4.8,-553.3,-190.11,-24.75
2498,-17.96,-540.57,-187.84,-28.44
2499,-30.7,-560.44,-187.85,-20.29
2500,-19.25,-566.4,-193.29,-20.04
2501,-46.01,-551.95,-191.75,-19.02
2502,4.5,-558.82,-200.84,-18.35
2503,29.78,-541.95,-202.92,-16.17
2504,2.94,-546.29,-199.56,-19.28
2505,-6.33,-565.48,-200.98,-13.35
2506,-11.39,-552.88,-199.92,-13.41
2507,-17.81,-554.57,-200.38,-16.79
2508,-16.33,-556.04,-200.91,-16.64
2509,1.16,-546.73,-199.28,-14.36
2510,3.46,-562.04,-196.79,-16.48
2511,-6.01,-559.61,-197.19,-19.22
2512,-7.71,-557.19,-197.76,-23.94
2513,-17.13,-534.58,-194.02,-23.43
2514,-15.88,-518.06,-193.7,-23.2
2515,-18.62,-548.57,-197.23,-28.79
2516,-54.33,-562.7,-192.66,-25.4
2517,34.7,-580.91,-194.72,-23.97
2518,6.24,-545.91,-197.78,-25.49
2519,-15.94,-561.27,-195.41,-26.53
2520,-31.06,-573.18,-190.56,-23.85
2521,-25.95,-554.32,-196.36,-32.74
2522,-53.07,-549.51,-189.19,-22.73
2523,30.58,-558.32,-199.26,-27.53
2524,-18.18,-524.35,-197.99,-25.42
2525,20.23,-534.62,-192.32,-23.62
2526,-35.94,-570.15,-191.75,-18.8
2527,11.33,-532.37,-198.31,-25.19
2528,-7.65,-528.86,-191.21,-25.4
2529,-22.36,-573.63,-200.11,-28.66
2530,19.39,-549.62,-199.96,-30.73
2531,-13.15,-540.2,-198.29,-42.1
2532,12.03,-553.05,-195.85,-34.94
2533,-17.88,-560.19,-191.54,-25.26
2534,-73.49,-541.14,-190.68,-30.0
2535,34.94,-560.31,-192.85,-29.01
2536,-25.92,-550.77,-188.82,-26.6
2537,-14.82,-533.7,-193.65,-33.86
2538,-50.01,-511.98,-195.92,-29.74
2539,46.69,-536.3,-197.64,-27.41
2540,-1.21,-567.47,-195.91,-22.63
2541,-15.43,-543.47,-186.59,-17.95
2542,-8.53,-535.77,-193.3,-21.06
2543,-12.56,-585.44,-196.02,-27.53
2544,-15.61,-567.11,-191.64,-25.72
2545,-29.65,-564.66,-189.44,-27.64
2546,-22.79,-550.45,-193.64,-29.67
2547,-18.08,-540.98,-200.11,-29.27
2548,-2.88,-539.35,-196.57,-33.93
2549,0.24,-573.25,-194.75,-25.2
2550,-11.34,-547.33,-199.12,-27.24
2551,-27.81,-549.45,-198.01,-28.69
2552,-15.19,-555.72,-198.12,-28.87
2553,-25.48,-541.88,-200.49,-25.68
2554,-14.0,-549.0,-201.99,-30.31
2555,29.28,-551.01,-204.06,-28.98
2556,-3.02,-535.7,-195.99,-28.99
2557,-16.24,-537.79,-197.67,-23.09
2558,-17.75,-557.7,-197.78,-22.85
2559,6.5,-518.62,-194.29,-21.87
2560,-11.35,-566.52,-196.01,-27.08
2561,-27.89,-557.06,-189.9,-19.68
2562,2.9,-528.77,-191.8,-29.4
2563,-18.93,-559.33,-196.91,-23.6
2564,23.13,-545.69,-193.09,-28.07
2565,-14.24,-548.11,-198.58,-27.31
2566,-16.28,-529.16,-197.61,-32.9
2567,29.82,-532.47,-193.75,-26.06
2568,-18.41,-539.62,-192.02,-23.76
2569,-4.04,-534.43,-190.28,-38.27
2570,-11.06,-547.56,-188.59,-40.65
2571,-3.05,-564.08,-195.35,-43.0
2572,-16.96,-561.16,-190.28,-35.95
2573,-8.05,-524.91,-193.34,-32.64
2574,-28.59,-558.49,-198.89,-34.16
2575,-8.2,-550.26,-197.75,-32.42
2576,-5.98,-546.95,-202.98,-38.77
2577,13.22,-524.25,-189.5,-34.26
2578,-8.73,-524.3,-189.71,-16.27
2579,-5.4,-565.43,-189.11,-15.8
2580,-48.51,-564.96,-185.33,-25.76
2581,-51.56,-550.63,-192.48,-28.88
2582,44.79,-545.53,-191.95,-23.12
2583,-20.03,-560.91,-193.48,-14.1
2584,24.31,-536.58,-197.32,-24.22
2585,-3.24,-542.98,-194.42,-21.75
2586,21.89,-526.37,-191.11,-12.12
2587,-31.75,-562.14,-195.24,-15.71
2588,-14.04,-530.52,-193.52,-16.79
2589,-16.5,-536.22,-188.6,-15.7
2590,13.42,-538.85,-198.89,-20.32
2591,2.93,-538.4,-194.29,-17.26
2592,-30.28,-524.34,-197.96,-22.42
2593,31.18,-514.04,-197.57,-23.25
2594,-1.49,-558.59,-195.54,-13.95
2595,6.25,-563.19,-203.18,-18.75
2596,-34.6,-558.94,-198.22,-22.29
2597,-45.86,-549.73,-190.74,-20.67
2598,-8.25,-548.26,-190.51,-21.27
2599,11.32,-504.91,-197.09,-21.68
2600,24.45,-530.7,-195.77,-16.54
2601,-1.29,-558.49,-199.45,-16.29
2602,-14.41,-557.13,-197.03,-14.51
2603,-2.4,-543.43,-190.57,-17.81
2604,-37.28,-550.98,-181.19,-22.41
2605,-38.92,-519.93,-192.72,-20.05
2606,38.27,-528.27,-194.48,-21.79
2607,29.68,-552.1,-189.62,-16.31
2608,-2.51,-554.03,-185.35,-11.41
2609,-10.55,-534.56,-184.41,-9.64
2610,-5.51,-539.78,-187.06,-11.82
2611,-32.3,-544.83,-192.34,-16.51
2612,-27.91,-536.73,-195.84,-13.43
2613,13.99,-513.21,-188.08,-16.49
2614,-23.7,-532.38,-192.86,-23.7
2615,3.27,-528.46,-188.09,-19.19
2616,10.51,-542.95,-188.05,-11.96
2617,-14.13,-510.03,-193.39,-17.56
2618,-44.91,-533.54,-200.18,-16.81
2619,43.48,-561.44,-196.88,-19.24
2620,-11.17,-565.93,-191.98,-9.07
2621,-3.12,-550.34,-195.09,-20.3
2622,-74.86,-545.05,-191.84,-8.67
2623,34.13,-531.15,-198.32,-11.41
2624,13.06,-544.31,-194.33,-18.79
2625,0.62,-535.78,-192.25,-18.65
2626,-8.49,-522.56,-186.69,-17.05
2627,-39.35,-541.92,-185.67,-19.14
2628,-30.31,-512.97,-190.88,-17.59
2629,-33.78,-539.56,-193.62,-17.76
2630,72.98,-550.35,-184.52,-16.92
2631,4.2,-545.58,-180.53,-17.11
2632,-4.67,-549.44,-186.37,-20.25
2633,3.84,-540.1,-184.4,-19.68
2634,-49.82,-532.39,-185.65,-19.8
2635,-49.3,-506.89,-181.79,-12.4
2636,46.31,-551.01,-190.52,-17.25
2637,-9.18,-546.46,-193.35,-20.54
2638,-28.74,-543.24,-186.49,-12.47
2639,23.27,-546.31,-187.1,-10.27
2640,11.7,-520.64,-190.5,-13.75
2641,-10.7,-511.34,-192.63,-12.36
2642,-18.28,-536.07,-189.91,-9.71
2643,-0.91,-543.41,-185.59,-3.64
2644,-11.73,-550.65,-189.93,-5.94
2645,-7.66,-559.05,-192.95,-6.95
2646,-44.46,-543.1,-188.24,-10.71
2647,-26.72,-535.61,-190.34,-4.12
2648,32.02,-540.77,-201.3,-12.85
2649,3.36,-516.37,-191.11,-15.11
2650,0.15,-499.28,-186.84,-14.07
2651,-12.61,-565.22,-191.99,-6.73
2652,-68.58,-527.34,-189.07,-8.74
2653,15.5,-552.43,-181.92,-2.0
2654,-46.15,-554.64,-186.89,-3.46
2655,-10.34,-528.45,-185.4,-1.7
2656,32.21,-521.81,-179.89,1.93
2657,25.36,-518.39,-189.23,-10.48
2658,-13.6,-550.0,-185.9,-15.53
2659,0.13,-525.36,-186.5,-15.0
2660,1.49,-501.08,-186.22,-17.29
2661,-12.09,-574.3,-181.63,-10.5
2662,-23.47,-542.8,-180.52,-4.27
2663,-17.61,-555.05,-189.91,-3.9
2664,-70.3,-548.09,-184.74,-11.29
2665,-11.02,-536.54,-182.78,-11.64
2666,33.43,-539.17,-187.98,-7.87
2667,1.46,-532.84,-187.11,-9.44
2668,-4.35,-537.4,-186.57,-7.12
2669,-17.66,-546.1,-194.86,-9.25
2670,-49.92,-539.03,-185.44,-14.01
2671,-31.1,-539.22,-181.78,-9.59
2672,-23.25,-534.52,-187.7,-16.98
2673,55.31,-510.79,-189.82,-18.31
2674,8.29,-528.19,-195.8,-17.51
2675,-15.51,-540.64,-192.82,-22.17
2676,18.51,-522.15,-196.72,-20.23
2677,0.85,-530.67,-190.95,-15.89
2678,-9.95,-534.51,-197.89,-19.13
2679,-54.0,-526.46,-190.41,-21.12
2680,7.06,-554.72,-190.72,-15.01
2681,8.53,-559.57,-188.99,-13.44
2682,-17.47,-548.63,-183.19,-17.54
2683,-23.83,-533.65,-192.72,-24.52
2684,-6.72,-530.91,-191.85,-27.81
2685,1.33,-538.1,-192.25,-25.98
2686,-22.44,-535.56,-185.81,-25.7
2687,-48.38,-530.54,-184.3,-24.07
2688,27.67,-472.24,-197.58,-24.96
2689,-7.02,-534.53,-196.01,-24.26
2690,-1.67,-562.27,-186.16,-18.1
2691,-1.83,-540.81,-181.31,-19.48
2692,-1.7,-535.41,-187.19,-20.75
2693,-8.1,-526.81,-185.46,-26.31
2694,-8.5,-532.36,-191.1,-24.5
2695,-36.41,-527.24,-182.42,-15.76
2696,-87.92,-532.98,-176.67,-9.87
2697,-25.23,-517.24,-187.64,-16.65
2698,65.73,-501.83,-193.24,-20.06
2699,17.92,-523.03,-183.49,-17.9
2700,-12.75,-509.75,-179.31,-17.22
2701,-34.86,-542.02,-184.49,-16.55
2702,23.57,-537.22,-184.25,-14.26
2703,-15.71,-543.06,-187.21,-20.93
2704,-15.92,-543.7,-183.46,-22.11
2705,-17.96,-542.06,-182.99,-21.34
2706,-27.01,-536.76,-177.35,-20.14
2707,-38.89,-519.72,-181.15,-17.88
2708,-18.41,-526.38,-184.23,-24.13
2709,30.35,-511.5,-187.73,-22.72
2710,-0.35,-540.95,-186.06,-22.03
2711,-7.29,-546.18,-182.02,-17.9
2712,-10.88,-539.91,-174.48,-14.37
2713,-13.64,-529.14,-177.76,-15.44
2714,-21.5,-533.57,-177.93,-18.05
2715,-33.21,-536.52,-182.31,-14.26
2716,-64.82,-536.11,-179.35,-13.62
2717,27.31,-513.54,-181.96,-17.54
2718,15.26,-511.38,-183.72,-19.39
2719,1.94,-525.33,-178.59,-14.05
2720,-14.49,-534.46,-178.76,-16.53
2721,-0.91,-527.2,-184.95,-20.97
2722,-36.63,-544.22,-175.21,-9.84
2723,-15.15,-541.31,-170.72,-3.84
2724,-21.12,-506.72,-179.94,-9.27
2725,24.46,-518.78,-181.28,-13.33
2726,-18.4,-513.22,-176.67,-13.05
2727,-27.93,-562.83,-174.67,-12.8
2728,-15.82,-562.99,-182.47,-17.41
2729,-7.42,-538.26,-177.92,-12.92
2730,0.59,-535.72,-174.86,-15.74
2731,11.28,-532.66,-178.38,-16.93
2732,-16.39,-487.85,-179.8,-13.59
2733,-27.65,-542.51,-173.38,-9.58
2734,3.21,-505.78,-177.09,-11.57
2735,28.08,-536.97,-182.88,-14.35
2736,-15.55,-553.51,-178.28,-11.68
2737,-23.57,-549.5,-177.33,-11.35
2738,-14.05,-529.27,-176.63,-14.87
2739,-24.76,-531.77,-180.37,-14.99
2740,-12.39,-522.28,-187.72,-20.15
2741,-49.05,-546.92,-183.12,-6.79
2742,6.69,-507.96,-179.43,-9.77
2743,-17.61,-526.51,-185.25,-20.06
2744,-6.36,-538.62,-182.16,-10.64
2745,-12.17,-476.79,-179.18,-11.55
2746,8.97,-523.21,-183.03,-17.77
2747,-23.77,-562.68,-172.88,-13.33
2748,-1.47,-526.11,-176.35,-10.51
2749,13.25,-527.18,-181.87,-15.05
2750,10.51,-497.8,-181.12,-18.81
2751,-30.72,-558.71,-180.27,-12.41
2752,-12.98,-536.46,-177.07,-12.14
2753,-14.59,-521.9,-176.3,-20.65
2754,-35.9,-539.04,-167.59,-14.68
2755,-31.93,-524.39,-175.87,-14.29
2756,9.04,-509.56,-176.12,-21.62
2757,-23.48,-529.28,-179.2,-14.64
2758,-5.57,-500.57,-182.19,-22.88
2759,-19.21,-506.68,-176.84,-22.38
2760,-7.11,-501.07,-178.45,-17.35
2761,-8.87,-547.95,-174.17,-18.6
2762,-54.05,-544.14,-171.94,-14.6
2763,21.51,-510.46,-175.26,-19.77
2764,14.61,-526.64,-181.3,-23.44
2765,-9.64,-535.81,-180.44,-18.78
2766,-11.36,-525.98,-170.74,-13.7
2767,-13.26,-529.49,-179.15,-17.81
2768,-31.77,-510.37,-179.24,-12.46
2769,20.57,-514.35,-181.72,-10.4
2770,-13.38,-517.75,-179.95,-9.43
2771,-12.45,-534.91,-184.21,-11.77
2772,-14.21,-530.13,-177.88,-15.2
2773,-18.23,-539.53,-172.6,-15.31
2774,-24.3,-537.57,-172.22,-14.36
2775,-3.25,-530.17,-176.91,-12.01
2776,-10.65,-523.42,-177.64,-14.21
2777,-16.29,-495.65,-171.05,-2.05
2778,-50.93,-520.56,-173.94,-2.97
2779,-53.72,-533.76,-166.42,-3.75
2780,27.41,-549.2,-169.36,-13.31
2781,25.58,-533.37,-181.03,-13.4
2782,2.48,-522.93,-179.72,-5.38
2783,-12.93,-513.95,-174.41,-9.25
2784,-37.48,-533.05,-181.7,-10.9
2785,17.53,-485.18,-180.22,-11.37
2786,-6.07,-536.66,-166.08,-2.71
2787,-1.97,-535.45,-172.55,-4.33
2788,-22.25,-510.41,-176.45,-3.12
2789,-4.6,-532.34,-174.29,-2.71
2790,-10.41,-531.85,-174.65,-2.36
2791,-15.52,-541.1,-177.32,-6.44
2792,1.59,-522.41,-172.64,-12.1
2793,-32.23,-516.75,-174.64,-12.08
2794,-29.44,-527.1,-174.71,-8.77
2795,-34.55,-533.37,-174.72,-7.54
2796,-8.92,-544.95,-178.54,-17.72
2797,-21.09,-525.11,-173.29,-21.81
2798,17.23,-525.5,-177.1,-17.6
2799,1.69,-519.86,-171.88,-13.05
2800,-10.12,-513.25,-179.1,-14.29
2801,-21.01,-530.36,-173.11,-11.38
2802,-22.97,-513.92,-172.16,-13.84
2803,3.74,-480.24,-171.29,-16.49
2804,4.98,-514.15,-177.85,-14.35
2805,-23.6,-549.51,-172.76,-13.24
2806,-70.35,-537.41,-167.21,-3.15
2807,28.6,-506.76,-172.83,-6.64
2808,23.63,-530.87,-182.62,-8.35
2809,-2.23,-537.87,-176.43,-3.05
2810,-21.52,-544.27,-181.5,-4.03
2811,-6.12,-539.31,-175.16,-7.28
2812,2.59,-532.46,-178.22,-8.93
2813,-10.35,-524.87,-178.12,-17.52
2814,-24.45,-529.49,-175.91,-13.16
2815,-4.23,-528.93,-173.9,-12.89
2816,-8.48,-519.41,-173.39,-10.27
2817,-14.81,-512.58,-169.31,-12.91
2818,-21.35,-532.93,-176.58,-9.82
2819,-28.38,-528.53,-173.92,-12.96
2820,-8.46,-522.05,-175.2,-9.26
2821,-0.7,-524.72,-173.93,-12.67
2822,-40.03,-520.75,-175.42,-8.62
2823,12.73,-506.36,-181.15,-15.18
2824,-18.67,-522.12,-177.87,-9.72
2825,-17.05,-465.17,-180.38,-14.32
2826,25.03,-500.73,-187.6,-19.01
2827,0.22,-542.66,-183.66,-10.23
2828,-15.57,-553.91,-179.18,-5.79
2829,-13.44,-501.97,-182.37,-9.25
2830,-28.14,-520.72,-170.47,-9.37
2831,-64.78,-531.91,-174.04,-15.6
2832,29.17,-529.67,-177.46,-11.05
2833,7.1,-521.72,-174.29,-9.86
2834,0.78,-521.37,-170.75,-7.24
2835,-1.85,-516.41,-169.35,-4.67
2836,-6.54,-509.38,-174.67,-10.63
2837,-33.81,-512.53,-174.94,-9.58
2838,-28.62,-520.34,-174.77,-7.88
2839,17.71,-513.12,-173.15,-12.5
2840,-24.52,-508.07,-170.34,-11.88
2841,2.97,-488.23,-175.89,-8.97
2842,-21.78,-519.68,-173.02,-8.31
2843,7.59,-517.87,-177.21,-8.71
2844,-6.29,-518.42,-174.77,-6.07
2845,-8.19,-511.02,-175.9,-4.18
2846,-38.38,-524.11,-168.57,-6.92
2847,-1.98,-525.61,-170.83,-11.8
2848,-23.88,-527.13,-176.54,-5.77
2849,-1.62,-508.8,-173.38,-8.74
2850,-25.43,-504.47,-175.82,-8.97
2851,-11.36,-484.95,-175.14,-4.64
2852,-15.58,-505.81,-175.63,-6.27
2853,-87.72,-502.14,-171.75,-9.67
2854,71.8,-545.46,-179.89,-7.91
2855,4.07,-538.38,-175.98,-1.85
2856,-0.67,-526.84,-178.3,-7.96
2857,-6.96,-535.91,-176.3,-16.92
2858,-10.11,-530.92,-176.44,-15.82
2859,-25.35,-523.25,-170.1,-17.67
2860,-13.56,-500.0,-175.97,-23.56
2861,14.15,-519.65,-178.15,-19.76
2862,-4.51,-518.21,-179.69,-11.8
2863,0.36,-517.05,-179.81,-20.27
2864,0.81,-522.57,-182.16,-22.64
2865,-31.1,-539.29,-178.54,-14.55
2866,-1.11,-523.56,-175.83,-7.22
2867,-41.46,-523.27,-166.36,-10.09
2868,-35.3,-482.94,-173.28,-2.14
2869,49.69,-484.56,-175.98,-12.29
2870,-0.1,-559.72,-177.36,-15.51
2871,3.03,-548.92,-175.05,-20.69
2872,-9.36,-519.64,-174.49,-18.62
2873,-19.28,-500.65,-170.47,-21.21
2874,8.09,-519.04,-173.14,-21.3
2875,0.56,-523.78,-167.37,-19.76
2876,-3.78,-499.32,-168.91,-23.36
2877,-6.4,-536.79,-167.91,-11.93
2878,-16.68,-543.03,-169.8,-13.12
2879,-12.99,-517.08,-169.91,-16.03
2880,-16.66,-511.41,-167.98,-14.93
2881,-0.7,-508.02,-165.39,-5.7
2882,-9.41,-514.59,-160.41,-12.24
2883,-74.84,-531.58,-157.68,-12.03
2884,48.46,-493.46,-166.62,-16.21
2885,-20.56,-481.21,-167.82,-17.54
2886,-6.18,-547.81,-174.01,-15.96
2887,17.79,-531.05,-171.03,-14.95
2888,-4.02,-528.17,-162.21,-13.43
2889,-20.6,-513.71,-162.18,-16.08
2890,-3.42,-489.52,-174.72,-17.69
2891,-19.42,-502.0,-172.15,-21.71
2892,21.87,-488.97,-168.37,-24.99
2893,-33.6,-522.44,-166.84,-21.4
2894,-36.16,-521.28,-162.59,-10.57
2895,1.77,-525.35,-164.72,-14.91
2896,-1.16,-533.76,-160.23,-8.71
2897,8.92,-520.7,-159.19,-3.3
2898,-11.66,-500.89,-160.44,-2.27
2899,-0.45,-491.02,-162.88,-7.03
2900,7.93,-541.14,-162.49,-5.1
2901,0.75,-529.87,-164.93,1.14
2902,-8.01,-523.61,-171.24,1.66
2903,-16.91,-502.51,-164.53,-0.24
2904,-2.08,-514.67,-163.43,5.65
2905,-12.47,-524.17,-167.7,0.14
2906,-36.64,-502.84,-169.44,0.03
2907,-4.52,-476.62,-172.71,0.83
2908,10.14,-495.05,-169.79,-6.6
2909,-16.43,-516.96,-166.1,3.47
2910,-10.56,-545.42,-167.18,-0.53
2911,-27.53,-526.33,-165.11,6.3
2912,-17.52,-491.87,-167.84,3.29
2913,7.4,-527.63,-163.09,0.67
2914,0.62,-505.93,-169.44,-2.09
2915,9.94,-509.3,-169.83,-10.79
2916,-7.1,-509.55,-162.51,-8.99
2917,-15.64,-517.83,-161.62,-13.39
2918,-6.0,-518.73,-166.37,-11.99
2919,-16.32,-505.63,-168.13,-15.28
2920,-4.2,-475.57,-163.32,-16.79
2921,-13.88,-528.91,-163.81,-14.61
2922,-56.99,-492.89,-153.75,-20.13
2923,31.0,-468.73,-169.68,-23.64
2924,-15.08,-553.67,-153.16,-3.61
2925,-28.14,-540.9,-162.91,-11.74
2926,22.68,-503.01,-160.93,-14.7
2927,25.64,-506.97,-163.16,-8.31
2928,-2.07,-513.67,-164.83,-10.19
2929,-4.43,-518.34,-160.5,-9.95
2930,-13.7,-517.79,-168.53,-10.86
2931,-16.45,-519.81,-167.83,-9.44
2932,-10.33,-508.33,-172.35,-15.61
2933,-9.49,-510.65,-178.11,-14.48
2934,-14.93,-525.66,-164.5,-11.48
2935,-14.91,-523.88,-162.69,-14.91
2936,-18.4,-503.21,-158.47,-17.09
2937,-17.41,-513.74,-164.67,-11.66
2938,-5.36,-523.18,-165.4,-5.79
2939,-37.97,-505.08,-158.56,-3.8
2940,13.44,-489.88,-159.68,-3.76
2941,-25.52,-528.54,-156.35,-4.39
2942,40.56,-512.51,-157.68,-2.63
2943,-5.36,-509.04,-167.07,0.04
2944,-2.59,-515.91,-160.67,-8.39
2945,-5.13,-544.7,-155.78,-7.3
2946,-12.08,-525.44,-160.39,-3.97
2947,-4.32,-508.72,-165.38,-10.8
2948,-50.44,-488.27,-167.62,-6.23
2949,10.09,-520.96,-165.76,-3.85
2950,7.83,-532.74,-162.09,-4.09
2951,3.11,-515.4,-165.93,-2.35
2952,5.39,-496.23,-164.56,-2.48
2953,-33.97,-520.08,-157.93,-3.14
2954,-34.34,-500.87,-162.29,-8.93
2955,-1.24,-493.59,-168.12,-3.62
2956,12.62,-521.2,-161.64,-3.0
2957,3.86,-522.88,-162.93,2.07
2958,13.06,-491.06,-165.49,-4.06
2959,6.8,-519.31,-165.02,-6.27
2960,-8.14,-511.45,-163.26,-10.02
2961,-20.27,-535.27,-168.3,-7.8
2962,-15.7,-522.93,-161.9,-0.49
2963,-29.06,-497.86,-162.23,-2.25
2964,-39.77,-500.32,-166.93,-1.76
2965,26.47,-525.46,-173.14,1.91
2966,-2.44,-512.16,-168.12,5.31
2967,-26.84,-524.68,-157.94,6.79
2968,-32.96,-520.31,-162.98,3.79
2969,-36.01,-473.77,-165.58,-1.97
2970,51.96,-496.2,-176.16,-5.87
2971,-7.97,-524.38,-167.48,5.34
2972,11.17,-505.16,-161.42,4.69
2973,-14.16,-534.14,-164.26,11.99
2974,-13.27,-535.95,-166.47,2.5
2975,-21.37,-506.3,-171.17,-4.55
2976,-39.79,-499.18,-160.21,-0.49
2977,-27.98,-506.49,-170.09,-3.34
2978,32.94,-504.9,-173.76,-4.11
2979,17.6,-447.71,-166.05,-7.84
2980,-10.67,-540.98,-171.84,1.78
2981,-24.65,-545.52,-161.13,6.28
2982,-13.14,-515.95,-161.02,5.18
2983,-13.84,-513.66,-158.14,5.64
2984,-21.55,-521.55,-164.28,2.59
2985,-75.47,-523.31,-151.43,10.97
2986,-17.94,-492.83,-169.48,4.33
2987,26.52,-492.83,-170.77,1.93
2988,29.16,-486.45,-172.94,-2.8
2989,-20.85,-506.18,-162.77,0.3
2990,14.13,-512.35,-165.43,3.13
2991,7.87,-520.48,-165.16,3.1
2992,-2.2,-524.16,-166.84,3.51
2993,-19.64,-516.1,-161.68,-2.6
2994,-22.38,-516.18,-163.67,-7.51
2995,-7.74,-505.14,-163.33,-3.82
2996,-77.57,-497.25,-166.16,-9.16
2997,27.76,-461.37,-163.11,-4.97
2998,19.73,-503.68,-167.31,-1.48
2999,2.25,-543.66,-164.03,2.81
