,ch1,ch2,ch3,ch4
0,-8.99,-462.29,-126.67,-12.82
1,-19.86,-444.4,-126.96,11.36
2,-35.3,-429.26,-44.31,48.16
3,-6.98,-498.9,-86.98,42.14
4,-2.03,-464.84,-82.67,24.97
5,-3.16,-441.15,-99.99,9.72
6,-17.53,-544.87,-98.16,41.84
7,-9.76,-456.31,-97.26,28.31
8,-33.35,-515.8,-92.33,39.05
9,23.47,-304.18,-103.1,25.09
10,9.89,-424.38,-122.84,-21.35
11,-28.3,-495.31,-97.14,34.94
12,-31.83,-573.65,-91.8,39.81
13,41.5,-248.75,-105.3,2.25
14,-43.97,-650.09,-89.56,38.56
15,-4.59,-332.7,-98.48,17.74
16,-23.0,-507.75,-102.68,30.9
17,-23.1,-583.06,-104.98,27.36
18,-26.79,-517.53,-43.56,71.86
19,-27.69,-491.74,-108.25,50.48
20,-24.2,-500.33,-93.55,5.88
21,-8.19,-421.72,-111.7,7.96
22,-13.27,-527.28,-200.47,-22.5
23,-5.77,-535.17,-122.58,15.51
24,-37.08,-480.28,-104.19,46.05
25,-13.31,-318.07,-58.48,26.09
26,-4.24,-582.68,-96.8,15.93
27,-8.87,-481.48,-93.99,26.33
28,-12.38,-475.87,-110.2,29.24
29,-26.41,-525.62,-92.03,38.75
30,-36.32,-595.76,-112.07,43.67
31,9.43,-266.25,-106.04,11.92
32,-4.76,-361.4,-105.76,38.88
33,-24.66,-579.22,-107.95,34.11
34,-10.28,-479.9,-112.14,13.2
35,-22.04,-615.19,-110.17,25.01
36,-9.26,-406.79,-101.72,35.01
37,1.49,-352.23,-116.0,37.44
38,-11.09,-427.14,-94.67,51.4
39,-16.3,-416.56,-109.51,10.8
40,-14.5,-541.02,-80.03,-8.28
41,5.37,-465.91,-107.36,71.67
42,-6.3,-473.82,-118.51,23.52
43,-41.94,-591.65,-142.21,31.09
44,-17.11,-406.41,-183.65,18.24
45,-13.97,-499.45,-65.12,27.47
46,-8.98,-443.18,-189.76,60.42
47,-8.86,-445.2,-107.63,-9.73
48,-2.17,-479.56,-99.46,13.96
49,-16.8,-504.08,-92.04,9.55
50,-7.25,-459.13,-105.12,2.67
51,-6.75,-378.0,-94.56,15.11
52,-15.75,-434.82,-96.94,48.64
53,-20.32,-564.37,-116.42,42.76
54,7.06,-460.67,-124.12,-38.57
55,-34.54,-447.98,-102.05,76.42
56,-19.3,-517.67,-89.83,28.13
57,-20.81,-497.9,-86.45,48.13
58,4.48,-409.87,-103.32,2.59
59,0.54,-410.69,-114.58,22.54
60,-28.11,-596.2,-100.39,44.23
61,-17.63,-465.37,-105.03,18.45
62,-15.49,-357.89,-108.48,-8.23
63,-19.5,-543.7,-129.37,-15.78
64,-16.38,-493.2,-100.51,69.63
65,-12.58,-392.61,-104.68,54.41
66,-21.5,-555.4,-108.11,10.95
67,-1.49,-379.6,-112.63,35.56
68,-8.04,-489.08,-116.32,22.67
69,-0.86,-421.49,-124.06,-17.93
70,-9.09,-422.99,-172.81,-10.85
71,-11.7,-512.25,-107.91,75.02
72,-19.31,-572.24,-135.87,-9.5
73,-23.17,-498.43,-87.72,54.24
74,-18.94,-499.88,-87.5,26.0
75,-27.98,-490.33,-103.25,14.76
76,-10.75,-415.13,-94.23,40.85
77,-8.19,-442.41,-106.46,7.23
78,-8.6,-314.93,-118.94,-14.85
79,1.85,-396.69,-87.04,93.68
80,-21.42,-523.78,-124.21,-29.25
81,-19.99,-531.63,-138.02,88.4
82,-25.13,-504.34,-92.7,-16.12
83,-10.91,-398.74,-98.54,51.55
84,-18.85,-546.2,-97.59,20.52
85,-22.71,-495.74,-95.28,25.71
86,-20.19,-479.92,-105.24,18.37
87,-18.04,-433.77,-113.44,13.6
88,-11.13,-567.39,-115.52,21.13
89,-2.27,-462.84,-122.09,-8.1
90,-9.15,-416.56,-154.53,-18.85
91,-18.67,-384.56,-74.76,41.35
92,-15.83,-362.39,-83.16,52.53
93,-7.74,-467.65,-108.08,48.87
94,-26.01,-516.95,-106.93,35.53
95,-13.98,-493.03,-103.15,21.74
96,20.82,-446.44,-131.64,-33.32
97,-1.07,-398.76,-92.69,44.94
98,-39.92,-563.48,-112.0,48.28
99,-23.61,-495.79,-138.89,11.16
100,-12.38,-518.38,-91.77,1.28
101,-14.66,-511.45,-120.97,21.92
102,-0.98,-391.4,-104.07,18.83
103,-2.11,-357.67,-120.04,13.02
104,-7.43,-406.37,-109.7,23.86
105,-26.01,-499.37,-101.92,18.61
106,-22.1,-556.64,-110.53,43.74
107,-2.95,-468.23,-112.62,27.47
108,-18.05,-477.67,-110.24,25.31
109,-30.66,-478.39,-103.86,23.36
110,-16.87,-487.41,-109.12,9.25
111,-0.65,-538.18,-127.18,-7.03
112,-13.97,-420.46,-109.47,31.45
113,-21.02,-448.14,-102.33,21.67
114,-10.51,-474.91,-106.71,40.47
115,-5.44,-452.16,-110.98,21.61
116,-19.0,-458.66,-112.11,1.22
117,-18.93,-469.76,-109.91,12.09
118,7.09,-429.45,-115.6,4.02
119,-3.32,-354.86,-128.82,18.58
120,-11.68,-537.03,-90.45,20.03
121,-15.83,-501.54,-100.22,9.62
122,-5.44,-480.9,-99.42,7.79
123,-20.34,-466.6,-107.88,7.73
124,-14.63,-446.33,-105.56,-2.63
125,-9.52,-498.72,-105.63,10.66
126,-15.34,-509.65,-113.09,6.16
127,3.96,-415.99,-106.37,17.02
128,-5.42,-459.49,-109.96,11.45
129,-9.66,-475.14,-111.13,7.43
130,-13.67,-498.78,-117.44,-3.4
131,-32.94,-426.33,-102.88,7.09
132,-3.79,-544.7,-115.48,10.49
133,-0.06,-451.77,-109.47,10.36
134,-7.2,-423.02,-112.94,11.4
135,-9.82,-453.98,-111.21,8.69
136,-9.91,-447.43,-114.2,2.86
137,-25.95,-464.04,-113.05,7.89
138,-4.13,-427.73,-112.43,2.72
139,-39.6,-417.35,-118.99,-9.04
140,-18.18,-473.8,-115.66,7.04
141,6.52,-396.94,-115.83,7.01
142,-24.34,-522.01,-114.2,5.21
143,-55.9,-477.16,-110.48,2.78
144,-29.67,-471.18,-114.96,-2.33
145,4.19,-450.05,-111.45,-2.33
146,6.27,-342.51,-120.41,-9.58
147,-0.28,-518.98,-118.69,-15.71
148,12.65,-479.18,-107.06,9.79
149,14.45,-478.48,-114.26,-5.28
150,-0.42,-479.31,-118.95,2.63
151,-3.44,-461.01,-119.99,-7.24
152,-6.43,-468.42,-115.23,-5.07
153,-26.34,-472.86,-109.11,1.91
154,-10.16,-471.78,-116.58,-2.22
155,-5.13,-461.39,-116.37,2.37
156,-24.84,-444.8,-118.99,-9.34
157,-41.57,-476.73,-115.28,-2.28
158,-29.57,-486.6,-113.92,-1.87
159,-16.39,-524.67,-113.01,-4.3
160,-4.37,-338.23,-111.11,-6.67
161,-17.76,-429.68,-101.37,1.98
162,-59.47,-434.85,-105.13,2.42
163,-18.94,-458.07,-110.53,-1.43
164,52.94,-549.9,-125.98,-16.5
165,-0.54,-392.56,-110.62,-1.65
166,-14.55,-444.57,-107.72,4.31
167,-4.88,-492.32,-110.73,-2.03
168,-16.48,-437.62,-110.67,-7.24
169,-2.73,-451.19,-108.07,-6.28
170,-31.28,-499.5,-99.8,2.86
171,-24.44,-473.99,-103.73,-8.09
172,-23.94,-481.36,-110.77,-10.65
173,-27.59,-484.54,-112.97,-17.22
174,15.85,-419.24,-116.02,-17.31
175,-0.76,-430.88,-105.4,3.55
176,-44.84,-465.62,-103.92,-9.96
177,-30.49,-475.79,-110.1,-5.21
178,20.6,-398.42,-123.43,-33.54
179,22.03,-309.72,-112.89,-4.04
180,-1.11,-451.68,-105.36,-1.49
181,-37.32,-476.93,-100.25,-2.23
182,-25.76,-502.71,-102.05,-3.53
183,-23.5,-487.36,-113.04,-8.58
184,-28.57,-464.21,-104.94,-12.95
185,-5.63,-467.12,-102.49,-8.5
186,-33.98,-495.25,-101.09,-9.25
187,-44.44,-463.92,-111.55,-12.24
188,3.98,-447.82,-97.53,-9.95
189,-35.93,-462.13,-99.55,-14.66
190,8.95,-443.79,-111.47,-13.5
191,-31.86,-458.33,-108.0,-9.07
192,-9.26,-456.94,-108.32,-14.72
193,-2.2,-404.64,-112.54,-12.77
194,-3.12,-497.63,-109.61,-13.75
195,-8.91,-465.08,-115.98,-13.97
196,-7.14,-443.7,-109.74,-12.73
197,-39.82,-457.2,-109.8,-12.75
198,-25.89,-440.55,-106.53,-16.25
199,-31.8,-460.82,-107.46,-15.94
200,-113.16,-457.43,-107.97,-20.03
201,26.83,-477.09,-106.12,-18.9
202,35.76,-463.15,-108.41,-18.89
203,-60.02,-405.06,-111.89,-20.51
204,-7.47,-431.18,-111.28,-18.16
205,19.38,-459.42,-111.28,-19.79
206,13.18,-426.76,-112.36,-26.81
207,0.3,-453.76,-105.18,-13.71
208,-18.8,-479.28,-112.05,-11.2
209,-27.88,-418.83,-115.75,-13.32
210,23.15,-430.14,-113.13,-17.07
211,-1.8,-494.33,-106.07,-12.17
212,-62.08,-475.86,-106.47,-12.95
213,10.16,-459.87,-106.85,-15.64
214,-20.09,-457.35,-106.85,-15.74
215,-58.19,-439.53,-102.22,-15.38
216,-57.02,-505.2,-101.0,-17.76
217,51.33,-496.49,-107.03,-21.78
218,21.42,-381.33,-104.82,-9.83
219,8.46,-430.4,-105.88,-6.62
220,-34.6,-446.58,-100.42,-8.46
221,12.04,-531.56,-112.29,-23.1
222,17.33,-325.06,-113.34,-19.88
223,-19.02,-459.09,-102.6,-1.61
224,-16.72,-441.95,-110.55,-7.94
225,-10.99,-454.78,-107.54,-12.27
226,-7.01,-460.82,-100.62,-10.83
227,-9.76,-462.49,-100.91,-16.17
228,-14.81,-456.68,-100.26,-10.45
229,-17.97,-462.21,-106.05,-11.83
230,-13.2,-449.8,-101.63,-11.6
231,-23.24,-454.09,-107.1,-7.58
232,-19.52,-450.53,-104.18,-8.34
233,-53.06,-450.11,-102.21,-11.46
234,13.98,-451.85,-112.05,-15.16
235,-18.15,-431.78,-110.65,-11.9
236,7.35,-449.36,-111.08,-12.18
237,-12.71,-465.13,-114.87,-18.82
238,-18.67,-452.83,-98.83,-10.63
239,-40.42,-456.51,-110.01,-14.98
240,32.64,-455.52,-109.79,-13.13
241,3.39,-454.88,-114.94,-16.9
242,-5.86,-464.78,-113.15,-11.79
243,-16.7,-437.09,-109.69,-13.05
244,-51.4,-482.54,-100.11,-8.91
245,-42.43,-419.81,-109.24,-14.92
246,1.62,-459.58,-111.73,-18.06
247,16.84,-522.75,-112.48,-11.26
248,2.82,-416.06,-101.75,-4.44
249,-13.72,-407.19,-102.95,-10.71
250,-65.24,-415.26,-102.8,-7.13
251,6.57,-420.52,-108.23,-15.58
252,-5.1,-448.28,-106.68,-16.64
253,-4.52,-469.97,-106.44,-5.8
254,-45.65,-446.39,-96.25,-6.4
255,-6.9,-448.76,-105.69,-10.17
256,-0.46,-450.46,-101.1,-1.67
257,17.97,-443.94,-107.87,-15.66
258,-28.1,-462.97,-103.55,-7.74
259,-9.45,-452.45,-102.7,-13.07
260,-20.6,-464.07,-105.84,-7.0
261,-20.29,-427.11,-98.08,-9.52
262,23.1,-435.42,-101.71,-17.19
263,-17.78,-478.82,-104.25,-10.33
264,-24.09,-463.98,-102.02,0.52
265,-29.48,-414.55,-94.15,3.94
266,-23.84,-455.63,-94.52,-1.41
267,-21.01,-435.22,-94.53,-0.39
268,-29.42,-420.4,-100.89,3.31
269,-24.47,-464.08,-99.41,9.16
270,-11.2,-456.98,-98.89,-1.28
271,-28.05,-460.04,-96.79,-13.74
272,-2.8,-434.33,-96.3,-4.97
273,-1.77,-454.5,-91.5,-0.34
274,14.63,-469.55,-97.19,-2.07
275,-4.96,-448.35,-98.76,-4.26
276,-3.04,-450.86,-101.61,-17.86
277,-19.48,-454.93,-98.13,-10.23
278,-44.48,-429.41,-93.42,-2.7
279,-6.33,-447.99,-95.94,11.21
280,-9.28,-463.84,-93.37,2.33
281,-23.55,-477.9,-92.32,7.64
282,-19.89,-433.92,-93.3,4.92
283,-10.85,-448.53,-91.43,5.06
284,-18.19,-479.55,-96.87,5.84
285,-67.04,-461.91,-91.44,4.89
286,15.64,-462.53,-96.0,4.66
287,-18.07,-458.02,-91.16,2.73
288,-16.49,-451.36,-101.06,5.58
289,-35.68,-451.71,-91.35,1.5
290,6.03,-465.02,-95.1,0.16
291,-39.77,-460.41,-96.25,9.2
292,-37.68,-469.04,-92.47,2.03
293,11.72,-438.46,-99.36,-0.18
294,-8.44,-459.53,-88.79,5.84
295,-57.2,-457.7,-87.54,6.26
296,8.33,-454.43,-94.3,4.74
297,-23.49,-457.83,-91.32,6.56
298,-21.64,-419.18,-92.68,3.82
299,-9.22,-431.91,-88.51,1.29
300,-58.54,-493.1,-93.6,-0.5
301,-21.5,-473.02,-95.41,-3.66
302,8.46,-460.73,-93.09,2.52
303,-58.04,-473.08,-87.18,0.76
304,-9.73,-420.54,-92.3,0.55
305,4.85,-404.44,-96.11,-1.21
306,-30.35,-494.21,-98.66,1.05
307,-45.9,-459.0,-89.67,-2.64
308,-6.33,-425.45,-89.2,-2.12
309,-18.2,-457.06,-86.43,5.31
310,-63.91,-499.8,-87.59,1.99
311,-21.83,-466.53,-94.75,0.85
312,-49.95,-450.65,-88.36,2.72
313,14.82,-442.39,-100.26,0.63
314,-3.31,-450.77,-92.23,-0.78
315,-11.44,-467.64,-86.22,-0.54
316,-25.31,-458.33,-89.8,-3.94
317,-36.79,-452.74,-91.89,2.26
318,-9.57,-440.23,-88.04,-2.13
319,-9.89,-443.99,-91.87,-2.75
320,-44.7,-440.76,-89.02,-3.48
321,-47.1,-461.71,-80.3,-1.05
322,-38.41,-472.06,-83.84,2.71
323,-17.23,-452.45,-88.09,-0.57
324,-71.48,-428.79,-89.88,-0.44
325,-20.14,-463.77,-87.67,-2.97
326,-14.81,-430.05,-84.7,-0.86
327,0.69,-469.34,-89.92,-0.71
328,4.26,-444.93,-83.57,6.54
329,-13.08,-411.65,-88.52,3.56
330,-12.08,-439.43,-89.82,-0.37
331,-76.23,-477.85,-82.04,13.11
332,-163.95,-405.06,-75.76,14.51
333,61.2,-435.54,-86.01,9.24
334,-122.48,-483.18,-82.82,10.7
335,8.43,-479.67,-74.29,14.95
336,5.6,-390.6,-79.05,16.12
337,-6.67,-472.52,-85.25,10.15
338,19.97,-503.99,-81.62,9.96
339,-10.97,-486.53,-79.81,12.71
340,-16.15,-473.44,-77.05,10.15
341,-25.2,-470.89,-78.43,9.67
342,-101.16,-461.81,-68.76,15.89
343,35.41,-449.43,-83.69,8.75
344,-54.09,-418.19,-78.55,12.8
345,-75.87,-383.68,-69.34,14.72
346,-17.33,-505.04,-71.03,14.16
347,-7.25,-446.64,-74.0,17.42
348,-20.05,-466.55,-80.0,9.45
349,-3.67,-444.06,-76.0,4.87
350,-31.56,-452.16,-74.1,16.2
351,1.38,-459.41,-73.76,16.06
352,-16.91,-429.41,-70.88,13.0
353,-25.57,-452.02,-72.17,8.67
354,-36.03,-465.31,-65.52,28.62
355,-113.26,-456.32,-63.83,24.9
356,-30.27,-438.0,-63.76,14.09
357,-17.51,-425.14,-68.47,19.86
358,61.38,-428.15,-72.25,8.91
359,-32.16,-403.69,-69.39,16.05
360,7.54,-493.63,-71.89,23.34
361,-25.65,-474.37,-60.82,21.74
362,-30.81,-428.51,-70.49,18.7
363,-21.8,-476.22,-71.39,14.73
364,-27.19,-488.55,-69.0,19.97
365,-29.35,-466.62,-69.35,16.94
366,-2.68,-431.44,-73.08,12.7
367,-21.76,-465.08,-72.18,18.43
368,-17.47,-414.15,-67.17,22.04
369,-38.97,-429.16,-73.85,10.64
370,-24.4,-502.99,-66.1,21.43
371,-13.17,-459.32,-64.09,20.88
372,-18.22,-442.62,-64.89,16.98
373,-38.2,-466.81,-59.86,26.25
374,-8.67,-456.18,-61.27,18.73
375,-68.64,-454.94,-57.61,25.11
376,-8.46,-458.97,-57.82,20.09
377,14.31,-437.46,-63.79,13.56
378,-15.66,-430.65,-59.69,17.55
379,-12.75,-421.35,-63.86,20.32
380,-22.73,-449.93,-70.7,17.17
381,-33.12,-444.4,-63.73,20.62
382,-58.77,-404.53,-62.52,20.52
383,28.46,-411.36,-67.13,11.98
384,-7.41,-446.67,-60.24,10.58
385,-44.59,-411.67,-61.66,12.91
386,-11.04,-445.19,-57.83,11.17
387,-20.53,-472.47,-55.96,17.95
388,-25.02,-438.1,-55.0,19.48
389,-53.19,-438.1,-58.16,18.4
390,-13.34,-399.47,-60.04,9.54
391,-1.22,-419.74,-58.29,16.66
392,3.42,-405.54,-69.0,19.89
393,-31.53,-458.39,-64.24,21.84
394,-16.5,-480.12,-65.25,18.08
395,-41.09,-445.35,-64.13,18.81
396,-0.75,-449.55,-60.34,19.86
397,-20.95,-467.76,-61.01,19.71
398,-75.64,-447.5,-46.38,24.31
399,-61.23,-444.64,-49.99,20.56
400,41.36,-450.26,-57.05,14.14
401,5.84,-438.95,-55.57,13.65
402,-29.73,-445.78,-54.59,20.37
403,-5.57,-447.2,-60.0,23.57
404,-22.64,-440.78,-55.43,24.2
405,-46.47,-437.84,-57.36,24.17
406,-12.32,-444.49,-52.3,19.48
407,-10.43,-429.86,-57.07,20.58
408,-27.59,-447.1,-50.67,20.62
409,-19.11,-443.44,-52.04,18.97
410,-16.74,-456.79,-51.14,20.6
411,-20.57,-452.77,-51.2,21.5
412,-49.23,-448.38,-50.41,23.46
413,-33.86,-426.52,-55.71,20.39
414,-27.78,-434.36,-48.3,29.57
415,15.97,-395.15,-50.16,27.58
416,-33.97,-436.93,-53.58,24.62
417,-34.74,-476.44,-49.87,33.56
418,-13.9,-429.24,-62.8,32.03
419,-44.36,-448.06,-50.06,30.96
420,-21.01,-476.06,-50.64,29.38
421,-34.01,-408.46,-53.2,32.29
422,20.29,-426.28,-54.91,25.92
423,1.27,-404.65,-52.14,25.71
424,-26.57,-456.18,-49.75,32.4
425,-42.79,-474.25,-42.39,33.47
426,-32.01,-458.34,-45.73,29.59
427,-15.84,-456.8,-46.42,24.91
428,-14.57,-436.17,-47.67,27.79
429,-19.08,-440.59,-44.15,28.67
430,-55.65,-425.74,-45.41,26.46
431,-4.72,-437.27,-45.89,22.16
432,-53.47,-439.54,-40.11,25.15
433,-5.92,-455.12,-43.57,28.35
434,5.8,-426.41,-46.78,25.45
435,-33.82,-452.77,-49.76,22.74
436,-38.07,-457.53,-52.58,27.84
437,-26.56,-425.25,-43.0,28.33
438,-57.73,-450.56,-38.14,28.4
439,-28.62,-406.4,-38.16,30.67
440,-25.99,-510.64,-42.12,29.34
441,0.17,-433.61,-41.93,26.3
442,-23.49,-428.2,-42.11,28.43
443,-36.63,-454.91,-39.93,33.92
444,-48.21,-419.49,-43.29,24.86
445,-11.44,-396.21,-39.96,29.75
446,-14.78,-450.69,-41.28,29.3
447,-36.87,-484.31,-39.38,27.99
448,-34.91,-432.35,-39.27,29.19
449,-7.27,-458.64,-40.69,30.31
450,-35.67,-462.14,-42.26,32.59
451,-5.42,-412.96,-38.4,29.18
452,-29.83,-459.52,-39.49,32.06
453,-14.01,-451.56,-39.54,30.72
454,-29.97,-446.22,-37.08,30.95
455,-37.68,-443.98,-37.79,34.16
456,-70.18,-447.44,-37.5,36.88
457,-3.51,-436.93,-34.46,38.75
458,-23.77,-409.77,-35.3,39.19
459,-50.68,-418.7,-31.16,35.83
460,-14.69,-442.14,-33.39,33.78
461,-37.87,-431.86,-34.97,36.26
462,-41.31,-434.34,-34.51,35.93
463,-25.35,-410.18,-33.33,26.98
464,-27.84,-431.82,-37.89,31.75
465,-22.37,-433.66,-36.59,31.56
466,-25.58,-470.04,-43.41,39.21
467,-23.63,-448.24,-39.1,38.49
468,-13.9,-414.85,-34.21,31.76
469,-45.89,-432.51,-34.56,34.52
470,-29.39,-447.28,-30.22,37.35
471,-22.82,-428.93,-37.34,37.8
472,-17.58,-430.02,-41.05,33.83
473,-43.7,-412.81,-35.26,36.32
474,-12.27,-444.84,-45.15,33.77
475,-25.06,-439.64,-35.93,40.21
476,-47.44,-430.38,-40.28,34.16
477,-68.68,-417.51,-35.94,34.59
478,18.85,-399.41,-40.25,37.26
479,-17.74,-455.07,-33.86,45.44
480,-52.28,-453.12,-35.8,40.97
481,10.69,-343.26,-40.84,38.78
482,-17.44,-429.38,-41.11,42.47
483,-45.32,-499.88,-33.63,48.9
484,-49.64,-443.44,-35.73,47.66
485,-10.36,-453.7,-35.74,39.86
486,-21.76,-407.59,-35.55,45.18
487,-31.51,-381.88,-38.3,39.48
488,-47.06,-466.08,-26.35,52.38
489,-101.29,-475.33,-28.78,54.34
490,16.96,-438.07,-37.65,49.17
491,-14.59,-471.43,-31.62,49.93
492,-3.89,-424.37,-28.47,52.78
493,-15.74,-412.42,-35.21,45.31
494,-32.04,-450.87,-31.37,51.37
495,-41.59,-452.12,-31.75,54.62
496,-26.99,-450.63,-29.45,43.93
497,-40.9,-450.56,-25.76,48.42
498,-34.31,-430.67,-29.94,54.2
499,-6.54,-375.58,-34.83,42.41
500,-51.47,-431.33,-29.73,48.71
501,-24.02,-478.64,-37.99,43.52
502,-18.91,-417.36,-36.79,42.08
503,-19.0,-316.1,-31.67,46.62
504,-58.01,-501.37,-30.3,46.52
505,-57.67,-473.23,-34.5,49.57
506,12.0,-442.59,-31.13,47.54
507,-16.18,-443.41,-37.2,37.39
508,-61.06,-438.68,-34.63,41.97
509,-30.53,-441.65,-31.87,53.12
510,-3.47,-442.45,-26.82,48.07
511,-19.53,-431.12,-30.55,46.87
512,-32.72,-428.01,-28.51,47.54
513,-11.17,-427.43,-30.72,50.4
514,-32.53,-431.55,-33.13,51.36
515,-27.4,-426.47,-33.59,51.47
516,-25.13,-426.71,-33.03,46.47
517,-27.34,-440.84,-29.78,48.94
518,-76.44,-426.47,-31.2,46.42
519,-44.89,-454.42,-35.45,40.92
520,14.05,-426.0,-42.93,44.87
521,-18.9,-426.84,-39.13,40.15
522,-72.62,-361.51,-34.79,36.28
523,10.33,-432.17,-39.07,47.03
524,-1.62,-463.49,-33.08,51.65
525,-16.45,-438.77,-38.37,47.08
526,-40.27,-445.45,-36.87,45.57
527,-63.09,-446.57,-36.3,46.48
528,9.27,-430.23,-37.19,44.74
529,-11.47,-429.25,-34.71,45.96
530,-38.0,-444.4,-28.48,44.12
531,-47.73,-452.44,-27.24,50.23
532,-6.5,-414.76,-27.98,42.86
533,-21.66,-471.32,-32.1,48.16
534,-21.32,-371.68,-35.82,48.36
535,-69.37,-414.07,-35.23,47.43
536,-39.46,-489.67,-31.78,49.58
537,10.97,-465.32,-39.48,44.17
538,-24.77,-447.54,-37.25,50.01
539,-23.59,-442.02,-31.28,42.78
540,-20.99,-443.55,-33.8,45.58
541,-33.6,-431.43,-32.28,41.8
542,-14.28,-421.78,-33.61,45.89
543,-72.15,-441.21,-37.22,41.76
544,-34.98,-444.92,-40.23,51.05
545,-0.28,-436.47,-33.94,44.78
546,-25.16,-418.13,-38.62,45.95
547,5.47,-447.34,-42.28,49.87
548,-24.94,-425.11,-39.7,44.44
549,-22.26,-422.17,-38.54,41.5
550,-24.13,-416.3,-36.33,41.19
551,-20.8,-381.38,-38.64,44.66
552,-26.12,-481.53,-37.89,45.84
553,-33.12,-471.38,-37.34,46.26
554,-36.98,-467.29,-38.56,46.12
555,-14.62,-432.66,-36.65,44.3
556,-31.25,-450.91,-36.53,43.65
557,-10.12,-452.35,-34.66,42.15
558,-22.04,-425.22,-32.45,41.24
559,-39.72,-433.86,-36.66,41.39
560,-21.46,-473.12,-37.55,44.5
561,-25.72,-429.69,-36.72,41.09
562,-41.85,-428.87,-31.3,43.27
563,-83.34,-446.41,-35.17,41.33
564,48.89,-425.51,-39.65,38.5
565,-1.39,-430.64,-42.37,34.81
566,-17.27,-404.16,-43.35,37.27
567,-32.39,-421.12,-37.18,37.1
568,-22.19,-468.42,-35.18,41.23
569,-18.61,-453.86,-37.86,41.0
570,-68.37,-443.18,-44.84,40.32
571,-102.31,-417.12,-41.54,41.16
572,44.53,-381.43,-50.45,38.01
573,24.19,-448.17,-45.7,38.68
574,-11.55,-478.73,-46.24,39.97
575,-28.36,-450.27,-38.31,40.0
576,-23.86,-463.42,-40.73,42.01
577,-26.53,-451.75,-47.6,42.05
578,-36.74,-441.39,-44.92,41.42
579,-20.92,-427.93,-42.37,45.87
580,-13.74,-432.3,-50.15,31.22
581,-22.29,-455.16,-50.12,46.5
582,-27.01,-437.64,-49.45,42.8
583,-33.48,-444.46,-46.89,38.86
584,-42.2,-440.47,-50.83,41.94
585,-8.46,-428.22,-44.25,37.16
586,-24.83,-437.44,-43.74,35.19
587,-24.09,-434.58,-44.94,35.64
588,-74.5,-409.94,-43.57,38.86
589,12.68,-417.35,-47.23,34.77
590,-16.44,-439.65,-44.99,29.54
591,-23.09,-387.11,-43.78,26.09
592,-15.86,-462.8,-44.66,33.59
593,-40.95,-458.92,-45.48,32.91
594,-32.67,-455.46,-48.71,29.69
595,-13.77,-438.77,-49.39,30.85
596,-18.65,-442.38,-53.8,34.07
597,-27.68,-447.08,-50.85,32.73
598,-35.67,-451.98,-45.94,30.81
599,-22.48,-441.13,-51.04,25.61
600,-24.22,-414.13,-56.86,27.0
601,-117.93,-405.68,-45.04,28.04
602,25.09,-440.96,-52.96,25.84
603,6.62,-445.3,-50.75,31.13
604,-3.33,-439.42,-56.78,23.51
605,-31.27,-465.31,-53.25,25.48
606,-18.04,-444.15,-53.91,30.69
607,-22.54,-439.42,-54.44,23.67
608,-16.14,-406.21,-54.95,22.54
609,-27.55,-417.23,-59.66,21.15
610,-17.46,-436.31,-61.96,14.79
611,-35.48,-492.13,-55.42,33.99
612,-51.49,-443.89,-50.43,31.97
613,-7.53,-468.25,-57.66,25.91
614,-25.2,-468.85,-58.31,21.65
615,-33.84,-439.86,-51.52,20.52
616,-15.63,-433.42,-55.67,23.92
617,-82.11,-426.26,-53.97,27.34
618,37.85,-395.53,-60.32,24.5
619,-8.93,-427.06,-59.46,24.13
620,-31.73,-515.52,-58.33,24.8
621,-33.41,-457.17,-53.26,24.77
622,-40.99,-454.1,-56.47,20.94
623,-4.71,-456.7,-58.59,20.17
624,-13.15,-453.85,-58.51,23.01
625,-13.08,-444.44,-55.7,27.16
626,-69.48,-445.87,-54.22,32.0
627,21.38,-446.88,-57.61,28.52
628,-10.31,-435.47,-52.96,33.16
629,-25.71,-439.99,-60.36,26.98
630,-53.78,-455.8,-57.12,24.56
631,-36.28,-399.02,-55.7,25.23
632,2.16,-427.48,-59.01,30.71
633,-28.15,-421.47,-60.03,24.43
634,-25.81,-506.87,-65.69,25.43
635,-18.52,-473.11,-62.2,23.61
636,-33.99,-433.01,-63.2,25.12
637,-6.9,-461.66,-63.55,24.26
638,-42.37,-432.38,-59.88,26.37
639,-31.4,-450.67,-62.95,25.94
640,-22.04,-470.01,-57.42,32.94
641,5.48,-453.97,-66.49,27.13
642,-33.33,-443.69,-59.87,23.96
643,-16.15,-454.86,-66.11,22.68
644,-4.16,-451.47,-63.84,21.61
645,-16.43,-410.22,-62.54,29.0
646,-19.37,-403.3,-60.26,27.85
647,-55.39,-506.47,-69.12,25.9
648,-17.48,-463.27,-70.4,30.15
649,-4.79,-347.81,-69.58,28.04
650,-32.39,-400.89,-63.46,26.53
651,10.77,-459.52,-62.94,33.11
652,-26.27,-460.65,-63.24,33.35
653,-44.33,-527.81,-60.0,33.67
654,-21.27,-483.47,-63.6,29.4
655,7.07,-456.61,-67.8,31.99
656,-13.12,-456.46,-62.45,34.69
657,-19.64,-455.05,-58.73,31.03
658,-27.7,-448.58,-62.64,33.28
659,-33.03,-442.21,-63.14,33.34
660,-30.6,-449.98,-62.24,32.29
661,-20.14,-445.62,-63.01,28.61
662,-14.45,-458.43,-62.22,32.09
663,-23.21,-465.12,-65.02,30.47
664,-72.95,-454.67,-62.56,31.65
665,3.88,-454.69,-62.84,31.44
666,18.15,-448.24,-66.71,31.01
667,-12.82,-465.62,-67.91,32.44
668,-57.57,-397.2,-70.9,30.36
669,3.57,-395.46,-67.34,37.13
670,-9.36,-503.86,-68.35,36.85
671,-14.33,-401.34,-71.97,34.65
672,-25.74,-493.01,-67.32,33.06
673,-11.84,-482.16,-64.3,35.44
674,-16.16,-454.5,-65.62,34.69
675,-37.54,-457.0,-63.56,39.14
676,-17.22,-448.82,-69.45,33.01
677,-10.52,-458.04,-66.91,32.54
678,-26.67,-452.78,-72.03,31.48
679,-46.24,-455.95,-63.88,34.36
680,-0.54,-450.43,-64.14,32.06
681,-27.94,-446.52,-77.04,30.92
682,-19.56,-456.27,-72.5,28.38
683,-7.98,-456.28,-70.58,27.96
684,-16.19,-452.52,-69.31,36.32
685,-30.03,-444.18,-65.28,29.09
686,-21.52,-461.01,-71.1,35.17
687,-16.72,-454.98,-73.84,27.84
688,-38.47,-474.86,-68.39,34.77
689,-21.96,-419.56,-76.82,29.26
690,-110.59,-383.19,-65.64,25.54
691,45.45,-367.31,-72.52,22.62
692,-0.08,-489.53,-65.63,40.79
693,-15.27,-490.3,-65.92,37.61
694,-24.7,-501.73,-64.35,37.78
695,-33.76,-456.9,-61.98,31.45
696,-10.08,-466.41,-67.75,32.45
697,-13.71,-457.94,-70.58,29.48
698,-32.93,-479.34,-65.47,30.16
699,-54.79,-386.77,-60.99,32.92
700,-4.38,-455.0,-63.92,26.66
701,-14.46,-481.04,-66.32,34.13
702,-13.76,-463.04,-64.13,33.01
703,-24.09,-465.64,-65.64,33.52
704,-14.88,-458.28,-66.58,29.54
705,-27.28,-453.28,-69.5,29.39
706,-21.71,-458.03,-68.91,28.56
707,-25.18,-454.47,-66.58,28.51
708,-22.39,-457.02,-67.03,24.41
709,-28.81,-450.32,-68.23,31.67
710,-35.5,-437.81,-71.93,30.74
711,7.26,-455.19,-68.69,29.22
712,-12.69,-447.52,-65.22,26.73
713,-62.24,-428.65,-74.92,24.96
714,-11.94,-453.05,-74.29,29.85
715,1.81,-376.28,-74.69,22.7
716,-40.32,-499.43,-73.86,19.76
717,-12.59,-481.73,-70.72,22.41
718,4.22,-452.86,-72.47,27.34
719,-13.49,-458.22,-78.56,24.57
720,-56.15,-446.22,-78.44,21.28
721,-39.28,-437.74,-71.83,24.25
722,10.13,-460.51,-71.65,24.16
723,-14.73,-474.37,-73.1,17.68
724,-15.92,-456.16,-69.99,22.64
725,-25.74,-454.15,-71.23,20.54
726,-89.82,-450.84,-69.0,23.9
727,36.93,-450.38,-72.42,15.58
728,-6.51,-442.16,-71.54,20.57
729,-10.26,-461.04,-66.84,20.81
730,-15.61,-458.3,-66.3,15.23
731,-29.28,-459.93,-68.83,18.19
732,-47.4,-456.42,-65.78,15.95
733,-16.63,-433.97,-71.37,10.8
734,-4.65,-444.7,-68.16,18.35
735,-27.19,-463.8,-57.88,25.3
736,-22.63,-448.22,-63.28,22.15
737,-29.81,-439.57,-62.77,24.79
738,-10.64,-384.13,-62.97,21.13
739,-13.39,-513.04,-65.16,17.98
740,-41.65,-502.93,-68.6,20.38
741,-21.65,-432.89,-69.76,19.03
742,-25.85,-463.16,-67.07,21.85
743,-9.82,-452.98,-68.97,18.53
744,-32.42,-439.7,-67.36,24.2
745,-27.24,-468.51,-69.81,22.86
746,-2.46,-483.24,-71.17,24.02
747,-13.93,-467.0,-70.43,18.62
748,-25.88,-462.76,-71.91,18.21
749,-57.13,-464.1,-65.99,18.61
750,-35.35,-472.12,-63.77,19.95
751,8.49,-446.49,-68.68,19.35
752,-7.84,-453.52,-68.44,23.34
753,-14.98,-457.91,-74.52,16.98
754,-42.29,-453.58,-66.27,18.61
755,-18.08,-391.15,-68.8,21.11
756,-40.23,-448.04,-69.02,26.01
757,17.07,-484.65,-72.26,19.62
758,-43.7,-480.12,-68.11,23.17
759,-61.07,-446.46,-62.89,20.32
760,40.06,-441.93,-71.35,16.56
761,-7.78,-492.12,-74.83,17.74
762,-5.57,-433.08,-66.79,21.09
763,-39.91,-503.7,-71.88,21.14
764,-22.11,-466.03,-76.15,17.78
765,-35.21,-467.19,-76.29,17.18
766,-34.02,-466.15,-77.08,13.88
767,-11.67,-447.49,-77.91,14.77
768,-35.75,-454.43,-67.58,18.21
769,-60.78,-439.51,-72.24,21.47
770,34.3,-483.52,-79.12,13.38
771,-34.84,-453.41,-67.21,21.64
772,22.46,-414.9,-80.02,13.0
773,-27.93,-482.95,-73.14,16.17
774,-12.83,-490.63,-71.38,19.21
775,-26.19,-467.38,-70.81,20.4
776,-21.78,-468.69,-79.71,15.21
777,-29.74,-446.2,-79.7,20.39
778,-10.17,-425.99,-75.47,19.08
779,-25.66,-459.47,-73.72,19.18
780,-28.8,-482.59,-75.39,26.47
781,-68.71,-468.63,-74.23,14.13
782,12.85,-449.05,-78.47,17.89
783,-21.37,-424.55,-80.94,18.56
784,21.54,-398.17,-74.32,31.69
785,-21.53,-492.97,-79.83,20.85
786,-38.03,-475.79,-75.26,22.02
787,2.86,-413.29,-74.65,23.0
788,-23.73,-510.67,-83.08,16.55
789,-17.73,-470.8,-77.32,18.91
790,-19.25,-445.81,-79.55,15.26
791,-22.36,-469.65,-79.49,17.29
792,-20.58,-454.88,-77.37,17.1
793,-26.45,-471.66,-77.26,11.86
794,-22.15,-453.62,-82.26,14.98
795,-74.52,-467.57,-74.27,16.22
796,-13.47,-463.86,-75.1,13.91
797,7.49,-455.06,-76.27,8.51
798,-14.77,-389.1,-77.43,8.89
799,-16.67,-420.4,-81.91,4.18
800,8.47,-481.09,-81.55,9.84
801,-18.04,-490.95,-75.82,11.2
802,-20.23,-475.47,-77.03,2.15
803,-23.97,-481.1,-78.13,6.34
804,-13.96,-456.76,-81.77,2.03
805,-26.27,-468.42,-79.53,3.89
806,-46.83,-459.71,-76.39,10.82
807,-50.65,-441.31,-83.88,5.55
808,29.2,-388.37,-87.0,0.58
809,18.46,-436.39,-81.87,1.48
810,-30.04,-501.3,-79.63,-0.44
811,-0.56,-492.33,-82.14,-3.64
812,-12.05,-463.76,-77.4,1.85
813,-28.46,-473.77,-78.77,-2.83
814,-22.21,-461.55,-77.69,-4.7
815,-11.17,-446.09,-84.57,-1.36
816,-41.67,-453.69,-87.02,-2.84
817,-53.3,-456.97,-81.32,-4.86
818,2.25,-409.36,-87.27,-9.64
819,23.25,-389.59,-85.25,-4.93
820,-5.45,-525.9,-85.91,4.35
821,-17.08,-488.2,-82.48,1.79
822,-23.94,-473.96,-87.26,0.94
823,-11.89,-473.59,-91.73,-2.1
824,-16.45,-464.79,-91.48,0.05
825,-47.29,-454.41,-82.67,2.19
826,12.31,-444.8,-91.44,0.75
827,-27.6,-440.73,-88.04,-2.56
828,-15.64,-451.17,-89.15,2.18
829,-21.96,-463.36,-90.85,0.17
830,-5.45,-477.83,-88.67,5.85
831,-6.17,-478.24,-87.24,7.63
832,-16.71,-468.02,-79.88,5.45
833,-27.14,-483.31,-88.24,5.26
834,-14.46,-465.97,-84.33,7.95
835,-22.34,-456.46,-87.34,7.42
836,-2.95,-440.37,-89.63,-0.21
837,-16.8,-467.16,-95.18,0.29
838,-21.78,-456.59,-93.9,6.41
839,-17.33,-459.16,-84.89,14.41
840,-14.92,-465.69,-91.72,9.2
841,-18.48,-462.55,-88.87,8.29
842,-24.61,-430.38,-90.45,7.45
843,-81.01,-378.95,-87.05,3.54
844,47.24,-422.83,-93.39,5.76
845,-5.54,-516.6,-89.04,10.6
846,-6.45,-456.21,-92.53,7.47
847,-5.51,-509.14,-85.59,7.39
848,-14.22,-492.96,-93.78,11.79
849,-20.57,-493.64,-89.35,6.9
850,-14.69,-471.28,-90.39,9.63
851,-23.88,-461.24,-85.95,9.22
852,-24.09,-463.9,-89.82,9.59
853,-23.02,-467.06,-93.86,7.37
854,-15.02,-453.86,-92.57,9.07
855,-29.44,-451.26,-95.06,4.85
856,0.72,-479.34,-86.03,7.28
857,-12.58,-460.24,-93.98,7.79
858,-3.18,-455.85,-90.44,11.1
859,-5.94,-390.75,-87.02,9.36
860,-26.17,-472.99,-96.64,5.91
861,-58.62,-496.97,-89.73,3.85
862,3.57,-457.26,-96.68,3.15
863,-9.84,-497.0,-96.31,3.74
864,-2.88,-476.52,-92.63,8.45
865,-13.34,-439.18,-98.79,4.89
866,-41.27,-465.49,-94.94,2.71
867,-4.36,-479.6,-89.46,0.68
868,-34.25,-458.02,-88.42,6.72
869,8.06,-455.44,-94.33,3.35
870,-21.06,-466.63,-90.38,5.73
871,1.28,-474.04,-90.94,4.44
872,-22.07,-470.95,-83.09,1.9
873,-8.36,-469.41,-90.93,4.08
874,-6.34,-455.43,-89.47,7.18
875,-25.85,-429.01,-87.59,4.92
876,-9.14,-426.75,-88.66,9.52
877,-1.51,-506.32,-98.54,6.24
878,-29.23,-479.58,-87.36,10.29
879,-73.07,-475.89,-89.94,6.44
880,20.88,-459.08,-101.2,2.93
881,8.88,-467.26,-99.57,4.42
882,-3.12,-478.02,-93.42,10.77
883,-5.19,-472.59,-99.95,8.46
884,-25.77,-461.6,-89.18,11.12
885,-11.76,-468.93,-95.54,10.06
886,-34.66,-474.3,-92.64,10.24
887,-5.81,-459.11,-104.82,7.38
888,-46.03,-410.93,-94.95,13.61
889,26.05,-429.42,-105.59,11.78
890,-5.39,-493.52,-97.37,12.92
891,-32.53,-485.04,-93.45,14.09
892,-17.87,-437.28,-100.58,17.74
893,3.43,-488.22,-97.45,18.1
894,-21.54,-481.68,-92.7,16.37
895,-17.49,-468.73,-93.19,12.97
896,-29.2,-468.32,-89.78,15.21
897,-89.81,-464.84,-92.04,12.21
898,-63.85,-443.71,-86.29,16.19
899,75.08,-452.73,-98.86,6.37
900,21.26,-381.88,-95.33,9.8
901,-27.9,-470.91,-94.56,13.47
902,0.94,-512.63,-89.66,16.39
903,-19.04,-487.45,-96.18,12.54
904,-17.94,-470.2,-91.22,9.59
905,-15.75,-462.58,-95.26,11.46
906,-14.54,-460.95,-100.81,9.36
907,-33.36,-470.24,-100.77,11.46
908,-8.89,-450.68,-90.81,6.43
909,-73.35,-452.57,-97.07,2.18
910,29.07,-454.26,-100.33,2.29
911,8.39,-402.61,-98.0,6.57
912,-21.62,-489.79,-97.06,12.71
913,-17.82,-460.7,-91.61,12.51
914,-5.66,-487.88,-96.75,11.38
915,-10.77,-452.74,-99.12,6.44
916,-51.9,-486.2,-90.14,9.81
917,-34.14,-453.6,-97.8,7.82
918,22.61,-460.56,-101.77,8.01
919,-0.02,-471.72,-99.84,10.34
920,-22.89,-495.25,-102.64,11.26
921,-29.95,-469.04,-96.61,9.27
922,-22.44,-440.02,-101.39,4.82
923,-18.91,-485.96,-101.22,6.37
924,-6.19,-474.45,-104.49,12.99
925,-36.0,-468.66,-102.28,9.12
926,-46.67,-480.8,-105.07,5.65
927,2.9,-460.26,-102.15,9.65
928,0.31,-467.18,-105.93,4.68
929,-17.71,-464.5,-97.7,6.28
930,-22.75,-469.01,-105.8,4.59
931,-11.91,-482.42,-98.96,3.83
932,-31.22,-427.61,-98.62,1.7
933,-11.83,-453.96,-103.31,3.01
934,-13.24,-444.18,-98.75,1.94
935,-6.91,-446.84,-98.03,4.97
936,-44.36,-507.53,-108.77,6.34
937,1.8,-473.81,-106.49,7.97
938,4.5,-479.0,-108.16,7.61
939,-16.95,-473.22,-103.75,3.14
940,-38.7,-462.34,-103.68,4.69
941,-24.94,-446.21,-102.94,-2.25
942,-3.76,-473.05,-104.46,-2.05
943,-11.75,-450.26,-101.26,-1.46
944,-23.64,-457.47,-98.76,-1.81
945,-45.25,-495.12,-97.19,-1.67
946,-30.87,-474.63,-104.5,-2.22
947,-14.52,-448.61,-106.95,3.23
948,-37.92,-402.42,-109.7,-1.71
949,-17.34,-495.87,-104.31,-3.45
950,8.79,-491.78,-106.15,-1.76
951,-21.74,-499.14,-105.69,7.23
952,-11.24,-478.65,-100.41,1.42
953,-13.45,-464.07,-102.8,-0.43
954,-6.78,-448.27,-101.65,0.95
955,-27.55,-444.46,-103.03,1.7
956,-47.99,-482.04,-104.28,0.27
957,-8.96,-483.43,-103.29,1.22
958,-13.62,-452.99,-108.41,-0.81
959,-3.09,-453.65,-109.95,0.93
960,-19.04,-474.87,-104.48,-0.27
961,-39.57,-415.99,-108.08,1.17
962,-34.05,-487.59,-108.27,-5.68
963,23.54,-517.73,-116.46,-3.93
964,-25.01,-481.09,-108.65,-0.24
965,-27.3,-475.52,-104.23,1.43
966,-10.75,-480.9,-113.37,-1.16
967,-9.35,-477.37,-112.36,-5.01
968,-22.27,-465.99,-117.47,4.45
969,-9.22,-438.74,-116.48,0.09
970,-25.62,-449.59,-112.55,3.03
971,-44.82,-496.95,-110.89,7.29
972,-12.41,-423.46,-107.91,1.71
973,-25.67,-458.79,-109.81,2.07
974,-23.34,-505.44,-108.2,6.12
975,-53.72,-462.85,-108.7,2.99
976,19.62,-495.18,-106.97,5.78
977,-14.64,-507.3,-111.76,4.6
978,-8.11,-482.61,-113.9,8.37
979,-13.86,-479.07,-110.32,5.38
980,-17.93,-458.53,-114.53,0.05
981,-17.44,-455.57,-112.48,7.67
982,-33.19,-454.32,-108.08,6.14
983,6.12,-451.56,-108.9,-2.25
984,-13.11,-469.66,-110.62,12.64
985,-8.18,-449.7,-111.11,4.49
986,-16.89,-500.66,-106.87,7.97
987,-25.55,-497.41,-109.1,9.14
988,-23.1,-469.02,-113.0,7.27
989,-36.18,-454.67,-108.44,5.33
990,-57.85,-424.17,-105.86,8.43
991,5.24,-492.96,-111.23,13.5
992,21.3,-469.7,-119.83,4.81
993,-1.99,-471.82,-118.91,10.46
994,-24.86,-454.3,-115.68,11.05
995,-24.49,-497.12,-114.91,11.83
996,-25.36,-516.82,-112.4,13.26
997,-34.13,-472.11,-114.77,12.3
998,-15.5,-452.96,-116.15,12.31
999,-27.48,-453.27,-118.67,9.52
1000,-9.94,-462.05,-110.6,13.26
1001,-68.5,-415.02,-112.77,12.19
1002,8.35,-460.98,-116.03,6.34
1003,5.23,-503.13,-112.82,9.44
1004,-33.63,-452.4,-101.2,9.58
1005,-26.11,-485.76,-112.81,0.82
1006,18.28,-493.95,-123.32,6.77
1007,-25.0,-466.77,-111.79,9.53
1008,-22.27,-456.31,-115.64,4.73
1009,-12.4,-487.64,-115.35,9.09
1010,-24.51,-466.03,-113.93,7.75
1011,-23.07,-478.15,-121.68,13.55
1012,-19.87,-474.53,-121.0,9.21
1013,-32.02,-476.84,-113.92,9.13
1014,-2.95,-450.79,-115.98,7.35
1015,-35.66,-483.17,-111.56,3.44
1016,-45.88,-491.3,-109.62,5.43
1017,-4.07,-474.66,-107.2,7.32
1018,10.9,-461.41,-107.0,7.18
1019,-14.85,-468.25,-116.16,0.81
1020,-10.35,-463.38,-116.3,2.02
1021,-19.73,-396.77,-120.45,-7.91
1022,-24.94,-495.43,-112.81,7.19
1023,-18.33,-520.64,-118.08,-1.1
1024,-30.56,-486.49,-109.74,-2.16
1025,-5.12,-469.54,-113.69,-0.9
1026,-15.27,-489.5,-113.5,-4.25
1027,-18.27,-473.47,-118.12,-2.92
1028,-24.7,-461.86,-116.44,-0.89
1029,-132.59,-443.68,-116.58,-4.42
1030,30.81,-477.32,-124.56,-3.82
1031,32.4,-486.79,-122.98,0.03
1032,18.85,-463.39,-122.68,-0.01
1033,-24.2,-495.28,-122.04,-1.39
1034,-14.23,-481.53,-121.98,-3.5
1035,-13.21,-489.2,-124.13,-5.12
1036,-21.36,-461.11,-123.74,-4.63
1037,-34.75,-477.77,-121.01,-2.52
1038,-107.47,-453.63,-120.43,-0.87
1039,85.2,-393.9,-133.83,-11.15
1040,13.76,-451.02,-121.27,-6.93
1041,-35.65,-519.23,-119.33,0.19
1042,-2.94,-527.6,-116.98,6.36
1043,-13.04,-475.28,-117.81,5.15
1044,-6.93,-458.53,-117.47,5.57
1045,-21.83,-470.3,-119.15,5.01
1046,-18.6,-489.37,-117.95,5.29
1047,-38.01,-540.43,-117.56,9.01
1048,-8.5,-415.77,-115.11,4.65
1049,-13.74,-426.77,-113.9,9.19
1050,-25.55,-505.41,-111.37,9.31
1051,-37.45,-551.56,-114.17,5.94
1052,-29.26,-436.88,-108.77,12.7
1053,-5.29,-442.43,-115.87,8.26
1054,-2.66,-442.12,-118.65,11.55
1055,-52.17,-460.53,-118.84,10.99
1056,-24.93,-424.62,-113.86,10.38
1057,-27.35,-457.21,-116.19,9.23
1058,20.79,-489.31,-116.06,9.26
1059,-16.27,-459.65,-113.52,11.8
1060,-58.4,-479.79,-110.59,13.7
1061,-4.79,-482.34,-119.28,10.02
1062,11.11,-462.06,-114.19,13.18
1063,-7.48,-466.26,-116.96,12.16
1064,-20.89,-453.42,-110.44,9.8
1065,-20.55,-486.68,-111.36,14.0
1066,-14.09,-484.66,-111.1,13.97
1067,-20.73,-480.19,-121.1,3.45
1068,-10.31,-463.99,-115.48,8.88
1069,-18.9,-468.86,-114.44,5.77
1070,8.64,-463.96,-117.34,9.32
1071,-35.47,-448.62,-117.3,13.21
1072,-31.83,-510.35,-115.8,14.53
1073,-7.98,-457.53,-119.44,12.39
1074,-28.9,-470.92,-118.4,7.31
1075,-8.04,-476.09,-108.87,9.74
1076,-23.79,-501.67,-121.16,7.52
1077,-22.37,-481.58,-116.71,16.16
1078,-38.62,-442.16,-124.97,8.24
1079,51.59,-436.48,-125.37,5.22
1080,-15.29,-515.89,-123.17,11.6
1081,-67.99,-461.51,-123.37,9.45
1082,7.42,-470.7,-115.84,14.99
1083,9.81,-467.96,-115.8,13.88
1084,-7.17,-454.41,-119.89,19.35
1085,-15.07,-497.27,-126.04,16.72
1086,-13.63,-468.68,-121.62,16.67
1087,-25.75,-474.46,-126.41,17.31
1088,-25.36,-475.94,-124.53,17.01
1089,-16.32,-472.05,-115.78,14.84
1090,-17.93,-471.43,-121.74,15.81
1091,-24.31,-465.87,-117.0,18.87
1092,-28.02,-474.85,-114.09,20.56
1093,-104.79,-492.11,-116.84,14.75
1094,12.67,-455.09,-121.79,14.83
1095,42.23,-458.1,-125.51,10.57
1096,-44.34,-478.57,-121.41,11.78
1097,16.16,-468.23,-123.74,5.08
1098,-16.77,-443.51,-125.22,5.5
1099,-17.91,-475.17,-122.28,12.77
1100,-21.55,-486.59,-124.23,13.97
1101,-24.17,-489.79,-122.17,17.19
1102,-12.18,-453.04,-121.56,12.82
1103,-14.57,-467.33,-120.09,10.68
1104,-28.04,-471.47,-122.03,16.78
1105,-26.39,-468.56,-119.27,10.8
1106,-17.08,-463.19,-117.14,10.08
1107,-36.78,-466.08,-116.91,6.4
1108,-5.69,-486.65,-125.76,0.86
1109,-2.5,-443.62,-123.42,3.16
1110,-26.12,-407.41,-123.45,0.38
1111,-13.12,-442.32,-119.92,7.91
1112,-38.85,-534.96,-113.43,12.58
1113,-35.66,-498.42,-115.36,8.29
1114,20.98,-476.87,-117.86,2.74
1115,-20.98,-468.68,-113.45,9.28
1116,-17.3,-463.44,-116.12,0.69
1117,-8.8,-477.51,-108.9,8.09
1118,-18.55,-465.89,-112.11,8.45
1119,-12.42,-485.38,-119.11,10.83
1120,-39.86,-481.95,-112.03,12.42
1121,-36.85,-461.63,-110.36,15.17
1122,9.97,-471.12,-122.79,10.68
1123,-18.5,-480.02,-122.12,8.46
1124,-39.17,-474.75,-112.58,6.49
1125,-35.24,-484.38,-122.99,5.39
1126,6.64,-423.93,-115.35,4.12
1127,9.86,-449.27,-116.46,4.46
1128,-21.31,-498.35,-116.4,12.6
1129,-18.48,-478.97,-121.11,8.34
1130,-31.49,-481.96,-118.4,7.46
1131,-25.97,-474.78,-114.5,4.44
1132,-1.58,-458.86,-128.46,4.44
1133,-12.14,-473.51,-116.13,6.52
1134,-74.56,-478.47,-119.69,1.28
1135,-29.71,-428.44,-122.15,2.02
1136,0.69,-441.07,-121.31,2.03
1137,28.34,-497.42,-127.15,-0.34
1138,-6.73,-500.28,-114.85,2.82
1139,-51.79,-458.31,-116.83,0.13
1140,-7.71,-495.3,-122.26,1.67
1141,-49.17,-494.28,-108.31,12.08
1142,-41.34,-477.25,-111.04,3.78
1143,-10.05,-457.24,-122.23,2.9
1144,24.69,-443.52,-113.72,2.23
1145,-3.99,-463.27,-117.62,3.55
1146,-24.84,-470.82,-110.06,2.29
1147,-16.44,-479.06,-113.28,5.43
1148,-21.33,-490.18,-122.15,6.94
1149,-66.34,-496.48,-115.6,5.83
1150,8.74,-483.51,-114.73,13.6
1151,-11.58,-467.5,-121.08,4.78
1152,-7.81,-400.33,-117.34,5.91
1153,-35.4,-513.53,-118.64,4.67
1154,-14.93,-475.83,-120.37,6.25
1155,-26.05,-472.09,-117.55,6.99
1156,-28.0,-487.4,-117.78,8.07
1157,-29.89,-474.28,-113.27,3.09
1158,-9.36,-452.49,-118.2,8.18
1159,-28.15,-461.59,-120.37,7.25
1160,-118.41,-471.43,-115.55,14.37
1161,96.19,-445.75,-108.84,8.58
1162,-13.42,-459.39,-116.23,5.26
1163,-3.84,-490.52,-120.77,4.8
1164,-8.12,-482.39,-125.44,0.18
1165,-15.6,-476.25,-117.83,3.82
1166,-13.61,-474.84,-114.16,17.26
1167,-38.66,-514.92,-114.07,16.36
1168,-31.75,-428.78,-112.87,13.24
1169,-29.25,-482.18,-112.97,7.43
1170,-55.82,-493.74,-114.15,6.88
1171,-11.9,-467.95,-117.23,9.85
1172,-46.46,-435.52,-115.52,10.51
1173,12.92,-465.53,-115.08,5.96
1174,8.18,-495.53,-112.69,3.64
1175,-6.21,-472.24,-113.61,11.32
1176,2.69,-408.74,-115.01,11.84
1177,-8.85,-450.43,-120.79,5.78
1178,-21.62,-478.35,-117.58,5.99
1179,-12.84,-448.56,-119.52,9.81
1180,-34.58,-457.15,-117.76,0.36
1181,-31.38,-478.62,-118.22,8.54
1182,-8.53,-489.06,-119.89,8.26
1183,-24.34,-443.98,-121.9,3.81
1184,-3.82,-479.95,-121.26,3.11
1185,-20.81,-481.93,-120.49,10.68
1186,-14.75,-455.37,-118.59,4.53
1187,-38.88,-487.48,-117.63,3.79
1188,-32.75,-477.47,-124.98,4.97
1189,-5.51,-490.12,-119.99,1.91
1190,-24.26,-463.85,-119.54,5.01
1191,-28.84,-460.36,-118.28,8.8
1192,1.35,-479.68,-108.16,6.23
1193,-17.58,-475.77,-111.07,3.1
1194,-9.63,-459.45,-111.5,13.59
1195,-24.99,-499.6,-109.68,9.55
1196,-24.44,-474.9,-115.97,6.64
1197,-72.35,-445.95,-106.45,5.42
1198,36.67,-447.33,-115.37,-0.24
1199,-14.09,-443.93,-114.47,2.52
1200,-26.34,-492.38,-108.16,1.81
1201,-5.5,-460.49,-107.54,7.09
1202,-13.11,-464.08,-114.84,1.13
1203,-25.16,-484.01,-115.29,8.96
1204,-42.91,-454.88,-116.38,6.89
1205,-7.79,-477.19,-113.3,10.87
1206,-31.17,-489.67,-112.51,9.61
1207,-20.69,-480.67,-113.33,11.32
1208,-24.45,-468.89,-110.13,2.6
1209,-65.15,-500.54,-114.35,2.71
1210,39.2,-428.21,-112.22,7.05
1211,-10.35,-460.22,-111.34,0.86
1212,-36.85,-448.44,-107.28,-0.82
1213,-7.83,-491.86,-110.19,8.32
1214,-16.96,-509.34,-114.47,2.02
1215,-13.03,-427.53,-116.88,-3.71
1216,-29.46,-464.6,-108.36,0.84
1217,-20.8,-482.94,-107.67,5.83
1218,-23.34,-474.31,-111.48,2.25
1219,-21.47,-468.82,-109.01,-1.3
1220,-23.06,-447.66,-113.88,0.34
1221,-14.43,-474.23,-117.83,1.47
1222,-9.33,-465.1,-115.25,1.79
1223,-31.75,-445.52,-114.35,2.81
1224,-97.99,-469.07,-106.15,6.38
1225,42.33,-456.37,-112.49,7.28
1226,7.46,-489.92,-115.85,11.58
1227,-21.93,-501.88,-114.53,10.68
1228,-18.1,-470.47,-114.09,9.2
1229,-69.02,-476.5,-115.43,6.89
1230,-12.24,-488.68,-115.64,10.47
1231,11.62,-437.96,-112.31,9.37
1232,-40.78,-452.47,-109.45,3.16
1233,-13.75,-493.2,-115.46,5.86
1234,-12.57,-472.36,-111.37,3.67
1235,-23.46,-478.36,-109.87,-0.94
1236,14.81,-485.68,-110.5,3.97
1237,-6.32,-458.66,-110.26,0.39
1238,-19.68,-452.38,-109.44,-0.99
1239,-29.39,-451.08,-110.52,7.41
1240,-89.89,-490.84,-104.55,6.52
1241,20.68,-465.4,-108.99,-1.85
1242,20.25,-484.25,-114.11,3.43
1243,-19.15,-490.54,-105.59,8.26
1244,-15.26,-474.9,-108.84,4.94
1245,-6.22,-459.73,-111.63,1.13
1246,-21.41,-470.55,-116.47,2.38
1247,-29.55,-480.4,-109.86,0.62
1248,-25.2,-471.23,-108.62,1.6
1249,-36.12,-466.48,-105.44,-2.04
1250,-51.0,-476.71,-104.46,-2.14
1251,-43.92,-468.72,-114.27,-1.59
1252,18.54,-464.73,-113.78,-0.8
1253,-9.58,-474.77,-113.28,1.95
1254,-4.85,-462.6,-111.46,4.15
1255,-6.14,-479.04,-115.93,2.41
1256,-17.47,-466.76,-108.72,4.01
1257,-26.58,-486.31,-106.67,4.22
1258,-25.74,-502.58,-105.45,2.52
1259,-36.45,-412.55,-105.86,-0.51
1260,-49.01,-364.0,-105.84,0.75
1261,-9.23,-514.36,-112.54,10.15
1262,-6.45,-511.56,-109.24,3.64
1263,-1.14,-497.0,-113.92,2.31
1264,-13.28,-483.82,-105.31,5.68
1265,-20.99,-473.41,-107.93,-0.91
1266,-32.97,-487.09,-102.92,1.83
1267,-88.25,-527.34,-111.67,0.17
1268,14.64,-446.18,-111.72,-0.63
1269,9.84,-420.72,-113.49,5.25
1270,-15.31,-471.98,-110.04,2.54
1271,-16.58,-445.13,-111.67,0.46
1272,-23.23,-496.58,-112.05,2.82
1273,-25.8,-494.15,-114.8,4.74
1274,-42.1,-488.3,-106.07,0.66
1275,-88.63,-447.41,-113.03,-1.47
1276,66.5,-457.57,-117.74,3.25
1277,-9.82,-484.29,-128.28,-4.29
1278,-28.72,-484.19,-116.09,1.17
1279,-23.08,-450.27,-116.91,4.52
1280,-25.82,-522.19,-113.9,9.75
1281,-32.37,-478.83,-112.79,9.15
1282,-35.63,-479.6,-111.07,7.24
1283,-13.47,-479.0,-119.97,7.18
1284,-11.55,-452.26,-115.82,6.61
1285,-9.34,-505.68,-118.66,4.92
1286,-30.18,-488.68,-117.94,3.71
1287,-8.61,-493.61,-115.56,14.1
1288,-14.63,-437.61,-115.15,9.87
1289,-60.91,-473.97,-111.45,10.47
1290,-8.4,-481.49,-114.2,6.24
1291,24.84,-434.04,-115.75,1.7
1292,-10.08,-496.62,-113.19,2.6
1293,-45.08,-615.35,-115.68,2.57
1294,-35.21,-487.25,-115.96,5.12
1295,-10.46,-424.51,-104.67,13.17
1296,-35.98,-385.36,-104.05,7.99
1297,-4.39,-388.26,-106.72,12.85
1298,-30.76,-457.99,-108.16,10.44
1299,3.32,-462.72,-104.04,7.55
1300,-14.05,-488.54,-107.06,11.85
1301,-19.1,-477.06,-114.07,9.66
1302,-47.3,-489.54,-111.4,6.72
1303,-3.19,-433.08,-111.36,8.7
1304,-2.17,-441.81,-109.82,8.94
1305,-19.87,-453.7,-120.9,7.93
1306,-12.61,-474.0,-115.16,10.62
1307,-41.03,-483.92,-119.49,7.9
1308,-18.81,-456.5,-114.69,10.97
1309,-5.94,-463.0,-114.55,11.88
1310,-25.39,-483.14,-119.25,10.19
1311,-11.46,-463.92,-113.25,12.04
1312,-18.5,-436.99,-118.84,7.94
1313,-16.68,-475.47,-110.35,9.95
1314,-27.9,-478.25,-115.5,8.65
1315,-41.36,-471.1,-115.25,7.1
1316,-14.22,-470.04,-117.69,5.12
1317,-59.65,-484.72,-114.34,7.05
1318,9.82,-501.69,-119.3,10.01
1319,-2.01,-470.89,-113.04,5.45
1320,-20.4,-470.58,-117.17,8.43
1321,-8.49,-442.18,-120.58,7.59
1322,-12.66,-480.0,-118.14,5.05
1323,-29.72,-491.0,-119.42,2.63
1324,-20.73,-455.58,-120.41,7.77
1325,-27.97,-475.6,-120.65,4.79
1326,-22.53,-471.87,-120.46,7.61
1327,-39.15,-483.3,-122.49,11.05
1328,19.08,-466.27,-119.31,8.87
1329,-26.91,-452.82,-115.0,11.43
1330,-21.24,-473.57,-114.86,12.61
1331,-43.43,-484.12,-115.49,5.52
1332,-20.19,-495.36,-120.53,4.16
1333,10.53,-464.78,-113.59,3.49
1334,-0.63,-446.0,-119.59,5.65
1335,-37.9,-450.09,-115.87,6.92
1336,4.63,-472.05,-120.75,6.65
1337,-25.46,-469.97,-121.46,9.24
1338,-25.91,-493.41,-117.01,6.05
1339,-6.7,-498.7,-117.61,4.9
1340,-5.45,-453.61,-121.41,6.38
1341,-18.1,-456.21,-116.8,6.84
1342,-71.78,-389.44,-114.24,-0.88
1343,12.29,-459.73,-114.08,6.85
1344,-2.04,-528.29,-117.02,8.87
1345,-39.54,-513.16,-114.22,12.06
1346,-19.57,-466.55,-117.68,6.88
1347,15.9,-489.66,-128.53,10.94
1348,-7.53,-439.93,-118.84,12.23
1349,-14.86,-456.2,-117.09,7.43
1350,-65.67,-459.11,-116.69,10.15
1351,-53.04,-435.72,-110.02,8.49
1352,58.35,-462.66,-126.5,1.46
1353,1.71,-493.0,-115.05,8.46
1354,-15.04,-438.98,-118.79,6.32
1355,-24.0,-462.82,-116.51,8.94
1356,-18.49,-520.18,-116.16,9.48
1357,-17.6,-486.01,-120.36,13.5
1358,-18.9,-477.53,-117.06,9.23
1359,-22.43,-475.44,-109.58,8.04
1360,-84.78,-480.18,-114.21,11.72
1361,-17.44,-505.05,-116.28,10.66
1362,15.94,-456.97,-119.39,10.09
1363,-35.9,-445.07,-121.6,11.84
1364,28.6,-468.48,-122.09,10.8
1365,5.56,-470.96,-120.39,6.98
1366,-5.79,-478.8,-119.82,9.52
1367,-14.45,-485.23,-122.25,16.15
1368,-18.58,-455.52,-120.45,17.34
1369,-15.16,-466.82,-116.47,15.11
1370,-30.75,-463.32,-111.84,16.83
1371,-43.27,-465.26,-111.45,13.63
1372,-1.79,-477.73,-116.74,8.55
1373,-3.48,-467.03,-113.52,10.77
1374,-9.32,-473.44,-115.68,14.15
1375,-6.64,-478.98,-110.33,10.86
1376,-8.19,-475.92,-115.17,14.11
1377,-21.63,-488.5,-114.53,9.77
1378,-24.53,-465.29,-109.53,13.27
1379,-28.15,-520.59,-113.79,8.84
1380,-69.94,-450.27,-108.98,6.59
1381,-29.51,-377.79,-114.53,8.45
1382,22.95,-466.9,-111.31,7.34
1383,-7.51,-460.75,-115.26,16.11
1384,10.74,-498.01,-114.67,8.08
1385,-9.97,-486.75,-114.97,6.02
1386,-23.33,-502.3,-111.6,4.6
1387,-43.75,-539.63,-118.4,6.94
1388,-29.94,-465.41,-118.29,3.84
1389,11.46,-441.56,-111.05,11.86
1390,-6.92,-444.04,-112.99,10.71
1391,-16.76,-478.13,-106.51,14.4
1392,-25.03,-554.88,-111.62,8.19
1393,-24.15,-391.44,-103.7,5.73
1394,-16.52,-466.03,-117.02,17.24
1395,-59.4,-453.76,-113.5,14.15
1396,29.96,-501.4,-112.4,10.01
1397,-7.95,-446.44,-108.07,11.56
1398,-57.88,-505.88,-109.06,6.05
1399,-10.62,-507.46,-113.13,7.12
1400,-7.86,-466.35,-116.21,7.15
1401,-45.09,-459.99,-114.85,6.53
1402,11.33,-397.36,-113.59,8.13
1403,8.91,-466.84,-115.75,2.29
1404,2.46,-461.13,-114.36,10.16
1405,-12.69,-443.7,-111.78,4.64
1406,-20.16,-458.52,-104.82,7.69
1407,-34.94,-500.31,-113.78,9.69
1408,-10.42,-482.75,-116.53,7.79
1409,-45.64,-447.57,-110.13,8.81
1410,-15.02,-473.29,-108.32,13.88
1411,-13.79,-491.7,-107.71,12.31
1412,-31.72,-479.04,-116.6,6.81
1413,6.07,-482.92,-115.85,3.69
1414,-18.63,-473.83,-114.18,8.46
1415,-13.18,-486.69,-113.34,13.63
1416,-25.57,-495.05,-110.82,7.77
1417,-36.3,-454.31,-108.11,7.37
1418,-19.27,-459.02,-116.51,10.12
1419,-76.71,-429.55,-112.6,8.85
1420,25.03,-494.82,-102.77,14.12
1421,12.58,-492.34,-109.4,8.77
1422,-2.64,-462.56,-104.48,5.05
1423,-8.59,-482.1,-104.56,16.1
1424,-17.44,-474.11,-111.42,11.68
1425,-26.58,-472.83,-108.06,13.35
1426,-35.46,-500.82,-108.48,15.18
1427,1.0,-461.94,-102.44,14.11
1428,-26.21,-522.9,-110.18,6.8
1429,-11.94,-467.16,-106.06,5.3
1430,-13.55,-425.41,-113.25,8.87
1431,-34.04,-464.69,-109.18,12.1
1432,-4.46,-468.04,-107.79,9.75
1433,-21.23,-479.9,-109.47,9.26
1434,-39.83,-484.79,-110.68,6.94
1435,-2.51,-452.48,-111.84,4.86
1436,-50.22,-497.8,-109.97,1.54
1437,-12.41,-515.93,-113.53,10.05
1438,-7.45,-441.15,-113.08,11.0
1439,-6.15,-458.57,-113.98,2.36
1440,-29.17,-455.05,-114.27,4.3
1441,-16.08,-447.38,-111.97,7.72
1442,-27.15,-483.69,-113.61,4.69
1443,7.4,-491.59,-109.69,6.23
1444,-51.26,-500.29,-110.78,11.96
1445,2.82,-436.07,-109.87,12.23
1446,-33.83,-461.21,-108.04,9.43
1447,2.74,-471.45,-108.03,7.09
1448,-9.09,-469.45,-107.06,4.98
1449,-6.99,-465.51,-115.17,5.04
1450,-10.08,-462.75,-110.78,8.52
1451,-7.0,-477.4,-106.72,8.79
1452,-41.1,-460.02,-113.31,8.71
1453,-20.14,-451.62,-114.84,1.71
1454,-3.75,-448.38,-113.3,2.84
1455,-34.32,-531.5,-114.04,9.17
1456,-23.61,-495.65,-108.94,23.07
1457,12.41,-457.83,-108.7,19.51
1458,-13.85,-460.79,-108.86,17.34
1459,-24.49,-439.56,-110.14,11.52
1460,-27.16,-474.8,-111.11,10.21
1461,-25.22,-521.67,-114.86,15.98
1462,13.07,-472.02,-114.84,13.22
1463,2.77,-452.74,-116.76,13.89
1464,-26.88,-484.79,-107.73,22.44
1465,-12.5,-467.65,-110.67,7.4
1466,-34.63,-489.05,-111.82,8.27
1467,-17.71,-482.57,-107.94,10.53
1468,-26.51,-457.56,-111.52,7.43
1469,2.48,-459.13,-109.24,2.17
1470,-29.54,-494.74,-107.07,16.49
1471,-23.87,-472.61,-107.96,10.72
1472,-18.77,-459.2,-108.01,15.66
1473,-5.03,-448.3,-112.17,16.33
1474,-22.94,-505.83,-108.64,13.75
1475,-27.36,-479.85,-108.33,15.62
1476,-32.83,-488.42,-112.32,7.3
1477,24.86,-438.59,-117.26,5.2
1478,-18.19,-486.52,-108.26,8.82
1479,-26.17,-474.64,-105.9,16.22
1480,-10.53,-448.06,-113.1,19.89
1481,-19.02,-470.46,-112.07,15.47
1482,-27.1,-468.4,-110.66,12.74
1483,-20.62,-468.79,-107.01,15.72
1484,-22.13,-490.54,-112.01,11.06
1485,-53.43,-432.18,-109.13,13.49
1486,-32.37,-486.37,-107.83,14.2
1487,24.13,-484.09,-107.82,15.19
1488,1.54,-471.81,-108.33,16.7
1489,-12.86,-458.94,-109.32,14.4
1490,-10.63,-464.75,-109.42,11.07
1491,-3.1,-444.94,-110.96,10.88
1492,-16.22,-504.87,-113.03,14.53
1493,-23.29,-500.77,-109.01,13.2
1494,-13.12,-485.02,-107.07,12.75
1495,-31.99,-478.42,-108.63,17.22
1496,-55.64,-467.98,-104.41,18.88
1497,21.47,-444.54,-109.31,15.6
1498,-43.03,-449.99,-110.48,12.52
1499,-5.94,-487.91,-111.98,11.99
1500,-13.63,-518.81,-110.98,11.66
1501,-27.17,-478.53,-108.37,13.66
1502,-60.01,-482.74,-113.42,10.54
1503,31.05,-443.49,-111.03,8.97
1504,-15.8,-477.56,-114.21,13.7
1505,-25.99,-487.7,-104.12,15.08
1506,-33.78,-484.66,-109.34,10.02
1507,-35.3,-458.35,-111.15,7.98
1508,-16.41,-408.98,-109.32,11.94
1509,-11.0,-521.2,-106.46,15.7
1510,-22.85,-503.7,-109.94,10.06
1511,-14.43,-480.35,-112.52,18.29
1512,-30.08,-465.95,-110.18,7.85
1513,-22.64,-497.69,-112.74,22.88
1514,-55.59,-485.58,-114.48,20.62
1515,-54.34,-477.83,-109.79,18.4
1516,28.25,-468.48,-108.21,9.85
1517,-2.17,-470.6,-106.76,19.36
1518,-21.92,-473.7,-111.03,14.7
1519,-31.08,-485.88,-102.27,15.3
1520,-11.34,-474.49,-109.2,16.96
1521,-26.31,-473.89,-111.73,21.26
1522,-23.07,-457.52,-109.6,15.84
1523,-22.23,-480.16,-114.8,17.59
1524,-21.43,-467.34,-114.5,18.24
1525,-18.34,-438.69,-113.91,17.77
1526,-23.86,-509.72,-116.01,16.03
1527,-38.29,-500.45,-112.46,19.86
1528,-46.95,-468.37,-109.15,21.86
1529,-29.17,-466.77,-114.58,14.38
1530,7.76,-424.22,-117.71,14.9
1531,-5.39,-479.02,-117.8,15.59
1532,-18.21,-488.49,-112.72,11.72
1533,-36.12,-467.55,-116.65,19.08
1534,-35.56,-491.84,-113.05,19.46
1535,6.66,-475.9,-118.18,12.92
1536,-9.07,-446.8,-117.02,12.5
1537,-29.63,-525.37,-118.58,22.8
1538,-10.11,-460.75,-111.34,18.85
1539,-36.34,-492.54,-110.72,16.82
1540,-20.95,-490.33,-115.13,17.3
1541,-14.45,-471.45,-112.39,13.29
1542,-18.51,-477.08,-114.6,12.82
1543,-22.92,-476.96,-114.73,13.87
1544,-18.53,-476.66,-116.66,12.04
1545,-41.95,-475.61,-119.24,14.04
1546,-40.42,-503.07,-116.06,16.45
1547,-37.53,-493.75,-105.51,20.83
1548,15.54,-419.9,-116.87,16.25
1549,-15.44,-447.54,-118.17,12.16
1550,-31.74,-473.23,-114.51,17.44
1551,-6.95,-465.38,-111.85,14.94
1552,-47.86,-451.32,-115.03,15.76
1553,20.89,-472.64,-116.32,10.43
1554,-12.87,-487.41,-112.74,18.81
1555,-26.17,-475.68,-117.74,22.48
1556,-12.94,-437.93,-115.31,17.01
1557,-13.45,-474.85,-115.91,20.45
1558,-60.2,-476.06,-113.0,19.25
1559,-6.16,-491.48,-118.28,13.12
1560,4.09,-507.49,-118.44,13.25
1561,-21.44,-459.7,-111.4,19.18
1562,-22.95,-423.48,-114.09,15.9
1563,-8.56,-411.12,-116.37,19.29
1564,-40.52,-525.49,-109.67,20.13
1565,-18.12,-482.16,-114.51,18.41
1566,-25.4,-447.21,-111.01,23.25
1567,-47.5,-509.55,-111.26,20.26
1568,-24.98,-473.86,-110.4,12.98
1569,-16.27,-484.01,-110.26,26.43
1570,-8.17,-478.0,-115.66,25.72
1571,5.94,-475.49,-114.06,21.96
1572,-35.07,-473.08,-109.19,30.23
1573,-8.86,-477.28,-109.46,22.4
1574,-26.46,-469.78,-112.02,21.82
1575,-14.45,-470.75,-107.76,18.75
1576,-11.81,-477.27,-113.8,17.89
1577,-5.01,-472.35,-111.13,20.11
1578,-15.4,-457.51,-106.05,21.91
1579,-11.48,-466.08,-106.51,19.75
1580,-35.08,-452.28,-110.9,21.16
1581,-73.8,-438.16,-107.78,18.33
1582,26.17,-448.61,-110.03,15.53
1583,-29.18,-503.81,-113.53,21.18
1584,9.1,-497.56,-116.18,16.95
1585,-14.42,-477.91,-111.64,23.55
1586,-18.75,-477.79,-112.38,31.42
1587,-33.24,-461.94,-108.49,24.46
1588,-22.85,-477.88,-110.9,19.77
1589,-16.13,-477.29,-108.51,18.71
1590,-8.81,-472.7,-112.95,19.78
1591,-11.28,-465.88,-110.96,14.77
1592,-30.56,-465.95,-106.5,14.28
1593,-33.68,-469.97,-112.58,17.56
1594,-71.21,-461.74,-106.25,21.74
1595,33.84,-478.71,-113.43,20.85
1596,-20.81,-461.63,-111.07,17.44
1597,-13.37,-481.9,-110.47,17.57
1598,-15.48,-507.31,-113.79,26.03
1599,-18.76,-469.13,-112.75,25.52
1600,-18.2,-472.3,-110.72,22.38
1601,-25.63,-458.71,-110.7,20.61
1602,-71.96,-457.17,-113.06,22.76
1603,-7.98,-402.01,-113.07,11.89
1604,32.27,-504.21,-112.47,16.58
1605,-24.87,-515.45,-105.57,21.51
1606,-33.55,-490.78,-105.89,19.55
1607,-10.82,-457.97,-104.86,27.0
1608,-26.9,-471.26,-109.01,25.84
1609,-13.99,-468.4,-110.58,19.66
1610,-25.82,-478.14,-111.41,26.81
1611,-55.69,-466.31,-100.78,26.25
1612,-38.56,-489.59,-106.56,29.05
1613,16.91,-380.38,-115.59,24.22
1614,2.1,-463.55,-108.52,25.96
1615,-18.52,-503.17,-107.32,26.54
1616,-5.6,-494.44,-107.94,23.88
1617,-45.58,-482.09,-107.69,22.09
1618,3.11,-475.31,-105.9,18.94
1619,-29.72,-479.57,-112.19,18.0
1620,-10.38,-482.25,-107.39,13.63
1621,-22.93,-465.17,-110.41,15.11
1622,-17.3,-467.47,-112.62,16.72
1623,0.35,-463.09,-108.97,17.01
1624,-13.69,-469.18,-108.07,17.83
1625,-21.06,-474.38,-105.36,21.16
1626,-29.64,-467.01,-105.87,19.77
1627,-38.18,-485.39,-107.37,18.43
1628,-48.0,-469.93,-100.43,16.84
1629,-29.19,-486.46,-111.79,12.63
1630,33.5,-458.87,-116.56,13.05
1631,6.46,-408.89,-113.38,19.41
1632,-23.54,-502.06,-105.29,19.54
1633,-42.52,-462.24,-103.33,18.45
1634,0.9,-495.97,-107.82,16.48
1635,-13.1,-474.34,-107.62,14.96
1636,-18.16,-477.85,-111.58,13.69
1637,-13.15,-477.4,-110.9,15.51
1638,-23.04,-466.84,-109.95,14.44
1639,-30.59,-470.83,-105.97,11.24
1640,-9.11,-466.89,-109.27,11.65
1641,-7.56,-426.5,-105.27,11.03
1642,-30.39,-448.37,-103.37,12.59
1643,-38.16,-502.06,-105.66,13.86
1644,-26.9,-493.53,-102.29,12.92
1645,-41.91,-503.42,-98.62,13.79
1646,0.45,-455.81,-100.48,13.39
1647,33.55,-446.94,-115.78,10.88
1648,-9.81,-468.43,-103.34,17.24
1649,-13.99,-487.25,-113.17,12.53
1650,-30.34,-492.1,-105.2,15.0
1651,-19.56,-473.58,-109.14,13.05
1652,-30.24,-476.93,-110.45,12.32
1653,-50.28,-477.03,-105.78,12.83
1654,7.38,-468.13,-110.04,15.85
1655,-17.16,-461.51,-104.37,16.49
1656,-20.61,-475.56,-108.65,11.11
1657,-37.69,-452.92,-106.78,11.49
1658,-15.21,-468.14,-108.94,16.96
1659,-20.66,-488.17,-114.21,15.06
1660,-59.97,-479.29,-102.54,16.34
1661,-7.14,-457.37,-109.15,19.48
1662,22.15,-448.4,-117.98,11.96
1663,-12.64,-489.18,-109.01,12.85
1664,-12.08,-428.16,-113.32,16.21
1665,-24.94,-480.54,-108.36,12.96
1666,-24.75,-506.1,-109.3,14.41
1667,-23.78,-483.65,-112.39,12.76
1668,-83.56,-463.29,-106.74,12.36
1669,3.06,-482.99,-114.44,10.51
1670,-0.95,-440.4,-113.89,17.78
1671,-20.5,-429.62,-109.28,18.89
1672,7.59,-472.92,-113.43,14.23
1673,-15.63,-466.71,-115.61,17.56
1674,-33.24,-535.97,-111.25,18.9
1675,-37.07,-495.12,-108.33,17.2
1676,-63.52,-489.01,-103.17,14.75
1677,12.02,-472.37,-117.45,16.04
1678,8.21,-489.26,-124.39,13.17
1679,-15.94,-475.21,-119.28,15.74
1680,-11.58,-438.34,-117.95,17.83
1681,-15.82,-451.73,-117.03,16.73
1682,-20.88,-484.12,-118.73,16.63
1683,-33.67,-481.74,-114.41,16.1
1684,-32.49,-477.64,-113.07,14.69
1685,-34.71,-467.69,-110.47,12.27
1686,-63.07,-429.49,-118.26,8.84
1687,43.78,-497.44,-114.7,6.9
1688,2.05,-471.5,-115.23,9.35
1689,-30.7,-473.56,-110.4,7.92
1690,-5.31,-455.66,-108.79,9.87
1691,-23.22,-480.44,-111.72,13.89
1692,-19.41,-489.16,-119.78,14.34
1693,-30.66,-489.84,-117.01,11.54
1694,-27.46,-466.77,-113.33,12.29
1695,0.35,-439.86,-114.45,15.59
1696,-26.59,-420.16,-112.97,19.51
1697,2.34,-513.02,-119.35,13.54
1698,-3.1,-491.5,-114.16,16.96
1699,-19.29,-482.23,-112.4,17.93
1700,-23.05,-489.01,-112.53,18.25
1701,-22.56,-476.37,-117.26,15.45
1702,-39.51,-479.98,-111.39,17.64
1703,-28.28,-466.9,-112.17,16.31
1704,-17.87,-484.75,-117.86,9.47
1705,5.85,-462.17,-114.5,14.42
1706,-11.51,-444.46,-115.57,17.91
1707,-23.91,-486.39,-111.11,21.78
1708,-26.34,-476.47,-108.66,21.02
1709,-15.56,-475.02,-107.28,20.99
1710,-14.14,-472.29,-113.47,23.09
1711,-25.93,-472.44,-114.9,20.18
1712,-28.24,-481.64,-114.33,18.44
1713,-40.33,-453.48,-110.85,23.11
1714,-47.49,-453.9,-109.19,23.6
1715,-13.64,-460.7,-113.22,17.54
1716,37.17,-458.06,-112.26,22.31
1717,-48.17,-494.75,-113.79,20.69
1718,17.25,-416.57,-116.51,16.42
1719,-8.15,-461.55,-115.47,15.54
1720,-36.83,-531.57,-111.99,23.53
1721,-66.53,-478.65,-111.0,15.12
1722,-13.39,-492.46,-110.22,17.8
1723,3.93,-478.37,-117.27,21.24
1724,-18.48,-475.62,-114.93,18.16
1725,-0.57,-472.76,-114.3,21.04
1726,-8.53,-478.08,-120.57,21.0
1727,-48.84,-476.3,-119.54,19.74
1728,-22.0,-474.34,-122.18,12.34
1729,1.21,-469.0,-114.49,20.16
1730,-23.58,-464.45,-119.67,19.32
1731,-21.74,-413.01,-117.44,19.35
1732,-36.61,-509.71,-114.93,23.83
1733,-49.22,-497.97,-117.89,26.37
1734,10.83,-473.81,-125.03,21.48
1735,-25.07,-440.79,-122.49,17.37
1736,-0.0,-474.44,-121.17,23.74
1737,-11.08,-458.03,-118.29,22.47
1738,-34.07,-475.3,-116.45,23.27
1739,-30.16,-480.29,-113.77,18.48
1740,-1.05,-487.21,-116.42,17.76
1741,-16.9,-477.54,-114.23,24.39
1742,-27.1,-473.05,-112.56,20.57
1743,-50.64,-460.24,-116.7,22.33
1744,-54.01,-486.77,-113.72,21.0
1745,3.45,-469.61,-113.11,22.65
1746,2.96,-467.84,-116.04,16.58
1747,6.72,-469.92,-117.2,17.88
1748,-17.58,-455.95,-111.36,19.13
1749,-5.5,-460.33,-111.82,12.44
1750,-21.82,-470.24,-112.0,9.29
1751,-18.12,-461.46,-110.66,16.39
1752,-28.69,-468.13,-113.67,14.06
1753,-21.19,-486.7,-113.13,17.92
1754,-22.34,-445.68,-110.81,15.48
1755,-46.97,-457.37,-113.97,14.36
1756,-24.41,-477.14,-118.87,10.76
1757,24.76,-499.38,-120.45,15.78
1758,-13.7,-477.05,-115.86,15.63
1759,-28.05,-488.97,-115.65,18.22
1760,-17.09,-446.31,-114.35,18.07
1761,-26.31,-442.08,-112.94,18.48
1762,-6.53,-467.64,-112.77,16.37
1763,-40.33,-512.84,-108.43,19.48
1764,-67.32,-444.66,-104.0,19.58
1765,19.95,-453.09,-110.35,19.79
1766,-10.43,-489.96,-112.4,15.21
1767,-3.23,-490.59,-115.19,15.4
1768,-34.42,-449.5,-114.19,15.13
1769,-15.13,-465.47,-116.56,14.74
1770,-39.25,-456.71,-107.74,20.88
1771,-1.79,-482.45,-108.93,19.49
1772,-21.64,-475.57,-108.7,15.79
1773,-18.73,-468.64,-111.12,20.55
1774,-1.26,-471.84,-115.26,16.91
1775,-21.82,-472.74,-107.94,16.66
1776,-23.52,-474.81,-113.17,19.13
1777,-25.86,-470.81,-113.09,18.61
1778,-37.0,-488.23,-107.02,12.84
1779,-7.93,-451.82,-114.97,13.96
1780,-4.72,-436.91,-110.02,16.03
1781,-19.57,-448.74,-108.64,15.99
1782,-35.54,-475.01,-108.98,15.67
1783,-28.8,-493.05,-106.13,16.98
1784,-7.92,-478.67,-113.64,18.98
1785,-12.0,-474.69,-109.21,16.61
1786,-23.43,-474.54,-105.12,16.1
1787,-69.18,-470.92,-102.94,12.9
1788,-76.0,-417.17,-106.67,12.24
1789,78.29,-487.6,-117.21,11.84
1790,-7.9,-471.77,-110.17,20.34
1791,-18.38,-489.5,-105.72,22.57
1792,-27.44,-491.52,-103.51,23.17
1793,-13.75,-485.35,-110.47,19.9
1794,-14.35,-478.92,-109.3,21.65
1795,-22.3,-461.88,-106.42,22.16
1796,-33.38,-484.32,-109.1,20.42
1797,-53.94,-463.92,-101.95,23.18
1798,1.84,-398.4,-115.64,14.41
1799,-22.24,-499.75,-112.84,20.61
1800,-2.37,-478.11,-115.22,18.94
1801,-4.18,-474.12,-118.05,25.85
1802,-29.17,-481.84,-109.85,18.46
1803,3.04,-482.06,-108.01,20.36
1804,-11.93,-475.71,-115.2,18.52
1805,-18.95,-471.64,-109.77,17.69
1806,-31.9,-478.61,-102.15,17.43
1807,-26.25,-481.59,-104.95,20.03
1808,-19.79,-465.52,-105.33,21.74
1809,-46.72,-405.72,-109.73,15.78
1810,27.75,-404.37,-116.56,15.38
1811,-33.97,-554.59,-113.13,23.91
1812,3.29,-499.64,-115.77,24.97
1813,-12.59,-471.86,-113.61,21.72
1814,-1.25,-471.64,-111.19,23.0
1815,-29.67,-473.57,-109.47,21.61
1816,-6.27,-479.81,-110.95,21.22
1817,-14.76,-480.87,-110.65,24.47
1818,-23.9,-477.95,-106.11,23.08
1819,-51.74,-479.64,-100.83,17.92
1820,-37.28,-472.35,-92.27,23.33
1821,-4.85,-456.12,-116.78,24.27
1822,-29.93,-442.76,-111.18,20.22
1823,-27.92,-492.52,-114.52,16.29
1824,-5.84,-399.24,-111.31,15.68
1825,43.81,-411.91,-112.13,13.83
1826,-9.08,-555.52,-106.74,24.19
1827,-16.87,-501.79,-108.76,21.15
1828,-19.7,-482.91,-101.57,21.21
1829,-24.79,-482.71,-104.67,18.81
1830,-19.02,-482.48,-110.33,20.17
1831,-39.33,-474.05,-104.53,19.74
1832,-12.93,-469.23,-109.35,18.06
1833,-63.01,-463.08,-108.42,21.89
1834,-57.77,-470.01,-104.1,27.2
1835,-46.87,-468.43,-105.61,20.42
1836,38.26,-470.48,-114.04,20.38
1837,34.18,-476.9,-111.96,15.27
1838,1.52,-470.14,-110.43,19.04
1839,-3.13,-464.39,-106.32,20.06
1840,-28.13,-492.94,-99.57,23.42
1841,-44.05,-476.71,-103.28,24.93
1842,-1.12,-408.12,-116.61,25.21
1843,-5.68,-449.53,-111.69,24.97
1844,-16.4,-483.09,-106.37,18.78
1845,-27.52,-504.67,-112.59,20.92
1846,-27.08,-485.13,-108.75,17.77
1847,-39.21,-476.58,-105.62,22.31
1848,-23.63,-482.16,-107.39,19.93
1849,-3.5,-459.74,-107.22,22.56
1850,-26.87,-483.5,-104.5,20.79
1851,-28.45,-478.49,-106.86,19.44
1852,-7.73,-424.26,-115.33,20.2
1853,-17.99,-484.59,-111.36,19.53
1854,-10.81,-476.22,-109.96,19.95
1855,-31.0,-476.47,-114.03,20.97
1856,-24.6,-478.06,-109.57,18.31
1857,-4.89,-460.9,-105.5,20.96
1858,-100.35,-407.54,-103.23,22.35
1859,31.07,-456.33,-111.22,18.72
1860,14.3,-506.05,-110.57,19.51
1861,-26.8,-500.93,-109.44,21.83
1862,-18.91,-467.86,-107.42,22.26
1863,-2.46,-480.11,-106.76,21.08
1864,-5.71,-470.96,-109.64,21.69
1865,-22.12,-476.07,-109.53,22.13
1866,-24.96,-460.29,-108.34,18.44
1867,-35.03,-482.84,-103.8,20.44
1868,-36.65,-468.2,-102.79,15.43
1869,-39.02,-433.2,-107.97,20.29
1870,-89.97,-481.14,-105.33,22.11
1871,74.96,-454.54,-108.18,21.08
1872,8.11,-460.4,-106.36,20.23
1873,-21.91,-477.23,-104.77,24.3
1874,5.83,-453.58,-107.24,22.2
1875,-16.1,-500.62,-100.62,19.11
1876,-19.29,-484.29,-105.37,18.52
1877,-15.57,-481.21,-104.28,18.7
1878,-23.15,-468.95,-106.18,19.83
1879,-19.96,-474.31,-100.15,18.96
1880,-42.4,-479.13,-104.58,22.27
1881,-49.79,-476.65,-92.73,21.84
1882,2.71,-476.26,-100.16,21.81
1883,1.72,-450.73,-115.23,17.32
1884,-29.84,-423.9,-112.7,15.53
1885,-17.56,-519.1,-105.9,21.6
1886,-46.83,-470.83,-97.68,26.85
1887,28.43,-474.72,-107.81,21.35
1888,-10.65,-450.81,-103.51,19.0
1889,-24.7,-464.75,-100.34,22.88
1890,-17.21,-451.83,-103.04,25.93
1891,-41.46,-470.44,-100.47,25.73
1892,-77.3,-486.27,-100.18,25.5
1893,42.05,-444.79,-112.7,16.51
1894,-0.22,-439.12,-111.47,23.1
1895,-1.7,-492.54,-109.2,24.69
1896,-28.74,-517.03,-106.11,28.89
1897,-18.3,-487.06,-105.97,25.75
1898,-36.77,-472.61,-101.93,24.67
1899,-50.4,-467.0,-101.54,22.52
1900,14.25,-480.89,-105.59,23.67
1901,-21.85,-474.68,-105.19,25.85
1902,-14.03,-482.71,-106.03,24.71
1903,-16.29,-465.02,-101.1,24.01
1904,-36.05,-473.35,-100.9,21.34
1905,-18.97,-467.83,-101.88,24.6
1906,-22.22,-470.87,-100.68,31.33
1907,-30.23,-478.01,-100.34,21.78
1908,-24.76,-468.44,-105.99,22.83
1909,-33.85,-474.87,-100.53,20.38
1910,-22.57,-466.76,-111.38,20.6
1911,-5.24,-467.28,-106.82,20.81
1912,-0.39,-470.96,-107.68,19.88
1913,-64.86,-465.31,-107.24,22.87
1914,20.72,-478.09,-108.43,20.5
1915,-21.96,-455.24,-106.19,17.29
1916,-2.83,-479.89,-107.02,20.66
1917,-19.07,-470.74,-106.33,21.27
1918,-24.73,-444.98,-103.4,21.5
1919,-2.4,-489.49,-103.88,19.61
1920,-21.21,-480.74,-103.58,18.83
1921,-40.38,-473.36,-99.2,17.03
1922,-18.57,-466.34,-103.35,21.1
1923,-6.47,-470.02,-114.38,20.48
1924,-11.4,-470.69,-108.76,20.04
1925,-24.58,-474.46,-107.16,20.13
1926,-31.12,-485.02,-108.7,16.8
1927,-39.1,-476.52,-107.33,17.16
1928,-35.8,-451.25,-108.13,20.03
1929,-33.6,-443.68,-103.65,22.85
1930,19.42,-490.13,-117.72,14.94
1931,-6.05,-475.28,-110.55,24.58
1932,-29.6,-462.6,-108.94,25.72
1933,-11.58,-491.79,-108.65,26.76
1934,-6.45,-421.22,-106.09,26.77
1935,-32.83,-457.9,-108.69,20.04
1936,-4.47,-489.42,-111.62,17.97
1937,-17.08,-472.76,-108.84,20.43
1938,-38.7,-429.16,-111.02,21.49
1939,10.52,-462.16,-118.42,12.68
1940,-31.86,-507.58,-111.91,21.63
1941,-5.4,-478.4,-107.93,23.74
1942,-33.48,-453.22,-108.11,22.58
1943,-25.88,-456.55,-105.81,25.36
1944,-2.11,-504.19,-109.71,24.66
1945,-0.93,-440.57,-108.1,26.83
1946,-8.38,-476.37,-111.97,24.19
1947,-12.67,-488.13,-113.32,26.22
1948,-19.25,-456.76,-110.53,25.05
1949,-24.92,-496.99,-114.0,27.23
1950,-21.98,-480.23,-109.26,28.05
1951,-20.52,-463.87,-107.69,30.88
1952,-0.6,-470.69,-113.69,27.5
1953,2.21,-452.27,-107.82,22.1
1954,-21.71,-485.9,-105.77,27.91
1955,-48.38,-475.53,-107.05,28.01
1956,8.32,-472.05,-107.73,24.17
1957,-8.04,-457.99,-110.01,26.67
1958,-20.58,-423.19,-105.23,23.25
1959,-66.94,-491.43,-104.31,25.51
1960,-48.19,-514.71,-100.85,20.66
1961,-27.65,-452.66,-99.08,25.21
1962,31.09,-448.77,-107.19,21.66
1963,1.88,-471.81,-106.4,25.75
1964,-49.59,-472.37,-105.09,20.99
1965,18.66,-478.51,-103.4,23.98
1966,-4.79,-480.78,-108.4,25.75
1967,-18.49,-488.01,-105.36,31.93
1968,-25.97,-444.75,-106.68,27.44
1969,-43.15,-490.26,-106.39,27.04
1970,-8.14,-480.26,-110.73,26.85
1971,-25.35,-474.35,-108.56,28.92
1972,-14.31,-441.41,-107.03,22.29
1973,-25.7,-487.52,-106.96,21.27
1974,-9.91,-486.11,-110.34,22.27
1975,-16.75,-449.99,-110.28,22.01
1976,-33.25,-459.6,-112.22,20.1
1977,-26.64,-483.15,-105.14,23.12
1978,-9.52,-479.88,-110.75,27.59
1979,-4.64,-469.57,-109.95,25.66
1980,-23.87,-479.17,-111.51,27.39
1981,-13.63,-470.92,-107.67,22.45
1982,-21.93,-458.28,-106.81,23.05
1983,-80.88,-458.81,-103.8,27.47
1984,-5.56,-462.51,-105.94,22.04
1985,4.06,-484.25,-112.35,20.8
1986,2.6,-473.45,-110.0,21.24
1987,-17.69,-492.14,-105.93,22.11
1988,-27.98,-457.84,-113.62,18.84
1989,-15.63,-472.12,-104.51,20.2
1990,-16.64,-483.95,-104.74,21.55
1991,-44.97,-476.08,-103.46,18.96
1992,-114.06,-481.1,-98.27,18.7
1993,45.23,-464.56,-105.86,20.69
1994,10.35,-464.04,-109.3,21.77
1995,-39.04,-442.39,-110.95,20.09
1996,18.26,-464.68,-117.6,21.67
1997,-26.36,-499.33,-104.5,22.2
1998,-7.66,-487.26,-108.27,17.31
1999,-16.61,-467.02,-108.1,19.79
2000,-14.24,-448.47,-108.59,13.88
2001,-27.97,-473.91,-111.71,17.48
2002,-45.77,-466.14,-105.63,21.15
2003,-27.18,-442.73,-106.02,22.93
2004,-3.23,-497.81,-110.31,24.15
2005,-19.94,-467.58,-107.98,20.75
2006,-10.48,-465.3,-114.4,16.29
2007,-21.94,-469.58,-110.18,15.69
2008,-12.49,-458.22,-107.47,15.89
2009,-19.93,-438.14,-107.14,12.32
2010,-41.35,-502.94,-103.86,18.59
2011,-19.93,-468.39,-104.69,19.54
2012,-60.11,-482.41,-110.47,16.26
2013,-14.92,-453.49,-109.77,23.26
2014,26.1,-460.85,-113.87,23.64
2015,-5.31,-448.96,-114.37,18.56
2016,-9.48,-465.24,-113.57,20.52
2017,-12.09,-463.89,-113.34,22.18
2018,-15.36,-489.26,-110.93,16.03
2019,-44.91,-481.86,-105.2,19.27
2020,-31.43,-474.08,-101.77,18.8
2021,9.3,-440.54,-111.78,19.47
2022,-49.72,-460.51,-114.09,14.63
2023,1.05,-489.13,-108.49,22.52
2024,9.72,-482.45,-108.34,23.25
2025,-7.45,-475.81,-103.65,20.22
2026,-20.02,-483.52,-103.33,21.45
2027,-25.91,-476.14,-105.38,22.2
2028,-17.04,-467.47,-106.91,19.7
2029,-22.97,-474.65,-109.12,19.73
2030,-26.98,-479.14,-107.61,18.0
2031,-15.66,-470.88,-111.91,18.36
2032,-29.54,-463.42,-105.94,16.79
2033,-50.4,-460.08,-110.44,16.81
2034,-5.78,-475.31,-110.93,12.9
2035,-6.1,-427.04,-107.34,17.56
2036,2.27,-496.21,-114.08,16.65
2037,-25.39,-485.56,-106.89,21.11
2038,-27.88,-470.4,-109.54,19.94
2039,-18.53,-466.4,-110.76,22.35
2040,-0.8,-469.56,-108.29,23.1
2041,-13.8,-439.33,-110.45,19.3
2042,-39.08,-494.47,-100.55,23.59
2043,-40.51,-481.2,-108.11,22.5
2044,6.54,-470.45,-112.62,22.26
2045,-28.47,-468.98,-110.23,24.28
2046,-53.22,-444.97,-101.04,25.38
2047,23.4,-457.63,-111.12,20.77
2048,-40.5,-426.44,-101.57,22.17
2049,1.41,-468.8,-108.44,19.0
2050,15.33,-491.1,-110.68,20.51
2051,-4.11,-500.61,-107.57,25.45
2052,-23.25,-484.4,-102.62,25.63
2053,-22.7,-484.88,-101.81,29.71
2054,-38.17,-478.03,-109.22,27.77
2055,-8.77,-409.26,-101.73,28.39
2056,-1.8,-500.68,-109.15,23.06
2057,-17.13,-492.52,-108.2,24.9
2058,-16.71,-471.59,-107.65,24.58
2059,-14.25,-469.18,-105.97,18.54
2060,-22.32,-477.82,-106.98,24.03
2061,-33.8,-468.73,-104.44,21.81
2062,-52.71,-468.9,-110.58,22.02
2063,28.58,-435.19,-113.15,21.32
2064,-13.28,-472.59,-107.87,25.44
2065,-13.79,-476.91,-112.57,21.52
2066,-8.33,-476.73,-108.29,19.74
2067,-26.97,-487.97,-103.88,20.78
2068,-61.21,-456.74,-98.75,21.65
2069,-17.83,-443.68,-106.28,17.06
2070,7.2,-496.17,-107.17,20.96
2071,-18.43,-470.19,-109.22,22.12
2072,-12.51,-466.75,-109.44,22.33
2073,-1.64,-467.17,-105.24,27.65
2074,-16.5,-461.57,-108.64,27.45
2075,-20.8,-464.7,-107.31,20.14
2076,-41.25,-436.76,-102.48,19.45
2077,-27.4,-440.16,-106.33,16.87
2078,10.34,-462.25,-112.72,14.52
2079,-47.12,-514.82,-100.69,20.33
2080,16.09,-490.68,-104.91,14.75
2081,-15.0,-479.34,-107.25,11.19
2082,-24.9,-470.3,-108.03,16.2
2083,-14.59,-468.88,-108.23,17.06
2084,-23.31,-465.87,-114.85,19.44
2085,-39.8,-446.51,-109.26,18.84
2086,-6.59,-477.61,-103.04,18.51
2087,-26.66,-480.63,-107.08,17.75
2088,-6.73,-454.14,-110.06,19.42
2089,-27.11,-468.05,-107.69,14.43
2090,-33.59,-461.59,-107.36,17.1
2091,-67.31,-449.4,-100.58,17.98
2092,-16.78,-403.37,-107.37,11.31
2093,-11.7,-513.17,-108.16,11.09
2094,0.83,-501.8,-106.62,20.39
2095,-17.88,-486.12,-105.67,16.31
2096,-23.22,-468.22,-107.04,13.97
2097,5.93,-459.82,-107.22,18.86
2098,1.1,-463.01,-113.39,11.78
2099,-22.38,-475.52,-112.48,8.48
2100,-18.87,-469.33,-101.21,20.76
2101,-18.65,-469.22,-108.0,15.7
2102,-29.2,-480.75,-105.32,16.69
2103,-22.84,-471.59,-100.0,20.11
2104,-20.9,-469.51,-107.73,21.05
2105,-14.88,-458.39,-104.31,21.99
2106,-27.28,-459.88,-105.09,17.81
2107,-6.56,-459.63,-99.22,21.49
2108,-43.25,-488.91,-101.96,20.54
2109,2.98,-442.62,-105.12,19.34
2110,-54.09,-460.71,-108.79,18.57
2111,-16.9,-451.91,-105.29,21.18
2112,-18.74,-472.19,-104.17,18.08
2113,-34.69,-502.69,-101.84,20.26
2114,2.88,-471.52,-98.76,21.88
2115,-7.65,-475.66,-105.34,15.06
2116,-14.27,-481.06,-107.41,20.65
2117,-36.4,-475.53,-107.88,18.13
2118,-8.85,-452.88,-114.58,15.14
2119,-34.17,-482.34,-110.06,15.27
2120,-5.79,-455.49,-106.26,19.24
2121,-19.2,-470.82,-106.13,14.15
2122,-22.06,-454.89,-106.05,17.13
2123,-28.43,-482.91,-105.61,13.64
2124,-7.99,-493.17,-105.86,9.7
2125,-22.68,-478.38,-101.99,13.0
2126,-38.79,-474.01,-99.42,11.4
2127,-20.3,-480.67,-109.42,16.44
2128,-40.71,-463.0,-104.87,18.27
2129,-25.88,-457.4,-102.19,18.86
2130,-15.38,-480.02,-102.25,20.68
2131,13.08,-445.49,-108.65,22.02
2132,-3.04,-449.88,-106.22,20.92
2133,-4.04,-456.19,-107.42,12.7
2134,-31.48,-513.81,-100.88,22.12
2135,-28.38,-485.27,-102.95,16.53
2136,-20.85,-477.1,-107.94,20.0
2137,-17.48,-457.95,-108.48,18.28
2138,-10.16,-415.96,-101.1,20.09
2139,-23.24,-505.03,-104.6,24.0
2140,-25.22,-502.78,-103.18,19.91
2141,-25.59,-465.91,-100.07,22.03
2142,-40.61,-508.67,-108.94,18.01
2143,-34.68,-478.97,-99.88,19.31
2144,-26.4,-433.46,-101.07,20.84
2145,14.03,-467.82,-98.39,21.71
2146,5.68,-463.51,-101.82,22.0
2147,-1.83,-442.85,-104.24,20.58
2148,-19.08,-479.83,-100.37,20.89
2149,-20.89,-484.5,-101.18,22.12
2150,-54.22,-451.68,-102.41,16.2
2151,-9.96,-472.04,-99.96,25.48
2152,0.88,-439.46,-103.76,21.8
2153,-11.83,-494.21,-102.78,20.55
2154,-11.71,-495.07,-103.55,25.24
2155,-24.36,-492.82,-102.54,27.9
2156,-17.72,-467.19,-102.34,23.43
2157,-26.43,-458.55,-102.82,17.72
2158,-61.47,-464.98,-93.24,24.51
2159,0.7,-501.65,-104.23,16.58
2160,-2.66,-466.3,-105.64,19.25
2161,-10.72,-465.51,-102.65,19.36
2162,4.17,-447.39,-105.77,17.34
2163,-7.54,-471.89,-111.58,18.92
2164,-23.73,-496.08,-103.85,25.78
2165,-7.91,-446.93,-104.91,20.6
2166,-17.29,-464.32,-106.79,20.31
2167,-33.92,-475.87,-104.23,22.5
2168,-42.02,-479.31,-95.78,17.85
2169,-38.3,-504.95,-98.88,16.47
2170,-28.71,-471.34,-102.9,14.31
2171,-16.68,-470.21,-100.55,17.85
2172,18.87,-460.76,-112.02,17.26
2173,-1.04,-493.82,-110.35,17.51
2174,-25.33,-472.51,-110.24,16.43
2175,-6.53,-473.51,-104.12,16.59
2176,-55.63,-488.79,-108.54,9.05
2177,-33.2,-465.27,-104.72,13.67
2178,-61.47,-438.72,-96.69,15.79
2179,18.22,-495.89,-110.03,12.42
2180,22.57,-461.4,-111.82,19.32
2181,-18.76,-484.59,-110.53,18.11
2182,8.44,-475.61,-106.91,18.76
2183,-8.52,-468.55,-107.98,14.22
2184,-18.15,-457.25,-108.25,17.84
2185,-22.53,-453.55,-104.0,18.4
2186,-31.67,-488.09,-106.24,15.8
2187,-27.62,-500.54,-102.54,20.26
2188,-17.5,-468.45,-99.4,17.91
2189,-47.14,-479.83,-100.14,20.6
2190,-60.04,-472.76,-103.69,16.53
2191,11.81,-468.76,-104.28,18.71
2192,-10.5,-471.78,-104.28,24.34
2193,14.18,-461.96,-106.32,18.47
2194,-46.36,-476.89,-106.59,19.61
2195,-33.4,-477.74,-102.69,15.03
2196,-23.12,-470.09,-108.25,18.88
2197,-8.48,-434.96,-105.76,17.36
2198,-22.44,-452.56,-110.9,12.03
2199,-41.27,-508.76,-101.12,15.57
2200,0.19,-483.19,-108.66,12.9
2201,-28.34,-479.54,-102.72,15.54
2202,-30.9,-476.47,-104.04,16.79
2203,-27.46,-477.84,-102.9,13.99
2204,-17.73,-464.89,-104.21,20.92
2205,-39.75,-466.76,-104.07,21.08
2206,3.21,-474.8,-109.25,16.49
2207,2.21,-454.6,-107.9,19.5
2208,-34.08,-444.5,-108.48,21.67
2209,-26.74,-499.26,-107.44,22.99
2210,1.99,-464.28,-99.69,17.37
2211,-16.93,-458.72,-100.52,19.8
2212,-16.93,-467.45,-106.72,19.49
2213,-25.43,-478.51,-105.88,20.97
2214,-25.53,-471.67,-99.94,21.42
2215,-28.94,-457.41,-98.62,20.15
2216,-81.68,-429.4,-100.54,21.85
2217,4.26,-447.43,-108.3,14.65
2218,-65.27,-510.41,-106.71,21.44
2219,40.96,-483.39,-111.76,23.68
2220,-5.18,-489.26,-116.07,21.72
2221,-16.58,-461.04,-102.59,27.99
2222,-11.64,-475.36,-106.2,24.68
2223,-21.37,-486.71,-107.07,27.49
2224,-23.82,-462.1,-109.33,27.08
2225,-32.18,-466.76,-105.52,22.22
2226,-37.41,-477.24,-101.33,20.5
2227,-19.53,-464.04,-102.14,20.86
2228,-16.12,-418.55,-108.06,23.39
2229,-4.68,-497.72,-97.82,28.48
2230,-17.59,-442.42,-111.79,24.66
2231,-25.98,-434.14,-104.78,29.81
2232,-23.92,-493.18,-111.06,24.23
2233,-37.0,-503.38,-111.94,22.47
2234,-8.45,-481.55,-107.02,23.47
2235,-28.25,-471.31,-107.38,22.7
2236,-34.61,-488.17,-102.62,22.94
2237,-21.52,-457.19,-106.03,28.47
2238,-6.53,-460.74,-116.02,25.96
2239,-62.65,-484.93,-109.23,29.29
2240,-23.33,-466.11,-102.63,30.14
2241,-14.56,-474.0,-104.69,26.55
2242,-8.88,-470.73,-106.21,27.45
2243,-8.1,-458.01,-110.37,23.2
2244,-10.85,-473.44,-106.62,25.36
2245,-24.24,-445.98,-105.94,29.66
2246,-13.37,-461.72,-108.27,21.17
2247,-21.05,-490.76,-110.67,20.7
2248,-26.22,-484.52,-110.33,26.57
2249,-25.2,-484.82,-109.04,28.21
2250,-42.54,-473.62,-108.62,29.16
2251,-17.29,-433.78,-103.55,26.5
2252,-8.09,-468.46,-112.83,24.8
2253,-26.91,-492.41,-110.44,25.81
2254,-3.37,-470.44,-113.43,20.33
2255,-24.83,-457.71,-109.37,21.04
2256,-50.45,-486.51,-106.38,19.29
2257,-9.91,-451.61,-110.89,20.53
2258,-23.57,-480.55,-105.35,19.84
2259,-14.5,-456.94,-104.95,22.29
2260,-27.62,-449.98,-109.34,24.34
2261,-14.65,-504.39,-110.93,25.8
2262,-18.71,-463.49,-111.64,26.38
2263,-50.16,-480.99,-114.95,23.54
2264,-23.73,-469.35,-110.06,25.08
2265,-6.91,-463.52,-112.04,25.64
2266,-46.46,-467.93,-107.39,20.3
2267,-17.47,-470.01,-111.64,23.92
2268,-16.97,-464.01,-109.6,18.12
2269,1.63,-434.8,-109.62,16.86
2270,-18.73,-481.58,-108.83,20.05
2271,-27.68,-469.69,-107.36,22.08
2272,-30.03,-418.64,-104.69,21.43
2273,-37.05,-543.35,-108.04,25.48
2274,-23.82,-491.17,-109.38,24.07
2275,-2.78,-477.12,-113.49,19.12
2276,-14.54,-451.66,-113.95,5.86
2277,-19.97,-462.65,-108.27,24.1
2278,-12.36,-425.73,-104.62,26.73
2279,-15.75,-439.17,-107.2,16.72
2280,-38.9,-507.36,-102.01,29.4
2281,-27.23,-501.76,-105.78,28.31
2282,-18.48,-480.72,-101.18,28.52
2283,-36.29,-478.28,-106.53,25.54
2284,-39.72,-470.05,-106.99,21.53
2285,-32.5,-447.03,-99.19,23.9
2286,-43.69,-479.93,-105.42,23.76
2287,19.55,-497.8,-106.47,20.12
2288,-43.81,-483.09,-99.96,22.5
2289,25.27,-468.87,-112.96,20.0
2290,-2.18,-453.6,-112.97,17.69
2291,-18.26,-462.01,-108.0,18.38
2292,-25.74,-489.82,-109.92,19.64
2293,-11.94,-472.0,-112.1,18.04
2294,-22.12,-478.91,-110.65,19.19
2295,-36.36,-459.65,-113.51,18.36
2296,-16.99,-481.73,-112.9,13.26
2297,-27.72,-494.53,-111.97,20.98
2298,-37.25,-478.25,-109.04,18.35
2299,-8.38,-455.6,-114.95,18.62
2300,-8.09,-479.72,-109.61,16.3
2301,-16.37,-446.17,-107.01,14.25
2302,-37.4,-464.27,-105.35,10.17
2303,-17.25,-474.15,-104.62,10.57
2304,-52.34,-495.01,-98.03,12.39
2305,-32.23,-443.76,-107.5,18.27
2306,0.75,-451.02,-102.85,14.8
2307,4.74,-423.52,-112.35,12.56
2308,0.09,-486.96,-104.89,17.93
2309,-17.97,-465.92,-101.24,11.48
2310,-22.66,-508.71,-107.58,16.22
2311,-29.22,-478.02,-104.08,17.91
2312,-19.5,-469.82,-103.29,15.06
2313,-32.64,-474.42,-98.3,15.26
2314,-19.56,-460.42,-102.64,11.82
2315,-19.63,-471.6,-107.09,14.66
2316,-11.85,-469.27,-106.61,9.72
2317,-11.69,-472.19,-104.98,14.49
2318,-8.55,-470.03,-110.12,15.18
2319,-19.52,-471.93,-110.72,12.88
2320,-29.85,-468.69,-110.59,10.12
2321,-23.15,-436.79,-107.93,14.36
2322,-42.67,-482.0,-110.85,15.3
2323,-7.92,-485.32,-108.26,16.48
2324,-33.75,-473.55,-106.1,18.5
2325,-28.49,-465.99,-105.73,17.26
2326,7.09,-463.61,-103.96,16.17
2327,-17.3,-458.04,-107.08,18.48
2328,-34.37,-462.94,-105.13,11.38
2329,-55.11,-468.25,-104.3,12.81
2330,18.53,-467.75,-110.74,15.05
2331,-17.12,-492.66,-111.51,13.01
2332,-31.09,-470.24,-102.88,13.41
2333,-25.22,-470.53,-103.21,17.92
2334,-30.24,-494.13,-103.83,17.72
2335,-65.2,-479.11,-103.06,16.25
2336,40.07,-412.2,-112.98,7.26
2337,-29.37,-484.67,-105.45,18.6
2338,-8.11,-497.05,-100.01,22.39
2339,-19.15,-478.42,-103.01,17.1
2340,-13.48,-470.72,-105.04,16.75
2341,-19.93,-466.71,-101.47,14.22
2342,-34.56,-459.98,-103.76,16.57
2343,-107.89,-458.41,-98.02,17.32
2344,34.58,-371.53,-96.24,11.2
2345,23.1,-513.03,-108.42,12.78
2346,-5.37,-516.63,-105.25,13.28
2347,-14.79,-492.95,-100.86,15.01
2348,-22.91,-477.02,-97.06,16.92
2349,-20.61,-475.24,-104.57,16.79
2350,-17.93,-472.43,-103.67,16.45
2351,-26.7,-471.05,-102.34,15.12
2352,-30.68,-463.65,-101.09,14.37
2353,-91.93,-488.71,-93.82,18.13
2354,-16.24,-457.42,-104.43,18.11
2355,30.84,-453.5,-111.51,17.12
2356,-4.84,-470.47,-106.93,20.65
2357,-8.64,-484.66,-106.73,17.98
2358,-13.42,-462.98,-98.71,15.1
2359,-21.39,-469.67,-104.38,13.73
2360,-19.81,-475.46,-105.58,14.85
2361,-37.46,-479.81,-99.69,13.34
2362,-62.58,-483.66,-92.56,13.89
2363,-7.91,-340.87,-106.15,13.09
2364,4.13,-524.03,-112.68,17.42
2365,-23.4,-488.87,-105.21,19.79
2366,5.93,-469.04,-105.9,12.95
2367,-1.06,-483.35,-105.29,11.84
2368,-15.38,-471.15,-102.71,15.51
2369,-18.18,-472.55,-100.84,14.44
2370,-18.45,-465.91,-105.54,12.79
2371,-31.88,-456.41,-108.36,11.98
2372,-75.31,-489.32,-96.73,12.74
2373,-52.33,-483.05,-96.74,18.7
2374,41.5,-465.82,-106.01,10.77
2375,-17.56,-464.35,-106.47,17.36
2376,-22.62,-451.24,-105.87,12.79
2377,-7.44,-487.85,-102.03,13.53
2378,-14.45,-471.08,-102.19,10.58
2379,-37.01,-489.62,-100.09,10.81
2380,-58.08,-485.17,-100.25,18.4
2381,12.77,-444.99,-109.37,9.96
2382,-15.81,-464.16,-103.73,14.85
2383,3.58,-475.27,-106.86,11.75
2384,-7.58,-468.49,-101.9,13.94
2385,-21.38,-469.1,-99.26,16.1
2386,-36.07,-477.47,-101.43,13.36
2387,-29.66,-462.19,-99.29,16.51
2388,-30.12,-449.77,-94.39,16.05
2389,-6.32,-392.28,-104.89,9.07
2390,-12.22,-497.62,-107.58,21.7
2391,-25.98,-541.42,-104.24,19.19
2392,-21.38,-472.94,-104.52,14.94
2393,-6.81,-471.0,-105.44,14.36
2394,-14.71,-471.96,-108.48,8.21
2395,-56.09,-473.54,-98.81,15.56
2396,8.49,-462.65,-100.23,13.8
2397,-65.2,-495.8,-98.74,11.51
2398,-69.67,-408.83,-94.75,13.62
2399,24.29,-464.97,-101.13,9.71
2400,26.17,-474.28,-105.45,14.17
2401,0.05,-473.87,-105.74,18.66
2402,-14.94,-487.18,-101.43,20.83
2403,-18.02,-475.75,-99.2,17.72
2404,-23.61,-476.65,-100.9,24.47
2405,-29.9,-471.75,-98.23,23.84
2406,-47.76,-457.57,-97.53,23.37
2407,-20.87,-483.95,-100.48,24.2
2408,-11.61,-469.04,-105.92,23.57
2409,-19.83,-468.53,-98.62,28.46
2410,-21.82,-476.59,-100.31,29.46
2411,-33.0,-465.99,-104.32,30.51
2412,-17.49,-459.64,-100.24,27.36
2413,-16.57,-476.93,-109.3,31.53
2414,-22.75,-457.29,-97.49,28.79
2415,-20.21,-464.39,-102.16,26.34
2416,-39.13,-475.54,-93.86,25.29
2417,-132.4,-484.78,-88.43,32.75
2418,35.67,-391.09,-114.03,25.05
2419,40.9,-402.43,-116.51,19.83
2420,2.07,-481.21,-110.0,26.94
2421,-10.51,-505.47,-105.47,29.9
2422,-18.89,-503.73,-104.73,21.53
2423,-19.77,-494.19,-109.55,23.91
2424,-73.91,-493.04,-104.34,25.4
2425,15.99,-469.3,-103.22,20.89
2426,-23.83,-484.65,-102.85,15.55
2427,-22.78,-466.65,-104.72,23.98
2428,-16.82,-462.0,-108.2,19.48
2429,-7.77,-431.61,-103.63,19.37
2430,-29.6,-454.48,-103.72,20.21
2431,-38.6,-493.86,-104.32,22.15
2432,-3.49,-477.56,-107.14,22.23
2433,-21.18,-460.67,-111.64,20.63
2434,-0.49,-478.97,-108.76,23.51
2435,-11.36,-479.87,-108.43,24.11
2436,-23.26,-491.03,-106.05,21.44
2437,-16.78,-459.68,-104.35,21.86
2438,-9.38,-454.54,-103.57,23.72
2439,-17.3,-481.87,-109.28,23.16
2440,-22.7,-477.89,-102.84,20.32
2441,-34.97,-481.59,-105.19,18.49
2442,-39.26,-441.55,-103.42,17.81
2443,-42.78,-504.73,-98.04,23.66
2444,-29.51,-471.51,-97.93,19.5
2445,16.03,-459.8,-110.66,23.81
2446,-9.74,-459.52,-113.19,22.18
2447,-0.93,-469.2,-109.54,21.8
2448,-1.21,-469.91,-109.19,21.44
2449,-15.82,-472.0,-107.44,22.78
2450,-35.52,-477.97,-106.04,16.99
2451,-32.11,-462.6,-107.46,18.58
2452,-19.51,-438.92,-110.68,20.2
2453,-26.91,-445.92,-108.96,17.82
2454,-3.6,-507.4,-104.87,23.49
2455,-6.68,-470.48,-101.89,20.29
2456,-16.56,-468.34,-109.06,22.58
2457,-25.16,-485.61,-106.58,18.23
2458,-20.81,-472.54,-110.49,17.49
2459,-56.16,-503.03,-109.81,15.29
2460,-94.84,-435.41,-101.77,22.26
2461,69.55,-452.24,-111.72,12.57
2462,-1.76,-484.51,-106.08,16.66
2463,-9.68,-487.46,-104.54,15.14
2464,-15.21,-452.6,-106.23,14.76
2465,-8.87,-454.87,-106.68,16.32
2466,-23.07,-458.16,-110.39,15.48
2467,-30.88,-439.17,-106.66,19.62
2468,-21.34,-486.24,-106.05,19.63
2469,-15.98,-488.41,-108.32,18.95
2470,-28.17,-486.8,-108.13,17.95
2471,-48.59,-478.67,-104.19,18.14
2472,-22.47,-481.52,-98.32,23.4
2473,-20.52,-476.38,-114.44,21.18
2474,0.77,-455.32,-113.52,19.22
2475,-40.99,-461.89,-109.47,18.59
2476,-25.84,-442.52,-106.06,14.78
2477,-7.65,-450.34,-107.52,24.24
2478,-12.63,-480.16,-109.63,21.21
2479,-9.27,-456.0,-104.08,22.04
2480,-11.43,-490.71,-110.11,22.95
2481,-24.14,-518.16,-112.49,14.44
2482,-17.98,-422.01,-109.03,14.18
2483,-51.1,-444.84,-102.12,21.34
2484,-3.16,-492.27,-104.85,19.96
2485,16.06,-439.63,-107.65,23.85
2486,-1.39,-446.07,-102.26,21.91
2487,-40.23,-484.29,-101.66,24.1
2488,-38.02,-490.51,-99.78,17.64
2489,-23.24,-460.43,-103.25,18.5
2490,5.11,-452.76,-104.46,21.95
2491,-55.53,-471.54,-101.42,19.48
2492,-3.52,-454.88,-97.38,23.6
2493,2.31,-496.83,-101.83,28.46
2494,-13.21,-482.15,-101.73,28.6
2495,-28.59,-464.76,-100.82,22.09
2496,-43.17,-474.83,-105.75,25.03
2497,-16.13,-485.55,-104.17,24.68
2498,-0.23,-452.69,-105.44,30.07
2499,-21.75,-477.63,-99.51,22.69
2500,-21.72,-485.27,-103.73,24.2
2501,-37.83,-463.94,-103.75,23.52
2502,-29.61,-444.61,-99.23,22.72
2503,-30.79,-464.13,-101.65,23.54
2504,11.55,-456.82,-102.94,19.51
2505,-25.55,-487.97,-96.04,22.78
2506,-0.63,-479.24,-101.84,22.62
2507,-0.86,-477.25,-104.04,26.11
2508,-23.39,-478.95,-97.57,24.77
2509,-12.3,-468.75,-103.81,20.5
2510,-31.89,-463.47,-100.54,21.36
2511,-1.89,-465.0,-94.68,20.18
2512,-27.58,-465.86,-96.74,18.85
2513,-8.76,-415.22,-100.47,14.94
2514,-21.09,-475.26,-100.38,14.82
2515,-24.9,-488.95,-103.73,13.21
2516,-19.77,-489.28,-103.02,15.47
2517,-44.17,-485.58,-98.55,16.36
2518,-62.66,-449.01,-90.7,20.23
2519,27.83,-426.82,-101.64,12.91
2520,12.32,-494.39,-105.11,13.4
2521,-27.85,-489.2,-102.67,21.87
2522,-11.6,-483.77,-107.35,21.86
2523,-18.4,-490.28,-101.9,22.27
2524,-17.37,-471.59,-104.54,22.02
2525,-31.81,-470.76,-105.31,22.47
2526,-49.63,-488.2,-98.96,21.68
2527,7.15,-453.54,-102.08,18.22
2528,-26.75,-465.77,-104.76,21.03
2529,-13.37,-487.45,-103.29,24.09
2530,-18.56,-472.96,-108.56,19.09
2531,-55.08,-423.35,-106.37,18.86
2532,-14.05,-424.66,-103.26,13.08
2533,1.94,-515.23,-101.78,14.82
2534,0.97,-487.11,-106.58,13.25
2535,-13.06,-455.88,-100.1,16.2
2536,-5.99,-486.25,-107.55,17.54
2537,-11.72,-474.22,-108.23,20.29
2538,-9.97,-467.83,-107.94,18.3
2539,-26.34,-472.85,-107.65,18.89
2540,-24.13,-464.51,-104.98,19.82
2541,-24.56,-456.12,-107.59,22.85
2542,-17.82,-488.36,-111.12,23.24
2543,-20.06,-475.78,-109.08,21.94
2544,-21.29,-467.73,-101.43,24.29
2545,-19.29,-461.62,-103.17,17.87
2546,-18.33,-478.7,-104.89,22.92
2547,-36.71,-492.62,-106.93,24.12
2548,-68.23,-437.31,-102.87,20.14
2549,-11.27,-456.95,-106.85,23.91
2550,-18.12,-494.36,-105.94,21.11
2551,16.33,-460.22,-99.66,23.08
2552,1.99,-449.19,-101.38,19.36
2553,-16.58,-478.99,-97.6,22.99
2554,-23.95,-483.82,-100.45,23.08
2555,-11.65,-466.46,-110.73,19.63
2556,-12.82,-473.68,-103.37,17.14
2557,-28.58,-457.31,-101.28,17.35
2558,-50.67,-495.46,-105.53,24.95
2559,-37.36,-479.26,-105.28,22.61
2560,28.71,-437.85,-101.96,15.97
2561,-47.05,-427.81,-102.39,24.29
2562,-7.64,-487.32,-106.61,18.5
2563,6.76,-473.67,-106.5,18.02
2564,-10.25,-486.47,-103.46,25.49
2565,-21.22,-474.42,-100.97,21.85
2566,-19.29,-479.61,-113.29,19.91
2567,-11.65,-475.69,-106.83,20.01
2568,-11.03,-456.26,-110.53,20.69
2569,-34.79,-410.58,-102.95,19.28
2570,-28.2,-466.63,-111.9,18.22
2571,-4.57,-511.9,-107.59,29.18
2572,-27.02,-488.25,-106.66,25.51
2573,-52.94,-487.16,-104.64,23.56
2574,-0.24,-477.24,-99.51,23.08
2575,-20.89,-471.02,-103.02,22.24
2576,-62.69,-476.27,-96.97,26.7
2577,9.1,-478.14,-99.27,29.68
2578,-4.77,-463.6,-103.72,22.61
2579,3.85,-445.12,-110.36,21.27
2580,-9.25,-462.46,-102.6,26.21
2581,-21.71,-487.65,-115.77,23.43
2582,-21.96,-486.42,-104.83,22.63
2583,-20.8,-471.79,-106.02,23.74
2584,-21.41,-468.06,-107.78,24.65
2585,-19.17,-467.37,-104.51,28.2
2586,-53.82,-484.51,-103.92,27.74
2587,-7.5,-431.74,-109.23,24.63
2588,-3.91,-421.12,-112.06,24.7
2589,-55.37,-529.35,-105.1,28.41
2590,-23.58,-520.7,-115.36,26.68
2591,-2.22,-475.17,-114.49,27.56
2592,-15.93,-458.22,-111.88,25.81
2593,-25.06,-481.22,-113.26,27.04
2594,27.0,-457.56,-115.2,23.88
2595,-25.98,-433.94,-112.45,18.54
2596,-16.25,-466.96,-111.22,22.01
2597,-9.62,-498.05,-113.17,22.27
2598,-4.3,-452.44,-110.93,25.23
2599,-23.05,-494.56,-108.79,21.37
2600,-32.06,-503.49,-103.05,27.45
2601,-26.86,-481.59,-107.81,23.99
2602,-34.32,-476.32,-102.19,20.21
2603,-18.11,-428.11,-112.77,21.67
2604,-12.87,-484.1,-110.15,18.58
2605,-27.44,-496.87,-105.43,17.01
2606,-23.02,-467.32,-109.14,18.75
2607,-9.42,-477.16,-116.27,19.5
2608,-53.16,-480.19,-106.3,15.68
2609,-23.54,-470.43,-106.36,17.53
2610,-25.54,-438.6,-116.8,17.02
2611,-0.01,-482.07,-112.27,17.21
2612,19.8,-467.93,-111.26,17.9
2613,-33.31,-464.12,-114.12,11.53
2614,-4.36,-473.0,-111.18,18.37
2615,-30.4,-487.14,-109.1,21.81
2616,-19.69,-475.79,-111.69,19.28
2617,-6.01,-467.71,-119.24,15.84
2618,-10.29,-459.73,-112.57,18.81
2619,-31.55,-491.38,-112.51,19.64
2620,-10.96,-489.85,-104.69,25.0
2621,-12.63,-472.87,-111.18,20.78
2622,-32.13,-475.74,-106.44,17.76
2623,-12.61,-486.86,-114.01,22.44
2624,-17.33,-476.6,-109.03,19.87
2625,-13.3,-464.58,-109.37,23.35
2626,-11.56,-452.11,-117.53,21.85
2627,-54.17,-467.35,-113.94,25.49
2628,-9.82,-481.91,-117.58,19.07
2629,17.37,-461.46,-111.44,23.71
2630,-20.9,-468.77,-111.06,23.79
2631,-20.98,-460.65,-110.3,23.42
2632,-4.46,-472.61,-108.04,17.56
2633,-49.82,-459.67,-104.66,16.55
2634,-6.52,-467.85,-106.29,22.47
2635,-23.73,-479.99,-104.19,22.97
2636,-5.11,-469.55,-104.88,23.66
2637,-12.33,-474.44,-107.84,23.93
2638,-28.95,-472.14,-101.38,17.22
2639,-30.61,-466.37,-108.86,11.83
2640,-27.75,-440.04,-110.53,16.43
2641,-10.94,-486.21,-111.13,17.48
2642,4.28,-436.76,-106.98,19.37
2643,-0.74,-494.84,-108.12,21.53
2644,-34.76,-477.31,-102.08,17.75
2645,-16.32,-464.71,-103.78,18.26
2646,-6.83,-462.49,-114.33,19.78
2647,-17.68,-483.91,-109.37,22.21
2648,-35.98,-479.92,-111.42,21.7
2649,-3.9,-474.86,-114.71,19.14
2650,-20.94,-472.6,-105.78,17.72
2651,-35.98,-469.63,-106.17,22.38
2652,2.33,-444.21,-106.07,17.33
2653,-24.62,-447.62,-103.88,17.48
2654,4.9,-481.07,-102.89,24.5
2655,-30.11,-481.98,-104.06,17.88
2656,-20.55,-494.63,-108.31,17.32
2657,-10.23,-478.97,-108.88,21.36
2658,-28.07,-473.07,-101.67,19.0
2659,-32.31,-466.98,-101.78,19.69
2660,-27.51,-479.95,-108.34,14.37
2661,-11.08,-466.14,-106.56,15.61
2662,-31.53,-472.4,-101.19,22.76
2663,15.5,-459.61,-106.31,18.24
2664,-9.92,-462.71,-101.86,16.98
2665,-32.1,-454.7,-98.84,15.58
2666,-28.63,-402.93,-98.94,19.88
2667,4.1,-475.68,-104.02,14.55
2668,4.11,-483.33,-98.39,22.66
2669,-35.53,-482.89,-104.56,16.04
2670,-25.93,-490.69,-100.0,22.22
2671,-49.5,-469.28,-102.32,22.88
2672,-0.81,-479.69,-97.57,21.89
2673,-38.42,-462.29,-96.14,19.09
2674,-11.82,-479.75,-100.49,15.61
2675,-53.28,-461.67,-99.39,22.27
2676,21.63,-433.06,-101.59,21.35
2677,-12.56,-491.14,-98.69,23.51
2678,-38.18,-492.05,-99.95,21.67
2679,-10.45,-470.1,-103.17,25.01
2680,-16.23,-483.78,-105.89,23.14
2681,-49.13,-438.21,-99.07,23.7
2682,19.54,-446.4,-97.55,18.57
2683,-2.62,-484.13,-97.35,21.78
2684,-7.8,-469.01,-97.7,25.18
2685,-43.72,-470.24,-97.09,20.7
2686,-25.05,-493.93,-95.69,27.58
2687,-36.55,-474.59,-100.55,23.66
2688,9.94,-467.06,-100.63,23.92
2689,-0.58,-418.76,-103.23,24.27
2690,-95.49,-487.62,-105.66,19.45
2691,44.91,-456.32,-110.76,19.53
2692,-5.39,-479.2,-105.09,15.14
2693,-19.81,-486.22,-107.82,17.82
2694,-12.71,-460.34,-103.87,16.29
2695,-18.09,-470.92,-102.01,19.33
2696,-43.47,-493.56,-99.54,22.7
2697,-32.27,-494.66,-104.22,19.64
2698,-3.87,-454.84,-96.04,19.49
2699,-6.37,-461.61,-95.11,19.94
2700,-8.41,-468.6,-105.95,21.43
2701,-36.36,-457.77,-102.02,18.05
2702,-10.26,-466.15,-99.41,16.29
2703,-20.17,-455.61,-102.24,13.09
2704,-50.55,-478.08,-103.34,18.93
2705,-30.33,-462.18,-102.45,19.24
2706,15.68,-467.51,-104.76,12.27
2707,-12.93,-472.74,-107.7,14.95
2708,-68.76,-494.08,-109.47,17.66
2709,8.11,-473.83,-110.74,20.34
2710,7.13,-470.75,-109.04,13.99
2711,-27.67,-463.92,-107.86,20.47
2712,5.97,-453.21,-103.11,17.29
2713,-53.1,-480.95,-106.42,20.92
2714,-23.09,-462.84,-110.67,18.56
2715,-7.29,-465.36,-101.06,21.4
2716,-9.82,-497.61,-110.97,17.18
2717,-25.05,-481.79,-102.2,17.43
2718,-28.82,-467.67,-99.24,23.42
2719,-27.14,-475.13,-99.78,23.79
2720,-27.79,-470.28,-110.46,24.05
2721,-41.11,-435.39,-99.99,26.47
2722,-0.68,-467.28,-103.59,19.53
2723,-7.68,-495.02,-109.45,19.73
2724,-10.87,-477.29,-105.58,26.51
2725,-24.27,-473.57,-100.57,24.03
2726,-13.18,-474.77,-98.53,21.15
2727,-38.54,-469.38,-100.72,22.9
2728,-7.0,-462.69,-106.31,22.54
2729,-42.3,-469.64,-97.53,19.45
2730,-57.98,-497.04,-88.41,26.9
2731,-13.28,-460.11,-100.87,25.29
2732,21.76,-461.51,-108.57,20.73
2733,-9.02,-449.14,-103.16,21.38
2734,4.95,-442.5,-104.78,22.12
2735,-14.75,-497.37,-104.54,19.75
2736,-25.8,-484.9,-105.99,28.04
2737,-35.94,-472.36,-106.01,30.24
2738,-7.5,-473.9,-107.17,25.31
2739,-15.0,-452.24,-105.04,21.36
2740,-35.06,-474.43,-103.93,20.55
2741,-3.63,-487.8,-116.07,24.57
2742,-58.17,-497.8,-105.16,23.41
2743,3.29,-456.91,-103.68,16.85
2744,5.1,-464.44,-109.61,22.66
2745,-18.25,-483.29,-105.63,21.38
2746,-34.99,-480.16,-104.61,22.46
2747,-28.18,-474.64,-110.72,19.57
2748,-16.48,-440.72,-104.42,21.16
2749,-33.25,-493.47,-106.52,19.44
2750,-33.21,-470.72,-110.46,22.14
2751,-3.24,-475.4,-109.02,19.37
2752,-14.61,-456.39,-112.1,18.14
2753,-15.56,-446.96,-112.1,22.25
2754,-22.64,-504.56,-104.93,20.55
2755,-65.27,-444.38,-103.5,22.67
2756,37.03,-491.3,-107.02,18.81
2757,-16.73,-500.21,-107.76,19.87
2758,-13.7,-467.38,-106.07,22.55
2759,-5.37,-471.31,-110.01,21.71
2760,-15.41,-477.31,-101.87,21.78
2761,-23.88,-467.67,-97.5,21.42
2762,-23.55,-468.26,-101.77,17.31
2763,-19.03,-470.85,-103.33,21.29
2764,-21.44,-442.62,-104.67,23.04
2765,-19.9,-466.81,-100.78,22.71
2766,-24.23,-489.66,-100.78,21.31
2767,-42.87,-479.67,-104.99,25.81
2768,-2.73,-460.01,-104.36,20.77
2769,-13.5,-476.85,-104.99,22.79
2770,-50.27,-456.0,-97.48,24.33
2771,-45.81,-452.96,-102.88,20.42
2772,19.72,-470.45,-110.65,17.8
2773,19.89,-460.47,-108.83,19.07
2774,3.68,-465.48,-105.04,20.61
2775,-15.55,-467.87,-99.37,20.91
2776,-24.69,-470.07,-107.06,22.61
2777,-17.65,-459.36,-103.88,19.98
2778,-12.3,-458.26,-103.28,17.31
2779,-26.26,-464.16,-106.55,17.59
2780,-16.15,-456.69,-102.28,20.31
2781,-20.59,-477.91,-103.65,19.48
2782,-22.72,-461.87,-100.12,21.95
2783,-27.42,-480.98,-104.63,17.1
2784,-48.51,-472.75,-105.59,22.41
2785,-12.41,-458.3,-105.45,18.3
2786,0.44,-450.5,-108.3,18.99
2787,-12.93,-469.49,-106.97,19.04
2788,-17.97,-465.24,-105.6,23.0
2789,-16.72,-429.11,-105.81,15.67
2790,-35.41,-502.4,-106.91,19.51
2791,-57.71,-481.23,-99.69,17.1
2792,-54.49,-462.2,-98.54,21.29
2793,26.34,-456.42,-106.56,15.05
2794,-14.96,-469.22,-104.38,18.69
2795,-7.99,-476.81,-96.17,14.95
2796,-10.64,-471.36,-99.31,14.83
2797,-18.29,-473.42,-99.15,17.68
2798,-17.92,-469.57,-105.35,16.72
2799,-23.68,-467.74,-102.28,21.59
2800,-50.17,-476.5,-101.44,17.24
2801,-9.82,-456.72,-99.38,21.98
2802,-12.66,-421.63,-104.13,15.78
2803,3.09,-483.29,-105.51,22.56
2804,-24.34,-467.91,-105.55,20.72
2805,-15.41,-477.2,-110.97,18.71
2806,-26.14,-503.29,-105.57,17.1
2807,-21.28,-473.18,-106.24,16.95
2808,-20.43,-475.35,-106.37,17.51
2809,-27.62,-479.26,-107.26,19.97
2810,-80.35,-490.09,-96.06,15.44
2811,-98.67,-466.1,-104.52,14.73
2812,88.31,-458.2,-115.13,10.85
2813,15.4,-462.69,-106.91,10.49
2814,-12.92,-469.68,-108.99,11.81
2815,-10.36,-473.93,-107.65,13.52
2816,-17.03,-482.56,-106.93,15.64
2817,-21.73,-481.61,-104.18,12.96
2818,-24.77,-457.19,-107.67,16.76
2819,-22.25,-466.02,-102.93,14.52
2820,-56.62,-482.37,-101.92,16.43
2821,-31.62,-423.14,-91.35,21.69
2822,-8.75,-460.94,-112.09,16.63
2823,-10.78,-495.6,-104.78,16.07
2824,4.15,-490.54,-107.28,16.84
2825,2.44,-474.94,-112.53,17.29
2826,-11.96,-473.16,-108.98,23.46
2827,-16.05,-480.76,-103.71,16.03
2828,-19.51,-468.93,-107.04,20.92
2829,-24.25,-476.06,-102.52,15.32
2830,-41.03,-476.75,-100.32,18.88
2831,-25.95,-468.94,-96.36,24.11
2832,-50.75,-458.29,-100.53,25.82
2833,-26.18,-478.38,-104.52,22.26
2834,28.54,-442.88,-106.79,17.66
2835,-11.27,-421.82,-108.08,16.19
2836,3.15,-492.02,-106.42,19.21
2837,-10.0,-490.02,-106.38,19.84
2838,-31.4,-476.87,-100.88,19.2
2839,-27.82,-499.17,-105.06,18.8
2840,-36.75,-455.95,-102.9,21.43
2841,-30.61,-460.28,-101.59,24.66
2842,31.19,-466.15,-107.98,20.49
2843,-2.35,-471.81,-108.57,22.91
2844,-10.28,-472.83,-105.54,24.84
2845,-20.15,-473.48,-102.04,18.53
2846,-36.23,-470.23,-103.76,18.69
2847,-45.49,-472.66,-96.19,19.99
2848,-16.87,-427.91,-108.05,20.92
2849,-6.28,-487.85,-99.06,26.87
2850,-10.2,-473.79,-106.19,23.51
2851,-16.45,-476.09,-101.3,21.28
2852,-19.31,-471.03,-106.35,19.41
2853,-18.91,-479.3,-105.03,21.35
2854,-90.33,-476.62,-97.65,25.48
2855,35.11,-465.85,-103.1,17.59
2856,1.11,-477.05,-110.78,17.48
2857,-9.63,-456.53,-108.69,19.17
2858,-24.7,-475.94,-105.77,21.05
2859,-26.52,-464.29,-103.46,23.02
2860,-25.1,-436.28,-98.05,21.04
2861,-9.38,-435.21,-100.05,14.94
2862,-19.59,-487.35,-104.9,14.66
2863,-15.07,-477.39,-98.72,15.97
2864,-15.12,-470.93,-107.63,16.27
2865,-32.2,-457.67,-109.07,12.83
2866,-5.13,-492.28,-103.72,15.52
2867,-15.41,-472.22,-109.49,21.19
2868,-37.7,-471.71,-100.17,15.78
2869,-14.39,-478.61,-104.46,15.16
2870,-23.97,-498.9,-102.19,16.29
2871,-24.23,-430.25,-100.34,15.26
2872,-23.42,-439.83,-100.27,19.47
2873,-6.75,-468.81,-95.75,18.53
2874,-47.85,-446.35,-99.04,13.18
2875,-15.68,-456.62,-105.14,19.68
2876,20.25,-489.89,-106.05,20.52
2877,-28.81,-495.6,-100.94,18.23
2878,-21.66,-488.77,-102.95,19.4
2879,-5.28,-461.27,-101.57,19.94
2880,-4.53,-475.27,-99.64,18.65
2881,-11.5,-457.19,-102.21,17.26
2882,-31.38,-453.03,-98.56,19.88
2883,-28.25,-445.57,-106.66,14.71
2884,-16.24,-462.53,-108.52,17.03
2885,-34.64,-490.54,-101.34,14.89
2886,1.0,-475.98,-99.97,18.95
2887,-16.8,-473.5,-103.66,22.56
2888,-31.86,-464.23,-105.02,24.77
2889,-16.12,-459.66,-104.38,17.21
2890,-26.96,-484.09,-104.27,22.12
2891,-29.19,-477.3,-102.81,19.76
2892,-30.22,-482.91,-104.14,18.05
2893,-64.86,-456.75,-101.59,21.49
2894,-42.89,-444.08,-98.37,13.79
2895,31.02,-470.39,-102.73,11.56
2896,-1.69,-485.33,-101.02,14.76
2897,-11.36,-470.5,-98.16,16.91
2898,-8.7,-429.43,-108.0,14.61
2899,-19.69,-479.4,-110.78,14.95
2900,-28.35,-482.65,-110.23,14.18
2901,-6.8,-460.07,-101.52,16.83
2902,-3.48,-433.0,-106.94,11.64
2903,-43.04,-470.86,-105.4,15.47
2904,-15.03,-482.35,-103.45,14.36
2905,-15.29,-465.65,-102.1,14.96
2906,-14.81,-475.98,-101.76,14.97
2907,-9.04,-474.56,-107.66,14.28
2908,-33.49,-478.56,-102.46,16.17
2909,-30.59,-486.98,-103.1,19.57
2910,-30.05,-458.63,-108.81,14.07
2911,5.15,-471.18,-103.95,19.07
2912,-8.06,-462.72,-97.15,20.24
2913,-28.37,-460.44,-102.13,13.75
2914,-19.48,-449.31,-97.53,14.99
2915,-29.75,-480.94,-105.02,19.2
2916,-10.98,-464.26,-102.36,14.54
2917,-53.04,-461.97,-95.88,18.59
2918,-15.17,-469.03,-102.59,17.89
2919,6.6,-459.79,-108.05,15.81
2920,8.25,-483.97,-111.8,15.44
2921,-14.78,-475.0,-111.46,15.77
2922,-20.84,-475.13,-110.15,14.7
2923,-22.98,-469.36,-103.68,8.78
2924,-47.33,-462.11,-105.75,13.84
2925,-0.51,-451.45,-107.95,12.52
2926,-7.89,-483.52,-106.98,10.09
2927,-20.85,-466.85,-108.46,7.19
2928,-24.5,-459.28,-108.97,7.19
2929,0.52,-458.81,-109.05,6.52
2930,-17.25,-474.08,-114.87,10.02
2931,-37.78,-473.82,-101.64,10.82
2932,-4.66,-458.38,-109.89,10.03
2933,-39.63,-478.7,-108.73,11.42
2934,4.02,-429.52,-105.5,9.19
2935,-4.24,-459.62,-110.41,7.81
2936,-50.37,-496.69,-110.68,15.05
2937,-18.4,-478.78,-106.16,17.8
2938,9.25,-463.09,-107.26,18.52
2939,12.02,-467.49,-110.03,17.21
2940,-12.54,-450.38,-106.38,17.4
2941,-46.52,-464.1,-104.8,18.65
2942,-0.55,-455.09,-103.09,16.56
2943,-31.94,-473.63,-111.57,20.3
2944,3.7,-472.04,-108.27,18.44
2945,0.61,-442.56,-105.39,20.57
2946,-30.72,-518.97,-106.57,21.24
2947,-4.45,-505.42,-107.75,21.71
2948,-16.23,-450.9,-111.44,20.32
2949,-21.53,-468.6,-106.31,23.78
2950,-21.76,-470.66,-105.32,25.38
2951,-16.56,-466.07,-104.85,21.99
2952,-23.04,-453.86,-111.57,20.0
2953,-28.9,-468.82,-105.54,27.25
2954,-18.14,-488.11,-102.92,26.84
2955,-45.74,-472.89,-103.7,21.82
2956,14.55,-472.66,-106.09,21.67
2957,2.98,-452.11,-109.59,22.63
2958,-14.88,-463.03,-109.89,24.67
2959,-38.69,-474.23,-109.4,32.61
2960,-12.95,-492.37,-108.02,26.49
2961,12.77,-438.02,-106.65,27.67
2962,-7.6,-437.09,-108.2,29.11
2963,-26.65,-497.02,-106.43,31.23
2964,-26.7,-478.37,-101.25,30.21
2965,-8.34,-448.56,-101.56,27.29
2966,-16.71,-507.14,-104.78,27.06
2967,-40.03,-477.27,-102.94,28.42
2968,-30.19,-456.57,-101.41,23.5
2969,-21.05,-464.62,-102.15,23.31
2970,21.8,-483.26,-102.06,24.78
2971,-13.26,-467.7,-102.18,26.31
2972,-7.51,-488.34,-101.71,20.33
2973,-12.56,-459.24,-107.53,24.13
2974,-10.24,-471.5,-108.92,18.27
2975,-38.88,-462.04,-99.94,20.83
2976,9.84,-412.29,-111.51,18.68
2977,-3.29,-467.15,-111.74,15.19
2978,-20.65,-505.48,-107.52,22.05
2979,-11.23,-477.4,-103.44,19.7
2980,-27.58,-492.6,-99.56,17.68
2981,-30.28,-482.34,-103.81,18.08
2982,-22.79,-475.29,-109.08,21.13
2983,-15.72,-478.79,-104.95,21.44
2984,-8.43,-475.36,-108.31,20.28
2985,-33.88,-482.07,-104.18,17.5
2986,-116.02,-476.32,-105.6,16.03
2987,67.8,-408.44,-114.6,16.37
2988,-15.95,-486.11,-106.37,22.2
2989,20.63,-473.66,-106.67,21.43
2990,-15.23,-468.1,-103.93,20.09
2991,-8.37,-471.52,-101.49,20.49
2992,-20.82,-477.83,-100.62,19.99
2993,-28.05,-476.28,-106.51,21.09
2994,-48.25,-447.76,-98.16,17.24
2995,-35.65,-467.54,-106.86,21.18
2996,21.73,-456.05,-118.11,16.57
2997,-23.23,-487.11,-111.34,16.99
2998,-30.75,-475.18,-101.66,16.66
2999,1.99,-447.75,-105.44,19.83
