,ch1,ch2,ch3,ch4
0,-22.98,-443.1,-21.39,76.35
1,-32.74,-447.82,-33.64,71.58
2,-31.36,-474.65,-34.28,72.61
3,-13.68,-346.72,-40.98,49.56
4,-23.25,-396.68,-35.85,55.61
5,-22.19,-446.04,-2.66,107.66
6,-24.64,-439.71,-32.91,74.05
7,-21.19,-411.04,-33.39,56.08
8,-28.61,-417.16,-39.75,74.14
9,-27.29,-439.9,-46.6,68.69
10,-18.45,-420.45,-27.65,77.8
11,-13.99,-434.69,-21.86,75.21
12,-23.19,-481.05,-107.5,46.63
13,-44.07,-537.33,-27.74,90.6
14,-22.14,-399.0,-16.77,76.74
15,-40.01,-513.34,-43.34,28.55
16,-17.69,-387.81,-68.21,103.41
17,0.13,-286.4,-14.18,86.1
18,-19.73,-444.97,-46.29,61.83
19,-24.69,-427.59,-44.19,69.18
20,-12.65,-412.88,-43.81,72.14
21,-17.41,-436.1,-58.97,14.72
22,-27.91,-415.97,-66.31,125.59
23,-12.01,-429.44,-41.94,54.39
24,-31.56,-494.5,-47.53,109.99
25,-24.88,-484.15,-24.21,69.47
26,-12.77,-305.4,-61.11,38.82
27,-47.25,-545.59,-36.37,74.35
28,-30.16,-454.78,-52.99,74.1
29,-22.07,-461.46,-50.92,60.23
30,-6.18,-322.66,-52.69,65.58
31,-20.79,-415.11,-46.97,61.88
32,-26.56,-451.14,-50.2,49.97
33,-21.67,-447.41,-59.9,49.56
34,-36.15,-491.56,-48.58,76.28
35,-29.64,-467.03,-43.33,13.06
36,-31.33,-427.61,-140.38,65.52
37,-10.96,-412.31,-12.5,86.2
38,-22.29,-403.29,-43.44,76.15
39,-26.68,-449.6,-43.21,82.32
40,-22.99,-441.41,-65.25,86.53
41,-31.2,-464.9,-58.96,78.54
42,-9.99,-444.74,-78.63,157.62
43,-26.36,-402.43,-38.26,24.41
44,-18.73,-406.46,-50.48,58.27
45,-31.93,-513.06,-70.8,68.17
46,-18.05,-434.91,-47.67,74.55
47,-28.79,-457.86,-58.38,78.9
48,-21.39,-448.11,-72.08,60.87
49,-19.16,-468.35,-75.14,23.83
50,-17.3,-440.0,-67.12,93.93
51,-37.88,-469.53,-71.95,36.96
52,-43.47,-513.05,-54.42,99.9
53,-2.47,-337.66,-89.55,44.36
54,-12.59,-404.29,-46.41,89.05
55,-22.77,-459.72,-53.9,64.53
56,-22.41,-425.64,-50.96,86.95
57,-19.8,-447.04,-57.52,81.09
58,-28.83,-451.95,-55.08,76.46
59,-21.43,-459.71,-60.66,68.44
60,-10.44,-381.76,-35.26,117.9
61,-18.2,-443.34,-67.88,42.92
62,-16.78,-422.24,-67.82,64.74
63,-26.2,-481.64,-57.96,80.24
64,-29.55,-465.49,-75.89,45.71
65,-26.62,-464.86,-73.74,29.32
66,-21.04,-411.98,-60.75,90.88
67,-21.89,-467.83,-60.83,102.82
68,-5.34,-316.07,-96.3,41.97
69,-5.31,-411.13,-61.2,62.61
70,-31.21,-499.9,-69.53,71.36
71,-28.15,-497.87,-92.06,100.46
72,-1.2,-428.31,-51.11,45.92
73,-28.83,-486.23,-87.73,42.98
74,-30.71,-476.1,-64.83,46.74
75,-12.95,-393.08,-64.13,70.42
76,-5.71,-417.24,-69.45,65.09
77,-35.03,-492.61,-73.87,51.6
78,-14.56,-437.79,-54.82,60.83
79,-20.13,-450.35,-127.19,97.87
80,-27.15,-384.21,-59.11,38.01
81,-16.38,-521.47,-57.91,78.2
82,-21.56,-415.76,-84.05,75.36
83,-17.35,-422.89,-74.27,33.77
84,-23.59,-472.82,-78.16,51.97
85,-20.11,-450.77,-82.06,51.86
86,-21.16,-441.89,-84.91,46.81
87,-15.09,-442.03,-89.89,41.46
88,-23.64,-476.77,-81.78,39.43
89,-20.63,-507.16,-102.84,2.26
90,-28.3,-467.07,-82.12,110.21
91,-20.09,-400.89,-69.24,45.68
92,-11.6,-359.54,-73.68,57.4
93,-24.29,-461.11,-73.17,45.82
94,-5.74,-419.32,-92.71,24.83
95,12.67,-415.03,-71.56,72.72
96,-13.28,-364.5,-84.93,74.11
97,-40.03,-554.51,-81.88,40.49
98,-10.35,-475.21,-81.61,58.55
99,-15.16,-438.9,-82.83,42.12
100,-28.56,-482.56,-82.35,48.46
101,-10.44,-465.4,-84.04,48.11
102,-23.61,-523.08,-88.79,37.19
103,-17.0,-401.58,-85.81,46.76
104,-28.28,-513.65,-88.23,42.41
105,-20.42,-495.32,-88.81,34.64
106,-7.01,-377.16,-87.12,39.0
107,-11.72,-404.2,-84.66,30.89
108,4.47,-254.8,-96.34,14.9
109,-24.87,-577.3,-83.97,37.43
110,-32.7,-534.85,-88.38,18.05
111,-14.86,-439.25,-92.01,26.73
112,-12.02,-422.56,-75.68,33.68
113,-23.69,-464.45,-82.32,24.84
114,-10.02,-457.29,-87.18,12.35
115,-20.36,-486.89,-87.52,12.78
116,-23.27,-431.89,-79.42,26.95
117,-17.18,-489.24,-86.15,19.49
118,-24.35,-482.19,-82.3,20.7
119,-22.04,-485.87,-81.68,20.17
120,-27.31,-464.58,-82.62,20.54
121,0.7,-336.1,-86.51,8.59
122,-10.86,-451.87,-98.83,18.2
123,-19.62,-484.8,-76.16,3.45
124,-18.99,-417.37,-80.69,16.51
125,-30.87,-514.76,-76.41,17.24
126,-13.86,-438.97,-75.36,14.11
127,-22.24,-415.32,-87.16,14.24
128,-17.7,-478.68,-90.67,17.46
129,-16.24,-473.07,-92.24,18.8
130,-14.7,-447.19,-88.7,18.19
131,-23.2,-503.86,-87.58,18.42
132,-30.47,-478.41,-88.65,12.87
133,-13.01,-432.48,-94.97,8.49
134,-23.1,-501.47,-93.7,14.84
135,-8.72,-440.47,-89.38,17.24
136,-15.64,-439.08,-86.39,17.81
137,-13.16,-466.16,-88.2,15.92
138,-21.15,-457.9,-85.4,15.13
139,-20.17,-487.27,-87.03,10.47
140,-29.41,-451.78,-91.81,17.94
141,-17.43,-437.0,-84.3,24.26
142,-11.42,-493.12,-88.62,16.55
143,-14.6,-464.54,-84.6,19.67
144,-6.32,-402.1,-84.28,15.25
145,-17.24,-472.02,-77.55,15.76
146,-42.44,-503.6,-81.38,13.72
147,-5.52,-440.25,-87.19,11.4
148,1.36,-380.39,-90.11,14.89
149,-28.63,-467.94,-85.22,22.2
150,-72.83,-461.09,-80.79,26.95
151,-32.61,-456.78,-78.95,22.92
152,-24.57,-469.64,-88.36,23.13
153,-2.53,-457.31,-83.28,25.4
154,-52.38,-453.44,-82.34,26.96
155,-37.7,-434.01,-75.0,27.77
156,-61.56,-486.5,-81.16,32.51
157,-24.13,-470.9,-89.71,22.95
158,-16.16,-445.06,-91.2,26.39
159,-45.22,-449.8,-85.88,29.96
160,-23.88,-434.52,-81.13,32.49
161,-51.4,-484.74,-81.38,30.17
162,-66.85,-444.56,-81.9,33.92
163,28.85,-471.07,-94.32,29.56
164,-110.96,-462.33,-88.08,32.53
165,51.56,-470.57,-90.39,30.99
166,26.42,-471.29,-99.4,26.22
167,4.68,-453.08,-84.13,38.59
168,-62.64,-441.89,-78.24,45.99
169,-114.81,-509.38,-81.46,42.95
170,-145.3,-476.9,-84.14,39.62
171,62.88,-466.46,-99.13,26.67
172,50.12,-455.33,-97.79,26.51
173,-15.37,-456.58,-91.53,34.35
174,-0.72,-451.07,-93.16,34.82
175,50.38,-429.29,-93.25,24.47
176,-40.87,-428.08,-90.98,37.87
177,-120.38,-438.51,-92.15,32.51
178,-18.89,-455.55,-89.71,39.97
179,88.98,-460.92,-95.78,35.74
180,1.67,-447.66,-91.37,45.31
181,20.25,-469.51,-94.4,39.74
182,-1.6,-442.86,-90.3,35.13
183,-37.08,-459.08,-88.26,37.53
184,5.33,-444.47,-91.81,28.15
185,-0.08,-468.08,-92.05,25.76
186,18.72,-459.5,-99.36,21.08
187,-4.24,-465.89,-94.12,21.83
188,5.69,-458.68,-95.81,25.31
189,-10.96,-447.64,-94.05,26.08
190,-9.39,-453.73,-102.73,23.86
191,-16.34,-454.94,-99.88,30.19
192,-10.23,-457.62,-102.09,28.51
193,-1.98,-446.39,-108.09,31.21
194,-4.98,-456.3,-104.47,27.99
195,-10.2,-480.29,-101.29,28.98
196,-15.59,-461.29,-104.45,32.08
197,-3.53,-416.95,-108.61,28.79
198,-3.55,-494.24,-111.06,30.81
199,-4.61,-475.2,-113.0,34.94
200,-43.98,-465.93,-106.18,32.81
201,-12.28,-478.61,-105.92,35.71
202,-0.09,-476.54,-117.82,38.25
203,-6.24,-472.3,-110.07,30.91
204,19.54,-486.48,-111.17,36.69
205,6.4,-464.33,-111.04,35.89
206,-0.42,-463.66,-111.7,32.44
207,-22.84,-468.88,-102.53,34.03
208,-4.38,-517.04,-101.65,37.87
209,-6.37,-487.79,-104.52,36.31
210,3.08,-476.62,-110.22,30.73
211,-4.23,-472.13,-108.66,25.75
212,-13.01,-466.26,-108.16,26.16
213,-21.46,-466.48,-101.77,25.56
214,-23.52,-465.33,-105.41,25.76
215,-18.46,-467.49,-103.46,26.01
216,-17.11,-462.57,-100.82,27.14
217,-35.57,-462.21,-104.12,27.78
218,-10.63,-477.44,-103.72,24.28
219,-22.96,-454.56,-102.71,22.51
220,-26.43,-476.67,-97.67,25.48
221,-43.43,-476.46,-95.24,25.23
222,-34.29,-463.42,-91.92,26.56
223,-5.4,-458.59,-92.67,25.74
224,-42.89,-473.46,-98.45,27.97
225,18.22,-449.95,-100.22,20.45
226,5.43,-406.2,-100.72,20.18
227,-16.78,-474.4,-98.13,22.7
228,-12.21,-504.34,-99.59,19.79
229,-17.49,-480.98,-100.63,16.05
230,-18.2,-474.07,-98.31,19.8
231,-19.58,-472.75,-100.86,15.9
232,-28.25,-474.95,-97.83,15.83
233,-39.44,-399.64,-92.99,20.96
234,-26.23,-464.76,-95.4,22.44
235,-29.17,-499.47,-96.43,25.98
236,-32.23,-496.19,-98.31,18.39
237,-30.59,-484.37,-97.71,15.21
238,-72.67,-481.91,-99.99,11.06
239,-27.4,-464.59,-92.4,16.21
240,-22.7,-486.05,-94.76,17.49
241,-18.39,-475.34,-99.43,15.84
242,-53.98,-467.45,-94.18,19.4
243,-9.48,-470.05,-95.88,19.48
244,-0.18,-478.34,-98.54,16.87
245,-12.23,-463.0,-103.2,8.52
246,-12.21,-471.33,-97.07,8.24
247,-28.01,-479.49,-95.79,17.09
248,-43.6,-478.06,-93.74,14.18
249,-22.07,-452.95,-95.99,18.4
250,-30.93,-448.47,-89.15,14.55
251,-70.18,-470.69,-98.62,18.64
252,1.17,-485.7,-94.98,17.17
253,-16.12,-475.5,-89.63,31.45
254,-12.55,-476.96,-90.44,28.34
255,-52.58,-488.3,-90.37,29.0
256,-38.09,-468.1,-87.39,26.67
257,-49.34,-470.24,-90.19,17.4
258,-38.98,-435.38,-90.14,26.01
259,18.07,-479.95,-92.59,21.37
260,-68.68,-435.14,-87.58,28.68
261,-136.14,-438.56,-79.27,33.63
262,55.15,-486.2,-88.67,22.58
263,-23.19,-505.62,-82.35,22.2
264,-42.82,-476.92,-78.66,28.02
265,44.75,-490.77,-89.88,19.98
266,-5.43,-464.65,-88.09,19.3
267,-29.13,-452.35,-82.97,23.36
268,-47.63,-468.82,-85.41,7.87
269,-58.32,-447.93,-79.18,25.06
270,26.91,-474.92,-83.38,21.93
271,-46.06,-501.63,-81.97,20.38
272,-19.87,-453.01,-78.04,28.37
273,-19.94,-496.82,-89.93,19.38
274,-43.44,-502.28,-79.59,26.24
275,-12.56,-453.06,-73.59,41.11
276,-99.69,-476.64,-74.24,29.07
277,12.51,-449.57,-77.17,25.32
278,-63.17,-494.39,-80.92,29.98
279,-67.95,-446.26,-70.69,26.81
280,-9.13,-456.29,-75.98,25.14
281,-93.94,-473.74,-80.9,13.5
282,-81.25,-419.5,-79.5,9.79
283,-41.71,-470.96,-82.54,32.16
284,56.49,-508.05,-91.38,19.65
285,-74.48,-469.65,-76.8,32.98
286,81.4,-522.71,-80.0,17.92
287,6.1,-487.75,-76.58,25.42
288,-47.86,-479.48,-71.57,46.13
289,-55.73,-476.37,-69.31,30.64
290,-35.56,-465.35,-74.36,30.03
291,24.51,-471.35,-80.2,34.29
292,-30.0,-479.21,-75.9,39.12
293,-83.51,-504.3,-71.51,24.49
294,-44.47,-470.28,-76.68,22.92
295,21.25,-490.14,-74.01,28.66
296,-81.22,-458.29,-69.93,22.9
297,42.22,-483.58,-78.92,12.91
298,-34.89,-603.65,-74.28,30.95
299,-25.13,-360.11,-75.19,34.09
300,-58.25,-431.06,-68.1,32.5
301,-96.57,-454.56,-71.16,24.23
302,31.02,-498.86,-77.44,18.64
303,46.94,-427.57,-75.98,18.89
304,-0.59,-459.74,-80.02,11.59
305,-28.57,-491.13,-75.52,21.18
306,-97.09,-486.65,-70.21,18.73
307,-8.59,-565.62,-85.99,13.9
308,-13.5,-453.29,-80.22,13.38
309,-67.63,-372.65,-73.2,17.32
310,36.51,-442.51,-67.58,17.54
311,-0.59,-392.51,-73.06,15.02
312,10.47,-469.47,-75.0,24.11
313,-23.36,-522.39,-71.85,24.73
314,-93.34,-500.02,-68.5,17.9
315,29.46,-486.64,-73.89,18.93
316,-14.85,-507.16,-70.76,21.7
317,-9.74,-477.16,-71.23,23.06
318,-34.78,-477.46,-73.54,12.62
319,-6.53,-552.17,-75.76,11.52
320,-23.55,-425.74,-79.35,9.69
321,-14.9,-383.1,-66.34,26.71
322,-26.41,-454.87,-67.03,24.69
323,-20.52,-464.44,-71.41,25.14
324,-10.08,-487.54,-73.78,24.04
325,-25.0,-485.4,-73.79,21.42
326,-92.9,-447.05,-68.52,23.98
327,-20.73,-472.72,-75.54,15.67
328,-5.54,-469.99,-68.9,18.95
329,-19.36,-429.56,-74.77,13.12
330,38.29,-407.83,-77.07,17.15
331,-16.7,-490.79,-69.3,23.94
332,-28.69,-503.65,-71.1,27.2
333,-14.34,-542.79,-75.36,12.81
334,-40.58,-578.77,-74.3,13.11
335,-4.32,-383.29,-77.39,19.98
336,-3.09,-395.59,-75.09,22.3
337,-16.35,-441.15,-76.42,17.32
338,-19.62,-459.13,-82.62,12.37
339,-26.93,-458.67,-78.68,8.31
340,-35.4,-482.2,-77.0,14.63
341,-73.38,-470.47,-69.42,15.37
342,-14.94,-463.76,-81.55,6.53
343,20.43,-466.67,-78.26,15.54
344,7.55,-484.32,-75.95,17.48
345,-0.55,-476.25,-78.22,20.55
346,-21.6,-462.24,-77.39,18.61
347,-31.27,-476.36,-83.91,8.87
348,-24.88,-479.93,-79.75,15.61
349,-32.43,-446.2,-78.63,19.2
350,-26.53,-459.61,-81.46,14.68
351,-22.48,-477.27,-88.49,11.96
352,-43.51,-458.9,-86.05,16.13
353,-31.6,-439.51,-82.23,6.04
354,-18.1,-493.13,-87.39,-3.68
355,2.31,-463.68,-87.72,3.06
356,15.52,-480.2,-83.55,18.34
357,-51.39,-458.69,-84.38,7.26
358,-4.53,-453.99,-82.73,19.76
359,-19.56,-465.78,-81.29,26.89
360,3.15,-451.47,-82.69,20.79
361,-104.69,-511.38,-86.88,9.69
362,-12.68,-431.45,-85.56,17.02
363,15.29,-431.59,-79.86,13.6
364,-47.47,-552.32,-72.78,17.37
365,-22.33,-496.47,-78.72,20.12
366,-20.67,-478.19,-85.72,8.29
367,-1.37,-450.38,-79.85,4.79
368,-21.08,-490.28,-80.94,7.2
369,-65.13,-483.19,-76.94,10.82
370,-30.26,-469.49,-75.83,11.42
371,8.5,-482.26,-80.7,4.79
372,-19.44,-478.71,-77.32,3.35
373,-29.56,-467.9,-79.76,6.3
374,-32.0,-429.68,-77.48,6.72
375,-66.72,-490.05,-78.65,7.5
376,15.0,-485.51,-87.67,11.97
377,-16.87,-474.39,-79.52,4.58
378,-20.05,-470.15,-76.36,2.91
379,-18.39,-425.52,-76.24,11.96
380,-91.27,-500.13,-74.53,10.1
381,3.67,-472.07,-75.91,5.08
382,3.99,-485.32,-80.65,5.1
383,-19.45,-466.0,-72.62,11.85
384,-54.93,-490.32,-72.28,13.63
385,-24.95,-457.6,-78.88,10.17
386,-44.13,-483.95,-67.58,8.56
387,7.24,-467.75,-80.65,9.39
388,-6.39,-489.45,-75.34,14.57
389,-37.73,-471.03,-80.13,13.37
390,-14.01,-442.17,-76.58,10.36
391,-30.1,-502.48,-78.74,14.54
392,-28.38,-480.72,-82.98,16.47
393,-21.67,-471.15,-76.84,10.76
394,-35.83,-485.68,-79.44,17.37
395,-43.27,-479.96,-75.73,18.65
396,-24.73,-470.28,-84.49,13.98
397,2.18,-458.78,-78.04,12.34
398,-58.6,-476.59,-75.39,18.37
399,-112.31,-479.5,-75.03,16.63
400,25.69,-453.51,-72.4,10.48
401,12.78,-482.48,-73.98,11.31
402,11.8,-491.42,-87.28,8.75
403,-17.92,-433.51,-88.08,7.71
404,-7.18,-466.35,-81.2,14.9
405,-44.43,-471.84,-79.56,12.83
406,-46.24,-452.01,-80.22,11.19
407,-18.88,-524.39,-78.82,12.91
408,-3.65,-497.6,-85.65,11.54
409,-36.4,-460.05,-80.6,12.4
410,-87.33,-490.62,-80.48,13.65
411,27.25,-474.48,-89.04,6.51
412,1.58,-466.96,-84.43,6.27
413,-32.07,-484.75,-84.35,13.6
414,-19.31,-476.93,-83.34,10.05
415,-24.33,-464.77,-85.48,9.77
416,-19.31,-481.83,-82.18,16.09
417,-25.66,-464.45,-83.79,15.47
418,-31.29,-501.83,-84.23,20.59
419,-41.13,-489.01,-88.9,16.3
420,-25.61,-489.76,-84.92,9.96
421,-14.8,-494.4,-82.22,14.07
422,-57.73,-449.81,-88.07,7.95
423,-50.93,-472.2,-84.73,10.59
424,6.91,-483.1,-87.51,12.31
425,-90.93,-501.12,-90.23,18.42
426,38.03,-463.74,-94.52,15.18
427,-1.63,-461.92,-92.87,10.4
428,-27.12,-485.36,-87.92,15.85
429,-23.66,-480.48,-95.47,13.14
430,-23.87,-474.83,-91.55,16.72
431,-26.24,-487.96,-92.48,9.55
432,-34.38,-486.77,-92.85,12.19
433,-22.39,-458.46,-86.21,11.34
434,-14.94,-463.87,-88.97,9.28
435,-55.05,-447.04,-89.73,15.14
436,-15.61,-498.45,-86.95,13.44
437,-28.21,-465.12,-84.56,16.41
438,-29.53,-498.73,-89.76,12.48
439,-1.13,-460.59,-94.12,12.17
440,-59.06,-494.99,-93.69,13.19
441,-9.69,-475.35,-88.75,12.42
442,-30.46,-509.51,-88.11,24.33
443,-37.73,-478.5,-88.04,13.22
444,-26.16,-491.75,-93.68,14.97
445,-71.73,-491.13,-93.22,14.06
446,14.93,-430.57,-96.42,15.91
447,-2.42,-460.28,-95.2,11.17
448,-30.11,-546.23,-95.14,16.6
449,-31.23,-502.54,-96.13,15.5
450,-43.65,-468.02,-94.36,11.99
451,-31.96,-489.12,-94.01,13.41
452,-54.97,-465.88,-103.17,18.54
453,22.16,-453.65,-104.87,16.04
454,-1.62,-453.19,-98.72,11.27
455,-20.51,-523.72,-100.19,17.34
456,-35.61,-501.17,-93.2,11.92
457,-24.26,-477.4,-99.46,7.17
458,-21.76,-488.45,-101.16,15.35
459,-17.13,-448.51,-102.71,4.6
460,-29.22,-488.14,-96.99,11.44
461,-12.78,-483.71,-102.85,17.01
462,-74.83,-464.31,-99.81,13.54
463,-54.78,-493.07,-102.32,11.89
464,24.63,-477.26,-106.27,11.72
465,-55.32,-480.46,-101.52,14.83
466,-14.63,-507.59,-95.23,11.77
467,-10.06,-486.19,-91.43,12.3
468,-46.55,-476.88,-98.89,10.41
469,28.02,-454.59,-101.61,5.31
470,-3.35,-443.59,-106.63,10.06
471,-32.17,-490.59,-104.53,12.18
472,-34.59,-507.16,-100.16,14.82
473,-33.45,-501.92,-99.46,12.74
474,-29.58,-490.85,-103.47,11.35
475,-30.13,-491.99,-102.83,15.28
476,-42.31,-462.4,-96.92,16.08
477,-23.69,-489.27,-99.63,12.32
478,-10.74,-494.73,-103.48,16.16
479,-98.5,-478.61,-95.78,15.35
480,-13.41,-465.75,-99.13,14.36
481,8.33,-487.5,-104.49,8.55
482,-3.99,-484.96,-102.53,6.68
483,-3.5,-472.73,-105.96,8.71
484,-36.12,-489.31,-100.62,8.79
485,-0.07,-467.07,-105.85,1.86
486,-30.77,-495.1,-101.47,11.01
487,-32.1,-502.67,-94.27,10.73
488,-31.65,-488.7,-96.69,9.12
489,-36.88,-481.17,-99.62,13.05
490,5.44,-414.81,-99.8,13.22
491,-26.78,-506.77,-104.09,11.46
492,-23.73,-509.46,-98.28,16.06
493,-51.58,-483.77,-90.47,19.18
494,-33.99,-474.39,-99.2,13.24
495,-11.64,-461.44,-105.92,9.79
496,-11.93,-467.72,-107.67,11.11
497,-24.39,-528.66,-100.39,11.43
498,-5.65,-499.14,-98.04,9.69
499,-16.92,-495.58,-98.34,9.84
500,-33.92,-483.35,-101.05,6.74
501,-15.87,-482.24,-99.83,4.15
502,-29.51,-487.8,-102.19,3.4
503,-30.41,-493.56,-101.5,12.63
504,-21.31,-486.19,-100.12,8.24
505,-34.14,-488.71,-105.42,6.31
506,-43.52,-480.87,-99.84,6.87
507,-7.28,-481.32,-102.44,6.82
508,-38.05,-504.85,-99.2,5.31
509,-12.27,-466.91,-97.86,3.27
510,-43.66,-463.99,-95.47,6.85
511,-46.27,-490.86,-95.2,5.79
512,-27.57,-442.03,-96.95,11.02
513,5.71,-434.37,-104.86,3.72
514,2.83,-508.85,-107.68,9.89
515,-12.42,-503.12,-107.55,11.15
516,-29.51,-470.91,-107.83,9.71
517,-20.49,-492.15,-104.75,7.95
518,-56.49,-502.28,-105.72,8.41
519,-45.56,-447.22,-106.37,2.21
520,0.01,-482.84,-99.45,6.23
521,-15.24,-514.29,-98.7,9.66
522,-16.5,-506.1,-109.9,0.51
523,-18.06,-486.31,-103.41,0.56
524,-28.82,-489.16,-101.37,3.72
525,-33.63,-494.01,-107.72,6.95
526,-25.97,-501.05,-102.47,2.1
527,-24.6,-473.56,-107.58,1.53
528,-28.65,-445.8,-104.46,5.4
529,-36.4,-481.26,-108.6,0.4
530,-40.04,-505.41,-103.56,7.58
531,-14.28,-496.86,-107.22,8.38
532,-38.36,-491.96,-107.36,-0.62
533,-15.3,-480.01,-111.1,-1.27
534,-15.77,-475.51,-105.75,-2.1
535,-20.08,-480.41,-110.56,-0.88
536,-45.64,-457.74,-103.9,-2.31
537,-35.78,-483.29,-106.69,-3.28
538,-10.74,-500.83,-113.33,-7.34
539,-15.41,-501.37,-103.33,-0.51
540,-31.98,-476.89,-106.92,-2.7
541,-22.94,-491.41,-112.48,-6.45
542,-39.82,-468.98,-110.95,-7.08
543,-25.67,-435.3,-104.36,1.97
544,-18.52,-515.93,-107.96,-7.98
545,-12.37,-503.59,-107.28,5.28
546,-22.25,-503.3,-114.01,4.56
547,-19.08,-495.37,-111.02,1.16
548,-23.43,-497.03,-108.7,-4.74
549,-39.44,-485.17,-106.96,-0.52
550,-72.79,-492.78,-104.9,0.32
551,19.39,-489.52,-110.87,-1.13
552,-10.67,-484.94,-105.93,3.11
553,-17.55,-458.6,-105.06,3.98
554,-23.35,-495.85,-103.26,-0.29
555,-24.84,-497.69,-102.11,-1.21
556,-63.86,-472.77,-100.57,-8.34
557,-27.57,-374.42,-106.2,1.75
558,24.21,-493.93,-112.7,-0.49
559,-53.55,-560.58,-106.07,1.21
560,-70.1,-496.87,-102.1,0.89
561,11.67,-509.45,-105.24,5.42
562,-2.54,-494.68,-107.77,0.48
563,-2.37,-483.16,-107.87,11.41
564,-10.86,-486.33,-112.16,3.22
565,-40.55,-493.22,-110.11,-0.59
566,6.28,-469.58,-110.7,-6.12
567,-25.45,-493.61,-105.78,-4.91
568,-32.1,-491.93,-110.4,1.22
569,-25.97,-485.78,-112.74,1.16
570,-22.73,-479.04,-111.93,0.03
571,-4.79,-473.21,-105.84,-2.05
572,-41.03,-504.12,-108.96,-0.2
573,-20.33,-470.62,-108.51,-5.39
574,-53.12,-483.94,-105.11,3.51
575,-85.42,-469.93,-106.16,2.66
576,41.16,-466.56,-109.66,2.75
577,-0.81,-505.21,-108.13,-4.12
578,-26.85,-478.77,-109.28,-3.78
579,-9.34,-493.91,-109.82,-4.03
580,-25.6,-524.84,-116.79,1.02
581,-18.65,-474.83,-117.23,-7.4
582,-24.96,-488.82,-114.53,-2.52
583,-30.84,-453.73,-117.83,-8.4
584,-35.06,-456.42,-114.89,-3.16
585,-11.71,-534.13,-117.23,0.87
586,-42.52,-487.62,-118.2,5.82
587,-0.79,-496.82,-114.26,3.22
588,-20.57,-468.23,-117.16,-3.77
589,-59.77,-446.95,-111.59,1.69
590,-30.09,-537.47,-114.88,0.07
591,-5.42,-491.39,-111.5,4.18
592,-21.53,-487.79,-112.69,2.31
593,5.59,-496.62,-116.68,-2.66
594,-19.52,-501.5,-111.55,4.82
595,-13.51,-502.6,-113.53,-3.14
596,-25.36,-493.0,-115.46,-3.19
597,-46.3,-478.49,-112.66,-3.22
598,-114.82,-474.01,-114.12,-0.79
599,66.86,-457.86,-123.73,-4.48
600,1.7,-485.89,-120.41,4.01
601,-11.03,-525.56,-119.61,-0.7
602,-26.4,-501.33,-120.68,-2.75
603,-20.28,-489.98,-122.52,-4.88
604,-23.9,-493.74,-125.14,0.0
605,-29.43,-501.01,-122.4,-2.02
606,-29.97,-489.57,-117.75,-3.39
607,-14.82,-452.49,-121.68,-7.83
608,-30.06,-484.21,-123.17,-0.98
609,-84.09,-515.98,-121.19,-0.79
610,-42.39,-466.2,-119.03,-6.37
611,31.32,-514.39,-123.4,-5.6
612,-4.79,-501.73,-119.59,-0.65
613,-15.3,-488.82,-116.52,2.57
614,-22.17,-493.09,-119.71,-1.87
615,-46.6,-501.39,-111.88,-5.02
616,-26.0,-482.92,-113.03,-7.47
617,-26.07,-462.09,-125.78,-11.08
618,-2.46,-457.41,-120.2,-14.71
619,-20.36,-510.44,-115.7,0.07
620,-24.23,-506.02,-113.52,-3.67
621,-13.81,-495.73,-118.64,-8.33
622,-16.7,-491.42,-113.3,-6.81
623,-26.89,-488.2,-114.56,-4.91
624,-32.49,-492.26,-114.79,-4.47
625,-113.46,-455.85,-110.55,-5.81
626,-1.23,-400.81,-119.58,-7.98
627,38.45,-528.29,-124.73,-9.47
628,-14.08,-528.42,-110.78,5.09
629,-19.45,-503.59,-112.01,0.99
630,15.94,-478.87,-113.97,-7.67
631,-26.74,-510.0,-112.19,-7.03
632,-21.7,-497.81,-109.61,0.04
633,-58.13,-480.14,-111.83,0.51
634,-18.03,-483.25,-109.76,-7.29
635,-28.16,-497.29,-111.14,-9.22
636,6.09,-485.22,-118.43,-4.39
637,-17.89,-492.82,-117.98,-7.75
638,-22.63,-496.42,-112.19,-8.87
639,-26.96,-491.74,-116.33,-6.65
640,-29.34,-484.87,-117.34,-10.37
641,-37.92,-496.83,-115.64,-10.36
642,-47.69,-487.87,-118.15,-8.01
643,0.64,-483.55,-118.14,-5.88
644,-31.94,-480.75,-118.21,-11.26
645,-77.35,-429.93,-115.92,-5.24
646,-6.51,-493.06,-116.55,-10.98
647,-17.68,-520.46,-111.25,-10.21
648,-0.01,-509.28,-112.04,-8.82
649,-11.79,-495.0,-113.51,-3.9
650,-40.93,-476.22,-112.47,-6.55
651,-3.8,-480.04,-116.38,-6.07
652,-15.68,-497.98,-115.74,-6.65
653,-19.88,-480.23,-117.69,-49.7
654,-40.3,-507.75,-105.85,23.06
655,-31.55,-490.46,-86.09,21.8
656,-28.43,-486.07,-125.65,-15.64
657,-94.28,-490.35,-120.06,2.17
658,3.04,-485.1,-123.55,-5.47
659,-24.81,-492.72,-121.67,-5.45
660,18.34,-472.36,-123.38,-2.2
661,-26.13,-465.73,-121.25,-1.09
662,-16.8,-485.74,-120.31,-5.55
663,-27.28,-494.58,-124.17,0.55
664,-33.2,-475.79,-121.92,-2.96
665,-70.14,-520.99,-116.32,0.69
666,-5.33,-459.05,-120.44,-9.1
667,-20.0,-497.22,-111.36,0.92
668,-50.86,-496.4,-114.22,1.44
669,-115.34,-492.98,-115.51,-0.79
670,53.69,-500.46,-122.49,-7.06
671,-21.44,-506.62,-114.7,-2.57
672,12.21,-464.8,-116.91,-7.92
673,-10.72,-470.75,-118.09,-7.61
674,-32.43,-509.58,-115.55,4.32
675,-26.36,-504.19,-124.28,3.52
676,-27.67,-487.63,-122.43,-2.54
677,-25.37,-489.4,-125.88,-11.55
678,-22.68,-496.02,-123.01,-1.14
679,-29.84,-489.29,-116.26,-2.31
680,-26.89,-476.59,-120.4,-9.67
681,-41.36,-468.74,-121.24,-7.26
682,-18.83,-495.14,-124.2,-2.13
683,-21.49,-489.73,-120.52,2.77
684,-36.97,-487.37,-121.61,-5.23
685,-19.49,-496.92,-121.81,-2.22
686,-56.57,-461.04,-116.1,-3.44
687,-31.01,-443.76,-117.49,-1.19
688,3.81,-538.83,-123.93,-9.42
689,-2.8,-504.28,-121.9,-5.55
690,-20.91,-486.84,-122.15,-9.94
691,-19.98,-497.02,-121.48,-9.25
692,-21.15,-491.89,-123.29,-3.35
693,-28.76,-490.92,-123.44,-1.58
694,-92.58,-469.02,-121.05,-6.58
695,13.72,-446.1,-125.23,-1.28
696,-21.19,-508.51,-125.66,0.34
697,-14.86,-494.53,-125.56,-0.63
698,-14.92,-496.24,-124.04,2.18
699,-30.01,-493.59,-126.83,-1.54
700,-24.3,-497.22,-123.42,4.37
701,-30.17,-494.63,-131.17,2.52
702,-75.45,-483.97,-119.92,9.49
703,-28.92,-489.33,-123.76,3.31
704,0.94,-446.5,-129.63,-7.13
705,-2.13,-502.09,-132.19,-3.38
706,-20.89,-504.47,-123.41,7.46
707,-20.54,-491.17,-126.0,-0.19
708,-22.07,-496.78,-127.08,1.68
709,-25.14,-488.27,-127.96,1.07
710,-32.96,-487.12,-121.3,-2.89
711,-49.44,-461.6,-123.37,-5.8
712,-64.95,-480.15,-128.42,-3.84
713,-22.35,-503.45,-128.64,-2.69
714,15.68,-482.55,-131.32,-7.12
715,-13.77,-500.9,-127.09,-1.46
716,-11.22,-496.12,-128.18,-4.4
717,-16.56,-487.94,-125.8,-7.0
718,-23.86,-496.15,-124.14,-5.37
719,-25.85,-489.41,-123.5,-2.51
720,-23.43,-486.91,-122.62,1.87
721,-27.11,-467.12,-126.21,-5.98
722,-39.25,-501.84,-123.89,-4.99
723,-34.58,-502.09,-134.2,-4.5
724,-33.2,-475.0,-126.55,8.21
725,1.96,-495.17,-135.06,-4.98
726,-31.13,-474.49,-130.16,-3.97
727,-18.1,-491.85,-129.67,-3.59
728,-63.16,-487.26,-122.98,-9.06
729,-32.56,-441.67,-120.92,-5.06
730,12.36,-471.16,-128.34,-6.48
731,-31.6,-526.59,-127.46,1.75
732,-23.31,-521.85,-128.12,-7.12
733,-8.15,-487.32,-124.66,-3.85
734,-22.71,-493.31,-133.34,-1.55
735,-20.76,-510.63,-126.35,-0.77
736,-25.88,-485.59,-130.46,0.74
737,-19.17,-425.84,-131.48,-2.1
738,-35.67,-463.75,-131.87,2.22
739,-26.46,-502.99,-138.67,3.35
740,-16.91,-516.86,-130.69,6.04
741,-22.09,-504.02,-132.01,5.68
742,-27.12,-496.23,-129.22,5.99
743,-41.22,-456.53,-131.1,2.31
744,-79.29,-479.79,-124.33,2.03
745,13.47,-510.98,-133.06,-2.82
746,-11.47,-497.56,-134.99,0.74
747,-44.79,-483.11,-136.72,6.46
748,20.95,-500.51,-139.75,-2.75
749,-11.11,-496.68,-133.5,-3.45
750,-16.74,-490.29,-136.69,-0.2
751,-17.62,-496.26,-134.04,1.33
752,-26.18,-495.19,-133.99,-0.91
753,-35.88,-488.14,-131.82,-1.6
754,-59.9,-495.83,-130.77,-2.65
755,-35.08,-467.23,-135.13,2.33
756,25.76,-485.15,-141.1,-3.25
757,-9.53,-479.79,-134.33,-3.62
758,-30.48,-484.4,-137.53,-1.06
759,-9.67,-502.75,-134.81,3.94
760,-26.46,-492.29,-133.98,0.79
761,-17.91,-495.12,-137.92,-1.53
762,-22.94,-492.8,-141.4,-3.5
763,-29.61,-485.08,-134.79,-4.41
764,-40.35,-491.23,-130.81,-6.61
765,-44.52,-496.01,-129.82,-3.1
766,-8.05,-478.4,-136.5,-1.1
767,-63.96,-454.71,-134.98,-3.8
768,-8.26,-485.42,-134.43,3.51
769,2.8,-504.34,-135.25,-3.24
770,8.09,-476.2,-137.68,-0.47
771,-23.89,-510.5,-142.57,-1.54
772,-26.78,-500.78,-129.7,-1.63
773,-25.57,-499.23,-137.73,-4.63
774,-25.47,-495.08,-136.6,-3.77
775,-46.95,-504.4,-136.53,-2.06
776,-43.63,-496.5,-132.63,-0.48
777,-33.31,-488.32,-136.72,-6.85
778,-31.4,-468.02,-143.58,-4.84
779,17.43,-482.63,-143.79,-7.98
780,-31.09,-490.87,-142.11,-5.86
781,-11.62,-487.24,-140.59,-3.12
782,-13.93,-492.28,-137.89,-2.92
783,-19.35,-477.79,-137.62,-6.68
784,-31.58,-488.44,-138.14,-1.51
785,-42.62,-486.3,-133.97,-5.13
786,-60.37,-492.61,-127.06,-4.88
787,-31.76,-515.52,-135.39,-3.04
788,13.39,-494.9,-139.73,-9.05
789,-63.11,-483.23,-139.03,-4.59
790,2.25,-496.31,-132.46,0.31
791,-7.96,-503.08,-139.18,-3.97
792,-22.86,-497.06,-134.94,-0.78
793,-24.31,-490.53,-139.71,-7.23
794,-27.67,-493.48,-133.99,-9.26
795,-51.56,-494.87,-132.46,-9.53
796,-74.8,-488.0,-132.23,-7.43
797,14.48,-479.14,-138.25,-15.29
798,17.49,-463.84,-133.31,-10.37
799,-28.12,-493.48,-141.12,-12.61
800,-29.85,-510.38,-140.04,-6.92
801,-17.48,-500.87,-137.67,-9.17
802,-22.65,-499.26,-133.19,-8.34
803,-26.84,-492.86,-134.5,-8.47
804,-28.03,-496.61,-133.24,-11.31
805,-33.12,-503.17,-133.84,-9.95
806,-47.22,-468.07,-127.9,-12.54
807,-46.7,-445.35,-134.0,-17.57
808,-53.3,-511.9,-136.99,-10.56
809,-25.79,-481.91,-130.87,-7.09
810,-31.52,-510.58,-136.86,-9.5
811,38.13,-491.43,-139.78,-8.52
812,-15.07,-514.34,-136.47,-7.69
813,-16.73,-498.59,-135.11,-10.83
814,-20.42,-498.21,-133.38,-11.87
815,-26.8,-498.03,-132.08,-6.61
816,-31.23,-494.93,-130.0,-13.64
817,-46.41,-489.5,-131.08,-13.21
818,-55.8,-483.06,-137.85,-20.85
819,-42.15,-485.41,-133.47,-20.22
820,4.32,-499.11,-130.47,-4.2
821,1.92,-490.21,-135.86,-13.4
822,-6.88,-503.03,-133.0,-6.4
823,-20.8,-483.43,-128.91,-9.86
824,-25.96,-469.85,-133.45,-8.09
825,-52.14,-496.84,-131.47,-8.8
826,-21.82,-457.66,-134.58,-16.16
827,-36.32,-505.16,-132.54,4.64
828,-31.59,-507.11,-131.8,-2.46
829,-24.7,-492.42,-135.05,-4.4
830,-31.67,-523.39,-137.79,-5.11
831,-19.03,-482.97,-134.43,-5.3
832,-33.74,-497.74,-133.83,-2.91
833,-63.11,-456.08,-133.07,-11.22
834,-22.87,-481.78,-138.18,-9.34
835,12.84,-513.22,-140.7,-2.05
836,-17.58,-484.93,-129.36,-0.88
837,-25.18,-469.69,-133.94,-7.99
838,-16.74,-491.53,-135.33,-9.02
839,-44.67,-513.34,-133.75,-8.2
840,-8.3,-477.95,-129.53,-5.84
841,-31.65,-496.06,-139.03,-4.59
842,-22.68,-480.82,-141.49,-7.58
843,-21.23,-479.39,-139.04,-9.17
844,-40.49,-481.11,-139.91,-11.69
845,-11.13,-506.29,-140.69,-12.48
846,-26.79,-519.1,-137.45,-10.01
847,-80.37,-499.18,-134.88,-12.43
848,-6.47,-486.41,-131.52,-5.89
849,-40.69,-481.69,-131.32,-8.29
850,4.87,-491.84,-135.27,-6.77
851,-4.74,-488.34,-136.32,-7.28
852,-36.05,-468.23,-140.16,-10.55
853,-35.12,-527.16,-135.97,-12.74
854,-42.57,-518.18,-137.02,-11.05
855,-30.01,-508.28,-135.9,-7.46
856,-27.24,-482.02,-137.17,-5.94
857,-4.73,-432.04,-139.76,-2.02
858,-17.02,-482.7,-137.17,-7.53
859,-27.13,-484.79,-138.19,-8.32
860,-23.51,-483.97,-138.58,-8.17
861,-31.44,-492.41,-139.66,-8.0
862,-37.52,-490.96,-138.05,-7.37
863,-46.11,-489.48,-137.2,-8.84
864,-29.79,-469.53,-137.41,-7.81
865,-28.91,-475.29,-135.88,-3.28
866,4.0,-498.98,-143.95,-7.47
867,-19.96,-498.33,-140.76,-10.77
868,-22.5,-480.67,-141.58,-8.99
869,-66.36,-453.69,-143.25,-6.56
870,-23.53,-521.51,-140.78,-3.21
871,-13.27,-518.7,-142.25,-4.53
872,-8.87,-499.19,-140.13,-3.81
873,-17.15,-455.23,-145.27,-4.83
874,-40.19,-522.77,-140.69,-0.56
875,-18.4,-496.91,-141.05,-4.0
876,-43.32,-490.48,-144.66,-4.43
877,-39.43,-490.11,-139.73,-6.8
878,-27.93,-508.42,-141.3,-8.2
879,2.01,-515.58,-140.25,1.17
880,-22.76,-469.56,-139.41,-3.53
881,-35.67,-456.51,-143.43,-8.98
882,-4.14,-461.92,-135.76,-9.71
883,-38.46,-539.62,-139.53,-4.04
884,-27.87,-518.08,-143.95,-7.55
885,-15.85,-502.56,-140.88,-4.08
886,-25.98,-496.9,-141.4,-1.13
887,-31.1,-491.73,-137.46,-5.76
888,-28.57,-497.81,-142.37,-0.59
889,-46.18,-499.81,-139.21,0.39
890,-36.52,-489.09,-133.69,-0.34
891,-5.55,-486.16,-137.32,1.79
892,-42.98,-459.37,-136.63,6.8
893,-27.08,-489.52,-144.68,-4.11
894,-41.91,-511.59,-139.43,2.5
895,12.65,-510.75,-146.25,-0.47
896,-30.97,-480.78,-141.78,1.36
897,-24.67,-459.05,-142.59,2.45
898,-10.86,-495.23,-142.68,-1.28
899,-22.33,-513.04,-147.95,-3.1
900,-32.08,-501.59,-144.63,1.01
901,-47.32,-511.8,-141.11,1.49
902,-8.47,-489.1,-138.15,-6.8
903,-33.94,-480.2,-141.76,-6.26
904,-23.57,-479.69,-139.81,-9.29
905,-3.86,-477.21,-137.78,-8.46
906,-40.68,-516.16,-138.73,1.39
907,-37.9,-499.37,-136.51,-0.65
908,-22.15,-494.45,-136.87,-2.85
909,-18.62,-494.58,-136.11,-2.37
910,-25.06,-479.89,-131.8,-3.03
911,-42.89,-472.07,-136.64,-1.76
912,-83.23,-508.68,-134.27,0.57
913,-9.45,-466.87,-136.82,-1.82
914,-7.14,-466.07,-140.49,-0.41
915,-19.39,-526.58,-138.34,0.1
916,-21.16,-508.27,-135.86,-0.24
917,-13.24,-495.37,-134.14,-8.08
918,-21.43,-490.96,-136.0,-10.52
919,-35.72,-460.92,-137.18,-2.6
920,-10.64,-466.69,-137.62,-8.03
921,-25.07,-499.81,-131.88,4.76
922,-25.96,-503.03,-134.9,-1.73
923,-31.14,-503.84,-132.93,1.48
924,-30.56,-494.75,-135.53,5.39
925,-25.34,-489.43,-138.27,-4.1
926,-30.11,-485.05,-136.81,-1.98
927,-35.1,-486.78,-138.39,-0.66
928,-37.55,-470.38,-142.59,4.92
929,-32.35,-413.32,-140.1,1.35
930,-23.0,-521.8,-138.61,-2.66
931,-48.02,-506.4,-136.19,-3.63
932,1.19,-500.57,-136.92,-0.9
933,-16.89,-492.37,-134.02,-1.34
934,-33.98,-487.78,-133.59,-3.19
935,-49.61,-493.8,-127.27,-2.91
936,-34.94,-484.82,-140.95,-2.67
937,-12.94,-455.55,-145.37,-5.58
938,-18.58,-492.0,-145.65,-4.33
939,-9.61,-511.25,-144.36,-6.32
940,-28.39,-492.34,-136.44,-5.01
941,-40.89,-495.31,-137.6,-10.45
942,-28.42,-510.0,-146.86,-0.5
943,-91.37,-443.63,-140.66,-0.29
944,14.33,-461.62,-140.56,3.0
945,0.7,-501.52,-141.16,-0.78
946,-15.93,-487.47,-142.33,-0.79
947,-28.82,-473.77,-139.53,-2.92
948,-21.24,-491.19,-141.35,-3.98
949,-23.42,-515.89,-138.96,-0.42
950,-32.89,-494.22,-135.75,-3.06
951,-32.64,-495.62,-135.92,-4.04
952,-29.75,-489.68,-134.6,-1.97
953,-23.98,-494.89,-138.5,4.38
954,-29.57,-423.26,-135.81,-1.23
955,-44.98,-501.3,-134.86,-4.37
956,-30.18,-515.32,-133.73,2.33
957,-39.95,-522.11,-132.9,5.62
958,-19.75,-440.87,-138.18,0.29
959,-16.89,-441.61,-136.8,-1.03
960,-54.49,-569.53,-136.09,-4.64
961,-18.72,-538.24,-136.01,0.61
962,-2.93,-462.85,-138.38,2.93
963,-24.48,-474.44,-137.09,0.01
964,-44.53,-464.98,-140.64,-1.58
965,-7.53,-483.66,-136.86,-2.76
966,-26.04,-506.52,-136.58,-4.95
967,-21.89,-490.54,-138.57,-4.11
968,-7.76,-519.17,-138.9,-6.1
969,-27.18,-487.31,-139.9,-3.01
970,-20.73,-470.32,-137.15,2.66
971,-55.74,-498.71,-132.65,0.04
972,-54.66,-463.71,-138.54,2.89
973,6.89,-490.41,-139.3,-4.04
974,-27.19,-495.46,-139.97,-0.22
975,-12.1,-490.35,-142.31,-5.63
976,-26.21,-480.26,-136.47,3.73
977,-46.42,-476.07,-130.34,2.26
978,-35.04,-502.55,-136.33,2.09
979,3.12,-482.89,-135.41,1.52
980,-21.04,-495.64,-136.01,5.13
981,-41.34,-486.68,-137.8,0.96
982,-22.36,-487.3,-147.37,-0.47
983,-39.09,-461.57,-140.58,-3.86
984,-6.36,-490.98,-136.44,1.57
985,-30.6,-457.3,-141.96,0.04
986,11.98,-506.57,-133.88,1.38
987,-44.59,-509.4,-139.6,-2.89
988,-15.97,-498.47,-144.08,2.71
989,-7.13,-475.02,-141.79,5.17
990,-25.06,-465.11,-132.52,8.18
991,-34.53,-527.63,-132.47,4.24
992,-34.37,-484.59,-139.31,6.66
993,-50.97,-495.22,-134.78,9.83
994,-16.53,-481.95,-134.68,5.72
995,-8.19,-500.98,-136.61,5.28
996,-25.66,-498.56,-136.93,7.58
997,-48.45,-499.99,-134.01,3.8
998,-89.94,-503.44,-133.69,8.7
999,3.26,-441.2,-136.72,2.85
1000,25.18,-479.12,-141.47,0.72
1001,-29.61,-492.17,-137.78,11.22
1002,-15.92,-499.58,-141.95,2.81
1003,-10.17,-496.97,-139.19,8.35
1004,-15.6,-493.96,-142.23,-0.61
1005,-10.73,-498.01,-136.73,-1.7
1006,-54.58,-465.36,-133.59,7.16
1007,-37.73,-453.18,-132.78,3.17
1008,-3.84,-527.22,-136.17,-1.2
1009,-11.0,-496.88,-136.66,-4.82
1010,-38.44,-513.23,-130.69,-0.47
1011,-24.76,-474.09,-127.98,0.31
1012,-33.71,-480.56,-129.93,-2.79
1013,-43.46,-493.85,-127.29,0.5
1014,-27.67,-459.3,-128.16,-2.58
1015,-23.18,-476.27,-136.34,1.03
1016,6.55,-506.36,-132.58,1.28
1017,-25.3,-492.44,-131.43,-5.37
1018,-11.17,-455.74,-136.88,3.24
1019,-21.78,-494.37,-135.39,1.68
1020,-37.36,-511.06,-132.09,2.46
1021,-23.88,-499.48,-133.02,-0.22
1022,-36.69,-498.29,-131.54,-0.93
1023,-38.67,-497.35,-130.13,-0.07
1024,-29.91,-457.32,-136.14,-2.57
1025,-32.85,-483.61,-139.26,-2.97
1026,-42.27,-485.66,-133.32,-0.28
1027,-26.09,-484.09,-132.47,5.12
1028,-10.43,-480.99,-137.01,-5.45
1029,-16.58,-502.14,-137.51,-6.93
1030,4.56,-487.12,-137.74,-9.35
1031,-14.78,-494.99,-135.09,-2.53
1032,-15.49,-485.44,-130.18,-6.5
1033,-23.95,-483.45,-134.12,-4.23
1034,-29.19,-487.24,-133.11,-5.18
1035,-40.15,-497.13,-135.43,-3.67
1036,-26.25,-483.58,-130.35,-1.03
1037,-19.0,-479.15,-139.26,0.96
1038,-20.15,-481.21,-137.4,-4.03
1039,-16.88,-455.8,-125.83,-1.61
1040,-30.54,-509.11,-137.53,0.61
1041,-25.92,-471.07,-139.55,-1.61
1042,-20.56,-502.05,-136.53,1.07
1043,-40.86,-503.27,-124.62,1.79
1044,-21.52,-471.86,-131.82,5.16
1045,-26.16,-509.94,-139.04,4.89
1046,-73.33,-465.19,-137.79,5.54
1047,37.22,-445.64,-131.04,8.5
1048,-8.08,-497.95,-132.74,4.59
1049,-62.04,-524.13,-129.36,2.56
1050,4.11,-484.42,-133.37,10.25
1051,-43.96,-465.67,-138.45,2.53
1052,-4.49,-512.15,-143.61,1.36
1053,-20.51,-453.42,-132.33,3.41
1054,-9.54,-465.82,-128.91,3.78
1055,-24.47,-552.99,-126.18,9.1
1056,-23.05,-495.65,-129.03,1.8
1057,-26.6,-474.27,-136.58,4.87
1058,-23.66,-473.87,-139.79,3.57
1059,-33.69,-461.66,-133.43,4.78
1060,-25.52,-480.98,-136.89,2.45
1061,-9.44,-503.64,-131.41,2.8
1062,-44.35,-531.02,-135.06,2.88
1063,-18.69,-486.28,-139.84,-5.36
1064,-62.58,-454.67,-135.89,-5.03
1065,7.59,-430.72,-139.58,5.66
1066,-25.08,-474.81,-139.89,6.27
1067,0.68,-453.81,-138.25,0.38
1068,-10.88,-439.71,-140.11,6.14
1069,-12.82,-506.46,-136.87,8.5
1070,-33.82,-505.14,-125.7,11.44
1071,-45.3,-502.06,-128.6,6.39
1072,-32.26,-479.41,-130.53,5.02
1073,-11.39,-491.88,-134.11,5.77
1074,0.35,-478.56,-128.24,2.57
1075,-20.49,-491.56,-133.12,5.81
1076,-15.07,-479.11,-131.51,5.1
1077,-34.47,-477.31,-129.43,4.89
1078,-25.58,-479.74,-128.33,3.39
1079,-1.58,-502.44,-134.01,0.83
1080,-20.7,-477.65,-126.79,-0.32
1081,-22.46,-500.99,-126.79,-0.42
1082,-50.58,-489.94,-123.69,4.68
1083,-1.04,-406.52,-122.37,1.95
1084,-35.62,-488.51,-128.69,1.08
1085,-19.68,-502.51,-133.81,4.57
1086,-32.34,-486.96,-132.49,1.42
1087,-22.26,-482.22,-134.59,8.45
1088,-9.64,-530.5,-131.12,2.05
1089,-1.8,-456.42,-132.35,-2.4
1090,-14.92,-474.62,-127.8,-4.99
1091,-31.82,-477.99,-118.7,8.15
1092,-18.65,-473.35,-127.63,0.03
1093,-23.52,-477.04,-130.19,0.05
1094,-32.88,-490.19,-130.78,1.44
1095,-23.33,-498.21,-126.04,-0.86
1096,-14.48,-483.41,-131.05,-2.64
1097,-11.83,-447.61,-131.81,-5.97
1098,-27.33,-500.04,-129.31,-3.75
1099,-34.5,-495.69,-128.58,-2.21
1100,-30.87,-484.65,-127.07,-1.64
1101,-23.15,-490.69,-126.83,2.6
1102,-36.19,-492.76,-130.2,1.87
1103,-41.03,-486.08,-129.48,-3.66
1104,1.16,-477.82,-128.79,-2.27
1105,-41.01,-492.37,-129.35,0.81
1106,-29.29,-488.86,-126.74,3.22
1107,-59.52,-459.11,-121.2,5.88
1108,9.56,-539.97,-144.76,-11.54
1109,-0.3,-452.88,-135.45,7.17
1110,-16.05,-470.94,-130.36,4.73
1111,-21.27,-490.28,-130.38,5.29
1112,-26.61,-489.88,-132.1,4.28
1113,-25.45,-464.85,-136.77,3.75
1114,-42.11,-487.43,-137.93,6.06
1115,-71.91,-493.76,-132.87,2.04
1116,-17.17,-469.9,-138.95,2.36
1117,-17.79,-519.89,-140.66,0.54
1118,-3.63,-493.07,-135.27,3.31
1119,-5.92,-428.38,-132.75,0.56
1120,-18.58,-506.06,-132.62,5.99
1121,-42.94,-483.51,-137.42,-7.2
1122,-9.51,-482.58,-133.92,0.9
1123,-34.73,-510.12,-135.33,0.84
1124,-30.84,-471.49,-129.31,0.48
1125,-11.22,-480.76,-132.18,3.49
1126,-23.9,-485.02,-128.18,1.67
1127,-34.44,-482.3,-130.25,-1.25
1128,-38.06,-489.71,-130.33,3.26
1129,-11.9,-496.06,-128.28,0.17
1130,-97.92,-471.97,-120.07,0.19
1131,19.86,-467.67,-137.32,-10.7
1132,5.4,-494.48,-132.7,1.33
1133,-26.48,-482.02,-129.15,1.18
1134,-8.56,-480.83,-131.71,1.45
1135,-18.25,-492.93,-131.87,0.98
1136,-25.31,-483.16,-132.83,-1.57
1137,-39.2,-486.21,-128.89,-3.53
1138,-37.19,-492.1,-130.31,-0.45
1139,-44.35,-470.39,-140.35,-2.24
1140,12.97,-494.17,-141.77,0.86
1141,-17.1,-487.32,-134.78,3.22
1142,-28.28,-478.97,-137.61,4.64
1143,-33.13,-474.77,-129.92,2.86
1144,-18.9,-484.54,-136.94,3.71
1145,-42.46,-491.77,-130.31,6.83
1146,-34.85,-457.03,-135.73,-0.58
1147,-30.47,-463.63,-133.45,-2.85
1148,-32.31,-513.36,-134.42,-2.6
1149,6.35,-483.0,-136.4,-3.57
1150,-17.14,-479.29,-135.79,-2.58
1151,-26.21,-505.94,-138.54,-1.45
1152,-17.98,-493.33,-135.31,-2.2
1153,-21.78,-454.81,-136.85,2.54
1154,-56.85,-461.89,-137.6,1.34
1155,-64.67,-500.21,-129.23,2.42
1156,28.58,-482.44,-137.53,-9.32
1157,3.77,-470.68,-130.0,7.77
1158,-41.22,-496.94,-134.88,2.2
1159,-26.94,-475.27,-136.12,0.1
1160,-8.74,-474.86,-135.64,0.73
1161,-30.34,-508.76,-130.45,2.46
1162,-42.53,-464.42,-128.84,1.04
1163,-8.39,-476.7,-135.25,2.06
1164,-26.83,-484.76,-131.43,-2.44
1165,-17.96,-484.27,-130.82,-2.36
1166,-16.62,-479.82,-129.71,-3.34
1167,-22.99,-486.6,-136.65,-3.59
1168,-16.36,-482.85,-131.78,-0.52
1169,-32.65,-494.54,-130.64,2.55
1170,-87.96,-472.41,-125.37,-3.76
1171,1.8,-448.76,-140.27,-4.06
1172,6.29,-486.04,-136.81,4.56
1173,0.21,-482.6,-127.11,3.91
1174,-14.31,-475.77,-131.02,-0.37
1175,-48.09,-490.93,-128.95,3.56
1176,-5.26,-494.79,-128.5,1.97
1177,-57.84,-490.52,-129.74,-2.1
1178,-23.62,-482.27,-130.41,5.01
1179,10.06,-467.41,-129.63,4.05
1180,-2.75,-479.68,-130.61,0.06
1181,-8.98,-468.96,-130.44,-0.45
1182,-22.67,-481.13,-127.31,4.87
1183,-25.6,-481.61,-130.52,4.25
1184,-27.17,-480.92,-131.06,2.39
1185,-36.49,-486.04,-126.39,3.54
1186,-55.63,-481.03,-125.43,9.17
1187,-41.79,-484.83,-127.99,4.42
1188,-34.55,-456.07,-135.72,-1.52
1189,27.83,-460.9,-134.15,-2.05
1190,9.84,-483.11,-130.68,7.8
1191,-17.63,-486.55,-129.53,4.39
1192,-17.42,-489.22,-123.96,4.78
1193,-19.94,-481.57,-126.37,6.9
1194,-26.06,-482.37,-128.97,1.67
1195,-35.19,-487.21,-125.82,2.66
1196,-34.7,-475.43,-129.9,8.35
1197,-20.26,-501.08,-130.45,3.21
1198,-34.42,-481.1,-132.42,4.01
1199,-10.12,-460.51,-128.54,3.56
1200,-29.31,-454.58,-125.11,3.35
1201,-62.88,-508.82,-125.15,6.62
1202,5.82,-481.7,-131.08,1.46
1203,-14.08,-480.82,-128.52,6.88
1204,-18.25,-476.14,-135.58,-1.44
1205,-53.28,-491.27,-129.72,4.98
1206,-26.05,-467.75,-125.6,10.23
1207,-7.47,-487.49,-134.07,3.8
1208,-34.68,-487.45,-133.74,6.18
1209,-7.48,-466.72,-136.97,5.94
1210,-5.51,-462.56,-134.6,3.7
1211,-9.77,-475.68,-136.64,2.0
1212,-30.99,-504.97,-133.36,4.61
1213,-36.47,-468.56,-129.82,12.07
1214,-35.2,-493.9,-133.2,10.6
1215,-19.95,-494.57,-135.72,8.5
1216,-4.15,-487.88,-134.13,5.92
1217,-23.23,-480.72,-132.68,5.56
1218,-15.88,-472.43,-136.24,3.22
1219,-33.57,-470.26,-131.38,0.39
1220,-48.93,-473.55,-129.42,2.16
1221,7.17,-496.79,-129.81,3.38
1222,-33.95,-496.48,-123.07,6.29
1223,-14.49,-485.83,-128.76,1.43
1224,-10.3,-455.92,-132.88,1.1
1225,-17.42,-483.57,-134.6,0.94
1226,-25.61,-437.97,-133.98,4.8
1227,-26.14,-422.88,-131.0,1.62
1228,-50.18,-551.23,-131.44,4.56
1229,-9.73,-518.14,-128.81,6.62
1230,-7.35,-489.42,-131.23,0.26
1231,-17.16,-474.18,-132.37,-9.86
1232,-27.48,-492.78,-132.32,-6.46
1233,-46.01,-498.4,-126.17,-2.74
1234,-28.67,-504.16,-124.43,1.46
1235,-5.12,-450.22,-123.5,-1.36
1236,-13.58,-496.36,-124.51,1.37
1237,-5.89,-470.77,-126.17,2.49
1238,-18.83,-484.87,-129.43,-1.94
1239,-37.12,-489.7,-125.61,-0.83
1240,-34.32,-480.44,-124.24,6.49
1241,-5.51,-471.42,-122.61,1.78
1242,-62.32,-500.85,-125.4,-3.4
1243,11.28,-468.24,-129.01,-4.85
1244,-22.06,-475.03,-120.94,5.09
1245,4.58,-485.6,-125.33,-1.24
1246,-26.87,-481.9,-125.5,-0.73
1247,-43.15,-485.93,-127.28,-2.42
1248,-13.16,-477.89,-126.66,0.21
1249,-20.22,-491.74,-125.91,2.7
1250,-34.92,-469.73,-126.91,-1.27
1251,-71.1,-455.0,-121.38,1.53
1252,14.11,-463.7,-123.93,5.76
1253,-7.9,-464.85,-128.42,4.04
1254,-41.99,-490.07,-122.75,3.66
1255,-31.18,-483.3,-125.26,1.82
1256,12.63,-485.1,-126.23,8.19
1257,-16.46,-484.93,-127.12,0.79
1258,-22.1,-484.05,-124.01,1.19
1259,-22.56,-481.98,-125.72,4.27
1260,-29.3,-467.59,-128.33,3.84
1261,-22.34,-421.9,-129.95,-5.61
1262,-67.57,-489.45,-119.59,-0.49
1263,-20.84,-512.03,-118.39,-1.2
1264,-21.3,-484.3,-131.29,-0.29
1265,7.66,-485.5,-133.54,-3.72
1266,-14.65,-497.45,-129.84,-2.22
1267,-23.57,-485.07,-127.05,-6.27
1268,-24.14,-491.16,-126.57,-4.5
1269,-31.32,-504.43,-125.73,-4.78
1270,-35.81,-470.84,-122.08,-6.03
1271,-72.18,-446.88,-123.71,-7.81
1272,0.2,-491.37,-131.45,1.22
1273,-2.85,-490.42,-130.2,-0.06
1274,-14.39,-456.32,-133.51,-5.61
1275,-17.03,-490.99,-130.67,-5.45
1276,-14.38,-493.65,-127.52,-6.73
1277,-67.41,-494.98,-121.56,2.7
1278,-8.99,-452.41,-122.33,-0.59
1279,-0.55,-478.11,-128.27,-4.31
1280,-16.29,-486.32,-123.41,0.86
1281,-21.24,-487.3,-128.39,-0.84
1282,-19.76,-484.51,-129.89,-0.19
1283,-27.31,-477.49,-133.3,3.67
1284,-31.11,-477.02,-128.76,-0.01
1285,-38.36,-476.46,-129.95,4.62
1286,-27.87,-474.48,-125.88,2.54
1287,-42.64,-503.12,-122.55,7.69
1288,-19.21,-473.78,-129.5,5.59
1289,-35.59,-493.05,-130.56,9.69
1290,-10.71,-477.6,-129.86,6.49
1291,-2.43,-488.2,-127.37,0.73
1292,-20.95,-484.18,-128.34,-4.86
1293,-46.42,-470.54,-124.51,0.57
1294,-16.66,-488.11,-124.1,7.98
1295,-45.66,-479.21,-125.17,4.08
1296,5.07,-447.29,-128.2,0.84
1297,-49.13,-501.66,-124.54,6.02
1298,-3.01,-494.48,-125.97,4.1
1299,-9.09,-475.23,-123.6,4.17
1300,-26.25,-475.24,-126.89,-5.53
1301,-20.49,-462.68,-124.28,0.87
1302,-24.12,-481.03,-125.13,5.02
1303,-37.79,-497.02,-125.72,-4.35
1304,-39.35,-478.88,-126.11,-3.98
1305,4.53,-472.78,-133.21,-12.47
1306,-19.08,-492.47,-132.49,-5.44
1307,-20.69,-471.28,-130.11,-2.02
1308,-28.34,-500.72,-128.34,-1.03
1309,-64.25,-497.32,-129.37,-8.13
1310,-32.05,-474.78,-129.75,0.04
1311,-8.95,-478.82,-135.17,1.68
1312,12.01,-434.88,-128.66,-4.22
1313,-59.5,-519.04,-131.36,-4.11
1314,12.66,-468.3,-135.98,-12.42
1315,-12.11,-472.27,-126.44,-11.29
1316,-28.94,-509.56,-130.79,-6.16
1317,-33.17,-481.81,-138.39,-12.69
1318,-16.56,-470.79,-133.23,-11.39
1319,-32.65,-467.94,-136.72,-5.74
1320,-2.43,-503.17,-127.76,-6.54
1321,-25.59,-505.5,-124.1,-0.07
1322,-16.55,-494.69,-135.81,-4.18
1323,-20.45,-483.57,-128.8,-9.17
1324,-22.69,-488.8,-129.74,-5.85
1325,-25.75,-488.67,-127.7,2.48
1326,-37.76,-480.34,-123.16,-0.65
1327,-38.84,-481.87,-137.39,-5.44
1328,-27.24,-485.96,-135.75,0.42
1329,7.2,-479.43,-130.53,3.29
1330,-13.15,-469.17,-128.67,1.27
1331,-23.07,-438.9,-132.76,-4.95
1332,-6.87,-483.7,-132.95,0.63
1333,-68.24,-513.46,-131.25,4.92
1334,-23.28,-489.29,-131.37,0.87
1335,13.39,-499.75,-134.33,-1.48
1336,-10.64,-480.6,-125.84,0.25
1337,-23.98,-473.36,-128.22,-5.46
1338,-24.94,-475.19,-128.37,-4.04
1339,-40.85,-472.56,-128.56,-4.92
1340,-29.67,-464.95,-125.02,1.05
1341,-6.92,-492.88,-125.74,2.72
1342,2.14,-484.83,-126.87,2.83
1343,-42.78,-473.84,-130.2,-1.83
1344,-14.25,-496.87,-124.39,-2.85
1345,-28.91,-468.19,-119.29,-2.77
1346,-8.01,-444.3,-125.68,-5.66
1347,-56.46,-519.03,-126.14,3.86
1348,-30.96,-515.72,-119.42,3.09
1349,-17.9,-489.52,-121.12,-2.09
1350,2.35,-476.1,-125.04,4.29
1351,-15.93,-487.81,-127.63,7.29
1352,-51.76,-468.85,-121.68,7.38
1353,-4.44,-462.64,-121.67,0.69
1354,-45.77,-509.48,-123.1,7.62
1355,-9.12,-496.5,-126.0,8.81
1356,-15.14,-427.58,-126.82,7.42
1357,-27.84,-504.58,-123.39,5.72
1358,-34.49,-494.79,-126.45,1.21
1359,-10.85,-480.12,-120.05,1.9
1360,-15.66,-473.34,-120.18,-5.49
1361,-14.26,-472.14,-120.16,2.88
1362,-62.3,-509.5,-120.09,6.65
1363,-6.18,-494.97,-121.67,6.29
1364,-0.7,-475.34,-127.1,2.58
1365,-25.85,-478.55,-127.82,1.56
1366,-23.24,-458.49,-125.44,5.44
1367,-19.48,-483.51,-131.8,5.87
1368,-39.05,-501.63,-128.5,6.85
1369,-20.53,-501.28,-126.27,9.45
1370,-12.67,-465.82,-121.67,13.56
1371,-17.7,-465.57,-126.25,3.88
1372,-27.57,-520.59,-121.27,6.92
1373,-17.38,-482.83,-126.92,4.57
1374,-25.69,-476.93,-125.38,5.67
1375,-25.96,-491.79,-130.86,5.33
1376,-35.83,-492.67,-125.6,5.76
1377,-44.93,-463.24,-122.83,3.15
1378,2.42,-494.67,-130.21,5.16
1379,-28.35,-497.73,-131.04,2.85
1380,-10.02,-477.68,-130.85,2.69
1381,-11.94,-465.37,-131.53,0.48
1382,-23.75,-506.05,-128.68,14.96
1383,-43.25,-482.35,-124.92,11.59
1384,-28.71,-460.54,-120.52,8.03
1385,-9.97,-500.54,-130.19,8.24
1386,-8.67,-480.94,-129.84,9.65
1387,-61.74,-473.25,-122.81,16.6
1388,-2.98,-463.61,-126.78,16.74
1389,-15.92,-490.08,-129.68,14.43
1390,-19.37,-496.44,-125.09,19.25
1391,-66.5,-484.92,-124.39,15.81
1392,4.34,-482.22,-126.61,15.05
1393,-10.5,-485.17,-131.03,6.29
1394,-23.48,-490.73,-124.62,17.96
1395,-20.58,-489.09,-122.23,14.23
1396,-27.31,-487.02,-126.46,13.21
1397,-27.75,-486.71,-125.16,13.73
1398,-64.7,-488.19,-124.05,15.86
1399,12.96,-470.4,-122.43,12.96
1400,-14.08,-480.98,-124.95,12.78
1401,-16.28,-471.92,-127.41,13.37
1402,-13.21,-451.91,-134.16,9.24
1403,-22.96,-428.11,-123.39,15.01
1404,-36.28,-494.84,-125.01,13.63
1405,-18.93,-502.97,-131.26,10.52
1406,-21.98,-498.09,-122.98,15.71
1407,-68.26,-467.11,-126.72,9.87
1408,-17.07,-478.33,-121.84,11.1
1409,-0.08,-505.2,-120.49,8.15
1410,-6.66,-489.8,-122.23,11.02
1411,-42.97,-427.46,-122.27,10.03
1412,-8.03,-436.59,-122.23,5.41
1413,-35.92,-543.78,-121.43,12.12
1414,-24.93,-519.41,-127.27,14.32
1415,-26.92,-507.54,-123.11,14.01
1416,-28.06,-468.0,-129.14,8.71
1417,-19.7,-484.29,-126.24,8.41
1418,-32.5,-507.67,-124.76,10.51
1419,2.24,-486.16,-127.5,9.95
1420,-33.85,-487.77,-120.11,10.59
1421,-32.46,-488.96,-123.13,10.95
1422,-52.53,-490.4,-126.57,14.11
1423,-1.7,-470.99,-129.21,6.7
1424,-6.96,-484.28,-125.59,8.5
1425,-46.4,-490.84,-125.69,7.77
1426,1.56,-492.16,-120.89,15.09
1427,-10.52,-480.41,-124.03,11.8
1428,-28.38,-486.32,-124.06,20.49
1429,-27.23,-483.46,-118.07,17.36
1430,-37.26,-475.01,-114.51,15.24
1431,3.47,-485.09,-125.92,9.22
1432,1.75,-429.49,-128.43,14.37
1433,-37.74,-492.68,-124.38,20.35
1434,-26.3,-486.54,-125.44,18.23
1435,-29.08,-495.63,-122.39,21.07
1436,-29.97,-476.91,-121.64,23.92
1437,-7.62,-471.31,-122.29,19.13
1438,-31.88,-471.35,-121.37,17.95
1439,-57.03,-474.24,-118.88,17.2
1440,-9.68,-505.35,-116.54,24.85
1441,-14.51,-484.63,-119.79,21.74
1442,-25.69,-460.13,-126.65,21.67
1443,-18.39,-481.86,-129.58,25.32
1444,-9.37,-497.46,-121.22,23.91
1445,-7.35,-488.42,-118.6,24.53
1446,-24.16,-490.36,-119.37,19.96
1447,-25.92,-482.36,-122.63,17.28
1448,-19.63,-484.0,-119.49,20.99
1449,-59.78,-453.6,-117.18,15.13
1450,1.01,-461.52,-121.1,13.42
1451,-28.01,-502.51,-121.75,16.49
1452,-29.24,-507.03,-117.8,21.44
1453,-3.76,-477.86,-116.33,20.55
1454,-25.46,-477.24,-117.12,14.74
1455,-20.25,-473.42,-115.85,16.38
1456,-24.09,-476.57,-120.54,21.39
1457,-5.53,-487.66,-115.21,16.37
1458,-12.08,-482.78,-118.47,14.3
1459,-20.72,-465.73,-124.23,10.71
1460,-25.2,-484.95,-123.61,12.0
1461,-27.42,-494.01,-126.45,10.95
1462,-20.53,-492.47,-121.57,8.38
1463,-37.85,-483.38,-119.31,13.11
1464,-6.4,-472.61,-121.65,15.41
1465,-4.71,-452.19,-120.14,6.21
1466,-12.07,-490.01,-119.48,8.57
1467,-16.82,-482.0,-116.75,9.6
1468,-26.19,-491.74,-116.82,12.15
1469,-30.96,-494.87,-120.15,12.18
1470,-14.13,-476.87,-120.63,13.2
1471,-43.63,-487.56,-120.39,12.44
1472,-22.24,-464.85,-120.9,12.92
1473,-10.19,-483.02,-119.04,11.29
1474,-25.84,-468.81,-121.31,13.55
1475,-4.17,-472.56,-124.05,15.09
1476,-46.56,-487.3,-126.29,14.11
1477,5.37,-467.84,-122.24,12.4
1478,-29.19,-476.71,-120.92,11.33
1479,-52.65,-478.64,-121.53,12.52
1480,1.61,-447.71,-124.62,15.52
1481,-11.49,-505.17,-119.15,14.51
1482,-19.35,-488.54,-121.35,3.05
1483,-20.02,-488.5,-114.93,10.32
1484,-39.79,-482.42,-116.43,11.32
1485,-9.01,-464.98,-112.83,11.71
1486,-6.4,-469.48,-119.32,13.01
1487,-17.14,-507.03,-111.83,15.38
1488,-23.35,-497.77,-122.26,9.32
1489,-48.29,-491.31,-116.3,14.4
1490,-3.5,-468.55,-120.32,12.89
1491,-15.76,-471.66,-121.53,9.4
1492,-25.72,-473.79,-117.2,20.05
1493,-8.78,-436.79,-123.88,18.06
1494,-19.91,-509.83,-121.49,20.93
1495,-20.77,-510.95,-123.43,20.76
1496,-23.6,-484.38,-120.7,19.86
1497,-15.83,-490.38,-119.39,17.65
1498,-42.35,-482.24,-115.28,17.71
1499,-25.47,-485.9,-112.63,13.51
1500,-9.68,-468.72,-115.83,17.4
1501,0.54,-477.04,-117.88,16.54
1502,-17.2,-484.83,-119.21,18.71
1503,-18.19,-477.65,-117.6,16.86
1504,-23.45,-486.57,-114.58,21.21
1505,-26.59,-483.82,-119.33,20.84
1506,-42.77,-480.35,-115.19,23.33
1507,-59.75,-479.0,-120.22,15.0
1508,14.74,-464.2,-121.3,11.17
1509,-22.87,-451.12,-119.6,11.55
1510,-4.01,-503.33,-109.34,14.86
1511,-13.36,-504.41,-110.84,13.15
1512,-16.76,-483.47,-113.85,17.94
1513,-37.91,-477.09,-115.77,13.96
1514,-22.48,-493.01,-115.68,11.13
1515,-14.13,-474.53,-121.59,20.04
1516,0.01,-483.68,-123.42,22.73
1517,-18.82,-481.11,-119.19,23.44
1518,-27.25,-507.54,-120.04,19.69
1519,-24.12,-491.52,-123.27,19.37
1520,-33.39,-488.86,-120.84,16.78
1521,-45.82,-492.6,-119.97,13.19
1522,-63.32,-484.29,-121.66,11.81
1523,7.22,-468.16,-127.87,3.9
1524,-8.65,-476.14,-120.83,16.13
1525,-14.94,-484.49,-120.6,8.9
1526,1.49,-486.17,-121.97,8.94
1527,-15.96,-485.13,-121.31,9.45
1528,-19.22,-483.19,-122.27,9.91
1529,-33.19,-486.2,-123.75,10.64
1530,-25.96,-452.99,-121.66,8.34
1531,-2.68,-385.72,-127.14,7.6
1532,-4.75,-514.53,-126.96,7.09
1533,-26.25,-533.08,-117.59,19.3
1534,-28.72,-501.83,-119.91,10.31
1535,-23.73,-497.42,-122.7,13.33
1536,-34.46,-485.35,-123.97,12.98
1537,-73.75,-486.79,-118.94,13.42
1538,-35.04,-483.54,-126.66,7.17
1539,42.59,-465.13,-128.65,3.2
1540,-1.38,-465.96,-122.61,15.49
1541,-14.15,-512.2,-125.05,23.4
1542,-23.54,-484.76,-121.34,14.61
1543,-24.24,-475.89,-122.39,7.2
1544,-29.57,-485.14,-122.17,9.4
1545,-36.57,-497.78,-120.91,13.09
1546,-12.04,-472.01,-123.14,17.57
1547,-12.4,-471.21,-125.73,12.39
1548,-11.28,-448.52,-129.72,11.78
1549,-20.82,-437.18,-125.01,16.6
1550,-16.56,-507.74,-121.14,19.59
1551,-22.59,-509.46,-122.41,18.73
1552,-37.82,-509.57,-119.53,15.36
1553,-25.01,-484.58,-122.38,13.93
1554,-20.67,-480.2,-124.09,14.15
1555,-11.17,-482.34,-125.92,14.47
1556,-49.22,-491.64,-119.56,23.17
1557,-44.96,-482.25,-120.67,11.81
1558,7.24,-486.39,-125.76,17.5
1559,-38.03,-478.25,-120.93,17.15
1560,-61.39,-456.45,-114.62,14.14
1561,26.57,-469.79,-121.8,9.98
1562,-11.33,-491.15,-121.15,12.45
1563,-21.81,-482.95,-118.87,10.57
1564,-23.02,-464.33,-117.57,14.72
1565,-20.14,-485.91,-120.44,5.51
1566,-23.61,-472.52,-120.95,11.65
1567,-18.44,-458.35,-126.4,6.34
1568,-46.4,-485.78,-119.07,6.5
1569,-101.67,-514.7,-118.28,14.16
1570,84.65,-470.63,-125.15,3.29
1571,-5.26,-492.06,-120.24,6.37
1572,-21.13,-489.69,-120.59,9.86
1573,-38.65,-467.96,-122.92,7.43
1574,-1.49,-482.44,-119.63,5.33
1575,-24.0,-486.79,-121.34,6.33
1576,-17.86,-471.04,-118.99,11.88
1577,-18.92,-497.24,-126.28,13.11
1578,-25.67,-494.88,-122.74,8.96
1579,-18.74,-464.64,-121.56,11.54
1580,-17.32,-457.54,-114.28,8.62
1581,-38.05,-442.55,-115.85,2.6
1582,-14.7,-477.27,-120.65,11.67
1583,-14.65,-509.79,-120.53,8.66
1584,-21.24,-492.24,-119.84,9.84
1585,-23.06,-488.12,-121.09,15.13
1586,-43.8,-474.83,-123.74,9.3
1587,-39.72,-466.74,-120.25,4.45
1588,18.07,-485.6,-122.78,13.99
1589,-14.58,-494.57,-116.57,10.65
1590,-25.72,-484.14,-114.55,7.18
1591,-32.72,-482.99,-116.42,0.79
1592,-11.26,-479.58,-119.51,3.7
1593,-13.06,-483.48,-117.25,2.3
1594,-18.69,-467.15,-117.08,1.73
1595,-19.11,-463.21,-125.31,-0.91
1596,-23.0,-478.64,-121.37,3.78
1597,-22.86,-443.4,-119.53,6.0
1598,-35.07,-502.54,-121.86,3.23
1599,-29.24,-504.13,-121.85,10.66
1600,-30.67,-486.06,-123.94,11.53
1601,-21.08,-483.7,-121.71,9.7
1602,-30.42,-502.81,-119.84,11.96
1603,-21.77,-471.36,-116.42,11.69
1604,-54.51,-475.83,-116.17,8.27
1605,12.19,-457.24,-123.35,9.2
1606,-5.86,-487.88,-126.76,14.25
1607,-26.62,-479.11,-122.42,16.73
1608,-26.11,-468.52,-128.15,12.74
1609,-13.56,-492.12,-128.27,12.84
1610,-15.71,-463.77,-125.74,10.81
1611,-42.83,-481.82,-121.49,7.33
1612,-19.7,-484.57,-119.47,9.23
1613,-18.32,-456.11,-118.35,9.09
1614,-17.36,-500.79,-119.83,18.27
1615,-47.63,-499.96,-122.27,13.56
1616,-43.43,-479.55,-117.68,15.81
1617,27.25,-463.29,-119.28,18.08
1618,-15.05,-490.0,-125.22,16.71
1619,-27.68,-492.42,-117.4,24.38
1620,-20.58,-484.07,-117.02,16.39
1621,-60.19,-491.02,-117.56,15.29
1622,8.49,-485.0,-116.49,13.6
1623,-4.45,-482.68,-117.78,15.32
1624,-7.55,-458.19,-117.72,15.29
1625,-30.78,-475.78,-119.95,11.37
1626,-26.05,-489.82,-120.45,14.97
1627,-14.2,-462.83,-118.85,11.27
1628,-70.57,-448.0,-119.63,11.87
1629,20.21,-521.53,-122.78,25.4
1630,-25.35,-499.46,-119.31,24.15
1631,-20.73,-477.6,-121.74,18.68
1632,-5.25,-460.32,-121.78,17.21
1633,-22.73,-494.73,-112.91,22.71
1634,-32.47,-488.91,-107.42,20.35
1635,-32.76,-490.15,-114.71,13.96
1636,-17.31,-486.88,-113.21,15.04
1637,-61.85,-460.82,-110.48,19.97
1638,9.36,-479.0,-118.69,17.22
1639,-9.84,-477.0,-113.51,16.0
1640,-25.43,-467.52,-109.99,19.93
1641,-25.98,-455.1,-113.09,23.45
1642,-12.53,-488.59,-115.71,16.63
1643,-24.71,-490.16,-113.92,19.0
1644,-42.52,-506.29,-111.17,25.3
1645,-14.6,-503.4,-120.11,17.66
1646,-10.31,-454.65,-111.37,24.0
1647,-22.22,-449.97,-114.99,17.06
1648,-21.81,-490.39,-122.44,18.32
1649,-23.19,-465.19,-115.07,19.16
1650,-21.36,-507.17,-108.9,14.27
1651,-25.35,-495.45,-115.26,15.92
1652,-14.8,-481.24,-114.69,15.14
1653,-53.99,-450.64,-113.03,14.27
1654,-13.89,-476.36,-112.83,17.5
1655,-60.43,-515.52,-115.32,10.83
1656,0.73,-478.9,-113.9,12.26
1657,7.42,-495.04,-116.25,13.68
1658,-44.29,-494.44,-114.47,8.26
1659,18.75,-452.68,-116.15,7.03
1660,-16.97,-466.15,-113.8,15.74
1661,-22.96,-500.24,-118.0,14.28
1662,-37.74,-487.07,-117.02,4.15
1663,-6.42,-472.38,-118.6,11.11
1664,-18.28,-471.33,-111.62,9.62
1665,-30.47,-500.93,-107.14,10.78
1666,-21.4,-479.58,-107.85,11.33
1667,-29.01,-439.21,-113.78,5.87
1668,-35.43,-496.95,-110.73,9.67
1669,-37.1,-480.57,-114.13,7.02
1670,-1.33,-449.23,-113.19,5.74
1671,-13.04,-493.04,-116.85,5.61
1672,-33.84,-505.97,-117.81,8.05
1673,-30.29,-486.53,-116.41,9.73
1674,-76.75,-482.14,-116.87,12.02
1675,30.31,-485.05,-118.63,13.59
1676,-18.58,-477.61,-114.9,5.66
1677,-10.2,-467.64,-118.98,7.25
1678,-21.11,-473.54,-117.19,10.41
1679,-28.28,-484.9,-112.69,13.64
1680,-27.02,-470.63,-112.24,11.25
1681,-33.05,-475.89,-114.21,18.41
1682,-16.8,-477.33,-120.85,11.69
1683,-21.94,-483.72,-116.36,12.19
1684,-28.71,-479.95,-116.61,9.16
1685,-22.94,-487.66,-124.53,14.92
1686,-47.3,-446.81,-120.49,10.61
1687,-7.12,-439.29,-118.39,6.2
1688,-11.56,-496.89,-117.52,7.15
1689,-21.19,-499.45,-115.81,11.03
1690,-66.42,-431.36,-115.42,5.91
1691,9.26,-492.53,-115.42,13.05
1692,-12.34,-506.79,-118.46,19.84
1693,-20.02,-496.09,-116.5,22.02
1694,-20.77,-480.33,-120.78,17.8
1695,-22.18,-472.94,-121.22,9.63
1696,-29.41,-488.38,-127.13,5.1
1697,-39.07,-476.38,-118.8,11.38
1698,-25.42,-467.57,-122.72,1.09
1699,-21.81,-477.34,-122.78,24.85
1700,-28.28,-476.64,-120.29,13.79
1701,-24.67,-476.44,-119.21,5.34
1702,-16.57,-459.5,-119.63,3.72
1703,-39.6,-463.47,-119.76,35.46
1704,-17.27,-463.07,-117.34,29.24
1705,-16.92,-515.95,-117.6,24.39
1706,-22.74,-482.49,-120.86,16.87
1707,-54.13,-493.11,-117.75,17.34
1708,-28.47,-473.51,-121.81,17.83
1709,0.93,-489.44,-123.08,15.21
1710,-9.6,-477.15,-120.37,17.39
1711,-35.33,-468.25,-117.01,15.8
1712,-22.6,-495.53,-122.77,14.76
1713,-10.7,-474.75,-122.01,11.9
1714,-5.09,-432.66,-128.25,8.12
1715,-10.25,-493.12,-123.54,14.88
1716,-33.08,-514.38,-118.23,12.63
1717,-41.43,-482.43,-119.61,14.55
1718,-12.94,-447.6,-121.78,17.08
1719,-11.59,-535.53,-123.53,9.48
1720,-44.16,-487.61,-122.63,6.89
1721,-46.03,-485.39,-120.34,10.51
1722,14.52,-495.01,-124.88,2.67
1723,-9.54,-490.31,-123.9,5.61
1724,-19.53,-488.44,-125.88,11.93
1725,-29.37,-485.51,-123.67,12.13
1726,-25.33,-454.77,-122.62,12.55
1727,-26.61,-484.86,-115.97,7.28
1728,-41.03,-483.28,-115.34,10.38
1729,-15.7,-495.24,-115.49,13.04
1730,-14.24,-470.38,-123.32,15.64
1731,-21.12,-483.6,-120.55,13.08
1732,-15.63,-487.55,-120.94,9.36
1733,-40.66,-487.44,-118.5,14.26
1734,-9.96,-485.29,-121.74,10.74
1735,-30.23,-490.96,-125.45,5.79
1736,-18.18,-479.84,-130.35,-2.68
1737,-79.76,-432.8,-114.95,15.42
1738,14.77,-469.59,-123.32,7.13
1739,-8.28,-497.65,-124.54,1.67
1740,-16.49,-503.31,-124.14,4.5
1741,-33.32,-486.83,-122.87,5.76
1742,-20.35,-499.46,-121.44,11.14
1743,-22.26,-483.09,-118.49,11.78
1744,-42.79,-486.95,-117.27,11.1
1745,-42.02,-490.39,-121.44,6.81
1746,8.22,-473.51,-122.77,10.01
1747,-23.32,-476.06,-125.15,14.21
1748,-17.12,-476.63,-119.63,12.11
1749,-23.01,-490.09,-118.31,12.84
1750,-37.73,-480.61,-117.58,11.29
1751,-22.81,-488.26,-116.47,8.75
1752,-78.34,-475.49,-114.04,4.68
1753,17.41,-473.54,-121.17,8.09
1754,-15.0,-474.11,-117.14,17.51
1755,12.15,-478.38,-113.69,11.73
1756,-12.14,-471.48,-113.5,10.43
1757,-42.4,-489.48,-113.5,7.58
1758,-28.24,-471.25,-109.97,6.98
1759,-15.36,-460.78,-109.75,4.98
1760,-18.91,-506.37,-115.05,10.28
1761,-26.95,-489.8,-113.92,10.74
1762,-25.78,-498.27,-114.95,5.94
1763,-8.47,-479.11,-111.07,3.82
1764,-18.71,-490.86,-113.47,4.53
1765,-72.8,-461.14,-113.98,11.67
1766,20.09,-503.32,-120.23,13.0
1767,-17.64,-482.0,-115.29,8.57
1768,-18.11,-484.88,-118.81,10.69
1769,-15.47,-485.65,-120.47,13.13
1770,-16.34,-478.44,-115.69,13.17
1771,-28.18,-482.51,-112.9,11.76
1772,-27.21,-480.34,-117.73,7.68
1773,-39.62,-467.6,-116.34,13.15
1774,-25.0,-472.24,-113.49,11.85
1775,-18.48,-503.57,-116.0,16.17
1776,-5.3,-472.53,-123.38,13.65
1777,-50.01,-479.23,-126.02,10.59
1778,-6.76,-428.36,-126.78,9.59
1779,-13.08,-482.67,-120.14,7.87
1780,-25.0,-527.37,-117.0,15.15
1781,-32.64,-489.6,-119.73,10.55
1782,-30.69,-473.75,-117.82,14.26
1783,-17.86,-486.57,-116.5,14.97
1784,-11.2,-488.44,-117.15,17.64
1785,-16.08,-486.81,-123.06,15.62
1786,-2.29,-475.39,-122.34,9.84
1787,-17.96,-474.53,-116.94,4.65
1788,-12.56,-481.45,-114.96,-7.0
1789,-30.0,-482.99,-107.13,17.81
1790,-30.67,-482.51,-107.74,16.56
1791,-49.49,-480.74,-113.51,11.81
1792,-33.9,-477.76,-114.92,15.05
1793,14.65,-465.52,-112.47,10.3
1794,-14.81,-462.77,-115.78,8.47
1795,-20.55,-503.4,-112.66,12.23
1796,-20.42,-485.7,-111.63,11.38
1797,-30.13,-475.57,-113.61,6.41
1798,-51.31,-488.97,-111.11,14.22
1799,-39.57,-466.08,-118.66,7.33
1800,-4.31,-456.8,-119.28,-1.23
1801,-1.31,-495.15,-121.02,4.6
1802,-2.99,-500.8,-117.88,12.76
1803,-22.12,-489.57,-115.19,13.08
1804,-46.39,-479.31,-115.15,8.7
1805,-1.41,-494.0,-113.7,14.91
1806,-18.13,-485.63,-116.24,6.72
1807,-23.02,-479.68,-120.06,-4.44
1808,-25.95,-475.28,-122.2,4.5
1809,-22.64,-476.72,-126.16,4.31
1810,-25.72,-488.61,-123.5,5.03
1811,-28.25,-485.97,-121.83,5.28
1812,-15.28,-473.5,-124.36,2.37
1813,-18.62,-426.27,-119.57,4.07
1814,-36.88,-479.23,-115.0,5.76
1815,-36.68,-537.74,-119.36,7.31
1816,-35.59,-494.48,-116.48,9.18
1817,-12.81,-494.34,-117.23,8.87
1818,-77.74,-472.19,-118.61,5.25
1819,-10.32,-487.22,-118.49,7.9
1820,5.63,-481.73,-118.91,6.47
1821,-14.47,-485.26,-117.58,2.91
1822,-6.44,-479.15,-120.8,3.18
1823,-21.73,-470.48,-116.06,13.29
1824,-24.8,-462.71,-119.76,7.38
1825,-38.99,-480.04,-115.0,12.56
1826,-13.09,-474.63,-115.64,11.43
1827,-29.43,-486.13,-118.71,9.58
1828,-22.28,-487.61,-118.08,10.58
1829,-33.03,-481.01,-117.07,8.81
1830,-35.29,-458.47,-116.59,10.42
1831,-14.92,-485.12,-113.69,10.95
1832,-25.58,-476.69,-113.59,12.25
1833,-23.2,-472.95,-116.06,12.23
1834,-51.58,-472.52,-118.51,11.55
1835,-18.92,-488.51,-117.94,5.48
1836,-15.37,-478.7,-117.34,11.61
1837,-16.34,-476.24,-124.99,5.33
1838,-24.02,-468.55,-125.26,4.81
1839,14.2,-463.51,-124.83,8.01
1840,-23.82,-497.93,-118.14,12.4
1841,-36.93,-487.02,-117.81,11.79
1842,-35.28,-496.03,-120.65,11.43
1843,-5.75,-460.7,-120.65,3.35
1844,1.26,-445.39,-117.74,2.16
1845,-12.72,-524.39,-116.94,4.1
1846,-19.53,-491.57,-115.88,8.35
1847,-19.05,-483.91,-115.32,6.75
1848,-23.12,-485.91,-115.76,5.61
1849,-25.23,-492.49,-114.37,7.14
1850,-32.07,-478.13,-117.92,0.34
1851,-61.03,-451.79,-119.27,1.5
1852,-0.92,-475.5,-111.27,9.85
1853,12.81,-492.24,-113.24,9.65
1854,-14.64,-488.28,-113.47,13.05
1855,-31.77,-477.39,-112.18,11.63
1856,-28.68,-457.02,-115.84,13.7
1857,9.52,-476.54,-118.02,4.6
1858,-22.38,-497.7,-117.73,4.04
1859,-23.54,-498.06,-114.06,0.76
1860,-24.42,-472.82,-110.37,0.78
1861,-31.73,-476.19,-112.06,3.6
1862,-47.34,-485.85,-114.51,8.45
1863,-24.78,-484.08,-115.04,5.22
1864,-7.52,-461.73,-116.66,10.65
1865,-1.9,-477.06,-119.97,9.25
1866,-16.37,-448.15,-118.54,9.53
1867,-46.35,-483.7,-121.0,6.81
1868,-41.63,-501.01,-116.66,3.24
1869,-2.85,-508.9,-118.99,3.71
1870,-11.2,-445.93,-110.07,9.49
1871,-6.16,-463.56,-116.05,6.98
1872,-60.08,-489.46,-118.57,2.32
1873,-12.88,-473.28,-121.54,-4.31
1874,2.94,-460.47,-110.53,5.07
1875,-13.45,-481.6,-115.56,8.23
1876,-28.85,-496.38,-113.2,11.5
1877,-66.59,-487.24,-117.76,3.72
1878,-12.82,-446.6,-116.57,-0.5
1879,7.72,-489.67,-119.97,8.92
1880,-13.3,-483.26,-113.87,12.73
1881,-26.9,-489.13,-121.81,6.12
1882,-24.02,-490.14,-118.37,6.85
1883,-18.47,-470.44,-119.53,1.87
1884,-21.98,-467.42,-121.08,-12.92
1885,-34.27,-487.35,-114.74,0.89
1886,-38.38,-448.19,-112.54,7.05
1887,-10.66,-442.88,-109.95,21.87
1888,-12.43,-501.62,-114.9,21.17
1889,-74.26,-512.64,-111.17,19.6
1890,-65.34,-477.93,-113.57,14.46
1891,17.1,-479.01,-116.96,18.36
1892,-4.64,-490.44,-111.66,11.7
1893,-26.35,-461.92,-117.17,2.81
1894,-2.03,-471.57,-122.59,5.42
1895,-11.67,-469.94,-124.29,10.54
1896,-21.47,-489.23,-119.53,11.37
1897,-25.69,-474.79,-117.87,5.05
1898,-18.15,-482.05,-118.81,6.4
1899,-38.03,-479.13,-116.97,5.97
1900,-25.71,-487.34,-118.42,14.83
1901,-37.55,-468.18,-121.92,7.86
1902,-21.01,-445.0,-120.05,7.93
1903,-21.89,-491.41,-111.49,11.9
1904,-48.17,-476.1,-122.26,5.75
1905,-31.79,-474.06,-111.25,14.51
1906,9.51,-494.11,-116.05,9.47
1907,-14.42,-477.02,-117.13,4.48
1908,-36.25,-483.48,-120.8,8.56
1909,-24.5,-473.67,-114.97,6.51
1910,-41.22,-489.49,-115.42,10.55
1911,-5.71,-477.15,-115.99,12.31
1912,-15.57,-475.48,-120.48,3.72
1913,-21.89,-473.11,-117.02,10.77
1914,-20.56,-476.26,-116.37,18.5
1915,-16.79,-469.29,-117.93,14.9
1916,-30.92,-434.09,-111.45,10.49
1917,-23.18,-485.11,-114.82,7.82
1918,-32.66,-497.11,-113.01,8.43
1919,-50.93,-474.58,-111.68,10.34
1920,-34.44,-495.16,-113.46,7.08
1921,-19.08,-477.39,-114.0,8.37
1922,-32.81,-486.9,-109.8,18.34
1923,-12.23,-449.41,-105.63,18.49
1924,-22.15,-495.66,-109.26,20.13
1925,-6.42,-479.25,-111.36,16.95
1926,-11.37,-480.74,-114.15,17.08
1927,-23.49,-480.73,-111.99,17.24
1928,-31.46,-488.0,-108.98,13.15
1929,-27.78,-477.88,-111.4,19.9
1930,-26.1,-471.76,-112.69,14.99
1931,-28.85,-478.13,-107.72,13.41
1932,-40.02,-473.98,-107.43,23.59
1933,-11.99,-461.62,-113.09,16.76
1934,-45.2,-448.12,-111.47,16.06
1935,-53.12,-508.7,-113.01,16.06
1936,-6.73,-465.92,-114.89,14.59
1937,0.5,-486.28,-113.72,22.15
1938,-32.89,-499.28,-115.13,18.19
1939,-34.45,-478.44,-118.29,15.9
1940,11.41,-444.33,-113.14,22.67
1941,-25.02,-456.56,-112.64,10.22
1942,-15.5,-507.56,-111.68,21.43
1943,-32.37,-487.86,-113.9,12.44
1944,-12.96,-441.51,-119.23,12.3
1945,-21.18,-503.12,-121.82,15.67
1946,-33.51,-494.11,-119.64,15.14
1947,-52.87,-474.5,-115.37,14.72
1948,-13.93,-460.59,-115.68,14.28
1949,4.81,-473.09,-119.63,14.34
1950,-14.03,-490.57,-119.41,16.58
1951,-28.25,-482.07,-116.98,13.59
1952,-38.48,-494.12,-121.38,14.94
1953,-40.61,-485.41,-114.55,13.93
1954,-4.15,-477.08,-116.39,10.89
1955,-24.72,-475.56,-117.29,2.78
1956,-10.19,-480.25,-113.5,8.67
1957,-20.4,-445.53,-115.65,11.62
1958,-13.47,-484.4,-118.62,9.31
1959,-19.68,-448.8,-114.41,4.96
1960,-26.73,-490.71,-116.23,10.32
1961,-42.21,-481.48,-117.7,6.78
1962,-16.21,-477.66,-112.34,6.81
1963,-14.65,-477.9,-116.14,4.38
1964,-51.02,-466.1,-110.62,6.7
1965,-40.36,-475.3,-113.6,7.58
1966,-0.16,-471.77,-116.86,10.69
1967,7.14,-475.97,-118.41,2.95
1968,-22.98,-483.55,-118.63,6.88
1969,-59.89,-454.15,-123.89,1.8
1970,14.02,-464.17,-115.79,10.48
1971,-20.58,-482.36,-106.74,12.95
1972,-24.85,-491.7,-107.95,13.69
1973,-36.52,-460.57,-111.74,13.41
1974,-11.7,-443.11,-108.54,11.88
1975,-28.38,-508.9,-107.03,16.31
1976,-43.37,-476.67,-108.88,13.58
1977,-59.46,-475.07,-107.79,15.25
1978,7.14,-472.8,-117.88,14.5
1979,-8.35,-483.21,-122.09,14.89
1980,-21.71,-465.61,-111.75,13.46
1981,-30.1,-459.3,-105.86,15.68
1982,-19.26,-488.12,-107.92,10.13
1983,-25.29,-481.28,-115.12,6.72
1984,-17.25,-468.5,-116.19,8.11
1985,-71.04,-455.64,-114.79,6.23
1986,-12.52,-484.75,-117.04,3.89
1987,-27.39,-485.62,-119.85,20.8
1988,-14.59,-460.46,-116.23,13.12
1989,13.16,-472.5,-115.34,10.93
1990,-30.45,-500.21,-113.53,9.06
1991,-26.93,-498.05,-109.09,9.51
1992,-23.66,-483.2,-108.69,10.54
1993,-26.18,-476.87,-110.34,12.63
1994,-33.05,-483.45,-105.73,11.78
1995,-41.57,-485.51,-106.64,9.47
1996,-50.83,-467.49,-113.41,7.81
1997,-3.52,-460.92,-115.73,11.51
1998,-14.86,-479.45,-111.02,7.65
1999,-23.13,-485.19,-114.03,12.01
2000,-10.27,-472.83,-115.24,13.9
2001,-40.85,-493.6,-108.24,14.0
2002,-19.54,-443.63,-115.44,7.18
2003,-28.41,-437.45,-116.93,8.6
2004,-66.98,-530.65,-117.2,9.81
2005,-5.99,-492.75,-114.21,6.36
2006,5.59,-492.37,-112.58,15.83
2007,-25.78,-486.06,-115.4,8.61
2008,-9.5,-483.55,-122.12,11.69
2009,-20.22,-483.68,-120.09,14.46
2010,-20.89,-464.86,-114.2,10.58
2011,-32.78,-487.1,-115.33,8.7
2012,-41.92,-480.23,-113.61,9.3
2013,4.18,-443.65,-111.47,13.44
2014,-24.85,-490.83,-112.89,11.09
2015,-13.13,-470.28,-113.18,7.46
2016,-22.79,-495.31,-113.61,14.03
2017,-24.65,-485.04,-108.42,12.49
2018,-24.41,-485.97,-113.84,9.57
2019,-37.3,-485.56,-112.81,14.53
2020,-7.36,-469.9,-113.52,13.49
2021,-26.39,-466.63,-112.41,10.75
2022,-4.16,-454.67,-118.39,14.08
2023,-24.49,-468.1,-111.66,13.68
2024,-51.53,-500.31,-113.18,15.65
2025,-61.47,-484.84,-120.22,10.05
2026,8.5,-482.65,-118.0,12.06
2027,-9.57,-467.16,-114.46,9.11
2028,-6.85,-468.14,-117.28,15.17
2029,-41.19,-505.83,-117.33,11.73
2030,-9.79,-485.01,-121.27,10.47
2031,-5.74,-447.11,-115.53,12.74
2032,-30.41,-468.19,-117.81,12.22
2033,-20.37,-502.79,-112.26,12.09
2034,-20.59,-486.18,-110.9,16.94
2035,-28.76,-490.97,-113.28,15.19
2036,-23.35,-475.45,-112.13,16.94
2037,-16.69,-467.59,-111.53,16.98
2038,-23.51,-473.59,-113.55,9.06
2039,-19.11,-415.48,-111.62,8.33
2040,-72.85,-471.18,-109.17,13.69
2041,8.08,-502.07,-116.62,19.12
2042,-12.27,-504.36,-116.33,14.57
2043,-22.32,-487.01,-113.2,10.25
2044,-24.34,-466.52,-114.6,11.45
2045,-53.83,-494.39,-114.81,14.29
2046,-31.42,-483.55,-114.53,7.35
2047,-3.96,-469.8,-110.64,16.77
2048,3.67,-483.13,-115.3,15.37
2049,-17.44,-488.38,-110.17,13.35
2050,-26.03,-470.2,-105.84,6.53
2051,-28.15,-461.94,-108.32,11.38
2052,-25.38,-490.04,-107.08,7.53
2053,-44.34,-488.45,-113.29,10.57
2054,1.91,-465.21,-115.44,6.32
2055,-8.28,-482.14,-115.32,6.45
2056,-18.38,-477.29,-111.85,8.67
2057,-25.38,-467.89,-110.21,5.7
2058,-21.5,-429.49,-112.17,6.83
2059,-22.44,-501.87,-114.85,16.96
2060,-44.62,-496.71,-114.1,15.51
2061,-32.85,-493.08,-113.99,16.46
2062,-11.42,-495.16,-115.27,14.09
2063,-28.88,-487.94,-114.96,7.91
2064,-24.49,-468.08,-119.08,6.63
2065,4.47,-489.72,-119.7,14.18
2066,-3.63,-468.67,-119.01,15.32
2067,-58.42,-476.28,-117.71,11.57
2068,-27.55,-486.94,-115.41,12.76
2069,16.55,-474.01,-118.13,10.94
2070,-18.7,-478.94,-111.72,9.74
2071,-31.58,-482.92,-113.7,10.83
2072,-31.29,-481.59,-113.86,11.02
2073,-9.51,-450.04,-118.21,12.34
2074,-12.02,-468.34,-115.52,10.9
2075,-43.52,-495.26,-114.05,15.66
2076,-22.65,-480.3,-110.09,16.38
2077,-15.01,-481.91,-116.64,8.25
2078,-5.99,-488.22,-113.84,12.46
2079,-31.75,-487.8,-110.64,15.71
2080,-53.64,-479.75,-109.08,12.84
2081,-23.93,-462.48,-116.02,7.39
2082,7.28,-442.11,-115.18,8.46
2083,-15.48,-502.99,-115.34,20.69
2084,-33.34,-494.56,-115.94,14.24
2085,-42.29,-464.71,-109.1,18.93
2086,9.03,-471.51,-117.62,17.79
2087,-11.6,-470.57,-115.26,16.72
2088,-30.49,-479.17,-121.21,19.66
2089,-17.75,-480.38,-116.55,22.64
2090,-30.52,-487.45,-112.98,19.35
2091,-19.15,-485.94,-120.29,13.27
2092,-33.45,-485.24,-115.99,16.78
2093,-19.28,-475.86,-118.78,7.81
2094,-43.85,-454.37,-109.12,15.64
2095,6.38,-470.42,-117.39,15.38
2096,-52.56,-513.13,-113.5,18.43
2097,-6.76,-463.14,-118.58,11.69
2098,-12.65,-474.2,-117.71,9.41
2099,-15.58,-494.28,-117.0,11.11
2100,-26.52,-479.47,-107.48,16.9
2101,-20.22,-424.8,-111.35,19.19
2102,-33.0,-474.68,-109.39,17.0
2103,-4.6,-504.97,-113.97,16.31
2104,-8.16,-493.54,-114.66,22.37
2105,-20.83,-491.1,-112.25,23.94
2106,-36.5,-479.34,-110.85,20.98
2107,-15.69,-474.84,-111.3,19.38
2108,-25.38,-485.53,-113.92,13.1
2109,-53.85,-490.08,-109.75,20.5
2110,-17.78,-458.43,-110.49,20.58
2111,-1.78,-442.39,-114.18,18.16
2112,-17.03,-501.42,-116.81,20.66
2113,-14.4,-469.51,-117.06,16.51
2114,-21.63,-490.82,-116.68,16.34
2115,-58.16,-495.64,-113.5,15.61
2116,-4.13,-467.25,-115.03,22.25
2117,-15.72,-462.44,-112.86,19.9
2118,-74.58,-471.79,-114.2,17.92
2119,26.98,-490.18,-120.82,9.72
2120,-9.6,-471.57,-123.54,6.39
2121,-23.37,-488.18,-118.11,14.97
2122,-28.05,-462.32,-116.86,12.05
2123,-42.96,-465.86,-115.44,12.46
2124,-6.92,-490.53,-113.81,8.9
2125,-23.97,-461.37,-113.44,9.34
2126,-5.87,-482.71,-116.47,15.44
2127,-50.33,-498.95,-112.06,14.5
2128,-10.26,-486.19,-115.39,17.94
2129,-14.59,-482.59,-111.41,17.75
2130,-30.58,-470.82,-112.51,17.81
2131,-15.88,-473.99,-120.2,17.15
2132,-30.17,-461.07,-114.83,17.8
2133,-35.34,-448.18,-112.55,19.0
2134,-12.3,-458.98,-118.45,14.61
2135,-9.45,-505.06,-118.48,20.57
2136,-45.85,-475.43,-114.28,20.24
2137,-14.63,-486.7,-113.94,15.3
2138,-16.53,-482.74,-115.79,14.57
2139,-3.52,-447.52,-116.48,14.89
2140,-18.51,-453.38,-118.29,15.49
2141,-39.1,-514.94,-113.79,17.22
2142,-39.87,-498.75,-116.03,8.6
2143,-3.66,-463.53,-116.03,10.04
2144,-21.6,-479.74,-113.93,17.17
2145,-3.22,-469.61,-123.73,18.43
2146,-32.27,-492.74,-118.06,22.24
2147,-37.02,-478.33,-113.63,20.15
2148,-31.62,-488.8,-112.66,14.19
2149,-63.62,-444.9,-115.39,18.86
2150,29.41,-487.42,-118.52,16.24
2151,-12.49,-493.01,-121.08,14.79
2152,-18.7,-487.78,-112.9,12.29
2153,-28.46,-458.9,-112.25,9.93
2154,7.21,-430.38,-115.51,9.95
2155,-26.65,-493.57,-112.0,12.42
2156,-58.45,-509.68,-106.5,11.5
2157,-21.37,-489.72,-105.49,16.35
2158,15.47,-482.59,-111.58,15.0
2159,-9.5,-475.92,-113.74,13.53
2160,-26.22,-467.93,-110.55,17.5
2161,-6.49,-504.53,-118.34,19.28
2162,-12.64,-477.32,-118.61,17.03
2163,-21.77,-445.99,-112.16,14.33
2164,-62.37,-420.91,-114.66,15.31
2165,-24.49,-522.44,-112.74,19.5
2166,11.22,-495.29,-116.67,21.95
2167,-11.66,-473.69,-117.05,12.66
2168,-17.49,-494.48,-119.43,20.0
2169,-24.87,-490.06,-117.85,18.97
2170,-25.23,-468.21,-117.45,21.38
2171,-73.26,-476.3,-118.81,16.94
2172,-5.82,-480.61,-117.99,17.11
2173,8.0,-461.26,-114.21,16.49
2174,-14.57,-478.62,-114.27,20.83
2175,-6.53,-490.99,-116.16,22.09
2176,-20.78,-482.3,-118.82,13.57
2177,-15.31,-479.63,-115.72,11.83
2178,-16.15,-477.02,-121.21,13.29
2179,-76.8,-464.09,-103.94,15.06
2180,9.26,-469.59,-109.39,18.2
2181,1.41,-436.23,-113.37,9.85
2182,6.97,-480.3,-114.47,23.63
2183,-28.56,-507.7,-113.26,25.18
2184,-28.02,-483.61,-107.25,21.13
2185,-7.35,-447.38,-108.49,18.37
2186,-56.92,-485.7,-107.11,21.41
2187,-3.14,-482.38,-108.37,15.74
2188,-15.69,-493.51,-110.27,23.67
2189,-28.92,-495.42,-107.92,20.36
2190,-14.72,-443.03,-112.31,27.45
2191,-13.36,-489.88,-107.63,20.05
2192,-22.03,-492.77,-112.54,29.98
2193,-20.98,-477.07,-112.98,23.6
2194,-23.69,-478.72,-111.88,19.67
2195,-31.59,-485.41,-110.39,25.76
2196,-41.59,-481.85,-119.17,24.56
2197,-62.76,-465.16,-113.98,24.92
2198,17.73,-466.1,-115.15,20.69
2199,22.74,-453.95,-118.75,22.33
2200,-10.57,-444.94,-117.04,19.7
2201,-43.52,-512.2,-108.8,25.51
2202,-17.5,-490.92,-111.01,21.62
2203,-20.83,-454.85,-115.95,19.77
2204,-26.99,-500.51,-119.65,17.01
2205,-6.27,-502.53,-112.36,18.37
2206,-2.47,-477.16,-118.71,14.87
2207,-15.94,-466.77,-113.35,12.97
2208,-19.41,-485.06,-115.9,23.92
2209,-33.55,-468.93,-111.26,21.35
2210,-53.13,-465.44,-119.37,21.48
2211,7.95,-479.54,-115.97,20.83
2212,-26.67,-489.19,-111.0,26.08
2213,-30.75,-472.91,-116.8,24.9
2214,17.01,-476.09,-120.67,17.93
2215,-7.54,-484.08,-118.27,14.56
2216,-23.99,-464.49,-113.72,17.38
2217,-50.0,-459.66,-115.57,19.03
2218,4.14,-476.58,-117.9,16.35
2219,-19.83,-462.97,-117.12,20.38
2220,-16.08,-459.31,-113.37,17.81
2221,-24.33,-512.04,-118.01,20.79
2222,-23.99,-477.24,-115.27,17.45
2223,-59.12,-461.89,-116.87,19.28
2224,-14.64,-495.52,-117.63,15.34
2225,14.38,-478.24,-125.42,9.55
2226,-23.11,-464.88,-119.32,10.02
2227,-9.34,-483.05,-115.94,6.44
2228,-12.89,-485.1,-121.31,9.1
2229,-14.75,-479.31,-116.49,8.58
2230,-12.51,-453.39,-112.5,13.27
2231,-24.6,-422.29,-113.17,15.08
2232,1.65,-479.2,-114.71,25.91
2233,-32.71,-516.64,-112.16,23.22
2234,-19.16,-482.17,-119.88,21.87
2235,-26.52,-489.71,-110.38,14.66
2236,-40.73,-483.46,-109.63,13.32
2237,-42.86,-475.04,-112.88,13.69
2238,5.09,-472.5,-112.84,16.67
2239,-10.69,-476.84,-109.23,23.48
2240,-21.75,-477.47,-105.0,15.41
2241,-23.58,-470.04,-103.75,14.75
2242,2.4,-469.87,-104.13,19.1
2243,-25.63,-434.02,-105.73,16.29
2244,-10.23,-450.69,-108.03,13.39
2245,-12.36,-490.42,-109.13,16.8
2246,-12.75,-495.17,-108.64,13.11
2247,-18.72,-481.89,-109.21,14.88
2248,-23.6,-486.06,-104.14,8.98
2249,-17.11,-474.34,-105.05,12.66
2250,-24.84,-456.55,-116.54,14.25
2251,-34.06,-432.12,-111.64,12.32
2252,9.6,-466.83,-111.64,14.13
2253,-13.49,-505.14,-108.05,20.59
2254,-9.97,-488.98,-107.31,18.39
2255,-30.8,-501.43,-108.75,17.1
2256,-18.16,-480.26,-110.34,15.35
2257,-45.47,-468.78,-106.41,18.16
2258,-6.49,-462.88,-101.46,17.43
2259,-3.85,-478.15,-111.42,18.1
2260,-1.62,-462.25,-113.3,12.63
2261,-37.6,-489.21,-105.63,18.21
2262,-13.85,-492.19,-108.48,18.68
2263,-38.23,-468.92,-111.11,13.61
2264,-42.4,-489.8,-109.72,9.57
2265,41.53,-465.51,-114.09,11.97
2266,-18.29,-479.84,-105.81,20.82
2267,-14.77,-431.12,-104.21,15.61
2268,-3.12,-438.38,-105.36,14.92
2269,-24.17,-532.47,-108.77,15.39
2270,-24.0,-499.45,-104.58,15.5
2271,-36.42,-496.34,-104.8,16.09
2272,-30.42,-482.2,-106.26,15.14
2273,8.1,-455.54,-110.51,13.92
2274,-11.87,-456.02,-106.17,13.21
2275,-17.36,-497.19,-109.46,11.21
2276,-31.66,-483.49,-109.78,14.66
2277,-0.23,-479.13,-110.51,12.91
2278,-26.83,-474.29,-111.82,10.22
2279,-17.31,-462.27,-111.03,15.63
2280,-4.23,-455.1,-109.31,7.71
2281,-18.03,-494.01,-114.8,17.39
2282,-16.25,-486.82,-112.82,15.31
2283,-36.74,-474.28,-116.54,20.5
2284,-22.36,-479.38,-106.43,17.39
2285,-23.31,-490.9,-105.14,13.2
2286,8.62,-454.36,-117.61,18.04
2287,-17.55,-484.81,-114.72,19.55
2288,-14.76,-484.87,-110.02,10.68
2289,-6.77,-471.25,-112.15,19.82
2290,-18.71,-476.67,-111.12,24.12
2291,-52.56,-487.15,-112.05,17.96
2292,9.98,-443.42,-110.98,14.01
2293,-33.73,-452.38,-112.55,14.69
2294,-0.45,-482.55,-114.15,24.14
2295,-3.27,-497.48,-117.74,14.87
2296,-37.47,-481.09,-119.41,18.64
2297,-7.58,-477.91,-117.44,18.37
2298,-8.61,-465.41,-118.06,17.92
2299,-16.53,-472.98,-121.09,14.73
2300,-39.92,-474.76,-107.35,23.75
2301,-33.38,-473.39,-111.62,18.91
2302,4.04,-498.17,-103.71,15.69
2303,-19.48,-475.36,-110.19,13.74
2304,-35.33,-474.46,-117.06,15.86
2305,-16.59,-476.39,-118.15,14.23
2306,11.05,-470.91,-115.94,18.07
2307,-18.62,-477.42,-116.89,17.11
2308,-8.5,-478.18,-113.48,20.21
2309,-23.59,-480.0,-110.36,16.92
2310,-22.97,-450.59,-114.63,22.19
2311,-22.94,-483.81,-114.81,21.28
2312,-37.66,-488.44,-116.04,20.69
2313,-8.53,-414.13,-117.22,18.52
2314,0.87,-475.69,-119.83,12.59
2315,-13.03,-504.48,-120.75,19.17
2316,-28.92,-483.2,-123.82,10.37
2317,-42.63,-483.42,-116.42,20.15
2318,7.87,-469.71,-119.74,17.41
2319,-8.42,-481.13,-112.98,18.16
2320,4.64,-466.92,-114.22,13.1
2321,-21.16,-491.45,-112.84,18.42
2322,-43.89,-495.83,-110.53,21.38
2323,-14.97,-474.77,-111.0,16.67
2324,-18.25,-474.53,-114.32,14.02
2325,-34.34,-473.76,-114.18,17.09
2326,-29.26,-478.51,-116.98,14.5
2327,-0.27,-451.37,-114.94,12.58
2328,-25.35,-490.49,-118.43,13.34
2329,-25.65,-479.52,-118.99,16.74
2330,-28.74,-447.1,-117.93,14.4
2331,4.76,-449.07,-120.66,18.14
2332,-2.97,-509.66,-119.56,16.27
2333,-31.05,-475.31,-117.89,12.28
2334,-18.42,-465.14,-122.89,7.77
2335,-3.16,-479.64,-127.53,11.55
2336,-39.51,-489.92,-120.23,12.63
2337,-10.42,-482.01,-118.65,13.01
2338,-4.64,-484.67,-119.8,10.18
2339,-14.42,-478.47,-119.21,7.28
2340,-24.65,-469.0,-111.41,6.89
2341,-25.94,-483.46,-115.48,8.79
2342,-18.07,-472.82,-115.29,8.16
2343,-50.19,-473.46,-107.72,9.55
2344,-12.44,-473.8,-110.9,5.7
2345,-2.74,-476.83,-119.15,6.39
2346,-0.33,-467.99,-117.7,10.55
2347,-13.68,-473.73,-117.52,14.07
2348,-30.83,-470.93,-111.9,13.11
2349,-17.35,-480.64,-112.77,15.97
2350,-64.75,-471.74,-105.3,12.82
2351,25.32,-470.16,-109.4,11.5
2352,-21.97,-492.34,-114.86,12.26
2353,3.43,-467.06,-116.17,13.61
2354,-17.7,-477.44,-110.82,17.14
2355,-16.75,-490.8,-113.22,17.62
2356,-11.63,-461.51,-121.1,11.35
2357,-17.42,-443.91,-118.97,14.11
2358,-51.84,-495.26,-119.32,9.34
2359,4.01,-474.61,-117.6,14.8
2360,-32.12,-477.58,-113.49,18.86
2361,-43.74,-466.1,-115.53,17.59
2362,3.8,-471.46,-120.69,12.96
2363,-17.14,-494.11,-120.92,12.83
2364,-5.8,-481.21,-120.72,12.01
2365,-11.87,-480.43,-122.67,13.97
2366,-28.37,-477.67,-116.53,14.39
2367,-42.58,-468.68,-118.09,9.96
2368,-47.8,-465.52,-115.28,21.82
2369,21.12,-474.13,-120.74,23.89
2370,-10.09,-476.47,-116.34,17.95
2371,-22.88,-475.81,-111.58,14.28
2372,-34.72,-461.98,-112.35,15.99
2373,-10.37,-444.66,-112.6,10.7
2374,-40.49,-477.81,-118.59,11.31
2375,25.34,-501.54,-119.24,16.19
2376,-23.02,-483.84,-112.97,19.09
2377,-16.33,-486.66,-113.36,14.59
2378,-12.48,-483.0,-117.96,16.03
2379,-34.85,-484.01,-109.03,16.81
2380,-43.79,-474.67,-112.86,11.88
2381,-16.61,-467.83,-121.55,13.98
2382,8.2,-465.23,-119.64,8.23
2383,-18.28,-489.36,-120.62,11.86
2384,-23.18,-481.28,-118.47,12.06
2385,-13.72,-482.97,-113.96,12.68
2386,-7.79,-470.69,-114.4,14.53
2387,-32.12,-464.22,-118.1,14.91
2388,-17.59,-445.27,-117.47,14.58
2389,1.63,-488.74,-115.25,19.94
2390,-20.65,-492.45,-111.13,20.43
2391,-35.35,-488.21,-113.19,12.15
2392,-39.75,-475.23,-109.72,16.34
2393,-2.41,-480.8,-112.81,13.34
2394,-3.71,-481.79,-119.07,10.79
2395,-23.09,-469.52,-115.48,17.06
2396,-7.05,-468.57,-110.02,12.43
2397,-30.23,-486.93,-115.06,10.83
2398,-27.03,-485.97,-112.66,17.82
2399,-15.59,-469.27,-118.63,11.08
2400,-27.54,-478.91,-118.97,20.65
2401,0.79,-471.23,-115.99,14.77
2402,-27.65,-485.94,-113.07,13.94
2403,-26.11,-481.54,-113.34,9.16
2404,-22.61,-471.95,-116.2,5.76
2405,-50.71,-477.67,-115.16,5.15
2406,-41.99,-456.99,-115.39,9.42
2407,13.75,-482.95,-114.35,6.69
2408,-10.43,-477.57,-121.63,12.35
2409,-13.9,-472.06,-120.02,13.73
2410,-19.6,-470.29,-111.58,14.94
2411,-38.75,-487.1,-108.12,18.18
2412,-30.02,-473.65,-112.17,16.82
2413,-6.69,-480.8,-118.58,9.84
2414,-20.35,-476.69,-117.36,10.36
2415,-33.31,-493.7,-112.57,13.09
2416,-18.28,-467.67,-116.83,18.14
2417,-36.86,-459.88,-117.72,18.19
2418,-41.6,-478.54,-109.95,18.11
2419,-17.75,-482.05,-114.81,16.6
2420,-0.97,-461.46,-114.56,15.09
2421,10.71,-473.34,-117.15,9.64
2422,1.48,-466.05,-113.51,9.0
2423,-19.56,-481.12,-111.09,1.58
2424,-23.48,-460.69,-115.25,3.59
2425,-31.46,-492.66,-106.05,10.08
2426,-31.83,-462.39,-113.44,9.2
2427,-16.29,-449.24,-115.16,6.18
2428,-2.92,-479.84,-118.35,6.49
2429,-31.03,-484.59,-110.44,12.85
2430,-26.4,-476.99,-109.49,10.98
2431,-9.61,-486.36,-116.54,5.31
2432,-13.62,-481.22,-114.39,3.73
2433,-31.6,-473.85,-112.05,9.46
2434,-78.84,-488.16,-114.45,11.96
2435,-1.76,-478.47,-119.96,20.89
2436,25.64,-443.22,-116.71,16.66
2437,1.0,-432.79,-108.49,17.09
2438,-23.91,-495.4,-106.01,21.43
2439,-24.02,-498.27,-113.02,17.31
2440,-14.49,-478.66,-112.77,13.48
2441,-31.96,-491.24,-111.65,16.39
2442,-18.62,-491.18,-119.42,17.34
2443,-22.98,-478.05,-120.74,20.49
2444,-18.55,-470.45,-114.15,16.08
2445,-38.32,-490.9,-107.07,18.49
2446,-23.94,-478.71,-115.5,21.22
2447,-18.73,-475.74,-113.82,21.91
2448,-74.48,-477.54,-111.15,21.62
2449,36.18,-470.36,-120.82,17.16
2450,3.92,-465.08,-119.99,20.64
2451,-12.52,-476.58,-118.15,15.3
2452,-14.03,-480.29,-119.16,16.78
2453,-61.93,-469.04,-116.17,19.18
2454,2.62,-450.02,-121.78,16.38
2455,-1.82,-436.37,-115.75,17.89
2456,-24.99,-508.05,-110.44,22.92
2457,-5.26,-488.42,-115.88,17.82
2458,-26.67,-479.2,-116.48,19.64
2459,-29.85,-476.41,-108.37,19.46
2460,-36.32,-476.06,-112.96,19.49
2461,6.21,-469.57,-114.1,23.57
2462,10.92,-472.61,-109.62,24.84
2463,-18.32,-486.32,-110.85,22.57
2464,-41.68,-488.51,-107.95,20.49
2465,-8.54,-491.19,-112.14,13.37
2466,-2.28,-433.67,-109.55,13.3
2467,-36.53,-479.07,-111.41,13.01
2468,-24.29,-462.54,-110.28,15.76
2469,-14.74,-497.56,-112.18,16.7
2470,3.49,-487.51,-116.67,21.71
2471,-21.32,-487.88,-114.03,16.92
2472,-20.25,-479.98,-114.64,12.85
2473,-45.9,-474.04,-110.67,16.35
2474,3.84,-485.58,-111.89,19.98
2475,-77.8,-496.96,-113.97,19.98
2476,4.18,-464.06,-114.64,15.92
2477,7.62,-474.11,-114.5,17.74
2478,-1.79,-484.51,-110.94,21.85
2479,14.53,-459.33,-115.27,16.87
2480,-32.5,-474.47,-109.65,15.88
2481,-19.48,-481.37,-119.43,14.96
2482,-12.92,-482.36,-116.31,19.23
2483,-21.1,-475.43,-111.93,18.91
2484,-18.95,-472.88,-114.98,17.24
2485,-62.75,-484.41,-117.16,15.55
2486,-51.84,-480.86,-116.23,14.18
2487,25.66,-474.18,-115.23,18.7
2488,-10.49,-475.55,-116.56,16.03
2489,-6.09,-476.29,-121.15,14.25
2490,-22.25,-477.21,-113.55,24.08
2491,-82.05,-470.88,-117.44,10.33
2492,-12.51,-483.62,-113.59,18.35
2493,10.24,-469.33,-118.56,18.19
2494,5.75,-462.98,-116.48,14.62
2495,-13.69,-483.42,-120.17,20.27
2496,-22.93,-485.21,-120.61,18.82
2497,-22.16,-470.65,-117.85,16.42
2498,-6.6,-461.98,-112.95,13.96
2499,-42.56,-483.19,-114.31,13.83
2500,-31.4,-474.81,-112.59,17.04
2501,-34.26,-470.23,-117.75,12.79
2502,-4.83,-480.35,-119.3,12.21
2503,-28.32,-474.51,-115.96,14.51
2504,-27.3,-479.0,-113.35,17.0
2505,-29.7,-484.16,-113.69,16.02
2506,-26.02,-476.91,-117.14,18.79
2507,3.32,-471.55,-120.43,14.86
2508,-35.54,-480.09,-119.72,18.91
2509,-14.47,-468.97,-120.35,20.44
2510,-8.35,-480.87,-120.32,19.11
2511,-26.99,-474.85,-119.16,20.13
2512,-24.32,-468.47,-119.41,14.23
2513,-21.53,-472.7,-118.16,20.85
2514,-15.06,-491.01,-123.37,15.49
2515,-3.41,-479.08,-121.74,11.48
2516,-37.42,-479.96,-120.72,18.05
2517,-34.19,-471.27,-118.81,20.23
2518,-7.22,-475.0,-122.6,14.51
2519,-15.48,-474.37,-120.16,17.89
2520,-8.96,-463.05,-113.09,20.14
2521,-36.74,-480.83,-116.47,16.62
2522,-25.99,-485.54,-123.83,21.86
2523,-29.11,-478.63,-117.35,17.87
2524,-31.57,-480.07,-118.56,19.28
2525,-15.63,-471.95,-118.49,18.64
2526,-16.55,-469.87,-121.51,23.05
2527,-49.5,-455.21,-116.13,17.65
2528,-37.3,-490.51,-114.57,18.85
2529,-1.11,-481.1,-125.79,19.51
2530,6.78,-469.02,-119.74,24.91
2531,-17.1,-477.18,-118.4,20.05
2532,-22.8,-478.8,-116.65,23.96
2533,-23.17,-472.72,-116.14,21.46
2534,-33.04,-471.81,-120.03,21.81
2535,-42.35,-486.37,-120.92,23.3
2536,-30.25,-474.56,-119.3,26.88
2537,-0.02,-466.78,-115.92,22.58
2538,-2.3,-461.31,-116.8,20.65
2539,-48.28,-464.33,-118.93,21.81
2540,-27.08,-498.48,-118.81,24.73
2541,-14.45,-481.37,-116.08,25.94
2542,-40.55,-482.1,-112.99,31.5
2543,-13.75,-472.27,-120.47,27.34
2544,-15.64,-473.02,-117.77,27.23
2545,-30.26,-466.63,-115.37,22.68
2546,-19.87,-450.32,-122.58,30.27
2547,-13.27,-490.83,-124.7,26.33
2548,-23.52,-487.21,-117.14,26.3
2549,-21.25,-481.9,-118.34,28.72
2550,-26.11,-479.2,-112.44,28.59
2551,-29.22,-482.14,-114.36,23.83
2552,-13.02,-472.63,-111.3,23.64
2553,-18.45,-467.15,-114.15,15.34
2554,-23.54,-470.12,-117.06,17.75
2555,-24.0,-483.09,-114.89,19.73
2556,-26.79,-484.12,-120.71,19.82
2557,-21.97,-474.62,-117.6,27.74
2558,-35.07,-477.18,-120.57,17.01
2559,-49.3,-460.57,-123.4,20.21
2560,9.35,-480.78,-119.24,30.55
2561,-18.99,-477.48,-112.85,26.5
2562,-36.32,-482.13,-116.53,25.7
2563,-30.74,-470.0,-126.03,27.77
2564,2.03,-475.6,-121.58,24.77
2565,-4.03,-463.43,-122.19,22.27
2566,-33.74,-475.65,-125.08,29.47
2567,-36.67,-469.74,-119.4,21.43
2568,-8.43,-498.04,-123.89,21.04
2569,1.28,-482.07,-121.54,19.29
2570,-22.02,-471.96,-120.44,16.17
2571,-14.94,-466.11,-116.6,16.96
2572,-11.28,-477.44,-125.81,19.17
2573,-37.83,-477.07,-118.84,19.93
2574,-51.46,-483.63,-115.07,18.32
2575,-2.64,-485.06,-122.3,15.23
2576,5.4,-459.45,-119.74,9.09
2577,-17.11,-474.94,-120.84,15.11
2578,-34.47,-482.43,-116.14,8.77
2579,-40.26,-481.93,-113.48,17.03
2580,-17.29,-455.53,-113.83,16.42
2581,-10.61,-472.72,-115.05,8.59
2582,-28.03,-451.62,-111.95,14.37
2583,-0.65,-498.83,-112.24,17.35
2584,-22.44,-487.89,-111.55,15.19
2585,-30.76,-489.28,-115.28,18.49
2586,-65.87,-477.27,-110.57,18.71
2587,15.0,-478.47,-112.21,13.15
2588,-14.02,-483.96,-113.85,14.44
2589,-7.05,-479.01,-114.46,6.57
2590,-37.32,-474.95,-108.56,11.85
2591,-29.17,-486.69,-108.29,6.74
2592,-9.39,-473.39,-119.35,7.99
2593,-27.37,-462.9,-115.73,13.85
2594,-17.0,-477.74,-116.43,11.88
2595,-21.44,-481.7,-117.16,17.27
2596,-54.82,-471.12,-110.87,14.48
2597,-13.33,-473.19,-114.67,8.67
2598,-8.71,-478.2,-113.73,19.99
2599,-28.46,-493.15,-116.07,19.48
2600,-45.85,-472.75,-115.21,19.78
2601,7.75,-480.82,-112.6,15.84
2602,-22.35,-480.35,-116.5,19.6
2603,-36.26,-473.2,-115.36,21.41
2604,-18.3,-478.26,-113.75,17.68
2605,-8.26,-480.95,-112.1,19.54
2606,-25.96,-482.81,-109.66,21.37
2607,-29.46,-444.97,-111.68,20.62
2608,-11.01,-492.66,-108.0,23.08
2609,-20.66,-480.61,-111.29,20.1
2610,-36.45,-469.92,-110.9,17.36
2611,-4.49,-485.21,-113.63,14.88
2612,-24.21,-479.27,-108.15,21.33
2613,-39.92,-475.03,-105.88,13.2
2614,-13.93,-478.89,-110.8,12.5
2615,-43.47,-485.08,-107.42,9.88
2616,-24.15,-470.72,-105.93,5.1
2617,9.59,-469.26,-111.27,13.42
2618,-24.73,-494.71,-112.66,11.66
2619,-7.5,-483.99,-109.0,17.22
2620,-26.37,-464.29,-109.73,15.2
2621,-35.83,-465.88,-108.86,15.74
2622,-24.9,-477.87,-110.21,16.58
2623,-5.83,-478.68,-112.55,13.53
2624,-28.8,-478.74,-109.31,15.45
2625,-27.4,-479.6,-108.59,13.41
2626,-18.03,-471.98,-115.25,11.72
2627,-15.2,-467.93,-110.15,5.33
2628,-65.43,-475.14,-108.47,2.67
2629,1.57,-482.7,-107.23,20.23
2630,-15.87,-472.65,-109.35,15.45
2631,-33.76,-478.84,-110.21,13.24
2632,-46.52,-480.9,-109.36,14.29
2633,11.9,-471.19,-109.57,18.54
2634,-42.75,-472.91,-106.74,13.22
2635,-38.18,-485.92,-106.21,10.2
2636,12.49,-458.36,-114.08,9.65
2637,-16.47,-464.1,-111.03,8.39
2638,-39.81,-485.51,-112.02,13.73
2639,-12.98,-481.44,-110.34,14.45
2640,-25.02,-479.91,-108.08,15.18
2641,-20.71,-476.77,-115.08,10.9
2642,-36.36,-479.66,-121.54,8.07
2643,-14.58,-474.34,-118.52,3.15
2644,-17.88,-481.48,-114.46,13.97
2645,-16.79,-487.24,-113.61,12.13
2646,-26.12,-479.33,-114.25,13.56
2647,-71.06,-469.21,-109.94,6.22
2648,7.17,-481.84,-116.39,10.2
2649,-16.11,-478.13,-114.18,11.84
2650,-63.77,-465.25,-114.94,9.07
2651,5.94,-474.83,-116.0,13.08
2652,18.28,-473.86,-113.37,18.85
2653,-32.89,-488.64,-115.77,10.12
2654,-26.95,-474.32,-112.97,10.88
2655,-17.24,-484.21,-113.13,12.84
2656,-19.26,-479.4,-111.34,13.18
2657,-21.38,-471.84,-112.26,16.14
2658,-36.36,-483.16,-113.84,15.26
2659,-26.61,-463.75,-108.6,15.54
2660,-13.72,-456.11,-117.27,10.68
2661,-7.14,-483.59,-120.88,12.63
2662,-41.74,-491.01,-112.05,24.02
2663,-39.32,-481.8,-114.65,16.69
2664,-17.69,-470.87,-111.85,15.71
2665,-4.22,-479.9,-117.8,12.18
2666,-12.25,-462.88,-115.68,2.78
2667,-33.49,-473.26,-110.99,10.09
2668,-33.74,-477.32,-108.86,13.87
2669,6.25,-459.37,-112.07,9.18
2670,-39.34,-482.31,-115.11,14.48
2671,-19.03,-483.82,-113.13,16.73
2672,-24.04,-483.79,-108.13,13.57
2673,-21.54,-479.15,-111.46,10.49
2674,-21.17,-476.25,-107.51,6.24
2675,-18.98,-479.14,-110.08,7.57
2676,-23.46,-472.5,-112.32,11.24
2677,-42.94,-456.76,-110.83,8.91
2678,-16.3,-479.6,-114.31,-1.3
2679,-19.16,-479.27,-111.12,4.32
2680,-70.84,-481.46,-110.97,8.65
2681,-2.31,-464.99,-111.88,7.34
2682,-7.96,-477.27,-122.22,5.59
2683,-28.03,-471.76,-111.48,9.6
2684,-32.33,-476.24,-111.72,10.06
2685,-27.39,-467.2,-113.92,8.14
2686,-2.7,-463.19,-117.11,6.47
2687,-14.76,-484.84,-109.32,7.37
2688,-23.77,-485.45,-108.03,12.52
2689,-24.47,-480.59,-113.16,13.46
2690,-40.33,-465.78,-113.25,11.35
2691,-9.7,-462.98,-118.23,0.95
2692,-8.54,-478.69,-116.27,12.99
2693,-32.36,-485.36,-114.76,9.48
2694,-21.57,-481.66,-112.42,9.01
2695,-53.06,-480.51,-115.55,12.9
2696,-33.46,-475.7,-109.73,14.59
2697,9.31,-473.51,-112.06,12.05
2698,-11.02,-471.21,-111.43,5.94
2699,-24.24,-468.23,-108.72,15.41
2700,-1.6,-463.23,-109.13,15.95
2701,-32.81,-483.0,-112.18,7.42
2702,-22.05,-480.39,-114.71,12.11
2703,-44.11,-469.06,-115.69,14.86
2704,-25.48,-478.22,-118.62,11.95
2705,-16.02,-478.91,-118.56,4.36
2706,-49.57,-473.11,-111.92,3.71
2707,-6.28,-467.57,-116.57,-0.3
2708,-16.36,-482.35,-114.78,6.14
2709,-39.23,-469.35,-115.11,5.52
2710,-26.13,-465.28,-109.29,3.91
2711,-17.47,-481.43,-112.24,11.58
2712,-22.05,-474.94,-109.31,6.08
2713,5.78,-463.77,-110.76,5.69
2714,-17.27,-478.08,-112.32,9.17
2715,-20.92,-477.88,-115.72,11.75
2716,-26.7,-477.42,-119.98,13.0
2717,-26.03,-477.04,-109.72,6.11
2718,-32.94,-483.66,-111.88,10.42
2719,-28.45,-468.07,-109.64,8.25
2720,-18.65,-476.68,-113.25,12.3
2721,-39.26,-483.58,-118.29,6.91
2722,-11.62,-480.52,-122.87,7.07
2723,-33.69,-468.3,-118.31,10.67
2724,-18.39,-471.19,-112.5,10.11
2725,-51.2,-491.26,-115.78,7.19
2726,-55.68,-446.78,-112.06,10.24
2727,41.9,-455.78,-111.57,13.46
2728,-11.67,-488.31,-114.52,11.4
2729,-20.78,-487.93,-110.82,11.21
2730,-47.06,-467.24,-106.49,15.25
2731,-9.76,-486.19,-106.03,12.27
2732,-19.07,-481.95,-102.26,12.17
2733,-8.89,-462.95,-107.54,9.22
2734,-23.66,-475.5,-110.1,11.83
2735,-25.37,-476.56,-108.48,19.11
2736,-33.51,-477.68,-107.07,17.26
2737,-15.51,-473.41,-108.96,17.15
2738,-24.34,-476.29,-112.22,15.28
2739,-90.06,-488.41,-109.1,13.35
2740,-21.06,-457.74,-103.22,12.7
2741,10.24,-473.6,-109.96,8.06
2742,-13.57,-465.48,-109.28,10.7
2743,-15.3,-476.98,-113.59,6.9
2744,-46.13,-459.49,-110.14,9.88
2745,-1.06,-488.03,-113.88,9.08
2746,-12.8,-469.31,-107.05,9.96
2747,-33.98,-479.72,-116.7,3.84
2748,-12.11,-478.9,-112.78,13.36
2749,-20.02,-475.14,-113.98,8.33
2750,-27.68,-478.44,-107.88,4.74
2751,-26.9,-481.2,-114.07,11.93
2752,-49.0,-482.99,-108.79,7.55
2753,-23.39,-468.87,-110.57,15.16
2754,-4.24,-474.08,-106.99,17.14
2755,-17.22,-490.39,-110.08,17.8
2756,-19.94,-472.48,-109.38,20.46
2757,-50.09,-458.08,-103.48,15.5
2758,-1.19,-487.34,-106.25,14.1
2759,-26.09,-482.78,-109.47,16.26
2760,-25.48,-474.82,-107.63,14.5
2761,-70.37,-474.01,-105.08,16.0
2762,14.1,-477.43,-111.57,9.74
2763,-3.79,-467.26,-107.75,12.56
2764,-20.49,-471.37,-107.49,11.07
2765,-35.26,-483.06,-107.44,13.83
2766,-8.35,-468.39,-110.1,12.31
2767,-2.88,-462.51,-104.14,13.32
2768,-36.77,-486.61,-108.44,12.02
2769,-24.89,-465.85,-107.27,12.92
2770,-31.01,-475.75,-105.85,11.95
2771,-53.71,-487.14,-108.62,12.44
2772,-48.78,-476.27,-103.82,20.69
2773,-12.68,-461.78,-109.09,21.03
2774,16.9,-477.59,-113.99,20.32
2775,-11.45,-488.67,-118.48,18.83
2776,-34.89,-481.6,-114.41,16.62
2777,-16.88,-469.72,-109.58,12.33
2778,-17.62,-475.95,-111.77,10.35
2779,-38.56,-471.22,-114.5,10.1
2780,-49.16,-486.69,-106.84,11.4
2781,-63.88,-475.05,-105.63,15.23
2782,23.27,-461.36,-114.99,22.85
2783,25.95,-471.79,-113.38,21.1
2784,-25.37,-485.04,-115.88,16.25
2785,-42.01,-490.22,-118.63,17.26
2786,-47.38,-479.56,-115.94,17.82
2787,-10.71,-484.49,-118.34,11.27
2788,-29.78,-481.71,-106.63,14.19
2789,-36.35,-483.51,-119.34,14.05
2790,-24.02,-478.97,-111.21,16.4
2791,-2.11,-471.02,-117.08,15.03
2792,-28.69,-475.2,-109.68,17.99
2793,-31.2,-473.37,-105.71,19.09
2794,-47.2,-485.19,-110.01,19.72
2795,-43.05,-483.65,-106.11,21.79
2796,-30.36,-474.96,-112.77,19.19
2797,0.48,-460.87,-107.23,17.15
2798,4.97,-481.53,-109.28,22.26
2799,-14.11,-474.08,-109.15,24.03
2800,-25.76,-470.6,-111.94,19.67
2801,-24.67,-485.05,-103.6,16.42
2802,-18.59,-480.48,-116.52,16.35
2803,-56.1,-465.18,-106.99,20.0
2804,-18.37,-472.8,-108.88,19.39
2805,-3.64,-482.18,-111.85,17.93
2806,-21.48,-477.99,-109.15,24.84
2807,-26.28,-471.91,-111.13,19.27
2808,9.03,-464.78,-116.6,26.04
2809,-48.18,-477.28,-113.6,18.81
2810,-48.57,-472.93,-110.59,23.28
2811,-62.91,-477.28,-107.61,23.45
2812,38.03,-473.07,-114.14,21.01
2813,-16.62,-471.4,-111.44,12.06
2814,-34.41,-461.59,-106.62,26.98
2815,-59.83,-500.8,-112.73,20.21
2816,2.32,-479.88,-113.66,17.37
2817,-5.79,-475.02,-110.7,15.84
2818,-8.74,-482.81,-114.56,18.39
2819,-10.14,-480.43,-111.33,18.29
2820,-27.89,-476.73,-102.96,13.9
2821,-28.41,-482.9,-106.77,17.54
2822,-24.47,-477.9,-109.66,17.62
2823,-61.42,-471.78,-111.69,16.89
2824,5.93,-473.95,-108.72,17.37
2825,0.3,-458.25,-109.12,14.61
2826,-33.6,-476.56,-111.8,17.44
2827,-40.73,-476.02,-109.78,11.15
2828,-33.34,-483.65,-111.49,18.45
2829,4.72,-470.94,-106.99,16.12
2830,-40.68,-466.03,-104.25,26.43
2831,-25.76,-489.89,-109.11,18.65
2832,-24.26,-485.57,-101.75,20.43
2833,-31.93,-469.86,-106.47,18.37
2834,-23.46,-478.17,-109.63,15.22
2835,-24.55,-471.04,-109.78,18.02
2836,-33.84,-466.87,-110.74,21.1
2837,9.76,-470.8,-109.57,21.44
2838,-16.64,-484.59,-108.58,22.8
2839,-22.55,-479.9,-106.68,21.62
2840,-25.43,-469.83,-107.16,27.52
2841,-56.78,-472.15,-105.93,31.23
2842,-1.92,-473.94,-113.11,22.19
2843,-2.75,-477.09,-112.28,20.16
2844,-28.12,-470.9,-109.55,20.11
2845,-25.48,-486.95,-112.12,23.17
2846,-32.92,-467.58,-108.53,19.39
2847,-16.34,-482.13,-114.98,21.06
2848,-33.0,-485.8,-109.88,19.19
2849,-27.78,-481.83,-110.52,17.21
2850,-41.32,-468.05,-115.69,12.54
2851,-48.87,-483.52,-107.63,17.49
2852,-31.92,-483.23,-111.94,17.74
2853,8.66,-463.75,-119.19,17.99
2854,-17.26,-474.62,-110.31,13.62
2855,-22.47,-485.64,-112.42,16.58
2856,-17.13,-477.33,-114.28,13.55
2857,-31.44,-469.13,-116.59,14.23
2858,-21.62,-472.23,-112.6,15.94
2859,-12.16,-470.18,-110.47,22.32
2860,-36.82,-486.63,-110.34,21.38
2861,-18.32,-489.66,-112.38,21.4
2862,-34.05,-478.84,-110.7,18.98
2863,-16.34,-470.2,-109.05,17.08
2864,-36.78,-473.09,-108.84,17.21
2865,-38.12,-469.11,-112.58,21.49
2866,-4.19,-487.23,-110.35,13.86
2867,-22.7,-480.31,-107.79,12.18
2868,-13.81,-480.42,-106.08,16.78
2869,-16.84,-470.42,-107.98,13.49
2870,-40.69,-477.21,-110.15,15.29
2871,-35.73,-468.84,-110.06,13.6
2872,-25.28,-486.95,-110.55,15.02
2873,-7.1,-473.37,-112.17,18.1
2874,-43.36,-485.68,-113.2,24.51
2875,-41.63,-462.6,-114.22,19.46
2876,-14.89,-466.61,-113.05,20.21
2877,20.29,-478.57,-117.23,16.4
2878,-10.78,-483.96,-118.05,13.4
2879,-10.92,-483.87,-111.66,16.49
2880,-27.63,-481.61,-109.19,16.06
2881,-25.54,-481.84,-111.43,19.2
2882,-29.3,-484.02,-113.41,17.87
2883,-25.34,-485.01,-112.76,17.57
2884,-23.6,-488.81,-111.06,14.88
2885,-34.23,-475.69,-113.92,15.27
2886,-30.35,-472.88,-102.92,17.61
2887,-7.9,-475.17,-107.49,10.91
2888,-42.66,-481.19,-113.44,13.36
2889,-26.83,-465.71,-108.31,18.03
2890,-12.59,-485.24,-112.48,12.93
2891,-27.8,-489.54,-110.34,11.98
2892,-21.05,-489.46,-107.01,18.8
2893,-2.11,-488.51,-108.3,12.29
2894,-23.67,-502.18,-114.09,11.35
2895,-12.4,-487.54,-112.03,15.03
2896,-32.22,-456.35,-109.06,17.31
2897,-16.47,-473.8,-112.19,5.23
2898,-30.15,-476.75,-109.84,16.24
2899,-39.77,-458.85,-107.69,18.48
2900,-23.06,-457.54,-110.52,16.32
2901,-28.06,-448.09,-108.27,15.83
2902,2.19,-485.42,-110.36,12.5
2903,-24.77,-476.82,-111.41,13.0
2904,-54.65,-465.2,-115.44,18.36
2905,22.97,-465.88,-116.28,19.39
2906,-17.7,-490.84,-115.99,21.08
2907,-37.07,-486.21,-114.32,19.92
2908,-12.8,-512.61,-114.39,13.29
2909,-26.1,-454.38,-113.64,20.12
2910,-21.18,-470.02,-108.81,24.24
2911,-14.7,-469.26,-116.59,22.34
2912,-35.09,-478.57,-118.22,19.94
2913,-26.88,-477.8,-114.19,22.3
2914,-34.48,-466.07,-110.49,19.36
2915,10.02,-465.01,-116.03,19.29
2916,-56.46,-484.18,-108.88,24.4
2917,2.76,-459.07,-110.66,18.18
2918,-39.68,-477.9,-112.04,16.87
2919,7.71,-475.58,-108.89,28.47
2920,-23.23,-472.69,-111.48,22.83
2921,-17.58,-471.35,-114.74,18.36
2922,-9.81,-487.55,-117.12,19.02
2923,-25.65,-479.55,-115.93,23.89
2924,-36.28,-477.4,-112.08,19.55
2925,-18.15,-480.9,-114.07,17.23
2926,-26.0,-489.64,-112.26,15.43
2927,-37.05,-453.98,-117.33,25.18
2928,-37.32,-462.0,-112.12,22.33
2929,2.31,-464.96,-114.21,18.46
2930,-48.91,-475.04,-116.17,16.55
2931,9.84,-470.35,-116.69,15.12
2932,-19.61,-491.02,-116.4,16.76
2933,-10.59,-483.82,-116.3,11.75
2934,-36.07,-478.2,-105.96,14.5
2935,-34.04,-469.53,-114.59,14.34
2936,7.07,-470.65,-117.5,17.0
2937,-31.71,-481.7,-115.41,14.79
2938,-45.01,-481.09,-115.59,13.7
2939,-31.76,-472.86,-116.0,14.32
2940,-10.41,-478.53,-117.11,11.63
2941,-7.53,-477.41,-117.18,10.67
2942,-26.52,-470.34,-116.2,11.22
2943,-28.25,-458.04,-114.9,13.88
2944,-10.62,-461.14,-115.68,19.58
2945,-43.52,-479.1,-112.42,26.08
2946,-46.41,-489.74,-112.68,27.33
2947,-8.71,-466.09,-115.49,20.89
2948,-3.36,-486.34,-112.37,17.51
2949,-25.98,-484.7,-114.33,18.86
2950,-24.51,-459.54,-110.66,21.51
2951,-13.28,-486.25,-112.56,17.18
2952,-31.58,-478.78,-108.3,14.99
2953,-39.11,-477.21,-107.21,15.1
2954,-43.65,-468.04,-107.1,12.45
2955,15.69,-467.14,-110.86,5.67
2956,-26.31,-489.71,-107.5,11.94
2957,-25.03,-475.06,-107.47,9.44
2958,-7.88,-437.55,-108.47,9.62
2959,-29.42,-484.0,-115.38,9.95
2960,-59.42,-480.45,-110.53,13.49
2961,2.9,-476.23,-110.43,13.59
2962,-47.67,-470.37,-114.16,11.73
2963,-1.58,-469.68,-111.09,14.95
2964,-21.93,-476.86,-106.27,11.46
2965,-24.96,-486.97,-108.23,14.14
2966,-39.33,-469.93,-105.55,12.36
2967,-16.65,-459.94,-109.5,16.98
2968,-11.2,-477.1,-106.43,12.18
2969,-7.72,-479.53,-101.59,17.53
2970,-33.08,-477.58,-103.4,18.26
2971,-11.96,-469.02,-110.07,16.06
2972,-25.35,-480.96,-115.33,13.05
2973,-26.31,-459.7,-112.8,14.05
2974,-17.65,-483.17,-116.96,21.03
2975,-21.17,-487.77,-116.23,19.62
2976,-32.64,-455.47,-114.45,17.98
2977,-24.78,-462.64,-110.6,22.33
2978,-17.82,-473.56,-117.62,17.92
2979,-39.96,-502.49,-116.07,17.94
2980,-26.33,-478.11,-109.86,16.38
2981,-46.56,-479.61,-115.12,10.46
2982,-6.09,-471.22,-115.93,11.85
2983,2.88,-477.66,-116.58,18.69
2984,-34.43,-476.11,-116.07,20.07
2985,-16.11,-475.82,-109.09,21.18
2986,0.83,-475.58,-115.1,15.48
2987,-15.26,-477.44,-108.87,16.28
2988,-27.77,-478.53,-109.84,14.85
2989,-34.94,-485.76,-113.25,18.66
2990,-3.02,-464.73,-111.53,12.4
2991,-28.63,-476.9,-114.61,9.69
2992,-25.91,-484.51,-116.66,12.21
2993,-21.44,-466.45,-117.18,15.47
2994,-25.67,-456.54,-115.84,16.8
2995,-65.33,-490.64,-116.0,16.93
2996,-35.6,-455.51,-116.36,17.33
2997,22.09,-474.57,-121.85,8.15
2998,1.58,-463.29,-120.64,23.4
2999,-15.62,-477.03,-117.11,17.5
