,ch1,ch2,ch3,ch4
0,-11.6,-387.2,-136.16,5.44
1,-32.35,-566.93,-90.11,80.2
2,-17.4,-451.95,-96.02,53.12
3,-6.62,-487.5,-100.92,49.73
4,-25.49,-454.05,-99.44,23.31
5,6.55,-347.5,-79.53,6.2
6,12.45,-307.48,-210.95,-54.3
7,-46.22,-625.06,5.03,116.89
8,-7.12,-510.65,0.96,61.77
9,-17.38,-552.76,-57.84,14.17
10,-6.73,-398.71,-145.03,72.87
11,-33.24,-492.63,-104.12,107.93
12,-23.39,-484.42,-135.72,-35.05
13,-3.15,-496.57,-65.56,-32.27
14,-30.25,-442.38,-127.57,65.15
15,-5.14,-445.27,-101.62,-69.83
16,-2.94,-298.02,-39.6,93.79
17,-3.24,-307.06,-112.34,29.26
18,-18.91,-606.08,-115.77,4.29
19,-32.25,-539.56,-121.46,55.73
20,-26.93,-517.2,-96.06,36.38
21,-29.47,-518.29,-111.98,8.34
22,-1.36,-377.97,-76.11,10.86
23,-14.7,-488.13,-102.41,-17.85
24,-21.17,-442.06,-33.59,60.38
25,-18.52,-544.29,-119.6,105.53
26,-34.71,-491.58,-169.77,-10.6
27,-40.87,-482.88,-8.09,6.62
28,-2.88,-374.93,-44.74,29.0
29,-13.73,-486.56,-167.61,60.76
30,-0.51,-410.96,-72.62,13.52
31,-8.29,-362.77,-24.05,-7.78
32,-33.07,-485.36,-96.26,64.72
33,-12.56,-551.72,-50.57,16.25
34,-3.87,-486.46,-163.49,12.42
35,-31.5,-581.36,-83.94,78.08
36,-8.61,-399.75,-116.92,-26.2
37,-14.61,-441.96,-104.19,20.15
38,-37.35,-520.19,-73.82,13.01
39,-13.05,-444.98,-140.82,-39.11
40,-19.43,-403.93,-75.9,92.96
41,-10.25,-472.57,-95.46,78.79
42,-25.65,-490.03,-164.56,-71.34
43,-15.53,-517.76,36.35,72.14
44,-47.12,-521.85,-159.2,-12.05
45,-32.9,-368.67,-133.5,26.02
46,31.34,-359.28,-26.48,-19.21
47,-17.54,-494.45,-172.19,76.36
48,-36.16,-493.71,-82.48,37.11
49,-49.31,-546.54,-125.31,52.14
50,0.95,-396.3,-127.36,63.86
51,-47.89,-562.82,-65.43,-16.54
52,-4.16,-456.39,-11.96,53.85
53,19.18,-325.09,-81.03,-0.16
54,-12.11,-420.55,-116.59,16.12
55,-46.02,-601.77,-123.86,30.01
56,-30.87,-570.1,-126.05,8.64
57,28.28,-355.96,-140.33,-36.88
58,-22.9,-401.24,-221.09,-45.47
59,-9.98,-422.61,-62.21,82.72
60,-15.35,-460.34,-61.54,46.86
61,-26.55,-503.03,-65.82,21.69
62,-12.23,-469.06,-107.05,14.32
63,-0.18,-405.27,-63.27,51.29
64,-12.9,-401.97,-137.07,-63.04
65,-44.3,-539.82,-116.27,42.89
66,-3.68,-350.48,-95.35,51.56
67,-32.69,-540.26,-109.36,14.92
68,-24.49,-461.34,-45.46,86.95
69,-14.05,-425.81,-90.51,-50.12
70,-17.87,-617.06,-133.0,53.76
71,2.44,-429.0,-113.1,-10.21
72,11.2,-317.56,-41.94,-63.24
73,-41.8,-581.77,-175.15,70.21
74,-22.51,-407.0,-111.09,43.9
75,-6.93,-432.78,-44.85,32.9
76,-14.87,-477.54,-99.01,14.8
77,-27.46,-429.08,-118.55,27.64
78,-0.28,-441.27,-106.82,27.52
79,-2.53,-448.42,-100.35,23.49
80,-4.19,-425.5,-101.5,21.05
81,-15.21,-373.18,-95.55,68.78
82,-15.85,-556.89,-130.43,-44.29
83,-25.12,-530.39,-93.99,61.48
84,-21.95,-486.17,-99.58,31.98
85,-31.52,-577.51,-120.38,20.23
86,-14.79,-458.83,-97.8,11.0
87,6.08,-377.5,14.99,63.9
88,-5.48,-334.77,-293.33,61.37
89,-20.94,-462.43,-56.75,29.75
90,-10.41,-442.34,-87.53,-1.97
91,-13.28,-374.97,-76.45,-29.85
92,-24.28,-561.56,-96.64,59.86
93,-5.54,-488.68,-23.06,33.02
94,-4.16,-417.39,-9.12,-84.95
95,-31.04,-482.32,-190.39,65.42
96,-21.4,-488.79,-108.39,56.69
97,-8.76,-453.86,-112.81,27.65
98,-24.05,-511.09,-109.39,17.45
99,-28.47,-573.74,-107.79,25.84
100,4.14,-270.54,-107.13,6.42
101,-16.32,-480.0,-82.27,14.11
102,-14.31,-434.02,-146.52,-9.61
103,-13.9,-455.88,-67.3,65.75
104,-24.96,-479.72,-121.0,1.58
105,-18.44,-471.96,-71.54,52.68
106,-3.95,-477.29,-111.54,30.23
107,-19.82,-458.11,-103.59,21.99
108,-3.39,-415.26,-169.18,26.36
109,-10.22,-279.22,-83.26,43.79
110,-49.83,-674.17,-96.48,1.01
111,-19.2,-486.55,-89.43,39.4
112,-0.76,-335.95,-89.91,30.15
113,-8.46,-472.84,-100.95,73.14
114,-16.69,-430.72,-101.47,4.9
115,-23.87,-499.73,-93.42,30.66
116,-21.36,-481.88,-92.65,26.66
117,-14.72,-472.93,-97.41,18.25
118,-10.42,-464.56,-107.91,20.22
119,-9.38,-480.57,-106.02,24.15
120,-13.49,-493.46,-100.85,25.23
121,-4.9,-474.29,-105.17,30.07
122,-16.08,-430.99,-100.07,38.0
123,-22.75,-446.78,-98.34,30.31
124,-17.0,-484.68,-103.61,27.0
125,-20.81,-480.88,-103.64,25.68
126,-6.86,-320.78,-111.91,15.04
127,-11.12,-552.44,-106.02,30.74
128,-16.98,-431.83,-99.69,30.14
129,-19.35,-467.56,-99.69,27.42
130,-19.55,-481.81,-98.12,26.51
131,-20.42,-425.6,-103.39,17.97
132,2.41,-379.14,-111.07,7.43
133,-18.09,-502.19,-101.58,26.36
134,-19.34,-478.82,-107.4,19.28
135,-33.87,-470.97,-100.18,18.12
136,-2.23,-468.71,-109.29,14.81
137,-35.0,-465.07,-103.95,12.0
138,-58.58,-483.41,-100.94,16.62
139,-9.46,-464.33,-102.06,19.29
140,-106.96,-509.09,-109.17,15.95
141,62.54,-373.29,-105.74,18.7
142,-34.18,-470.82,-110.6,16.92
143,21.55,-479.14,-120.99,9.49
144,-27.33,-456.49,-108.67,14.56
145,1.42,-473.81,-110.48,18.63
146,5.02,-481.64,-111.58,16.43
147,-49.47,-426.5,-108.46,15.35
148,-3.51,-447.74,-106.36,12.95
149,21.13,-465.95,-117.39,4.55
150,-10.63,-477.73,-110.8,10.63
151,6.61,-454.16,-116.1,2.57
152,-24.83,-519.01,-114.78,6.64
153,-16.96,-465.5,-112.18,10.58
154,-8.22,-441.28,-109.74,7.22
155,-12.43,-400.26,-110.17,13.69
156,-12.6,-437.98,-114.66,10.44
157,-27.04,-438.85,-113.01,8.41
158,-18.49,-454.47,-115.77,-0.02
159,-15.67,-436.24,-118.22,0.75
160,-45.35,-447.87,-112.35,4.23
161,-11.04,-481.8,-115.64,6.54
162,17.28,-402.54,-106.25,8.21
163,-71.35,-458.06,-113.46,10.59
164,-25.08,-452.85,-115.68,7.59
165,25.27,-463.34,-116.19,5.56
166,-51.7,-549.24,-121.24,-0.15
167,20.8,-399.8,-112.82,2.91
168,9.13,-393.79,-113.44,6.23
169,-22.94,-491.02,-113.71,-0.29
170,1.02,-422.49,-113.24,4.39
171,2.04,-418.94,-115.34,-0.27
172,-35.45,-426.18,-112.48,-3.72
173,-23.22,-521.98,-122.83,-3.46
174,14.96,-262.99,-127.28,-18.7
175,18.63,-421.68,-126.26,-4.65
176,-33.55,-547.81,-106.16,23.41
177,-17.83,-484.5,-116.06,11.65
178,-23.98,-465.48,-116.4,7.88
179,-36.31,-476.45,-115.36,2.16
180,-40.64,-440.64,-114.32,3.75
181,6.39,-544.05,-119.8,-9.55
182,-54.57,-625.52,-123.05,-10.79
183,10.03,-353.76,-110.28,3.69
184,23.13,-340.85,-110.34,1.11
185,1.27,-421.62,-114.91,-2.09
186,-18.86,-436.29,-120.56,-7.84
187,-23.04,-436.39,-112.94,-3.54
188,5.0,-457.8,-113.28,-1.36
189,-37.73,-466.6,-113.02,1.06
190,-32.67,-429.11,-110.22,-4.1
191,-10.83,-443.68,-107.08,-0.69
192,-5.61,-468.45,-113.18,-9.1
193,2.83,-427.9,-113.0,2.16
194,-36.21,-458.58,-117.28,-3.8
195,0.3,-448.21,-107.58,5.09
196,1.19,-463.15,-105.6,-0.07
197,-8.04,-452.16,-114.93,-3.24
198,-0.91,-478.19,-115.44,-6.12
199,-19.98,-450.79,-114.52,-12.53
200,-55.79,-454.22,-108.75,-5.73
201,16.29,-442.43,-108.42,-4.3
202,-4.53,-466.56,-113.57,-7.09
203,-10.48,-467.33,-114.52,-4.12
204,-7.86,-436.98,-111.07,-4.48
205,10.85,-424.32,-113.42,-7.2
206,-12.61,-454.68,-113.19,-11.86
207,-15.75,-447.68,-120.09,-9.07
208,-18.52,-450.78,-115.7,-7.86
209,-43.28,-475.65,-119.37,-13.7
210,-38.4,-418.46,-110.92,-8.19
211,1.36,-429.1,-114.2,-9.39
212,20.51,-465.8,-122.09,-19.32
213,1.6,-444.39,-118.59,-20.96
214,-75.68,-457.16,-111.89,-6.49
215,-23.46,-455.07,-119.95,-12.15
216,21.69,-502.55,-121.1,-9.76
217,8.24,-441.71,-121.4,-8.66
218,-61.57,-437.8,-117.41,-13.68
219,-12.59,-426.84,-105.95,-11.99
220,-8.9,-455.85,-115.84,-16.66
221,-19.9,-463.01,-109.13,-12.07
222,-14.98,-513.14,-115.68,-14.05
223,56.01,-399.96,-119.57,-19.86
224,-44.09,-435.99,-118.19,-13.94
225,-19.6,-419.81,-114.46,-9.36
226,20.8,-470.0,-120.68,-4.39
227,-12.56,-462.75,-121.16,-4.88
228,-28.8,-441.31,-117.57,-7.88
229,-38.09,-457.29,-118.15,-7.83
230,32.98,-460.47,-121.61,-12.48
231,-49.45,-441.29,-118.24,-13.41
232,-76.18,-443.52,-116.08,-17.61
233,24.08,-470.08,-123.65,-20.29
234,42.88,-448.55,-117.73,-19.53
235,7.82,-450.59,-113.85,-17.1
236,-15.6,-440.78,-107.83,2.46
237,-34.93,-427.4,-107.26,-2.64
238,6.17,-483.5,-113.97,-10.48
239,5.66,-444.29,-105.13,-8.27
240,11.66,-426.81,-116.57,-5.53
241,-19.1,-481.48,-116.05,-11.38
242,-25.34,-430.94,-109.78,-10.62
243,-4.47,-480.81,-114.44,-7.52
244,-16.27,-464.72,-116.96,-4.1
245,-44.9,-444.46,-107.93,-5.45
246,-11.24,-464.05,-116.0,-5.56
247,-15.1,-448.75,-115.44,-10.85
248,-1.56,-440.81,-113.86,-10.52
249,18.01,-440.57,-113.23,-9.5
250,-13.23,-437.12,-107.4,-5.8
251,-11.0,-414.66,-104.62,-8.49
252,-111.14,-442.47,-109.56,-9.38
253,14.42,-440.03,-112.97,-8.01
254,14.86,-424.46,-109.2,-7.46
255,22.95,-437.42,-116.72,-6.65
256,2.33,-472.04,-117.55,-6.28
257,1.09,-464.96,-120.96,-8.17
258,-10.8,-449.34,-113.75,-7.37
259,-0.51,-455.73,-113.5,-3.93
260,-8.39,-453.42,-110.4,-5.22
261,-15.45,-429.87,-107.18,-1.43
262,3.6,-437.55,-109.21,-0.61
263,-21.9,-450.82,-109.39,-5.74
264,-16.46,-437.46,-105.65,-0.92
265,-11.53,-446.59,-110.34,0.14
266,9.97,-452.2,-110.68,-1.24
267,-33.61,-428.11,-108.19,0.47
268,-96.49,-433.08,-110.48,-0.96
269,46.74,-432.22,-105.66,-3.15
270,17.25,-440.85,-113.13,-2.69
271,-14.44,-438.31,-110.06,0.41
272,-23.77,-448.11,-117.86,-5.32
273,37.91,-434.39,-107.32,-1.05
274,12.45,-434.98,-113.79,0.81
275,-6.0,-419.76,-108.6,-2.46
276,-3.25,-435.55,-111.61,-1.08
277,-30.81,-444.26,-112.46,-2.58
278,-37.51,-439.03,-113.41,-3.75
279,-84.63,-441.93,-108.78,-11.72
280,6.3,-436.55,-116.02,-1.39
281,44.21,-440.8,-114.45,-1.98
282,-37.1,-464.09,-115.24,6.28
283,45.89,-460.22,-117.72,-2.89
284,20.84,-454.46,-114.77,-6.08
285,-20.13,-455.98,-114.19,-5.2
286,-48.64,-463.11,-116.73,-13.41
287,-41.85,-437.66,-109.55,6.66
288,-125.45,-353.23,-114.77,-8.01
289,-7.84,-407.27,-119.79,-4.85
290,75.84,-400.66,-130.91,-9.97
291,55.72,-482.66,-113.27,-5.07
292,-72.97,-510.26,-109.86,0.2
293,-146.8,-470.28,-113.21,-5.94
294,-294.74,-406.93,-103.49,2.73
295,-45.64,-451.43,-116.78,-0.98
296,241.94,-424.3,-139.61,-31.37
297,71.59,-497.18,-114.7,1.6
298,50.47,-475.31,-123.3,-10.95
299,29.9,-494.94,-114.82,-0.7
300,-3.86,-496.43,-116.23,-1.76
301,-3.3,-509.98,-110.88,-0.81
302,-8.73,-548.19,-113.6,-8.5
303,-0.94,-646.17,-117.51,-2.93
304,1.98,-720.57,-119.83,-6.89
305,-13.51,-673.66,-120.36,-13.43
306,-19.0,-644.51,-125.34,-23.29
307,-9.15,-540.91,-123.95,1.4
308,-40.14,-443.28,-108.61,-10.82
309,-36.07,-670.83,-119.9,-5.81
310,-36.63,-619.2,-115.45,0.85
311,-24.54,-605.42,-113.92,-11.09
312,-46.34,-603.87,-119.27,-6.4
313,-9.53,-602.33,-116.24,-16.26
314,-58.38,-420.94,-112.28,4.57
315,79.46,-481.03,-116.38,-3.23
316,-30.41,-659.87,-107.19,-1.14
317,-32.65,-617.48,-110.37,3.85
318,-56.71,-579.38,-112.8,-4.74
319,-6.54,-554.73,-110.5,-2.7
320,-54.72,-516.3,-102.37,0.85
321,-7.16,-500.56,-100.35,-1.39
322,-40.32,-518.38,-105.7,7.87
323,-24.49,-480.29,-112.33,8.26
324,-178.94,-429.65,-105.39,5.31
325,-92.99,-439.62,-112.54,1.22
326,58.93,-460.88,-117.87,-5.19
327,-38.6,-440.86,-114.67,-3.59
328,56.27,-409.12,-111.09,-1.88
329,-25.43,-422.21,-107.08,-3.47
330,-9.91,-448.98,-111.04,-2.41
331,-8.81,-417.93,-116.99,-5.56
332,-3.92,-427.52,-108.46,1.04
333,-20.91,-418.63,-105.1,2.52
334,-21.12,-414.36,-101.22,3.45
335,-40.48,-411.41,-106.5,1.89
336,-11.76,-413.75,-105.1,1.62
337,0.15,-395.14,-106.39,-2.1
338,-19.03,-275.01,-108.25,-3.81
339,-43.37,-415.82,-107.63,4.1
340,-15.14,-413.88,-110.05,1.15
341,-10.74,-413.26,-110.66,-4.46
342,-36.92,-398.13,-103.25,-2.2
343,-9.33,-350.57,-105.45,-2.77
344,-69.07,-328.17,-97.07,4.69
345,28.97,-429.25,-96.84,13.17
346,-96.71,-426.11,-97.77,16.72
347,-2.33,-435.37,-102.07,6.33
348,-2.66,-426.89,-98.55,6.88
349,9.32,-398.19,-97.39,6.98
350,-8.5,-422.41,-101.81,11.85
351,-57.86,-421.09,-95.6,10.71
352,-35.86,-426.81,-94.68,4.84
353,7.55,-408.04,-105.41,5.96
354,-83.03,-388.22,-101.55,7.21
355,24.91,-389.23,-103.52,3.56
356,-20.2,-405.58,-107.03,4.2
357,-40.24,-392.8,-104.76,7.76
358,-35.29,-380.71,-103.16,9.79
359,-67.74,-389.06,-104.59,9.75
360,-64.93,-378.5,-102.13,10.24
361,-35.44,-364.31,-108.69,9.0
362,-77.03,-363.03,-106.5,2.94
363,-78.75,-375.71,-108.67,6.16
364,-103.4,-345.54,-104.44,3.97
365,-89.7,-344.3,-103.98,-1.6
366,-70.18,-347.12,-101.26,5.96
367,-87.91,-323.84,-110.88,-4.92
368,-91.46,-505.87,-102.64,6.99
369,-47.74,-507.75,-102.71,15.42
370,-72.58,-486.31,-101.39,13.23
371,-44.74,-478.85,-103.25,4.71
372,-44.09,-486.96,-101.9,4.48
373,-38.24,-485.56,-102.99,13.32
374,-52.14,-478.1,-100.61,11.59
375,-66.8,-439.62,-98.69,11.66
376,44.62,-489.4,-109.73,7.55
377,20.49,-457.26,-109.29,9.86
378,-10.66,-464.25,-101.39,8.34
379,11.06,-470.51,-105.14,11.69
380,-4.14,-459.43,-97.05,9.81
381,-21.53,-451.68,-103.2,10.52
382,-22.47,-444.6,-101.69,14.38
383,70.28,-458.69,-105.28,7.49
384,19.59,-458.43,-102.25,6.31
385,14.52,-465.08,-98.21,11.6
386,-2.94,-452.43,-98.08,8.36
387,29.19,-448.13,-99.66,13.16
388,13.23,-456.69,-96.28,12.48
389,19.04,-452.59,-101.56,7.43
390,12.82,-440.8,-95.44,8.8
391,15.95,-414.27,-97.83,13.51
392,30.86,-430.33,-96.16,8.2
393,-30.34,-457.53,-98.04,12.2
394,17.22,-462.35,-87.56,13.96
395,22.21,-449.39,-97.98,8.21
396,20.05,-466.4,-97.02,7.36
397,-6.77,-463.18,-99.3,5.89
398,-15.85,-453.38,-96.86,5.58
399,-87.6,-432.21,-84.52,11.71
400,109.31,-429.19,-105.51,5.83
401,26.64,-438.72,-100.71,9.86
402,6.07,-435.06,-100.25,5.19
403,6.15,-486.3,-99.45,7.07
404,21.98,-471.97,-94.81,7.25
405,-29.92,-482.98,-99.31,9.53
406,22.86,-461.77,-102.49,9.35
407,24.21,-488.0,-104.68,16.39
408,7.8,-478.0,-102.8,17.84
409,-9.15,-479.47,-100.92,18.54
410,5.11,-469.88,-96.26,14.33
411,9.91,-458.12,-94.77,17.83
412,1.07,-466.23,-100.24,10.6
413,7.91,-457.8,-101.16,15.11
414,-8.1,-447.77,-94.43,16.61
415,-6.59,-457.4,-97.53,11.65
416,27.96,-400.7,-101.31,8.43
417,12.11,-458.12,-103.42,7.78
418,-103.9,-497.7,-92.14,15.46
419,16.75,-477.73,-93.5,15.32
420,53.27,-450.46,-104.86,7.92
421,13.85,-460.75,-106.29,10.42
422,27.01,-444.39,-98.99,12.7
423,12.84,-482.96,-103.35,9.67
424,-43.93,-460.9,-91.84,7.75
425,11.38,-466.08,-98.73,11.45
426,23.29,-460.7,-97.62,11.29
427,3.82,-453.73,-100.24,12.54
428,5.9,-463.92,-95.83,11.37
429,-6.14,-432.94,-101.06,12.64
430,22.2,-409.62,-101.02,7.11
431,-65.93,-430.56,-92.41,8.45
432,49.74,-466.67,-98.43,9.82
433,23.81,-454.66,-98.45,9.43
434,5.96,-451.55,-97.93,10.34
435,0.81,-449.46,-98.22,4.09
436,-1.63,-456.43,-100.77,8.3
437,-38.43,-456.65,-95.2,13.6
438,6.22,-399.79,-101.1,13.9
439,-0.39,-489.0,-98.63,16.91
440,4.17,-497.02,-96.84,16.16
441,-16.68,-455.4,-95.85,13.79
442,12.9,-435.52,-106.09,7.29
443,-5.8,-485.04,-98.78,11.93
444,-15.38,-485.48,-96.69,11.19
445,8.27,-473.55,-99.95,14.55
446,8.87,-458.26,-97.52,13.54
447,-6.74,-461.02,-101.27,8.86
448,-10.91,-469.02,-105.12,8.26
449,-21.58,-472.51,-100.65,10.19
450,-20.07,-470.2,-101.87,4.85
451,-46.1,-454.46,-100.15,12.57
452,51.61,-462.49,-108.14,10.82
453,1.36,-468.99,-103.86,13.33
454,-8.76,-457.74,-106.07,16.03
455,-47.81,-486.4,-102.86,13.81
456,42.45,-456.83,-104.11,13.72
457,1.94,-463.48,-100.42,12.62
458,-11.65,-460.21,-105.36,12.11
459,-38.82,-417.39,-100.31,10.63
460,5.32,-444.53,-101.6,9.04
461,-5.55,-489.9,-102.81,11.77
462,2.53,-511.48,-100.47,11.13
463,-14.08,-491.8,-104.65,13.2
464,-33.69,-480.43,-99.25,11.0
465,-19.8,-471.58,-96.47,9.87
466,-64.39,-447.94,-99.09,12.02
467,47.08,-442.4,-107.31,8.49
468,10.79,-468.73,-96.21,13.05
469,17.53,-470.09,-106.36,10.28
470,-2.18,-468.01,-103.47,8.96
471,-10.51,-453.15,-99.43,12.17
472,-13.92,-446.84,-98.12,8.49
473,-14.31,-457.79,-94.59,10.88
474,-10.23,-384.56,-103.12,13.49
475,-13.97,-458.02,-104.81,9.78
476,-41.99,-464.64,-104.99,12.87
477,-40.4,-433.93,-97.59,13.67
478,-14.88,-445.72,-103.84,11.73
479,5.92,-434.86,-103.26,11.2
480,16.67,-415.49,-101.74,6.78
481,2.02,-445.96,-105.77,9.93
482,-2.58,-457.26,-111.6,16.13
483,-3.02,-443.0,-101.77,11.86
484,-13.8,-449.27,-102.0,6.2
485,-28.57,-421.68,-109.24,7.29
486,-45.7,-484.28,-100.58,11.87
487,22.49,-475.68,-106.28,11.31
488,3.15,-461.06,-110.36,7.91
489,3.43,-447.92,-110.4,9.28
490,-16.78,-471.24,-106.07,9.81
491,-17.61,-483.99,-97.88,18.3
492,-15.72,-477.44,-98.7,18.55
493,-52.34,-467.08,-95.64,16.34
494,3.73,-471.93,-100.82,15.04
495,-4.71,-450.96,-99.13,11.26
496,-31.04,-426.61,-99.36,13.82
497,-0.76,-510.3,-96.32,14.17
498,-44.37,-467.71,-95.15,9.23
499,-7.2,-457.2,-95.94,5.58
500,12.39,-461.23,-96.82,15.31
501,-31.04,-468.31,-91.18,12.38
502,11.27,-467.17,-95.08,14.55
503,-8.51,-481.17,-99.55,14.86
504,-30.25,-460.9,-95.31,14.37
505,-6.31,-465.11,-92.18,13.11
506,-8.84,-472.86,-92.06,13.4
507,-4.13,-479.28,-93.72,12.78
508,-34.95,-463.29,-85.16,18.69
509,21.41,-458.92,-97.8,13.98
510,0.87,-427.53,-101.47,13.02
511,-9.94,-444.73,-97.83,8.23
512,-41.81,-507.33,-91.84,11.15
513,-52.63,-466.78,-94.87,14.9
514,37.18,-483.15,-95.96,12.42
515,2.5,-450.13,-91.24,11.19
516,-37.64,-479.4,-95.72,8.91
517,-11.03,-479.41,-99.01,16.54
518,1.76,-472.84,-95.82,15.14
519,-7.99,-474.26,-97.68,10.34
520,-19.79,-419.88,-101.22,12.42
521,-9.11,-446.79,-92.26,14.5
522,-40.26,-511.97,-97.09,8.61
523,-13.99,-491.45,-96.9,9.84
524,-8.29,-480.74,-99.92,11.45
525,-28.79,-481.93,-95.98,7.98
526,-35.99,-477.01,-101.42,8.9
527,-7.56,-468.29,-104.39,9.73
528,6.51,-460.96,-106.06,6.75
529,-28.92,-469.02,-99.0,10.83
530,-48.27,-432.07,-102.3,12.49
531,18.68,-486.32,-94.21,10.44
532,-4.87,-469.14,-95.51,6.4
533,-17.16,-480.37,-96.98,8.99
534,-1.81,-458.81,-103.16,5.19
535,-15.34,-447.46,-100.51,5.46
536,-54.3,-438.76,-98.84,3.98
537,3.45,-488.36,-100.72,9.39
538,-6.93,-462.69,-101.36,4.07
539,-30.79,-472.03,-99.03,4.69
540,2.64,-451.98,-101.0,5.93
541,-56.48,-447.22,-104.0,4.46
542,-17.15,-462.48,-98.81,10.55
543,-0.83,-476.04,-101.82,13.17
544,-13.11,-429.29,-101.26,5.3
545,-10.04,-482.83,-98.23,10.88
546,11.43,-463.45,-100.9,11.34
547,-5.04,-449.68,-98.52,10.18
548,-22.38,-437.61,-103.5,9.58
549,-21.11,-491.73,-98.81,6.02
550,-12.45,-483.89,-103.02,11.78
551,-24.22,-452.21,-102.65,14.15
552,-13.01,-473.73,-106.3,12.26
553,-61.65,-469.92,-104.16,14.16
554,-24.64,-476.3,-100.14,18.58
555,1.23,-485.13,-102.88,20.81
556,25.11,-473.52,-102.54,19.61
557,-8.49,-441.45,-104.38,11.61
558,13.9,-440.42,-98.68,16.24
559,-17.43,-466.52,-97.68,11.11
560,-15.56,-460.88,-100.98,12.2
561,-22.79,-453.81,-104.66,2.81
562,4.66,-394.24,-106.31,1.09
563,-8.64,-416.16,-104.34,10.67
564,-18.57,-480.14,-101.49,16.23
565,-28.7,-504.88,-103.44,17.04
566,-33.57,-482.81,-105.71,8.35
567,-3.13,-468.37,-104.29,7.74
568,-25.15,-460.35,-104.55,0.73
569,-29.59,-461.95,-102.81,11.31
570,-44.53,-454.23,-108.46,13.21
571,33.7,-482.39,-116.5,3.23
572,-11.14,-472.32,-108.08,6.32
573,-12.03,-466.59,-102.3,11.27
574,-1.78,-471.72,-104.89,12.75
575,-48.66,-467.71,-107.57,8.8
576,-33.64,-473.15,-102.83,8.73
577,17.05,-424.31,-105.78,5.89
578,16.47,-416.43,-107.37,2.79
579,-17.59,-468.57,-102.82,15.39
580,-15.95,-441.12,-104.85,7.2
581,-15.83,-450.09,-102.37,6.77
582,-17.7,-445.66,-107.22,7.0
583,-107.74,-446.25,-103.61,10.78
584,37.67,-459.48,-112.37,9.04
585,5.97,-429.31,-110.55,4.77
586,8.29,-456.24,-110.28,5.31
587,3.16,-460.49,-106.95,4.93
588,-31.5,-459.76,-104.06,4.87
589,-91.83,-448.57,-104.42,2.28
590,71.21,-431.87,-108.54,1.64
591,-7.3,-460.22,-105.11,8.77
592,-9.18,-467.69,-108.56,2.82
593,-7.36,-457.14,-106.86,5.99
594,-63.41,-445.67,-103.93,10.32
595,4.69,-467.41,-97.98,9.32
596,-57.26,-457.97,-103.34,3.11
597,45.16,-401.37,-114.0,-4.11
598,-1.69,-480.53,-110.43,0.53
599,-11.97,-473.22,-104.58,6.77
600,-13.07,-468.36,-108.12,10.26
601,-31.69,-469.85,-107.53,4.88
602,-8.08,-461.92,-105.86,10.87
603,-33.34,-476.44,-106.05,7.12
604,-20.29,-462.98,-106.4,8.62
605,-37.58,-463.84,-103.44,8.18
606,1.54,-450.59,-112.35,7.58
607,-85.05,-481.33,-103.33,14.25
608,-30.0,-481.04,-95.21,20.84
609,-5.43,-484.6,-94.96,15.5
610,-4.26,-474.57,-107.48,13.32
611,-32.66,-459.68,-97.85,15.63
612,-1.14,-477.27,-104.45,12.56
613,-6.7,-474.85,-103.42,11.83
614,-31.75,-422.38,-102.88,15.35
615,21.28,-449.18,-110.59,9.46
616,-0.15,-500.69,-104.26,10.92
617,-8.28,-483.12,-99.15,10.78
618,-12.28,-466.33,-101.61,9.11
619,-29.07,-442.99,-95.81,9.72
620,-26.99,-486.47,-97.79,11.86
621,-5.42,-459.79,-102.64,11.01
622,1.02,-485.77,-104.63,9.28
623,-10.21,-491.41,-109.23,9.46
624,-19.1,-460.25,-101.79,5.41
625,-32.09,-467.76,-102.11,9.09
626,2.28,-472.68,-106.81,14.36
627,-12.01,-488.68,-104.51,14.02
628,-25.89,-513.62,-101.52,13.82
629,-60.04,-484.7,-97.52,12.38
630,-7.95,-462.35,-107.12,9.54
631,11.79,-491.84,-108.49,6.3
632,-24.85,-441.01,-108.58,13.86
633,-22.37,-501.44,-100.16,6.66
634,7.55,-471.67,-92.38,12.96
635,-33.29,-466.41,-86.88,8.23
636,1.33,-464.49,-83.9,5.79
637,-19.27,-453.91,-76.18,10.57
638,-4.25,-453.05,-77.57,9.25
639,-61.66,-469.67,-75.77,8.19
640,11.09,-431.76,-81.35,5.86
641,-4.6,-434.54,-80.33,7.78
642,-20.85,-471.3,-82.24,11.2
643,-38.47,-449.71,-80.15,9.95
644,20.13,-430.29,-83.75,10.09
645,-6.61,-477.94,-82.51,13.18
646,-33.85,-466.96,-86.97,10.02
647,-68.53,-490.76,-87.25,10.53
648,34.65,-466.44,-96.21,7.13
649,13.28,-494.77,-93.66,-1.04
650,-7.76,-465.23,-93.68,8.65
651,-27.56,-484.36,-87.09,11.74
652,-10.45,-483.85,-90.55,9.34
653,-13.72,-479.7,-90.83,6.96
654,-23.41,-472.48,-91.75,7.95
655,-29.57,-472.5,-94.65,9.4
656,-59.36,-450.87,-99.35,12.9
657,37.28,-455.64,-99.53,16.49
658,0.84,-447.14,-102.57,16.35
659,-7.67,-487.59,-100.19,16.82
660,-18.97,-469.98,-99.69,13.41
661,-24.43,-461.4,-94.17,14.85
662,-30.66,-468.71,-100.07,14.11
663,-58.64,-427.94,-100.61,15.05
664,48.32,-415.42,-99.51,5.65
665,-7.34,-488.64,-99.78,14.98
666,-9.7,-472.09,-100.69,16.12
667,-16.45,-480.37,-99.99,18.24
668,-28.59,-471.52,-101.02,8.4
669,-18.58,-471.09,-100.95,10.9
670,-24.69,-463.22,-105.15,11.12
671,-19.67,-457.81,-104.21,14.46
672,-44.73,-446.29,-105.8,16.82
673,-7.82,-432.62,-107.75,9.88
674,-7.02,-470.39,-101.7,13.5
675,-26.13,-477.3,-96.67,14.38
676,-46.55,-478.68,-96.66,17.39
677,-18.96,-453.65,-101.89,13.58
678,-27.16,-459.33,-97.45,8.1
679,28.89,-462.31,-101.04,4.33
680,-3.75,-463.41,-107.62,6.41
681,-24.14,-461.8,-101.4,5.33
682,-2.49,-435.52,-99.51,3.94
683,-34.87,-461.59,-100.17,9.11
684,-21.94,-448.64,-95.93,9.41
685,-16.51,-496.73,-96.84,10.46
686,-10.31,-484.6,-102.41,6.7
687,-10.38,-465.05,-103.25,7.5
688,-23.61,-449.05,-102.95,6.79
689,-21.11,-471.51,-104.31,5.36
690,-60.17,-465.88,-94.99,-0.95
691,-26.77,-449.14,-99.86,8.58
692,6.89,-476.56,-100.73,4.24
693,-14.06,-446.17,-98.0,5.22
694,-20.75,-433.03,-96.11,4.2
695,-11.64,-472.54,-97.8,-0.63
696,-22.73,-470.32,-102.26,1.3
697,13.63,-452.49,-94.19,6.93
698,-14.68,-443.4,-99.7,1.97
699,-36.05,-455.27,-96.15,0.84
700,-29.29,-478.32,-100.47,5.5
701,9.28,-482.41,-100.56,-2.5
702,-10.83,-491.28,-109.02,-0.24
703,-24.12,-467.63,-96.79,3.55
704,-61.18,-482.18,-100.23,2.68
705,27.43,-466.26,-102.36,-2.41
706,-21.8,-450.98,-100.23,5.13
707,-0.93,-454.22,-102.45,4.93
708,-24.52,-504.36,-97.66,4.41
709,-21.68,-476.01,-99.51,6.36
710,-13.38,-439.66,-100.18,4.7
711,-20.32,-464.39,-104.72,4.35
712,-23.32,-480.21,-100.02,5.14
713,-11.43,-462.43,-109.68,7.04
714,-11.03,-457.59,-104.18,4.17
715,-19.11,-460.7,-103.74,5.31
716,-41.52,-472.18,-96.35,0.9
717,-69.25,-454.38,-97.73,0.95
718,-18.3,-448.23,-98.28,10.51
719,-11.91,-452.38,-106.84,-0.06
720,21.67,-504.0,-107.25,4.33
721,-7.22,-451.19,-105.01,4.62
722,-5.45,-468.56,-107.22,5.48
723,-7.18,-455.71,-107.58,5.8
724,-23.05,-466.95,-106.13,2.32
725,-67.67,-441.64,-105.03,5.88
726,-60.7,-444.15,-98.45,10.4
727,30.98,-485.14,-110.95,13.18
728,4.98,-421.19,-104.29,15.4
729,-17.0,-524.01,-104.98,11.3
730,-17.24,-498.15,-107.97,10.65
731,-11.49,-445.96,-113.15,14.65
732,-4.71,-449.7,-108.8,11.53
733,-20.94,-472.61,-107.9,11.75
734,-22.5,-436.57,-107.56,8.39
735,-11.33,-466.06,-106.29,9.97
736,-22.88,-467.42,-102.99,9.75
737,-29.34,-456.67,-101.47,11.65
738,-30.96,-452.79,-99.44,7.06
739,-21.71,-455.28,-104.86,12.76
740,-12.91,-468.16,-109.15,11.99
741,-24.63,-433.57,-103.01,10.62
742,-39.72,-500.81,-102.02,14.28
743,-108.37,-472.83,-99.11,16.57
744,82.19,-385.01,-111.09,14.96
745,18.19,-467.78,-106.73,5.61
746,-27.52,-494.24,-107.25,6.11
747,-20.46,-477.98,-103.81,8.93
748,-3.06,-468.78,-109.9,13.4
749,-22.11,-480.89,-108.59,11.58
750,-20.78,-471.25,-107.14,9.47
751,-28.88,-473.56,-101.81,7.27
752,-45.38,-474.73,-99.72,7.26
753,-46.39,-366.91,-106.38,8.67
754,-16.35,-521.64,-110.96,13.63
755,26.21,-464.84,-111.44,13.03
756,10.04,-458.17,-114.81,16.11
757,-12.54,-468.53,-104.7,19.29
758,-24.58,-471.92,-106.56,13.41
759,-8.08,-472.35,-107.36,11.51
760,-20.93,-467.94,-104.56,11.2
761,-17.85,-460.47,-105.43,12.53
762,-20.63,-465.34,-106.94,17.14
763,-20.45,-463.92,-104.76,13.11
764,-34.81,-457.26,-103.8,17.58
765,-39.14,-464.12,-96.06,13.55
766,-13.14,-458.55,-101.96,17.96
767,-97.39,-460.08,-104.17,16.6
768,40.83,-427.07,-110.43,13.69
769,25.09,-438.76,-110.52,16.87
770,-10.42,-438.29,-107.58,16.43
771,-4.95,-467.94,-110.37,15.41
772,-12.86,-460.41,-109.36,12.66
773,-30.02,-466.31,-103.2,9.51
774,-65.75,-485.97,-105.64,14.82
775,-108.27,-438.47,-103.51,17.91
776,35.78,-446.19,-112.4,2.1
777,32.51,-464.65,-109.9,9.48
778,-3.34,-390.18,-103.22,15.97
779,5.18,-479.71,-114.96,13.45
780,-13.76,-481.24,-107.92,16.96
781,-15.35,-435.28,-110.59,13.03
782,-44.36,-503.82,-102.23,14.77
783,-14.81,-485.48,-108.47,14.2
784,-15.85,-463.09,-114.96,12.23
785,-16.27,-475.16,-117.34,13.15
786,-20.21,-443.09,-115.12,14.64
787,-2.34,-421.05,-117.06,11.73
788,-21.42,-486.76,-112.89,16.96
789,-27.57,-483.06,-113.13,15.27
790,-21.45,-432.67,-112.27,15.16
791,-35.25,-418.31,-108.75,7.55
792,-87.74,-502.51,-108.64,19.84
793,44.9,-474.64,-119.09,16.93
794,-38.53,-452.71,-107.76,20.17
795,-8.72,-484.41,-117.31,16.93
796,12.28,-480.49,-119.65,13.6
797,-34.58,-446.67,-113.57,13.1
798,-26.55,-497.03,-111.66,11.86
799,-7.97,-489.89,-111.47,14.58
800,-0.01,-465.31,-119.66,14.3
801,-22.47,-455.72,-114.06,13.02
802,-37.2,-433.83,-113.79,5.96
803,2.61,-458.63,-113.87,11.46
804,-12.76,-448.29,-113.57,4.45
805,-25.11,-455.75,-112.48,15.99
806,2.27,-479.59,-111.33,17.18
807,-29.05,-455.73,-108.54,15.13
808,-11.92,-473.69,-117.68,15.47
809,-29.47,-467.03,-118.29,11.85
810,0.56,-441.14,-115.6,13.23
811,-38.27,-455.85,-107.48,18.21
812,15.17,-464.71,-107.22,12.92
813,-22.73,-494.29,-109.65,16.2
814,-36.1,-465.22,-104.08,11.18
815,-67.84,-463.12,-104.58,11.57
816,18.72,-483.76,-111.13,14.6
817,0.59,-466.2,-111.5,19.9
818,-13.51,-447.69,-107.92,13.69
819,-41.74,-437.26,-108.06,13.55
820,-16.05,-454.13,-110.31,11.71
821,-4.53,-460.39,-109.7,14.54
822,-24.34,-461.5,-111.11,11.53
823,-3.17,-436.6,-111.96,11.96
824,-13.97,-479.31,-112.0,10.75
825,-32.05,-448.72,-106.68,10.26
826,-0.38,-465.68,-107.89,11.06
827,-15.79,-472.78,-111.3,13.16
828,-25.89,-449.03,-102.89,14.34
829,-60.08,-451.2,-103.31,11.82
830,-17.59,-466.41,-103.73,14.06
831,1.18,-436.86,-109.94,10.34
832,13.59,-444.43,-111.74,12.05
833,-10.49,-467.67,-114.11,15.34
834,-12.66,-453.14,-110.38,13.09
835,-57.66,-476.45,-105.31,10.68
836,0.84,-420.94,-114.13,3.56
837,11.62,-438.2,-107.86,11.1
838,-12.86,-473.12,-112.1,7.88
839,-28.63,-492.16,-112.03,13.54
840,-28.44,-489.2,-112.76,7.41
841,-22.75,-479.35,-108.43,9.95
842,-42.2,-442.03,-110.76,11.7
843,-20.07,-455.72,-107.36,10.7
844,17.95,-425.27,-105.05,5.46
845,-25.67,-485.7,-108.26,7.06
846,-17.93,-407.12,-104.01,7.31
847,9.22,-450.88,-111.93,8.68
848,-15.62,-495.64,-108.29,15.44
849,-22.38,-480.75,-110.69,12.49
850,-14.9,-452.68,-107.01,16.13
851,-89.1,-432.17,-101.49,16.54
852,17.28,-483.58,-108.36,10.11
853,14.51,-468.98,-112.43,5.96
854,-6.65,-468.67,-103.25,24.6
855,-20.43,-474.1,-112.8,14.79
856,-31.9,-470.68,-105.79,12.17
857,-0.56,-449.03,-111.81,13.66
858,-15.76,-445.37,-107.81,15.39
859,-33.36,-449.7,-106.05,12.43
860,-60.76,-471.92,-102.58,17.14
861,11.89,-494.91,-104.99,10.07
862,-31.6,-463.9,-109.72,11.64
863,4.76,-468.15,-112.58,19.2
864,-8.54,-439.46,-109.87,17.67
865,-10.94,-476.01,-108.61,14.83
866,-39.75,-466.65,-108.31,9.82
867,-14.74,-459.61,-106.19,12.02
868,-13.62,-478.31,-106.4,5.84
869,1.81,-461.41,-104.42,16.91
870,17.5,-440.78,-110.07,6.18
871,-7.77,-476.97,-109.27,14.09
872,-10.26,-490.26,-108.39,9.28
873,-21.81,-478.22,-101.08,10.42
874,-2.82,-458.99,-105.1,11.13
875,-18.14,-462.88,-107.64,7.81
876,-41.41,-463.09,-104.88,12.83
877,-3.32,-469.94,-102.52,13.96
878,1.45,-463.19,-106.51,17.49
879,-23.12,-463.24,-105.34,10.45
880,-2.77,-471.96,-100.87,15.38
881,-34.41,-461.4,-102.24,14.68
882,-1.58,-462.92,-104.86,15.13
883,-7.92,-468.16,-108.39,15.65
884,-38.26,-449.32,-105.27,17.15
885,-74.17,-403.87,-102.47,13.75
886,66.47,-457.64,-114.75,12.07
887,-2.25,-463.39,-104.89,18.79
888,0.29,-463.98,-101.2,15.1
889,-55.57,-474.95,-102.12,10.0
890,25.33,-499.59,-105.23,12.67
891,-5.0,-460.92,-98.48,18.64
892,-13.22,-479.84,-101.8,18.45
893,-15.29,-478.43,-106.77,15.2
894,-25.72,-460.37,-101.06,15.86
895,-41.17,-466.88,-97.59,14.22
896,-11.82,-462.36,-105.99,15.3
897,-2.07,-433.43,-109.01,14.12
898,-8.9,-415.74,-107.61,15.91
899,-34.27,-463.45,-108.72,18.75
900,2.14,-481.32,-109.96,14.39
901,-27.57,-443.72,-110.33,11.2
902,8.17,-486.27,-105.54,15.71
903,-1.97,-481.69,-103.92,17.11
904,-10.36,-467.97,-107.99,18.69
905,-15.15,-469.78,-104.99,14.7
906,-22.55,-470.52,-103.94,16.75
907,-24.12,-460.81,-100.82,10.28
908,-32.3,-466.0,-104.14,14.97
909,-68.68,-434.1,-105.89,17.54
910,-33.29,-407.65,-109.26,16.74
911,12.67,-467.28,-115.28,11.56
912,45.71,-492.91,-110.36,13.16
913,-16.94,-460.03,-109.67,18.94
914,-2.73,-456.4,-103.08,23.11
915,-11.7,-497.12,-105.11,20.54
916,-20.86,-484.24,-106.45,18.04
917,-23.91,-467.41,-103.82,19.27
918,-35.44,-465.28,-103.26,15.98
919,-47.37,-466.93,-99.15,10.9
920,-44.18,-437.97,-98.51,14.35
921,-17.63,-434.97,-106.83,11.65
922,39.37,-470.44,-107.57,22.6
923,-8.79,-458.64,-104.65,17.94
924,-6.31,-465.27,-110.62,25.14
925,-15.09,-479.24,-107.67,19.19
926,-21.49,-451.75,-107.55,19.69
927,-28.7,-495.55,-101.39,18.67
928,-30.82,-477.68,-102.17,14.51
929,-15.95,-461.25,-109.07,11.24
930,-6.36,-452.57,-106.64,9.88
931,-11.72,-463.15,-103.89,13.34
932,-28.63,-452.7,-104.72,14.88
933,-41.27,-461.03,-106.3,19.14
934,-16.12,-457.81,-108.83,23.7
935,-35.74,-458.76,-112.29,18.9
936,-84.74,-434.41,-107.03,19.31
937,8.02,-464.13,-101.86,13.66
938,47.48,-438.08,-106.06,15.04
939,3.6,-480.07,-107.04,17.87
940,-1.2,-469.75,-106.84,19.89
941,-22.56,-490.79,-108.92,18.92
942,-20.57,-473.26,-105.94,16.63
943,-11.39,-462.36,-102.98,16.92
944,-18.49,-444.65,-100.82,18.26
945,-12.81,-453.09,-102.35,13.69
946,-27.13,-480.03,-95.04,16.42
947,-58.75,-452.99,-95.23,15.4
948,-16.38,-431.13,-104.07,18.43
949,-55.8,-475.77,-105.59,17.5
950,53.54,-477.58,-110.28,17.61
951,-5.48,-476.96,-108.19,15.24
952,-21.82,-486.0,-102.32,16.93
953,-1.67,-466.96,-107.88,16.7
954,-14.48,-461.41,-102.44,20.6
955,-24.8,-465.66,-99.94,20.75
956,-32.19,-473.34,-97.91,17.7
957,-30.69,-461.5,-99.21,13.38
958,-9.3,-453.66,-101.69,12.48
959,-15.86,-448.02,-103.16,17.76
960,-33.87,-380.42,-90.12,19.6
961,-11.7,-463.62,-103.42,14.09
962,6.71,-500.77,-99.21,17.83
963,-41.91,-494.22,-98.56,18.78
964,-12.13,-457.1,-103.69,19.26
965,-7.13,-477.15,-99.91,16.29
966,-12.44,-467.07,-105.2,14.8
967,-24.12,-418.67,-104.26,21.57
968,6.16,-403.2,-103.67,14.55
969,12.86,-348.1,-106.01,15.14
970,-31.68,-484.27,-101.73,22.67
971,-54.79,-569.27,-92.12,22.06
972,-25.78,-504.17,-98.7,19.88
973,-51.39,-472.55,-93.72,20.59
974,0.74,-473.02,-101.2,17.46
975,-21.31,-480.3,-103.22,17.41
976,-60.18,-484.87,-100.93,23.69
977,47.34,-465.63,-101.64,18.43
978,-21.43,-472.52,-99.82,17.51
979,-14.49,-479.12,-103.38,17.48
980,-3.0,-452.85,-103.14,14.3
981,-14.87,-459.05,-104.03,17.42
982,-29.28,-464.93,-101.3,15.67
983,-15.18,-458.81,-99.25,18.1
984,-23.29,-458.7,-104.57,17.98
985,-35.44,-453.29,-102.64,17.67
986,-8.65,-469.06,-104.41,17.24
987,-42.43,-456.38,-100.52,14.65
988,-52.03,-476.12,-99.37,18.17
989,-0.19,-454.47,-107.97,15.95
990,15.48,-463.21,-105.81,14.17
991,-30.45,-451.81,-104.98,14.64
992,10.66,-440.08,-103.99,10.04
993,-4.74,-441.67,-105.34,6.67
994,-21.76,-464.65,-103.86,13.37
995,-43.32,-515.84,-102.65,17.03
996,-31.96,-491.58,-101.87,18.36
997,-13.08,-460.83,-105.6,14.04
998,6.3,-479.35,-106.28,16.79
999,-10.64,-489.29,-105.27,16.13
1000,-14.74,-469.3,-101.08,16.96
1001,-14.33,-413.34,-99.72,14.25
1002,-25.67,-471.87,-98.47,13.29
1003,-25.57,-489.26,-102.54,19.48
1004,-16.59,-480.05,-106.03,14.64
1005,-15.93,-468.73,-104.4,14.71
1006,-31.66,-454.75,-100.19,10.23
1007,1.05,-454.31,-100.11,12.62
1008,-74.96,-460.77,-97.51,16.38
1009,10.67,-445.74,-101.67,17.96
1010,-1.86,-469.94,-103.29,19.46
1011,-13.85,-466.79,-105.53,15.77
1012,-14.1,-485.69,-109.02,12.64
1013,-42.32,-475.18,-100.38,17.47
1014,-10.08,-442.1,-100.03,15.29
1015,3.12,-465.99,-105.37,14.37
1016,-7.66,-455.47,-103.05,16.64
1017,-1.76,-458.3,-103.65,16.74
1018,-22.5,-494.93,-104.69,13.73
1019,-25.02,-474.95,-105.58,19.6
1020,-18.74,-472.01,-100.24,19.36
1021,-17.41,-455.56,-104.61,19.32
1022,-40.74,-467.24,-108.72,26.6
1023,15.55,-459.64,-110.36,23.43
1024,-53.09,-420.61,-101.78,19.82
1025,-60.18,-473.8,-102.7,24.13
1026,45.57,-467.84,-111.56,18.12
1027,1.27,-468.74,-106.84,18.92
1028,-16.63,-490.64,-107.02,24.91
1029,-3.59,-483.92,-114.07,19.72
1030,-6.95,-475.12,-109.44,19.82
1031,-24.84,-477.59,-107.33,16.52
1032,-17.15,-468.54,-107.52,21.04
1033,-106.7,-473.16,-102.06,27.03
1034,-17.56,-466.14,-102.52,25.5
1035,28.55,-462.55,-114.64,19.71
1036,4.55,-471.28,-105.94,25.98
1037,-2.64,-457.88,-104.54,24.51
1038,9.99,-446.99,-112.46,24.62
1039,-5.1,-439.17,-113.67,22.55
1040,-11.57,-450.82,-112.34,22.68
1041,-19.19,-460.66,-109.1,21.35
1042,-26.53,-493.72,-110.14,21.02
1043,-46.92,-436.46,-104.28,19.23
1044,-70.68,-485.08,-106.56,17.7
1045,-27.05,-505.68,-109.57,14.92
1046,55.57,-452.43,-116.42,18.62
1047,-12.3,-475.45,-111.74,23.27
1048,-11.22,-460.54,-111.63,20.2
1049,-17.22,-446.82,-110.07,20.45
1050,-16.02,-483.78,-109.88,19.54
1051,-17.96,-443.56,-110.03,21.83
1052,-15.79,-451.44,-108.99,20.48
1053,-41.51,-484.84,-108.8,20.39
1054,-100.05,-478.23,-96.68,23.35
1055,-20.74,-445.12,-100.72,26.67
1056,37.63,-465.93,-109.51,21.84
1057,13.16,-451.53,-108.52,27.51
1058,-22.1,-477.33,-101.74,24.25
1059,-11.38,-476.45,-106.46,27.84
1060,-11.0,-461.37,-104.86,26.56
1061,-14.79,-462.54,-111.55,21.59
1062,-14.53,-459.13,-109.74,19.27
1063,-33.45,-468.39,-105.02,19.01
1064,-77.63,-417.21,-100.82,25.93
1065,5.31,-430.9,-104.16,22.24
1066,8.55,-504.06,-109.72,23.66
1067,-7.85,-483.68,-104.69,24.53
1068,0.12,-463.77,-104.99,20.39
1069,-18.81,-468.33,-99.64,20.09
1070,-14.45,-454.03,-99.92,23.8
1071,-18.9,-465.9,-100.02,22.66
1072,-56.87,-452.42,-97.16,22.48
1073,-10.19,-428.71,-97.59,23.9
1074,-10.67,-448.21,-99.4,17.89
1075,-40.61,-508.98,-100.5,26.03
1076,-4.09,-482.29,-100.45,26.44
1077,-27.72,-467.64,-102.45,22.13
1078,-32.96,-467.25,-99.82,22.5
1079,-21.88,-470.6,-102.88,24.7
1080,-42.64,-456.68,-97.88,22.2
1081,16.59,-451.89,-106.92,21.62
1082,-48.69,-459.08,-100.8,17.83
1083,5.05,-458.22,-105.98,22.93
1084,4.95,-448.72,-108.0,15.59
1085,-23.07,-483.5,-105.87,23.79
1086,-14.11,-489.8,-93.16,24.08
1087,-31.0,-465.74,-100.35,22.47
1088,-31.98,-456.93,-98.67,22.55
1089,-18.33,-462.4,-113.1,25.76
1090,-8.35,-470.64,-106.61,23.15
1091,1.94,-430.94,-113.44,21.8
1092,-12.56,-454.53,-108.1,23.26
1093,-47.65,-482.7,-107.47,22.76
1094,-48.64,-453.74,-102.97,20.1
1095,-7.77,-459.07,-101.84,18.41
1096,-3.2,-482.07,-100.73,23.86
1097,3.53,-454.27,-106.99,20.65
1098,-27.63,-468.03,-99.24,22.39
1099,-13.43,-466.78,-102.62,19.96
1100,-30.06,-473.7,-99.77,20.46
1101,-5.34,-430.14,-100.02,18.24
1102,-33.45,-481.56,-100.82,30.52
1103,-41.96,-477.52,-99.11,20.4
1104,-26.25,-466.99,-97.39,29.26
1105,17.25,-449.24,-105.26,22.12
1106,-31.18,-459.74,-102.48,22.35
1107,-5.19,-466.74,-103.0,20.23
1108,-23.48,-469.81,-99.39,17.5
1109,-24.12,-470.28,-99.62,21.61
1110,-7.61,-458.08,-103.81,25.3
1111,-40.58,-456.29,-102.52,21.84
1112,-77.91,-445.7,-102.46,21.77
1113,47.13,-447.29,-101.51,20.87
1114,-19.48,-397.82,-104.94,17.75
1115,19.51,-449.83,-105.61,21.26
1116,-21.25,-526.28,-103.47,23.36
1117,-40.5,-477.58,-99.32,20.83
1118,-0.38,-483.97,-100.53,18.02
1119,-24.21,-488.05,-100.97,24.68
1120,-23.31,-473.04,-93.7,25.25
1121,4.3,-460.71,-106.17,26.06
1122,-19.81,-473.33,-98.28,21.68
1123,-19.2,-468.85,-99.21,22.5
1124,-16.78,-465.81,-94.32,22.93
1125,-20.82,-434.02,-100.09,17.91
1126,-49.6,-441.33,-101.31,18.66
1127,-12.57,-477.62,-97.55,22.04
1128,-4.99,-472.12,-100.07,17.0
1129,-30.18,-462.46,-102.43,20.47
1130,-22.15,-492.68,-104.88,24.38
1131,-17.76,-447.07,-100.56,22.43
1132,15.79,-478.5,-100.75,21.91
1133,-14.18,-444.82,-104.07,19.37
1134,-37.15,-444.85,-106.14,24.76
1135,-22.55,-493.78,-99.85,26.85
1136,-25.73,-478.83,-94.68,20.85
1137,13.72,-452.47,-102.59,23.74
1138,-10.95,-458.16,-106.07,22.8
1139,-14.15,-457.1,-106.06,19.22
1140,-12.08,-450.84,-107.12,22.63
1141,-32.11,-461.8,-106.03,24.36
1142,-94.57,-447.75,-100.05,22.05
1143,29.64,-463.96,-105.8,16.63
1144,-10.2,-474.43,-97.01,17.3
1145,-5.83,-466.83,-99.84,26.04
1146,-7.3,-436.12,-107.68,13.5
1147,-2.79,-465.31,-103.37,12.74
1148,-29.66,-469.75,-107.79,16.96
1149,-10.29,-451.18,-105.55,17.55
1150,-24.23,-473.46,-108.57,18.34
1151,-28.4,-463.06,-105.04,16.13
1152,-32.8,-467.33,-102.28,11.01
1153,-21.72,-474.1,-106.02,15.33
1154,-3.08,-432.2,-118.2,17.81
1155,-56.91,-487.92,-107.46,17.33
1156,22.73,-460.29,-110.32,16.89
1157,-71.07,-434.67,-103.5,20.97
1158,8.53,-483.19,-108.13,19.52
1159,-7.97,-488.44,-109.24,19.04
1160,-51.17,-479.59,-104.45,12.95
1161,17.01,-452.72,-108.64,17.72
1162,7.24,-430.49,-111.63,20.07
1163,-10.88,-479.8,-109.38,23.53
1164,-20.74,-478.05,-110.51,24.64
1165,-24.7,-466.24,-115.66,23.28
1166,-22.05,-479.31,-111.39,22.97
1167,-44.75,-436.14,-108.26,24.12
1168,-21.66,-436.75,-106.72,15.17
1169,-15.0,-468.18,-112.58,20.76
1170,10.43,-444.32,-115.13,17.97
1171,-21.02,-490.68,-111.74,16.79
1172,-24.64,-470.34,-111.27,14.04
1173,-27.13,-474.95,-113.07,15.96
1174,-0.51,-463.63,-117.84,17.18
1175,-26.62,-458.61,-108.86,20.61
1176,-34.34,-462.75,-109.35,24.13
1177,-30.35,-472.72,-104.31,24.95
1178,-10.31,-464.67,-109.8,22.24
1179,19.7,-454.53,-116.83,19.91
1180,-3.72,-434.6,-109.43,24.23
1181,-3.61,-383.0,-106.89,19.48
1182,-23.05,-515.99,-100.39,23.39
1183,-37.92,-463.26,-110.22,21.31
1184,-39.44,-483.84,-110.32,21.76
1185,-29.82,-476.05,-102.41,19.65
1186,-36.47,-462.09,-106.03,21.99
1187,11.99,-444.87,-112.12,24.13
1188,-7.3,-464.2,-105.48,24.7
1189,-8.06,-472.74,-115.07,24.09
1190,-5.41,-448.95,-113.22,22.3
1191,-26.75,-476.01,-106.83,24.27
1192,-55.31,-469.3,-102.06,21.64
1193,-78.55,-447.61,-101.79,23.54
1194,22.33,-455.62,-107.48,18.99
1195,21.98,-454.9,-101.97,21.61
1196,-1.76,-444.21,-108.43,20.53
1197,-2.01,-413.24,-113.56,20.68
1198,-18.07,-497.26,-107.29,26.1
1199,-12.29,-475.05,-110.53,23.93
1200,-33.41,-476.05,-106.92,24.11
1201,-13.49,-483.57,-105.85,28.58
1202,-22.53,-479.23,-104.99,26.5
1203,-18.99,-469.67,-99.96,23.13
1204,-26.22,-464.98,-101.32,21.87
1205,-60.29,-471.12,-105.06,19.2
1206,-12.12,-452.54,-107.53,26.09
1207,-7.07,-449.8,-104.35,19.57
1208,-13.16,-470.32,-109.59,20.91
1209,-2.82,-465.36,-109.55,23.05
1210,-9.57,-455.17,-107.35,23.81
1211,-26.12,-461.33,-112.5,20.44
1212,1.71,-456.45,-108.94,17.36
1213,-51.37,-439.25,-99.6,20.18
1214,-14.8,-445.62,-96.93,20.41
1215,6.11,-467.04,-109.44,18.01
1216,-19.89,-491.59,-105.05,22.57
1217,-42.92,-469.58,-104.74,21.17
1218,-10.12,-479.16,-102.65,19.98
1219,-17.03,-466.25,-106.15,17.39
1220,-8.63,-430.87,-109.83,19.47
1221,5.67,-461.09,-111.16,17.79
1222,-8.04,-480.16,-112.07,18.89
1223,-30.03,-465.13,-113.1,22.85
1224,-86.38,-456.04,-110.79,23.99
1225,21.78,-443.45,-106.04,18.69
1226,-2.23,-462.94,-111.4,23.63
1227,8.03,-466.22,-115.09,25.14
1228,-9.85,-450.4,-110.7,21.0
1229,-22.33,-481.52,-110.82,22.76
1230,-4.44,-455.15,-117.2,21.63
1231,-12.82,-459.33,-111.29,23.46
1232,-17.06,-466.0,-107.91,22.76
1233,-26.7,-461.02,-109.68,25.27
1234,-19.02,-448.42,-112.32,20.41
1235,-21.58,-456.91,-110.97,18.13
1236,-35.76,-453.4,-109.91,23.7
1237,-85.8,-456.63,-104.26,20.38
1238,-16.88,-443.11,-104.26,16.77
1239,42.65,-425.91,-113.32,11.92
1240,19.75,-444.6,-106.95,15.76
1241,-15.4,-497.95,-106.58,16.47
1242,-23.35,-497.43,-106.23,15.26
1243,-21.31,-467.59,-104.64,18.68
1244,-18.46,-460.51,-106.11,18.99
1245,-24.7,-476.52,-105.24,19.55
1246,-14.73,-465.8,-105.41,17.71
1247,-11.77,-454.75,-109.1,11.71
1248,-13.28,-455.55,-111.97,16.78
1249,-11.89,-451.75,-113.38,17.83
1250,-87.97,-463.2,-101.49,19.57
1251,-10.64,-461.92,-106.01,17.35
1252,21.24,-406.22,-110.38,11.15
1253,24.44,-456.76,-102.54,14.51
1254,-16.03,-472.99,-105.96,13.73
1255,-21.48,-510.31,-105.06,15.96
1256,-20.25,-484.85,-102.28,16.81
1257,-18.92,-479.27,-107.4,14.66
1258,-25.24,-478.36,-105.31,8.53
1259,-31.82,-479.73,-95.51,8.17
1260,-33.57,-470.5,-99.27,11.1
1261,-21.67,-454.44,-106.73,14.0
1262,-81.68,-457.47,-105.42,13.44
1263,-14.58,-425.77,-103.31,11.58
1264,46.69,-472.46,-102.75,7.83
1265,-34.21,-443.59,-109.68,9.85
1266,24.26,-421.67,-106.44,10.63
1267,-28.54,-519.97,-107.44,15.1
1268,-12.78,-458.15,-109.23,13.91
1269,14.44,-440.88,-112.94,15.03
1270,-22.54,-447.64,-111.92,10.39
1271,-35.44,-470.33,-104.45,16.35
1272,-18.43,-517.13,-111.06,22.34
1273,-16.16,-480.61,-106.32,19.11
1274,-24.87,-462.63,-101.19,18.05
1275,-114.86,-473.9,-104.75,20.72
1276,57.27,-471.46,-109.85,12.72
1277,3.82,-469.12,-109.27,14.59
1278,-20.8,-463.03,-106.36,18.9
1279,7.23,-472.9,-105.08,16.06
1280,-42.43,-461.67,-103.98,17.32
1281,12.22,-470.01,-107.59,19.7
1282,-29.21,-448.5,-109.69,20.49
1283,-11.35,-482.14,-103.09,20.42
1284,-9.73,-467.58,-105.91,17.49
1285,-16.32,-469.89,-104.14,13.05
1286,-19.36,-471.7,-106.56,17.55
1287,-20.15,-460.95,-105.03,19.08
1288,-18.11,-462.26,-107.42,17.57
1289,-15.87,-471.26,-109.28,16.4
1290,-50.93,-462.61,-103.41,15.2
1291,-10.9,-411.9,-107.06,18.92
1292,2.59,-441.69,-114.04,15.39
1293,-16.28,-487.91,-106.85,17.6
1294,-16.56,-483.81,-111.16,15.95
1295,-24.69,-464.99,-109.6,16.58
1296,-32.4,-480.52,-109.01,16.91
1297,-40.59,-441.02,-104.45,24.03
1298,-26.61,-416.31,-104.71,20.36
1299,-59.63,-508.41,-101.84,23.83
1300,36.19,-456.05,-108.22,18.22
1301,17.57,-455.89,-106.19,18.85
1302,9.07,-476.92,-114.15,22.85
1303,-11.72,-490.12,-104.71,23.92
1304,-11.84,-466.03,-104.95,24.6
1305,-18.09,-467.31,-104.35,23.1
1306,-20.97,-458.98,-100.15,18.2
1307,-14.97,-449.1,-103.62,16.83
1308,-13.67,-468.29,-100.38,16.71
1309,-19.1,-471.62,-104.7,19.73
1310,-23.98,-466.15,-108.99,18.73
1311,-35.69,-457.69,-105.66,17.88
1312,-29.27,-465.79,-104.83,21.51
1313,-14.06,-475.16,-109.51,22.83
1314,-32.02,-460.78,-102.98,19.34
1315,10.82,-464.76,-107.16,17.58
1316,-12.14,-464.38,-111.16,18.84
1317,-15.66,-433.46,-107.06,13.69
1318,-66.85,-441.98,-98.45,20.58
1319,-1.19,-449.93,-101.8,16.09
1320,-7.6,-494.7,-106.94,20.01
1321,-31.41,-480.32,-101.38,22.04
1322,9.66,-455.91,-109.32,16.76
1323,-11.22,-455.6,-108.42,21.45
1324,-19.22,-465.27,-99.44,20.56
1325,-43.01,-463.11,-101.7,18.58
1326,1.43,-450.08,-104.66,18.56
1327,4.82,-452.99,-100.56,24.78
1328,-26.63,-468.18,-99.79,25.91
1329,-29.39,-474.81,-101.88,19.97
1330,-24.28,-458.38,-102.25,20.09
1331,3.12,-445.89,-99.41,20.2
1332,-19.58,-456.5,-103.34,17.61
1333,-48.87,-477.14,-103.85,20.94
1334,-36.44,-456.82,-106.47,16.96
1335,29.59,-428.11,-104.54,17.42
1336,7.06,-404.05,-109.99,5.7
1337,-19.95,-459.58,-101.8,14.15
1338,-32.12,-485.55,-103.42,18.97
1339,-13.91,-495.04,-109.18,17.69
1340,-22.75,-471.82,-105.83,17.21
1341,-67.97,-451.94,-99.44,17.0
1342,10.98,-475.69,-99.13,19.39
1343,-20.61,-477.86,-104.96,17.74
1344,-2.49,-467.33,-100.89,15.82
1345,-27.68,-473.08,-100.0,17.29
1346,-12.46,-460.16,-102.13,16.73
1347,-17.3,-455.81,-106.56,14.97
1348,1.83,-467.27,-103.78,11.13
1349,-9.58,-469.46,-100.51,17.04
1350,-23.67,-462.84,-103.76,17.6
1351,-26.08,-462.06,-101.17,19.77
1352,-13.92,-471.9,-100.53,19.21
1353,-40.3,-463.34,-101.24,22.0
1354,-10.97,-462.23,-99.66,15.32
1355,-11.03,-469.32,-104.46,23.87
1356,-10.89,-470.88,-105.71,22.87
1357,-23.12,-458.82,-99.74,22.08
1358,-62.16,-463.26,-99.77,20.98
1359,-34.51,-416.99,-104.89,28.64
1360,23.24,-438.75,-107.9,24.94
1361,-23.15,-513.53,-104.64,26.81
1362,15.09,-471.87,-106.13,22.59
1363,-32.51,-472.15,-106.12,26.46
1364,-11.72,-493.16,-107.66,19.35
1365,-9.66,-481.37,-110.59,23.52
1366,-19.68,-450.19,-113.85,20.91
1367,-48.58,-450.7,-109.39,25.51
1368,13.73,-467.18,-109.07,24.17
1369,-12.93,-477.61,-107.82,20.97
1370,-29.28,-468.98,-107.01,17.09
1371,-19.37,-462.65,-107.12,19.6
1372,-19.28,-457.81,-106.16,20.83
1373,-45.02,-453.62,-109.23,21.53
1374,8.99,-460.37,-107.94,12.8
1375,-17.86,-490.67,-104.67,18.34
1376,-13.17,-483.57,-112.02,18.33
1377,-25.39,-466.38,-109.39,12.77
1378,-33.58,-455.13,-105.0,14.89
1379,-51.34,-474.58,-101.96,13.19
1380,-3.97,-475.29,-102.03,14.54
1381,11.49,-434.23,-109.25,15.99
1382,-18.54,-478.85,-102.26,13.34
1383,-10.97,-483.29,-107.07,16.14
1384,-9.34,-455.12,-105.21,16.38
1385,-17.91,-450.2,-101.44,13.62
1386,-24.71,-449.66,-99.39,15.24
1387,-38.37,-454.43,-99.12,13.17
1388,-13.87,-484.41,-100.16,14.9
1389,-8.33,-480.27,-101.67,21.57
1390,-11.88,-455.99,-102.16,16.11
1391,-17.36,-453.91,-104.52,13.94
1392,-86.92,-450.95,-102.04,14.08
1393,26.96,-481.37,-106.77,15.08
1394,-9.92,-474.58,-101.53,17.84
1395,-22.3,-484.33,-100.06,19.09
1396,-48.19,-482.5,-104.49,17.4
1397,-67.04,-468.81,-105.73,17.73
1398,41.3,-455.81,-109.08,17.68
1399,3.64,-450.91,-101.72,22.56
1400,-8.57,-419.43,-105.44,19.95
1401,-15.94,-490.89,-107.85,21.97
1402,-17.21,-499.79,-107.65,21.12
1403,-22.99,-481.14,-104.83,23.32
1404,-60.5,-462.26,-97.69,22.23
1405,-0.65,-465.95,-103.64,20.26
1406,-10.65,-450.76,-105.12,22.34
1407,-15.88,-425.42,-106.83,22.48
1408,-5.18,-476.45,-105.5,19.28
1409,-74.14,-505.7,-102.41,19.12
1410,20.8,-443.7,-105.95,20.95
1411,-6.42,-473.14,-105.99,23.81
1412,-43.86,-490.31,-99.07,30.35
1413,-17.07,-455.96,-103.48,26.99
1414,-0.41,-452.2,-107.27,24.84
1415,-30.8,-432.56,-104.12,21.07
1416,-33.49,-504.88,-100.97,28.03
1417,-7.58,-480.29,-105.11,23.36
1418,-1.03,-461.16,-105.65,25.28
1419,-20.81,-476.53,-105.27,20.26
1420,-14.73,-465.21,-102.18,23.97
1421,-18.2,-462.46,-105.68,26.62
1422,-19.69,-466.62,-100.53,30.35
1423,-28.98,-468.74,-105.69,24.51
1424,-24.06,-466.67,-99.66,22.8
1425,1.01,-467.02,-95.44,21.54
1426,-14.81,-470.54,-102.5,23.21
1427,-36.31,-475.86,-104.45,20.66
1428,-28.08,-445.87,-102.59,20.67
1429,-10.74,-445.36,-103.0,23.49
1430,10.88,-431.14,-109.12,18.07
1431,-20.37,-469.37,-104.07,15.14
1432,-35.19,-473.96,-105.02,15.58
1433,19.5,-479.16,-109.96,20.11
1434,-5.68,-476.13,-109.33,19.44
1435,-26.34,-480.51,-105.83,15.11
1436,-82.48,-454.61,-100.17,13.42
1437,2.0,-473.48,-100.12,15.94
1438,22.13,-447.5,-106.26,17.48
1439,-3.39,-481.8,-103.59,20.19
1440,-13.86,-469.14,-107.04,18.34
1441,-18.97,-457.83,-106.02,20.41
1442,-24.78,-474.89,-104.32,18.08
1443,-8.77,-472.97,-104.29,21.6
1444,-25.28,-441.65,-99.54,23.62
1445,-3.44,-449.35,-108.64,21.27
1446,-46.79,-487.35,-106.82,20.08
1447,-2.17,-423.74,-107.08,21.34
1448,-17.46,-469.87,-108.5,19.8
1449,-7.63,-482.74,-111.38,24.6
1450,-30.46,-483.4,-110.83,24.78
1451,-38.77,-461.8,-108.34,20.47
1452,-2.42,-478.95,-108.28,24.45
1453,-0.92,-456.41,-108.94,20.42
1454,-1.44,-465.6,-110.64,19.78
1455,-33.76,-475.52,-105.21,13.92
1456,-1.78,-451.97,-102.36,19.13
1457,-21.73,-469.24,-101.9,16.41
1458,-32.63,-466.17,-101.6,19.02
1459,-31.28,-463.07,-100.97,20.12
1460,2.23,-412.13,-108.48,12.4
1461,-13.64,-462.84,-105.01,15.43
1462,-27.17,-484.52,-115.14,19.67
1463,-33.63,-485.39,-113.1,14.92
1464,-31.15,-456.58,-109.58,21.96
1465,-9.6,-476.15,-108.56,20.87
1466,-5.63,-472.45,-107.82,24.61
1467,0.05,-466.49,-104.54,21.21
1468,-0.77,-446.49,-108.83,19.82
1469,-1.08,-389.26,-114.69,18.94
1470,-23.83,-488.22,-109.93,23.7
1471,-27.76,-515.48,-102.59,21.55
1472,-30.16,-495.19,-109.03,19.38
1473,-13.98,-473.74,-108.04,19.48
1474,-23.14,-469.38,-112.61,15.83
1475,-11.69,-465.73,-111.61,14.37
1476,-2.11,-450.21,-107.01,16.74
1477,-26.69,-469.97,-111.19,20.94
1478,-35.09,-473.72,-101.93,18.28
1479,-116.6,-466.2,-101.85,17.7
1480,-14.1,-471.11,-104.97,26.28
1481,75.59,-441.08,-108.07,19.3
1482,-7.84,-462.11,-105.32,18.02
1483,-6.3,-474.74,-112.98,20.7
1484,-12.73,-472.57,-110.04,19.4
1485,-16.73,-467.35,-108.96,15.84
1486,-11.98,-464.19,-107.7,16.42
1487,-13.81,-452.56,-103.47,17.86
1488,-40.99,-463.67,-97.56,18.24
1489,-39.54,-463.55,-94.53,19.88
1490,5.35,-416.16,-105.85,13.18
1491,-24.49,-481.83,-102.06,25.46
1492,-50.14,-458.95,-101.04,20.58
1493,21.14,-477.59,-102.34,17.96
1494,-1.15,-469.27,-106.51,17.86
1495,-22.73,-470.51,-103.78,18.93
1496,-9.66,-481.43,-105.12,19.32
1497,-23.7,-469.95,-102.9,19.75
1498,-33.47,-462.52,-103.19,14.36
1499,1.9,-475.92,-107.78,20.35
1500,0.56,-407.98,-106.17,18.47
1501,-20.36,-446.41,-103.14,21.91
1502,-57.6,-483.69,-107.1,18.28
1503,8.38,-478.71,-105.58,17.88
1504,-23.12,-477.42,-104.92,17.84
1505,-4.56,-477.73,-99.33,12.85
1506,-20.29,-479.86,-102.96,16.69
1507,-12.15,-432.39,-104.0,27.32
1508,-4.3,-481.63,-104.83,18.55
1509,-28.14,-476.75,-110.63,19.1
1510,-10.26,-459.85,-102.8,21.72
1511,-37.35,-458.57,-102.7,20.87
1512,-15.2,-448.32,-101.4,19.87
1513,-10.55,-432.18,-101.92,14.82
1514,-40.7,-483.73,-101.14,18.09
1515,-4.04,-489.93,-97.33,23.15
1516,-10.59,-448.4,-103.21,21.67
1517,-2.89,-473.31,-102.59,21.4
1518,-16.36,-469.67,-101.51,18.09
1519,-18.11,-466.53,-101.64,18.13
1520,-36.73,-470.99,-101.61,24.7
1521,-53.89,-485.93,-104.16,21.93
1522,1.83,-462.81,-102.04,22.38
1523,-14.8,-458.82,-105.02,23.99
1524,-4.55,-426.01,-110.42,20.75
1525,9.48,-493.97,-107.6,23.25
1526,-26.5,-471.25,-110.49,20.92
1527,-43.21,-477.77,-109.48,24.54
1528,-5.61,-470.74,-106.96,22.82
1529,-4.14,-459.51,-105.21,19.62
1530,1.27,-449.96,-108.05,19.19
1531,-42.2,-470.32,-105.22,18.11
1532,6.53,-470.99,-109.89,26.77
1533,-0.18,-457.51,-109.06,22.98
1534,-18.98,-457.66,-107.53,21.81
1535,-24.42,-466.17,-102.3,16.43
1536,-22.79,-477.45,-105.98,25.6
1537,-39.14,-414.32,-104.73,23.8
1538,-23.17,-473.24,-105.74,18.73
1539,-14.95,-504.59,-111.31,21.21
1540,-9.01,-482.35,-108.62,24.49
1541,-16.65,-469.67,-115.33,21.25
1542,-6.76,-467.36,-108.67,21.98
1543,-16.61,-470.02,-105.42,21.98
1544,-9.71,-463.76,-109.1,23.42
1545,-13.07,-437.19,-108.57,21.36
1546,-31.19,-415.52,-106.95,18.2
1547,-73.14,-471.41,-103.14,18.32
1548,-7.78,-480.66,-107.45,18.0
1549,-5.77,-488.25,-108.14,16.66
1550,-21.01,-468.28,-102.62,22.49
1551,6.06,-459.36,-106.98,17.2
1552,-3.06,-469.52,-105.6,23.09
1553,-3.78,-462.12,-116.58,19.93
1554,-17.16,-453.74,-110.01,19.83
1555,-44.32,-461.53,-109.75,22.47
1556,-30.55,-456.53,-110.4,21.09
1557,-44.16,-450.29,-107.47,16.37
1558,-13.29,-402.87,-111.45,17.22
1559,-47.02,-451.33,-109.72,22.33
1560,27.87,-499.59,-109.46,24.72
1561,2.1,-491.26,-105.28,22.01
1562,-10.0,-496.5,-107.42,23.22
1563,-15.12,-479.95,-103.98,24.9
1564,-20.78,-470.31,-103.59,26.84
1565,-20.66,-452.58,-109.05,23.09
1566,-36.65,-455.74,-107.06,22.21
1567,-36.6,-487.98,-105.1,21.15
1568,-13.51,-457.87,-110.87,21.23
1569,-22.81,-460.68,-108.91,25.44
1570,-34.41,-468.76,-110.23,23.49
1571,-9.1,-470.5,-104.49,19.76
1572,-32.58,-468.16,-106.41,15.87
1573,-16.3,-465.54,-108.57,16.17
1574,-4.16,-461.24,-110.88,19.57
1575,-18.35,-467.8,-107.21,23.61
1576,-44.31,-455.25,-102.15,25.75
1577,-45.31,-410.64,-97.96,17.08
1578,-69.34,-454.5,-105.74,26.03
1579,44.98,-522.89,-105.52,26.63
1580,-16.47,-470.82,-104.47,21.46
1581,0.47,-466.56,-107.07,23.81
1582,-14.77,-471.61,-108.92,21.04
1583,-14.81,-462.62,-106.74,21.05
1584,-50.13,-463.12,-96.65,20.04
1585,-79.12,-460.71,-96.99,22.6
1586,28.21,-465.64,-109.97,21.14
1587,8.03,-432.09,-109.58,14.34
1588,5.39,-437.21,-109.61,17.04
1589,-9.02,-487.99,-109.75,17.76
1590,-29.59,-498.6,-108.46,19.58
1591,-21.62,-475.1,-104.55,19.37
1592,-13.46,-474.22,-110.16,19.83
1593,-24.17,-470.17,-106.31,13.01
1594,-35.85,-465.68,-105.58,7.89
1595,-56.68,-471.33,-103.12,12.21
1596,12.53,-448.15,-109.59,13.16
1597,-55.43,-451.83,-109.85,14.97
1598,16.72,-462.83,-113.85,7.64
1599,-18.59,-479.68,-108.71,15.75
1600,12.47,-454.29,-108.22,14.72
1601,1.29,-448.13,-107.44,17.56
1602,-40.18,-506.15,-101.04,21.5
1603,-110.5,-459.93,-96.36,22.25
1604,22.78,-439.84,-102.77,22.07
1605,32.26,-490.69,-114.75,13.34
1606,-5.97,-474.86,-114.0,15.58
1607,-21.69,-473.23,-102.76,20.1
1608,-17.78,-469.25,-103.63,17.15
1609,-18.92,-472.7,-108.64,19.56
1610,-29.5,-468.92,-103.26,13.34
1611,-35.53,-432.89,-105.44,14.95
1612,-41.45,-437.18,-114.29,10.35
1613,20.64,-468.63,-112.64,18.29
1614,-9.59,-478.17,-107.22,21.12
1615,-15.2,-478.04,-106.71,17.8
1616,-42.13,-485.33,-104.75,18.72
1617,-22.54,-447.8,-103.43,19.38
1618,-26.23,-455.35,-107.22,18.67
1619,12.72,-466.75,-107.01,19.74
1620,-34.29,-389.21,-108.83,18.22
1621,-5.87,-491.67,-101.58,19.0
1622,-21.13,-518.56,-99.43,23.28
1623,-30.76,-479.79,-101.43,26.9
1624,-10.29,-468.64,-104.49,19.59
1625,-27.78,-465.74,-105.54,18.67
1626,-6.42,-467.99,-109.9,20.72
1627,-2.06,-447.31,-106.6,17.67
1628,-19.96,-454.67,-105.72,19.7
1629,-14.43,-467.54,-103.39,20.64
1630,-25.27,-458.72,-103.77,21.79
1631,-25.99,-454.24,-98.19,25.85
1632,-33.5,-418.16,-103.03,23.43
1633,16.64,-504.59,-110.32,21.47
1634,-15.25,-454.48,-104.53,23.69
1635,-27.2,-479.1,-103.12,19.79
1636,-7.15,-498.18,-104.16,19.66
1637,-23.78,-487.41,-100.43,19.6
1638,-48.7,-445.24,-99.46,17.79
1639,-15.96,-453.04,-102.17,15.58
1640,-15.24,-466.02,-102.27,16.21
1641,-13.36,-449.91,-107.83,18.66
1642,-1.98,-469.47,-110.47,19.03
1643,-16.82,-451.65,-102.29,17.58
1644,-29.45,-473.38,-99.25,22.19
1645,-38.92,-442.9,-105.79,12.22
1646,13.58,-475.62,-103.47,14.19
1647,-26.88,-460.46,-103.27,13.85
1648,-11.7,-435.63,-109.09,15.06
1649,-8.88,-443.85,-110.94,18.07
1650,-29.79,-470.13,-102.12,23.66
1651,-10.2,-489.98,-109.86,20.53
1652,-19.87,-472.47,-107.71,17.81
1653,-18.81,-456.25,-109.37,16.95
1654,-79.59,-462.95,-105.87,16.32
1655,-3.35,-461.35,-110.17,7.87
1656,-2.6,-462.47,-99.7,18.27
1657,6.77,-448.92,-107.24,15.97
1658,-36.71,-496.96,-102.94,14.0
1659,-0.89,-463.86,-111.19,12.89
1660,-25.47,-471.8,-107.16,11.59
1661,-13.14,-463.65,-104.59,14.83
1662,-7.97,-467.7,-107.63,16.23
1663,-79.21,-429.11,-92.06,19.82
1664,7.69,-443.6,-103.55,11.17
1665,16.39,-454.61,-113.95,13.97
1666,-8.62,-520.34,-105.68,18.01
1667,-11.44,-481.28,-106.98,15.89
1668,-18.74,-472.86,-111.88,17.18
1669,-35.67,-471.24,-110.59,13.8
1670,-15.51,-445.19,-107.45,17.38
1671,-33.92,-447.96,-108.45,14.0
1672,-59.13,-425.45,-107.02,15.34
1673,41.53,-514.0,-114.63,14.91
1674,-7.94,-476.77,-109.29,12.0
1675,-9.11,-477.19,-109.82,17.21
1676,-6.67,-479.8,-108.44,16.69
1677,-19.91,-471.84,-101.39,10.86
1678,-32.64,-474.54,-102.62,15.82
1679,8.34,-472.78,-102.81,18.3
1680,-67.53,-456.58,-110.44,16.18
1681,-25.68,-435.17,-104.93,15.59
1682,2.82,-472.26,-104.53,28.5
1683,15.12,-466.96,-111.92,22.75
1684,-13.43,-486.74,-112.78,16.07
1685,-14.79,-463.06,-112.61,17.53
1686,-12.3,-471.02,-106.92,16.93
1687,-19.42,-466.65,-106.45,16.36
1688,-52.61,-421.22,-94.44,17.04
1689,-30.52,-456.19,-102.1,11.07
1690,1.37,-488.27,-104.83,17.1
1691,1.19,-481.04,-110.39,17.46
1692,0.03,-488.81,-107.23,19.55
1693,-8.75,-452.46,-109.53,16.66
1694,-42.02,-474.26,-103.31,21.97
1695,-9.18,-483.57,-106.35,22.94
1696,-40.76,-454.4,-100.78,22.24
1697,-7.2,-446.76,-99.52,20.35
1698,-24.43,-467.58,-102.59,18.08
1699,-20.87,-477.54,-100.95,19.67
1700,17.25,-461.1,-104.37,19.24
1701,-10.92,-472.48,-101.47,15.97
1702,-9.3,-472.73,-105.31,17.86
1703,-16.58,-468.01,-98.55,23.99
1704,-23.7,-460.85,-102.28,22.1
1705,-28.32,-455.96,-98.64,21.91
1706,-97.19,-459.04,-97.34,22.01
1707,41.24,-405.59,-107.08,14.82
1708,4.97,-440.58,-110.05,13.84
1709,7.45,-504.31,-106.62,19.5
1710,-20.55,-512.76,-102.82,23.11
1711,-25.35,-481.15,-105.29,22.34
1712,-12.61,-484.09,-109.8,16.14
1713,-13.48,-471.82,-109.89,16.71
1714,-26.44,-467.55,-107.22,15.63
1715,-30.31,-473.42,-100.08,18.67
1716,-26.48,-467.36,-104.04,21.86
1717,-52.76,-440.08,-102.39,22.64
1718,35.88,-410.02,-105.48,13.89
1719,9.89,-425.83,-111.61,10.91
1720,-7.35,-520.44,-105.02,21.88
1721,-12.68,-510.02,-108.33,18.44
1722,-21.56,-487.47,-103.29,18.15
1723,-35.16,-477.92,-103.23,21.28
1724,-11.85,-467.23,-102.98,16.41
1725,-23.69,-467.1,-103.65,16.37
1726,0.42,-465.0,-107.57,18.65
1727,-25.27,-440.88,-110.9,15.9
1728,2.37,-449.48,-103.03,11.39
1729,-1.53,-475.52,-102.3,15.63
1730,-22.73,-459.07,-105.91,14.3
1731,-14.03,-429.62,-105.32,12.42
1732,-38.39,-500.73,-104.74,14.83
1733,5.3,-481.75,-102.27,15.47
1734,-9.17,-464.13,-103.68,18.41
1735,-11.07,-464.61,-104.87,19.05
1736,-8.75,-481.67,-108.46,17.93
1737,-30.08,-470.08,-105.47,20.13
1738,-36.3,-465.08,-105.89,12.6
1739,-4.26,-447.23,-103.9,15.26
1740,3.14,-464.24,-107.65,19.67
1741,-7.61,-471.52,-102.81,17.18
1742,-17.83,-469.41,-103.06,15.86
1743,-7.48,-467.27,-104.46,17.36
1744,-14.37,-458.43,-107.19,13.22
1745,-14.28,-466.54,-101.72,11.75
1746,-40.99,-468.7,-103.07,8.62
1747,-23.46,-434.61,-103.1,13.63
1748,28.24,-388.3,-107.06,16.28
1749,-36.08,-470.37,-100.94,25.1
1750,1.61,-507.57,-107.09,20.39
1751,-16.61,-502.16,-104.11,22.01
1752,-17.87,-486.81,-101.65,24.2
1753,-8.03,-473.09,-103.48,26.37
1754,-21.74,-469.02,-103.32,28.64
1755,-5.65,-473.54,-103.87,26.86
1756,-72.57,-476.98,-100.51,20.85
1757,-54.7,-449.98,-99.92,25.87
1758,39.12,-416.37,-117.15,18.97
1759,20.4,-438.84,-110.54,22.29
1760,13.59,-464.72,-114.93,19.78
1761,-12.09,-494.78,-107.37,22.28
1762,-26.34,-496.29,-104.47,20.82
1763,-7.37,-475.32,-107.39,18.94
1764,-21.48,-460.76,-102.97,14.57
1765,-13.46,-464.03,-106.91,18.42
1766,-35.68,-484.1,-102.17,21.03
1767,-50.99,-460.37,-99.31,22.94
1768,2.68,-445.55,-106.78,22.19
1769,12.48,-470.32,-109.98,19.56
1770,2.71,-413.72,-103.77,23.22
1771,-55.88,-504.97,-106.47,28.28
1772,11.1,-469.25,-104.12,20.86
1773,-8.82,-472.43,-110.14,14.72
1774,-12.24,-468.15,-101.37,24.34
1775,-27.29,-466.08,-102.43,24.98
1776,-18.72,-472.56,-102.61,25.8
1777,-44.41,-471.06,-94.94,23.82
1778,-27.13,-469.94,-101.14,24.52
1779,-93.39,-453.83,-103.1,25.77
1780,1.13,-423.0,-104.16,26.44
1781,74.59,-443.09,-107.27,23.79
1782,14.67,-493.83,-107.36,24.89
1783,-7.61,-494.53,-105.9,24.29
1784,-21.04,-462.95,-101.83,26.6
1785,-21.61,-470.41,-104.65,26.34
1786,-27.17,-473.96,-99.88,24.66
1787,-15.97,-447.66,-108.57,22.6
1788,-7.91,-437.68,-109.66,22.4
1789,-10.19,-459.27,-108.54,25.62
1790,-18.84,-461.28,-110.85,23.87
1791,-25.99,-482.9,-107.31,23.04
1792,-29.17,-496.28,-108.35,20.38
1793,-13.87,-463.68,-106.34,20.49
1794,-6.09,-449.79,-110.4,24.44
1795,-34.04,-462.0,-103.15,29.45
1796,-56.33,-477.31,-101.03,25.58
1797,-99.88,-474.34,-104.39,24.84
1798,53.72,-447.15,-110.2,18.05
1799,-9.48,-451.48,-104.5,25.11
1800,-21.12,-484.51,-104.13,21.43
1801,15.78,-468.05,-103.79,24.62
1802,-11.69,-462.73,-104.85,19.45
1803,-21.04,-478.55,-98.32,19.23
1804,-39.42,-466.77,-98.81,25.14
1805,-35.97,-462.64,-103.93,20.56
1806,18.47,-440.25,-107.78,18.16
1807,-11.49,-442.53,-107.63,21.06
1808,-17.64,-466.37,-101.67,22.37
1809,-26.08,-482.12,-106.46,21.77
1810,-18.64,-448.49,-106.34,23.56
1811,-22.48,-504.29,-106.64,25.02
1812,-24.48,-486.37,-107.28,24.44
1813,-38.72,-473.88,-106.26,24.29
1814,-51.64,-455.11,-101.81,23.12
1815,-91.03,-478.72,-96.3,24.32
1816,28.07,-454.23,-114.54,17.44
1817,7.32,-447.35,-100.41,17.66
1818,11.69,-461.63,-114.47,15.05
1819,8.13,-480.12,-108.31,20.57
1820,-12.45,-458.9,-103.38,23.96
1821,-20.88,-442.32,-104.73,24.53
1822,-28.67,-496.11,-101.52,21.91
1823,-28.41,-474.25,-99.83,20.33
1824,-35.33,-476.65,-103.07,26.41
1825,-44.32,-450.39,-101.65,25.63
1826,-5.08,-459.47,-107.17,25.23
1827,-13.48,-471.54,-107.42,23.71
1828,-31.67,-465.06,-102.33,23.95
1829,8.36,-480.08,-106.83,26.78
1830,-21.58,-468.69,-101.39,26.75
1831,-10.42,-440.9,-100.88,24.05
1832,-23.35,-480.06,-107.33,22.57
1833,-35.77,-460.15,-100.35,28.91
1834,-77.91,-464.89,-99.64,28.32
1835,2.63,-426.02,-107.91,22.1
1836,18.05,-473.02,-110.47,22.88
1837,-11.85,-476.57,-109.51,25.73
1838,-19.1,-519.65,-104.13,26.22
1839,-22.16,-474.34,-105.69,26.57
1840,-22.85,-456.27,-107.35,28.31
1841,-27.28,-468.3,-106.72,24.05
1842,-45.03,-473.41,-102.15,22.37
1843,-39.21,-455.15,-103.5,20.52
1844,9.09,-471.22,-103.11,29.95
1845,-10.82,-444.04,-103.25,29.01
1846,-39.12,-476.17,-104.46,30.41
1847,-18.99,-448.08,-106.54,31.76
1848,24.6,-398.41,-103.29,23.16
1849,-24.83,-509.49,-101.6,27.59
1850,-27.05,-485.1,-100.97,29.99
1851,-22.71,-450.2,-103.31,22.55
1852,-61.86,-479.7,-100.51,25.36
1853,-67.42,-465.07,-102.42,29.16
1854,51.97,-472.09,-107.52,22.85
1855,13.64,-465.87,-110.27,24.73
1856,-38.49,-463.69,-102.75,22.03
1857,2.84,-451.93,-99.52,22.9
1858,-2.08,-465.51,-108.2,24.38
1859,-19.58,-463.84,-106.07,22.88
1860,-28.56,-469.2,-103.96,25.91
1861,-12.06,-426.57,-101.14,17.69
1862,-14.56,-467.57,-98.13,19.14
1863,-16.75,-480.91,-100.9,23.61
1864,-28.82,-474.29,-104.33,23.98
1865,-28.27,-460.31,-103.62,24.21
1866,-11.15,-469.86,-106.8,25.7
1867,-30.24,-480.03,-102.36,19.21
1868,-13.04,-467.51,-109.02,21.12
1869,-39.58,-480.09,-100.54,23.78
1870,-135.84,-469.3,-97.88,22.22
1871,23.54,-437.59,-107.99,22.51
1872,50.09,-455.76,-110.7,23.23
1873,-11.72,-469.3,-104.45,25.17
1874,-8.49,-451.78,-107.22,24.43
1875,-20.88,-478.66,-105.59,22.71
1876,-12.7,-469.16,-105.34,21.09
1877,-24.96,-456.67,-96.59,21.45
1878,-25.61,-434.1,-102.68,21.34
1879,-22.01,-469.91,-100.29,29.37
1880,-10.93,-478.54,-101.56,23.48
1881,-37.73,-463.43,-101.51,22.2
1882,-34.95,-448.7,-101.68,21.41
1883,10.35,-454.94,-103.57,22.06
1884,-8.24,-485.16,-99.14,18.87
1885,-14.12,-495.65,-103.65,22.39
1886,-19.06,-480.75,-104.53,20.61
1887,-44.17,-423.01,-100.46,22.25
1888,-25.93,-420.58,-111.01,15.26
1889,8.22,-522.38,-102.39,21.38
1890,-16.89,-494.36,-95.28,26.09
1891,-35.19,-463.47,-98.45,23.87
1892,1.65,-460.53,-106.86,24.14
1893,-13.33,-468.31,-98.96,21.01
1894,-14.27,-470.38,-102.05,19.26
1895,-30.53,-482.31,-95.08,24.43
1896,-55.13,-469.41,-96.56,23.9
1897,-11.3,-458.62,-98.44,21.75
1898,-6.38,-465.49,-100.84,27.67
1899,-36.56,-470.31,-97.32,22.16
1900,2.04,-454.78,-106.03,25.26
1901,-8.54,-462.76,-101.39,22.17
1902,-19.26,-470.74,-98.02,19.36
1903,-42.73,-462.77,-99.01,20.88
1904,-59.1,-395.74,-98.56,20.95
1905,13.73,-478.91,-107.07,23.77
1906,-8.75,-483.47,-105.67,23.93
1907,-19.64,-473.99,-104.29,22.48
1908,-52.09,-465.17,-102.39,21.49
1909,15.61,-487.55,-103.92,24.01
1910,-5.84,-450.65,-103.67,24.15
1911,-15.75,-458.02,-97.81,25.72
1912,-22.42,-488.74,-97.6,24.39
1913,-39.77,-472.27,-97.39,23.02
1914,-55.61,-445.19,-96.48,20.22
1915,19.99,-464.48,-104.32,18.08
1916,1.97,-461.97,-108.68,17.11
1917,-14.16,-454.78,-103.95,15.45
1918,-20.86,-413.56,-108.81,9.73
1919,-13.74,-512.24,-103.63,14.97
1920,-12.19,-448.68,-109.67,18.6
1921,-24.26,-461.19,-107.35,21.84
1922,-25.83,-478.89,-103.05,18.57
1923,-25.07,-466.61,-99.0,23.42
1924,-41.16,-465.98,-96.67,20.36
1925,-50.77,-474.16,-90.71,17.86
1926,-23.87,-429.88,-116.21,20.71
1927,-13.21,-395.39,-107.72,20.75
1928,-3.6,-505.81,-105.35,21.45
1929,-41.25,-454.67,-106.67,22.81
1930,17.04,-453.85,-108.22,18.24
1931,0.69,-488.02,-105.83,19.38
1932,-14.93,-487.28,-108.85,22.21
1933,-19.19,-486.44,-110.31,17.11
1934,-37.12,-458.17,-102.96,17.41
1935,-69.68,-458.05,-104.3,15.84
1936,-28.61,-446.5,-104.41,21.2
1937,40.47,-366.1,-106.88,16.54
1938,-13.93,-494.74,-106.41,13.96
1939,-14.35,-503.88,-102.09,19.02
1940,-36.1,-500.34,-102.55,20.63
1941,1.7,-466.06,-103.12,23.45
1942,-38.35,-489.12,-105.24,13.97
1943,-6.76,-468.01,-106.14,19.09
1944,-9.76,-463.52,-106.56,18.17
1945,-11.29,-471.35,-105.82,21.45
1946,-19.02,-471.39,-109.44,18.81
1947,-18.23,-459.66,-106.8,18.19
1948,-12.85,-466.84,-104.14,18.67
1949,-33.75,-469.46,-105.83,19.68
1950,-105.71,-444.14,-99.71,24.68
1951,9.97,-461.59,-98.42,18.4
1952,-10.7,-479.67,-105.28,26.13
1953,16.48,-428.59,-109.93,27.15
1954,5.75,-467.61,-109.37,20.03
1955,-19.67,-499.08,-107.0,21.78
1956,-16.12,-459.74,-104.79,22.07
1957,-30.71,-459.6,-104.53,21.78
1958,-11.79,-470.14,-101.68,19.14
1959,-40.07,-467.65,-106.04,19.99
1960,-62.47,-470.6,-95.58,25.15
1961,-7.82,-466.69,-102.62,18.43
1962,-15.55,-458.61,-107.94,22.42
1963,17.62,-438.52,-110.1,18.39
1964,-17.73,-473.98,-106.74,17.74
1965,-23.17,-474.24,-110.22,17.9
1966,-34.19,-459.2,-101.92,15.5
1967,-32.14,-445.17,-100.73,18.85
1968,-31.58,-475.01,-97.65,19.8
1969,-54.57,-467.37,-98.57,17.85
1970,21.98,-490.26,-97.7,20.93
1971,-23.13,-470.88,-103.2,13.1
1972,0.61,-470.26,-101.85,20.01
1973,-10.02,-463.04,-108.18,20.54
1974,-40.55,-461.14,-98.59,21.87
1975,-39.65,-477.54,-110.2,22.08
1976,19.33,-449.19,-112.88,24.2
1977,-2.36,-422.64,-113.93,17.69
1978,-7.77,-459.23,-110.89,21.24
1979,-20.06,-505.49,-110.32,21.29
1980,-32.27,-478.53,-110.9,23.56
1981,-25.37,-461.22,-107.66,19.07
1982,-50.13,-482.87,-109.75,21.33
1983,7.18,-457.78,-106.89,21.06
1984,-19.14,-447.66,-107.09,14.51
1985,-13.5,-478.78,-107.65,18.46
1986,-54.25,-494.22,-100.9,21.35
1987,-12.41,-457.98,-97.22,22.43
1988,-3.92,-471.91,-105.23,18.56
1989,-9.69,-468.09,-108.14,15.96
1990,-17.23,-448.07,-100.75,16.37
1991,-12.82,-417.96,-105.3,15.64
1992,-22.49,-476.73,-109.57,22.21
1993,-14.64,-458.72,-114.16,25.69
1994,-30.26,-427.59,-111.39,15.5
1995,-0.55,-483.86,-109.35,19.77
1996,-24.39,-438.65,-107.28,20.76
1997,-55.45,-501.84,-109.64,20.69
1998,10.1,-479.26,-110.46,17.5
1999,-17.76,-465.75,-107.19,15.91
2000,-6.66,-477.21,-106.14,12.39
2001,-23.26,-467.21,-104.27,16.89
2002,-8.8,-466.07,-107.85,22.57
2003,-12.87,-462.55,-108.74,23.84
2004,-8.01,-446.21,-105.2,20.55
2005,-14.67,-434.39,-104.59,22.77
2006,-26.96,-477.87,-111.88,28.61
2007,-2.63,-449.81,-105.92,25.54
2008,-23.39,-486.0,-107.72,19.26
2009,-28.74,-480.05,-110.13,21.33
2010,-12.73,-466.82,-110.63,21.14
2011,-24.14,-465.96,-112.43,18.05
2012,-20.22,-474.09,-113.86,15.52
2013,-35.8,-385.31,-106.36,21.36
2014,-1.86,-459.43,-110.98,26.14
2015,5.81,-504.64,-113.72,31.17
2016,-6.11,-493.86,-115.42,24.68
2017,-22.51,-477.73,-110.2,26.53
2018,-20.09,-470.25,-107.38,27.83
2019,-4.75,-438.1,-111.92,24.33
2020,-22.9,-477.92,-113.29,26.57
2021,-5.44,-462.35,-113.58,26.67
2022,-10.05,-470.2,-116.55,25.68
2023,-35.83,-492.9,-112.01,28.36
2024,-20.04,-448.79,-111.37,31.86
2025,-17.56,-481.72,-113.4,28.28
2026,-48.16,-472.05,-110.49,29.83
2027,-31.05,-449.85,-111.69,28.42
2028,23.62,-453.87,-116.46,27.64
2029,-43.9,-482.53,-111.24,27.75
2030,15.06,-464.74,-111.71,26.69
2031,-33.11,-464.3,-112.2,29.27
2032,2.31,-423.92,-115.43,27.87
2033,-10.56,-443.87,-111.69,23.51
2034,-39.42,-505.25,-106.05,29.67
2035,9.79,-482.86,-110.1,24.3
2036,-3.92,-481.34,-110.12,28.05
2037,-16.84,-472.44,-107.75,27.85
2038,-16.83,-455.57,-113.67,25.32
2039,-57.31,-431.6,-111.52,17.88
2040,9.27,-475.88,-114.85,22.65
2041,-33.24,-485.08,-100.71,31.15
2042,-9.82,-472.21,-110.1,29.86
2043,-41.03,-468.65,-102.61,26.65
2044,-4.95,-458.25,-111.83,22.3
2045,6.51,-463.54,-113.03,26.93
2046,-13.85,-463.58,-113.32,25.8
2047,-11.7,-455.09,-110.95,25.44
2048,-20.57,-461.08,-109.06,19.69
2049,-36.36,-457.31,-111.73,23.12
2050,-31.42,-421.52,-104.25,24.71
2051,-16.25,-483.04,-107.85,25.88
2052,-45.14,-469.38,-107.03,25.63
2053,23.91,-466.82,-111.44,27.41
2054,-0.81,-453.53,-110.65,29.16
2055,-30.15,-474.71,-106.31,26.18
2056,6.45,-469.67,-107.95,27.38
2057,-3.97,-460.3,-109.64,26.95
2058,-43.78,-466.18,-107.83,27.84
2059,-1.87,-466.15,-111.03,25.88
2060,-6.3,-460.31,-108.61,23.69
2061,-27.02,-451.35,-107.33,24.57
2062,4.36,-441.49,-111.72,21.76
2063,-6.98,-461.46,-104.62,24.18
2064,-24.1,-479.78,-99.16,26.48
2065,-28.3,-462.01,-106.03,23.91
2066,-43.36,-498.49,-105.87,25.26
2067,19.54,-453.99,-106.43,25.45
2068,10.77,-379.21,-109.36,21.06
2069,-7.53,-512.93,-105.49,25.67
2070,-26.77,-487.94,-95.62,24.95
2071,-39.34,-480.18,-102.27,23.14
2072,-2.79,-480.19,-102.98,24.98
2073,-26.72,-474.58,-99.5,25.45
2074,-23.78,-461.8,-97.24,26.77
2075,1.25,-461.13,-105.5,24.83
2076,-26.21,-442.51,-102.53,26.31
2077,17.07,-478.59,-106.94,21.45
2078,-4.4,-477.78,-105.08,24.31
2079,-12.1,-458.73,-104.43,22.75
2080,-22.43,-443.1,-102.45,26.18
2081,-14.57,-476.2,-103.11,29.67
2082,-17.12,-485.4,-108.57,30.87
2083,-47.58,-464.98,-107.22,37.0
2084,16.25,-457.79,-108.31,32.0
2085,-0.96,-460.16,-105.99,28.76
2086,-7.6,-455.35,-102.71,29.55
2087,-34.86,-430.43,-104.3,27.25
2088,-16.97,-444.01,-106.14,26.38
2089,1.62,-479.78,-100.67,26.39
2090,5.24,-452.88,-102.9,27.57
2091,-21.32,-486.25,-99.98,27.69
2092,-38.73,-470.63,-98.4,24.25
2093,-32.97,-463.76,-102.39,19.55
2094,-7.45,-464.76,-100.55,21.3
2095,-10.31,-470.03,-107.02,22.03
2096,-0.24,-460.45,-101.98,23.75
2097,-20.44,-467.28,-99.38,25.74
2098,-38.62,-450.05,-99.77,20.32
2099,-9.03,-457.75,-107.11,23.4
2100,-24.7,-458.15,-104.83,20.67
2101,13.07,-446.71,-103.35,19.15
2102,-40.69,-470.24,-101.43,21.55
2103,-35.47,-474.74,-101.87,20.47
2104,-3.0,-457.86,-98.68,15.62
2105,14.87,-469.02,-103.04,17.63
2106,-16.04,-443.24,-102.88,16.11
2107,-8.44,-433.49,-103.64,10.94
2108,-16.75,-481.3,-98.99,12.65
2109,-16.89,-468.09,-107.85,14.41
2110,-15.91,-438.33,-99.71,18.43
2111,-31.22,-487.91,-110.26,21.16
2112,-0.97,-459.73,-108.52,24.46
2113,-9.58,-467.65,-105.09,18.29
2114,-9.42,-460.77,-102.77,19.34
2115,-20.99,-472.0,-100.68,14.99
2116,-22.39,-470.39,-105.41,16.0
2117,-4.62,-451.78,-102.26,19.21
2118,-10.31,-454.34,-94.76,21.4
2119,-29.71,-418.28,-105.64,21.45
2120,-22.09,-453.94,-99.86,19.83
2121,-16.93,-467.0,-102.73,20.48
2122,-33.6,-499.09,-99.27,25.59
2123,-27.08,-477.24,-89.4,21.12
2124,-15.27,-449.56,-98.5,21.93
2125,-5.04,-463.71,-104.45,18.9
2126,-6.78,-455.88,-101.34,22.64
2127,3.18,-442.43,-101.27,27.13
2128,-26.82,-473.05,-101.5,23.22
2129,-8.85,-469.93,-100.49,22.83
2130,-47.59,-464.56,-99.13,23.35
2131,-13.34,-452.02,-98.15,23.48
2132,22.51,-468.83,-104.27,23.79
2133,-5.07,-454.72,-100.74,23.43
2134,-32.44,-459.5,-104.43,18.4
2135,-22.95,-461.22,-101.44,21.35
2136,2.96,-454.61,-108.53,26.67
2137,-11.95,-436.72,-102.41,23.17
2138,-64.96,-453.67,-97.97,24.72
2139,-25.16,-450.7,-101.03,26.16
2140,14.69,-463.92,-104.26,24.16
2141,-11.27,-469.67,-105.07,26.68
2142,-0.36,-460.35,-107.25,20.15
2143,-32.01,-457.07,-103.12,26.31
2144,-42.09,-446.96,-102.22,23.38
2145,12.16,-461.05,-104.71,25.06
2146,-10.13,-462.85,-112.8,22.99
2147,-65.77,-446.66,-107.85,23.48
2148,-14.2,-466.14,-103.0,27.57
2149,9.01,-464.05,-107.81,28.27
2150,-49.5,-492.52,-101.66,31.28
2151,7.02,-450.88,-111.08,25.57
2152,-10.13,-472.24,-111.62,26.25
2153,-31.11,-475.77,-109.28,24.36
2154,14.03,-460.21,-105.94,24.54
2155,-16.47,-467.32,-110.12,22.88
2156,-25.43,-461.7,-105.24,27.44
2157,-6.65,-452.41,-105.03,23.07
2158,-17.23,-457.86,-102.71,23.45
2159,-47.59,-457.16,-105.65,25.93
2160,7.71,-463.03,-101.07,25.9
2161,-27.33,-446.98,-99.3,28.39
2162,9.57,-447.81,-115.35,24.74
2163,-37.81,-465.33,-112.69,24.77
2164,-43.69,-458.74,-103.4,24.7
2165,31.9,-437.84,-109.99,22.74
2166,-47.77,-508.4,-108.71,27.59
2167,10.93,-467.22,-104.43,26.57
2168,-22.65,-471.33,-103.71,24.07
2169,-11.29,-471.76,-107.51,28.96
2170,-28.44,-472.58,-104.34,27.11
2171,-25.92,-469.61,-102.95,28.12
2172,-35.42,-463.95,-105.5,28.94
2173,-2.98,-456.14,-107.04,31.16
2174,-11.64,-454.84,-106.36,23.3
2175,-15.73,-473.38,-108.68,23.3
2176,-36.4,-458.8,-108.5,24.57
2177,-10.07,-414.93,-106.94,23.03
2178,1.51,-495.13,-111.29,22.22
2179,-9.23,-476.95,-106.92,22.19
2180,-64.09,-469.46,-107.11,22.67
2181,-30.49,-453.05,-101.36,24.68
2182,21.88,-458.26,-108.38,22.95
2183,-16.34,-454.49,-107.93,26.63
2184,-33.69,-482.46,-107.42,21.68
2185,-37.06,-466.8,-102.47,25.18
2186,2.66,-478.85,-102.42,25.78
2187,-19.34,-460.59,-103.18,25.81
2188,-7.29,-477.71,-107.2,24.59
2189,-24.54,-472.61,-101.1,26.55
2190,-21.93,-459.84,-109.47,27.19
2191,-28.86,-455.31,-103.34,23.1
2192,-3.22,-472.11,-112.1,23.99
2193,-27.88,-462.87,-104.48,25.54
2194,-26.46,-465.73,-101.89,24.02
2195,-26.6,-445.05,-108.92,28.87
2196,-1.39,-418.95,-109.78,20.36
2197,-24.9,-502.89,-112.99,26.91
2198,-61.23,-496.21,-108.44,24.92
2199,-44.28,-460.2,-108.88,27.63
2200,49.08,-467.49,-108.16,22.26
2201,-11.38,-469.21,-108.51,21.38
2202,-16.02,-431.35,-111.46,24.44
2203,-11.7,-441.27,-111.79,25.24
2204,-26.38,-519.98,-109.48,28.05
2205,-20.28,-484.29,-106.85,24.71
2206,-30.1,-469.78,-106.44,27.19
2207,-77.11,-450.93,-105.25,29.15
2208,19.09,-484.4,-114.92,26.79
2209,-1.69,-468.0,-105.02,29.07
2210,-9.14,-457.87,-110.39,26.13
2211,-5.0,-470.14,-111.62,27.24
2212,-19.95,-469.68,-113.73,26.51
2213,-29.17,-464.0,-109.19,29.66
2214,-21.39,-463.75,-112.63,26.71
2215,-67.27,-464.22,-103.97,29.4
2216,-19.04,-473.85,-103.45,28.37
2217,-13.05,-449.98,-109.14,23.34
2218,23.14,-463.75,-108.8,24.19
2219,-15.12,-450.99,-109.73,25.49
2220,-7.94,-457.89,-103.17,21.52
2221,-6.79,-469.48,-103.8,23.39
2222,-41.36,-468.85,-107.69,26.9
2223,-131.03,-442.45,-102.1,25.68
2224,53.54,-426.32,-103.58,22.19
2225,25.3,-481.81,-111.99,22.55
2226,0.61,-509.13,-109.01,23.9
2227,-8.75,-471.91,-112.4,27.35
2228,-25.57,-478.44,-105.24,26.24
2229,-23.56,-489.26,-107.4,24.99
2230,-15.12,-463.5,-108.63,23.63
2231,-34.93,-459.29,-100.52,24.83
2232,-30.87,-474.08,-105.22,23.96
2233,-19.37,-462.15,-109.88,21.78
2234,-11.09,-454.39,-109.13,19.77
2235,-19.7,-463.34,-107.63,26.81
2236,-15.48,-461.2,-105.51,20.29
2237,-7.31,-450.7,-103.85,21.33
2238,-16.81,-461.99,-101.18,21.65
2239,-14.6,-456.41,-103.24,23.76
2240,-15.76,-456.62,-109.52,22.95
2241,-34.74,-448.52,-113.09,23.52
2242,-169.11,-403.85,-101.7,22.36
2243,35.65,-489.39,-99.78,17.8
2244,30.08,-486.14,-115.87,21.71
2245,25.96,-479.42,-106.81,20.88
2246,5.99,-455.46,-106.82,22.22
2247,-6.49,-456.81,-108.6,23.93
2248,-21.2,-487.95,-105.21,27.39
2249,-17.76,-472.8,-106.7,28.1
2250,-17.5,-462.05,-106.58,28.45
2251,-15.06,-461.79,-109.55,24.93
2252,-19.94,-463.96,-105.17,23.39
2253,-82.05,-441.5,-102.6,25.41
2254,-48.09,-477.39,-104.85,25.52
2255,37.65,-451.02,-120.4,27.23
2256,6.53,-466.22,-116.1,22.68
2257,11.31,-463.25,-118.93,23.22
2258,-13.63,-480.37,-110.08,25.96
2259,-23.08,-483.58,-106.42,26.53
2260,-59.78,-475.02,-104.28,30.26
2261,-18.4,-467.05,-103.36,29.74
2262,13.67,-452.54,-105.41,32.41
2263,-13.14,-447.39,-109.14,34.68
2264,-26.51,-479.9,-103.33,33.74
2265,-17.15,-479.35,-103.34,27.55
2266,-9.39,-470.95,-107.76,25.74
2267,-23.38,-471.31,-100.64,26.27
2268,-76.52,-511.11,-107.52,29.89
2269,-27.74,-462.47,-105.25,23.86
2270,25.91,-399.77,-101.99,22.35
2271,-12.68,-425.52,-103.69,21.72
2272,9.03,-491.68,-107.34,28.48
2273,-7.61,-482.86,-103.96,31.71
2274,-5.85,-465.87,-108.95,30.03
2275,-25.88,-478.2,-102.24,26.94
2276,-21.51,-473.62,-102.83,26.36
2277,-17.94,-465.4,-106.42,29.48
2278,-14.18,-465.8,-107.42,24.66
2279,-25.67,-469.62,-100.57,26.03
2280,-26.99,-460.35,-98.77,26.06
2281,-4.64,-456.63,-105.01,24.37
2282,-6.52,-466.26,-104.71,25.18
2283,-24.36,-454.47,-100.49,21.55
2284,-42.27,-462.57,-101.35,19.06
2285,1.94,-471.77,-104.23,18.14
2286,-24.6,-446.95,-101.9,22.49
2287,-66.05,-470.23,-103.47,17.14
2288,-3.04,-458.9,-104.84,22.48
2289,20.39,-448.94,-105.42,20.85
2290,-19.75,-484.95,-103.0,25.79
2291,-9.82,-415.49,-100.67,23.73
2292,-5.16,-486.12,-105.45,23.94
2293,-20.98,-501.29,-101.97,29.41
2294,-24.76,-471.2,-97.11,27.24
2295,-41.83,-472.73,-94.76,25.31
2296,4.29,-479.49,-104.33,23.51
2297,-7.69,-443.62,-106.08,28.15
2298,-25.47,-437.15,-103.86,27.27
2299,-0.36,-486.01,-109.22,25.56
2300,-42.36,-494.21,-105.1,25.26
2301,-4.56,-473.68,-105.24,24.91
2302,-25.21,-460.54,-103.5,23.8
2303,-10.98,-460.08,-102.74,24.52
2304,-62.12,-471.4,-101.93,29.0
2305,12.56,-468.16,-101.21,27.59
2306,10.0,-448.73,-101.64,26.85
2307,-11.26,-462.6,-103.49,23.99
2308,-27.9,-492.98,-100.25,25.04
2309,-43.94,-475.53,-96.78,30.24
2310,1.52,-457.26,-98.47,26.27
2311,-42.05,-466.21,-103.14,28.09
2312,10.05,-445.12,-105.78,28.94
2313,-7.4,-429.97,-106.71,22.43
2314,-19.48,-493.44,-106.1,20.97
2315,-39.66,-492.23,-103.75,26.1
2316,-31.24,-458.22,-102.23,25.24
2317,-12.49,-444.2,-97.54,21.35
2318,-36.09,-453.35,-107.43,24.74
2319,1.02,-492.01,-105.34,22.95
2320,6.24,-463.23,-106.24,19.75
2321,-8.26,-451.58,-99.88,17.54
2322,-7.51,-489.76,-104.15,14.69
2323,-22.53,-475.78,-102.73,19.88
2324,-39.06,-466.41,-104.37,22.51
2325,-42.59,-474.54,-109.7,24.68
2326,2.07,-461.14,-107.15,27.85
2327,9.65,-424.13,-105.6,20.75
2328,-33.15,-471.52,-102.53,23.9
2329,-32.05,-482.71,-104.89,24.13
2330,-16.31,-468.86,-112.54,25.15
2331,8.84,-463.87,-98.74,26.87
2332,-13.38,-472.97,-105.62,26.65
2333,-40.64,-464.16,-98.34,26.04
2334,-12.15,-455.92,-104.64,26.67
2335,-15.98,-456.63,-107.12,28.61
2336,-9.04,-470.34,-112.95,24.38
2337,-24.12,-466.97,-109.41,20.85
2338,-6.49,-460.1,-108.49,22.82
2339,2.49,-385.94,-107.41,18.71
2340,-24.07,-457.36,-113.56,18.25
2341,-58.06,-504.93,-107.38,25.38
2342,-33.22,-491.42,-107.2,24.78
2343,0.58,-477.24,-108.69,22.59
2344,-24.32,-454.85,-105.05,23.54
2345,-13.88,-450.38,-112.54,21.04
2346,-22.33,-481.2,-113.56,24.32
2347,-2.3,-467.69,-111.47,18.62
2348,-23.65,-471.96,-110.31,25.48
2349,-29.18,-474.5,-106.75,21.04
2350,-36.82,-432.13,-99.84,22.51
2351,10.45,-459.95,-100.74,20.82
2352,-9.51,-455.98,-107.21,19.4
2353,-13.87,-445.14,-106.4,24.76
2354,-26.79,-503.28,-108.09,27.58
2355,-35.21,-480.63,-103.93,29.88
2356,-20.32,-471.58,-99.12,28.67
2357,-12.75,-456.4,-105.66,23.95
2358,-21.81,-453.9,-105.65,31.25
2359,-31.25,-479.94,-100.81,24.11
2360,-19.45,-466.6,-105.46,27.86
2361,-39.84,-433.03,-99.44,29.48
2362,3.61,-451.01,-106.87,23.35
2363,-32.2,-489.49,-102.08,20.37
2364,-49.57,-465.51,-105.37,26.66
2365,5.86,-486.94,-105.53,22.12
2366,2.2,-436.56,-105.35,21.38
2367,-11.08,-463.3,-110.22,15.96
2368,-18.1,-500.4,-102.09,22.08
2369,-9.36,-459.08,-103.6,18.99
2370,-20.96,-468.38,-98.94,22.11
2371,-7.54,-463.53,-104.48,23.19
2372,-35.6,-471.33,-98.71,17.76
2373,-39.94,-443.78,-94.53,23.16
2374,-3.84,-450.56,-99.51,18.26
2375,-12.14,-455.19,-104.44,18.1
2376,-13.76,-471.26,-106.91,25.67
2377,-16.53,-444.34,-104.76,24.03
2378,-27.1,-474.85,-100.69,20.51
2379,-103.92,-447.76,-98.04,24.29
2380,47.18,-480.29,-105.68,19.44
2381,4.99,-447.42,-108.21,15.8
2382,-6.97,-490.26,-109.01,17.61
2383,-18.27,-483.77,-111.09,21.11
2384,-33.27,-469.67,-107.16,18.05
2385,4.21,-461.89,-113.39,19.5
2386,-42.93,-466.74,-109.71,18.79
2387,-10.43,-455.56,-109.2,21.29
2388,1.62,-456.01,-103.9,24.56
2389,-20.54,-457.12,-111.69,23.83
2390,-24.68,-463.66,-107.85,24.38
2391,-31.08,-421.12,-110.49,19.63
2392,-0.57,-448.99,-116.14,16.52
2393,-17.57,-466.6,-107.97,24.72
2394,-49.03,-463.37,-103.37,24.64
2395,-0.28,-475.38,-108.99,21.07
2396,-26.83,-461.71,-107.59,21.97
2397,-18.44,-440.6,-109.71,20.81
2398,-7.02,-494.97,-106.32,21.0
2399,6.4,-465.62,-113.32,20.86
2400,-8.38,-469.02,-108.69,24.42
2401,-13.27,-458.64,-104.82,23.18
2402,-31.4,-466.55,-109.39,18.16
2403,-26.82,-470.29,-109.72,19.03
2404,-7.29,-458.78,-116.34,21.24
2405,-24.13,-469.44,-114.75,18.75
2406,-60.14,-466.07,-105.55,20.65
2407,15.54,-454.51,-111.8,23.49
2408,-12.41,-461.2,-106.43,17.9
2409,-17.46,-465.78,-105.37,17.53
2410,-31.09,-441.57,-106.6,17.15
2411,-9.48,-437.25,-106.44,17.54
2412,-20.92,-470.51,-117.26,19.0
2413,0.91,-414.12,-103.9,16.68
2414,-25.22,-494.73,-103.85,15.81
2415,-11.53,-488.15,-110.31,13.36
2416,-50.98,-473.29,-110.31,17.85
2417,-51.34,-435.92,-102.08,17.87
2418,7.85,-500.51,-106.97,19.12
2419,-47.2,-468.34,-103.58,24.18
2420,29.82,-455.71,-107.19,26.38
2421,1.85,-478.25,-106.21,24.24
2422,-14.73,-477.17,-102.88,26.17
2423,-42.46,-481.76,-99.97,26.62
2424,0.99,-379.17,-100.27,22.43
2425,-7.18,-468.01,-105.83,24.15
2426,-22.53,-512.92,-101.06,26.86
2427,-26.87,-485.68,-99.61,30.46
2428,-71.91,-482.02,-103.83,23.53
2429,6.62,-476.15,-104.25,24.73
2430,-8.36,-463.81,-100.55,25.78
2431,-39.55,-468.84,-106.09,28.73
2432,-7.74,-464.97,-111.22,25.45
2433,-11.08,-449.29,-109.65,21.61
2434,-7.02,-458.24,-106.24,25.38
2435,-10.05,-468.67,-111.17,23.71
2436,-32.42,-459.02,-110.94,23.15
2437,-24.21,-450.9,-108.84,26.0
2438,0.59,-447.68,-114.16,22.66
2439,-19.63,-473.81,-111.62,24.69
2440,-24.97,-461.14,-106.08,25.94
2441,-29.03,-463.8,-104.31,28.55
2442,-6.8,-442.61,-111.68,24.31
2443,-17.38,-427.58,-108.26,17.83
2444,-16.18,-484.87,-115.84,22.48
2445,-48.2,-502.42,-110.21,18.25
2446,-79.98,-455.11,-108.2,22.29
2447,27.85,-460.65,-103.31,23.0
2448,22.58,-434.06,-108.88,19.11
2449,-2.03,-479.38,-110.91,21.19
2450,-14.06,-475.52,-107.09,27.01
2451,-2.32,-437.55,-109.34,28.22
2452,-15.36,-481.46,-108.48,23.16
2453,-21.85,-470.65,-102.25,25.49
2454,-24.85,-417.67,-104.0,20.55
2455,-60.12,-447.94,-98.99,25.87
2456,24.89,-493.42,-100.58,29.44
2457,-13.67,-473.76,-98.89,24.68
2458,-86.2,-480.5,-105.67,23.46
2459,56.94,-474.15,-107.74,24.2
2460,1.14,-465.63,-107.89,23.4
2461,-7.11,-457.0,-104.83,22.49
2462,-16.86,-487.26,-103.68,26.29
2463,-42.77,-461.77,-108.89,26.13
2464,-43.32,-457.31,-98.78,28.24
2465,-9.2,-472.91,-101.15,27.36
2466,3.34,-460.04,-107.92,25.38
2467,-6.43,-412.49,-102.31,24.8
2468,-4.46,-456.85,-99.68,22.88
2469,-5.03,-461.07,-110.37,27.86
2470,-12.12,-458.66,-107.07,26.64
2471,-75.16,-488.25,-101.3,23.93
2472,-99.39,-470.45,-93.81,31.75
2473,81.57,-481.89,-110.15,24.9
2474,18.74,-449.18,-106.83,17.87
2475,-1.79,-476.61,-106.38,21.59
2476,-12.96,-469.18,-102.05,18.94
2477,-13.09,-459.12,-99.76,20.03
2478,-16.93,-460.44,-110.12,21.56
2479,-52.64,-461.34,-103.21,18.71
2480,-13.1,-460.15,-108.45,27.03
2481,-19.05,-467.67,-109.21,26.38
2482,-10.22,-466.45,-104.15,25.8
2483,-1.77,-456.08,-111.41,21.53
2484,-29.16,-472.39,-105.44,20.58
2485,-51.71,-454.72,-103.59,21.98
2486,29.22,-434.73,-108.45,18.79
2487,-34.01,-468.09,-103.95,20.23
2488,-75.42,-496.6,-98.29,25.69
2489,22.9,-466.17,-103.24,22.5
2490,8.43,-428.21,-109.97,20.64
2491,-8.64,-455.69,-108.8,21.92
2492,-33.88,-485.97,-108.25,26.49
2493,-25.43,-469.17,-104.22,25.84
2494,-27.75,-463.27,-109.55,30.39
2495,-13.57,-456.28,-106.86,26.04
2496,-8.7,-468.35,-108.02,27.6
2497,-17.4,-454.9,-99.48,25.92
2498,-71.66,-476.84,-102.45,23.67
2499,-2.67,-462.31,-104.4,25.48
2500,6.29,-460.9,-103.2,26.54
2501,-16.28,-465.64,-102.59,23.11
2502,-10.34,-458.09,-108.17,29.36
2503,-54.2,-422.99,-106.37,21.39
2504,-6.74,-492.96,-101.33,25.35
2505,-5.05,-479.9,-103.52,22.96
2506,-6.98,-465.53,-109.01,22.79
2507,-24.2,-444.65,-103.78,23.97
2508,-124.73,-418.95,-100.71,24.63
2509,33.75,-473.27,-111.51,29.66
2510,24.4,-491.33,-106.85,22.96
2511,-1.74,-476.32,-106.92,22.56
2512,-13.29,-476.65,-106.83,23.88
2513,-19.51,-475.12,-101.02,32.52
2514,-18.2,-463.92,-104.64,28.36
2515,-9.17,-466.22,-104.58,30.1
2516,-38.1,-471.01,-103.07,27.11
2517,-84.1,-466.45,-99.08,31.14
2518,26.15,-455.66,-102.84,28.1
2519,-2.67,-433.64,-108.22,30.21
2520,-15.96,-456.71,-103.75,25.13
2521,-17.65,-483.75,-100.72,26.76
2522,-14.54,-473.51,-105.54,29.49
2523,-17.96,-454.21,-102.23,28.36
2524,-30.15,-427.76,-104.58,23.88
2525,-74.67,-470.44,-102.63,28.36
2526,-19.83,-461.46,-103.28,30.37
2527,23.39,-469.67,-106.67,26.87
2528,14.49,-452.87,-108.88,23.57
2529,2.35,-416.44,-111.91,27.27
2530,-27.1,-511.9,-108.08,28.24
2531,-17.07,-484.05,-101.02,33.45
2532,-51.64,-486.82,-104.99,31.4
2533,-42.85,-482.32,-105.62,30.1
2534,22.45,-451.47,-105.61,26.03
2535,-16.16,-447.35,-112.36,28.57
2536,5.38,-461.72,-111.42,25.53
2537,-14.69,-465.07,-109.98,27.55
2538,-19.31,-472.9,-108.35,25.7
2539,-23.96,-473.03,-107.43,25.38
2540,-53.04,-465.15,-100.74,25.27
2541,-11.4,-452.51,-104.42,22.51
2542,4.39,-440.08,-108.28,27.87
2543,-9.52,-464.56,-108.42,27.76
2544,-70.29,-450.74,-102.31,32.2
2545,-17.48,-470.14,-103.0,27.5
2546,14.91,-473.35,-106.46,22.96
2547,-0.83,-455.29,-101.1,27.49
2548,-16.0,-462.8,-109.2,24.79
2549,-16.31,-429.38,-107.44,29.26
2550,-48.61,-467.44,-105.16,29.69
2551,-4.38,-458.95,-113.98,23.75
2552,-6.73,-480.9,-104.55,29.78
2553,-25.5,-480.0,-102.65,31.08
2554,-26.48,-471.46,-106.34,24.69
2555,-17.5,-486.62,-112.82,25.5
2556,-6.46,-451.45,-113.06,27.74
2557,-6.76,-445.98,-108.75,25.4
2558,-9.11,-464.4,-106.16,26.72
2559,-32.63,-462.48,-102.09,26.85
2560,-54.41,-458.73,-100.69,27.13
2561,8.99,-479.79,-108.06,25.63
2562,-10.77,-482.27,-104.69,25.19
2563,-16.52,-446.21,-107.24,21.67
2564,-9.9,-429.29,-105.74,26.48
2565,2.07,-489.97,-107.02,22.58
2566,-1.76,-458.74,-99.45,29.13
2567,-33.56,-475.23,-100.76,29.89
2568,-33.92,-465.87,-103.45,27.04
2569,-4.01,-465.56,-106.39,26.78
2570,-31.53,-465.14,-100.1,31.57
2571,-0.38,-453.75,-106.41,26.67
2572,-9.12,-453.87,-110.81,31.09
2573,-5.21,-457.04,-108.62,27.09
2574,-67.17,-464.63,-105.47,30.36
2575,24.12,-473.35,-111.29,29.48
2576,4.44,-444.8,-107.04,25.77
2577,-22.31,-440.0,-101.22,25.93
2578,-41.57,-497.43,-98.15,31.95
2579,24.14,-460.54,-105.68,25.69
2580,-27.97,-459.39,-108.57,28.7
2581,-10.45,-438.98,-103.47,27.04
2582,-58.1,-502.74,-108.75,33.14
2583,36.95,-425.82,-104.41,32.53
2584,-10.78,-481.73,-109.14,29.57
2585,-31.95,-482.67,-102.03,32.89
2586,-14.94,-484.53,-106.21,29.65
2587,-48.49,-494.14,-105.91,32.1
2588,-0.46,-482.62,-101.36,31.39
2589,-3.72,-468.49,-105.19,29.87
2590,-56.62,-463.67,-100.62,31.28
2591,15.37,-469.04,-102.74,27.88
2592,-34.22,-458.1,-99.51,30.85
2593,14.03,-428.13,-105.9,30.58
2594,4.89,-477.93,-109.52,34.88
2595,-17.11,-476.33,-104.5,32.7
2596,-5.92,-445.21,-104.68,31.02
2597,-13.01,-426.95,-104.52,27.19
2598,-29.16,-483.97,-98.19,28.3
2599,-22.23,-471.61,-101.27,30.41
2600,-31.35,-483.7,-101.5,28.92
2601,-8.21,-445.49,-96.86,29.63
2602,-30.54,-480.58,-102.96,25.77
2603,-44.1,-475.68,-102.49,25.06
2604,-12.26,-462.85,-102.75,19.66
2605,-2.77,-478.08,-102.46,23.98
2606,-28.84,-463.42,-103.01,21.13
2607,-15.12,-459.13,-103.95,20.05
2608,-41.34,-473.98,-100.48,23.64
2609,-17.25,-474.43,-98.8,25.06
2610,10.22,-451.43,-96.26,21.47
2611,-6.04,-453.77,-103.97,18.05
2612,-20.64,-470.54,-101.69,23.53
2613,-27.44,-478.61,-106.99,29.67
2614,-3.64,-467.81,-102.02,30.38
2615,-26.14,-463.66,-104.75,28.52
2616,-13.66,-434.65,-102.55,26.37
2617,-34.55,-488.02,-100.38,29.52
2618,-8.14,-458.76,-98.54,28.9
2619,-64.87,-495.78,-103.04,30.8
2620,3.53,-477.73,-102.12,31.29
2621,5.46,-477.42,-108.03,30.3
2622,-9.49,-475.3,-106.29,28.75
2623,-26.47,-459.62,-98.44,30.96
2624,-5.2,-462.23,-104.38,25.83
2625,-16.48,-476.67,-104.13,28.83
2626,-20.35,-474.25,-101.9,30.3
2627,-18.98,-466.55,-102.75,29.38
2628,-41.39,-458.01,-97.97,29.08
2629,-34.89,-475.2,-103.1,24.12
2630,12.4,-457.53,-101.96,28.45
2631,-30.72,-444.2,-103.96,25.44
2632,-39.46,-484.93,-100.65,23.9
2633,-9.06,-480.05,-103.26,28.04
2634,16.73,-420.89,-104.95,19.44
2635,-15.79,-432.4,-106.14,23.51
2636,-39.15,-502.47,-105.1,25.66
2637,7.91,-467.98,-105.75,28.5
2638,-0.85,-448.17,-108.54,23.91
2639,-18.68,-483.68,-108.2,31.7
2640,-38.66,-488.54,-94.35,29.77
2641,-30.4,-477.81,-101.27,31.42
2642,-22.85,-468.06,-97.67,27.37
2643,6.9,-471.41,-102.73,31.5
2644,-6.84,-452.72,-98.7,26.82
2645,-42.71,-466.86,-98.24,27.48
2646,-27.66,-440.43,-99.96,27.36
2647,-0.32,-460.54,-104.87,27.3
2648,-13.49,-434.47,-111.07,23.75
2649,-10.39,-514.91,-112.04,30.61
2650,-29.7,-463.7,-109.85,25.06
2651,-24.15,-451.69,-109.55,24.17
2652,6.58,-471.19,-111.06,26.27
2653,2.15,-476.29,-106.04,24.01
2654,-10.85,-476.21,-108.02,29.4
2655,-26.88,-473.82,-112.62,24.55
2656,-24.8,-467.84,-103.23,26.42
2657,-56.87,-460.27,-105.25,26.03
2658,22.94,-433.5,-108.76,23.45
2659,17.81,-467.6,-115.24,19.38
2660,-7.6,-456.07,-103.54,22.33
2661,-14.28,-460.84,-108.0,19.04
2662,-14.13,-482.69,-106.38,28.72
2663,-16.54,-462.69,-100.57,26.65
2664,-12.75,-455.59,-99.03,22.22
2665,-28.55,-471.44,-100.69,24.67
2666,1.53,-462.76,-106.96,24.92
2667,2.15,-449.36,-105.49,22.42
2668,-2.66,-456.86,-105.45,24.34
2669,-12.38,-466.28,-104.06,27.8
2670,-61.15,-470.49,-102.43,31.77
2671,-6.77,-463.75,-104.87,29.58
2672,-27.39,-435.88,-104.07,28.66
2673,19.93,-462.76,-102.19,33.64
2674,3.82,-475.38,-107.23,34.23
2675,-8.56,-471.06,-103.31,30.6
2676,1.83,-454.44,-104.53,29.52
2677,-12.08,-450.96,-101.17,27.97
2678,-30.72,-467.69,-102.04,26.95
2679,-20.48,-469.72,-99.69,22.92
2680,-21.18,-454.87,-96.75,24.21
2681,8.5,-464.08,-106.07,24.84
2682,-30.94,-467.18,-105.81,21.77
2683,-43.76,-447.69,-103.94,24.12
2684,20.12,-467.22,-108.13,23.63
2685,-3.05,-460.64,-104.88,24.4
2686,13.0,-435.62,-111.16,27.64
2687,-9.0,-439.64,-108.35,23.08
2688,-18.11,-485.29,-103.31,23.58
2689,-26.87,-505.59,-100.5,25.24
2690,-22.08,-460.3,-102.69,25.25
2691,-19.08,-416.09,-100.6,25.41
2692,-19.59,-456.03,-102.61,23.28
2693,0.91,-504.29,-107.1,21.7
2694,-79.9,-486.37,-97.03,24.87
2695,-20.55,-427.83,-93.95,29.48
2696,21.71,-463.9,-98.28,20.1
2697,5.83,-502.01,-102.87,22.61
2698,-5.34,-485.56,-101.3,22.35
2699,-12.11,-441.46,-107.51,21.98
2700,-4.58,-473.15,-101.99,22.05
2701,-11.04,-483.82,-100.11,27.96
2702,-23.01,-478.05,-97.27,24.0
2703,-18.0,-469.38,-103.02,27.22
2704,-1.8,-456.85,-107.1,25.67
2705,-18.22,-468.43,-104.71,23.56
2706,-12.61,-453.77,-103.97,24.43
2707,-15.17,-455.88,-104.13,26.39
2708,-23.52,-446.76,-104.93,22.31
2709,3.12,-471.39,-104.84,19.49
2710,-65.54,-490.7,-102.3,26.06
2711,-53.82,-452.3,-103.04,30.46
2712,18.64,-469.8,-106.06,23.69
2713,11.84,-472.17,-106.24,23.39
2714,-10.45,-472.33,-105.77,27.49
2715,-14.86,-476.88,-106.49,29.74
2716,7.21,-463.97,-110.69,28.68
2717,-9.01,-457.72,-104.75,27.17
2718,-28.53,-469.52,-101.43,28.65
2719,-13.06,-464.17,-101.62,27.99
2720,-12.14,-458.46,-102.77,26.25
2721,-14.42,-465.91,-106.75,30.28
2722,-15.99,-468.34,-104.05,29.58
2723,-12.73,-445.09,-105.66,29.43
2724,-59.1,-421.84,-107.16,23.35
2725,3.71,-460.89,-102.79,26.67
2726,-1.63,-440.84,-97.92,27.58
2727,0.23,-481.79,-112.3,28.04
2728,-35.88,-455.36,-106.44,27.84
2729,-6.58,-492.68,-108.33,28.83
2730,-1.86,-483.62,-109.21,26.08
2731,-20.98,-462.71,-107.57,27.57
2732,-30.89,-478.15,-106.25,29.94
2733,-26.6,-460.81,-100.65,26.88
2734,1.65,-440.26,-105.54,27.55
2735,-15.96,-455.01,-110.97,27.8
2736,-19.62,-481.44,-106.87,28.33
2737,-43.93,-462.62,-97.79,29.15
2738,12.62,-465.84,-100.67,29.07
2739,4.35,-462.34,-103.72,28.02
2740,-18.23,-467.96,-100.75,25.74
2741,-1.16,-465.21,-104.57,26.51
2742,-45.48,-457.3,-103.85,29.65
2743,1.02,-480.49,-106.85,20.89
2744,-1.39,-467.83,-105.23,28.38
2745,-45.37,-477.65,-103.35,29.88
2746,-69.64,-458.25,-101.25,32.57
2747,55.68,-470.91,-109.49,26.74
2748,1.86,-473.1,-102.91,28.47
2749,-12.44,-471.74,-109.21,27.88
2750,-21.5,-444.82,-102.1,26.15
2751,0.75,-452.81,-103.18,28.89
2752,-0.6,-444.16,-105.96,26.11
2753,-12.6,-495.26,-102.59,33.31
2754,-17.97,-475.38,-100.49,26.62
2755,-10.3,-477.39,-105.96,25.28
2756,-35.26,-474.24,-98.51,28.28
2757,-1.92,-467.52,-99.97,25.94
2758,-49.28,-472.41,-101.81,27.05
2759,8.3,-429.95,-101.34,27.82
2760,1.9,-426.69,-102.17,22.96
2761,-12.82,-471.95,-97.75,30.24
2762,-70.17,-510.26,-101.89,29.51
2763,-10.85,-454.65,-101.06,28.46
2764,18.87,-479.63,-103.64,25.67
2765,-14.05,-488.71,-102.98,19.3
2766,-11.85,-447.79,-100.12,28.38
2767,-15.48,-428.08,-96.67,25.25
2768,-39.73,-473.28,-98.01,27.78
2769,1.19,-499.8,-97.9,25.1
2770,-38.46,-462.36,-97.92,24.72
2771,0.63,-467.79,-98.5,23.14
2772,-30.74,-471.09,-101.32,23.33
2773,-17.95,-468.33,-91.24,26.86
2774,13.15,-465.91,-99.34,25.52
2775,-22.3,-478.65,-102.77,22.24
2776,-23.66,-469.41,-99.57,20.99
2777,11.56,-445.49,-101.18,20.69
2778,-44.76,-478.67,-102.57,21.43
2779,7.6,-459.92,-104.32,17.26
2780,-35.13,-480.42,-101.73,22.54
2781,-13.75,-482.55,-103.53,22.19
2782,-3.51,-469.06,-94.02,24.98
2783,-11.24,-469.87,-95.45,23.94
2784,-18.3,-465.97,-100.09,17.13
2785,-48.41,-456.16,-103.0,18.79
2786,-8.83,-447.99,-99.86,25.52
2787,-20.05,-475.19,-96.56,27.83
2788,-3.58,-477.08,-100.51,27.5
2789,-9.25,-456.25,-93.64,26.89
2790,-9.31,-463.82,-105.27,25.0
2791,-19.27,-474.97,-100.54,27.78
2792,-48.71,-470.41,-99.11,22.44
2793,-40.33,-434.67,-98.59,23.81
2794,22.62,-469.74,-98.13,23.31
2795,1.58,-460.08,-102.67,22.7
2796,-9.18,-473.86,-101.49,24.28
2797,-15.66,-474.27,-105.66,22.05
2798,-14.25,-476.8,-104.61,18.73
2799,-23.41,-469.17,-103.51,23.05
2800,-28.39,-462.97,-101.03,18.98
2801,-14.13,-454.57,-104.74,19.52
2802,-13.98,-466.17,-104.98,21.5
2803,-12.93,-454.12,-107.74,20.23
2804,-19.72,-457.46,-101.35,22.99
2805,-5.58,-470.57,-107.89,18.4
2806,-29.17,-472.4,-105.87,23.15
2807,-0.79,-438.29,-108.04,14.5
2808,-48.53,-480.79,-104.02,19.28
2809,-54.58,-479.39,-105.09,27.08
2810,67.1,-430.48,-114.11,21.73
2811,-0.85,-434.37,-109.81,18.1
2812,-17.8,-499.15,-103.39,23.78
2813,-18.8,-460.28,-102.2,22.81
2814,-10.01,-468.55,-103.23,23.26
2815,-49.35,-479.6,-99.99,24.38
2816,14.34,-474.31,-104.55,19.59
2817,7.23,-446.23,-101.73,21.74
2818,-15.22,-452.41,-101.06,22.78
2819,-6.4,-442.75,-103.37,21.24
2820,-27.27,-493.36,-98.43,25.67
2821,-38.52,-454.52,-96.67,18.19
2822,-15.63,-454.54,-103.07,23.51
2823,2.16,-474.13,-100.98,19.31
2824,-24.42,-477.25,-98.73,18.6
2825,-6.77,-482.48,-105.12,19.27
2826,-6.87,-475.44,-106.83,13.04
2827,-63.76,-469.65,-106.48,21.22
2828,1.64,-472.24,-108.83,21.23
2829,16.51,-467.61,-109.91,23.42
2830,-2.93,-435.86,-100.01,17.27
2831,-31.8,-470.23,-101.33,18.09
2832,-17.5,-475.34,-105.3,16.11
2833,-13.86,-463.9,-104.63,12.47
2834,-19.38,-463.17,-102.93,15.78
2835,-19.56,-473.35,-102.45,18.84
2836,-30.26,-471.1,-98.76,19.53
2837,-7.47,-455.76,-105.65,21.01
2838,-14.08,-466.05,-109.77,17.28
2839,-17.8,-468.96,-106.96,15.86
2840,-55.39,-425.14,-102.16,18.58
2841,-12.91,-442.53,-106.04,12.81
2842,-10.37,-483.01,-106.81,14.18
2843,14.74,-466.37,-108.19,14.51
2844,-0.49,-483.75,-103.5,12.13
2845,-3.01,-444.95,-97.57,10.27
2846,10.03,-431.32,-107.08,3.72
2847,-16.99,-502.68,-103.11,16.86
2848,-16.6,-464.39,-104.3,14.72
2849,-12.16,-436.13,-108.01,12.02
2850,-23.45,-486.97,-105.38,15.36
2851,-21.22,-483.55,-102.78,19.46
2852,-33.43,-477.51,-100.82,14.74
2853,-20.08,-453.47,-106.53,12.7
2854,-18.3,-440.09,-100.59,18.34
2855,-0.07,-480.01,-100.55,17.05
2856,-37.99,-475.67,-104.72,17.63
2857,-52.61,-470.84,-100.52,20.0
2858,-13.07,-469.92,-106.75,19.88
2859,15.15,-467.87,-105.18,19.56
2860,3.5,-465.42,-108.86,18.4
2861,-7.07,-465.94,-106.85,18.87
2862,-20.56,-472.15,-105.41,15.92
2863,-25.82,-462.07,-110.08,17.13
2864,-14.82,-474.32,-116.39,12.61
2865,-15.1,-468.47,-102.85,14.87
2866,-9.62,-446.99,-112.36,17.15
2867,-74.86,-465.96,-107.01,19.06
2868,35.16,-455.11,-110.44,13.81
2869,1.62,-440.54,-107.21,14.16
2870,-17.2,-479.95,-107.07,12.99
2871,-39.35,-487.8,-110.66,14.36
2872,-0.97,-467.01,-111.83,16.07
2873,-3.81,-471.24,-103.51,17.12
2874,-14.44,-461.15,-105.93,17.69
2875,-9.95,-444.8,-109.36,20.01
2876,-62.83,-473.08,-103.85,21.86
2877,0.69,-427.77,-100.45,16.6
2878,1.38,-474.77,-106.42,15.25
2879,-40.13,-476.51,-104.73,17.14
2880,-35.29,-471.18,-97.5,17.37
2881,13.23,-473.42,-105.74,15.15
2882,-2.41,-466.36,-107.47,10.8
2883,-22.53,-457.36,-100.67,12.35
2884,-21.68,-460.46,-102.48,14.26
2885,-15.19,-489.36,-105.6,11.33
2886,-1.58,-474.04,-103.04,8.62
2887,-9.93,-464.6,-99.93,15.45
2888,-24.09,-475.7,-104.06,13.82
2889,-1.08,-448.1,-104.31,15.42
2890,-16.73,-453.56,-104.56,15.87
2891,-19.08,-482.31,-103.23,13.74
2892,-21.94,-482.18,-99.86,13.06
2893,-53.26,-454.68,-104.09,13.26
2894,9.5,-433.07,-106.88,12.07
2895,-46.05,-475.95,-104.24,17.23
2896,-4.76,-466.78,-95.72,17.06
2897,6.28,-464.68,-103.1,15.07
2898,-1.9,-464.38,-104.64,10.08
2899,-23.09,-458.47,-99.9,12.71
2900,-16.32,-463.5,-102.97,15.13
2901,4.87,-468.35,-101.91,11.18
2902,-18.86,-474.01,-108.11,18.78
2903,-7.33,-446.67,-110.61,17.12
2904,-0.88,-465.56,-106.51,17.98
2905,-11.89,-470.15,-103.42,16.03
2906,-15.35,-477.27,-102.87,18.01
2907,-23.93,-458.72,-97.4,16.31
2908,-36.88,-462.36,-104.96,11.99
2909,-25.49,-450.86,-105.57,12.19
2910,12.57,-468.64,-105.35,15.46
2911,-7.51,-479.4,-97.17,16.81
2912,-13.11,-475.97,-104.97,19.93
2913,-43.46,-468.92,-103.43,20.13
2914,-11.41,-435.77,-98.55,18.78
2915,9.99,-474.87,-96.99,13.88
2916,-16.35,-468.32,-98.05,21.39
2917,-4.83,-457.75,-103.16,18.92
2918,-9.87,-442.77,-102.15,20.94
2919,-11.04,-469.86,-104.77,20.04
2920,-18.59,-480.33,-102.73,21.53
2921,-14.73,-466.36,-105.99,19.36
2922,-9.67,-479.15,-98.0,27.47
2923,-17.94,-454.74,-97.8,23.57
2924,-51.55,-439.24,-102.09,19.91
2925,2.21,-451.86,-106.38,19.55
2926,-22.51,-482.04,-98.45,23.86
2927,-19.12,-441.43,-103.76,17.02
2928,-5.87,-476.08,-105.7,20.33
2929,-22.23,-482.36,-102.3,23.51
2930,19.08,-463.9,-110.37,25.21
2931,-28.72,-469.75,-104.34,26.03
2932,9.21,-463.43,-105.09,27.08
2933,8.67,-457.22,-107.03,22.4
2934,-35.49,-470.46,-103.63,25.42
2935,-13.01,-465.24,-107.68,24.99
2936,13.71,-473.25,-111.78,22.2
2937,-9.94,-469.14,-106.23,22.91
2938,-9.88,-471.7,-112.93,28.18
2939,-38.26,-467.15,-108.73,25.71
2940,-10.41,-467.3,-102.09,26.02
2941,-8.72,-465.44,-106.72,29.56
2942,-36.16,-468.65,-109.24,23.92
2943,-27.29,-422.65,-102.12,26.74
2944,11.39,-445.88,-102.59,22.08
2945,-15.79,-494.5,-106.2,23.15
2946,-3.57,-466.92,-107.81,21.71
2947,-17.31,-460.18,-102.45,26.6
2948,-0.51,-492.54,-107.14,23.33
2949,-12.27,-455.51,-108.25,25.95
2950,-5.2,-462.2,-108.41,23.42
2951,-12.24,-459.64,-107.69,23.19
2952,-23.91,-451.33,-112.56,23.49
2953,2.16,-469.61,-108.44,25.81
2954,-40.99,-468.33,-105.4,27.05
2955,1.67,-471.46,-106.06,31.97
2956,-2.13,-459.11,-108.53,26.81
2957,-41.08,-455.35,-97.39,22.95
2958,-37.66,-476.78,-103.04,24.12
2959,23.46,-464.61,-103.56,21.48
2960,-1.96,-451.57,-103.01,21.99
2961,-81.1,-443.79,-102.4,24.31
2962,48.03,-433.08,-102.88,18.2
2963,-6.01,-450.43,-104.03,17.22
2964,-16.93,-513.14,-97.18,28.2
2965,-31.63,-480.46,-95.64,25.69
2966,-3.55,-469.09,-104.23,26.61
2967,-5.19,-398.57,-101.7,19.36
2968,-36.05,-509.09,-97.09,21.49
2969,-15.14,-490.64,-97.89,26.03
2970,0.23,-463.45,-98.54,26.06
2971,-19.2,-463.1,-102.77,21.24
2972,-17.72,-466.99,-98.9,23.4
2973,-29.54,-461.57,-96.54,22.87
2974,-25.21,-460.67,-98.42,20.72
2975,7.91,-443.53,-104.08,21.5
2976,-26.78,-455.81,-106.85,23.91
2977,-44.96,-448.49,-90.46,28.85
2978,-49.24,-456.41,-107.02,25.09
2979,-20.71,-469.27,-102.3,26.44
2980,30.86,-475.91,-101.65,25.95
2981,5.61,-475.74,-102.81,29.16
2982,-8.26,-466.08,-107.67,26.67
2983,3.81,-440.72,-105.46,27.12
2984,-16.15,-469.8,-99.68,28.54
2985,-18.29,-482.74,-105.66,26.3
2986,-27.72,-466.4,-107.09,22.83
2987,-4.94,-462.75,-108.6,25.04
2988,-7.93,-470.5,-103.72,25.62
2989,-21.99,-469.37,-104.6,21.7
2990,-13.13,-459.33,-102.33,25.64
2991,-14.79,-453.72,-104.94,26.34
2992,-31.04,-478.7,-110.66,25.53
2993,-7.96,-465.59,-106.49,24.01
2994,4.45,-462.64,-105.44,18.19
2995,-22.19,-477.84,-102.36,27.03
2996,-56.96,-467.4,-108.35,21.87
2997,10.92,-457.11,-110.49,23.73
2998,-5.92,-470.57,-107.12,19.79
2999,-26.74,-465.74,-107.48,19.91
