,ch1,ch2,ch3,ch4
0,-91.1,-400.6,-139.27,-31.25
1,-1.28,-581.48,-99.46,14.58
2,45.83,-316.31,-64.44,-24.17
3,7.57,-387.08,-84.74,27.35
4,-173.43,-422.29,-125.57,18.25
5,101.03,-568.06,-97.76,-53.95
6,27.32,-473.68,-129.77,-21.09
7,-20.2,-373.28,-10.41,77.09
8,46.15,-611.09,-83.06,25.48
9,-1.74,-542.9,-139.68,28.75
10,-91.76,-551.82,-186.63,-7.92
11,-152.91,-454.37,68.77,-11.19
12,134.04,-271.17,-139.94,-8.88
13,-9.09,-418.81,-173.34,-21.78
14,17.73,-473.57,-71.78,-64.42
15,-8.97,-410.63,-3.7,102.33
16,-7.53,-497.37,-80.49,26.56
17,-59.6,-625.89,-137.16,-105.53
18,-37.05,-461.7,-91.69,85.31
19,7.54,-469.4,-49.71,40.08
20,6.98,-402.45,-144.26,23.29
21,-13.17,-549.4,-224.84,-0.22
22,-26.82,-523.78,-98.46,14.6
23,-48.07,-510.83,20.56,25.75
24,-141.71,-408.57,-205.68,-241.91
25,58.73,-393.49,46.51,177.16
26,-6.27,-435.25,-130.07,42.51
27,30.98,-437.35,-69.08,42.21
28,-66.21,-577.82,-104.99,-28.6
29,9.41,-551.53,-98.9,22.76
30,30.93,-346.27,-113.59,-32.1
31,6.67,-469.35,-77.07,12.55
32,-69.56,-511.22,-157.94,59.05
33,-165.34,-519.79,-299.01,-39.14
34,92.34,-510.55,45.3,-42.08
35,55.74,-353.07,0.71,51.92
36,-73.8,-452.22,-167.91,-57.01
37,-23.53,-532.02,-95.58,-24.23
38,76.2,-483.08,-78.54,29.61
39,6.84,-457.59,-58.54,24.77
40,-58.73,-466.8,-131.75,-47.08
41,11.95,-516.2,-51.51,21.21
42,-37.45,-542.59,-96.73,49.84
43,-17.75,-480.92,-65.71,17.08
44,-20.34,-383.17,-114.53,-2.08
45,-9.15,-505.59,-95.45,76.88
46,-47.3,-481.31,-166.13,-37.73
47,-144.71,-354.27,-121.69,-13.38
48,15.05,-435.47,-14.26,-18.63
49,38.46,-611.76,-127.63,-8.39
50,-90.43,-529.02,-62.92,-5.17
51,-79.05,-432.3,-48.98,-6.02
52,60.48,-367.65,-142.67,13.9
53,106.0,-511.06,-76.72,10.0
54,-5.68,-518.32,-162.17,15.76
55,-12.05,-504.41,6.24,-0.35
56,-15.66,-485.66,-74.13,3.69
57,-133.82,-507.84,-213.21,17.16
58,-62.01,-340.45,-268.32,-84.94
59,106.07,-286.57,86.98,92.32
60,41.37,-607.54,-101.23,-35.93
61,-83.46,-564.52,-68.85,3.13
62,20.08,-491.03,-67.91,-5.31
63,-99.88,-530.65,-99.3,77.39
64,37.31,-445.71,-185.66,-91.55
65,-30.01,-300.5,-31.68,41.83
66,34.81,-489.55,-131.7,61.66
67,-67.04,-467.03,-55.46,4.27
68,-54.79,-509.62,-107.96,-1.18
69,-20.46,-502.84,-54.01,-8.77
70,-13.36,-498.7,-91.51,9.89
71,-63.96,-501.69,-75.37,43.71
72,22.2,-366.0,-111.52,-39.32
73,83.3,-279.7,-151.58,22.37
74,-25.38,-568.68,-65.18,18.5
75,-18.56,-581.99,-71.34,25.79
76,-79.94,-546.28,-105.0,19.23
77,-86.29,-508.57,-130.0,-30.32
78,25.45,-498.85,-166.44,-31.07
79,-8.07,-403.6,-117.89,5.0
80,-80.56,-393.07,13.17,72.54
81,12.73,-601.81,-76.15,-11.1
82,-2.94,-436.19,-108.52,10.05
83,44.85,-489.23,-85.76,29.32
84,-15.44,-524.38,-65.22,-0.97
85,-38.31,-508.74,-99.49,7.56
86,-101.06,-422.09,-162.83,6.4
87,47.98,-341.42,-73.49,-112.45
88,20.85,-273.63,-103.61,-14.16
89,9.17,-505.06,-35.92,100.31
90,-44.06,-558.29,-78.78,24.33
91,-47.06,-629.66,-111.89,2.71
92,-89.69,-558.76,-195.66,-32.82
93,-172.1,-400.22,-34.12,29.14
94,163.97,-369.25,-134.41,-1.02
95,20.78,-504.77,-95.54,-15.66
96,14.28,-510.69,-77.29,9.41
97,-33.83,-472.22,-100.72,-68.66
98,-4.73,-487.65,-76.22,54.29
99,-59.23,-443.4,-76.92,-10.33
100,-76.53,-492.21,-102.16,-32.6
101,-28.54,-407.19,-155.14,-2.99
102,52.71,-488.06,-49.0,-110.84
103,-32.1,-433.87,-64.22,95.65
104,-47.49,-555.31,-83.35,-23.03
105,-69.27,-523.21,-100.38,52.02
106,50.05,-519.84,-154.33,-39.73
107,8.55,-445.12,-119.62,-26.3
108,-74.95,-348.67,-142.64,14.86
109,27.51,-299.85,-19.54,-8.39
110,-52.83,-530.98,-87.88,59.43
111,-9.79,-555.41,-76.4,13.36
112,-14.48,-437.27,-114.62,-21.05
113,8.26,-413.28,-109.47,-54.06
114,-193.94,-613.38,-131.95,7.71
115,-35.56,-547.54,-17.78,46.84
116,147.33,-298.29,-56.61,-53.48
117,17.72,-501.25,-93.58,34.9
118,-29.07,-439.54,-96.94,19.73
119,-54.56,-522.22,-106.22,19.58
120,-61.76,-504.72,-193.0,-11.95
121,-86.3,-420.44,-104.03,-9.38
122,-46.75,-244.94,-69.02,-33.15
123,94.43,-504.58,-79.94,23.71
124,64.62,-536.71,-96.75,-14.43
125,-19.23,-528.49,-53.65,59.83
126,-24.47,-470.84,-146.43,-12.41
127,-21.63,-486.57,-46.18,37.22
128,-110.13,-531.54,-213.84,88.03
129,-48.47,-477.37,8.78,-157.11
130,79.59,-423.76,-72.4,50.3
131,-26.08,-489.34,-112.33,31.24
132,6.38,-516.81,-83.5,22.22
133,-50.35,-428.06,-82.43,22.45
134,-45.38,-444.33,-147.24,-0.31
135,-111.62,-443.11,-127.49,-17.45
136,23.27,-405.41,-91.9,-41.33
137,73.55,-320.07,-70.25,77.05
138,-11.13,-633.17,-70.52,12.95
139,-2.69,-484.36,-61.98,54.52
140,-30.03,-460.54,-127.9,-7.36
141,-36.68,-575.46,-31.86,9.89
142,9.65,-358.23,-119.76,12.18
143,-10.74,-486.04,-171.92,24.32
144,-8.89,-486.16,-328.88,-79.15
145,-53.63,-496.98,87.21,35.47
146,15.31,-406.11,-68.49,2.93
147,-26.17,-448.86,-51.3,49.42
148,-147.81,-447.19,-107.09,14.76
149,97.46,-436.01,-198.98,-62.19
150,1.37,-554.3,-4.67,73.85
151,-42.28,-565.08,-77.21,21.56
152,-22.88,-433.5,-92.26,20.08
153,-44.04,-345.06,-146.02,-12.6
154,2.54,-548.58,-67.18,0.21
155,8.35,-455.77,-65.15,43.46
156,-0.95,-505.25,-99.95,-3.5
157,7.96,-242.97,-77.75,-14.33
158,-32.2,-484.92,-90.1,20.41
159,-30.32,-515.14,-103.3,24.37
160,-124.37,-550.76,-153.54,5.38
161,-77.29,-459.26,-168.69,-47.55
162,132.38,-504.92,18.53,18.07
163,15.17,-493.44,-64.72,62.57
164,-22.72,-445.56,-177.42,-53.97
165,-36.66,-527.08,-99.13,-4.53
166,-65.58,-464.79,-35.25,63.02
167,45.48,-345.06,-61.54,5.03
168,-11.49,-465.89,-96.01,17.96
169,-20.37,-396.65,-92.75,13.2
170,-23.73,-498.66,-40.18,52.1
171,-43.16,-575.62,-103.51,-5.12
172,6.84,-443.37,-129.08,-19.0
173,-32.32,-379.84,-89.02,19.74
174,-41.73,-521.62,-89.98,17.2
175,-87.41,-567.98,-97.06,17.89
176,-3.84,-298.41,-99.32,4.23
177,-9.73,-442.36,-115.76,10.65
178,-140.87,-526.84,-226.63,-14.67
179,102.28,-520.41,-19.63,-26.78
180,43.87,-472.57,-57.63,56.95
181,4.4,-466.39,-83.55,30.42
182,-4.34,-375.18,-67.73,-3.01
183,-32.3,-544.96,-107.07,39.24
184,-12.1,-506.53,-124.83,39.8
185,-20.65,-512.34,-265.14,-10.19
186,-32.22,-469.26,-24.23,-9.99
187,-19.36,-453.08,-39.51,2.83
188,-27.69,-446.96,-80.66,32.96
189,-17.88,-489.35,-136.76,-14.83
190,-72.49,-477.06,-74.48,31.74
191,-62.1,-422.33,-124.55,18.26
192,42.41,-424.69,-59.36,10.37
193,-40.65,-589.75,-90.16,-4.37
194,-12.76,-324.2,-94.94,-9.9
195,-26.89,-341.36,-82.3,44.48
196,1.74,-542.47,-106.39,18.38
197,31.83,-481.43,-93.4,23.66
198,-39.12,-399.6,-141.8,22.39
199,-92.41,-590.64,-164.87,-59.85
200,-116.51,-652.24,-100.13,-53.78
201,80.19,-439.51,-37.66,20.21
202,66.6,-401.09,-60.63,92.9
203,8.0,-340.89,-84.31,24.06
204,-18.76,-402.93,-128.28,36.33
205,-72.61,-658.03,-204.47,39.92
206,-50.52,-507.94,-18.99,-51.67
207,18.7,-482.07,-61.02,19.58
208,-21.85,-521.58,-92.18,8.12
209,-40.76,-456.42,-90.95,10.93
210,-10.44,-406.76,-90.42,18.91
211,-20.62,-447.57,-96.6,15.11
212,-59.63,-577.09,-160.08,28.77
213,-141.29,-426.8,-203.16,-94.38
214,89.05,-377.07,-104.85,1.65
215,57.51,-485.12,-34.01,24.27
216,-2.42,-337.3,-47.08,42.13
217,-27.97,-585.19,-84.5,25.79
218,-32.34,-523.59,-100.02,5.06
219,-101.38,-485.13,-84.38,10.2
220,-368.41,-312.83,-229.68,49.3
221,390.03,-530.48,-76.71,-79.66
222,35.33,-544.82,-41.51,35.23
223,-2.89,-416.48,-83.41,26.09
224,-27.69,-493.94,-94.22,-8.19
225,-35.82,-522.7,-92.24,6.7
226,-37.43,-475.17,-85.63,31.23
227,-29.89,-493.29,-104.92,11.24
228,-29.18,-505.57,-219.31,-29.87
229,-4.35,-426.13,-10.15,30.51
230,-36.43,-491.9,-89.32,9.75
231,-21.35,-503.38,-124.87,-3.38
232,-7.11,-434.67,-65.7,9.77
233,-28.29,-482.59,-76.71,16.26
234,-73.09,-465.14,-105.39,46.04
235,-291.3,-449.5,-343.49,18.91
236,294.55,-472.72,15.95,-134.74
237,9.77,-305.62,-36.73,55.51
238,13.9,-434.94,-73.96,38.08
239,-12.25,-517.81,-81.26,34.0
240,-25.21,-519.16,-89.57,20.89
241,-99.54,-522.09,-94.82,14.65
242,-228.45,-453.52,-184.08,-30.37
243,236.15,-523.78,-42.36,24.74
244,32.47,-468.3,-108.74,33.66
245,-9.16,-490.82,-55.95,25.57
246,-19.43,-484.61,-96.81,13.78
247,-32.67,-502.07,-57.05,12.19
248,-11.85,-455.59,-92.73,3.59
249,-31.91,-510.13,-198.84,25.97
250,-48.36,-517.64,-179.57,-33.43
251,-13.69,-422.43,-32.07,-11.16
252,8.67,-429.45,-86.53,-11.42
253,-19.62,-478.44,-85.51,6.7
254,-17.21,-359.56,-55.82,54.99
255,-174.89,-331.47,-219.72,26.67
256,49.34,-525.58,-59.77,-74.63
257,22.79,-618.03,-15.9,62.94
258,-7.64,-544.22,-73.71,30.71
259,-15.31,-595.78,-89.92,20.88
260,-19.55,-317.57,-80.19,40.71
261,-55.13,-341.02,-107.98,20.76
262,77.31,-403.01,-117.31,-15.35
263,-25.27,-555.75,-81.49,9.22
264,-23.66,-505.0,-98.01,7.09
265,-48.82,-541.89,-94.22,17.39
266,-53.43,-348.45,-173.34,-48.29
267,-168.81,-485.97,-274.37,-30.56
268,144.23,-588.01,72.09,64.45
269,6.8,-462.96,-63.41,44.0
270,-25.5,-521.32,-86.74,43.29
271,-21.59,-498.23,-65.65,26.53
272,-24.46,-517.81,-130.64,-25.8
273,-17.73,-468.79,-251.53,31.59
274,-30.51,-486.64,-6.25,0.42
275,-4.21,-391.58,-35.51,23.47
276,-45.59,-422.4,-95.64,38.98
277,-97.97,-479.01,-192.78,-14.42
278,39.34,-522.57,-53.25,25.18
279,29.64,-506.51,-73.95,11.43
280,-10.12,-370.32,-98.86,12.7
281,-81.27,-376.17,-91.74,3.17
282,-62.84,-480.12,-90.41,-24.75
283,56.65,-508.21,-198.21,24.0
284,2.26,-537.52,-63.14,46.98
285,-20.92,-439.23,-64.92,43.19
286,-10.1,-470.02,-91.01,10.61
287,-20.85,-448.04,-110.48,-23.23
288,-64.02,-538.55,-131.01,23.37
289,-105.43,-506.09,-301.65,-10.66
290,14.73,-481.85,-38.59,1.72
291,57.18,-449.92,3.31,5.76
292,-13.51,-478.7,-69.08,41.88
293,-4.44,-454.34,-118.91,13.52
294,-66.22,-423.42,-108.63,-10.47
295,-0.82,-513.24,-51.0,0.32
296,-8.15,-417.56,-141.48,6.19
297,-43.11,-494.92,-105.87,-24.66
298,-31.52,-493.73,-130.98,-11.58
299,21.32,-402.02,-65.61,49.1
300,-52.67,-333.76,-85.43,31.93
301,-3.33,-566.83,-100.73,-2.68
302,-44.24,-530.51,-135.25,23.29
303,-62.9,-517.5,-82.27,14.3
304,-94.45,-488.23,-70.16,37.73
305,98.68,-346.9,-100.39,-1.37
306,12.09,-534.9,-107.05,-2.22
307,-31.5,-554.02,-198.84,6.51
308,-7.09,-494.51,-43.91,-20.52
309,-12.98,-439.39,-95.93,20.9
310,-46.03,-444.69,-81.65,31.15
311,-6.44,-540.49,-171.1,-36.6
312,-39.41,-439.28,-58.66,29.77
313,-17.35,-495.18,-74.1,-29.5
314,-20.49,-507.73,-60.22,68.57
315,-40.67,-506.91,-112.78,2.3
316,-34.51,-413.55,-106.91,9.68
317,6.83,-433.65,-88.53,41.48
318,-86.34,-467.57,-126.95,-0.16
319,-81.74,-508.46,-230.09,-9.87
320,114.5,-455.9,2.29,14.12
321,11.48,-415.69,-72.56,17.54
322,-16.81,-500.45,-92.22,12.75
323,-46.06,-355.31,-143.97,-14.68
324,-15.8,-499.56,-122.93,-10.65
325,-7.88,-591.4,-72.65,59.03
326,-29.78,-507.87,-29.45,-2.0
327,-21.7,-406.49,-114.7,21.73
328,-49.96,-471.82,-96.78,4.5
329,-21.24,-489.74,-81.27,32.54
330,2.44,-461.89,-82.84,6.67
331,-46.0,-506.18,-144.98,4.46
332,-93.82,-467.61,-184.75,-38.37
333,24.59,-471.32,-38.36,42.7
334,25.18,-499.58,-70.06,-11.0
335,-10.54,-455.89,-80.46,8.42
336,-5.03,-349.61,-96.68,16.36
337,-56.47,-515.1,-97.93,5.8
338,-42.21,-451.78,-91.07,15.52
339,-79.36,-541.16,-125.68,17.57
340,45.0,-462.82,-209.69,-12.2
341,-49.83,-475.29,-2.81,4.51
342,-66.72,-391.25,-70.35,2.09
343,71.69,-412.33,-85.56,14.27
344,-16.23,-607.66,-92.45,11.33
345,-31.39,-490.32,-116.31,39.59
346,-84.21,-447.14,-125.9,-15.38
347,10.11,-514.58,-129.17,-36.7
348,14.48,-452.83,-59.58,34.52
349,-22.1,-444.87,-68.56,24.2
350,-41.2,-529.51,-95.43,21.3
351,-64.93,-510.07,-85.63,27.72
352,-59.92,-444.87,-129.61,-14.79
353,-89.06,-439.56,-270.54,-59.78
354,127.21,-510.98,10.61,0.87
355,-5.38,-360.14,-59.36,44.74
356,-42.94,-581.66,-77.65,31.69
357,-14.75,-415.97,-127.68,38.16
358,-19.66,-492.86,-89.06,-8.27
359,-12.84,-458.78,-76.44,4.44
360,-35.28,-494.98,-81.46,33.36
361,-22.91,-502.45,-87.86,16.05
362,-34.12,-462.82,-103.27,-3.68
363,4.41,-374.78,-105.93,-18.38
364,-24.67,-353.21,-94.75,25.44
365,-160.26,-565.94,-110.55,87.01
366,37.45,-534.12,-182.36,-45.22
367,74.09,-516.63,-35.9,-16.56
368,-26.61,-470.0,-76.84,44.02
369,-6.94,-482.34,-102.74,19.67
370,-14.19,-497.58,-74.43,21.33
371,-26.36,-448.85,-108.64,15.25
372,-28.73,-489.72,-103.77,18.62
373,-17.84,-444.27,-102.41,17.81
374,-50.35,-459.63,-165.92,1.47
375,-18.25,-472.37,-82.9,-49.85
376,7.0,-442.22,-65.76,68.97
377,-15.27,-460.52,-95.22,11.43
378,-28.74,-487.87,-132.27,-20.54
379,-25.99,-461.49,-73.1,44.14
380,-43.65,-367.75,-97.8,16.22
381,-95.51,-474.06,-93.79,9.9
382,69.28,-523.03,-98.4,-5.86
383,-11.86,-529.63,-89.94,27.06
384,-18.34,-523.52,-99.0,2.38
385,-24.79,-455.72,-101.04,13.8
386,-32.39,-437.46,-93.26,33.86
387,-19.94,-499.48,-150.7,0.86
388,-12.46,-473.8,-77.46,20.52
389,-21.0,-478.57,-89.47,18.42
390,-23.85,-478.11,-97.15,12.41
391,-32.0,-490.79,-105.5,13.92
392,-23.08,-467.35,-102.85,18.39
393,-21.14,-464.39,-116.13,24.6
394,-17.28,-484.19,-136.97,-15.67
395,-31.73,-499.27,-78.53,11.06
396,-28.72,-474.81,-91.05,36.86
397,-29.94,-447.34,-89.78,27.88
398,-41.17,-470.35,-89.1,36.69
399,0.03,-465.92,-142.44,44.02
400,-38.92,-507.44,-140.69,-76.69
401,-21.82,-494.04,-48.84,31.59
402,10.39,-475.55,-82.37,30.94
403,-20.85,-466.97,-90.56,29.69
404,-23.03,-468.06,-117.99,5.96
405,-19.92,-469.24,-94.47,14.14
406,-23.4,-458.86,-96.27,-1.94
407,-31.36,-462.29,-96.58,15.98
408,-55.15,-459.51,-123.65,8.92
409,4.17,-458.43,-145.32,-41.43
410,-2.72,-477.61,-44.81,55.46
411,-20.5,-483.14,-81.49,33.26
412,-110.66,-492.66,-90.37,21.58
413,43.73,-439.8,-93.71,-1.54
414,7.92,-495.26,-105.84,-10.23
415,-6.8,-469.69,-97.65,37.48
416,-18.87,-480.82,-97.04,19.47
417,-30.44,-503.68,-97.63,17.81
418,-28.99,-478.26,-94.6,11.46
419,-30.53,-480.93,-89.17,9.78
420,-20.63,-426.69,-96.61,8.4
421,-21.13,-498.66,-97.4,27.99
422,-33.02,-491.25,-97.68,7.03
423,-42.6,-478.94,-94.13,11.86
424,-15.98,-479.91,-93.64,8.72
425,-25.94,-481.73,-98.09,10.05
426,-16.43,-448.83,-99.02,7.12
427,-25.26,-458.61,-97.54,13.68
428,-20.4,-459.01,-93.71,17.19
429,-27.76,-471.34,-86.49,17.12
430,-39.43,-507.9,-85.22,18.96
431,-26.04,-492.33,-89.8,15.59
432,-30.66,-481.32,-88.51,13.07
433,-14.26,-465.91,-86.32,16.86
434,-31.9,-471.28,-88.51,16.92
435,-28.65,-469.77,-90.11,15.02
436,-34.94,-461.04,-87.91,22.95
437,-5.59,-453.24,-86.14,18.25
438,-25.79,-470.41,-87.39,14.55
439,-29.09,-424.96,-91.76,19.98
440,-21.38,-397.42,-91.75,15.07
441,-33.59,-524.79,-89.1,21.2
442,-23.98,-479.17,-80.6,17.98
443,-21.7,-440.98,-85.65,20.09
444,-35.01,-474.5,-79.92,20.4
445,-37.32,-469.11,-86.69,19.17
446,-12.12,-448.47,-86.33,20.47
447,-21.63,-455.21,-82.96,18.42
448,-32.76,-457.53,-84.37,17.15
449,-26.93,-431.0,-84.13,17.85
450,-30.4,-463.05,-81.95,20.42
451,-32.51,-476.91,-87.16,21.16
452,-40.44,-460.85,-87.16,19.22
453,-36.73,-437.09,-84.35,22.56
454,5.77,-474.69,-89.02,20.23
455,-12.09,-377.95,-89.14,16.67
456,-18.87,-452.8,-86.83,23.55
457,-60.4,-523.82,-87.88,22.7
458,-92.48,-511.56,-91.43,19.25
459,44.34,-466.01,-93.11,19.99
460,-21.78,-457.89,-89.81,18.37
461,-2.49,-473.32,-92.78,15.48
462,-8.21,-481.39,-94.91,15.79
463,-18.95,-501.62,-91.74,19.01
464,-22.18,-497.6,-94.09,22.23
465,-23.55,-488.8,-96.54,21.07
466,-28.59,-473.24,-92.7,21.66
467,-29.57,-472.56,-89.08,21.59
468,-19.32,-467.71,-92.71,23.39
469,-25.35,-467.24,-92.74,20.48
470,-24.84,-457.69,-82.34,24.82
471,-28.07,-466.97,-87.55,20.61
472,-22.79,-460.91,-99.75,18.78
473,-23.7,-462.69,-95.97,18.07
474,-20.63,-462.91,-96.26,19.08
475,-29.49,-464.44,-96.47,20.78
476,-24.19,-409.98,-94.87,22.72
477,-32.32,-498.43,-95.08,26.02
478,6.26,-483.97,-98.85,22.88
479,-4.66,-423.4,-96.71,19.02
480,-32.78,-397.67,-100.24,20.53
481,-33.26,-512.98,-77.56,36.12
482,-12.44,-471.78,-76.95,32.55
483,-25.74,-473.57,-101.67,25.23
484,8.51,-394.79,-95.61,27.14
485,-39.73,-476.51,14.48,31.72
486,-48.96,-490.95,-127.91,32.49
487,-29.57,-478.65,-121.76,22.51
488,-10.81,-459.32,-101.44,23.39
489,-15.12,-421.64,-104.39,23.51
490,-37.87,-495.01,-104.49,21.8
491,-15.55,-468.21,-107.79,22.6
492,-26.79,-467.63,-101.33,31.02
493,-4.83,-400.87,-105.58,28.26
494,-11.67,-431.33,-99.66,28.25
495,-23.2,-532.92,-101.83,29.14
496,-10.99,-485.44,-114.11,25.57
497,-14.0,-469.29,-96.46,30.84
498,-20.75,-476.15,-82.1,27.99
499,-13.26,-477.1,-120.21,24.55
500,7.97,-466.68,-77.79,22.76
501,-20.57,-509.86,-29.49,45.55
502,-8.88,-488.09,19.78,34.76
503,-27.42,-482.39,-123.78,41.97
504,-6.31,-458.75,-153.11,13.74
505,7.99,-453.46,-30.77,27.28
506,-32.46,-512.26,-104.77,48.66
507,-14.35,-433.73,-103.97,31.15
508,-5.53,-490.7,-33.41,36.2
509,-2.45,-438.15,-59.48,17.12
510,3.18,-379.52,-190.11,23.42
511,-9.97,-490.16,-68.9,31.56
512,-20.09,-522.16,-94.46,19.89
513,-11.86,-419.12,-86.79,32.64
514,14.67,-445.62,57.24,35.57
515,0.56,-529.46,114.32,43.48
516,-67.56,-663.8,47.39,72.88
517,-26.1,-543.98,-280.08,5.29
518,-44.34,-539.81,-190.32,22.04
519,-12.97,-510.81,-151.73,16.89
520,15.65,-479.86,-174.29,10.58
521,4.55,-475.14,-141.56,11.27
522,-10.2,-483.76,-25.3,37.31
523,-16.26,-481.94,-74.62,34.88
524,2.74,-463.84,-119.4,13.84
525,-5.07,-514.57,266.08,42.97
526,20.48,-485.51,-22.23,37.04
527,-21.15,-502.11,-192.17,42.98
528,-26.1,-510.73,-257.9,-10.67
529,-8.12,-479.34,-24.92,-42.97
530,-10.89,-494.21,-32.55,46.78
531,-14.39,-487.57,-254.75,13.54
532,-20.36,-455.87,-154.6,44.33
533,-19.9,-424.04,-132.13,11.08
534,-37.08,-505.64,-140.5,25.04
535,-21.69,-506.47,-82.53,18.92
536,-19.9,-522.64,21.94,73.87
537,4.29,-479.63,-45.28,5.56
538,-24.18,-426.63,152.74,45.73
539,-36.41,-480.32,-342.64,-1.64
540,11.68,-513.83,-33.34,33.4
541,-9.31,-511.51,-173.36,23.31
542,3.98,-370.51,-209.94,11.67
543,10.4,-305.48,145.5,75.68
544,-15.4,-600.4,2.69,31.56
545,-31.07,-647.58,-91.11,134.71
546,2.23,-482.64,152.32,-26.53
547,-0.84,-390.78,-179.93,-75.81
548,-12.87,-544.98,143.33,50.04
549,-10.24,-545.21,-174.51,-40.91
550,-20.23,-556.79,-404.24,1.21
551,-3.95,-520.66,-172.59,18.32
552,16.21,-497.46,192.82,145.29
553,-7.15,-514.2,-432.41,-42.47
554,2.93,-515.77,-138.75,8.05
555,-34.23,-559.15,-92.6,-139.83
556,12.44,-508.98,136.83,241.12
557,-7.88,-512.4,-318.01,-98.09
558,-23.31,-541.75,-185.45,-89.93
559,-26.32,-526.29,-458.78,-43.6
560,-9.48,-509.76,63.39,27.75
561,34.54,-464.68,-161.17,-88.59
562,1.07,-422.65,-227.26,-69.68
563,-17.09,-533.62,-223.75,28.79
564,-21.99,-522.49,52.16,70.89
565,14.13,-325.83,39.1,121.65
566,-9.9,-388.81,-426.51,-61.92
567,-26.25,-643.29,-25.56,-62.82
568,6.04,-504.25,60.02,-187.87
569,-36.63,-526.53,-522.47,31.82
570,9.83,-529.69,-48.96,56.8
571,-32.3,-551.53,119.76,121.67
572,10.22,-543.84,-322.58,-126.32
573,-25.14,-520.12,-284.31,-9.99
574,-24.6,-469.63,-613.53,-94.49
575,13.76,-497.69,270.43,157.5
576,-22.86,-554.57,-92.28,98.82
577,-3.43,-528.46,-244.15,-130.22
578,-11.75,-548.26,-196.8,-67.04
579,-1.3,-533.2,-592.73,93.93
580,-5.17,-484.25,-126.02,-104.99
581,-19.89,-483.81,-307.98,-110.95
582,19.97,-473.99,593.42,71.61
583,-33.25,-517.53,-279.36,-51.04
584,-27.97,-531.9,-481.03,-68.65
585,-29.25,-472.62,-211.25,-41.33
586,12.97,-483.08,51.86,106.38
587,-43.46,-533.37,-381.63,-49.95
588,1.5,-287.2,-65.96,77.31
589,7.81,-504.43,-25.7,51.92
590,-36.78,-569.31,-226.83,108.91
591,-42.89,-520.81,-240.73,25.21
592,2.45,-411.38,230.76,-40.53
593,-21.53,-436.9,-390.66,55.85
594,-41.11,-612.2,132.61,60.48
595,-17.46,-532.61,-307.57,-243.47
596,-4.38,-499.0,99.12,224.69
597,-13.48,-466.49,-332.85,-62.04
598,-9.89,-478.74,-171.93,21.14
599,-19.51,-486.62,-150.05,142.86
600,-34.95,-508.55,-107.21,37.5
601,-26.15,-474.4,-36.78,99.29
602,17.22,-364.1,197.0,103.28
603,-23.54,-411.97,-228.56,-119.46
604,-16.55,-472.51,-338.52,-14.0
605,-13.68,-411.8,-89.44,-32.04
606,-48.4,-648.07,-224.85,22.5
607,-16.69,-530.66,-192.23,39.57
608,-29.13,-493.87,-3.05,188.4
609,-16.41,-539.09,39.87,43.59
610,4.05,-506.08,-137.76,-24.92
611,-59.51,-544.01,-208.17,137.17
612,-12.62,-472.37,-228.82,-109.91
613,10.97,-342.46,-184.95,11.32
614,5.31,-494.01,126.69,48.59
615,-13.32,-590.6,-251.81,24.23
616,-30.69,-481.24,-148.46,83.99
617,-12.32,-409.94,-41.57,41.98
618,-17.82,-558.73,46.81,89.57
619,-27.31,-488.13,-307.07,-42.31
620,-17.86,-524.68,-232.19,56.84
621,1.3,-466.21,264.77,74.73
622,-35.77,-447.23,-475.82,26.15
623,-3.61,-509.62,-29.63,-15.08
624,-3.16,-509.4,-155.18,-2.06
625,-25.19,-529.12,-236.14,13.0
626,-14.45,-454.9,-192.02,-15.98
627,13.11,-368.95,298.21,63.64
628,-31.17,-427.23,-291.9,30.56
629,-40.04,-613.9,-127.44,23.48
630,-55.9,-558.23,-190.15,28.17
631,-40.72,-532.18,-74.75,67.55
632,38.27,-403.83,284.23,34.07
633,-4.81,-406.56,-456.83,139.29
634,-16.23,-556.55,-76.71,-23.18
635,-42.32,-542.71,-240.19,26.62
636,-25.73,-492.27,-159.13,28.17
637,-5.53,-517.7,-56.84,101.16
638,-8.51,-518.79,0.12,-18.35
639,-31.29,-447.07,-293.82,4.24
640,2.67,-421.37,-80.26,48.54
641,-20.02,-510.38,-165.98,44.2
642,-15.08,-541.22,-100.12,-0.57
643,-0.5,-457.39,-69.54,47.38
644,-27.69,-497.43,-153.33,53.21
645,-35.04,-484.22,-241.22,40.01
646,-6.39,-527.15,165.87,-39.04
647,-29.51,-564.22,-219.74,80.25
648,-9.41,-499.45,-319.31,-99.73
649,-40.09,-520.94,-134.13,114.21
650,-8.93,-451.45,-8.82,25.74
651,-6.49,-454.03,-176.7,71.43
652,-37.89,-525.35,-148.29,22.83
653,-4.28,-473.11,-167.2,39.37
654,-13.43,-515.86,30.03,86.95
655,-18.52,-515.0,-176.43,-22.2
656,0.02,-465.94,78.85,42.22
657,-16.99,-438.29,-219.62,42.09
658,22.26,-204.4,-130.93,1.29
659,-31.9,-512.92,-151.42,51.59
660,-39.0,-660.77,-123.79,-24.0
661,-20.47,-430.85,-76.3,26.27
662,-24.17,-570.76,-159.96,10.93
663,-30.32,-530.67,-120.94,65.25
664,-20.04,-469.17,-103.34,27.31
665,-18.41,-482.78,-78.52,44.57
666,13.88,-285.01,-159.81,16.64
667,-19.59,-490.08,-79.22,18.53
668,-29.64,-649.86,-21.47,44.7
669,-52.19,-633.07,-288.53,-46.46
670,-16.52,-486.21,-225.27,38.91
671,17.64,-339.52,23.87,74.01
672,-21.57,-525.61,-135.72,0.74
673,-47.21,-588.65,-130.9,63.64
674,-7.07,-502.8,32.58,40.63
675,-32.4,-519.37,-199.98,29.75
676,-27.71,-510.31,-46.8,55.68
677,-27.16,-515.22,-195.55,2.49
678,-25.15,-538.91,-78.11,69.71
679,-17.97,-446.65,-98.53,39.24
680,-4.88,-442.59,-122.52,50.58
681,-38.03,-557.45,-110.23,8.18
682,-17.51,-504.42,-138.87,23.32
683,2.06,-462.37,-41.69,31.77
684,-13.64,-449.7,-179.2,19.01
685,-2.39,-416.44,-85.74,26.32
686,-5.42,-329.66,-115.7,26.05
687,-44.97,-637.17,-139.06,41.49
688,-28.59,-581.45,-9.48,53.64
689,-29.8,-571.14,-188.81,32.47
690,-7.35,-489.22,-43.35,13.96
691,-25.89,-520.94,-176.5,29.69
692,-25.21,-523.67,-120.62,-6.25
693,-31.61,-483.96,-54.51,31.68
694,-23.16,-493.07,-133.66,12.99
695,-13.17,-510.3,-245.06,-90.8
696,-26.49,-511.77,-92.53,99.34
697,-18.64,-479.11,10.27,71.38
698,-16.18,-495.77,-89.6,63.17
699,-20.14,-492.24,-338.58,-137.56
700,-21.61,-428.48,-98.9,62.97
701,-9.63,-375.14,27.1,95.85
702,-31.18,-514.32,-93.89,24.06
703,-33.03,-568.54,-150.2,6.91
704,-18.06,-486.21,-8.77,57.63
705,-30.88,-561.1,-171.28,-8.14
706,-24.26,-492.4,-75.22,35.01
707,5.25,-410.31,-176.36,24.19
708,-32.51,-538.72,-138.19,32.97
709,-23.74,-540.64,-142.23,7.67
710,-16.3,-517.97,-55.41,-11.81
711,-21.49,-506.08,-166.04,29.2
712,-11.44,-479.63,152.59,101.23
713,-21.2,-521.03,-244.81,35.97
714,-14.27,-504.37,-163.2,-41.46
715,-2.2,-408.11,1.05,88.8
716,-38.74,-569.26,-193.43,-39.65
717,-16.7,-425.84,-108.02,23.88
718,-20.31,-525.72,-78.88,69.69
719,-23.36,-571.44,-261.64,20.66
720,-14.29,-504.52,-28.54,46.92
721,-11.7,-518.99,-136.32,-22.81
722,-17.28,-475.52,-90.3,0.98
723,-7.67,-469.28,52.14,122.17
724,-19.62,-521.82,-249.11,7.24
725,-12.86,-472.99,-129.19,-23.83
726,-27.66,-532.79,-20.36,30.61
727,3.13,-451.49,-195.31,96.06
728,-3.09,-426.73,-127.56,-14.59
729,-45.97,-600.19,-204.93,-45.48
730,-36.47,-533.38,-168.05,145.96
731,-9.75,-482.31,-244.39,-152.92
732,-6.98,-530.64,-96.86,125.43
733,28.76,-333.76,-101.51,10.51
734,10.33,-483.98,-480.21,-70.56
735,-6.2,-558.65,-99.68,-85.61
736,10.03,-383.54,-188.6,-130.24
737,-18.47,-629.1,-156.77,105.13
738,-9.89,-511.67,-256.7,-185.09
739,-31.7,-441.69,-291.22,31.35
740,6.91,-395.31,62.4,85.52
741,-1.01,-376.1,-103.84,-32.77
742,-49.49,-603.42,-169.02,29.34
743,-88.47,-656.82,-111.02,-51.83
744,18.8,-539.74,23.78,106.25
745,23.35,-391.21,-377.76,-7.12
746,-7.3,-517.26,94.62,113.84
747,-50.36,-613.72,-212.64,-118.88
748,-19.1,-553.1,5.77,59.84
749,-7.59,-542.12,-223.39,171.21
750,-28.01,-489.21,-165.63,-13.73
751,-18.14,-456.32,-30.25,-23.77
752,-13.45,-437.29,-40.98,140.99
753,-28.56,-503.95,-110.24,-21.93
754,-28.12,-495.07,-98.38,49.54
755,-22.03,-442.28,-53.08,25.14
756,-11.91,-467.07,-144.49,-39.0
757,-10.94,-472.97,7.23,75.24
758,-23.86,-516.9,-125.79,-6.95
759,-13.29,-487.07,-206.48,101.65
760,-12.12,-508.51,-122.89,-61.0
761,-36.48,-573.9,-91.82,115.25
762,-4.97,-403.06,-64.55,64.78
763,-6.11,-472.76,-166.66,77.78
764,-33.71,-517.79,-50.55,-18.11
765,-26.56,-467.09,-138.07,19.21
766,-0.03,-458.23,-129.86,73.4
767,-30.77,-533.72,-102.63,-11.11
768,2.17,-491.1,121.0,-10.25
769,-27.09,-474.91,-298.35,52.85
770,-25.19,-440.05,-136.09,-9.85
771,-29.06,-475.42,-35.33,77.66
772,-15.9,-499.54,-57.9,-36.58
773,-22.23,-448.03,-154.67,79.34
774,-21.64,-414.1,-100.31,51.46
775,-33.12,-463.1,-31.46,84.27
776,-22.27,-515.87,-136.9,18.22
777,-18.25,-464.63,-49.64,62.33
778,-34.94,-507.64,-99.17,-15.57
779,-43.98,-570.37,-115.27,54.23
780,-12.0,-491.3,-123.84,9.47
781,-25.61,-519.64,-39.88,-3.38
782,-30.58,-498.51,-158.01,31.64
783,-14.8,-486.52,-166.7,85.64
784,-16.21,-487.46,-40.08,56.48
785,-31.28,-485.62,-136.22,27.74
786,-10.65,-432.63,-97.36,29.43
787,6.79,-354.39,-53.89,34.45
788,-29.9,-573.95,-78.05,85.2
789,-30.26,-522.66,-33.13,42.46
790,-23.65,-494.36,-191.99,-50.21
791,-20.45,-504.59,40.72,57.93
792,-20.13,-476.96,-357.87,-65.5
793,-9.07,-495.01,-49.53,0.17
794,-28.92,-475.95,-80.4,114.48
795,-27.71,-469.42,-88.12,37.09
796,7.76,-423.67,23.16,63.43
797,-38.08,-552.36,-188.15,45.61
798,-38.41,-499.56,-123.97,-11.04
799,-3.15,-426.46,-159.56,5.81
800,-32.67,-501.82,-37.16,81.16
801,-19.3,-496.67,-79.92,39.69
802,-1.67,-414.19,59.04,108.57
803,-24.27,-456.25,-204.82,6.69
804,-57.79,-583.63,-128.83,45.59
805,-16.96,-503.72,-55.58,-21.31
806,-8.29,-418.75,-194.39,89.79
807,-26.64,-511.31,-46.77,40.47
808,-11.31,-497.78,-17.58,16.64
809,-16.44,-430.08,-206.16,-11.33
810,-21.03,-425.23,-72.71,55.24
811,-35.4,-513.47,-146.31,5.01
812,-34.63,-563.73,-121.67,15.27
813,-9.11,-465.36,-47.33,66.52
814,-18.51,-486.03,-144.24,28.87
815,-2.72,-512.51,-94.16,66.75
816,-29.16,-470.81,-220.41,89.28
817,-27.0,-513.57,42.63,-62.93
818,-20.11,-507.26,-169.68,34.38
819,-11.23,-475.98,-168.59,-21.99
820,14.43,-398.04,147.7,113.56
821,-40.27,-552.36,-236.45,74.11
822,-20.91,-480.4,-163.91,-8.19
823,9.38,-388.21,-20.4,-6.77
824,-3.74,-333.19,-245.33,60.91
825,-33.03,-568.07,-23.68,32.55
826,-54.43,-626.41,-95.15,59.28
827,-17.91,-452.91,-157.75,10.49
828,-24.22,-542.23,-126.34,-2.17
829,-28.09,-538.26,20.07,29.24
830,1.08,-492.18,-139.45,21.69
831,-13.16,-518.49,-148.72,54.28
832,10.68,-492.49,105.49,-32.66
833,-9.05,-457.59,-467.45,-51.38
834,7.99,-476.72,-50.3,94.5
835,-2.4,-485.86,-294.35,-116.33
836,-19.6,-596.19,58.55,104.95
837,-14.31,-502.67,-10.46,15.53
838,-17.2,-509.52,-277.9,-103.79
839,-7.46,-463.0,-8.32,14.17
840,-22.09,-537.65,-355.2,-115.96
841,-33.51,-544.46,-243.05,115.28
842,0.41,-440.55,-45.04,-5.22
843,8.63,-580.55,264.21,-28.98
844,-49.73,-456.39,-419.34,74.39
845,7.52,-365.41,-166.61,-38.46
846,-20.64,-549.34,-204.55,-12.05
847,-34.59,-473.33,-82.46,86.89
848,-35.42,-525.93,-174.91,30.1
849,-0.81,-397.65,-71.25,11.91
850,-14.77,-476.51,50.95,36.97
851,-34.65,-540.47,-16.0,135.32
852,-8.0,-461.81,-183.87,39.12
853,-26.62,-552.06,-221.18,-49.3
854,-24.02,-493.41,-107.14,58.84
855,-20.63,-486.36,-83.54,25.61
856,-9.61,-508.91,-121.47,106.53
857,-32.11,-501.83,-156.57,-78.97
858,-27.7,-494.93,-101.39,22.72
859,-10.01,-488.08,6.79,62.75
860,-10.31,-481.26,14.18,57.81
861,-16.83,-476.41,-136.61,23.35
862,-29.48,-481.98,-332.85,-13.23
863,-15.76,-427.27,41.38,151.29
864,-10.99,-450.38,-51.53,6.33
865,-5.95,-425.1,-390.51,-115.03
866,-7.83,-598.98,39.94,37.27
867,-44.83,-542.17,-116.33,159.29
868,-0.25,-411.74,40.96,6.71
869,-33.17,-551.63,-90.76,-38.94
870,-45.66,-497.62,-187.62,59.71
871,-3.24,-400.38,-23.35,50.46
872,-43.73,-520.75,-239.69,58.01
873,-30.33,-541.41,-51.58,30.7
874,-23.16,-503.15,-206.52,-18.39
875,-13.04,-518.73,-29.35,87.66
876,-13.88,-451.44,-159.01,3.61
877,-25.2,-464.57,-195.45,183.24
878,-15.4,-394.89,-21.03,-18.49
879,-12.74,-499.62,-54.54,45.91
880,-25.84,-540.22,-73.35,180.02
881,-33.23,-520.29,-150.06,-15.57
882,-13.89,-452.96,-168.36,-53.21
883,-4.09,-388.53,82.91,7.46
884,-30.47,-546.77,-199.23,33.11
885,-37.03,-539.09,-166.69,35.4
886,-13.75,-422.63,-164.85,62.28
887,-6.37,-445.24,77.54,32.47
888,-49.95,-580.1,-271.12,27.53
889,13.03,-439.71,-171.79,85.05
890,-31.15,-465.48,-139.96,-9.29
891,-50.71,-541.53,-67.48,74.93
892,-25.28,-482.99,-108.69,46.18
893,-11.99,-478.01,177.05,90.11
894,-13.78,-450.57,-289.33,18.5
895,-13.88,-473.77,-234.61,-1.61
896,-6.24,-415.4,22.36,41.47
897,-7.81,-510.32,-64.57,-32.01
898,-36.41,-530.75,-85.53,79.01
899,-15.2,-551.58,-169.13,-34.95
900,-28.34,-469.96,-218.56,90.0
901,-36.79,-475.76,-153.09,-65.59
902,-11.12,-493.23,-132.27,-18.74
903,-25.95,-497.51,-91.83,250.95
904,-30.57,-422.62,-123.89,-40.42
905,-21.79,-505.89,-76.7,61.33
906,-18.26,-507.88,56.35,81.12
907,-17.09,-487.16,-133.67,60.56
908,-21.02,-498.48,-254.24,-68.16
909,-23.6,-471.69,-105.81,-10.17
910,0.37,-381.47,-4.28,99.46
911,-39.08,-603.19,-9.33,-112.14
912,-32.84,-520.35,-200.53,56.61
913,11.4,-455.38,83.86,123.76
914,-29.43,-512.71,-148.24,-34.11
915,-32.06,-474.57,-380.72,58.09
916,-2.45,-483.35,16.53,3.12
917,-34.18,-545.92,-286.43,32.6
918,-28.26,-450.59,-14.87,-72.43
919,2.06,-387.26,451.34,165.1
920,-39.79,-542.02,-411.82,77.18
921,-35.27,-503.64,-233.92,-61.84
922,-19.54,-485.05,-97.64,59.88
923,-24.65,-497.99,-201.98,-6.07
924,-5.69,-451.65,-0.03,79.01
925,-34.08,-474.91,-240.88,-22.18
926,-28.8,-610.39,35.62,124.77
927,-12.51,-361.2,-59.53,-6.31
928,24.14,-434.97,-73.46,52.84
929,-49.73,-586.37,-208.65,-10.24
930,-21.06,-466.34,-185.26,-16.62
931,3.94,-470.35,-106.01,-21.15
932,-13.87,-542.06,416.69,149.1
933,-38.71,-492.61,-372.33,14.53
934,-28.78,-512.9,-248.89,-29.8
935,15.46,-474.84,365.15,25.9
936,-14.14,-466.46,-436.13,-14.66
937,-23.6,-468.5,-247.44,-12.47
938,-23.57,-484.18,-133.92,61.06
939,-25.51,-469.67,-119.01,9.44
940,-14.3,-470.83,52.59,68.0
941,-29.44,-496.13,-279.29,63.41
942,-27.49,-494.26,-99.46,40.3
943,-7.41,-439.93,-17.17,47.38
944,-9.9,-499.19,-60.2,17.26
945,-3.66,-443.14,16.72,74.04
946,-34.57,-540.0,-120.97,158.6
947,17.82,-494.44,188.2,28.38
948,-47.38,-472.39,-470.17,-29.03
949,-13.54,-415.51,-185.84,-52.69
950,0.26,-379.32,-19.66,-30.61
951,-46.88,-635.33,-234.14,24.48
952,-30.28,-516.27,-247.16,1.71
953,-14.36,-398.14,-49.33,34.54
954,-32.78,-508.1,-166.54,47.02
955,-19.55,-502.62,27.44,17.91
956,-16.0,-477.79,-138.89,-1.12
957,-37.62,-515.51,-148.96,97.17
958,-32.64,-469.38,-31.48,54.25
959,-19.8,-476.09,-221.58,97.59
960,-3.92,-448.78,120.35,34.91
961,-27.81,-463.43,-60.63,7.16
962,-34.17,-545.32,-302.59,11.17
963,-29.85,-463.45,-142.71,47.34
964,-35.05,-488.38,-111.91,44.02
965,-31.6,-488.97,-168.53,9.11
966,-18.89,-445.36,19.28,56.14
967,-7.22,-469.01,-51.41,4.65
968,-33.97,-509.58,-264.84,-8.74
969,-3.36,-468.81,86.47,64.26
970,-35.86,-523.62,-343.22,-73.86
971,-26.28,-469.89,-181.19,-4.72
972,-11.51,-422.55,-96.33,109.54
973,-21.0,-486.52,-77.27,54.97
974,-25.61,-480.06,-94.73,-9.4
975,-22.09,-494.57,-131.02,6.61
976,-10.46,-431.98,37.03,18.0
977,-14.19,-431.06,-162.59,6.72
978,-33.83,-471.0,-131.95,73.08
979,-9.84,-459.82,-70.72,78.15
980,-33.44,-583.39,-141.81,47.46
981,-26.47,-498.23,-63.84,1.0
982,-25.13,-378.07,-109.36,66.32
983,-9.16,-509.53,-94.54,82.31
984,-14.43,-464.0,-102.74,-33.42
985,-17.88,-502.18,-97.47,14.66
986,-37.11,-544.31,-198.71,-15.26
987,-49.8,-587.76,-120.32,38.67
988,-26.32,-456.16,-117.48,61.39
989,-7.21,-388.91,-88.65,59.89
990,-19.17,-413.13,-102.89,20.81
991,-16.97,-459.75,4.53,42.54
992,-1.38,-439.88,44.53,-32.85
993,-34.71,-581.23,-312.98,30.4
994,-24.67,-482.17,16.68,55.44
995,-33.37,-480.82,-145.61,127.95
996,-14.34,-514.78,-116.99,-28.47
997,-33.49,-544.47,-115.72,151.59
998,-14.95,-493.75,-111.87,-28.47
999,-17.38,-469.79,-31.72,-20.85
1000,-4.62,-461.79,-103.37,29.72
1001,-16.09,-468.85,-139.85,50.43
1002,-10.14,-520.15,272.2,71.56
1003,-32.64,-503.12,-282.65,-45.49
1004,-21.43,-493.77,80.35,52.86
1005,-20.2,-474.7,-294.17,-75.85
1006,-17.34,-483.08,30.79,78.77
1007,-28.28,-502.51,-173.51,73.37
1008,-29.19,-491.13,-118.62,64.2
1009,-14.14,-445.3,51.34,73.41
1010,-9.08,-454.44,-90.76,-95.87
1011,-35.6,-585.04,-80.2,10.95
1012,-35.69,-478.03,51.94,60.37
1013,-16.89,-474.53,-197.79,29.42
1014,-12.42,-415.59,-292.03,-35.55
1015,-8.72,-570.6,205.7,34.23
1016,-28.35,-482.34,-201.75,45.98
1017,-20.36,-410.5,-8.47,81.8
1018,-11.3,-555.18,295.91,74.44
1019,-47.7,-527.94,-456.82,-27.76
1020,-25.27,-489.46,-143.22,24.99
1021,-33.96,-500.46,-200.31,-31.46
1022,-35.43,-488.26,-134.51,26.18
1023,-11.02,-449.3,-119.24,52.58
1024,-26.33,-509.56,-95.71,30.41
1025,-27.36,-514.37,-133.29,-12.07
1026,-22.88,-465.86,26.25,51.14
1027,-28.43,-471.29,-286.87,27.8
1028,-14.25,-516.79,207.95,60.99
1029,-32.44,-479.08,-438.89,-49.68
1030,-2.49,-418.03,-109.39,58.62
1031,-33.93,-422.38,-180.83,-3.03
1032,-35.48,-586.41,-114.69,7.55
1033,-24.95,-410.03,-97.84,20.11
1034,-12.49,-500.97,-93.25,-21.8
1035,-26.62,-500.78,0.55,91.65
1036,-22.55,-507.9,-133.79,12.3
1037,-25.45,-451.2,-210.81,-30.61
1038,-6.75,-533.38,71.33,93.86
1039,-45.56,-539.25,-265.28,14.73
1040,-16.69,-402.22,59.82,26.69
1041,7.26,-461.49,-32.26,48.85
1042,-37.23,-521.18,-274.51,-35.1
1043,-24.13,-519.56,-62.0,74.32
1044,-28.78,-470.14,-67.02,92.98
1045,-19.56,-480.61,-147.82,21.39
1046,-14.45,-375.08,-245.58,-39.88
1047,-7.2,-550.74,-2.11,36.71
1048,-15.27,-487.44,-133.78,-44.55
1049,-16.72,-446.43,-242.88,-56.47
1050,-32.93,-545.16,-4.55,94.56
1051,-41.91,-526.32,-66.45,36.24
1052,-12.72,-492.43,-238.5,-38.5
1053,-34.48,-530.92,-164.17,85.69
1054,-16.2,-457.8,-24.86,17.71
1055,-14.8,-455.26,-108.5,42.51
1056,-11.87,-410.63,43.76,89.1
1057,-19.05,-483.63,-177.33,-41.08
1058,-24.23,-521.56,-147.04,36.92
1059,-19.96,-407.46,-60.96,45.64
1060,-33.66,-475.28,-228.09,25.66
1061,-26.01,-542.31,-82.26,24.2
1062,-16.52,-439.24,-224.19,-27.24
1063,-14.27,-356.91,-92.46,24.87
1064,-26.7,-580.11,-77.16,88.62
1065,-40.93,-558.57,-195.21,-18.77
1066,-24.37,-547.41,44.15,41.37
1067,-18.24,-475.89,-222.51,1.75
1068,-35.27,-525.46,-107.92,27.51
1069,-19.25,-431.2,-55.53,43.34
1070,7.66,-384.15,-164.73,4.06
1071,-6.58,-426.32,-16.69,-31.24
1072,-37.98,-483.55,-206.46,12.42
1073,-27.63,-566.02,-123.24,84.29
1074,-0.29,-406.0,-120.38,-17.09
1075,-45.36,-483.1,-148.18,68.97
1076,-14.67,-431.33,-101.07,-6.78
1077,-11.72,-525.3,-26.52,25.47
1078,-29.09,-553.48,-105.98,60.55
1079,-26.5,-494.4,-197.62,0.47
1080,-8.33,-444.4,-131.86,-37.26
1081,-24.07,-534.71,-107.92,50.53
1082,-35.8,-473.25,-142.47,36.61
1083,-19.57,-459.62,-140.67,-19.38
1084,-21.04,-516.95,86.47,85.91
1085,-22.05,-484.3,-285.53,-43.28
1086,-8.3,-440.33,-39.73,17.79
1087,-18.32,-467.47,-156.62,-1.66
1088,-23.53,-477.18,-150.95,76.15
1089,-17.72,-400.53,-145.7,-4.42
1090,-7.46,-438.48,17.18,84.86
1091,-31.59,-526.69,-232.62,-17.78
1092,-7.27,-478.13,-76.67,-16.43
1093,-38.42,-519.83,-98.23,0.89
1094,-25.59,-525.74,-132.59,16.08
1095,-26.07,-520.35,-200.29,-73.86
1096,-23.62,-498.99,53.7,140.01
1097,-26.47,-436.97,-186.31,-13.88
1098,-26.8,-502.37,-134.86,52.89
1099,-22.61,-464.16,-97.06,-25.24
1100,-28.98,-479.6,-153.12,53.42
1101,-18.67,-483.64,-143.69,9.85
1102,-21.65,-477.75,-88.12,12.46
1103,-30.53,-489.34,-114.84,14.71
1104,-35.49,-456.86,-152.89,-32.19
1105,9.46,-299.64,31.35,17.06
1106,7.38,-311.28,-222.4,-29.61
1107,-41.29,-633.63,-36.7,107.32
1108,-51.4,-629.34,-73.71,51.08
1109,-28.75,-514.94,-192.78,-124.18
1110,-19.75,-474.92,-149.8,56.35
1111,-32.47,-503.29,-44.76,74.41
1112,-29.44,-493.1,-145.55,0.38
1113,-31.36,-481.36,-37.29,21.37
1114,15.34,-337.52,-81.66,31.07
1115,-26.58,-440.18,-147.48,-43.78
1116,-33.73,-534.54,-188.2,-12.52
1117,-13.45,-467.54,-129.4,12.18
1118,-42.93,-533.3,-152.45,-18.11
1119,-39.68,-551.26,-133.13,15.83
1120,-38.14,-502.69,-99.9,17.23
1121,-16.91,-481.13,-17.96,-3.05
1122,-32.19,-490.15,-200.6,-0.36
1123,-22.79,-492.11,-123.02,36.48
1124,-4.23,-463.26,91.97,73.57
1125,-37.32,-479.03,-270.81,-18.3
1126,-24.64,-472.6,-84.25,14.13
1127,-28.97,-490.61,-20.47,12.93
1128,-30.04,-503.93,-211.82,54.16
1129,-27.54,-311.29,-98.5,63.23
1130,-13.44,-435.8,-152.91,-35.89
1131,-40.81,-804.54,-80.43,-20.1
1132,-6.65,-409.15,93.64,7.06
1133,-22.42,-449.66,-370.22,-46.01
1134,-11.53,-435.15,-127.65,42.85
1135,-5.91,-430.22,-34.37,-0.57
1136,-30.01,-528.94,-191.19,-39.79
1137,-29.23,-490.93,-63.28,46.0
1138,-19.06,-492.26,-83.5,-0.98
1139,-27.76,-453.37,-146.4,36.05
1140,-16.63,-485.94,41.14,20.19
1141,-34.74,-503.14,-221.16,-11.11
1142,-18.74,-532.83,7.47,62.18
1143,-30.98,-467.93,-208.03,9.67
1144,-24.1,-481.61,-209.97,-52.24
1145,-19.47,-469.4,-90.13,2.71
1146,-25.45,-481.54,-150.55,27.38
1147,-27.96,-448.6,48.88,6.62
1148,-10.96,-394.97,-152.44,-56.32
1149,-30.41,-513.49,-165.34,-15.98
1150,-47.65,-542.87,-10.48,34.84
1151,-25.49,-484.43,-170.73,52.66
1152,-9.94,-384.62,0.6,26.79
1153,-40.37,-522.28,-208.42,47.61
1154,-26.02,-562.21,-136.16,-12.64
1155,-10.37,-466.38,-9.96,12.83
1156,-31.14,-528.75,-189.23,11.26
1157,-21.54,-485.82,-112.64,66.97
1158,-21.82,-501.51,-35.87,-96.79
1159,-2.43,-509.03,-145.02,-28.11
1160,-28.12,-376.62,-90.89,88.77
1161,-3.58,-370.19,-145.25,-70.33
1162,-26.25,-583.61,0.33,51.89
1163,-20.06,-557.69,0.57,52.68
1164,-45.2,-535.93,-168.16,27.86
1165,-9.46,-422.62,-91.51,45.69
1166,-12.88,-432.23,-102.6,-39.55
1167,-26.9,-459.57,-229.52,-9.74
1168,-25.11,-484.98,6.9,-13.89
1169,-40.36,-559.43,-151.99,76.94
1170,-33.74,-520.22,-34.78,25.64
1171,-22.68,-473.4,-258.71,-23.8
1172,-8.72,-446.81,-113.88,-113.44
1173,-4.63,-451.43,21.33,-37.6
1174,-38.2,-525.9,-187.44,44.14
1175,-28.71,-491.53,-91.65,16.95
1176,-29.42,-436.19,52.93,92.28
1177,-5.1,-407.19,-95.41,67.22
1178,-46.54,-555.28,-235.46,-80.59
1179,-17.86,-533.39,37.11,50.45
1180,-9.21,-361.67,-100.08,66.6
1181,-24.2,-461.2,-288.96,-45.04
1182,-27.98,-578.93,-112.94,-34.99
1183,-17.86,-527.17,11.38,72.03
1184,-39.41,-492.14,-230.91,-16.06
1185,-23.95,-462.23,-71.08,4.51
1186,-29.4,-478.11,-91.01,-24.09
1187,-35.5,-447.02,-73.71,53.23
1188,-16.29,-488.51,-119.95,-8.84
1189,-16.38,-505.36,-42.51,36.28
1190,-7.62,-488.52,-89.87,66.61
1191,-46.85,-503.05,-156.45,32.64
1192,-37.81,-408.21,-82.42,-22.6
1193,8.79,-394.42,-79.91,29.0
1194,-14.31,-523.45,-83.13,-10.63
1195,-15.31,-514.67,-36.33,-21.89
1196,-31.25,-608.29,-264.07,26.67
1197,-2.75,-375.77,-91.8,3.71
1198,-42.65,-490.96,-145.66,37.48
1199,-17.01,-479.03,95.24,83.06
1200,-18.42,-453.35,-226.67,-90.02
1201,-15.14,-517.79,-162.35,42.98
1202,-33.92,-499.59,-83.34,49.68
1203,-30.16,-506.34,-35.81,10.56
1204,-31.39,-485.71,-198.13,6.31
1205,-34.0,-448.22,-84.47,64.96
1206,-9.62,-371.62,-120.01,-8.08
1207,-25.5,-546.46,-61.52,-2.14
1208,-33.2,-556.33,-248.05,-15.08
1209,-15.8,-450.8,-2.48,70.7
1210,1.45,-387.78,-202.85,-43.58
1211,-19.65,-477.94,-115.43,88.84
1212,-37.58,-576.62,-69.71,18.67
1213,-24.55,-600.02,36.43,44.34
1214,-5.48,-326.32,-187.83,-33.86
1215,-16.36,-450.38,-117.3,36.86
1216,-15.97,-430.63,-125.64,-18.84
1217,-7.83,-451.74,50.91,25.7
1218,-39.37,-570.1,-296.58,-19.4
1219,-38.5,-539.88,-94.39,70.7
1220,-10.14,-399.81,-96.43,5.21
1221,-22.98,-533.77,1.81,82.81
1222,-23.48,-486.19,-150.35,37.92
1223,-7.62,-438.08,-187.85,-7.3
1224,-38.05,-563.78,11.8,47.46
1225,-21.5,-479.81,-203.54,-11.43
1226,-14.66,-503.72,-109.91,4.52
1227,-22.81,-485.08,-63.05,87.94
1228,-0.3,-444.63,-144.95,-27.44
1229,-25.62,-575.67,-103.28,17.3
1230,-6.36,-345.39,-163.76,27.05
1231,-14.51,-391.25,-145.51,25.43
1232,2.49,-488.06,-27.37,9.5
1233,-38.81,-511.06,-233.59,81.43
1234,-25.3,-527.11,31.69,-6.14
1235,-22.86,-471.0,-172.13,38.25
1236,-29.27,-517.43,-124.31,16.86
1237,-15.66,-492.22,-90.55,-7.63
1238,-19.1,-477.2,-150.6,4.16
1239,-15.47,-426.41,90.21,49.95
1240,-14.41,-503.18,-270.86,-40.02
1241,-10.86,-483.58,-177.86,7.31
1242,-24.37,-537.74,32.51,60.48
1243,-11.41,-440.83,-196.63,-12.4
1244,-14.07,-427.22,-121.06,119.48
1245,-32.57,-515.83,-114.43,-74.76
1246,-24.64,-483.79,-162.47,43.96
1247,-18.19,-436.18,-126.36,6.89
1248,-23.51,-515.77,-28.08,39.87
1249,-14.16,-460.75,-167.95,34.41
1250,-3.81,-496.82,152.78,46.23
1251,-31.54,-493.43,-266.51,14.27
1252,-40.93,-534.12,-162.57,-31.03
1253,-15.82,-467.14,-26.5,3.58
1254,-29.06,-462.53,-220.14,31.52
1255,-9.98,-471.09,-111.17,42.2
1256,-23.63,-440.46,-123.1,3.04
1257,-33.71,-546.19,26.77,-5.19
1258,-13.51,-381.62,-88.61,-44.43
1259,-3.84,-394.28,-173.51,34.04
1260,-48.15,-652.51,-171.62,-11.9
1261,-36.22,-538.99,-141.82,40.2
1262,-11.95,-442.19,-137.85,-32.98
1263,-9.22,-387.65,-37.64,71.87
1264,-36.54,-551.84,-103.57,53.8
1265,-24.05,-528.6,-59.85,5.38
1266,-18.91,-457.18,-56.92,42.05
1267,-2.15,-378.54,-140.4,-17.84
1268,-12.38,-553.67,-35.73,49.85
1269,-27.17,-495.42,-205.85,-66.72
1270,-3.65,-389.22,-99.8,-35.56
1271,-20.88,-491.0,-6.69,16.48
1272,-42.07,-491.19,-210.41,80.93
1273,-34.35,-462.5,-73.02,3.2
1274,-6.55,-448.3,-145.47,56.01
1275,-30.61,-552.3,-33.86,19.59
1276,-36.5,-519.18,-136.85,-20.02
1277,-25.23,-523.79,-156.2,-5.81
1278,-27.11,-494.9,-67.09,32.39
1279,-13.8,-466.44,-106.36,82.37
1280,-18.1,-409.43,-27.46,5.78
1281,-6.97,-470.87,-123.47,8.16
1282,-27.44,-547.51,-183.63,-48.67
1283,-28.51,-493.37,-76.77,87.55
1284,-25.69,-444.22,-94.49,-19.75
1285,-17.95,-420.02,-174.83,-94.45
1286,-25.09,-479.83,-111.54,74.45
1287,-30.68,-547.07,-47.94,46.37
1288,-7.95,-455.66,-87.82,22.97
1289,-11.88,-434.08,-137.99,-9.57
1290,-44.73,-547.28,-140.96,22.47
1291,-23.85,-504.9,-119.81,49.44
1292,-15.88,-495.32,-27.24,115.28
1293,-22.74,-495.75,2.33,25.37
1294,-20.96,-505.2,-22.04,-47.38
1295,-21.93,-491.33,-305.52,-65.4
1296,-15.4,-435.16,-84.4,3.42
1297,-23.68,-472.8,-127.42,10.81
1298,-31.87,-502.49,-125.65,29.03
1299,-35.74,-475.58,-99.75,21.28
1300,-17.84,-494.36,-105.24,25.21
1301,-26.16,-469.91,-87.88,31.81
1302,-23.01,-473.86,-9.34,1.94
1303,-25.35,-464.43,-152.01,23.01
1304,-22.72,-475.48,-100.57,12.79
1305,-12.79,-467.41,-122.96,-25.77
1306,-30.41,-476.81,-110.64,58.46
1307,-20.35,-475.53,135.44,68.67
1308,-27.59,-494.02,-244.4,49.45
1309,-14.74,-455.59,-124.22,-29.18
1310,-23.47,-477.61,-121.82,14.15
1311,-24.08,-482.42,-50.56,43.58
1312,-18.43,-451.82,-148.55,-37.7
1313,-22.84,-495.59,-115.68,38.91
1314,-13.27,-466.53,-107.47,16.56
1315,-27.43,-459.21,-96.02,14.5
1316,-19.94,-465.11,-87.9,33.41
1317,-25.51,-416.05,-105.85,41.58
1318,-4.63,-401.13,-63.21,-25.56
1319,-29.6,-583.37,10.23,41.79
1320,-42.61,-551.34,-299.32,-26.05
1321,-24.28,-466.54,-43.08,78.25
1322,-3.0,-443.47,58.51,-2.43
1323,-20.55,-456.29,-157.75,5.75
1324,-15.39,-320.59,-163.16,-21.24
1325,-25.5,-416.15,-190.85,19.31
1326,-50.85,-795.11,74.84,84.84
1327,-33.8,-484.68,-196.73,-25.79
1328,-13.95,-441.77,-89.19,9.6
1329,-19.24,-500.05,-75.43,-22.85
1330,-4.76,-484.31,-130.15,18.78
1331,-19.82,-475.17,-88.06,-2.67
1332,-16.63,-412.82,-98.0,33.36
1333,-32.52,-493.63,-169.33,52.3
1334,-31.71,-499.24,-104.8,17.21
1335,-33.66,-488.01,15.79,70.1
1336,-27.47,-545.19,-220.13,-15.9
1337,-18.22,-487.95,-92.33,0.23
1338,-8.86,-337.83,-144.73,27.71
1339,-10.16,-434.7,-117.54,-12.8
1340,-34.31,-572.46,-0.42,18.45
1341,-30.69,-558.76,-166.46,52.44
1342,-31.2,-464.15,-170.5,-66.8
1343,-32.42,-531.11,-47.87,60.37
1344,-23.03,-484.88,-127.59,-36.07
1345,-18.65,-502.22,53.51,116.19
1346,-29.8,-540.28,-242.01,-64.05
1347,-21.46,-409.83,-87.08,32.25
1348,-16.02,-439.92,-155.44,-18.87
1349,-29.68,-481.24,-151.98,38.1
1350,-11.52,-456.55,-56.25,-44.93
1351,-1.64,-334.76,24.97,89.37
1352,-42.25,-525.23,-185.92,-1.78
1353,-20.36,-532.63,-140.19,6.27
1354,-25.12,-512.77,-79.67,45.9
1355,-17.04,-468.35,-11.51,111.03
1356,-38.41,-521.21,-184.08,-86.03
1357,-27.76,-478.4,-126.35,-18.12
1358,12.12,-401.49,-37.57,10.28
1359,-30.75,-545.6,-81.69,-17.75
1360,-35.51,-502.22,-277.69,-25.41
1361,-29.89,-464.83,-5.67,46.55
1362,-18.45,-512.7,5.5,76.66
1363,-22.07,-493.98,-164.23,31.59
1364,-16.64,-435.17,-185.37,-32.66
1365,-11.03,-424.33,-118.52,-12.86
1366,-27.79,-497.31,127.14,56.04
1367,-26.37,-490.79,-214.6,23.16
1368,-19.97,-398.18,-133.55,32.79
1369,-30.42,-580.93,-88.94,23.52
1370,-38.74,-531.92,-100.86,24.05
1371,-23.49,-486.84,-78.67,61.15
1372,-10.42,-491.22,-103.21,2.45
1373,-16.72,-461.7,-128.8,3.01
1374,-26.93,-514.25,-85.85,6.29
1375,-32.93,-496.13,-108.03,0.08
1376,-11.16,-376.64,-13.56,-20.19
1377,-26.4,-457.83,-154.66,84.78
1378,-32.09,-539.21,78.78,76.87
1379,-16.26,-462.1,-224.44,-22.27
1380,-28.41,-513.28,-146.85,0.15
1381,-8.96,-342.6,-122.66,20.1
1382,-29.37,-525.5,-84.88,61.33
1383,-26.05,-518.22,-84.22,42.58
1384,0.89,-377.52,-39.41,40.16
1385,-12.87,-570.29,-72.47,-32.15
1386,-32.88,-518.79,-68.7,136.35
1387,-27.7,-431.79,-208.25,-36.7
1388,-28.49,-525.13,-125.89,-84.78
1389,-32.37,-543.6,-113.38,90.5
1390,-30.54,-475.55,-112.99,-5.33
1391,7.22,-279.35,-119.57,-0.93
1392,-9.09,-516.44,69.04,31.27
1393,-48.2,-638.63,-156.09,11.26
1394,-17.36,-442.88,-160.52,-9.84
1395,17.17,-350.46,-51.26,-12.07
1396,-49.36,-573.12,-115.39,130.2
1397,-33.26,-538.67,-133.44,-5.22
1398,-8.88,-443.97,-142.2,-27.61
1399,-20.19,-460.17,-106.21,-5.05
1400,-21.37,-455.83,-118.68,18.21
1401,-13.8,-464.0,-116.4,3.47
1402,-22.79,-565.47,2.46,56.7
1403,-28.25,-508.67,-163.08,12.71
1404,-24.88,-482.68,-117.5,17.13
1405,-26.11,-500.74,-101.39,10.91
1406,6.18,-414.85,-16.99,21.78
1407,-20.0,-476.84,-92.18,76.61
1408,-30.86,-533.33,-184.51,-37.03
1409,-18.28,-431.11,-96.29,33.7
1410,-8.76,-332.34,-126.0,-27.0
1411,-26.61,-598.66,-67.99,10.89
1412,-41.38,-552.0,-144.27,52.57
1413,-27.66,-496.53,-112.22,10.09
1414,-24.78,-469.26,-105.12,43.99
1415,-28.02,-479.83,-104.35,20.28
1416,-35.5,-449.19,-99.97,32.48
1417,-5.95,-481.88,187.27,0.72
1418,-0.59,-470.24,-104.56,20.37
1419,-9.43,-389.02,-292.47,-74.49
1420,-21.4,-449.28,-150.14,22.39
1421,-43.79,-608.89,-85.21,65.95
1422,-33.0,-507.78,-51.89,78.54
1423,-27.42,-477.5,-173.65,13.82
1424,-27.16,-476.25,-90.54,22.47
1425,-31.34,-490.46,-151.19,6.75
1426,-18.98,-476.89,20.86,52.61
1427,-0.29,-456.91,70.02,14.48
1428,-38.99,-530.12,-166.13,9.88
1429,-5.24,-426.29,-153.24,30.33
1430,-7.21,-324.78,-134.62,1.66
1431,-14.41,-481.65,-148.43,13.87
1432,-39.08,-518.43,-95.15,51.54
1433,-36.08,-568.7,-116.83,-2.98
1434,-29.53,-518.27,-52.83,7.53
1435,-25.98,-499.79,-100.4,-32.51
1436,-12.42,-479.27,-139.91,-2.58
1437,-20.03,-463.73,-105.48,66.21
1438,-1.53,-437.08,19.98,22.51
1439,-34.36,-479.4,-176.44,58.77
1440,-38.79,-510.81,-99.84,24.92
1441,-18.2,-473.91,-146.59,-13.64
1442,-21.74,-489.39,-83.1,41.71
1443,-18.11,-495.78,-68.99,22.91
1444,-33.23,-455.35,-115.49,32.2
1445,9.01,-286.77,-80.27,-27.57
1446,-21.47,-490.84,-165.29,-29.74
1447,-43.22,-601.94,-86.65,15.32
1448,-30.5,-523.76,-118.97,12.71
1449,10.37,-339.95,125.59,67.64
1450,-22.05,-506.7,-224.1,86.69
1451,-36.88,-564.43,-188.92,-30.16
1452,-19.86,-540.25,-50.91,8.84
1453,-18.0,-405.27,-6.6,-0.62
1454,-21.39,-431.18,-137.88,66.76
1455,-13.02,-481.22,-119.6,14.0
1456,9.59,-426.98,-72.12,8.36
1457,-45.85,-482.73,-164.22,-9.31
1458,-48.67,-593.55,-118.29,32.65
1459,-8.25,-478.92,-23.69,28.04
1460,-22.88,-430.58,-122.04,21.35
1461,-17.55,-437.6,-145.17,-9.91
1462,-31.23,-524.85,-72.6,38.09
1463,-18.94,-501.43,-93.98,-18.74
1464,-22.48,-448.61,-178.24,47.1
1465,-21.84,-471.29,-98.09,20.51
1466,0.85,-442.02,87.26,-2.89
1467,-34.24,-562.32,-124.89,5.59
1468,-42.14,-530.24,-213.89,-4.88
1469,-25.63,-490.36,-55.96,30.88
1470,-24.16,-490.96,-149.96,56.58
1471,-21.37,-492.0,-70.38,-10.51
1472,-2.69,-448.2,225.65,32.98
1473,-27.75,-445.02,-347.97,-23.84
1474,-26.53,-410.79,-131.26,47.99
1475,-33.35,-523.34,-76.55,16.14
1476,-14.02,-488.55,-101.48,-18.14
1477,-20.83,-442.03,-102.72,11.4
1478,-22.46,-455.05,-133.2,66.1
1479,-28.66,-524.37,-122.67,-2.8
1480,-23.18,-486.99,-57.79,30.92
1481,-32.8,-525.5,-283.7,-37.91
1482,-21.94,-499.33,-82.15,46.04
1483,-26.99,-485.21,67.77,88.39
1484,-12.47,-440.45,-167.4,13.25
1485,-14.79,-363.06,-90.61,8.29
1486,-5.15,-440.25,-80.37,-3.53
1487,-27.6,-567.7,-137.48,-27.93
1488,-33.99,-533.97,-87.99,48.41
1489,-31.49,-468.84,-147.57,27.08
1490,-19.39,-497.99,45.17,13.73
1491,-2.73,-473.26,215.97,156.55
1492,-2.88,-456.97,-491.74,-93.06
1493,-22.52,-378.03,-84.82,-22.85
1494,-38.59,-548.24,-131.24,77.68
1495,-35.19,-483.37,-54.09,27.12
1496,-38.16,-530.19,-155.33,-7.2
1497,-3.78,-389.73,-22.52,14.97
1498,-36.35,-530.32,-186.12,-5.97
1499,-29.43,-532.9,-132.35,13.33
1500,-23.49,-482.86,-114.7,19.47
1501,-29.19,-442.39,-53.45,63.26
1502,-18.7,-476.04,-152.61,19.46
1503,-28.8,-514.32,-124.98,7.74
1504,-30.9,-500.8,-33.59,35.1
1505,-12.95,-474.9,-118.67,40.53
1506,-40.59,-487.61,-148.15,14.53
1507,7.08,-337.11,-70.55,-10.87
1508,1.75,-388.38,-58.86,71.66
1509,-35.73,-577.38,45.24,36.72
1510,-44.93,-565.7,-231.38,-8.41
1511,-32.29,-467.44,-129.3,15.05
1512,-34.12,-452.07,-108.53,53.08
1513,-32.95,-540.32,-124.83,-0.13
1514,-28.02,-500.11,-85.36,26.85
1515,-34.03,-471.16,-104.36,37.95
1516,-25.25,-475.03,-110.9,24.04
1517,-3.18,-388.58,-64.47,23.26
1518,-16.93,-519.87,-118.23,16.34
1519,-42.38,-517.62,-129.53,19.89
1520,-13.76,-497.04,-83.35,-2.94
1521,-20.92,-490.51,105.41,62.82
1522,-5.44,-467.15,-232.79,-72.46
1523,-11.92,-394.73,-99.47,-7.58
1524,9.66,-348.78,-9.95,30.42
1525,-48.98,-554.57,18.1,114.48
1526,7.85,-355.04,-92.7,15.37
1527,-41.04,-661.85,-199.67,-35.85
1528,-44.15,-573.85,-79.55,33.87
1529,-31.15,-461.12,-108.97,48.95
1530,-16.72,-440.48,-122.82,-4.09
1531,-24.86,-511.82,-86.63,52.23
1532,-27.5,-523.48,-126.23,7.29
1533,-27.36,-470.97,-119.93,32.73
1534,-13.44,-464.95,-99.39,21.66
1535,-17.94,-422.75,-115.66,10.33
1536,6.59,-333.44,-116.27,-15.15
1537,-29.85,-548.95,-101.86,-1.02
1538,-31.01,-548.9,-108.45,25.3
1539,-40.81,-533.97,-68.2,26.45
1540,-21.34,-380.12,-126.55,14.56
1541,-9.73,-365.22,-110.84,-7.62
1542,-15.36,-520.47,-77.64,10.07
1543,-14.6,-429.63,-105.46,38.23
1544,-18.08,-546.25,46.57,38.82
1545,-40.35,-595.38,-69.71,30.46
1546,-34.36,-485.21,-160.25,38.86
1547,-6.76,-437.7,-120.84,-15.78
1548,-35.82,-573.17,-151.51,-6.91
1549,-17.16,-458.64,-141.07,-31.35
1550,-6.38,-295.69,-24.16,47.42
1551,-29.47,-507.49,-75.2,38.42
1552,-23.24,-487.3,-156.38,-0.91
1553,-15.94,-453.04,28.24,68.56
1554,-38.31,-527.51,-184.9,13.38
1555,-26.79,-531.3,-34.95,42.35
1556,-10.45,-481.54,-57.7,3.75
1557,-22.79,-465.86,-144.87,18.13
1558,-20.56,-480.25,-135.05,5.76
1559,-24.41,-472.36,-118.93,-11.12
1560,-24.98,-516.0,-43.38,12.52
1561,-24.03,-473.38,-107.7,-15.31
1562,-18.83,-481.04,-138.81,3.69
1563,-13.83,-463.59,-50.84,20.9
1564,-30.81,-498.41,-95.7,-3.4
1565,-19.15,-447.52,-96.97,12.98
1566,-9.42,-369.79,-109.17,-1.08
1567,-14.91,-330.9,-82.52,31.46
1568,-36.16,-611.71,-103.16,-8.49
1569,-13.11,-480.89,-8.47,29.66
1570,-9.14,-463.71,-33.4,59.83
1571,-38.41,-503.47,-209.17,-15.52
1572,-34.64,-509.75,-118.35,9.95
1573,-17.11,-515.53,-129.67,-10.27
1574,-4.64,-495.64,72.29,5.49
1575,-37.27,-474.62,-219.46,-0.93
1576,-24.37,-447.71,-116.45,-7.45
1577,-9.5,-462.94,-137.5,-2.41
1578,-28.27,-500.22,-100.56,-32.59
1579,-39.76,-507.11,-140.18,-1.57
1580,-13.03,-442.64,-59.86,74.77
1581,-19.41,-484.19,-47.87,76.34
1582,-23.94,-512.64,140.99,28.39
1583,-4.71,-287.74,-204.72,-2.05
1584,2.83,-353.35,-194.08,-29.63
1585,-31.46,-633.42,-56.47,31.5
1586,-32.68,-521.94,-116.16,-19.17
1587,-10.08,-502.75,158.02,30.27
1588,-44.39,-492.79,-298.15,33.17
1589,-36.62,-502.95,-167.1,-19.27
1590,-21.54,-467.37,-87.17,39.89
1591,1.08,-485.25,-56.97,-3.11
1592,-43.98,-514.48,-224.97,19.84
1593,-38.16,-509.32,-91.92,12.84
1594,-27.6,-497.03,-91.42,-23.7
1595,-17.21,-457.16,239.53,7.97
1596,-23.44,-415.95,-193.53,132.17
1597,-51.36,-547.24,-232.93,-23.41
1598,-11.25,-411.42,-99.51,-27.23
1599,-5.4,-433.13,-61.29,50.4
1600,-51.02,-552.94,-97.55,-2.09
1601,-45.29,-434.62,-131.11,15.45
1602,-16.42,-514.44,-112.41,32.42
1603,-28.68,-515.84,-186.24,-34.09
1604,7.1,-490.39,-155.09,-40.27
1605,-18.05,-523.93,-40.41,23.46
1606,-18.2,-486.65,-71.8,-1.28
1607,-20.66,-482.58,-164.32,11.65
1608,-16.08,-499.86,-22.62,47.07
1609,-15.04,-467.84,-93.99,-51.29
1610,-19.41,-447.03,-90.43,69.68
1611,-9.0,-453.96,-101.77,38.22
1612,-19.79,-492.86,-109.96,11.37
1613,-32.29,-498.69,-44.1,-5.42
1614,-30.63,-492.63,-194.27,21.88
1615,-5.59,-384.25,-111.79,-3.51
1616,5.3,-449.04,-71.59,-6.93
1617,-12.82,-441.07,-169.85,38.78
1618,-10.06,-469.77,-142.09,-13.55
1619,-23.06,-577.33,-41.93,64.87
1620,-25.86,-509.46,-53.21,44.76
1621,-10.8,-517.13,-219.17,-19.33
1622,1.4,-444.11,-4.56,-4.84
1623,5.69,-321.54,21.36,22.58
1624,-46.82,-632.33,-145.38,60.14
1625,-11.04,-465.04,-150.87,-12.92
1626,-12.26,-525.52,9.18,-16.44
1627,-17.72,-450.25,-205.54,-14.91
1628,-6.2,-403.04,-142.98,2.78
1629,-41.88,-589.22,-66.26,51.24
1630,-31.96,-506.93,-120.16,43.13
1631,-14.77,-469.0,-127.38,-14.06
1632,-18.53,-468.36,-59.63,42.45
1633,-6.97,-426.77,-122.94,10.76
1634,-3.81,-448.39,-37.04,45.55
1635,-10.98,-429.09,-168.22,-11.49
1636,-32.14,-501.66,-106.36,-1.85
1637,-21.82,-490.55,103.13,22.15
1638,-34.22,-547.44,-234.14,-20.37
1639,-12.76,-443.11,-123.47,25.02
1640,-7.41,-466.56,32.92,48.87
1641,-24.67,-509.45,-224.18,-6.88
1642,-16.73,-437.59,-98.4,46.38
1643,-16.11,-486.56,-77.26,-59.82
1644,-17.4,-481.39,-117.95,-18.99
1645,-7.92,-520.81,-157.1,36.58
1646,-8.64,-469.82,59.11,27.19
1647,-23.77,-543.77,-179.99,-17.68
1648,-39.19,-509.42,-111.13,39.04
1649,-2.84,-437.39,-77.28,7.23
1650,3.16,-345.41,-131.82,3.01
1651,-17.72,-473.89,-28.01,47.12
1652,-36.65,-535.62,-162.58,7.0
1653,-27.9,-545.85,-113.65,18.81
1654,-3.47,-437.36,12.15,26.02
1655,1.29,-441.73,-219.2,-26.45
1656,-34.95,-574.53,-109.11,11.22
1657,-12.6,-400.29,-101.66,26.25
1658,-19.26,-501.7,-102.53,11.93
1659,-22.77,-542.35,-130.62,-23.47
1660,-26.37,-507.38,-99.75,43.92
1661,-11.24,-471.24,10.33,12.5
1662,-22.74,-465.75,-122.41,26.33
1663,-21.38,-472.56,-138.51,16.59
1664,3.57,-407.75,-21.2,-26.5
1665,-20.02,-477.68,-90.6,20.24
1666,-42.79,-524.95,-181.26,13.82
1667,-56.39,-478.14,-110.84,1.08
1668,-32.01,-453.19,-81.38,31.33
1669,-9.02,-539.08,-63.74,21.88
1670,-27.48,-539.82,54.25,6.28
1671,7.74,-428.02,-248.97,4.46
1672,-17.71,-451.39,-149.18,-24.23
1673,-37.26,-437.62,-98.92,17.32
1674,13.36,-420.62,-55.31,3.47
1675,-27.39,-564.75,-207.35,-15.72
1676,-26.78,-484.14,-73.76,-31.76
1677,-33.96,-540.81,-82.65,34.31
1678,-20.38,-510.9,-130.9,-13.28
1679,-33.4,-561.52,-83.42,33.36
1680,-20.67,-483.62,-122.79,26.38
1681,-2.7,-434.56,-106.67,10.58
1682,-13.15,-441.09,-58.18,10.43
1683,-10.99,-430.72,-93.93,-3.35
1684,-24.15,-521.38,-118.43,-14.48
1685,-2.95,-437.31,31.48,49.9
1686,-23.52,-390.19,-214.28,-13.21
1687,-47.04,-579.3,-103.13,-7.09
1688,-16.1,-542.39,-22.84,16.12
1689,5.4,-515.34,-116.33,36.37
1690,-28.47,-508.02,-122.19,12.88
1691,-12.1,-454.21,-114.34,-10.49
1692,-16.88,-419.77,-71.46,18.76
1693,-25.42,-446.83,-38.92,-12.57
1694,-35.96,-497.62,-176.88,34.05
1695,-11.05,-496.94,-124.67,3.96
1696,-31.63,-490.32,-118.12,25.64
1697,-19.2,-404.75,-129.57,7.26
1698,23.29,-349.58,-124.26,-13.74
1699,1.44,-503.33,-29.02,-11.05
1700,-32.67,-585.51,-126.05,4.65
1701,-22.53,-506.77,-130.16,29.4
1702,-5.66,-392.35,-119.58,1.57
1703,-31.3,-546.79,-120.33,14.88
1704,-20.72,-525.94,-75.76,-24.39
1705,-10.93,-427.12,-122.05,3.39
1706,-7.95,-471.41,-86.21,64.32
1707,-14.83,-504.37,-181.46,-15.49
1708,-11.83,-489.34,-74.12,-6.7
1709,2.42,-501.57,-52.42,-44.11
1710,-31.56,-494.77,-122.02,14.27
1711,-14.82,-452.67,66.39,12.75
1712,-0.99,-405.41,-183.35,59.04
1713,-8.02,-488.7,-170.24,11.14
1714,-31.75,-500.68,-119.48,-30.85
1715,-16.62,-470.99,-104.58,10.46
1716,-3.08,-501.48,-101.33,3.46
1717,-19.98,-502.53,-155.7,-9.69
1718,-23.45,-555.69,-94.68,-5.59
1719,-11.89,-469.84,-101.84,15.09
1720,3.42,-448.77,-17.79,14.87
1721,-9.88,-438.22,-116.94,-21.3
1722,-15.56,-397.5,-67.33,4.59
1723,10.06,-434.87,-108.32,-30.54
1724,-23.6,-547.5,-117.03,2.32
1725,-40.15,-535.76,-53.88,30.38
1726,-21.48,-489.37,-151.75,29.91
1727,-11.55,-467.92,-100.77,9.03
1728,-9.74,-441.84,-47.2,1.26
1729,4.64,-540.22,-118.59,-96.44
1730,-19.53,-529.94,-78.44,27.1
1731,-17.64,-478.89,-118.59,66.08
1732,-19.85,-465.19,-113.03,-3.2
1733,-25.15,-481.07,-117.06,9.23
1734,-27.03,-507.12,-120.13,5.41
1735,-15.72,-482.66,-103.37,25.37
1736,-8.35,-468.51,-41.94,32.16
1737,-8.43,-476.98,-147.74,25.54
1738,-21.77,-515.86,-60.41,-21.67
1739,-25.65,-495.6,-143.79,30.5
1740,-17.04,-452.03,-112.49,10.72
1741,-7.2,-415.02,-116.77,-11.35
1742,8.65,-291.89,-97.42,14.99
1743,-33.43,-566.41,-113.69,12.32
1744,-25.09,-568.29,-106.63,12.68
1745,-15.68,-431.67,-111.59,29.73
1746,-1.62,-477.85,-51.74,58.23
1747,-3.63,-463.57,-117.59,-62.85
1748,-30.94,-563.75,-95.81,-21.83
1749,-18.36,-492.49,-21.66,9.19
1750,-12.71,-486.91,-184.39,11.0
1751,-23.81,-530.53,24.61,7.03
1752,-17.6,-470.35,-180.87,12.62
1753,-16.66,-458.33,-127.46,-0.18
1754,-13.96,-428.12,-109.38,-27.5
1755,0.5,-254.94,-103.81,52.7
1756,-43.27,-633.53,-51.83,15.4
1757,-28.09,-547.84,-136.81,6.94
1758,-13.63,-464.68,-114.52,26.75
1759,-12.97,-469.53,-118.26,6.29
1760,-24.67,-546.99,-11.83,49.57
1761,-24.24,-479.7,-167.76,-9.57
1762,-3.48,-385.46,-70.69,13.26
1763,-24.14,-470.17,-129.21,-2.13
1764,-29.53,-607.33,-50.67,2.34
1765,-33.32,-545.3,-84.84,-5.12
1766,2.38,-399.2,-174.46,-49.56
1767,-19.31,-457.33,-110.68,12.62
1768,-18.49,-516.53,-79.69,32.46
1769,-29.78,-508.59,-126.57,31.14
1770,-11.64,-432.5,-107.87,26.28
1771,3.57,-377.52,-111.49,5.91
1772,25.68,-360.32,135.62,46.46
1773,-32.43,-568.79,-223.3,-31.25
1774,-7.35,-457.48,-72.99,1.16
1775,-20.42,-503.81,-180.39,-19.87
1776,-34.76,-551.22,-118.63,32.74
1777,-25.91,-508.7,-99.86,19.78
1778,-26.31,-463.67,-121.53,-28.04
1779,-12.47,-480.08,-74.41,15.6
1780,16.39,-458.64,321.16,4.29
1781,-32.23,-459.41,-374.29,25.59
1782,-30.13,-478.04,-159.27,-13.24
1783,1.84,-356.57,-82.61,25.79
1784,-13.49,-487.28,-97.15,24.94
1785,-44.84,-596.75,-103.56,-0.43
1786,-37.15,-552.57,-143.53,8.46
1787,-23.44,-520.58,-112.5,-13.4
1788,-28.07,-533.98,-81.29,10.37
1789,-17.02,-435.54,-77.52,0.75
1790,-14.52,-410.75,-113.22,47.48
1791,-9.79,-464.73,-147.31,-21.9
1792,-13.05,-489.65,-72.97,-5.46
1793,-13.99,-476.06,24.15,22.25
1794,-28.56,-483.34,-203.42,46.84
1795,-25.76,-521.33,-116.68,-0.22
1796,-9.9,-496.46,-94.51,-19.5
1797,-8.67,-479.49,17.81,6.13
1798,-19.34,-433.52,-183.58,12.47
1799,2.1,-299.39,-115.73,-0.5
1800,-26.55,-494.33,-55.74,89.18
1801,-46.11,-587.33,-132.48,-3.03
1802,-21.46,-555.91,-107.14,9.5
1803,-26.84,-504.02,-97.01,4.08
1804,-14.54,-482.35,-4.06,23.97
1805,-31.41,-493.3,-154.8,-8.56
1806,-15.68,-472.95,-119.01,-5.61
1807,-25.31,-496.69,-105.77,-3.94
1808,-16.79,-488.02,-118.73,0.56
1809,-5.72,-462.19,-81.15,9.24
1810,-22.36,-481.76,-52.45,6.28
1811,-17.85,-479.37,-173.81,16.04
1812,-23.35,-479.43,-107.22,1.26
1813,-25.7,-504.45,36.13,27.98
1814,-18.76,-423.99,-197.84,-36.35
1815,-26.34,-505.83,-119.6,13.08
1816,-22.83,-453.37,-61.08,36.64
1817,-22.73,-494.1,-98.62,28.35
1818,-18.5,-476.28,-71.87,32.11
1819,-33.14,-504.84,-116.32,15.0
1820,-23.38,-468.59,13.53,66.36
1821,-16.31,-490.29,-103.03,27.1
1822,-20.98,-483.22,-242.06,-60.2
1823,-17.28,-457.75,-122.55,35.29
1824,-10.61,-477.85,-44.47,-17.0
1825,-25.21,-573.77,-98.17,-25.46
1826,-25.32,-470.95,-135.75,43.91
1827,-23.08,-389.97,-110.5,31.26
1828,-17.27,-384.17,-96.23,60.1
1829,-10.53,-355.01,-99.97,24.15
1830,-32.79,-617.19,-67.88,19.87
1831,-27.17,-537.34,-46.26,12.68
1832,-15.2,-481.06,-110.35,-36.95
1833,-16.49,-520.71,-95.09,55.54
1834,-18.96,-478.08,3.45,25.16
1835,-24.79,-427.47,-173.92,8.18
1836,-17.93,-459.53,-94.02,-15.96
1837,-15.6,-540.49,44.16,25.17
1838,-32.84,-453.61,-320.15,-22.71
1839,-32.76,-487.33,-84.64,27.71
1840,-16.13,-336.99,-94.45,-23.29
1841,-13.46,-465.83,-30.49,71.22
1842,-17.07,-559.37,87.07,87.82
1843,-35.25,-559.76,-294.34,-13.4
1844,-9.35,-503.35,36.72,8.8
1845,-31.41,-476.86,-172.13,16.11
1846,-31.18,-495.09,-128.87,20.58
1847,-0.53,-468.41,-46.82,10.67
1848,-17.89,-459.78,-110.13,-23.76
1849,-35.12,-495.34,-83.21,28.53
1850,-19.44,-460.79,-133.58,-15.18
1851,3.57,-473.72,-61.0,16.96
1852,-13.99,-459.73,-30.35,-37.32
1853,-15.72,-375.21,-192.33,-30.53
1854,-35.35,-533.15,-111.52,-12.57
1855,-42.69,-562.05,-115.11,2.31
1856,-14.71,-416.16,-105.66,28.83
1857,-27.78,-499.64,-92.58,36.04
1858,11.53,-525.4,129.92,28.48
1859,-22.42,-457.98,-104.96,47.41
1860,-16.51,-382.94,-259.17,-52.47
1861,-32.74,-547.79,-126.58,43.17
1862,-1.29,-395.73,52.86,13.24
1863,-23.66,-518.97,-101.46,19.48
1864,-34.2,-523.92,-158.67,-32.42
1865,-22.56,-504.87,-137.71,15.05
1866,-4.4,-452.66,-76.6,-19.07
1867,-11.58,-500.85,139.2,58.81
1868,-32.48,-499.97,-277.32,32.5
1869,-33.16,-483.38,-132.26,-12.73
1870,-22.96,-501.0,-136.99,-14.09
1871,-20.13,-409.31,-61.87,-31.09
1872,-21.57,-458.35,-128.32,99.62
1873,-31.17,-562.7,-134.57,-21.06
1874,-32.19,-575.31,-102.33,5.28
1875,-2.55,-375.72,-72.28,-14.41
1876,-0.89,-385.42,-110.58,51.37
1877,-36.05,-491.74,-125.41,36.79
1878,-10.92,-495.46,-55.86,-15.4
1879,-9.14,-450.3,37.06,13.79
1880,-32.11,-523.13,-249.09,-19.16
1881,-46.95,-530.8,-124.53,2.42
1882,-36.24,-507.48,-110.56,25.48
1883,-14.9,-468.2,-101.99,22.49
1884,-0.12,-479.33,-83.53,2.79
1885,-35.4,-474.99,-147.03,2.93
1886,-19.8,-439.58,-106.4,23.13
1887,0.98,-354.54,1.25,-9.51
1888,9.59,-406.67,46.08,32.37
1889,-67.05,-622.48,-260.78,-23.19
1890,-38.71,-577.16,-132.38,8.34
1891,-9.29,-480.63,-65.05,-14.25
1892,-23.14,-504.34,62.07,123.25
1893,-30.06,-550.71,-191.13,-51.8
1894,-32.32,-419.57,-119.08,56.19
1895,-26.68,-409.89,-151.29,-18.41
1896,-27.28,-451.93,-107.93,15.67
1897,-32.73,-500.75,-111.96,10.54
1898,-15.98,-486.25,-99.76,25.17
1899,-18.31,-476.24,-87.24,13.17
1900,-18.98,-548.76,50.48,12.13
1901,-16.67,-432.36,-246.5,9.86
1902,-9.91,-407.01,-118.93,-0.81
1903,4.69,-437.34,-112.42,-58.34
1904,-45.71,-556.51,-69.72,60.8
1905,-39.64,-548.12,-108.94,70.34
1906,-10.6,-458.83,-76.19,-25.29
1907,-27.82,-513.81,-144.46,66.89
1908,-11.09,-428.35,42.14,-55.03
1909,-22.9,-506.58,-243.35,-42.49
1910,-35.52,-538.25,-86.92,60.25
1911,-33.79,-521.24,-79.15,10.69
1912,-20.32,-499.17,-12.19,52.29
1913,-24.82,-459.58,-249.01,14.39
1914,10.7,-343.03,-87.27,-10.09
1915,-22.41,-491.17,-53.16,40.56
1916,-16.8,-469.3,-63.75,18.33
1917,0.75,-441.66,-164.4,-2.71
1918,-49.38,-572.92,-114.06,-4.38
1919,-39.39,-583.76,-94.4,23.04
1920,-19.92,-420.1,-149.76,2.14
1921,-4.91,-466.28,83.06,38.2
1922,-19.38,-435.21,-156.8,17.19
1923,-18.0,-475.86,-99.37,2.74
1924,-22.73,-515.14,-140.45,-17.7
1925,-23.33,-513.34,-116.35,0.32
1926,-17.96,-466.77,25.19,53.35
1927,-25.85,-477.67,-166.91,35.7
1928,-12.22,-424.55,-34.3,60.48
1929,-32.39,-466.21,-143.75,-93.37
1930,-21.03,-479.01,-122.73,12.22
1931,-13.21,-419.36,-115.89,-4.05
1932,-32.45,-574.82,-14.51,22.43
1933,-1.71,-425.25,-177.52,15.56
1934,-9.8,-447.58,-97.2,4.05
1935,-38.0,-597.52,-64.61,58.48
1936,-19.65,-428.52,-127.54,24.05
1937,-16.96,-492.04,-45.38,33.31
1938,-37.93,-527.84,-106.87,17.22
1939,-19.49,-471.49,-101.83,4.41
1940,-27.71,-505.53,-60.17,27.27
1941,-4.03,-466.71,-40.67,9.74
1942,-20.44,-475.93,-26.63,30.13
1943,-17.8,-456.91,-261.71,-74.91
1944,-16.71,-442.31,-23.17,22.88
1945,-6.91,-374.13,-126.71,-21.66
1946,-36.7,-511.59,-99.72,28.94
1947,-36.91,-554.14,-121.89,87.11
1948,-8.87,-461.72,-42.23,-27.59
1949,-31.79,-490.18,-129.71,8.84
1950,-38.09,-553.68,-90.3,37.96
1951,-6.09,-420.78,-40.92,52.72
1952,-11.9,-428.56,-133.18,21.33
1953,-11.3,-471.41,-76.86,-45.51
1954,-31.11,-542.89,91.87,71.3
1955,-36.8,-487.67,-243.51,-42.79
1956,-13.52,-438.41,-97.96,-53.23
1957,-20.71,-479.95,-26.5,110.27
1958,-11.4,-376.63,-162.62,6.95
1959,-16.74,-480.96,-110.18,20.73
1960,-36.77,-553.14,-102.45,-8.96
1961,-12.51,-512.1,-24.07,-1.36
1962,-31.93,-525.97,-132.7,-38.06
1963,-12.16,-393.5,-147.03,47.76
1964,-24.02,-483.47,28.54,60.85
1965,-23.67,-531.37,-147.48,-21.47
1966,-29.24,-458.5,-198.35,-24.33
1967,-7.66,-468.73,-62.98,22.97
1968,-26.61,-481.76,-86.89,7.91
1969,-8.01,-431.66,2.45,59.89
1970,-36.29,-559.17,-175.68,-6.18
1971,-5.67,-466.47,-105.65,-7.15
1972,-24.95,-491.6,-125.77,36.88
1973,-35.7,-532.24,-89.46,-7.67
1974,-20.68,-477.65,83.44,42.25
1975,-15.42,-468.55,-218.27,36.33
1976,-18.3,-445.64,-115.79,-45.73
1977,-15.93,-437.06,-110.46,7.66
1978,-26.39,-470.76,-109.45,33.19
1979,-12.06,-397.18,-43.93,45.35
1980,-19.28,-470.6,-124.61,18.85
1981,-29.45,-558.26,-116.43,22.62
1982,-16.78,-449.94,-82.87,0.18
1983,-6.57,-416.73,-95.23,-24.05
1984,-21.59,-504.59,83.89,98.67
1985,-38.91,-570.52,-217.93,-40.5
1986,-13.78,-514.56,-102.78,11.51
1987,-19.25,-437.81,-115.02,-29.3
1988,14.18,-344.41,-133.47,-34.2
1989,-24.64,-499.87,-101.26,2.11
1990,-49.89,-602.46,-100.45,36.07
1991,-26.85,-543.22,-31.18,100.96
1992,-23.29,-502.6,-93.22,-6.66
1993,-20.72,-476.0,-146.12,-46.24
1994,-11.46,-478.2,-0.32,13.8
1995,-12.35,-470.06,26.68,2.42
1996,-22.75,-487.43,-272.15,87.48
1997,-30.42,-473.64,-85.25,11.79
1998,11.43,-236.38,-89.93,16.63
1999,-11.66,-443.69,-98.94,-88.94
2000,-45.05,-670.68,-106.1,54.0
2001,-28.2,-539.24,-73.89,14.15
2002,-10.5,-458.99,-87.85,-90.49
2003,-42.9,-542.07,-119.48,48.25
2004,-23.45,-521.44,-115.96,42.06
2005,7.9,-369.1,-141.0,-32.71
2006,-9.28,-453.38,27.9,34.69
2007,-37.46,-526.16,-80.15,22.04
2008,-27.07,-501.55,-150.6,-9.71
2009,-6.79,-438.93,-64.52,20.47
2010,-21.36,-456.2,-125.67,45.62
2011,-9.9,-342.83,-35.96,9.66
2012,-1.26,-309.18,-84.61,-16.47
2013,-25.47,-639.7,-167.3,79.67
2014,-33.07,-595.58,-135.96,-79.98
2015,-0.42,-399.92,-83.4,-5.63
2016,-30.74,-553.55,-4.55,29.23
2017,-41.11,-550.62,13.69,30.62
2018,-18.05,-513.63,-164.37,-30.93
2019,-0.83,-459.84,-95.71,30.48
2020,-26.83,-478.35,-156.51,-35.62
2021,-44.0,-500.1,-97.98,65.28
2022,-9.84,-456.26,-117.57,-28.32
2023,-3.96,-428.85,-41.09,47.59
2024,-27.3,-508.56,-32.12,-4.97
2025,-46.44,-517.38,-196.84,40.47
2026,-21.42,-465.32,-105.4,-2.39
2027,-12.12,-446.77,-69.47,-5.14
2028,17.5,-353.46,183.35,17.83
2029,-29.48,-506.17,-326.97,35.0
2030,-16.92,-458.79,-114.23,-33.05
2031,-15.28,-524.04,-76.31,-1.06
2032,-32.95,-544.09,-130.96,-32.26
2033,-16.75,-459.64,-128.43,-60.15
2034,-30.12,-486.3,-64.16,50.45
2035,-21.0,-480.22,-43.84,47.01
2036,-28.92,-534.43,-51.61,47.79
2037,-19.56,-477.32,-195.95,5.84
2038,1.92,-418.9,-92.93,-34.78
2039,-32.19,-493.22,-94.98,29.79
2040,-37.55,-491.88,-75.33,55.06
2041,-14.64,-471.0,-0.21,-1.58
2042,-5.71,-510.56,-151.5,19.12
2043,-10.03,-434.02,-121.65,40.58
2044,1.0,-431.12,-121.19,-52.45
2045,-18.2,-464.82,-159.51,2.73
2046,-14.29,-531.29,-71.31,-43.72
2047,-12.35,-485.45,-111.73,-75.95
2048,-21.87,-460.17,49.01,118.75
2049,14.21,-391.62,-205.48,-17.03
2050,-52.62,-580.6,-46.75,64.91
2051,-12.77,-506.11,-47.55,20.74
2052,-18.01,-494.51,87.57,72.67
2053,-11.21,-429.38,-215.57,-15.02
2054,-18.9,-450.12,-67.5,-2.73
2055,-54.85,-548.69,-149.29,10.02
2056,-4.16,-428.55,-122.61,-30.1
2057,-4.51,-456.39,-57.44,34.63
2058,-42.18,-545.35,-130.83,-15.23
2059,-39.48,-590.58,-93.43,13.81
2060,-19.93,-440.6,-85.59,-23.95
2061,-11.74,-412.32,-103.26,69.58
2062,-15.4,-452.27,-44.3,88.53
2063,-28.28,-492.93,-200.03,-3.44
2064,-25.3,-492.12,-68.63,-25.6
2065,-10.98,-469.07,-57.99,34.29
2066,-15.09,-393.5,-85.94,-4.37
2067,-8.98,-420.29,-108.26,18.5
2068,-23.12,-568.29,24.5,31.99
2069,-18.28,-507.88,-215.73,-46.42
2070,-6.37,-467.08,-67.34,16.56
2071,-34.46,-549.18,-114.44,49.11
2072,-22.49,-424.15,-71.99,26.64
2073,-15.39,-448.78,-108.0,-26.25
2074,-12.86,-474.57,-88.19,16.09
2075,-21.11,-523.73,-79.6,35.47
2076,-16.69,-424.88,-29.43,43.39
2077,-16.95,-416.76,-141.08,2.99
2078,-15.73,-471.65,-77.26,27.21
2079,-2.92,-395.29,-27.64,23.15
2080,-13.23,-391.29,-149.4,-3.1
2081,-21.28,-567.78,-92.96,9.81
2082,-49.31,-589.52,-99.05,11.61
2083,5.81,-415.7,-143.67,8.43
2084,-38.89,-507.08,-101.62,20.9
2085,-22.22,-478.42,-47.57,-15.4
2086,-23.46,-485.05,-135.5,2.12
2087,-26.89,-514.42,8.7,5.97
2088,-23.51,-528.78,-71.91,2.47
2089,-12.16,-488.38,-164.33,38.65
2090,-20.39,-519.66,-155.94,36.61
2091,-13.96,-465.89,-47.69,78.0
2092,-23.17,-470.02,-119.18,-10.6
2093,-17.8,-457.53,-74.24,7.45
2094,-20.59,-423.94,-160.35,-43.16
2095,3.86,-337.06,-100.31,-2.13
2096,-28.17,-469.68,-106.32,33.52
2097,-27.54,-510.69,-106.97,3.2
2098,-39.81,-555.28,-63.11,18.3
2099,-26.84,-515.63,-146.03,7.76
2100,-21.42,-489.77,-10.33,30.84
2101,-4.08,-438.18,-99.73,-20.12
2102,-11.96,-457.67,-71.9,21.84
2103,-22.42,-493.32,-94.5,7.68
2104,-14.14,-539.69,-41.91,-4.39
2105,-37.54,-459.96,-166.19,68.08
2106,-33.27,-481.31,-108.92,31.33
2107,-4.05,-433.26,-134.17,23.11
2108,9.58,-411.52,7.55,-31.21
2109,-12.82,-477.59,-104.31,31.79
2110,-27.16,-565.35,-115.3,-10.47
2111,-37.97,-519.97,8.27,31.31
2112,-22.26,-442.11,-202.59,-38.57
2113,-10.05,-400.11,-120.94,38.4
2114,-25.86,-483.81,132.06,9.35
2115,-33.3,-545.99,-208.4,-2.0
2116,-33.62,-513.64,-159.93,79.31
2117,-14.53,-459.33,-145.73,-73.38
2118,-5.78,-381.83,-89.39,-17.62
2119,-27.59,-527.49,-74.51,58.48
2120,-13.99,-487.78,-146.11,37.28
2121,-2.16,-381.48,-34.35,-17.82
2122,-12.94,-423.65,-155.05,-35.82
2123,-45.27,-601.43,54.88,46.18
2124,-5.07,-478.12,-71.22,-27.98
2125,-24.1,-468.11,-144.46,49.36
2126,-23.82,-508.07,32.53,21.26
2127,5.15,-497.97,-34.88,-11.34
2128,-9.69,-454.67,-137.54,-8.37
2129,-26.28,-525.5,-146.38,109.22
2130,-13.47,-463.97,-128.37,-90.13
2131,-2.9,-341.6,64.66,70.73
2132,-26.5,-506.73,-209.86,-36.4
2133,-34.84,-578.01,-128.53,35.03
2134,-22.24,-514.54,-27.55,-35.07
2135,-12.58,-452.19,-181.62,-48.93
2136,-27.33,-442.34,-118.39,30.38
2137,-4.38,-477.7,177.77,106.45
2138,-22.93,-563.46,-132.82,51.26
2139,-16.02,-444.6,-186.13,-108.96
2140,-25.15,-458.78,-180.87,-40.08
2141,-21.23,-565.58,-99.31,5.95
2142,-9.88,-443.56,180.9,-40.2
2143,-23.84,-473.92,-258.46,21.26
2144,-26.6,-526.85,-197.9,-49.89
2145,12.99,-415.64,19.45,59.77
2146,-1.16,-426.46,-177.68,125.73
2147,-14.47,-423.75,102.67,-76.88
2148,-15.92,-452.26,-278.55,-46.65
2149,-36.54,-592.14,-193.34,-21.6
2150,1.73,-506.35,274.71,55.74
2151,-22.38,-455.62,-503.14,-24.85
2152,-23.73,-481.95,-24.81,4.93
2153,-4.17,-483.14,0.18,66.64
2154,-52.55,-539.2,-142.97,2.95
2155,-22.12,-446.82,-130.65,8.08
2156,2.53,-438.45,93.76,15.82
2157,12.69,-462.34,-15.93,35.82
2158,-10.27,-512.36,-282.97,-119.97
2159,-55.78,-543.34,-231.1,27.13
2160,-40.34,-540.36,-199.3,-21.38
2161,-27.92,-472.37,-153.69,-5.77
2162,2.94,-294.04,-125.19,110.75
2163,9.13,-348.45,-47.84,32.51
2164,-50.12,-556.5,-198.96,-1.16
2165,-22.32,-552.57,-47.1,-22.87
2166,-10.22,-490.18,186.56,89.29
2167,-22.76,-508.37,-273.75,-34.36
2168,-28.42,-479.14,-145.49,7.33
2169,-14.52,-428.84,-38.32,-15.03
2170,-18.06,-463.54,-177.66,92.7
2171,-34.3,-556.05,-70.78,-0.86
2172,-24.18,-487.65,-128.49,69.05
2173,-23.07,-472.45,55.44,76.06
2174,-21.72,-502.18,89.76,-5.62
2175,-16.88,-443.35,-299.76,-37.09
2176,-24.35,-454.33,-192.87,-42.14
2177,-19.08,-473.59,-127.56,67.9
2178,-11.26,-458.86,-50.24,12.97
2179,-23.97,-421.36,-143.95,47.94
2180,-40.78,-473.3,-125.59,13.88
2181,-47.64,-595.01,-171.18,52.4
2182,14.21,-374.21,86.12,-4.24
2183,-19.8,-491.92,95.63,91.64
2184,-34.27,-502.89,-320.21,-40.06
2185,-10.62,-435.18,-139.95,105.61
2186,-24.63,-476.61,-86.74,-2.43
2187,-24.78,-465.04,-107.43,3.23
2188,-6.57,-523.92,-84.56,6.66
2189,-34.43,-466.65,-244.22,-22.98
2190,-14.38,-446.52,-36.38,21.5
2191,-27.7,-468.56,-25.86,100.94
2192,-4.22,-472.94,-181.19,13.75
2193,-13.79,-501.03,-78.84,32.47
2194,-30.14,-421.99,-121.88,-18.48
2195,-17.32,-466.93,-102.59,26.21
2196,-25.27,-498.48,-79.34,28.32
2197,-38.05,-510.69,-3.51,77.55
2198,-22.39,-515.18,-145.88,-93.51
2199,-6.12,-414.11,-120.25,94.63
2200,-11.07,-405.12,-106.74,-36.84
2201,-23.72,-467.12,-142.89,79.51
2202,-14.25,-514.14,-136.49,61.43
2203,-15.8,-453.43,137.58,-34.84
2204,-38.39,-529.59,-496.0,-31.27
2205,-34.02,-502.01,-97.83,66.63
2206,-23.57,-505.3,-44.43,-2.74
2207,-19.62,-470.11,-104.58,37.77
2208,-20.54,-435.34,-98.83,36.47
2209,-9.42,-404.73,-47.22,54.4
2210,-3.72,-388.11,-92.05,23.54
2211,-25.41,-500.2,-190.76,5.66
2212,-49.28,-593.16,-43.49,66.84
2213,5.25,-456.99,-46.66,8.14
2214,-6.58,-414.25,-66.36,2.67
2215,-29.81,-522.76,-200.22,-50.54
2216,-15.27,-470.76,-135.09,-33.03
2217,-19.93,-481.68,-63.14,33.72
2218,-33.82,-439.06,-104.33,115.19
2219,-17.72,-469.26,-98.55,51.36
2220,-5.44,-473.5,-117.98,43.01
2221,-25.96,-485.67,-92.35,59.14
2222,-24.71,-535.22,-117.25,-44.19
2223,-16.01,-413.73,-177.55,-50.22
2224,-8.08,-466.64,96.29,79.05
2225,-36.87,-511.82,-224.12,3.57
2226,-28.37,-455.29,-17.65,-39.24
2227,-28.51,-504.66,-145.43,81.3
2228,-21.53,-486.6,-234.51,13.38
2229,-17.62,-470.98,-62.58,44.77
2230,-3.06,-451.87,-62.36,-14.16
2231,-1.88,-415.54,-94.64,-49.38
2232,-5.63,-464.09,-79.57,30.15
2233,-2.98,-416.08,56.9,103.91
2234,-19.34,-460.98,-271.66,-25.76
2235,-22.82,-558.33,-139.15,-39.59
2236,-20.75,-439.24,20.12,109.44
2237,-40.68,-566.74,-109.2,-12.34
2238,-30.86,-505.77,-47.58,57.79
2239,-21.04,-420.16,-155.07,35.98
2240,-18.08,-479.06,-139.23,-28.18
2241,-19.65,-503.39,-156.45,-0.3
2242,1.77,-467.53,-73.83,48.32
2243,-23.78,-497.54,74.92,29.16
2244,-33.75,-499.36,-180.15,54.31
2245,-15.46,-471.88,-131.74,-18.08
2246,-8.23,-486.37,-116.5,-12.37
2247,-14.52,-426.36,-117.6,25.98
2248,-24.5,-494.77,-57.75,36.35
2249,-29.87,-476.24,-122.91,76.05
2250,-23.18,-471.62,-98.32,15.03
2251,2.32,-474.05,-15.96,-9.86
2252,-25.41,-490.69,-122.98,18.0
2253,-22.43,-507.85,-44.64,-15.5
2254,-15.16,-473.77,-109.23,22.76
2255,-9.54,-446.82,-213.08,-59.38
2256,-9.72,-401.78,-42.81,137.79
2257,-22.83,-421.98,-129.21,-6.58
2258,-39.81,-570.75,-105.96,-5.59
2259,-8.69,-495.77,-29.73,-2.92
2260,-27.74,-510.61,-207.01,19.19
2261,-14.84,-551.39,-90.38,50.33
2262,-22.89,-471.81,-50.7,7.07
2263,-8.14,-394.84,-86.25,-4.0
2264,-10.32,-463.55,-143.56,8.75
2265,-17.34,-475.8,36.48,-8.66
2266,-20.83,-479.56,-82.4,62.72
2267,-35.71,-498.49,-199.81,62.28
2268,-15.16,-466.5,-59.54,-60.04
2269,-31.66,-480.55,-162.24,31.96
2270,-31.04,-500.48,109.29,48.41
2271,-10.78,-466.19,-250.72,-39.1
2272,-17.12,-452.28,-154.75,32.91
2273,-12.92,-459.93,-94.62,-17.96
2274,-22.73,-495.82,-83.23,54.7
2275,-11.31,-459.05,-99.32,-24.88
2276,-2.76,-458.32,-150.69,-56.52
2277,-30.45,-530.34,-150.85,39.97
2278,-23.38,-514.49,224.24,98.75
2279,-15.04,-410.95,-279.21,-26.5
2280,-7.39,-429.06,-134.21,-9.81
2281,-19.61,-508.5,102.58,-85.31
2282,-5.25,-505.88,-124.36,80.88
2283,-33.4,-480.86,-208.0,60.68
2284,-28.27,-525.16,51.35,60.81
2285,-14.59,-481.41,-200.67,-2.86
2286,-11.26,-476.74,-126.8,-23.0
2287,-33.51,-567.93,-21.64,6.91
2288,0.52,-426.35,-108.76,1.98
2289,3.82,-446.13,-99.31,-13.2
2290,-30.32,-543.24,-176.96,-23.55
2291,-26.64,-494.07,-159.35,-61.79
2292,15.24,-353.79,64.11,141.06
2293,-3.04,-430.84,-90.05,-22.73
2294,-12.79,-526.75,-84.86,102.14
2295,-39.82,-526.26,-176.24,-91.39
2296,-11.68,-448.39,-88.59,48.99
2297,-14.57,-462.01,-104.33,58.96
2298,-9.34,-484.9,-116.11,-55.53
2299,-1.27,-453.86,5.31,19.09
2300,-25.05,-496.22,-239.0,-102.17
2301,-28.48,-527.14,-52.12,100.31
2302,-16.54,-468.22,-108.08,88.85
2303,-2.78,-425.8,-186.82,-120.33
2304,-16.54,-522.12,-113.75,33.04
2305,-22.25,-513.77,-118.9,32.76
2306,-24.77,-471.03,-129.74,48.6
2307,-23.1,-509.64,-162.57,-19.41
2308,-6.87,-448.14,-182.04,-11.17
2309,1.02,-459.34,-104.61,33.44
2310,-8.47,-471.85,106.42,35.72
2311,-6.3,-467.59,-160.22,-16.77
2312,-23.47,-476.81,-199.12,1.97
2313,-28.16,-470.85,-60.91,34.25
2314,0.41,-469.96,-52.09,-17.3
2315,-28.1,-485.75,-169.62,35.5
2316,-34.31,-508.35,-137.0,23.98
2317,-23.5,-471.01,-66.49,95.84
2318,-9.28,-426.46,-83.52,-2.91
2319,2.19,-463.01,-119.49,6.87
2320,0.12,-468.43,-127.08,-40.55
2321,-1.02,-506.11,-38.43,-112.64
2322,-37.27,-507.67,-97.74,121.56
2323,-26.68,-475.55,-115.84,63.93
2324,-17.15,-527.88,-147.36,10.88
2325,-9.29,-479.16,-81.92,50.78
2326,-19.23,-445.01,-82.32,55.55
2327,-4.47,-467.4,-114.21,-59.79
2328,-10.41,-458.4,-104.28,24.39
2329,-21.36,-460.53,-105.89,59.86
2330,-26.59,-481.73,51.92,52.03
2331,-18.42,-486.27,-211.89,3.49
2332,-10.08,-484.25,-104.77,-2.68
2333,-1.82,-445.89,-104.6,23.32
2334,-12.52,-468.68,-57.03,24.4
2335,-21.46,-493.73,-103.87,-25.14
2336,5.94,-468.13,145.9,167.24
2337,-19.28,-470.63,-278.53,-34.06
2338,-5.12,-402.7,-256.7,-41.45
2339,-29.93,-482.4,-117.21,-8.73
2340,-16.52,-550.12,-64.87,10.41
2341,-41.36,-540.42,-106.39,29.31
2342,-12.6,-449.51,-55.42,42.35
2343,4.89,-466.44,80.99,-46.86
2344,-13.89,-511.57,-245.81,38.49
2345,-19.06,-518.05,-112.88,-20.08
2346,-5.11,-426.62,-8.38,45.34
2347,-2.23,-457.49,112.09,58.84
2348,-22.53,-475.89,-235.59,6.87
2349,-39.7,-492.82,-159.23,109.56
2350,-16.45,-469.74,-107.32,-24.29
2351,7.07,-311.55,-30.3,52.55
2352,-4.58,-441.99,-157.51,16.17
2353,-22.57,-548.67,-72.44,30.62
2354,-30.59,-568.67,-9.79,-26.45
2355,-16.83,-449.43,-197.45,-16.11
2356,-16.27,-492.68,1.59,68.05
2357,-22.81,-514.21,-178.48,101.0
2358,6.48,-453.67,-74.13,-52.27
2359,-16.67,-490.65,-92.3,-14.01
2360,-19.1,-506.64,-125.61,-29.59
2361,-33.92,-470.79,-138.01,27.28
2362,-30.96,-482.63,-95.28,50.68
2363,-19.0,-460.02,-59.47,22.8
2364,-3.65,-443.03,-0.52,63.91
2365,-23.16,-576.82,-69.08,38.29
2366,-42.16,-496.81,-236.87,-46.72
2367,-26.83,-428.43,-102.08,30.33
2368,-19.85,-503.88,-92.0,4.4
2369,-42.1,-404.49,-72.17,119.97
2370,-5.31,-405.04,-80.01,24.49
2371,-20.99,-502.65,-108.07,-14.58
2372,-26.76,-498.09,-20.76,42.5
2373,-9.57,-442.44,-159.9,55.41
2374,-3.76,-431.13,-58.21,1.28
2375,-22.07,-503.76,-62.76,17.34
2376,-30.8,-506.0,-111.93,-35.73
2377,-16.98,-492.72,-24.12,-9.7
2378,-27.17,-494.4,-170.17,47.53
2379,1.08,-456.34,-76.43,35.34
2380,-30.0,-500.77,-142.14,90.67
2381,-28.68,-542.54,-135.01,-38.47
2382,-11.96,-454.83,51.84,54.02
2383,-19.06,-460.5,-126.39,74.83
2384,-22.22,-454.72,-115.9,-33.01
2385,-13.69,-470.85,50.54,-15.99
2386,-11.23,-388.73,-218.44,43.29
2387,-12.12,-379.13,-115.93,30.74
2388,-49.11,-585.08,-45.47,44.96
2389,-27.33,-538.66,-84.61,49.67
2390,-30.31,-492.56,-77.14,14.57
2391,-26.26,-474.01,-125.64,-29.29
2392,-18.32,-435.74,-121.06,20.75
2393,2.1,-437.84,-52.03,9.94
2394,-23.53,-522.2,-49.5,28.18
2395,-25.16,-486.9,-132.88,39.7
2396,-6.96,-428.97,-101.2,-2.51
2397,-5.51,-392.01,-99.17,1.53
2398,-28.98,-579.73,-175.37,-37.0
2399,-36.72,-466.06,-108.21,46.85
2400,-17.81,-465.06,-52.88,22.47
2401,-43.94,-524.91,-113.56,15.9
2402,-21.12,-459.85,-88.97,28.91
2403,-11.86,-410.19,-125.5,-19.38
2404,-20.75,-501.92,-119.6,44.85
2405,-22.05,-452.91,-54.21,3.34
2406,-18.45,-412.3,77.78,46.3
2407,-33.52,-512.57,-221.0,27.7
2408,-33.92,-518.57,-116.64,8.01
2409,-25.0,-496.95,-89.03,15.22
2410,-7.03,-452.84,-126.03,15.03
2411,-0.16,-436.84,-42.22,-23.21
2412,40.06,-401.86,105.23,-15.81
2413,-78.05,-551.6,-162.35,73.46
2414,-27.14,-525.73,-187.8,0.18
2415,-14.93,-513.76,-103.33,-35.09
2416,-22.07,-472.57,-64.09,44.28
2417,-6.85,-414.7,-157.61,-20.15
2418,-25.82,-510.91,-104.93,57.41
2419,-13.99,-485.92,-1.98,-30.67
2420,-20.63,-477.77,-174.63,-17.86
2421,-29.08,-491.54,-80.34,46.3
2422,-32.75,-460.52,-89.35,16.49
2423,-20.14,-457.19,-73.81,23.74
2424,-23.6,-448.28,-119.72,33.09
2425,-27.39,-475.12,-106.18,3.47
2426,-25.18,-479.26,-99.88,14.78
2427,-33.54,-558.42,-101.22,9.68
2428,-3.99,-422.53,-46.61,-29.06
2429,5.44,-272.36,59.02,78.59
2430,-22.66,-510.32,-75.15,-13.46
2431,-10.58,-459.1,-260.07,-26.7
2432,-24.26,-567.47,-120.47,60.37
2433,-29.49,-546.63,-114.63,-96.15
2434,-20.59,-506.98,-96.64,0.82
2435,-34.7,-493.15,-59.58,105.74
2436,-21.22,-472.09,-110.7,52.86
2437,-21.02,-460.61,-58.87,38.87
2438,-23.64,-493.74,-84.33,44.78
2439,-18.61,-440.66,-10.98,24.86
2440,-44.09,-559.3,-214.25,-23.41
2441,-15.99,-522.13,-61.79,-38.41
2442,13.48,-432.48,6.63,8.8
2443,-15.79,-394.78,-191.67,7.32
2444,-25.92,-518.78,-145.53,-19.55
2445,-26.66,-502.25,-92.01,63.79
2446,-21.57,-403.83,-96.82,7.33
2447,-15.9,-429.82,-73.04,35.42
2448,-13.36,-464.14,-127.02,41.05
2449,-28.39,-532.04,-17.02,21.31
2450,-23.83,-503.71,-48.52,26.91
2451,-14.43,-465.83,22.65,-5.14
2452,-11.63,-452.67,-168.8,-5.01
2453,-16.73,-428.22,-199.42,-120.4
2454,-22.63,-506.11,-133.38,40.0
2455,-24.73,-513.92,-63.37,45.18
2456,-15.97,-520.3,-68.44,46.94
2457,-12.96,-445.14,-149.88,27.26
2458,-22.95,-460.2,14.03,72.03
2459,-20.25,-504.91,-159.34,7.49
2460,-26.22,-509.77,-145.38,9.32
2461,-10.58,-481.81,-121.69,-40.29
2462,-0.25,-488.8,-18.04,24.04
2463,-14.87,-470.84,-207.14,-10.2
2464,-21.1,-529.38,-54.49,49.94
2465,-19.14,-457.3,-122.87,42.17
2466,-12.71,-417.98,18.77,9.32
2467,-25.93,-451.37,-153.2,3.52
2468,-14.97,-450.5,-110.0,19.68
2469,-15.45,-465.63,-116.51,-4.93
2470,-24.31,-526.48,-101.88,6.47
2471,-14.08,-487.15,-99.65,28.63
2472,13.02,-436.2,-30.37,-12.99
2473,-24.53,-527.42,70.22,36.6
2474,-19.44,-467.0,-230.53,32.11
2475,-5.31,-417.33,-119.1,13.07
2476,-17.5,-471.7,-64.11,-9.25
2477,-15.49,-469.87,-143.39,25.85
2478,-27.91,-496.19,-107.56,21.63
2479,-24.68,-510.86,-105.63,0.17
2480,-23.0,-495.23,-101.04,36.7
2481,-24.77,-497.95,-96.53,38.68
2482,-24.0,-477.69,-97.09,22.98
2483,-24.09,-480.06,-98.6,13.66
2484,-11.75,-466.77,-107.56,9.97
2485,16.4,-421.66,-32.41,-100.9
2486,-4.86,-528.4,-149.27,96.98
2487,-26.3,-523.31,-109.32,-25.0
2488,4.02,-401.7,-36.83,41.87
2489,-17.22,-437.26,-49.75,63.97
2490,-23.76,-502.66,-112.72,-76.58
2491,-33.72,-515.03,-158.51,98.94
2492,-26.21,-492.07,-103.89,11.6
2493,-11.81,-483.82,-97.53,21.71
2494,-23.4,-493.87,-98.6,31.99
2495,-27.01,-478.96,-98.26,24.89
2496,-13.62,-474.05,-104.39,14.19
2497,-5.89,-480.04,-104.0,15.14
2498,-19.09,-479.4,-106.01,10.57
2499,-12.87,-468.21,-106.85,8.46
2500,-12.39,-477.35,-82.69,6.14
2501,-3.38,-475.32,-39.34,4.94
2502,-1.57,-484.38,-64.17,10.9
2503,-0.75,-458.72,-115.76,-58.03
2504,-2.32,-470.09,91.94,93.68
2505,12.66,-446.62,-183.61,30.48
2506,-10.68,-498.57,71.04,-59.53
2507,10.15,-447.0,-214.8,-58.71
2508,-15.53,-457.24,-108.67,4.82
2509,-22.95,-482.16,-160.35,-34.92
2510,-32.65,-526.57,-148.08,-13.75
2511,-16.11,-440.12,-104.15,51.15
2512,-20.53,-485.69,-104.74,37.15
2513,-26.09,-548.94,-112.6,17.67
2514,-10.81,-490.57,-114.87,16.54
2515,-21.27,-499.73,-111.55,30.03
2516,-23.37,-494.11,-96.06,23.74
2517,-19.9,-504.11,-101.81,18.52
2518,-15.46,-490.54,-117.69,6.94
2519,-22.96,-466.0,-93.59,23.03
2520,-18.46,-473.76,-99.25,7.93
2521,-22.44,-549.3,-100.32,-24.51
2522,-35.74,-555.52,-110.62,-6.74
2523,6.68,-348.09,-135.49,-8.66
2524,-3.08,-423.6,-115.37,-0.28
2525,-6.43,-467.57,-30.56,46.59
2526,-11.26,-471.2,-79.39,-33.68
2527,-26.69,-485.36,-62.32,43.48
2528,-20.65,-482.55,-139.03,13.58
2529,-19.6,-501.05,-110.59,47.11
2530,-20.19,-530.32,-157.98,-37.74
2531,-15.48,-493.52,-89.64,3.88
2532,-39.48,-566.64,-103.35,28.22
2533,-16.29,-484.57,-119.54,5.79
2534,-7.76,-339.21,-92.43,29.25
2535,-17.93,-449.05,-96.71,49.16
2536,-27.16,-467.12,-91.66,52.21
2537,-19.41,-476.35,-105.2,23.83
2538,-14.73,-468.36,-103.58,3.26
2539,-23.55,-486.92,-108.27,-2.44
2540,-13.3,-394.56,-72.63,29.2
2541,-4.08,-436.69,-70.82,21.33
2542,-34.02,-551.85,-109.46,12.75
2543,-24.98,-461.77,-121.7,-7.86
2544,-18.59,-478.42,-54.54,16.23
2545,-16.7,-480.27,-51.85,33.1
2546,-21.78,-501.29,-167.94,-35.32
2547,-25.58,-510.99,-71.9,6.73
2548,3.92,-381.21,-119.5,-23.53
2549,-13.68,-462.55,-46.12,-6.71
2550,-23.1,-521.09,-120.66,-22.23
2551,-28.33,-517.07,-101.42,-1.11
2552,-20.84,-483.37,-112.74,55.75
2553,-28.54,-501.52,-48.54,42.39
2554,-23.64,-524.51,24.92,17.75
2555,-12.74,-518.43,-128.7,85.88
2556,-12.1,-421.15,-185.71,-4.45
2557,-4.07,-399.27,-126.71,-17.6
2558,-32.3,-500.16,-105.42,37.08
2559,-12.4,-397.3,-65.01,10.79
2560,-26.21,-501.91,-118.47,-0.63
2561,-24.51,-489.95,-108.19,18.83
2562,-10.34,-481.46,-98.67,-18.28
2563,-3.11,-492.9,-34.28,-54.69
2564,-26.47,-503.57,-141.02,54.84
2565,-24.29,-483.32,-121.56,11.2
2566,-27.48,-495.5,-67.78,57.64
2567,-19.85,-500.18,-140.92,-32.28
2568,-25.5,-489.43,-100.6,46.47
2569,-26.32,-441.46,-108.96,51.12
2570,-19.97,-456.79,-94.82,18.62
2571,-24.51,-484.81,-104.55,9.52
2572,-17.59,-478.6,-27.34,13.39
2573,-12.28,-486.12,-19.75,17.4
2574,-15.97,-478.29,-200.19,27.91
2575,-11.87,-460.51,-74.48,29.34
2576,-23.01,-470.13,-128.88,-7.06
2577,-12.64,-419.56,-86.34,15.81
2578,-12.6,-484.06,-40.97,10.37
2579,-3.95,-472.38,-131.5,0.11
2580,-21.81,-488.0,-106.41,-17.05
2581,-25.61,-510.74,-29.14,93.14
2582,-14.29,-520.3,-75.24,10.03
2583,-26.22,-538.2,-5.71,10.94
2584,-20.75,-499.34,-179.39,-15.25
2585,-17.47,-396.07,-108.53,3.19
2586,-17.96,-458.99,-79.92,23.95
2587,-20.59,-473.13,-143.23,44.34
2588,-5.34,-472.9,39.42,21.41
2589,-24.06,-484.73,-174.9,-0.72
2590,-21.17,-499.55,-10.54,27.74
2591,-14.87,-441.52,-130.38,5.63
2592,-17.99,-473.34,-28.91,46.51
2593,-16.39,-456.62,-238.04,-55.32
2594,-14.02,-488.42,33.51,28.14
2595,-30.69,-493.47,-148.53,79.57
2596,-21.0,-471.89,-86.22,6.69
2597,-17.57,-493.2,-112.58,-42.37
2598,-29.32,-531.95,-75.96,30.67
2599,-20.4,-484.01,-151.0,29.02
2600,-24.46,-417.76,-131.25,34.16
2601,-15.08,-483.37,-68.33,30.06
2602,-15.03,-449.26,-57.95,34.32
2603,-23.5,-431.33,-157.83,-3.23
2604,-12.04,-479.47,-98.42,22.62
2605,-9.06,-441.77,-121.74,10.59
2606,-25.52,-485.26,-106.45,30.39
2607,-21.75,-485.34,-114.11,9.35
2608,-38.85,-512.87,-130.41,8.99
2609,-14.83,-483.72,-72.08,-14.65
2610,-21.64,-490.73,-156.78,9.48
2611,-19.16,-488.17,-97.82,23.42
2612,-18.49,-469.43,-74.08,40.72
2613,-23.57,-481.09,-14.57,-8.24
2614,-10.69,-448.82,-108.44,63.77
2615,-21.85,-465.54,-131.72,9.39
2616,-16.43,-473.71,-79.47,19.71
2617,-12.89,-446.05,-170.28,-25.21
2618,-21.88,-478.55,-100.26,-5.55
2619,-25.58,-475.82,-72.56,22.14
2620,-31.17,-496.34,-118.99,56.32
2621,-31.0,-493.99,-104.03,20.84
2622,-20.44,-459.96,-116.7,-0.72
2623,-23.57,-470.37,-107.1,18.36
2624,-23.41,-482.1,-104.39,-8.86
2625,-26.68,-481.99,-105.89,12.9
2626,-22.81,-477.08,-88.19,64.99
2627,-22.4,-461.47,27.9,53.88
2628,-21.03,-438.03,-185.43,4.84
2629,-27.55,-475.52,-115.29,23.97
2630,-15.23,-473.57,-86.3,12.13
2631,-20.02,-478.89,-70.26,19.86
2632,-9.82,-435.48,51.39,32.6
2633,-19.03,-436.69,-199.13,39.67
2634,-19.65,-486.36,-150.9,-10.85
2635,-26.51,-485.72,-68.74,12.51
2636,-16.69,-465.22,-152.66,-35.83
2637,-11.56,-440.42,-115.91,58.5
2638,-4.58,-404.03,-85.82,-22.39
2639,-17.34,-482.5,-16.77,-23.11
2640,-23.15,-506.77,-115.15,43.3
2641,-10.97,-423.4,-141.48,-1.09
2642,-25.15,-523.75,-116.05,26.78
2643,-33.32,-530.31,-112.4,12.15
2644,-26.28,-499.39,-24.59,72.28
2645,-22.3,-474.83,-83.92,-3.35
2646,-11.91,-423.84,-142.62,1.56
2647,-15.13,-462.51,-165.79,-46.83
2648,-38.35,-514.4,-62.71,33.2
2649,-24.68,-443.11,-47.13,39.18
2650,-24.81,-458.32,-79.24,15.16
2651,-33.05,-472.41,-152.46,23.54
2652,-33.42,-487.99,-128.32,-16.2
2653,-25.06,-516.58,-17.24,12.48
2654,-21.39,-470.85,-151.54,-8.81
2655,-11.4,-506.58,18.51,16.12
2656,-35.56,-494.73,-100.74,51.57
2657,-35.92,-488.5,-189.61,19.43
2658,-13.56,-459.38,-151.9,-58.0
2659,-8.17,-463.54,21.5,69.24
2660,1.42,-481.13,163.53,48.92
2661,-19.2,-461.47,-327.42,-82.22
2662,-42.34,-495.08,-127.19,47.06
2663,-35.18,-482.74,-101.93,55.64
2664,-11.29,-493.62,0.05,33.59
2665,-18.25,-479.56,-28.88,-46.89
2666,-31.91,-445.56,-266.82,-1.28
2667,-12.82,-434.67,-120.02,15.57
2668,-15.42,-424.34,-10.39,54.0
2669,-20.77,-517.27,-73.99,27.66
2670,-20.17,-400.93,-65.69,-3.68
2671,-0.75,-311.96,-2.82,39.37
2672,-33.25,-612.81,-158.07,6.7
2673,-21.32,-531.73,-0.94,80.44
2674,-10.87,-501.85,208.12,14.52
2675,-10.16,-478.09,-318.44,-7.72
2676,-23.95,-507.05,117.79,50.76
2677,-8.76,-491.0,-111.52,8.12
2678,-1.04,-480.22,18.53,-57.79
2679,-17.21,-451.63,-117.79,5.45
2680,-41.75,-530.41,49.74,55.03
2681,-26.93,-507.13,-323.56,-69.37
2682,29.33,-406.34,163.75,25.81
2683,-32.73,-469.67,-375.56,-26.92
2684,-45.57,-457.2,-76.48,54.4
2685,-6.74,-310.91,-170.21,59.0
2686,-18.61,-491.05,-99.82,-20.03
2687,-15.84,-505.36,-190.49,-37.66
2688,-20.01,-569.3,-142.84,-31.78
2689,-22.42,-455.81,-172.75,-44.0
2690,-30.85,-420.38,-25.92,109.52
2691,-10.04,-307.12,-163.07,-1.31
2692,-46.25,-610.99,-113.37,65.73
2693,-36.24,-544.5,-138.48,9.37
2694,-36.53,-558.16,-50.8,28.37
2695,-23.76,-476.73,-28.24,32.91
2696,-16.9,-465.48,-141.04,19.21
2697,-24.69,-493.47,213.87,37.46
2698,-20.54,-507.72,-340.64,-19.97
2699,-28.12,-480.79,-83.53,27.52
2700,-20.45,-481.28,-133.72,2.44
2701,-4.67,-485.86,84.63,32.43
2702,-22.07,-488.97,-230.48,3.89
2703,-8.97,-450.39,-76.26,-27.68
2704,-31.78,-505.48,-112.34,3.13
2705,-28.31,-475.15,-46.44,53.34
2706,-22.98,-467.06,-131.82,30.82
2707,-10.62,-438.82,-55.15,46.66
2708,-42.69,-483.84,-194.46,-42.11
2709,-30.02,-475.04,-109.23,56.24
2710,-30.14,-492.88,-171.98,7.81
2711,15.68,-262.12,-175.96,-22.91
2712,-27.29,-464.15,-98.28,2.31
2713,-13.87,-552.74,102.22,-3.84
2714,-39.07,-549.54,-123.1,92.56
2715,-36.22,-527.25,-197.2,-1.07
2716,-20.96,-495.96,-87.13,29.92
2717,-5.47,-487.2,-39.38,-24.11
2718,-54.49,-592.38,-272.55,-7.12
2719,-18.23,-383.83,-162.39,13.26
2720,-17.73,-462.37,-130.89,-21.23
2721,-9.51,-516.12,107.07,-7.84
2722,-3.4,-446.74,-44.49,45.63
2723,-41.32,-456.69,-232.25,7.05
2724,-20.07,-420.87,-159.24,3.98
2725,-33.46,-533.57,-100.89,-19.03
2726,-33.64,-518.59,-106.11,62.87
2727,-34.91,-500.8,-151.96,-38.66
2728,-3.92,-340.91,-38.63,17.26
2729,-11.71,-415.84,16.95,71.58
2730,-42.89,-588.23,-114.19,53.83
2731,-32.93,-488.24,-244.37,-42.09
2732,-4.31,-470.34,-106.71,-39.65
2733,-30.53,-527.43,-111.7,34.95
2734,-31.52,-498.33,-170.84,11.36
2735,-11.88,-452.52,-13.46,18.33
2736,-25.01,-442.78,-174.27,27.97
2737,-37.57,-502.97,-176.43,18.76
2738,-38.79,-513.24,-110.2,3.49
2739,-10.97,-462.64,28.15,-35.5
2740,-20.88,-473.28,-127.43,1.92
2741,-30.96,-521.76,-104.12,58.08
2742,-26.52,-484.07,-81.0,-8.41
2743,-20.45,-439.65,-117.51,65.26
2744,9.29,-468.19,-43.58,23.99
2745,-23.7,-480.26,-94.98,36.51
2746,-35.9,-507.87,-189.12,-5.31
2747,-5.37,-477.72,161.1,96.63
2748,-36.71,-514.22,-267.77,-26.77
2749,-13.72,-448.3,-65.55,-15.1
2750,15.6,-360.01,-218.99,-144.89
2751,-34.12,-544.89,-138.73,133.66
2752,-38.38,-524.48,-126.17,-2.2
2753,-25.97,-433.73,-90.95,7.95
2754,-25.79,-468.1,-5.94,56.46
2755,-22.78,-484.09,-64.91,6.43
2756,-18.93,-388.03,-197.02,18.02
2757,-21.08,-551.05,-29.52,7.88
2758,-30.81,-497.36,-98.72,-3.03
2759,-17.02,-442.75,-235.06,-25.66
2760,-43.06,-515.09,-186.95,40.75
2761,-20.32,-481.22,-101.44,33.96
2762,-32.16,-487.73,-81.15,28.1
2763,-8.38,-521.5,-60.02,41.34
2764,-10.63,-451.24,-75.03,-42.51
2765,-22.64,-472.6,-148.17,65.75
2766,-25.4,-438.52,-137.91,37.22
2767,-20.42,-412.15,-142.46,-18.68
2768,-25.24,-485.49,-129.9,8.73
2769,-23.01,-531.69,-131.68,-2.67
2770,-8.98,-468.64,-55.18,59.4
2771,-15.46,-497.11,118.66,34.23
2772,-34.55,-462.13,-315.97,-26.41
2773,-30.49,-489.23,-108.33,35.36
2774,-18.67,-473.66,-106.24,1.94
2775,-18.64,-433.44,-146.04,-12.41
2776,-34.66,-506.23,-127.64,35.94
2777,-26.72,-490.36,-119.59,20.85
2778,-27.0,-495.95,-115.66,26.73
2779,-30.6,-490.57,-116.55,15.58
2780,-26.34,-479.47,-120.08,-2.63
2781,12.68,-426.07,275.95,-33.73
2782,-22.06,-419.13,-326.3,3.05
2783,19.82,-465.84,-32.2,2.28
2784,-58.18,-542.75,-193.89,107.1
2785,-42.84,-523.4,-145.76,-2.81
2786,-18.99,-464.16,-132.52,-11.81
2787,-39.91,-496.53,-113.8,30.59
2788,-34.73,-479.0,-109.83,25.25
2789,-29.49,-487.51,-112.88,44.01
2790,-38.44,-506.21,-116.63,7.66
2791,-32.4,-484.68,-115.75,27.77
2792,-28.59,-479.18,-110.26,21.92
2793,-33.45,-477.5,-113.28,17.35
2794,-6.06,-476.22,2.63,2.29
2795,5.46,-438.48,87.35,-53.39
2796,-9.25,-432.45,-342.74,41.4
2797,-11.6,-440.19,-105.64,15.38
2798,-31.78,-443.09,-40.94,9.62
2799,-44.87,-527.66,-120.94,57.2
2800,-40.23,-537.53,-40.45,58.68
2801,-31.6,-478.51,-178.14,-2.71
2802,-34.88,-504.45,-124.12,10.19
2803,-21.5,-501.69,-90.72,48.12
2804,-26.57,-487.63,-118.26,6.64
2805,-24.93,-479.79,-112.25,-0.82
2806,-20.81,-470.65,-89.09,36.5
2807,-24.55,-491.3,-106.79,26.23
2808,-28.63,-476.2,-44.62,29.58
2809,-13.83,-465.15,-174.55,-5.27
2810,-18.31,-475.55,-136.8,-15.9
2811,-17.44,-381.8,-153.89,-5.36
2812,-29.29,-503.89,-47.39,75.15
2813,-16.47,-513.35,-77.29,1.45
2814,-23.22,-509.48,-109.99,38.57
2815,-43.32,-400.14,-190.51,27.46
2816,-21.37,-436.64,-93.75,-56.73
2817,-12.49,-460.29,14.55,46.8
2818,-21.46,-490.75,-165.83,13.33
2819,-14.55,-534.51,-115.23,38.2
2820,-28.87,-529.52,-79.57,24.92
2821,-16.87,-483.86,-103.5,-21.44
2822,-1.19,-405.75,-106.79,17.3
2823,-9.87,-494.27,-103.22,20.37
2824,-34.09,-500.58,-68.54,48.13
2825,-27.9,-524.16,-107.14,65.72
2826,-12.77,-466.33,-1.99,-8.92
2827,-24.32,-429.23,-189.05,15.55
2828,-30.09,-503.44,-168.96,-2.06
2829,-27.81,-514.85,-149.56,22.07
2830,-35.5,-559.81,7.27,16.21
2831,7.6,-292.55,-124.12,-26.43
2832,-15.47,-412.91,-126.55,12.38
2833,-32.33,-530.12,-95.85,31.41
2834,-29.21,-444.86,-96.9,27.23
2835,-25.32,-583.33,-101.05,0.96
2836,6.6,-453.42,115.22,55.99
2837,-4.68,-435.47,-306.81,-33.28
2838,-28.75,-538.12,-113.8,17.36
2839,-30.99,-438.01,-123.54,-0.96
2840,-36.31,-550.7,-85.65,36.15
2841,-28.52,-490.51,-140.72,18.4
2842,-15.29,-463.02,-31.47,54.44
2843,-19.15,-472.78,-52.47,-7.96
2844,-16.53,-480.52,-125.02,50.21
2845,-23.82,-496.91,-13.18,58.24
2846,-18.61,-482.82,-70.5,13.58
2847,-13.39,-487.57,-171.66,-80.88
2848,3.72,-376.41,-27.59,52.03
2849,-9.4,-294.87,-201.38,-45.14
2850,-40.45,-597.23,-96.47,40.84
2851,-26.44,-543.59,-87.85,78.79
2852,-23.41,-498.06,-102.65,14.56
2853,-17.28,-491.3,-92.54,5.67
2854,-21.04,-507.09,-46.71,19.06
2855,-5.54,-397.86,-134.31,-9.04
2856,-24.97,-480.56,-137.29,5.49
2857,-38.11,-541.84,-59.66,38.27
2858,-21.07,-469.89,-33.52,62.5
2859,-23.37,-476.49,-146.12,-6.5
2860,-26.74,-483.52,-119.06,35.33
2861,-17.87,-467.18,-107.44,-12.72
2862,-15.3,-459.83,-103.4,2.97
2863,-14.81,-469.53,-99.63,34.0
2864,-20.1,-496.06,-89.59,-20.85
2865,-10.15,-491.87,42.31,24.39
2866,2.49,-447.43,103.97,75.69
2867,-5.94,-464.55,-250.3,-55.53
2868,-16.52,-433.65,-188.28,-5.27
2869,-32.29,-516.6,-110.38,23.45
2870,-25.37,-457.79,-45.98,56.79
2871,-22.47,-501.98,-123.45,-8.01
2872,-17.7,-486.1,-167.42,22.19
2873,-8.77,-476.84,-76.67,-1.99
2874,-3.03,-409.65,-40.42,16.89
2875,-25.02,-458.64,-119.54,50.86
2876,-28.96,-527.62,-166.24,-8.15
2877,-25.91,-529.35,-83.81,30.7
2878,-16.64,-493.78,-98.12,10.11
2879,-22.45,-467.91,-91.84,31.63
2880,-12.51,-397.18,-98.37,7.92
2881,-7.9,-450.76,23.5,42.52
2882,1.35,-477.44,-50.89,3.03
2883,-18.84,-539.53,-99.47,3.72
2884,-32.68,-506.2,-177.26,-10.69
2885,-24.82,-450.55,-113.57,50.03
2886,-37.03,-495.45,-141.79,26.88
2887,-27.53,-510.86,-80.97,8.36
2888,-30.53,-487.46,-99.13,13.19
2889,-15.21,-460.8,-97.94,12.1
2890,-6.57,-468.78,-61.17,-44.29
2891,-10.38,-493.1,-125.25,-11.52
2892,-26.99,-472.39,-135.64,-12.22
2893,-33.22,-479.89,-63.16,80.67
2894,-27.23,-507.87,-61.33,24.74
2895,-22.85,-471.2,-124.09,37.33
2896,-20.87,-443.48,-67.47,24.12
2897,2.99,-436.15,87.1,66.21
2898,-38.68,-550.53,-311.07,-40.72
2899,-28.95,-516.14,-109.5,-14.8
2900,-21.26,-422.36,-114.56,22.81
2901,-12.61,-480.65,-73.34,-5.68
2902,-22.95,-418.55,-136.11,-9.92
2903,-23.47,-499.37,-79.99,27.86
2904,-27.79,-483.82,-97.48,16.81
2905,-21.37,-471.81,-95.28,18.6
2906,-13.58,-486.55,-104.63,-20.41
2907,30.44,-396.19,33.7,-87.28
2908,-16.19,-382.87,-170.36,145.5
2909,-43.07,-590.37,-104.17,-25.24
2910,-23.86,-500.0,-98.77,63.96
2911,-35.83,-506.63,-99.81,12.17
2912,-30.16,-499.55,-103.83,16.81
2913,-29.48,-502.24,-96.96,14.74
2914,-24.1,-474.85,-100.61,22.99
2915,-22.95,-472.35,-99.12,15.35
2916,-23.96,-477.36,-96.57,18.38
2917,-21.53,-482.67,-101.38,18.78
2918,-21.23,-491.11,-102.28,15.73
2919,-10.84,-491.5,6.99,24.23
2920,9.08,-409.08,-25.9,16.65
2921,-0.63,-441.92,-320.82,-54.48
2922,-25.67,-502.07,-24.82,50.61
2923,-20.78,-509.92,-75.09,-75.49
2924,-27.02,-497.9,-98.58,41.4
2925,-36.81,-454.6,-125.9,88.65
2926,-25.42,-483.87,-112.94,10.76
2927,-22.04,-499.9,-55.48,35.98
2928,-15.92,-480.89,-56.68,64.29
2929,-8.84,-470.42,-134.92,19.97
2930,-15.23,-468.51,-106.37,-5.83
2931,-30.62,-482.44,-46.66,1.61
2932,-27.37,-482.79,-152.04,0.88
2933,-28.33,-498.97,-118.98,-6.92
2934,-16.72,-497.08,-96.39,41.43
2935,-15.98,-464.57,-79.75,17.29
2936,-9.12,-396.18,-40.7,43.17
2937,-11.39,-426.75,-142.28,33.75
2938,-13.61,-493.24,-28.66,19.22
2939,-11.22,-469.57,-72.43,-16.81
2940,-3.3,-406.84,-4.06,-19.27
2941,-20.89,-466.96,-250.55,-28.73
2942,-24.96,-538.75,-67.52,61.29
2943,-25.06,-502.7,-170.75,50.61
2944,-18.24,-478.4,-65.42,9.48
2945,-27.1,-487.96,-74.12,2.56
2946,-33.12,-500.06,-11.83,-39.53
2947,-27.74,-493.94,-218.81,104.84
2948,-22.16,-481.17,-135.08,-2.44
2949,-19.55,-480.91,-99.55,-40.11
2950,-20.47,-457.99,-81.91,2.78
2951,-26.93,-487.3,-92.12,-4.02
2952,-12.66,-436.87,-51.9,58.0
2953,-4.47,-359.32,-119.16,37.41
2954,-23.87,-560.27,-90.66,3.2
2955,-15.41,-449.78,-30.14,51.8
2956,-25.36,-498.67,-137.46,-2.09
2957,-33.46,-510.97,-115.96,-43.69
2958,-16.84,-471.52,-108.11,36.75
2959,-19.67,-501.91,-108.83,12.97
2960,-17.66,-478.55,-90.13,3.78
2961,-27.38,-479.52,-103.5,-4.46
2962,-20.0,-415.25,-130.57,12.69
2963,-15.57,-456.64,-115.13,-30.31
2964,-23.36,-486.36,-129.8,14.79
2965,-28.43,-493.59,-87.58,-31.4
2966,-22.26,-501.77,77.57,102.16
2967,-18.54,-455.51,-204.25,-28.96
2968,-18.62,-489.9,-65.94,2.44
2969,-29.09,-472.71,-131.22,21.99
2970,-21.54,-494.23,-121.04,0.12
2971,-38.51,-580.85,-132.21,33.28
2972,-26.64,-516.11,-7.99,117.28
2973,-2.56,-384.95,-15.41,-3.44
2974,-7.75,-418.03,-288.33,-36.87
2975,-28.44,-505.61,17.38,30.5
2976,-19.38,-471.18,-156.38,-29.91
2977,-8.21,-455.81,3.6,16.22
2978,-15.9,-470.9,-135.91,13.85
2979,-25.06,-460.0,-119.62,0.84
2980,-29.67,-487.64,-126.53,-3.62
2981,-25.69,-485.17,-99.51,22.63
2982,-15.21,-468.83,-80.07,9.75
2983,-23.13,-461.87,-1.34,-5.0
2984,-23.36,-493.39,-205.25,36.67
2985,-24.82,-487.62,-96.54,-1.2
2986,-30.81,-497.39,-101.4,27.05
2987,-39.93,-547.56,-58.11,10.71
2988,-34.17,-438.24,-109.63,74.18
2989,-16.48,-453.02,-28.15,30.4
2990,-5.75,-432.95,-160.21,-30.09
2991,-4.07,-386.71,-124.09,12.27
2992,-33.5,-528.35,-111.5,-18.99
2993,-29.68,-506.65,-108.86,8.64
2994,-30.42,-501.42,-32.59,-10.15
2995,-27.89,-496.04,-177.98,-8.15
2996,-28.96,-491.02,-39.66,12.39
2997,-7.82,-439.88,-87.37,11.83
2998,-24.41,-485.1,-149.23,-1.39
2999,-28.65,-503.35,-114.97,7.15
