,ch1,ch2,ch3,ch4
0,46.67,5.06,32.23,-5.76
1,52.14,3.43,34.01,3.7
2,-117.67,18.92,36.26,7.9
3,25.19,-28.18,27.59,-3.97
4,-41.78,70.76,23.34,-1.7
5,-27.91,-29.74,30.1,5.49
6,4.18,-7.31,25.07,-4.62
7,-19.77,117.55,30.75,0.93
8,-25.82,-95.12,27.07,-4.29
9,37.96,62.42,22.22,-8.58
10,-23.65,11.0,23.16,-1.96
11,-0.23,20.37,29.26,4.87
12,-17.97,3.33,21.56,-7.68
13,-156.77,-74.05,32.26,7.91
14,41.05,85.79,23.32,-1.95
15,33.2,8.79,32.75,6.94
16,37.3,42.54,25.84,-6.7
17,-64.45,-16.96,26.38,-4.59
18,8.93,15.5,33.42,4.93
19,-75.86,30.9,19.63,-5.14
20,21.76,30.38,29.06,4.09
21,19.62,-14.5,22.53,-5.79
22,-65.81,-51.36,29.98,-0.08
23,-19.34,71.05,29.83,4.05
24,-132.44,-37.05,27.93,-0.49
25,147.1,43.61,29.5,8.96
26,-10.33,4.57,27.14,-6.11
27,63.26,119.16,26.97,8.37
28,-66.56,-85.74,35.2,1.63
29,-121.23,-50.9,26.3,-6.67
30,113.83,60.35,25.89,-3.64
31,-6.66,11.15,32.78,4.96
32,-21.77,-2.8,27.46,1.62
33,-70.77,59.91,33.02,10.95
34,-86.62,-50.24,31.57,4.37
35,57.18,31.57,37.32,5.06
36,34.2,3.38,28.76,-1.31
37,-10.19,4.33,33.82,6.08
38,32.82,65.44,31.82,3.03
39,1.37,-18.0,30.45,0.27
40,-17.74,44.17,34.02,1.25
41,-63.07,74.38,29.37,-9.86
42,-21.88,-70.02,32.22,-5.28
43,14.56,42.69,36.18,2.76
44,-79.6,-41.11,24.18,-9.86
45,-92.41,-30.32,32.66,-4.43
46,142.41,-21.79,36.1,1.28
47,5.44,44.81,27.84,-3.37
48,-12.61,15.43,37.3,1.13
49,25.6,-3.34,34.68,6.41
50,-25.33,90.9,24.06,-4.43
51,-97.45,-4.76,30.44,0.02
52,67.2,147.66,42.17,8.12
53,-10.09,20.08,36.42,-1.36
54,-11.31,-138.48,33.27,-4.91
55,-134.57,-77.78,39.72,4.28
56,70.81,75.94,24.08,-11.27
57,47.62,28.02,32.54,1.71
58,-16.83,14.45,32.56,0.85
59,-20.49,-12.59,35.82,1.82
60,14.48,-18.16,31.96,3.64
61,4.98,104.58,27.45,6.83
62,-167.35,-13.48,28.77,-5.63
63,15.63,-22.01,35.35,-1.14
64,47.21,125.93,32.53,5.57
65,-5.89,-53.25,25.27,-10.16
66,71.74,-9.8,28.94,-12.46
67,-104.85,33.57,37.01,-4.7
68,-0.24,14.88,35.32,5.29
69,-11.77,-35.41,31.16,0.78
70,-124.91,-23.57,28.52,4.08
71,84.66,64.37,31.87,3.78
72,-41.19,32.5,34.28,2.96
73,29.54,-56.89,29.92,-4.81
74,64.86,128.24,26.44,2.86
75,-20.92,-62.77,33.28,3.86
76,2.62,-31.31,25.4,-3.37
77,-109.44,-26.07,25.18,2.4
78,-59.51,23.6,24.43,4.78
79,126.54,5.68,32.22,5.57
80,-157.68,71.98,27.17,1.71
81,26.22,-39.21,27.24,-1.71
82,-11.46,-19.8,33.4,4.04
83,118.8,144.19,27.23,0.25
84,-60.17,-24.79,22.3,-4.92
85,-4.98,9.41,31.17,0.03
86,-54.74,-66.75,30.01,0.24
87,-3.17,30.11,30.63,5.87
88,-13.09,37.3,28.59,0.83
89,-52.43,-17.19,37.92,5.97
90,104.99,-28.36,28.28,3.68
91,-53.95,90.79,19.11,-6.44
92,-85.94,-23.89,28.8,0.42
93,9.94,41.07,38.61,5.76
94,-58.52,38.97,30.86,-1.9
95,30.71,7.34,28.02,-0.56
96,-3.61,-49.45,29.35,-2.56
97,-10.46,-33.54,31.22,-0.75
98,21.12,41.68,30.37,0.99
99,48.88,75.13,36.91,6.96
100,-53.48,-77.26,22.63,-4.01
101,-58.68,8.53,24.5,-9.85
102,-71.11,10.17,32.77,0.52
103,58.76,47.58,27.5,-3.12
104,33.57,8.44,23.12,-6.61
105,-27.45,125.91,37.34,7.07
106,-0.23,-75.94,25.35,-3.17
107,3.73,-23.89,25.68,-11.64
108,-39.01,106.7,27.6,-2.59
109,-10.93,-65.18,28.88,-5.62
110,65.6,-21.02,26.2,2.48
111,-184.07,15.48,28.35,1.73
112,68.29,35.42,32.23,-3.62
113,-39.13,30.13,33.23,5.96
114,40.91,-3.96,28.23,-9.19
115,-95.0,-28.09,37.54,0.39
116,-1.14,-26.56,35.64,3.08
117,61.94,46.08,25.47,-7.74
118,-18.89,36.12,34.21,8.55
119,17.12,-17.51,33.93,-0.03
120,-6.58,0.62,28.22,-7.76
121,-3.7,4.99,27.41,-5.81
122,-22.18,43.55,29.42,-3.66
123,-54.76,-47.69,28.38,-5.08
124,-4.97,7.07,29.41,-1.19
125,27.04,68.5,37.08,1.76
126,-42.95,6.11,30.88,1.79
127,-90.78,-75.38,36.28,6.35
128,71.57,56.12,22.46,-9.35
129,-66.27,-7.96,25.02,-1.05
130,-14.47,-23.71,29.86,1.44
131,19.51,29.78,31.19,3.84
132,52.41,73.15,36.77,8.98
133,-12.64,78.06,29.62,-1.75
134,-30.63,-123.38,23.99,-10.57
135,8.0,-14.57,33.02,3.14
136,-17.33,97.74,34.65,9.74
137,-17.47,-48.22,22.57,-10.02
138,-52.76,-0.47,28.93,0.9
139,-126.16,97.03,48.25,18.49
140,111.11,-64.67,25.21,-13.87
141,17.96,49.4,27.43,-13.41
142,-21.71,8.15,32.88,3.85
143,-20.59,-87.72,30.7,-8.12
144,20.54,11.51,35.26,3.59
145,-45.95,15.78,30.46,-0.71
146,-32.06,14.06,34.08,6.16
147,-3.89,-21.34,26.57,-1.94
148,-26.2,15.39,34.23,-2.31
149,35.69,84.96,44.41,15.67
150,-32.66,-5.95,41.02,-3.73
151,-82.65,42.8,38.49,4.62
152,46.79,17.75,24.0,-18.3
153,-83.97,-7.39,29.65,-18.36
154,-25.38,17.48,39.88,2.94
155,94.21,-8.17,38.87,3.75
156,-45.34,-30.01,32.77,-12.98
157,-13.25,-12.3,37.66,-2.91
158,-57.4,17.63,44.48,5.86
159,-61.84,15.05,44.05,7.63
160,36.26,-9.88,25.79,-11.66
161,-75.24,58.52,37.24,1.1
162,104.17,62.92,34.06,0.94
163,9.0,1.24,36.55,-2.7
164,-89.47,-15.97,33.77,-6.57
165,-79.87,50.27,36.03,6.58
166,79.41,-37.83,27.74,-6.17
167,47.18,38.27,34.87,-3.61
168,-26.21,4.46,39.47,0.91
169,-170.6,-67.2,39.7,4.58
170,2.03,37.26,35.71,2.32
171,28.38,53.44,33.24,-2.95
172,-27.49,-23.73,27.52,-15.09
173,14.74,17.74,30.41,-10.65
174,1.22,11.29,36.64,5.94
175,-13.25,36.67,37.92,-5.72
176,-54.07,19.72,38.49,5.45
177,-25.93,3.64,35.84,-1.87
178,22.48,0.52,25.0,-6.07
179,39.98,-8.87,34.19,-0.09
180,50.73,172.34,29.38,3.87
181,-122.69,-69.85,31.94,2.33
182,-125.71,-97.55,35.94,2.21
183,85.92,48.54,32.17,-3.6
184,18.84,27.53,30.6,-0.72
185,-4.36,81.46,31.26,-4.83
186,-10.63,-29.82,32.23,-3.8
187,-20.95,-30.97,34.96,-0.54
188,-60.74,-42.21,34.95,2.43
189,-78.18,30.26,37.25,7.55
190,140.02,80.06,28.21,-5.62
191,-10.78,-17.78,28.17,-3.72
192,-19.9,19.79,35.33,4.76
193,-156.93,48.94,35.85,6.59
194,88.27,-74.9,24.84,-9.32
195,12.86,27.47,28.75,-5.39
196,-40.03,6.26,30.36,-3.09
197,-25.88,19.24,41.64,6.52
198,24.62,-45.51,39.55,8.35
199,17.17,48.08,18.43,-14.47
200,-15.91,-7.65,30.69,-2.62
201,-47.75,41.42,34.56,1.26
202,-4.86,-60.95,39.53,10.03
203,57.02,81.39,25.35,-4.63
204,-67.74,2.96,27.36,-3.75
205,-53.08,-49.74,33.97,5.66
206,-32.65,48.5,35.78,-2.54
207,6.55,9.16,26.27,-2.79
208,1.48,-69.35,36.12,4.07
209,-101.19,15.02,36.21,4.75
210,55.74,17.97,27.1,-10.83
211,32.07,63.74,34.0,-3.22
212,0.74,-37.6,29.14,-3.76
213,0.74,-7.26,33.22,1.58
214,-61.08,-42.66,39.9,3.46
215,-42.56,31.44,39.42,6.76
216,60.26,0.58,19.38,-15.16
217,-19.44,-8.54,33.06,2.12
218,-47.08,-12.08,27.29,-4.02
219,-36.94,-15.18,38.2,6.73
220,-92.46,59.04,33.21,4.9
221,113.78,-45.32,25.63,-5.91
222,-53.08,-0.82,28.7,0.64
223,55.74,95.04,27.46,-3.81
224,-37.92,-37.0,30.93,-5.44
225,-23.37,-20.52,35.52,3.43
226,-9.63,-2.81,33.06,1.25
227,-38.19,8.06,32.98,0.51
228,43.58,-14.24,32.99,10.12
229,-35.98,80.25,27.62,-9.15
230,-0.93,20.03,33.71,-1.72
231,-55.75,-48.02,34.64,1.88
232,6.64,-12.31,34.67,-0.5
233,-142.62,44.31,39.21,4.72
234,154.18,8.79,35.36,10.21
235,-38.97,75.67,29.23,3.48
236,-46.06,-37.29,31.77,-1.06
237,57.16,49.28,25.23,-6.29
238,-56.47,-79.24,26.24,-9.06
239,-5.22,1.54,28.78,-2.83
240,20.72,-10.6,33.7,-0.18
241,0.97,18.94,33.6,-4.71
242,-25.78,8.91,26.77,-2.54
243,-36.67,54.21,28.26,-5.52
244,-32.15,-27.48,29.86,4.03
245,-7.71,7.31,31.34,3.58
246,-13.77,31.0,27.54,-4.84
247,-9.91,-6.6,29.19,-6.67
248,6.01,48.75,33.66,7.57
249,-3.32,56.31,38.2,6.59
250,-28.3,-56.46,27.85,-3.63
251,-63.17,29.79,36.6,8.35
252,17.44,13.02,26.31,-9.66
253,46.98,-74.98,32.99,-1.76
254,-71.86,54.57,36.92,5.36
255,10.71,-37.77,29.81,-5.22
256,3.01,11.39,19.55,-12.56
257,37.41,50.42,29.45,-3.78
258,-1.02,26.55,31.56,-1.91
259,-49.71,-28.95,25.13,-6.95
260,-29.17,11.66,26.34,-3.41
261,-65.64,43.01,28.99,2.21
262,21.19,1.34,27.24,-2.15
263,-54.33,-25.15,28.66,-0.45
264,58.13,52.57,26.78,-0.36
265,-41.1,28.36,31.41,6.17
266,4.98,-60.29,23.92,-4.68
267,-47.21,-20.52,21.63,-3.63
268,-13.21,3.73,24.61,3.64
269,-15.53,-7.86,23.48,-4.18
270,-12.13,6.48,27.46,4.6
271,26.18,108.22,28.31,10.71
272,-22.2,-32.29,24.7,1.46
273,93.9,9.3,19.17,-6.63
274,-106.88,-2.72,25.5,0.86
275,-38.0,11.7,27.18,1.42
276,-46.38,76.78,31.78,4.36
277,43.99,-46.7,28.11,-1.52
278,-36.91,-46.61,33.06,-0.65
279,7.65,120.67,32.02,3.03
280,-43.38,-104.08,22.53,-5.35
281,-18.46,11.64,31.25,1.86
282,4.05,-4.1,29.29,0.99
283,-18.27,3.78,29.34,-7.7
284,-57.91,0.82,24.46,-3.75
285,50.67,56.99,28.39,-1.75
286,-122.58,-20.09,29.83,-3.21
287,79.21,56.65,32.36,3.14
288,-82.02,-68.67,28.3,0.93
289,57.44,35.88,36.23,7.27
290,-6.75,-49.46,24.32,-6.38
291,2.22,24.39,34.04,2.11
292,-53.71,24.5,30.9,-2.32
293,-7.91,-19.01,32.05,-6.5
294,-18.09,-15.8,32.91,2.03
295,-7.99,18.12,30.93,0.97
296,10.37,21.65,28.55,0.13
297,-36.81,0.47,34.8,-2.0
298,-17.14,5.94,30.24,4.28
299,3.33,13.01,31.02,3.89
300,-12.09,49.04,25.0,-0.83
301,-24.08,37.16,27.79,-1.17
302,-8.47,-32.82,27.8,-3.44
303,2.75,17.71,31.2,-1.93
304,-63.83,19.55,32.89,6.68
305,92.33,7.18,31.08,-0.06
306,-57.08,-32.92,26.56,-5.24
307,-10.91,42.33,30.74,-1.11
308,-36.24,25.81,31.71,2.98
309,0.87,21.25,35.67,-0.89
310,-24.3,17.12,32.47,8.64
311,1.3,27.48,29.0,-4.92
312,-7.24,-22.78,27.33,-6.28
313,-34.14,-9.78,35.03,19.0
314,-20.98,-18.13,32.89,5.62
315,-14.54,20.93,29.26,-4.22
316,-23.34,10.13,24.66,-3.0
317,-12.05,1.83,28.2,0.51
318,18.35,-3.15,30.45,-6.74
319,-64.17,51.92,26.24,0.15
320,44.97,42.51,28.92,-5.6
321,-42.53,-24.6,36.65,48.59
322,-21.74,-2.83,34.69,31.22
323,-7.19,28.56,25.93,-32.53
324,-42.64,3.85,21.57,-30.5
325,-25.88,-14.04,33.74,-17.44
326,17.4,9.73,25.9,-14.04
327,62.39,25.88,31.89,7.43
328,-75.46,1.76,31.95,9.71
329,22.7,4.64,30.54,-0.38
330,-45.85,3.81,30.15,-3.68
331,-48.43,6.04,30.89,-4.1
332,14.31,47.0,29.47,5.8
333,-19.67,-15.81,31.27,3.51
334,-25.03,-13.36,33.6,13.22
335,-20.3,56.61,32.3,3.37
336,-10.91,-9.55,34.47,-1.81
337,-30.53,-4.42,33.29,11.62
338,-36.64,5.07,29.26,6.38
339,-23.16,-2.7,34.54,12.01
340,20.95,-23.6,35.38,22.25
341,-25.74,1.39,31.08,21.18
342,-28.02,13.16,31.09,-13.45
343,16.39,12.25,28.32,-3.94
344,-6.45,28.12,29.57,-2.92
345,-14.48,7.31,26.33,-6.6
346,2.5,19.86,29.58,-0.02
347,-16.47,-3.33,30.79,-6.83
348,-6.87,34.82,31.39,19.71
349,-22.91,-22.99,35.93,45.45
350,-13.41,15.3,34.51,-1.51
351,-20.3,3.78,30.14,-16.31
352,17.24,94.9,32.56,6.3
353,-25.85,-65.28,37.8,8.48
354,-28.69,-11.71,32.45,10.3
355,-14.11,8.25,27.81,-4.13
356,-9.88,-4.86,25.36,-1.38
357,-25.76,-8.2,27.26,2.75
358,-20.24,3.28,33.54,16.19
359,-5.07,9.97,41.03,5.47
360,-7.26,22.74,54.34,7.58
361,-28.88,-17.64,39.05,-4.26
362,-20.6,-1.06,29.09,1.85
363,15.81,33.07,42.39,20.16
364,-31.97,-6.02,28.12,-4.78
365,-8.16,5.19,21.52,27.74
366,6.78,24.68,33.09,23.84
367,-0.66,11.72,24.98,10.1
368,-50.36,-4.68,34.98,12.42
369,-33.42,36.51,31.46,3.92
370,-15.65,46.89,30.36,7.66
371,22.47,-30.58,32.2,1.53
372,-13.78,-6.83,32.39,-7.54
373,-14.32,0.73,37.51,22.07
374,-30.94,-3.15,28.69,7.32
375,-8.29,-3.78,29.42,-5.59
376,3.63,18.93,37.31,-3.03
377,-47.59,44.74,41.96,18.73
378,-28.54,19.42,60.84,31.26
379,-13.13,-10.53,40.68,10.23
380,-16.34,30.36,17.42,10.49
381,-28.9,22.6,19.36,60.32
382,11.01,-33.54,40.71,22.87
383,30.21,0.13,26.93,-8.68
384,-19.23,1.68,26.98,-10.08
385,-39.89,23.68,34.77,18.68
386,7.08,-27.32,30.18,18.9
387,24.58,18.54,33.3,-9.33
388,-30.16,39.36,37.74,28.58
389,-13.95,5.33,30.04,4.42
390,-59.69,-6.68,39.34,45.51
391,52.61,-3.26,88.32,39.48
392,-52.98,6.23,41.36,-26.59
393,65.54,-3.52,2.04,-9.57
394,-118.1,-8.76,34.14,27.25
395,7.98,39.67,55.9,27.8
396,23.15,39.75,42.06,-10.7
397,-35.68,-4.85,18.98,19.97
398,-24.49,-0.15,73.41,-6.61
399,-5.5,-12.98,42.3,-7.45
400,-35.83,-13.3,46.87,16.0
401,3.45,4.33,49.07,24.28
402,24.4,0.62,-8.78,20.21
403,-43.09,5.95,7.91,-7.41
404,-28.25,11.23,18.59,15.29
405,-28.94,37.75,28.73,84.8
406,6.23,24.02,34.04,20.79
407,4.95,19.78,48.87,-63.9
408,21.0,9.92,32.5,7.32
409,21.91,13.31,39.98,8.39
410,-23.95,-3.03,143.5,6.21
411,-20.02,35.6,77.73,40.53
412,-4.85,81.63,-31.56,20.68
413,-27.03,-65.26,-10.74,-54.06
414,-47.03,-17.04,8.08,4.63
415,-8.94,1.53,25.31,47.24
416,116.42,27.21,18.63,-15.69
417,-172.63,-15.24,33.12,66.18
418,-65.43,7.13,31.28,20.32
419,105.25,87.4,38.68,-7.61
420,32.84,26.65,35.76,-9.62
421,-10.88,29.63,30.8,-13.98
422,-53.95,-51.97,22.58,-10.57
423,1.9,-13.56,37.6,4.49
424,26.24,29.76,48.4,-20.38
425,-26.65,6.11,98.02,31.78
426,-34.12,-2.52,29.91,9.6
427,-4.43,34.57,-15.08,27.06
428,14.86,41.55,44.0,6.23
429,1.7,8.32,61.36,7.29
430,-14.78,28.96,18.61,84.77
431,-83.24,-9.82,26.26,-45.68
432,-8.46,13.58,90.48,-22.58
433,45.29,44.31,11.52,-34.49
434,27.19,31.88,-0.9,36.99
435,59.83,39.86,12.27,-1.86
436,-63.29,-23.85,20.82,-6.82
437,-26.88,31.27,23.5,6.05
438,-32.72,16.32,28.96,39.09
439,6.22,31.08,31.89,6.45
440,5.74,23.16,43.9,-2.37
441,-10.91,35.21,52.11,51.94
442,12.91,-4.33,22.8,-46.79
443,-40.17,-16.66,12.27,-39.9
444,-21.31,-6.05,40.83,52.21
445,-18.88,55.46,82.24,16.39
446,36.11,29.05,67.52,0.12
447,-11.8,51.18,1.13,-5.91
448,-1.95,-41.62,42.86,17.9
449,2.51,10.34,87.46,-13.08
450,-34.53,-13.33,43.1,29.21
451,-21.11,14.13,-4.94,-31.91
452,0.52,1.73,18.31,11.23
453,-22.08,29.74,29.77,2.45
454,-29.32,37.62,18.97,32.32
455,-0.5,8.91,28.87,-17.03
456,-5.12,-6.88,26.82,-40.54
457,-0.99,10.11,52.6,-1.46
458,69.6,32.22,37.26,0.86
459,-52.86,24.23,36.91,18.13
460,-29.52,25.06,42.21,48.21
461,-30.62,41.22,33.27,2.3
462,-1.54,12.53,27.65,-23.11
463,5.59,26.15,33.44,18.71
464,-4.08,43.36,48.53,-19.57
465,-4.1,7.96,90.29,-0.61
466,-12.76,45.42,26.27,12.06
467,-45.81,-28.92,17.3,21.01
468,-33.76,-10.19,25.3,31.22
469,2.32,-10.6,51.34,-0.93
470,-19.54,20.69,8.7,9.48
471,-22.02,2.87,39.54,-32.27
472,12.13,31.65,68.43,34.85
473,-15.54,53.65,12.67,16.02
474,-18.92,6.75,18.36,27.77
475,57.09,5.45,33.33,-28.12
476,-84.39,-0.9,37.23,22.87
477,-16.59,22.92,82.45,-22.48
478,19.69,21.37,1.17,-23.88
479,18.51,-14.7,28.49,7.21
480,-49.76,-1.62,20.63,-30.89
481,-35.91,3.76,21.2,0.82
482,-7.13,26.38,56.95,37.72
483,20.59,23.05,43.08,2.65
484,-43.6,3.54,16.23,-2.66
485,-35.31,9.56,33.22,13.28
486,-23.4,20.07,34.02,6.11
487,68.95,49.28,23.57,-14.77
488,-9.34,-6.08,34.05,27.08
489,-24.5,21.03,4.73,-44.89
490,-34.77,-4.04,126.69,51.17
491,-15.25,32.3,31.47,4.09
492,45.84,8.26,-13.59,-44.35
493,66.65,30.45,21.06,5.54
494,-96.16,13.89,49.68,25.65
495,7.4,14.79,96.71,-13.72
496,-29.66,13.55,13.97,1.59
497,-8.58,18.72,-10.69,-0.99
498,-52.24,39.99,29.14,39.39
499,-1.28,24.35,38.28,-9.18
500,-17.49,6.02,19.82,-20.36
501,-21.68,-26.51,59.1,-0.09
502,11.64,-5.03,60.29,18.32
503,15.25,-7.03,6.4,-2.82
504,16.4,39.61,10.0,4.04
505,-29.75,4.67,37.8,14.43
506,-8.95,15.89,27.03,-36.02
507,-15.1,13.48,80.09,-10.25
508,-28.08,42.88,26.36,22.39
509,-16.68,23.54,-2.86,9.39
510,12.27,20.57,30.83,27.55
511,-9.71,37.46,19.27,-8.66
512,-17.27,24.02,15.17,-26.48
513,-3.06,34.92,58.12,41.6
514,23.95,23.19,84.24,-43.93
515,16.15,26.5,68.11,14.77
516,-0.13,15.96,76.48,-26.02
517,-79.48,28.78,49.33,-9.64
518,-40.09,18.11,26.62,8.91
519,-6.84,25.84,-57.54,6.17
520,-20.31,31.62,61.09,11.51
521,-6.02,35.14,-2.45,16.7
522,-7.62,29.8,137.77,-10.56
523,-23.52,-1.36,135.12,-7.95
524,9.75,13.27,-98.46,5.71
525,135.91,28.24,-3.23,21.92
526,-57.18,31.12,118.93,3.24
527,-80.94,7.48,124.19,-32.92
528,-52.32,22.31,38.5,-3.78
529,25.87,32.41,82.69,-3.54
530,-40.31,7.54,-114.07,36.23
531,-5.99,27.82,65.58,28.92
532,76.21,35.64,249.41,-12.52
533,-14.91,11.1,-163.21,-9.21
534,59.36,13.86,35.58,23.82
535,-45.0,-0.08,8.34,-15.64
536,-56.12,30.9,-13.89,24.43
537,-32.47,2.33,89.77,-19.11
538,-14.0,1.08,21.07,-0.24
539,3.7,34.01,-16.52,-36.8
540,1.31,24.11,69.0,55.14
541,-20.24,21.64,2.77,11.59
542,-18.01,8.58,26.12,0.52
543,8.45,20.27,59.78,20.72
544,9.42,16.94,16.73,-16.93
545,12.17,17.44,11.43,-27.29
546,-1.23,15.55,157.52,5.57
547,5.96,17.24,-25.22,14.72
548,-6.69,33.11,-4.21,51.03
549,-62.8,-3.19,114.24,-72.97
550,-18.32,13.3,4.9,-6.41
551,-11.53,15.43,-19.97,23.05
552,0.78,15.39,11.57,-32.01
553,-1.83,14.85,91.5,27.22
554,-3.74,22.4,12.65,-12.5
555,2.47,30.69,36.9,12.74
556,-5.0,-2.32,5.35,17.14
557,-21.18,15.11,28.38,1.51
558,55.13,32.06,110.84,5.42
559,-23.32,4.46,-38.69,-21.57
560,-47.72,11.27,60.21,6.52
561,-15.59,-2.08,66.7,-2.46
562,-1.78,10.37,107.91,-7.19
563,-3.55,20.07,-43.57,-5.87
564,-23.5,10.13,8.39,35.95
565,18.75,-4.44,23.42,-19.71
566,12.94,1.13,16.41,-25.29
567,-47.91,19.37,38.13,54.16
568,0.12,11.46,14.91,9.1
569,15.9,27.54,9.87,-16.55
570,53.21,25.86,43.54,-0.22
571,-52.2,-2.61,22.26,21.38
572,-55.57,16.71,60.27,-34.64
573,31.62,2.06,66.67,-3.67
574,-31.82,8.09,-1.94,-42.39
575,-10.03,7.38,53.12,41.81
576,45.43,34.76,70.0,15.11
577,-28.34,-6.65,-75.87,-50.38
578,-38.84,6.01,100.04,-17.82
579,4.57,1.3,51.11,15.64
580,-0.82,27.47,197.15,74.3
581,-28.88,4.28,-123.28,10.89
582,80.48,29.06,-13.19,-32.93
583,-68.33,-0.93,14.81,-32.37
584,-43.76,2.36,89.36,36.03
585,-29.56,12.84,0.45,-11.31
586,16.23,-20.01,24.47,-23.87
587,33.45,-12.53,69.65,13.42
588,-1.02,3.34,-20.47,17.05
589,-9.52,11.62,119.19,-0.58
590,-9.62,23.25,-22.44,8.46
591,-29.49,-5.5,19.21,-65.64
592,80.57,7.59,71.99,30.14
593,-48.02,21.64,-10.01,38.44
594,-40.27,-9.96,16.79,-2.2
595,-7.93,10.87,21.27,-19.72
596,1.4,20.26,26.94,28.6
597,-9.5,-11.18,54.05,3.65
598,34.09,36.32,155.69,-3.28
599,-36.37,-15.97,-19.97,-33.63
600,28.74,17.25,-11.18,28.1
601,6.46,-9.3,9.49,-10.52
602,-54.88,6.62,24.71,35.2
603,8.29,2.1,14.71,-18.75
604,-8.53,27.67,84.03,-25.69
605,-18.6,31.55,-6.6,58.55
606,-14.74,6.59,0.04,-66.04
607,27.81,-17.58,58.73,32.35
608,-18.37,3.52,80.11,-16.06
609,-11.88,7.39,79.53,27.44
610,-13.68,24.52,-43.79,28.58
611,1.67,-8.32,12.56,-24.95
612,-3.2,15.02,61.0,-1.01
613,71.64,-0.01,76.51,-45.14
614,-77.2,1.48,-23.0,56.3
615,-19.68,7.55,44.53,-1.87
616,-7.66,21.85,69.53,16.77
617,-11.25,4.58,0.83,-20.0
618,8.04,15.2,-9.07,-11.71
619,-15.84,17.64,80.23,11.29
620,-6.96,7.85,15.51,-12.6
621,25.21,35.32,22.68,34.08
622,-15.52,8.64,30.01,45.64
623,-45.39,25.18,33.29,-63.55
624,53.14,6.75,26.6,-17.42
625,-67.03,23.02,79.49,19.04
626,-8.44,23.0,12.0,-3.73
627,-18.71,12.01,-2.7,12.53
628,10.98,26.3,32.15,32.77
629,18.53,1.57,3.81,-13.54
630,-6.29,17.38,31.46,-14.47
631,-32.46,45.68,42.07,-0.51
632,-0.43,13.64,108.19,1.86
633,23.85,9.79,30.15,8.03
634,-50.62,20.19,-9.47,-6.22
635,-25.46,36.56,126.32,-1.21
636,1.5,20.2,47.88,13.37
637,26.76,11.2,-27.48,3.64
638,38.56,2.53,56.39,-7.09
639,27.26,20.95,-46.44,-2.78
640,-117.46,10.58,16.1,2.81
641,-8.73,23.89,53.93,-13.17
642,-7.31,12.09,12.05,18.06
643,3.74,22.42,31.82,9.42
644,-7.8,23.51,29.74,16.39
645,30.72,36.47,82.51,3.32
646,-44.43,11.59,32.45,-29.96
647,-33.72,3.61,-15.05,-1.06
648,77.78,13.88,7.45,-15.01
649,18.77,12.85,42.18,35.65
650,-56.68,8.87,36.42,3.16
651,-25.4,23.27,39.87,-2.32
652,-11.63,-7.02,82.95,8.65
653,-7.51,1.16,24.62,-11.73
654,-5.3,31.38,-26.91,5.6
655,10.18,27.29,-0.92,-4.47
656,1.51,25.66,50.86,5.46
657,15.49,29.07,7.75,9.94
658,-36.32,6.75,34.89,-7.57
659,-22.15,13.55,79.22,-19.61
660,0.69,13.44,34.89,20.91
661,11.94,30.01,142.57,1.41
662,50.97,21.62,-110.9,-8.39
663,-86.09,1.03,9.28,-0.92
664,-23.86,-2.12,15.69,0.06
665,-10.52,12.75,6.09,-13.04
666,28.99,19.79,90.92,49.21
667,4.83,9.41,15.71,4.88
668,-31.72,9.16,39.47,-49.13
669,-19.16,35.39,27.75,46.41
670,1.38,12.06,-10.5,-17.55
671,-22.07,4.87,13.1,-7.25
672,10.47,16.19,17.16,-0.78
673,46.58,8.96,24.09,1.45
674,-66.14,14.23,39.48,7.26
675,-1.03,37.7,18.33,0.06
676,-47.64,-1.33,8.49,-11.48
677,-5.43,1.59,85.71,16.45
678,-14.09,3.65,9.53,-16.17
679,44.43,22.22,75.17,-17.41
680,-44.43,-1.37,-20.3,6.23
681,-37.56,11.36,77.51,22.24
682,9.17,27.67,32.86,24.81
683,-9.57,7.98,-8.05,-21.93
684,24.72,4.14,71.76,-34.41
685,-1.31,6.08,45.02,41.37
686,-42.01,11.53,-42.18,-12.09
687,-52.12,2.94,20.07,5.17
688,-1.53,10.3,6.78,18.83
689,22.15,6.48,26.88,-21.93
690,-26.13,2.36,22.06,45.34
691,-18.99,2.22,18.79,-3.19
692,-21.61,17.02,30.7,-3.04
693,-0.49,-0.72,44.9,-9.82
694,-30.95,7.79,21.49,-8.9
695,84.88,16.97,34.06,11.54
696,-59.84,8.53,69.66,-31.37
697,-62.47,-2.37,23.94,23.87
698,-11.56,0.97,39.3,-2.48
699,6.43,14.09,-12.2,6.63
700,-9.5,2.0,12.07,1.64
701,9.0,-2.82,27.04,-7.68
702,-29.31,10.05,15.06,-26.16
703,-21.27,-0.02,101.92,29.08
704,-11.21,27.34,-5.31,-6.18
705,-18.44,15.82,13.26,17.66
706,46.41,22.96,25.68,0.17
707,34.3,1.31,42.51,-1.79
708,-100.73,-7.6,32.61,-23.97
709,-26.34,27.34,22.59,12.68
710,-12.51,44.04,112.66,6.73
711,-15.37,25.58,207.12,-1.28
712,5.81,2.49,-188.31,13.53
713,-14.53,3.88,24.63,-22.04
714,-20.37,8.03,5.61,5.62
715,-19.38,18.63,30.48,-29.04
716,33.67,13.71,1.87,5.82
717,51.02,35.01,41.49,16.92
718,-83.1,53.85,31.06,34.78
719,-9.65,-13.66,42.0,12.63
720,-31.17,-0.16,22.69,-47.49
721,-13.34,25.53,31.69,-9.49
722,-12.36,-6.83,27.31,-3.98
723,-3.1,4.86,27.59,-22.36
724,-29.12,17.58,46.01,19.25
725,-25.71,-10.7,5.88,19.55
726,13.43,-11.19,29.54,1.71
727,-12.63,-0.35,36.82,6.04
728,45.61,34.68,43.21,5.03
729,-43.35,-7.06,47.73,-16.55
730,-32.83,18.11,42.92,19.74
731,-34.42,6.22,49.12,1.37
732,13.66,15.34,23.89,6.99
733,25.95,24.39,-15.77,-3.82
734,-81.86,13.11,14.3,-5.84
735,-9.48,5.66,48.45,1.31
736,-10.78,13.64,21.47,4.91
737,-7.76,22.04,33.17,70.67
738,-9.99,12.83,19.49,-62.64
739,4.0,23.22,30.11,7.84
740,-5.83,11.38,14.55,-23.57
741,-24.9,9.53,52.91,14.53
742,63.31,-4.1,48.04,0.16
743,-76.85,-1.88,83.08,23.31
744,-15.39,3.95,-6.5,-23.25
745,-29.71,42.48,42.39,-19.4
746,9.44,-5.01,-8.28,33.59
747,42.63,17.41,9.15,-4.62
748,-94.06,-6.11,29.42,3.32
749,-1.58,-24.63,37.5,11.78
750,-17.56,18.09,28.34,-14.18
751,18.89,19.98,27.31,18.27
752,-14.45,26.52,27.23,14.47
753,-11.32,-13.98,8.83,-21.48
754,-50.74,-2.25,37.89,-13.9
755,-6.73,-4.11,56.74,-2.78
756,15.42,25.79,81.67,-46.65
757,28.95,28.96,-26.26,29.1
758,28.71,-11.1,18.88,15.24
759,-91.64,-20.77,43.78,-2.54
760,-46.15,-0.6,35.59,-16.75
761,18.08,20.7,4.19,-1.77
762,31.3,36.2,35.11,-9.38
763,-43.95,16.07,41.06,-4.96
764,-15.04,15.14,59.08,26.29
765,-15.77,-22.84,40.62,-20.79
766,5.92,-9.87,-24.56,25.93
767,-26.12,-13.75,24.22,17.04
768,-23.83,-22.64,15.15,-34.84
769,32.08,7.58,24.38,-6.84
770,-17.49,17.31,6.1,-12.27
771,-2.14,11.88,28.73,0.38
772,-25.08,-7.97,17.78,8.36
773,69.88,17.82,48.14,5.74
774,-94.12,43.01,35.81,16.65
775,22.07,-21.9,7.15,-38.26
776,-18.15,-42.42,64.93,22.23
777,-42.02,6.83,-12.58,-28.71
778,10.89,62.24,19.28,-6.39
779,13.16,17.37,65.32,17.39
780,5.02,-68.91,119.1,-59.43
781,-52.6,-23.27,-64.59,29.6
782,-21.74,-4.67,2.71,42.91
783,1.76,50.84,17.95,32.11
784,37.89,39.96,22.93,-44.03
785,13.13,12.04,24.44,-7.73
786,-113.79,-23.73,29.51,-34.66
787,19.0,4.3,32.65,51.26
788,-34.56,16.22,75.46,-14.22
789,6.13,-4.15,0.35,-29.66
790,12.36,41.29,48.74,-19.45
791,-31.8,-5.28,-6.98,10.51
792,-5.74,1.45,23.59,-1.16
793,26.6,-12.62,42.52,-20.36
794,-63.08,6.14,86.82,51.18
795,-36.86,-2.83,27.62,-15.58
796,-28.29,15.82,-20.79,38.92
797,-10.82,13.14,7.59,-30.99
798,-5.92,24.08,32.8,-31.26
799,6.01,24.5,31.0,13.27
800,-3.77,-4.93,22.77,18.32
801,0.49,20.62,48.07,-6.63
802,57.96,3.93,80.69,-4.0
803,-47.56,23.49,12.77,-1.77
804,-50.26,1.54,8.63,-35.75
805,-9.02,1.74,42.16,9.5
806,-10.92,-25.94,27.0,24.92
807,86.1,-4.32,57.66,-11.35
808,-69.26,8.05,29.72,-12.74
809,-45.9,1.2,45.54,31.18
810,-13.9,-16.66,35.44,33.33
811,-10.51,63.29,60.26,-39.99
812,-22.22,-5.91,-19.17,10.59
813,32.66,9.98,18.08,16.17
814,-38.23,-6.87,38.16,-10.82
815,-4.67,19.14,9.27,-18.1
816,-4.72,-0.2,34.34,2.7
817,48.95,0.15,36.77,-19.54
818,-57.49,9.87,60.87,10.54
819,-39.8,18.55,79.73,0.13
820,-12.62,18.33,17.31,0.37
821,17.45,7.86,24.32,-1.04
822,-35.36,-9.99,56.26,35.89
823,-16.55,-1.74,-14.08,-33.6
824,-43.91,10.47,94.24,3.5
825,-16.57,38.69,-1.03,18.31
826,1.56,15.55,2.83,-6.88
827,75.76,4.81,12.03,-8.24
828,-103.29,8.84,31.6,17.89
829,-11.52,1.15,32.17,15.73
830,-13.19,-17.18,21.45,-23.07
831,-28.87,-13.11,23.41,-26.64
832,53.44,19.45,42.63,15.71
833,-55.65,32.92,101.46,-17.87
834,-30.17,19.29,-16.66,47.13
835,-11.99,-0.06,8.25,-28.81
836,89.84,15.32,22.22,10.16
837,-143.63,11.48,26.54,15.8
838,-27.12,-20.59,33.24,30.44
839,-1.17,2.6,32.71,-31.11
840,-20.7,-3.53,34.38,24.45
841,-7.98,5.52,45.89,-11.45
842,-4.34,6.8,43.66,-17.94
843,1.74,-6.23,-4.49,-26.88
844,28.5,18.21,30.26,9.89
845,-62.86,6.48,12.01,-5.03
846,23.66,43.82,45.54,-4.71
847,-21.92,25.48,14.03,18.77
848,-47.64,-5.52,37.49,-7.92
849,58.72,-36.8,59.04,-28.68
850,-32.99,-1.53,14.68,22.93
851,-88.24,37.77,13.44,3.2
852,1.24,-8.14,10.89,-0.88
853,-13.02,-44.2,34.32,-5.6
854,12.19,14.33,20.69,50.7
855,-2.77,15.58,48.2,-37.85
856,7.42,-5.06,22.53,-16.62
857,-6.89,32.33,38.87,-15.71
858,12.06,2.04,12.7,-6.86
859,-66.24,-27.85,30.79,3.23
860,-76.45,-0.63,39.9,6.71
861,-17.34,9.92,82.44,-15.18
862,16.18,3.33,-5.44,-1.74
863,4.73,2.08,66.67,5.56
864,-16.47,12.93,-7.1,-7.78
865,-9.62,26.51,21.12,25.85
866,6.71,17.49,43.75,-4.87
867,-23.3,2.29,61.84,23.98
868,-24.28,6.29,-8.59,-2.94
869,40.46,-1.84,31.87,-7.69
870,57.13,25.03,37.48,-24.35
871,-134.06,-23.24,15.67,11.7
872,-47.54,2.15,48.85,-32.68
873,-6.33,18.19,0.84,-4.43
874,1.83,57.73,36.82,-1.92
875,-12.18,33.3,22.0,-5.89
876,5.09,-20.32,88.78,21.71
877,-8.49,32.87,25.75,-4.82
878,-11.01,-27.33,22.85,27.72
879,12.33,-13.34,37.67,-53.44
880,-10.01,15.05,5.51,-9.32
881,-42.98,10.41,18.66,11.63
882,92.15,30.49,33.29,6.46
883,-123.98,-2.11,56.54,8.2
884,-49.95,-0.86,7.7,20.78
885,9.65,38.17,28.54,15.58
886,-44.25,13.79,15.75,-20.15
887,18.44,-5.86,37.35,-20.79
888,-15.81,-16.38,84.48,-2.92
889,41.9,19.49,-16.11,-3.82
890,-17.82,22.9,17.24,-27.53
891,22.6,36.53,21.16,40.68
892,-9.71,9.29,57.47,-36.73
893,-75.59,-19.12,37.4,34.29
894,-42.6,-14.66,-2.66,-16.63
895,-6.91,11.47,63.14,-3.95
896,-13.67,22.17,-3.94,24.92
897,-30.18,15.51,53.56,-10.3
898,4.24,30.3,39.84,9.61
899,-3.08,27.38,21.64,4.14
900,-14.65,-10.22,22.25,-10.06
901,27.18,15.15,2.35,-2.83
902,20.86,16.51,25.14,3.27
903,-40.19,9.47,34.46,3.94
904,-73.49,2.58,27.82,12.92
905,-25.52,-1.19,71.64,-15.34
906,-33.04,9.35,76.0,-36.39
907,0.32,11.43,15.37,34.68
908,-15.55,-1.91,73.14,-4.35
909,11.07,16.82,-46.91,9.4
910,33.81,32.17,17.96,-1.79
911,-64.65,25.96,26.49,8.39
912,-10.24,4.27,44.51,61.08
913,-13.11,13.12,20.42,-27.52
914,-12.76,21.9,27.05,-28.59
915,27.04,-10.67,30.57,-0.69
916,-26.41,17.88,32.82,1.92
917,6.12,17.61,30.21,-24.73
918,22.21,-0.24,78.2,7.72
919,-77.87,13.01,6.98,-14.86
920,-20.43,11.27,32.1,16.35
921,-23.73,8.56,23.1,-5.59
922,-7.42,9.64,13.41,-2.52
923,13.47,54.44,43.74,23.82
924,7.64,19.54,14.27,-0.87
925,-55.0,-10.03,50.32,7.23
926,21.7,25.07,22.75,-27.23
927,-0.82,-3.53,58.16,38.85
928,-48.79,8.61,45.79,-19.11
929,-12.7,-7.35,2.25,-6.87
930,42.39,10.88,29.93,33.33
931,-33.5,2.01,27.66,-17.98
932,-45.66,10.17,13.18,-8.22
933,-13.63,6.76,22.86,-11.45
934,-22.01,27.78,26.37,9.7
935,-9.66,20.52,15.5,-15.23
936,1.7,9.32,32.17,4.44
937,-20.69,24.52,40.5,20.98
938,76.03,29.05,16.18,-0.38
939,-7.03,44.53,82.99,0.96
940,-71.29,-3.52,7.06,11.55
941,-56.03,5.42,25.14,-21.87
942,-7.77,-7.2,39.15,24.43
943,-0.58,1.03,2.21,-48.19
944,-13.08,-2.33,47.31,40.03
945,-37.73,6.22,30.65,28.56
946,-7.49,1.23,73.67,-24.74
947,5.83,24.96,-18.64,2.68
948,12.79,12.19,8.95,-17.4
949,33.01,46.86,26.26,5.22
950,-36.05,22.3,37.65,0.38
951,-26.68,-12.11,21.53,2.39
952,-28.28,23.25,32.04,21.31
953,58.48,-2.88,33.49,-8.81
954,-106.73,12.21,25.78,4.45
955,11.22,34.98,24.28,-11.96
956,-16.83,-2.48,27.75,-10.16
957,-26.62,3.41,41.06,41.07
958,-6.89,40.64,16.73,4.85
959,27.46,-15.53,28.64,-22.16
960,-38.36,4.76,30.89,-11.3
961,3.72,14.78,31.44,17.68
962,8.41,12.59,85.71,-34.41
963,-12.61,48.63,-2.22,1.23
964,-85.75,23.1,-7.87,-3.46
965,-16.73,-18.49,17.54,-11.09
966,-17.02,1.54,18.13,22.66
967,-31.79,9.34,36.77,15.11
968,4.85,9.35,30.73,-16.22
969,-7.09,6.83,29.01,2.94
970,31.54,15.92,103.84,-8.87
971,-52.37,28.23,4.47,41.4
972,-13.34,30.64,26.8,-15.94
973,60.4,21.81,4.84,-3.08
974,-95.56,-3.53,8.77,-11.64
975,-28.6,-2.14,33.91,-6.9
976,3.78,13.27,32.21,-13.91
977,-12.71,-1.04,65.32,23.89
978,-38.52,4.79,37.62,-5.8
979,-4.1,6.79,31.74,4.0
980,4.06,28.93,19.33,-1.33
981,-15.72,1.37,13.13,40.48
982,-13.65,12.38,22.75,-15.05
983,-9.27,-21.27,21.09,-10.91
984,67.89,1.94,32.1,13.83
985,-35.91,26.71,24.68,-37.65
986,-77.85,46.37,47.83,16.11
987,-35.25,20.44,82.26,14.45
988,-25.04,-8.16,48.92,-11.81
989,20.45,18.13,-32.72,-24.01
990,-33.84,1.49,22.11,11.47
991,-22.46,15.2,53.67,-16.89
992,1.98,34.5,17.28,30.97
993,11.3,10.37,12.41,-12.98
994,15.12,15.48,28.66,9.98
995,-64.67,3.8,33.89,6.3
996,-5.52,37.64,33.46,-5.03
997,-27.17,8.57,51.79,12.35
998,43.61,1.93,11.92,28.95
999,-30.99,25.47,27.93,-40.63
1000,-50.0,16.95,26.76,-7.48
1001,-37.99,5.88,18.64,3.57
1002,5.17,51.79,25.12,4.92
1003,-5.79,6.65,45.71,15.5
1004,-30.36,28.33,47.34,27.14
1005,-21.0,-4.99,60.88,-56.86
1006,12.04,-6.98,-16.53,7.02
1007,74.91,9.51,31.12,5.96
1008,-81.34,2.37,46.49,41.46
1009,-65.92,11.46,6.88,-19.24
1010,-38.78,10.42,30.04,-16.45
1011,-17.27,9.43,78.22,-3.17
1012,3.57,9.19,49.15,-15.65
1013,-14.84,-4.5,10.64,0.29
1014,-18.8,-10.22,22.28,28.43
1015,-7.98,23.07,23.66,-10.22
1016,-8.47,24.36,28.94,-16.75
1017,-27.69,10.86,50.43,-23.48
1018,52.03,3.29,18.22,33.93
1019,25.64,10.53,17.88,31.09
1020,-128.28,7.05,33.83,-24.55
1021,-31.88,31.99,39.58,-4.48
1022,4.32,68.63,44.96,13.87
1023,-8.09,4.44,50.16,20.54
1024,-34.68,-52.29,49.36,-38.97
1025,-6.64,-9.29,-8.96,-5.68
1026,2.67,19.6,67.58,-22.29
1027,-21.59,14.84,72.09,25.4
1028,13.64,10.93,-19.84,-23.23
1029,14.58,3.98,28.74,-16.53
1030,-5.89,28.49,8.29,17.18
1031,-86.22,38.24,34.47,47.02
1032,-15.95,38.0,54.78,38.48
1033,-11.36,-6.9,9.48,-33.57
1034,14.36,-15.69,44.97,-10.25
1035,-68.95,37.53,99.89,-4.39
1036,36.95,31.24,-12.68,-14.67
1037,-6.61,1.03,13.43,-23.04
1038,-50.33,-1.32,96.81,4.54
1039,21.94,-10.07,54.02,-3.9
1040,-10.9,-3.97,72.96,-14.16
1041,-61.36,5.9,-33.56,21.94
1042,-28.82,5.98,-2.06,6.14
1043,7.59,32.49,79.0,12.5
1044,-23.5,25.02,31.71,45.96
1045,1.21,33.66,-5.33,4.41
1046,-22.72,-4.83,21.73,-12.73
1047,-24.67,11.83,43.52,-0.56
1048,21.02,55.11,25.04,11.19
1049,33.48,18.39,27.16,-64.1
1050,-90.02,2.73,67.99,15.79
1051,-26.68,17.43,22.62,10.71
1052,-18.48,9.62,8.89,-21.3
1053,22.49,21.58,19.38,29.07
1054,-51.71,8.13,25.89,9.53
1055,-16.94,14.09,38.52,-3.91
1056,-9.73,19.84,42.47,28.09
1057,-9.41,-7.0,45.18,-23.22
1058,88.29,11.66,71.28,21.1
1059,-85.76,-1.2,-22.11,-10.71
1060,-47.93,21.67,8.31,32.14
1061,-39.91,4.86,76.19,-30.97
1062,-12.01,10.08,-18.28,-1.4
1063,20.87,26.71,58.84,-17.93
1064,8.63,45.11,71.02,-5.77
1065,-16.6,33.05,-16.76,12.26
1066,-28.52,40.32,24.04,-1.07
1067,-27.44,-37.1,31.02,12.39
1068,85.01,10.28,58.39,-2.63
1069,-30.5,56.63,69.77,-26.97
1070,-103.77,-21.44,45.57,44.77
1071,-25.65,-17.97,-31.19,-15.23
1072,-4.28,16.5,19.63,-0.77
1073,5.98,44.32,17.14,-6.5
1074,-1.48,4.84,87.46,43.18
1075,2.76,15.74,-8.94,-42.68
1076,-29.85,38.72,10.82,20.73
1077,-0.03,55.65,28.66,-11.9
1078,-28.97,-44.94,35.86,50.7
1079,106.32,-21.49,14.82,-23.28
1080,-89.99,6.19,155.77,-39.81
1081,-84.65,0.83,-14.78,27.91
1082,-5.14,28.26,10.49,27.67
1083,15.31,37.88,0.5,-17.16
1084,12.07,2.65,48.16,-14.95
1085,3.75,-4.75,26.18,19.94
1086,-36.36,2.52,1.39,4.33
1087,13.63,9.06,32.51,-10.5
1088,73.49,30.4,1.24,15.9
1089,-77.78,7.01,24.61,-30.17
1090,-46.98,42.52,28.16,29.49
1091,-38.62,-9.91,134.86,21.99
1092,-22.35,-22.01,20.24,-9.18
1093,-12.36,6.64,-40.03,1.11
1094,1.9,-1.19,33.27,4.15
1095,8.21,22.45,0.07,-22.84
1096,4.22,21.21,74.11,-1.8
1097,27.76,26.76,108.36,-11.66
1098,-19.2,-8.8,-49.98,14.79
1099,-26.22,-13.62,8.7,-19.08
1100,-61.37,1.25,13.11,-28.69
1101,-37.95,15.38,19.04,32.93
1102,-19.79,-6.55,21.18,7.08
1103,-3.82,9.57,32.4,9.2
1104,11.24,34.87,85.09,-0.42
1105,66.51,33.14,42.18,29.99
1106,-35.47,-27.76,-18.06,-24.83
1107,-75.37,-1.53,50.98,0.9
1108,-4.73,45.84,77.41,-10.74
1109,20.58,-23.94,-7.57,5.58
1110,-53.51,6.64,-10.64,-6.61
1111,-29.51,4.27,46.69,-2.53
1112,8.84,7.1,11.98,-2.75
1113,11.37,-6.64,32.76,1.26
1114,-17.96,-3.5,25.93,4.74
1115,-19.69,13.65,21.19,-5.45
1116,139.81,41.25,67.98,49.32
1117,-96.0,0.96,61.11,-48.86
1118,-52.03,14.36,7.09,12.94
1119,-15.95,-6.39,22.29,-1.43
1120,-17.79,-1.28,13.65,-2.98
1121,28.17,31.88,38.32,13.66
1122,-59.78,-13.72,35.55,-13.15
1123,18.05,9.13,37.08,-11.2
1124,-9.72,23.07,154.31,4.62
1125,-1.16,32.59,-36.75,-2.7
1126,33.74,18.1,-6.89,5.51
1127,31.74,13.08,6.85,15.62
1128,-103.37,29.29,43.6,56.23
1129,-9.09,-14.12,63.31,-89.0
1130,4.27,-4.16,9.99,-18.33
1131,2.26,18.82,91.09,0.02
1132,-34.74,42.37,-19.8,18.34
1133,-1.49,30.64,7.32,-7.85
1134,19.09,7.17,16.15,0.83
1135,-45.57,-2.02,22.18,-10.16
1136,20.71,4.18,59.39,1.28
1137,-17.94,12.69,91.67,16.77
1138,-15.66,17.28,-30.49,8.81
1139,52.69,13.47,18.42,5.44
1140,-33.91,11.46,19.61,19.49
1141,-61.67,67.21,46.51,7.6
1142,28.39,76.3,75.52,-22.4
1143,-31.48,-49.42,-2.26,-8.31
1144,-46.17,-23.55,6.03,-14.7
1145,-19.14,9.93,45.61,-9.96
1146,36.81,22.66,7.91,-15.63
1147,39.38,26.46,85.9,44.92
1148,-41.78,30.46,-45.79,-46.84
1149,-51.5,49.94,48.51,73.19
1150,-7.94,-26.18,60.52,-32.02
1151,5.66,21.75,2.94,-7.86
1152,3.08,-4.39,6.3,-2.45
1153,-34.36,7.93,30.06,-9.19
1154,-20.37,21.08,13.85,-11.14
1155,13.1,31.4,129.16,-3.03
1156,37.37,11.55,-39.12,8.31
1157,55.08,-2.96,121.32,-1.88
1158,-124.54,-5.43,-43.62,11.33
1159,-40.55,10.53,-3.75,-21.18
1160,8.06,34.78,39.31,-36.6
1161,43.87,35.13,43.34,87.99
1162,-43.13,5.85,30.22,-19.69
1163,-18.47,9.0,33.86,10.88
1164,11.21,-12.46,106.91,-22.72
1165,16.26,28.23,-43.18,43.72
1166,16.21,-8.79,36.94,-15.67
1167,-87.79,-19.65,26.4,-13.72
1168,-13.8,16.27,36.55,19.14
1169,-11.39,34.7,38.67,-19.51
1170,-12.66,1.02,40.23,-12.51
1171,-9.99,6.52,70.07,-7.75
1172,25.32,9.26,23.05,2.45
1173,-31.64,-5.85,-50.47,-4.0
1174,-32.01,-4.93,25.01,26.57
1175,60.25,7.64,31.01,4.14
1176,-40.13,39.18,81.6,19.44
1177,-22.75,-22.61,-26.81,-25.85
1178,-65.29,-13.67,24.06,4.75
1179,-4.19,7.43,29.09,7.71
1180,-19.79,-10.15,48.49,-14.33
1181,-13.14,12.68,7.69,64.65
1182,4.51,24.35,17.4,-36.57
1183,-5.83,-5.78,21.48,-5.93
1184,58.04,22.17,16.11,-14.89
1185,-31.84,45.34,78.22,-21.37
1186,-60.02,-11.84,129.17,19.31
1187,-10.99,-35.37,-29.49,-1.65
1188,-22.99,-1.55,-7.25,-3.55
1189,-4.3,17.49,74.39,25.21
1190,-44.77,40.87,-16.28,-21.46
1191,-18.07,-38.03,58.76,4.79
1192,3.96,4.3,-9.94,7.87
1193,13.32,34.6,32.17,-7.59
1194,36.84,32.62,19.46,15.58
1195,-44.01,49.88,53.77,11.49
1196,-55.77,-47.24,16.72,-21.49
1197,-27.59,20.5,30.95,-9.27
1198,-8.52,-9.28,24.22,4.47
1199,7.38,29.21,67.39,22.41
1200,27.07,56.81,166.08,-65.17
1201,-34.96,37.97,-69.02,34.81
1202,-22.92,-31.17,-7.25,9.33
1203,-14.07,-31.73,20.83,-2.12
1204,-24.97,0.8,23.36,2.9
1205,17.33,-6.76,33.57,8.24
1206,-44.16,16.41,31.62,-25.23
1207,71.47,26.53,84.41,3.83
1208,-42.99,9.83,-9.83,13.0
1209,-28.08,-11.34,34.65,0.66
1210,-36.39,4.39,26.09,2.01
1211,-6.15,27.07,32.24,-6.64
1212,-6.62,0.93,45.04,13.53
1213,-4.01,-2.82,-2.93,-17.56
1214,-5.05,26.55,93.91,0.44
1215,25.52,18.15,91.25,-12.48
1216,-11.17,57.46,16.23,8.98
1217,-28.09,-31.19,-83.54,-16.19
1218,-19.18,-5.12,34.88,-4.01
1219,1.04,10.32,65.06,52.42
1220,-11.64,-6.27,39.08,-37.4
1221,46.46,11.44,10.77,-26.23
1222,-2.52,28.55,6.94,-3.39
1223,-44.21,-10.35,24.18,8.23
1224,-42.38,-33.26,31.95,0.34
1225,-17.25,29.04,48.56,6.29
1226,33.6,45.09,14.57,-22.96
1227,-37.41,25.16,53.13,40.31
1228,1.38,-12.82,34.74,1.37
1229,11.48,-28.77,75.65,-10.48
1230,-54.84,-14.62,26.75,-19.03
1231,-23.08,12.06,58.81,7.68
1232,3.3,1.88,-17.91,38.64
1233,6.72,-5.06,14.29,-24.68
1234,-30.19,7.75,26.68,-17.28
1235,-6.87,8.89,40.19,28.14
1236,-28.69,-1.3,11.25,-17.8
1237,16.62,-9.32,95.08,41.16
1238,-18.71,1.41,37.61,-26.31
1239,-15.24,-21.46,-2.39,-23.38
1240,0.65,-10.95,28.38,-3.72
1241,78.94,21.43,21.3,0.73
1242,-107.35,6.44,71.2,-21.61
1243,-34.09,27.01,76.22,13.71
1244,-21.81,15.57,-33.35,-6.48
1245,-16.88,18.36,52.62,7.25
1246,84.27,-20.38,0.9,-5.02
1247,-23.64,20.91,45.09,12.81
1248,-96.96,12.64,15.4,0.69
1249,-26.62,-60.54,-5.22,-18.21
1250,1.93,-2.02,42.89,15.0
1251,-2.86,0.06,53.74,-9.05
1252,-11.87,-17.89,59.25,-19.92
1253,-3.69,37.78,-5.41,-4.28
1254,-18.14,34.92,33.5,-15.48
1255,-33.5,-7.14,50.4,8.2
1256,12.29,7.92,64.55,4.15
1257,1.72,-3.65,12.68,-3.48
1258,-4.02,-21.97,-18.27,-12.28
1259,-26.96,46.49,56.05,7.0
1260,65.81,-21.81,34.29,13.07
1261,-112.02,7.53,12.53,-1.8
1262,-24.84,-0.07,44.02,-5.63
1263,2.24,-13.23,41.41,43.64
1264,-1.45,-6.64,26.43,-44.84
1265,-10.59,10.74,37.73,13.41
1266,-1.62,5.78,21.54,-14.82
1267,-14.27,42.41,46.71,0.78
1268,-9.43,-0.88,44.53,-10.54
1269,28.21,-24.6,24.39,-25.78
1270,27.77,-8.53,25.65,9.76
1271,-119.4,6.44,15.62,-20.92
1272,-10.08,-1.22,138.26,22.04
1273,28.86,-8.12,-24.58,-15.8
1274,-71.45,-12.56,60.73,22.99
1275,-10.25,16.14,-11.45,15.85
1276,-7.98,12.97,28.08,-28.52
1277,-16.62,-15.29,45.19,14.69
1278,-4.53,11.42,19.06,-15.62
1279,-10.02,13.96,19.51,-12.58
1280,26.53,-16.26,43.5,25.7
1281,-71.11,-13.78,34.69,-10.06
1282,78.99,19.24,30.08,-15.3
1283,-45.85,-7.5,18.59,-7.08
1284,-55.01,4.77,65.41,10.06
1285,-22.53,7.04,-3.03,22.22
1286,-12.25,38.94,69.6,3.78
1287,-28.41,11.77,61.01,-29.67
1288,-10.04,2.51,71.94,53.3
1289,-11.06,-76.79,-6.7,-42.27
1290,-1.21,12.02,-1.33,-15.28
1291,-13.73,0.15,16.5,-18.34
1292,14.2,-9.13,25.15,39.44
1293,-25.17,10.38,33.4,-13.88
1294,35.17,16.85,32.17,11.46
1295,-25.01,-23.96,50.45,-9.95
1296,-55.35,-22.75,11.71,-20.16
1297,-31.56,12.8,63.97,1.08
1298,-21.42,10.92,20.32,17.68
1299,7.57,14.05,25.2,-7.08
1300,-30.47,-6.5,45.85,-3.55
1301,-14.59,-9.66,108.83,17.71
1302,-14.55,-15.98,-5.8,-4.44
1303,-0.71,12.98,7.07,17.35
1304,49.56,70.08,2.92,-52.71
1305,-9.29,-16.84,38.55,35.23
1306,-90.88,-26.62,62.84,-7.92
1307,-7.17,-4.28,5.42,-0.1
1308,4.89,33.18,34.36,-31.03
1309,-3.43,20.11,50.18,54.87
1310,-24.83,16.36,19.22,0.46
1311,-32.63,-17.22,22.33,-4.22
1312,-14.73,-7.16,38.64,-6.57
1313,10.01,-6.14,36.31,3.18
1314,-38.78,1.8,87.5,9.05
1315,0.68,4.52,55.53,-30.63
1316,20.39,-5.03,-28.54,17.91
1317,-39.85,0.28,12.65,-24.27
1318,-14.72,11.09,15.83,28.84
1319,13.86,-11.33,122.17,-35.9
1320,-64.57,-0.07,12.58,-3.99
1321,-35.83,1.3,-10.2,-6.69
1322,4.92,17.76,34.18,69.91
1323,-5.16,36.67,19.23,-26.74
1324,-21.29,31.13,31.84,-1.42
1325,-29.43,2.19,50.94,6.92
1326,61.52,34.78,48.08,27.17
1327,-28.93,-19.4,59.07,26.9
1328,-70.31,-31.74,85.17,-51.69
1329,31.56,-9.32,2.05,-4.45
1330,-33.35,11.86,0.33,-11.69
1331,-9.71,25.17,23.02,-7.07
1332,-38.75,13.95,39.63,12.35
1333,-7.28,-15.95,38.74,6.47
1334,-13.19,22.04,32.14,-19.6
1335,-19.6,36.89,37.4,20.04
1336,96.14,4.82,42.0,-3.55
1337,-73.92,23.07,84.49,3.53
1338,-74.83,-5.85,-5.68,32.63
1339,12.54,4.21,52.9,28.77
1340,26.53,-2.44,-7.27,-33.75
1341,1.64,40.31,44.23,-1.49
1342,-72.36,16.35,128.77,-0.21
1343,-8.24,10.59,-58.87,-18.44
1344,-34.46,-11.14,14.46,37.76
1345,-7.59,1.7,47.87,-23.23
1346,-16.49,0.96,35.14,-37.27
1347,47.36,0.07,18.88,27.05
1348,-22.18,7.4,19.48,7.6
1349,-54.3,6.52,40.39,1.9
1350,-20.35,20.73,112.93,12.89
1351,33.41,38.1,-17.43,3.61
1352,-35.62,15.4,-9.26,36.22
1353,-54.81,-19.02,50.11,-31.53
1354,-37.86,21.36,13.64,9.92
1355,-38.28,-11.27,21.55,-2.5
1356,79.42,32.68,39.66,-10.2
1357,-32.29,-7.04,87.53,15.38
1358,-26.3,10.25,35.85,0.81
1359,-37.67,4.56,0.54,-15.87
1360,-29.5,6.93,-6.49,2.62
1361,-18.36,40.88,40.05,12.02
1362,8.18,6.52,39.9,5.54
1363,-24.14,-4.67,31.04,62.41
1364,-14.75,6.84,22.96,-4.94
1365,-5.22,10.31,52.95,4.67
1366,-38.38,13.8,48.97,10.51
1367,-10.54,-5.4,19.17,-28.51
1368,-5.58,-0.24,-0.07,-5.6
1369,26.22,21.38,30.29,13.04
1370,-74.09,17.27,98.29,-19.77
1371,-26.67,-5.91,4.2,10.42
1372,-4.81,30.32,-12.74,0.17
1373,-1.32,33.68,27.78,8.9
1374,-19.61,-15.11,47.61,-17.69
1375,0.14,21.54,22.89,15.87
1376,25.52,26.32,15.11,-11.18
1377,7.05,16.79,34.99,20.12
1378,-88.55,32.31,46.47,47.97
1379,-28.37,-11.49,29.96,-20.43
1380,0.57,-0.77,13.91,3.56
1381,-40.11,12.21,25.7,-9.38
1382,-11.12,14.0,56.06,2.68
1383,-5.92,-0.35,55.02,-15.25
1384,-14.41,23.39,-6.4,-10.08
1385,-11.17,31.2,28.86,-5.12
1386,44.97,46.46,65.54,20.52
1387,-60.22,-47.36,40.91,-22.73
1388,4.7,12.48,1.87,-1.08
1389,85.43,14.68,-5.71,-0.15
1390,-99.11,8.63,13.49,9.74
1391,-71.87,1.51,26.57,23.21
1392,-11.94,41.27,34.92,5.08
1393,13.48,17.75,25.28,-21.09
1394,-9.54,31.38,21.38,0.76
1395,-44.02,-32.91,34.38,-5.61
1396,-12.32,18.8,38.82,-11.38
1397,33.47,11.37,-0.58,27.61
1398,-43.84,-23.43,23.59,-42.0
1399,-7.86,8.76,29.38,-10.51
1400,83.99,40.96,41.36,-10.08
1401,-148.19,1.69,47.5,2.24
1402,-27.07,21.76,96.03,40.29
1403,-14.39,22.04,-39.48,-15.34
1404,-25.41,19.82,16.06,15.57
1405,-14.05,8.48,88.96,-1.9
1406,-4.87,4.38,-24.53,22.92
1407,-31.17,0.59,-1.69,-10.4
1408,-38.48,31.26,20.4,-0.42
1409,10.24,21.42,21.15,-7.7
1410,12.55,30.06,27.08,-9.42
1411,-4.05,-6.38,51.86,-6.26
1412,42.86,4.71,-5.42,7.64
1413,-69.01,1.93,28.39,6.76
1414,-47.8,4.88,42.74,-14.02
1415,-57.99,11.78,38.14,31.29
1416,-5.73,24.77,26.46,-17.23
1417,7.89,45.11,21.55,10.57
1418,-21.97,6.48,35.58,27.42
1419,-33.86,-36.0,49.68,-22.61
1420,-8.75,4.73,30.21,23.43
1421,-20.71,6.04,12.92,9.66
1422,-7.88,42.28,30.44,-8.86
1423,36.77,38.23,62.19,0.62
1424,49.73,-12.19,46.34,1.75
1425,-76.38,-5.33,-7.02,-7.52
1426,-54.63,10.61,38.81,-34.77
1427,-40.46,-4.85,60.39,18.54
1428,-33.09,7.14,-13.3,8.04
1429,16.84,21.44,14.8,12.15
1430,16.13,-17.03,20.17,-5.8
1431,-40.42,5.35,40.13,-0.15
1432,-14.33,28.19,60.33,23.14
1433,-2.83,0.22,52.08,-29.54
1434,-28.13,-6.33,-13.93,9.83
1435,-19.9,13.75,1.63,6.85
1436,-0.24,41.78,35.31,-1.87
1437,57.47,27.87,33.8,-1.51
1438,9.18,-10.54,22.75,1.23
1439,-85.41,-14.44,43.3,51.56
1440,-20.62,13.83,53.43,-34.07
1441,-38.98,-21.84,9.38,-19.25
1442,-4.61,14.99,29.81,-8.93
1443,22.73,10.67,82.61,8.91
1444,-36.16,54.81,-27.22,-17.65
1445,-0.97,5.9,46.14,34.82
1446,-11.99,-26.08,12.56,-41.07
1447,-25.69,-8.83,32.23,7.1
1448,-22.37,-0.75,137.03,0.52
1449,49.69,23.14,-29.48,4.72
1450,22.67,49.62,-9.58,12.83
1451,-108.33,-8.45,41.11,-0.96
1452,-20.64,-42.82,82.52,1.78
1453,-4.52,42.75,-33.63,3.32
1454,-18.49,-8.27,28.61,1.98
1455,-5.15,-5.89,49.81,8.54
1456,11.31,5.53,5.81,-29.88
1457,-28.42,21.86,2.06,9.56
1458,-9.27,34.19,32.08,-19.46
1459,-13.69,-31.33,52.82,29.86
1460,-32.46,-5.94,57.84,-13.98
1461,58.7,-19.27,-11.92,-14.63
1462,-50.02,3.14,-0.43,9.15
1463,1.09,32.31,48.86,-4.55
1464,-47.77,21.78,21.76,-12.71
1465,-34.94,-26.61,39.61,-0.18
1466,-25.38,-7.45,2.75,-7.08
1467,2.04,8.79,73.95,3.64
1468,-7.41,-36.01,9.67,-7.66
1469,33.16,24.36,5.59,-8.05
1470,-12.29,7.95,51.07,2.61
1471,-24.22,-5.38,9.98,4.4
1472,-40.34,2.25,62.58,4.09
1473,-2.78,12.46,-8.79,3.33
1474,80.09,18.09,10.14,-30.49
1475,-76.3,-2.16,42.92,5.79
1476,-53.78,-8.55,58.38,-0.4
1477,-40.35,14.02,-22.53,11.66
1478,-16.24,13.59,46.66,-8.41
1479,27.66,22.64,18.8,23.24
1480,9.44,7.01,29.74,-11.66
1481,-30.09,-42.13,24.36,1.08
1482,-30.37,9.16,23.68,-14.08
1483,11.05,22.26,37.08,17.21
1484,-18.77,-9.31,34.01,1.31
1485,48.49,2.18,59.8,-7.56
1486,22.44,-0.96,86.58,-17.91
1487,-90.11,13.13,6.71,11.1
1488,-48.4,3.38,6.6,-13.66
1489,-5.76,-3.25,19.6,0.39
1490,-19.09,21.29,100.73,6.11
1491,-18.48,28.45,-40.92,0.39
1492,-7.66,16.08,31.76,35.6
1493,-4.26,-14.62,128.7,-23.39
1494,-10.54,15.91,-36.1,8.98
1495,-58.36,-11.42,-19.54,-9.19
1496,27.06,-13.2,29.88,-17.7
1497,-18.65,9.46,36.73,10.85
1498,7.39,17.16,32.75,-3.2
1499,1.31,11.07,61.98,7.34
1500,53.68,14.83,18.1,10.61
1501,-102.02,14.68,15.44,7.87
1502,-32.83,28.55,88.99,-28.68
1503,10.37,68.06,-5.19,1.25
1504,-16.96,3.6,0.95,-8.03
1505,-34.4,-44.04,24.2,-8.15
1506,-31.5,-24.27,29.39,-0.46
1507,8.28,-4.94,48.33,-1.91
1508,-27.36,8.45,77.26,-0.2
1509,8.61,60.91,-25.69,-11.73
1510,38.12,-4.42,20.83,49.25
1511,12.86,-16.84,75.85,-29.16
1512,-50.84,-4.21,-15.59,0.02
1513,-50.25,-3.11,22.93,-5.81
1514,-30.36,9.75,27.33,-5.26
1515,-16.47,14.18,156.8,6.16
1516,-6.01,13.14,-38.69,-1.18
1517,4.77,19.98,-4.34,-10.16
1518,-2.49,55.38,21.01,9.56
1519,-8.43,3.53,17.35,-11.76
1520,-8.33,-19.5,40.99,8.41
1521,-41.95,-14.93,44.92,-3.15
1522,46.63,20.8,37.84,-15.44
1523,-39.35,30.26,21.93,41.27
1524,-28.46,7.48,29.73,-24.23
1525,-4.53,7.44,69.75,-0.4
1526,-50.42,-1.38,-25.61,-33.64
1527,-23.67,8.69,19.81,8.06
1528,-3.45,8.94,99.46,38.13
1529,-4.85,3.77,-21.38,-16.57
1530,-9.33,21.63,12.33,11.06
1531,21.96,32.23,43.94,-56.75
1532,-20.03,18.74,22.86,24.08
1533,29.48,6.26,59.97,3.1
1534,-53.9,8.76,39.96,17.07
1535,-46.66,19.77,32.44,7.3
1536,36.86,26.82,13.43,-20.68
1537,-89.35,25.01,25.14,-9.39
1538,-5.37,37.5,22.38,19.84
1539,1.33,-22.45,42.1,14.27
1540,-7.53,38.84,74.07,11.27
1541,4.07,-0.15,-13.12,-29.26
1542,11.05,-3.88,63.22,-5.12
1543,39.56,-28.16,-19.32,-4.65
1544,-117.18,-8.12,51.54,-14.54
1545,-18.35,6.44,44.3,22.98
1546,24.84,26.29,77.61,0.69
1547,-48.44,87.39,-22.18,8.59
1548,-9.99,-41.61,32.48,-11.13
1549,-12.49,-25.48,16.31,-12.08
1550,51.2,10.38,91.8,9.24
1551,-91.31,3.84,-9.49,-1.37
1552,-40.53,11.8,2.89,21.7
1553,0.76,52.42,64.37,32.73
1554,-19.56,1.48,39.04,-22.14
1555,21.62,-19.39,17.77,-21.68
1556,-5.87,11.56,55.65,-39.84
1557,-46.12,2.39,56.94,12.59
1558,-11.22,31.81,-3.82,11.18
1559,40.14,-3.87,-8.92,29.04
1560,-3.36,17.16,42.18,-10.84
1561,-78.98,42.57,35.64,44.84
1562,-4.3,17.24,27.93,-33.05
1563,-41.9,-34.86,37.28,-0.11
1564,-17.73,-3.68,27.81,1.46
1565,-21.65,25.19,83.42,7.94
1566,34.79,24.18,7.82,33.07
1567,3.46,39.53,62.21,-44.65
1568,-13.86,54.75,84.91,19.73
1569,60.15,38.96,-23.0,14.36
1570,-110.7,-49.01,61.99,24.11
1571,-44.58,-26.13,-33.44,-35.42
1572,-23.16,13.11,19.95,-17.71
1573,2.13,47.03,30.31,2.79
1574,-12.03,-1.74,14.16,3.9
1575,-9.76,-16.77,52.17,-8.93
1576,-5.83,-0.57,30.86,11.77
1577,-8.11,4.61,5.48,-0.17
1578,-47.72,16.42,96.23,11.1
1579,55.38,38.46,-10.86,-8.4
1580,-21.55,54.34,35.73,15.11
1581,-29.43,31.1,60.11,15.83
1582,-9.36,-20.95,50.07,-24.9
1583,42.8,9.04,19.54,-12.03
1584,-100.14,2.07,7.07,-0.97
1585,-17.33,36.14,23.3,12.17
1586,-4.45,24.11,31.21,15.34
1587,-26.6,-18.59,43.71,24.39
1588,-34.19,22.99,30.68,-41.57
1589,31.09,7.97,-0.39,-6.12
1590,18.54,9.06,58.38,-12.51
1591,-19.13,23.73,28.31,11.46
1592,-12.98,11.38,18.19,14.24
1593,-30.88,-8.48,22.39,-2.88
1594,-32.82,26.53,17.71,12.19
1595,-11.79,26.27,101.98,-14.1
1596,93.54,33.26,98.59,0.68
1597,-70.18,4.4,-40.29,4.43
1598,-56.58,8.91,8.21,8.48
1599,-11.58,23.18,4.99,-5.7
1600,-12.76,15.25,29.92,35.21
1601,-11.62,9.29,32.61,-29.27
1602,-17.87,-25.69,22.69,-24.28
1603,-8.25,5.43,42.55,2.52
1604,34.03,30.91,26.14,2.83
1605,-54.51,20.08,18.99,13.61
1606,-15.08,-1.16,43.12,26.64
1607,70.74,24.83,23.84,-26.83
1608,-98.59,34.48,45.45,-2.89
1609,-1.11,46.85,147.3,-8.92
1610,-14.68,34.6,19.4,23.55
1611,-33.59,-34.46,-51.42,-2.64
1612,-22.55,5.42,21.35,-28.39
1613,8.17,42.01,9.94,1.8
1614,16.92,55.17,30.18,22.82
1615,-36.69,-25.14,60.71,-13.93
1616,-10.8,19.24,26.7,-1.4
1617,-5.94,8.68,24.56,-14.35
1618,5.45,14.1,20.02,-15.59
1619,-40.29,25.87,25.52,22.56
1620,-38.31,17.59,41.73,6.47
1621,-23.81,5.65,31.68,0.36
1622,-7.27,0.47,27.17,-9.72
1623,-4.79,17.48,26.04,-1.54
1624,-24.29,18.27,30.34,3.38
1625,-11.3,18.47,33.79,-1.23
1626,-9.87,22.2,28.22,-4.84
1627,-14.17,26.12,30.3,-4.9
1628,19.72,32.35,92.44,-30.21
1629,-44.88,25.34,94.61,-9.04
1630,-9.84,16.27,-12.39,16.38
1631,-34.68,45.89,19.66,29.74
1632,6.46,13.5,-5.68,-2.85
1633,9.99,11.55,-0.2,-19.73
1634,-37.31,21.78,24.43,-4.69
1635,-31.43,-9.69,39.12,12.45
1636,84.94,41.64,10.48,-42.95
1637,-93.11,21.04,47.18,29.46
1638,-35.92,22.1,44.7,-14.01
1639,-11.08,3.54,21.95,-14.46
1640,-37.83,5.09,30.46,21.95
1641,10.94,0.44,48.3,-13.69
1642,-8.27,14.19,132.7,-5.06
1643,87.39,10.49,32.17,19.31
1644,-26.98,3.82,-7.87,-6.85
1645,-107.86,29.74,-10.19,-8.49
1646,-2.73,29.69,22.62,2.06
1647,-12.29,37.57,53.92,8.66
1648,-2.32,51.58,32.56,-0.69
1649,-0.1,-63.61,16.49,-27.19
1650,-27.6,2.27,27.8,13.66
1651,-24.02,-17.37,25.2,-3.1
1652,-8.39,28.97,22.06,21.3
1653,34.11,31.03,36.22,-45.98
1654,-12.16,9.82,51.84,22.78
1655,40.24,2.81,10.48,-18.71
1656,-119.26,7.74,45.63,17.9
1657,-34.81,6.05,50.17,3.67
1658,-22.59,8.3,26.44,32.31
1659,15.46,32.32,25.97,-12.9
1660,-20.61,39.91,51.59,-19.4
1661,-18.37,-8.96,140.88,-8.52
1662,8.05,13.28,-28.47,-5.31
1663,-11.06,-13.16,-22.33,-11.44
1664,-3.31,0.12,19.88,30.33
1665,-35.35,11.44,26.05,-3.94
1666,-16.11,31.51,34.08,-1.54
1667,-8.96,21.61,86.59,5.16
1668,60.48,59.14,23.57,-8.57
1669,-25.82,-8.51,5.92,2.23
1670,35.06,-18.1,39.64,2.54
1671,-104.58,7.28,27.68,-14.96
1672,-37.59,23.37,23.37,11.99
1673,-13.37,75.48,53.01,16.64
1674,8.97,48.09,18.98,0.71
1675,17.69,-46.12,79.87,15.99
1676,-21.62,29.98,95.81,-21.83
1677,-21.31,1.54,-59.13,-2.2
1678,-3.21,-28.51,5.31,2.75
1679,13.36,-3.61,25.37,4.8
1680,38.37,17.62,45.08,-17.59
1681,-87.05,9.27,41.7,5.46
1682,-35.81,11.66,8.21,-1.07
1683,-31.99,17.7,26.4,18.37
1684,1.8,26.69,54.87,-7.78
1685,-33.62,33.66,40.18,15.59
1686,12.28,28.27,7.39,11.04
1687,-20.03,-5.93,37.34,-17.69
1688,-9.8,24.02,16.18,2.43
1689,-25.99,-17.18,0.65,-0.71
1690,-19.29,35.94,130.37,-16.39
1691,116.69,56.77,2.02,14.85
1692,-107.79,-35.01,1.29,-14.46
1693,-53.05,1.56,-1.35,3.7
1694,-26.98,-8.1,32.7,7.67
1695,5.05,5.87,32.82,2.79
1696,-50.36,7.32,47.51,-9.51
1697,-9.52,22.61,25.03,40.92
1698,-11.73,25.5,33.32,8.93
1699,2.56,8.61,36.43,-37.49
1700,-18.28,18.26,55.07,34.42
1701,-2.04,11.71,11.87,-30.0
1702,-25.41,13.59,12.68,2.07
1703,96.3,49.3,25.0,5.81
1704,-47.89,54.75,26.01,-18.82
1705,-74.17,-9.65,22.82,1.02
1706,-48.63,-1.97,39.23,22.35
1707,-28.6,-27.7,36.33,-6.97
1708,7.35,-10.4,133.12,-8.49
1709,-1.92,8.42,-6.59,-16.45
1710,-29.08,-1.98,-32.85,19.39
1711,-9.57,17.02,35.38,40.19
1712,13.52,15.64,11.12,-43.58
1713,-1.04,20.36,36.57,51.32
1714,-64.41,9.63,1.23,-20.31
1715,17.33,9.36,60.22,-12.05
1716,76.87,13.3,22.46,6.89
1717,-67.14,-16.56,51.55,7.37
1718,-47.19,8.66,-0.65,7.04
1719,-37.07,70.02,12.36,-19.29
1720,-2.24,58.94,70.41,6.9
1721,-20.11,-71.85,1.28,-6.63
1722,-3.82,-43.25,49.62,-16.18
1723,-9.07,-4.73,17.47,16.4
1724,-9.85,25.32,27.68,4.21
1725,42.14,18.5,14.86,-1.44
1726,-71.09,-18.45,12.8,-8.41
1727,-39.02,3.72,17.44,5.4
1728,-18.76,12.79,17.87,-19.39
1729,-0.01,21.48,39.13,19.32
1730,1.01,23.68,34.15,9.7
1731,-23.15,5.6,42.47,-11.74
1732,-38.52,-7.97,12.26,-1.1
1733,-17.68,-6.67,29.39,-6.16
1734,-8.42,24.62,22.35,-9.04
1735,4.3,24.26,27.05,25.76
1736,-28.43,4.22,70.48,-11.95
1737,-21.07,-14.24,9.69,-13.12
1738,-30.11,7.15,8.26,4.76
1739,10.62,34.77,33.47,14.88
1740,33.6,3.78,12.66,42.06
1741,-83.63,-6.34,103.59,-52.76
1742,-14.94,6.81,41.25,-15.29
1743,-8.99,20.93,-19.43,23.59
1744,-27.68,5.09,0.89,-14.09
1745,-1.89,12.52,16.61,-13.41
1746,26.82,24.35,28.8,13.22
1747,-74.6,-1.63,37.23,-3.3
1748,-13.72,13.31,33.72,10.25
1749,17.98,0.18,40.14,-28.96
1750,-8.25,40.28,30.46,4.76
1751,-55.48,-12.91,27.9,-25.65
1752,-22.39,-36.87,16.07,8.52
1753,-0.31,-11.07,19.24,2.49
1754,-25.73,6.83,45.31,39.2
1755,46.05,10.45,65.05,-12.19
1756,8.36,18.65,37.82,-2.36
1757,-67.76,20.41,14.01,4.25
1758,-19.65,18.27,-5.89,57.21
1759,-48.77,-20.84,40.74,-53.79
1760,-40.43,-3.23,19.14,-28.78
1761,-8.96,13.83,27.17,-1.45
1762,2.97,17.38,129.9,6.74
1763,-14.83,14.74,-42.26,-19.64
1764,5.3,-10.91,81.15,10.26
1765,-55.67,11.63,-29.3,7.0
1766,10.83,7.57,13.56,-0.36
1767,50.07,-3.26,18.79,-7.13
1768,-90.48,29.99,26.56,-0.53
1769,-2.46,28.8,11.97,1.31
1770,-36.35,-9.64,44.39,32.28
1771,34.61,29.95,32.42,-30.29
1772,-4.79,5.18,29.42,10.17
1773,-51.32,1.53,60.9,8.68
1774,-44.21,-15.92,28.83,2.96
1775,-16.43,-2.02,-11.52,-18.08
1776,-4.46,4.66,38.49,0.04
1777,-15.5,14.93,11.97,3.6
1778,-9.45,24.02,13.73,33.12
1779,18.41,7.64,25.44,-35.39
1780,-12.69,40.22,36.82,-11.16
1781,6.41,-21.16,34.78,15.89
1782,-39.69,5.19,59.38,8.14
1783,-79.13,16.19,-5.68,-23.43
1784,-11.58,9.48,12.75,10.28
1785,9.35,-28.1,40.33,2.3
1786,29.32,-10.73,41.5,7.11
1787,-56.71,3.3,8.56,7.75
1788,-12.94,29.06,5.65,-15.44
1789,-3.53,-3.72,41.78,9.13
1790,-15.44,6.3,26.87,-1.56
1791,-17.4,24.4,53.59,18.16
1792,-1.99,-21.01,21.9,-4.52
1793,34.67,45.65,19.4,-6.71
1794,-72.99,-38.34,14.78,-7.87
1795,-22.53,-12.86,26.08,8.98
1796,-15.08,-12.56,44.65,-22.24
1797,33.26,-16.88,-12.7,-3.06
1798,-18.44,-3.09,33.51,-10.31
1799,-70.0,-12.93,24.43,-17.55
1800,-24.48,-3.85,105.41,-11.15
1801,-6.03,29.96,-14.81,17.73
1802,-14.97,9.61,10.76,18.55
1803,19.02,8.31,22.2,-40.73
1804,-41.66,3.26,39.96,57.26
1805,-16.22,-8.97,20.93,-14.41
1806,-13.15,-19.94,24.52,-32.43
1807,-16.74,20.17,100.61,-12.11
1808,-16.69,79.9,-20.43,56.49
1809,1.65,-13.7,29.09,-10.47
1810,53.88,-40.73,49.7,7.86
1811,-90.4,-22.24,48.43,-25.87
1812,-19.58,-5.03,17.67,-8.28
1813,-29.03,9.17,33.97,11.84
1814,-5.23,32.14,44.79,-18.47
1815,3.16,9.64,12.4,-10.25
1816,-23.16,28.2,10.57,37.11
1817,-34.13,-12.13,38.85,12.1
1818,-21.73,0.86,44.69,-17.64
1819,3.95,10.09,78.51,-13.83
1820,-30.96,2.43,0.52,-2.13
1821,-28.65,9.86,14.81,-9.61
1822,-19.48,18.37,47.71,-21.38
1823,6.03,7.81,59.97,19.4
1824,35.54,26.15,27.73,6.3
1825,-41.56,45.38,15.96,56.17
1826,-35.35,-7.63,21.18,-46.37
1827,-32.84,-5.29,68.98,-5.75
1828,2.63,-8.71,43.28,10.24
1829,27.58,12.87,8.05,-25.58
1830,-50.16,39.11,16.05,36.65
1831,-7.32,16.88,74.31,18.12
1832,-29.31,1.09,37.39,-31.47
1833,-20.66,35.84,-14.74,10.43
1834,-11.9,5.07,19.12,-8.52
1835,-8.85,-12.78,21.9,-23.03
1836,-28.26,-3.27,55.68,30.08
1837,0.83,-15.74,17.38,6.85
1838,60.0,-8.13,25.93,-6.71
1839,-79.31,5.51,28.34,-8.23
1840,-21.75,19.38,87.75,12.92
1841,-22.06,16.78,24.33,0.11
1842,-8.42,-5.5,66.1,-9.01
1843,40.03,14.71,14.02,37.2
1844,-84.69,-10.25,-10.89,-2.34
1845,-9.08,-6.69,18.93,-21.89
1846,-18.71,-0.96,42.63,-2.61
1847,-18.35,3.74,27.68,22.4
1848,-25.32,40.4,75.85,-30.97
1849,110.88,51.1,-3.65,-24.02
1850,-71.75,-1.19,25.25,5.29
1851,-63.0,-36.59,19.95,2.79
1852,-2.15,-17.97,32.14,22.31
1853,-17.72,3.75,49.71,3.27
1854,-24.43,14.28,34.78,-0.43
1855,57.23,33.77,18.76,-7.52
1856,-54.63,25.71,35.83,2.91
1857,-39.97,21.98,151.69,-22.1
1858,-25.24,1.99,-56.4,3.26
1859,-20.67,-25.03,16.02,4.31
1860,1.96,-11.35,24.51,4.38
1861,-37.41,2.2,24.09,-11.43
1862,68.88,16.78,44.68,66.1
1863,-87.18,20.63,48.47,-9.31
1864,-31.33,37.26,18.89,-54.02
1865,-6.48,6.48,55.62,-5.02
1866,-16.26,-31.59,52.78,5.99
1867,-45.68,12.96,-3.81,-2.38
1868,-21.0,-15.46,16.55,3.89
1869,-4.65,-24.28,41.78,-17.01
1870,18.81,30.5,27.85,1.79
1871,-12.92,37.63,42.16,1.86
1872,-69.29,-14.73,16.48,4.99
1873,-14.99,-10.03,19.7,-9.64
1874,-36.57,-11.69,30.53,-1.22
1875,-1.9,1.24,47.87,1.31
1876,36.17,2.93,61.67,-36.17
1877,-33.49,12.06,8.89,43.99
1878,-29.29,34.0,37.39,6.6
1879,19.64,57.75,84.15,-0.32
1880,-38.95,-6.01,22.76,2.25
1881,-39.56,-34.76,22.9,-0.01
1882,-22.92,-12.41,-2.71,-14.62
1883,-21.76,-3.67,44.06,-2.22
1884,-1.02,-4.98,51.29,-25.26
1885,21.52,12.18,-1.7,57.45
1886,-22.89,1.98,38.81,-28.1
1887,-48.75,23.32,4.85,-7.29
1888,-11.06,4.08,23.52,7.28
1889,43.59,-6.53,30.77,-10.2
1890,-68.2,8.96,59.94,-11.67
1891,-42.69,20.04,87.5,-5.86
1892,-7.34,38.52,-33.79,8.4
1893,-6.05,25.17,11.58,4.55
1894,-1.23,0.56,20.51,0.29
1895,-44.84,-15.36,16.65,-9.58
1896,-12.78,8.9,23.25,19.13
1897,-30.44,25.14,28.85,0.32
1898,-35.14,28.99,39.19,-20.79
1899,-9.15,-13.29,31.54,-14.89
1900,15.1,11.89,9.4,-9.97
1901,-20.95,25.19,28.71,17.07
1902,-38.11,12.65,141.7,-30.68
1903,73.59,26.75,-31.74,24.2
1904,-72.22,43.05,-3.41,19.16
1905,-69.57,-20.98,36.36,-17.2
1906,3.35,-10.19,7.59,-29.77
1907,-21.65,45.45,35.47,32.18
1908,-26.41,33.83,9.4,-26.85
1909,-18.46,-11.15,25.22,-7.15
1910,-34.81,-5.29,53.78,-3.47
1911,-45.96,-12.57,20.68,4.85
1912,-1.46,8.38,78.38,31.39
1913,37.81,27.92,-17.1,-25.06
1914,-34.13,26.56,4.42,2.05
1915,-74.14,-3.43,49.36,-30.25
1916,73.48,-3.96,22.31,59.24
1917,-93.25,4.74,42.28,-45.0
1918,-13.5,70.04,19.99,10.06
1919,0.22,49.59,95.96,-16.0
1920,-44.83,-57.53,-18.22,-0.13
1921,-25.77,-8.47,15.77,20.47
1922,4.37,-22.95,36.41,1.42
1923,4.08,0.41,76.32,-4.18
1924,-37.9,10.96,4.85,-36.7
1925,-6.98,3.7,31.89,13.44
1926,6.95,-0.56,-5.69,-15.94
1927,-17.21,12.3,32.79,3.49
1928,-41.9,21.36,39.93,52.06
1929,-41.7,20.22,42.44,-20.61
1930,-23.1,27.34,4.13,32.86
1931,71.22,8.22,23.62,8.03
1932,-85.97,38.25,66.58,-11.46
1933,-7.52,39.46,15.29,-14.55
1934,-25.13,10.33,25.92,4.25
1935,-37.26,-50.9,8.44,-32.02
1936,-1.94,-0.29,52.16,12.42
1937,-6.84,27.84,17.13,28.59
1938,-52.54,-17.7,61.59,-23.96
1939,30.7,-3.55,14.67,29.08
1940,-37.18,16.35,19.51,-14.53
1941,-44.76,18.77,14.08,-2.14
1942,-3.44,9.19,35.52,-4.92
1943,21.38,11.32,29.16,-1.8
1944,-69.4,14.98,38.92,6.77
1945,-21.79,29.1,59.72,-18.34
1946,-31.3,0.48,6.29,14.6
1947,-25.12,3.28,69.88,-27.32
1948,-12.92,17.3,-19.68,0.01
1949,12.53,35.17,74.59,-21.54
1950,-30.47,46.15,28.41,20.16
1951,-30.32,18.1,3.91,-0.27
1952,-22.06,-23.76,10.76,2.08
1953,17.02,-13.33,34.12,-1.62
1954,-49.12,-5.77,29.57,16.6
1955,-38.28,0.14,82.49,-26.59
1956,14.08,3.76,-2.24,15.09
1957,60.93,52.27,49.8,7.61
1958,-108.8,25.59,35.82,25.04
1959,-29.6,-42.71,-6.6,-32.08
1960,-23.83,-8.06,25.85,1.4
1961,-19.17,13.33,28.26,-6.03
1962,1.16,13.57,67.54,-11.82
1963,-0.2,30.67,94.7,-10.69
1964,-24.68,35.72,10.99,10.82
1965,-17.97,20.66,-25.86,6.2
1966,-45.62,-48.49,13.76,-5.95
1967,-26.28,-0.05,33.39,26.59
1968,25.9,3.34,24.72,7.12
1969,-22.83,26.36,37.88,3.49
1970,47.14,13.48,31.09,-3.45
1971,-38.07,-3.75,17.23,5.58
1972,-73.13,13.08,39.7,-17.26
1973,-24.93,5.06,54.69,9.34
1974,-22.55,13.82,-3.88,1.27
1975,-8.85,13.06,27.44,-13.01
1976,-9.78,9.27,24.23,-3.63
1977,6.73,29.54,83.38,57.47
1978,-7.86,17.99,-0.09,-14.67
1979,-34.41,7.21,24.36,-19.44
1980,-21.03,10.65,119.05,-14.93
1981,-10.37,19.33,-1.94,50.19
1982,64.07,25.79,17.95,-18.36
1983,-74.76,5.08,-2.52,-10.54
1984,-42.25,34.58,20.56,-1.28
1985,-3.49,25.98,28.74,11.86
1986,-14.33,13.48,35.08,31.71
1987,-39.69,-24.48,34.16,-40.63
1988,1.75,4.08,42.43,-1.02
1989,31.95,6.66,24.49,57.19
1990,-48.91,-9.37,23.32,-65.81
1991,-21.85,16.92,64.5,11.75
1992,-33.07,42.16,45.2,-10.93
1993,15.91,-6.0,44.27,24.51
1994,46.35,-3.03,8.13,5.78
1995,-76.27,16.75,-1.87,-13.05
1996,-48.63,33.31,30.06,26.01
1997,-31.4,12.45,97.96,7.99
1998,12.6,2.33,10.3,34.74
1999,-12.93,-15.42,6.12,-34.44
2000,-15.0,5.04,48.0,-16.54
2001,-10.2,-15.17,-0.62,23.44
2002,-2.76,0.0,25.77,-52.28
2003,-39.56,-13.24,59.8,13.32
2004,-20.07,21.79,-3.33,5.56
2005,-28.81,14.63,42.78,-38.43
2006,6.89,15.25,13.47,37.29
2007,16.2,37.87,21.96,9.33
2008,38.0,-15.04,28.6,-4.54
2009,-58.52,-7.45,34.9,8.19
2010,-58.6,0.2,34.49,47.42
2011,-60.06,39.63,95.12,6.1
2012,29.39,9.02,23.78,-23.72
2013,0.21,2.5,57.38,-9.23
2014,-18.51,0.79,-9.58,18.19
2015,11.54,6.48,-3.28,-68.37
2016,-17.39,25.41,16.69,22.47
2017,-21.7,25.36,34.19,26.01
2018,-9.31,-14.31,33.89,-25.72
2019,0.22,-0.23,55.17,-16.78
2020,-10.2,9.63,18.04,27.77
2021,55.09,26.66,7.16,2.94
2022,-103.75,6.2,4.11,-9.08
2023,26.38,8.74,50.46,58.74
2024,-58.36,19.87,30.38,-34.03
2025,-36.19,-3.95,19.95,28.23
2026,-1.47,32.87,87.68,-9.12
2027,27.24,30.76,59.82,13.19
2028,3.89,22.92,-11.27,-48.34
2029,-20.56,-5.73,-2.79,24.38
2030,-24.08,-19.41,16.04,-23.18
2031,-16.56,13.06,31.94,24.69
2032,0.5,28.48,41.66,21.27
2033,-16.09,25.71,21.27,-9.13
2034,4.56,10.42,50.51,-23.14
2035,76.78,6.71,59.23,-13.26
2036,-108.37,-7.17,-4.01,9.91
2037,-47.97,1.08,18.81,43.71
2038,-5.82,43.56,22.45,20.59
2039,47.15,-4.41,29.72,-7.55
2040,-62.82,-3.38,45.52,-17.24
2041,-34.27,-4.9,90.62,-3.13
2042,29.46,-5.51,-16.22,-13.81
2043,-35.97,-2.64,55.98,12.52
2044,-31.15,-3.21,15.28,-13.3
2045,-0.4,18.19,40.25,-6.28
2046,-25.82,22.93,7.67,35.41
2047,-21.12,-11.09,20.41,-6.2
2048,2.28,30.79,31.88,2.23
2049,16.93,2.54,30.04,-5.84
2050,32.6,4.23,28.88,9.44
2051,-28.3,-11.54,31.21,13.41
2052,-61.89,-1.89,33.1,-15.84
2053,-7.25,18.74,57.17,46.27
2054,-53.71,39.63,7.71,-44.26
2055,2.46,14.77,28.83,-1.18
2056,-23.12,-25.9,26.55,7.14
2057,-21.08,13.9,30.54,-17.46
2058,-10.87,-0.71,10.64,-5.45
2059,-9.61,5.08,33.93,-13.61
2060,-20.37,3.5,93.38,10.75
2061,-2.71,8.14,24.45,33.29
2062,77.11,27.76,44.85,-24.71
2063,-71.66,14.06,1.75,3.13
2064,-78.82,24.6,-20.72,13.31
2065,-3.95,-10.97,15.19,3.99
2066,2.36,-5.69,25.87,39.8
2067,3.87,15.55,22.73,-6.57
2068,20.16,-1.25,28.85,-18.39
2069,-38.76,15.39,55.72,3.04
2070,-56.89,-9.3,-1.86,0.33
2071,-27.33,-22.21,22.04,-14.4
2072,1.24,9.22,9.18,-11.08
2073,-6.44,6.64,33.52,-15.29
2074,-23.5,-2.21,35.24,34.89
2075,-12.8,-1.31,24.51,-13.69
2076,-1.35,14.45,27.87,-19.34
2077,-26.38,3.75,40.57,14.38
2078,14.1,11.67,26.66,31.69
2079,32.44,41.24,13.89,-12.14
2080,-62.07,-15.66,168.4,4.08
2081,14.95,4.43,-38.35,33.89
2082,-52.12,-15.38,-26.69,-10.12
2083,-34.73,-30.27,8.44,-13.4
2084,-35.09,-6.21,20.2,-44.96
2085,7.16,13.02,24.15,15.01
2086,2.64,5.67,34.25,32.72
2087,-2.15,12.3,31.04,22.34
2088,22.64,4.64,20.57,-37.56
2089,-79.0,-7.91,58.5,3.95
2090,-53.61,14.45,28.42,-20.6
2091,-22.25,-0.77,-4.76,18.12
2092,-8.12,-15.29,25.62,2.03
2093,50.05,31.53,94.13,1.3
2094,-10.25,38.15,-7.97,34.68
2095,-68.69,2.23,11.53,-4.02
2096,-15.61,1.49,22.33,5.28
2097,-24.56,1.91,9.21,-16.0
2098,-19.08,23.88,22.7,4.96
2099,-7.32,-14.31,27.57,11.41
2100,40.27,-4.54,25.13,-25.28
2101,-30.31,13.86,26.43,29.85
2102,-76.61,-5.39,51.59,-27.19
2103,-26.05,18.69,43.24,-4.5
2104,-20.24,23.31,40.84,-21.1
2105,34.99,28.19,-14.97,13.48
2106,-14.45,-17.35,19.33,14.34
2107,-42.8,-16.58,16.36,9.72
2108,-8.29,1.74,38.64,-0.85
2109,-37.38,20.13,17.43,-2.77
2110,-31.29,5.81,54.1,1.11
2111,-29.36,34.22,130.21,78.43
2112,13.07,42.66,-58.97,-54.3
2113,72.86,60.63,-7.14,-4.01
2114,-81.15,-55.5,20.51,-9.15
2115,-49.63,-5.25,28.77,5.0
2116,-29.26,-3.63,28.13,-0.97
2117,21.03,13.11,30.89,8.76
2118,-24.05,21.22,60.46,-7.88
2119,28.47,61.96,51.41,7.52
2120,-18.28,20.7,-1.0,17.25
2121,-57.82,-45.89,18.39,8.46
2122,-29.79,-22.36,21.11,-10.82
2123,-11.21,0.99,16.29,-2.75
2124,-19.6,8.46,35.17,3.74
2125,26.14,13.86,18.94,-27.71
2126,18.58,9.83,50.29,-12.86
2127,-71.64,3.09,148.89,21.1
2128,-29.43,7.0,-49.29,11.16
2129,-19.65,6.59,-10.85,9.55
2130,-12.3,16.09,8.79,0.49
2131,-17.59,8.84,23.41,-1.22
2132,-5.51,15.97,50.54,-5.04
2133,-25.57,-0.96,28.92,-0.96
2134,-13.41,46.92,-7.21,16.93
2135,61.41,41.99,21.54,-27.39
2136,-69.2,-27.08,78.72,14.62
2137,-38.43,-8.27,-0.55,-5.02
2138,-31.39,-15.04,14.28,1.81
2139,-10.3,-2.69,23.82,1.39
2140,-33.17,-4.87,41.74,-0.78
2141,65.77,17.93,88.19,-7.93
2142,-69.76,27.4,108.17,-34.3
2143,-16.27,16.65,-76.22,31.06
2144,-19.77,-1.22,-4.98,-11.4
2145,-9.99,-3.73,36.27,62.7
2146,10.11,41.36,59.03,-44.96
2147,-22.7,46.98,33.18,-2.43
2148,-22.5,-22.0,17.57,21.64
2149,47.82,15.9,18.83,18.8
2150,-72.48,-27.68,31.26,-18.64
2151,-13.45,-8.67,34.75,-15.32
2152,53.36,-6.46,75.46,-7.65
2153,-121.41,5.36,19.94,5.63
2154,-49.8,0.97,110.56,2.58
2155,11.75,16.66,-5.69,-11.16
2156,-1.52,14.62,-1.19,16.47
2157,-15.59,-2.56,23.74,1.37
2158,-31.05,21.72,8.37,24.76
2159,5.04,-23.81,38.26,-4.18
2160,-13.59,-12.52,25.39,9.99
2161,-9.65,15.41,32.51,-30.03
2162,17.02,15.26,49.4,5.33
2163,-42.81,3.35,112.66,-5.19
2164,-23.81,45.07,13.76,12.05
2165,2.32,53.39,58.54,-11.58
2166,49.02,-44.28,-48.88,-4.02
2167,-98.16,2.68,27.8,5.86
2168,-49.45,-12.0,28.83,10.35
2169,-22.57,-19.74,33.48,-10.24
2170,-1.21,3.83,16.98,-7.54
2171,6.04,30.52,46.47,17.81
2172,-45.42,14.14,16.39,-23.94
2173,-5.18,-11.63,42.58,-1.44
2174,23.88,3.38,39.95,-5.75
2175,-30.23,-8.54,86.24,-18.55
2176,67.81,-1.81,64.92,17.96
2177,-104.94,10.39,-27.81,-15.62
2178,-2.76,40.45,50.08,7.61
2179,-17.2,49.34,-5.25,-9.77
2180,-42.81,-40.75,14.13,-0.45
2181,-28.38,-44.08,75.45,-6.26
2182,-5.87,0.86,21.43,-4.03
2183,0.57,3.03,21.53,10.99
2184,-25.23,-3.12,26.37,16.35
2185,-10.35,1.16,47.71,-24.34
2186,-9.94,11.85,14.31,-0.08
2187,-31.2,2.19,38.15,-2.36
2188,-0.27,-2.15,51.67,3.25
2189,28.25,38.53,4.43,1.37
2190,-41.16,6.92,20.61,-10.03
2191,-28.87,12.35,45.55,-8.8
2192,-15.97,-6.97,33.67,-3.11
2193,-0.51,-23.96,56.45,46.33
2194,56.48,8.17,35.16,-40.89
2195,-115.62,-11.74,38.11,-20.35
2196,-35.9,-3.24,-4.58,18.0
2197,-32.48,-5.85,15.09,-13.47
2198,-1.02,7.66,28.44,3.77
2199,40.67,43.99,60.44,-9.21
2200,-48.84,17.45,-7.23,4.69
2201,-33.61,-27.22,79.95,-10.05
2202,-12.25,-24.35,63.08,20.66
2203,-13.74,8.56,0.52,23.09
2204,-29.38,8.64,14.75,-7.57
2205,41.41,0.49,16.23,0.3
2206,31.38,7.23,18.75,-5.2
2207,-95.34,30.73,30.36,-7.41
2208,-42.68,-1.62,88.54,7.17
2209,-4.4,-7.66,-8.18,11.42
2210,-11.69,13.67,22.53,-5.92
2211,-20.59,0.52,72.74,39.76
2212,-9.8,6.81,8.36,-25.58
2213,-25.77,23.66,97.39,23.45
2214,27.61,-11.46,-38.14,-43.12
2215,-33.24,1.62,36.29,7.88
2216,-47.71,-3.22,31.78,-1.1
2217,-30.8,12.11,17.78,9.33
2218,18.56,14.04,25.74,1.15
2219,3.6,14.62,52.44,-14.41
2220,-32.31,-0.85,20.6,20.71
2221,-49.27,-10.85,28.69,4.35
2222,81.82,-1.0,10.94,-0.31
2223,-84.96,-6.58,23.88,-9.08
2224,-39.99,11.5,63.27,3.21
2225,-26.02,12.56,48.24,-21.81
2226,-9.65,9.53,-22.4,31.81
2227,7.74,33.78,32.86,13.72
2228,-25.84,-28.94,96.77,3.99
2229,-26.53,-23.47,8.78,-24.69
2230,-11.7,-6.66,-4.61,-8.03
2231,-10.08,25.57,4.82,13.96
2232,-9.79,25.99,48.7,40.05
2233,50.34,6.48,23.74,-27.25
2234,4.89,-12.28,32.38,0.66
2235,-124.96,-16.42,29.29,2.0
2236,-29.29,43.05,70.65,3.6
2237,-22.99,15.01,5.04,11.04
2238,2.02,-35.59,23.73,0.08
2239,11.97,3.48,26.61,5.43
2240,-18.82,18.41,58.43,-15.7
2241,-20.59,24.1,23.05,14.28
2242,13.08,-26.99,10.64,-5.46
2243,-34.16,-7.08,68.85,18.93
2244,-20.5,15.8,117.74,-14.67
2245,-15.02,26.22,-54.87,7.51
2246,-2.41,-20.14,19.37,9.59
2247,-0.63,-4.98,44.21,-31.6
2248,-45.99,-4.99,20.46,38.86
2249,-19.74,-9.74,31.18,-22.55
2250,81.08,19.1,52.78,4.39
2251,-98.4,8.26,25.61,-8.71
2252,-52.84,2.95,26.95,23.96
2253,-3.75,44.94,47.94,32.32
2254,1.17,20.47,34.35,-19.18
2255,-20.76,-44.88,28.74,-24.39
2256,24.27,-42.91,1.32,25.93
2257,18.39,22.03,71.82,-39.97
2258,-58.65,14.45,72.88,9.13
2259,-29.35,0.01,-6.42,21.88
2260,-22.63,4.26,0.8,-14.1
2261,17.97,40.82,40.87,20.03
2262,53.6,14.94,48.16,-0.11
2263,-79.17,-53.17,6.8,-18.31
2264,-76.1,-14.09,38.88,12.7
2265,2.8,9.59,16.73,-22.36
2266,1.4,14.85,48.74,14.19
2267,-9.06,-15.17,30.59,-12.2
2268,22.47,1.39,33.2,-1.45
2269,-33.52,6.45,47.92,-9.75
2270,-28.35,2.36,7.19,16.98
2271,-13.1,11.51,17.6,4.4
2272,53.83,1.25,81.88,22.36
2273,-61.93,-1.01,-31.63,-10.43
2274,-38.93,7.23,76.57,-32.27
2275,-46.83,-6.17,29.6,0.6
2276,11.32,9.24,-12.09,-12.03
2277,-11.44,14.58,57.6,25.74
2278,-14.71,3.62,43.94,30.09
2279,4.74,35.25,-0.41,-42.25
2280,-0.53,-6.76,7.35,-2.57
2281,-14.41,21.78,33.98,25.94
2282,8.15,12.5,28.79,16.56
2283,-41.51,1.75,23.97,-10.57
2284,-25.79,-36.17,54.73,-3.99
2285,-13.27,-5.47,39.77,-1.17
2286,-6.8,3.37,4.41,12.01
2287,-14.77,-8.22,7.23,-5.94
2288,37.06,25.13,31.45,-2.95
2289,14.66,2.61,86.86,-6.64
2290,-97.47,8.49,-6.63,-15.39
2291,-21.54,-2.81,1.61,33.43
2292,-4.27,11.09,21.84,9.2
2293,-13.96,-4.74,34.22,-9.51
2294,-26.95,4.61,37.25,-4.7
2295,26.9,12.54,61.26,2.76
2296,-52.79,8.21,16.1,24.89
2297,-14.2,35.83,22.14,30.44
2298,-6.05,12.45,0.62,-21.25
2299,5.98,28.31,26.07,-4.42
2300,-31.16,-22.72,29.37,4.76
2301,-35.32,-18.42,21.79,24.49
2302,96.55,15.14,44.96,-14.96
2303,-61.37,41.95,112.24,-18.89
2304,-77.43,28.02,-4.1,3.51
2305,-11.07,-15.23,-15.83,4.33
2306,-6.76,-1.49,37.63,4.63
2307,-26.81,1.67,52.94,9.8
2308,-13.28,-11.43,-35.47,1.35
2309,32.83,12.4,10.47,-6.27
2310,-53.24,35.64,88.14,15.27
2311,58.73,17.77,8.61,16.48
2312,-43.11,1.44,12.6,-6.34
2313,-44.34,10.32,35.59,16.28
2314,-33.06,7.71,28.52,-11.67
2315,-26.14,28.57,36.57,-9.96
2316,10.68,5.15,131.43,36.39
2317,-24.5,27.59,-24.8,-2.84
2318,10.69,-4.34,6.96,-7.64
2319,-27.88,5.12,15.04,-5.25
2320,-21.6,-0.46,29.91,-0.23
2321,0.09,16.35,38.4,-10.98
2322,-15.22,51.02,95.21,18.08
2323,-19.1,27.88,-26.68,0.6
2324,-39.92,-20.2,68.52,-1.8
2325,15.36,10.0,-26.64,2.47
2326,3.21,6.03,13.39,-7.33
2327,-23.06,0.68,63.53,-0.15
2328,-18.85,33.26,55.98,14.72
2329,3.52,-4.48,16.61,6.74
2330,-28.12,8.73,10.37,-37.15
2331,-18.42,11.62,49.56,5.17
2332,72.79,12.25,11.14,18.28
2333,-76.75,7.42,66.73,0.19
2334,-54.84,16.62,21.23,42.66
2335,-10.4,14.2,9.4,37.56
2336,18.59,27.97,24.11,-55.74
2337,-38.26,20.31,51.07,-6.34
2338,-25.53,11.82,2.27,-12.72
2339,67.42,19.45,48.06,4.99
2340,-51.68,-35.44,40.71,-10.36
2341,-66.43,26.5,13.14,1.0
2342,10.27,43.34,3.29,-7.16
2343,-23.25,-14.28,41.4,18.09
2344,-28.9,-14.21,56.77,-17.54
2345,-2.65,23.68,-6.22,-8.77
2346,-1.61,11.97,121.69,20.02
2347,12.06,16.95,4.61,-9.73
2348,-50.44,14.95,-8.49,9.87
2349,-12.49,10.67,43.48,-6.09
2350,-14.15,14.45,17.68,-12.15
2351,13.7,16.69,31.1,38.61
2352,-30.48,28.13,45.58,5.64
2353,-19.94,10.33,19.32,-21.65
2354,5.67,28.66,41.47,14.37
2355,-21.58,51.25,59.07,-22.79
2356,0.16,41.18,24.38,1.66
2357,76.0,5.86,17.38,41.8
2358,-56.0,-5.81,30.89,-30.08
2359,-72.36,0.44,23.96,-24.75
2360,-41.33,-17.47,36.89,-2.43
2361,-17.36,-10.71,27.64,9.75
2362,3.94,2.08,31.44,8.65
2363,3.41,17.88,51.32,-7.23
2364,-24.88,49.36,59.81,-30.2
2365,-5.64,5.73,106.96,48.24
2366,34.61,-8.13,-28.42,-3.82
2367,-32.67,-9.08,-9.12,-8.14
2368,-32.49,-4.96,43.88,-8.89
2369,-13.18,-1.56,-2.89,-12.82
2370,-20.31,2.53,49.78,-19.74
2371,-10.98,33.74,105.86,68.21
2372,22.88,16.9,-7.54,-19.94
2373,68.35,-0.77,20.08,-19.98
2374,-79.56,4.4,35.28,-4.08
2375,-36.34,24.34,41.59,-15.2
2376,-22.62,34.88,30.0,14.97
2377,-18.02,9.39,39.82,-6.1
2378,-18.17,-22.51,58.53,-2.54
2379,27.57,6.36,53.13,-6.99
2380,-28.96,5.42,-10.42,13.4
2381,-15.47,-6.6,51.42,4.0
2382,-9.41,24.15,32.4,0.82
2383,47.64,46.37,20.78,1.62
2384,-6.69,18.71,20.87,5.71
2385,-73.88,-14.92,42.56,-16.91
2386,-11.0,-4.16,12.29,-17.48
2387,-32.89,16.85,83.96,17.47
2388,-1.83,17.81,5.67,6.18
2389,1.6,19.02,4.35,39.5
2390,-16.1,9.63,27.74,-30.2
2391,-9.15,38.93,25.18,2.65
2392,2.29,7.24,35.51,37.62
2393,27.97,1.61,39.2,-33.77
2394,0.72,-5.87,21.22,4.72
2395,-69.15,15.32,22.63,-16.73
2396,-12.36,-6.77,35.04,-4.24
2397,-23.61,-3.09,22.04,3.69
2398,68.43,11.17,49.0,4.59
2399,-34.2,16.37,36.08,-10.28
2400,-63.12,22.8,-2.5,21.34
2401,-26.85,14.6,26.6,-0.87
2402,4.19,-1.61,69.76,-24.89
2403,-30.44,6.33,31.27,9.49
2404,-0.73,22.88,11.31,34.44
2405,20.52,17.77,16.71,1.64
2406,-9.04,-25.52,21.87,-14.03
2407,-17.94,5.32,22.5,23.18
2408,40.71,10.92,79.17,-31.89
2409,3.35,13.81,-10.82,-6.91
2410,-12.01,11.11,26.16,55.05
2411,-107.29,5.72,68.82,23.05
2412,-23.8,12.88,63.01,-54.44
2413,-27.46,-23.75,-6.15,-2.99
2414,-21.27,16.02,50.67,1.63
2415,20.66,20.16,12.02,-3.69
2416,5.38,-12.08,4.97,4.91
2417,-14.19,5.69,34.44,6.62
2418,-23.32,9.03,11.78,-3.22
2419,-3.92,0.43,39.04,5.04
2420,-5.43,3.39,32.88,-9.01
2421,10.6,-4.9,66.6,3.21
2422,-40.13,-2.66,9.18,-14.26
2423,-20.12,8.98,25.98,31.28
2424,-8.67,7.09,49.51,-13.73
2425,57.02,17.69,59.13,-16.95
2426,-67.24,29.7,-15.62,-3.99
2427,-43.82,-28.98,16.25,20.6
2428,-24.21,-12.6,35.43,5.05
2429,-20.39,14.78,48.98,-14.31
2430,-6.63,67.19,54.58,4.85
2431,9.29,18.01,22.86,-16.34
2432,-8.71,-59.0,22.39,-9.21
2433,-12.79,-13.87,20.12,-8.81
2434,-23.03,-1.44,32.93,36.29
2435,-12.79,-7.09,28.8,-3.37
2436,-10.17,0.74,25.26,5.39
2437,40.02,20.02,50.17,-2.84
2438,-56.14,-8.74,68.08,5.34
2439,-22.22,25.92,-6.26,-3.02
2440,-23.45,25.51,23.49,-5.5
2441,77.52,8.54,32.31,2.77
2442,-60.01,-17.45,35.0,17.17
2443,-71.79,-20.62,29.4,11.69
2444,-40.54,-7.44,28.03,-25.79
2445,-4.03,2.33,31.39,-12.85
2446,5.67,39.68,42.92,26.58
2447,-19.55,6.47,38.07,-7.54
2448,-20.75,-14.53,70.61,-29.32
2449,-1.23,-17.09,66.27,13.08
2450,-18.73,-1.06,-25.69,1.24
2451,20.5,15.54,1.76,0.77
2452,-4.1,27.47,10.89,5.57
2453,82.06,15.92,49.65,-14.62
2454,-151.05,13.43,31.63,-4.81
2455,-38.28,-13.22,2.31,15.72
2456,7.69,-7.32,19.53,-17.03
2457,-42.3,-9.91,35.83,2.25
2458,-12.04,9.41,29.12,-0.14
2459,2.17,20.38,34.96,-3.15
2460,-15.48,22.23,27.23,10.45
2461,-10.42,28.95,36.84,7.35
2462,-26.85,13.41,17.03,-16.91
2463,-7.35,-1.6,62.96,-12.23
2464,21.27,-13.46,18.12,-7.92
2465,-33.27,-12.0,-4.99,29.03
2466,23.86,10.22,103.98,-20.11
2467,8.97,8.74,4.72,-3.03
2468,-42.22,22.92,56.4,9.18
2469,-57.85,30.32,44.93,-46.61
2470,-23.62,-20.26,-43.49,7.0
2471,-26.05,-10.95,18.55,17.53
2472,-3.36,-1.54,26.18,12.88
2473,-6.51,6.92,18.82,-6.7
2474,-24.29,15.39,35.43,11.36
2475,-16.59,-25.07,33.56,-13.59
2476,-2.24,1.63,28.83,-16.02
2477,5.05,19.5,35.34,30.96
2478,-17.6,27.61,61.36,-18.96
2479,-9.76,12.09,49.38,-14.25
2480,68.62,-0.67,10.78,-12.35
2481,-38.05,3.94,51.71,6.44
2482,-76.09,0.19,16.17,18.77
2483,-28.36,5.52,-24.44,20.26
2484,18.85,-13.34,32.9,-31.08
2485,-6.09,17.74,27.54,13.18
2486,-14.38,6.33,56.93,-8.83
2487,-36.34,-1.57,62.77,-26.41
2488,3.7,11.39,-3.22,12.39
2489,-5.15,31.47,-6.46,-14.12
2490,-42.89,1.7,30.72,-9.59
2491,90.08,6.59,14.04,15.09
2492,-87.06,23.9,26.85,-2.87
2493,-4.76,12.94,16.37,1.54
2494,-59.84,-34.99,59.28,23.37
2495,13.37,-28.29,46.5,-17.83
2496,-15.11,-2.72,18.18,-3.97
2497,-25.55,0.73,26.73,-3.9
2498,-12.62,5.6,6.22,4.04
2499,-10.11,14.78,59.16,-3.19
2500,11.19,35.43,42.02,-20.72
2501,-28.15,-17.61,40.67,40.3
2502,8.24,-11.56,-21.59,-16.48
2503,-38.21,1.96,47.05,6.47
2504,-34.22,-21.87,53.25,33.01
2505,-4.55,4.72,-5.11,-35.65
2506,-1.51,-15.7,19.78,-28.14
2507,-20.96,5.38,31.07,-9.4
2508,80.28,23.97,35.52,5.5
2509,-81.09,18.35,55.7,-5.39
2510,-58.62,-20.98,24.87,-2.77
2511,-18.11,-29.36,41.87,-2.42
2512,-5.73,3.04,5.17,20.63
2513,-22.27,-20.97,27.14,2.13
2514,-9.94,4.53,31.29,24.11
2515,11.0,25.89,31.19,19.07
2516,3.19,14.8,58.05,-36.67
2517,3.52,-5.27,75.23,2.25
2518,3.96,-37.85,-35.4,-3.74
2519,-5.12,-8.7,12.39,0.19
2520,-85.84,-2.36,22.1,-24.1
2521,-10.44,17.25,9.83,-13.66
2522,-7.72,6.73,53.07,5.68
2523,15.46,-14.31,20.78,15.0
2524,-56.69,5.86,36.27,28.41
2525,-0.7,21.42,82.46,-28.13
2526,5.1,13.59,75.68,-31.41
2527,-28.23,-25.69,-20.91,0.5
2528,-21.6,1.72,16.14,-10.2
2529,17.45,-7.55,8.67,6.39
2530,-36.29,-2.8,22.68,3.34
2531,51.36,17.53,31.85,40.51
2532,-18.78,19.91,29.31,-29.12
2533,-55.45,2.61,37.72,5.44
2534,-30.35,8.24,93.69,-11.79
2535,-1.53,6.98,55.77,30.74
2536,-23.91,6.93,-17.49,-6.5
2537,0.06,0.04,20.96,-29.29
2538,-11.79,35.47,24.56,14.49
2539,-39.0,-20.17,25.84,2.38
2540,-21.68,-10.49,24.87,-6.08
2541,-14.78,11.43,26.67,27.83
2542,-2.21,4.18,34.01,-12.96
2543,20.61,16.23,65.21,2.58
2544,-13.5,42.36,45.31,-0.41
2545,-33.17,-5.1,52.82,-28.09
2546,-34.76,-32.28,18.52,-11.12
2547,65.84,33.58,12.63,21.3
2548,-69.34,-12.2,13.82,-12.97
2549,-2.9,1.53,27.21,18.79
2550,-28.13,5.87,30.52,-7.8
2551,-12.37,11.87,109.18,-18.15
2552,-2.57,-26.16,7.79,-16.21
2553,-53.84,5.88,-13.1,31.82
2554,-23.24,5.75,17.47,27.25
2555,-10.13,-10.9,34.58,-15.85
2556,-0.47,23.75,36.9,12.47
2557,-26.8,4.54,20.62,-4.85
2558,-20.83,33.97,33.3,6.8
2559,33.75,53.97,33.07,-21.42
2560,-22.08,-1.07,30.08,31.48
2561,-30.24,-7.3,32.26,-18.53
2562,-19.96,-8.79,12.49,10.41
2563,-17.89,-16.29,31.86,-1.25
2564,64.37,19.22,39.32,21.8
2565,-59.83,4.2,36.87,21.91
2566,-49.14,10.21,15.83,-30.15
2567,-0.73,31.23,26.83,-4.86
2568,-64.14,21.75,32.7,3.25
2569,-19.06,-18.03,30.16,14.59
2570,-1.81,-19.73,37.65,-17.27
2571,-8.2,0.7,57.56,10.15
2572,1.55,21.33,61.56,-26.85
2573,-19.58,26.55,80.74,23.91
2574,-22.22,16.59,-25.75,8.83
2575,19.68,25.31,12.75,-20.86
2576,61.92,32.9,15.28,2.56
2577,-102.46,-16.54,19.62,12.67
2578,-47.03,-23.16,28.08,-9.68
2579,0.95,-4.1,80.29,-9.48
2580,8.19,6.38,-22.48,-4.93
2581,-11.34,10.23,30.34,18.67
2582,-32.34,16.6,16.73,28.0
2583,-30.37,15.08,16.34,-8.12
2584,-29.27,11.61,28.52,37.8
2585,14.68,-18.38,25.49,-43.75
2586,-5.0,-5.79,37.26,-12.14
2587,-40.03,1.65,171.37,11.72
2588,-20.03,-14.88,-63.28,10.59
2589,41.78,20.48,5.28,-14.85
2590,37.33,4.2,23.67,17.99
2591,-119.75,-17.82,11.85,0.4
2592,-12.71,-11.03,23.57,-0.64
2593,-23.33,13.55,50.71,-3.62
2594,-3.15,15.63,25.76,-10.73
2595,-1.64,15.63,52.22,-5.05
2596,-8.86,-13.8,51.26,17.96
2597,-1.18,-17.99,-36.94,2.02
2598,-33.32,12.06,42.94,11.81
2599,-30.15,-22.64,23.42,-16.56
2600,-9.1,-1.2,28.37,2.72
2601,-28.46,19.08,96.88,30.41
2602,25.5,10.76,-30.84,8.67
2603,-52.11,2.57,113.35,-32.26
2604,-7.17,-13.42,1.36,5.92
2605,-8.36,-26.27,1.43,-7.41
2606,-5.37,-3.18,14.95,-3.49
2607,63.67,-14.33,26.15,-13.1
2608,-28.79,4.38,28.68,-6.54
2609,13.19,2.18,38.69,9.88
2610,-121.31,12.15,27.66,14.87
2611,-25.25,-6.52,22.13,-13.11
2612,-6.96,-19.58,25.26,8.28
2613,-12.95,-4.04,46.36,-2.08
2614,-28.64,-1.5,19.46,7.86
2615,13.67,12.64,25.59,-19.26
2616,4.12,31.44,38.32,25.21
2617,-26.17,21.1,21.41,2.35
2618,-8.25,-12.45,73.82,8.97
2619,-10.37,-27.31,21.04,-16.12
2620,-35.43,-8.8,-7.79,7.0
2621,-18.96,-12.04,22.38,5.06
2622,2.11,16.54,32.86,9.07
2623,-28.42,14.7,27.56,47.84
2624,-3.32,19.57,33.07,-69.9
2625,-8.04,-17.33,37.49,2.45
2626,-17.31,-15.99,66.71,-21.66
2627,-16.15,-11.86,35.59,-11.0
2628,17.58,34.72,-0.4,7.64
2629,28.12,8.66,15.66,3.7
2630,-92.36,-17.49,23.71,19.21
2631,-30.76,7.42,18.53,-11.47
2632,39.09,20.19,35.32,7.75
2633,11.57,-8.38,28.17,2.71
2634,-84.05,-26.54,66.16,-10.33
2635,-12.02,-2.15,101.67,-12.25
2636,44.82,36.87,-39.22,18.94
2637,-61.21,2.17,8.58,-4.41
2638,-42.13,-34.96,21.59,21.59
2639,-6.32,-1.11,92.95,-0.68
2640,5.37,30.9,-12.97,-3.29
2641,45.3,59.75,49.05,-30.81
2642,-87.87,-21.91,-2.61,-5.24
2643,-26.72,-56.04,36.5,12.69
2644,-17.29,-4.1,16.13,-6.8
2645,13.15,19.56,29.21,18.1
2646,-4.39,2.83,32.2,-4.91
2647,-38.69,-19.22,20.98,-1.29
2648,-0.88,10.39,42.95,1.28
2649,-5.96,6.88,132.3,-9.67
2650,-30.08,-12.48,-10.88,18.77
2651,-4.59,3.03,-37.36,7.05
2652,1.07,5.53,84.18,21.26
2653,73.48,3.8,-7.88,-7.79
2654,-65.36,6.46,30.83,-19.17
2655,-38.25,-2.32,17.43,-9.82
2656,12.88,-20.14,62.11,22.32
2657,-35.54,-19.45,-9.58,23.55
2658,-43.12,7.99,19.64,-58.79
2659,-11.66,17.4,54.86,0.33
2660,-17.39,-6.25,18.73,8.73
2661,-6.59,12.34,33.79,5.4
2662,-6.36,-10.18,56.29,7.47
2663,-14.19,8.49,27.36,7.83
2664,-54.73,-7.96,48.9,4.05
2665,115.63,-12.08,86.89,-7.05
2666,-57.65,-7.24,4.68,-4.89
2667,-81.89,49.03,49.4,32.77
2668,5.21,52.72,-41.86,-39.23
2669,9.04,-66.13,37.66,24.18
2670,-44.07,-29.95,41.44,11.55
2671,-22.11,-2.54,7.92,-24.37
2672,7.03,8.47,13.49,60.96
2673,-19.76,-9.42,66.83,-58.98
2674,-15.71,20.62,32.25,22.02
2675,-3.26,11.27,16.31,-0.6
2676,-25.05,-34.43,71.89,-13.91
2677,16.8,10.04,-18.97,-14.52
2678,-43.3,-17.99,33.88,5.41
2679,10.14,20.65,97.41,4.85
2680,94.57,14.94,79.68,0.86
2681,-132.65,20.6,-60.12,1.08
2682,-15.8,13.57,16.52,13.61
2683,-21.87,1.41,19.42,-2.4
2684,-28.57,29.15,24.58,-5.95
2685,21.06,-2.84,41.07,-15.26
2686,-16.81,-17.59,29.53,15.53
2687,-35.56,-1.25,50.17,4.53
2688,-6.74,14.18,10.74,16.21
2689,11.92,-7.01,52.41,-27.44
2690,-48.61,-16.63,51.52,5.7
2691,-21.26,-2.05,2.07,1.25
2692,27.49,7.75,22.38,18.13
2693,-5.22,-5.22,23.75,1.07
2694,-28.4,-2.18,25.46,-30.08
2695,29.7,31.06,58.42,-4.51
2696,56.91,87.45,173.33,53.5
2697,-129.01,-29.6,-109.9,-25.85
2698,-49.49,-59.48,-1.01,13.27
2699,4.87,-11.25,14.97,4.28
2700,-28.34,-0.02,36.86,-10.88
2701,-15.28,16.46,40.57,-7.94
2702,-4.28,4.68,28.49,-1.98
2703,-16.09,-1.09,16.95,16.95
2704,-13.57,-14.52,21.96,-0.87
2705,-5.19,9.83,20.78,16.23
2706,-13.14,-1.13,52.16,-39.85
2707,-26.43,5.97,28.44,51.99
2708,27.77,12.71,48.19,-19.68
2709,-0.71,4.94,25.92,-13.97
2710,76.39,48.25,6.48,-2.95
2711,-108.96,27.2,30.39,12.83
2712,-57.21,-54.14,49.11,-32.34
2713,-29.46,7.45,143.91,-7.3
2714,-34.94,35.23,-35.85,27.22
2715,21.35,-6.43,2.96,13.63
2716,4.06,-9.17,26.55,-8.09
2717,-23.78,-23.34,18.0,14.23
2718,-22.77,-1.0,25.13,7.17
2719,14.99,8.89,25.7,33.1
2720,64.83,1.25,40.65,-31.59
2721,-77.77,-7.62,34.24,6.21
2722,-39.96,7.88,42.03,-7.98
2723,32.52,20.72,14.01,1.91
2724,-88.95,5.22,46.28,9.2
2725,-14.29,14.04,31.84,0.99
2726,-14.86,-1.11,24.13,-1.65
2727,6.58,-7.13,45.02,16.31
2728,-14.63,0.99,47.05,-12.64
2729,-13.03,12.37,89.64,-15.07
2730,-8.04,31.28,-27.66,-0.36
2731,-15.24,-2.17,-7.99,1.79
2732,-23.71,-6.93,13.44,-14.04
2733,-16.69,0.74,59.41,-30.12
2734,-23.23,-25.69,22.69,1.27
2735,27.6,-0.92,14.85,0.4
2736,-27.32,18.33,8.01,18.2
2737,35.71,26.36,19.7,12.75
2738,-1.76,-2.25,32.33,39.59
2739,-119.33,8.55,37.37,-25.33
2740,-36.86,-5.25,27.38,1.21
2741,6.46,-6.12,21.94,-9.77
2742,-11.57,-14.71,56.29,8.06
2743,-9.78,0.7,12.73,-7.91
2744,-50.14,13.53,137.24,10.65
2745,6.65,7.62,-47.33,-2.92
2746,98.35,4.15,-5.81,-20.13
2747,-99.58,38.24,25.66,7.58
2748,-14.21,8.82,40.4,-13.94
2749,1.03,-32.91,83.34,8.31
2750,-60.03,-5.13,-39.95,-2.51
2751,-40.8,20.44,24.63,4.03
2752,76.42,46.1,22.12,-4.28
2753,-83.27,1.71,20.69,23.25
2754,-32.09,-28.46,27.57,-24.67
2755,1.69,8.03,47.78,11.69
2756,1.81,9.05,56.32,-6.46
2757,-20.58,-16.97,-3.03,31.87
2758,-16.76,6.63,91.85,-29.18
2759,62.35,-11.5,22.28,-24.05
2760,-65.08,-14.71,-16.99,-4.83
2761,-81.53,10.49,7.78,8.37
2762,1.14,10.01,24.05,-6.75
2763,-9.54,29.74,28.51,-19.85
2764,-30.47,0.92,28.51,-0.91
2765,-23.21,7.09,33.72,18.35
2766,4.56,-7.94,35.72,16.08
2767,-1.38,-40.81,22.5,-31.42
2768,-30.83,-1.05,21.01,1.65
2769,6.31,-9.95,38.84,-14.71
2770,-39.42,8.98,38.93,-11.73
2771,-19.52,13.15,89.37,29.67
2772,1.53,25.88,-7.22,10.82
2773,-3.58,-8.14,23.56,-16.96
2774,117.29,-3.65,84.1,9.67
2775,-142.25,10.51,-10.2,-3.75
2776,-60.6,22.98,10.7,-8.33
2777,-20.95,20.21,4.95,30.75
2778,12.39,-20.4,78.64,14.08
2779,8.98,-34.75,-14.09,-37.4
2780,-44.9,-4.29,12.15,-8.82
2781,-19.16,1.88,24.3,-8.87
2782,-5.31,9.99,30.64,-1.55
2783,-15.8,26.14,28.6,-5.52
2784,-3.35,0.12,35.96,17.99
2785,-3.28,-15.45,56.9,-10.72
2786,-8.85,9.55,103.97,-8.0
2787,-14.19,17.64,-20.66,2.31
2788,-15.15,15.35,4.49,12.2
2789,-5.38,11.89,53.61,-2.17
2790,-28.1,17.55,78.94,37.08
2791,-20.51,6.06,-40.18,-31.82
2792,44.04,27.36,20.54,-8.42
2793,-19.41,-19.49,30.29,13.43
2794,-25.01,10.92,33.32,7.17
2795,69.95,10.56,22.95,-4.18
2796,-59.21,-13.9,37.98,-20.62
2797,-45.47,-19.25,28.72,12.03
2798,-53.91,7.56,19.06,44.45
2799,-14.31,18.15,34.28,-44.36
2800,-11.59,4.5,17.65,-16.91
2801,-4.26,19.25,25.43,-5.43
2802,-1.42,-13.52,25.74,3.55
2803,-26.33,-19.55,70.97,-1.1
2804,-29.03,10.9,7.5,10.44
2805,13.3,29.94,-9.7,-5.66
2806,15.28,40.44,81.26,10.39
2807,44.55,-27.07,98.91,10.5
2808,-64.31,-3.79,-80.11,-2.56
2809,-55.93,-8.08,8.32,-14.57
2810,-28.2,-18.51,23.96,4.98
2811,-26.41,-13.61,27.06,-7.45
2812,36.81,-2.73,26.89,-14.1
2813,-19.16,3.06,29.28,3.11
2814,3.5,38.26,60.62,-6.58
2815,-41.65,35.41,6.25,40.09
2816,-46.34,-42.21,12.28,-27.54
2817,-15.31,-15.54,16.93,-11.89
2818,-5.3,2.61,10.5,9.84
2819,-12.06,-5.41,26.95,-2.18
2820,-6.43,-5.62,27.67,-2.99
2821,7.69,32.56,56.37,-21.82
2822,9.1,36.43,29.77,31.72
2823,57.71,-37.53,58.46,-26.36
2824,-104.12,-24.28,-35.27,0.86
2825,-51.04,9.82,16.51,5.66
2826,5.08,-3.45,51.08,4.74
2827,-36.24,-2.08,22.5,-18.49
2828,49.87,44.73,19.16,-28.9
2829,-45.78,13.67,74.78,34.62
2830,-38.95,-46.6,-21.57,-16.94
2831,-14.34,-15.74,15.79,34.3
2832,-9.01,-10.71,49.23,-10.01
2833,-39.03,-6.43,14.25,-19.37
2834,30.74,8.93,18.1,50.95
2835,-15.97,24.13,28.02,-55.41
2836,-12.58,0.17,47.96,19.05
2837,-21.54,-8.92,55.23,-10.59
2838,85.59,12.07,19.38,14.94
2839,-36.07,-3.22,41.18,-7.0
2840,-59.26,0.71,-7.28,2.67
2841,-48.4,7.71,7.92,0.3
2842,-12.99,21.04,26.85,6.83
2843,-5.13,40.98,48.72,-21.52
2844,-13.72,-7.24,25.21,19.25
2845,-25.36,-24.66,44.34,-11.12
2846,-15.77,0.1,3.06,18.48
2847,-28.0,-10.68,22.29,-2.62
2848,-2.47,50.56,56.64,37.76
2849,11.83,3.47,23.54,-50.88
2850,-4.1,-5.46,9.28,-2.03
2851,-38.23,-22.24,17.69,36.78
2852,55.16,10.43,46.43,-5.8
2853,-61.25,11.92,87.99,-16.81
2854,-29.53,-12.8,34.95,3.46
2855,-23.75,16.83,-11.71,-12.46
2856,-19.08,20.9,5.56,-4.19
2857,-28.12,-2.59,22.15,12.77
2858,-13.02,-2.45,15.86,4.56
2859,9.74,-5.1,30.6,-2.24
2860,-34.74,-10.44,38.56,-11.82
2861,39.86,7.66,16.53,27.46
2862,-44.78,6.12,25.81,-15.96
2863,-34.37,15.77,40.37,7.68
2864,-14.98,-6.56,36.75,31.39
2865,-5.31,1.42,64.4,-19.79
2866,67.98,9.46,27.12,-62.55
2867,-91.42,12.42,32.98,50.17
2868,-37.6,-42.39,4.56,8.8
2869,-5.93,14.1,74.44,23.31
2870,-1.87,17.98,3.23,43.52
2871,-37.63,-9.96,66.69,-76.85
2872,7.48,18.74,-7.01,-9.87
2873,-31.73,-5.93,8.41,-23.55
2874,-35.33,-18.01,17.82,9.55
2875,9.86,13.66,28.33,11.55
2876,11.56,17.36,21.86,-10.38
2877,-53.06,5.44,20.26,0.06
2878,30.67,16.89,25.64,6.12
2879,-13.13,1.51,26.68,3.26
2880,-5.66,9.07,45.69,-5.59
2881,28.45,38.58,64.45,-20.27
2882,-77.47,8.31,5.3,8.09
2883,-44.83,-7.36,15.9,-3.32
2884,-29.34,1.05,35.02,-4.41
2885,-6.64,9.89,73.76,0.63
2886,24.24,-2.46,79.64,-11.51
2887,-68.19,-19.66,22.63,-3.34
2888,-26.86,-9.17,-59.58,-11.53
2889,21.79,16.96,50.73,15.17
2890,-24.63,-0.68,-8.94,-2.5
2891,-11.12,-18.68,29.72,8.75
2892,-9.25,0.68,10.25,48.16
2893,-18.43,19.68,56.74,-48.89
2894,31.57,15.72,34.64,20.1
2895,53.35,-3.96,10.66,-10.27
2896,-116.18,-7.95,28.12,-4.9
2897,-13.47,-4.36,22.98,-13.82
2898,-25.84,24.75,35.93,0.61
2899,2.99,22.66,32.6,9.76
2900,-8.62,11.5,24.12,-4.02
2901,-44.53,-6.87,61.12,4.97
2902,-17.8,-24.29,54.71,0.27
2903,-24.69,-20.83,41.75,1.98
2904,-0.71,9.1,2.81,4.4
2905,-16.71,0.93,-22.73,2.21
2906,-5.51,15.94,10.35,-22.53
2907,-9.24,4.05,30.27,12.06
2908,-16.15,-20.52,24.14,-12.94
2909,-7.94,11.6,31.14,1.13
2910,-27.18,13.08,23.97,-0.03
2911,24.01,26.66,34.98,4.64
2912,43.98,28.29,39.01,-10.49
2913,-89.28,17.24,33.44,24.52
2914,-41.74,28.16,18.17,-28.51
2915,-13.99,0.81,15.91,2.14
2916,-4.32,-42.82,22.65,-14.73
2917,-36.83,-5.48,15.48,5.82
2918,-2.93,35.61,24.99,22.95
2919,29.95,20.36,25.78,-33.85
2920,-58.25,-3.92,141.51,20.86
2921,-21.83,-4.44,20.29,-8.62
2922,-2.19,-9.77,-47.11,-0.49
2923,-13.2,0.17,-7.46,-1.33
2924,-19.64,10.79,41.01,-6.22
2925,28.68,21.04,66.08,6.36
2926,24.15,24.54,-1.57,-29.71
2927,-37.18,30.58,27.58,43.86
2928,-62.82,38.27,29.91,-21.15
2929,-25.67,6.5,45.76,-11.59
2930,-22.11,12.3,-0.84,1.55
2931,3.62,9.37,26.04,17.51
2932,-14.05,18.54,18.68,-19.84
2933,10.68,-1.6,22.73,18.81
2934,-40.11,-15.7,68.39,-23.13
2935,-29.88,21.99,40.41,5.07
2936,-2.19,-13.56,-22.79,-10.49
2937,-28.71,10.88,6.24,34.88
2938,-13.65,11.46,26.03,-3.76
2939,-9.66,23.45,29.92,10.37
2940,38.84,15.34,31.94,-11.38
2941,-18.76,18.8,142.99,-27.05
2942,-72.2,29.61,-65.01,-1.34
2943,-31.45,14.41,37.0,52.54
2944,-15.03,-0.41,5.38,-11.74
2945,0.43,4.73,25.13,-5.54
2946,-7.25,20.16,32.64,8.89
2947,-15.0,14.67,65.58,-3.84
2948,-7.69,0.47,14.61,-5.3
2949,34.86,27.07,31.82,-3.05
2950,-45.7,23.57,34.58,-10.8
2951,-30.9,-29.5,107.25,20.64
2952,-17.66,-17.1,-25.59,5.75
2953,-19.77,4.36,3.95,10.0
2954,44.59,2.42,29.05,5.4
2955,27.21,8.0,61.29,9.55
2956,-70.5,36.8,21.14,-9.07
2957,-38.88,-2.79,42.48,3.76
2958,-16.55,-19.39,44.81,1.61
2959,-15.3,-2.2,7.57,-9.71
2960,-21.38,17.73,41.56,8.87
2961,27.67,18.91,95.33,15.81
2962,21.24,8.25,-9.61,-25.2
2963,-13.75,30.78,41.82,6.6
2964,-66.68,7.88,19.91,17.7
2965,-7.3,13.16,25.84,-9.36
2966,-24.93,-36.4,60.96,-5.49
2967,-23.1,0.7,107.04,2.95
2968,11.96,-9.08,-81.63,-6.0
2969,-12.21,25.8,70.56,-23.25
2970,-5.75,23.77,15.11,29.04
2971,-6.44,-21.65,-0.07,-6.27
2972,-6.63,2.53,29.24,0.34
2973,-23.42,7.15,31.85,4.49
2974,-20.9,22.76,33.95,-1.83
2975,71.59,29.91,40.85,29.2
2976,-39.98,50.22,132.41,-2.53
2977,-81.7,-17.34,-47.85,-6.79
2978,-7.33,0.8,12.35,-0.93
2979,13.99,5.19,22.51,-10.27
2980,-10.31,-2.62,27.56,-0.24
2981,-51.33,19.77,33.83,3.61
2982,-41.52,49.79,118.99,-43.22
2983,15.92,3.2,9.52,12.2
2984,26.84,-33.85,9.44,17.3
2985,-14.13,-15.39,14.9,-3.42
2986,-26.96,12.39,-0.07,11.06
2987,-22.14,13.13,22.94,-17.45
2988,81.83,28.31,27.19,5.36
2989,-65.03,31.94,56.29,5.58
2990,-48.89,2.67,23.64,8.13
2991,-31.43,-6.8,56.87,1.6
2992,11.47,40.09,31.08,30.09
2993,24.27,7.37,20.74,-40.52
2994,-22.34,19.61,16.74,3.75
2995,-66.19,-13.83,67.33,6.73
2996,-19.64,14.4,75.36,-16.39
2997,27.5,13.51,88.07,-6.36
2998,-2.04,5.6,-82.65,-3.98
2999,-20.92,24.57,-10.3,1.4
