,ch1,ch2,ch3,ch4
0,-14.82,-487.07,-252.15,-46.16
1,-26.24,-541.75,-14.79,22.42
2,-36.35,-556.96,-62.18,50.59
3,-8.34,-467.21,-134.92,0.27
4,-10.88,-516.28,-294.01,-13.04
5,-13.69,-428.07,-5.91,-3.77
6,2.36,-399.77,-146.89,-29.26
7,15.24,-300.06,-21.56,6.41
8,-66.11,-620.45,-52.09,43.39
9,-40.5,-519.64,-75.57,37.78
10,-24.46,-522.73,-108.72,3.65
11,-11.61,-414.4,-88.53,-0.35
12,-30.04,-532.8,-124.14,2.43
13,-8.51,-481.56,-48.69,21.6
14,-45.51,-507.19,-76.39,18.36
15,0.85,-433.07,-96.98,-5.74
16,-15.94,-506.17,-152.22,-15.8
17,-28.55,-517.91,-74.11,13.58
18,-29.98,-511.12,-52.39,33.81
19,-2.84,-437.58,-87.66,5.53
20,-0.86,-370.9,-156.89,-22.87
21,18.08,-421.55,-279.39,-35.47
22,-50.87,-566.59,-26.9,23.84
23,-44.24,-532.44,-21.92,23.11
24,-9.22,-428.17,-40.25,21.18
25,-9.57,-470.95,-263.89,-35.66
26,-9.49,-512.64,-31.47,36.41
27,-20.34,-493.92,-34.49,40.34
28,-17.94,-495.84,-77.3,21.55
29,-20.93,-422.16,-108.53,1.09
30,-31.77,-485.11,-168.5,-10.87
31,-20.58,-526.98,-16.78,37.27
32,25.86,-271.65,-95.32,-25.17
33,2.9,-439.86,-97.54,-11.84
34,-31.59,-531.51,-76.06,42.6
35,-20.8,-398.34,-86.4,14.93
36,-23.55,-595.01,-92.65,12.72
37,-8.66,-491.05,-161.63,2.16
38,-1.22,-399.06,-66.25,2.14
39,-48.85,-622.71,-152.05,11.47
40,-17.0,-465.09,-204.95,-18.21
41,-17.84,-467.57,-164.59,-21.82
42,-44.03,-516.63,78.37,58.97
43,-13.06,-519.37,-75.02,15.11
44,-43.95,-544.2,-91.27,16.19
45,-28.23,-471.99,-59.41,18.83
46,19.78,-378.65,-176.78,-35.87
47,-14.18,-484.89,-111.05,2.51
48,-26.58,-486.39,-13.37,37.43
49,-34.32,-511.32,-75.48,16.64
50,-23.42,-438.89,-89.09,1.83
51,12.46,-386.31,-79.71,6.16
52,12.64,-404.04,-91.78,-20.46
53,-64.71,-627.93,-79.18,53.41
54,-20.21,-474.85,-123.85,10.11
55,4.63,-457.98,-110.69,2.84
56,-0.06,-395.53,-62.21,16.95
57,-57.13,-528.11,-74.1,32.36
58,-21.11,-537.23,-78.98,25.01
59,-18.56,-560.12,-105.17,15.05
60,9.34,-462.45,-376.13,-46.59
61,-25.25,-499.9,-24.2,33.19
62,-24.97,-514.13,-69.66,0.98
63,-8.33,-455.06,-53.9,-1.96
64,-13.25,-398.81,-45.01,9.11
65,-2.0,-475.46,-62.65,15.26
66,-14.26,-498.18,-86.12,1.49
67,-30.78,-505.33,-117.13,6.36
68,-40.09,-453.09,-93.53,18.71
69,1.03,-358.25,-60.57,16.29
70,-27.89,-471.89,-92.88,8.49
71,-9.57,-504.91,-92.67,7.82
72,-40.63,-545.5,-94.49,10.46
73,-11.02,-485.64,-88.82,23.22
74,13.89,-333.49,-98.63,-8.59
75,-23.74,-508.69,-100.15,5.45
76,-63.26,-636.87,-90.29,44.5
77,4.19,-423.71,-150.78,-1.75
78,-16.25,-472.87,-52.71,18.73
79,-44.16,-570.75,-136.57,18.39
80,-19.56,-523.34,-235.99,-16.74
81,-6.83,-463.77,35.17,36.76
82,-28.16,-451.2,-57.11,11.0
83,-29.87,-500.45,-146.61,11.39
84,-7.49,-441.35,-153.99,-9.85
85,-12.09,-442.55,-61.09,20.39
86,-24.95,-528.46,-61.96,11.09
87,-22.32,-479.15,-64.88,12.22
88,-8.04,-429.38,-87.42,22.15
89,-26.12,-484.73,-89.07,22.02
90,1.62,-379.2,-97.99,0.7
91,-45.6,-550.54,-92.71,14.09
92,-21.95,-385.67,-89.34,14.41
93,2.03,-341.71,-104.39,-14.74
94,-14.83,-493.97,-137.7,-3.57
95,-17.62,-523.88,-53.26,45.68
96,-31.23,-561.84,-105.79,16.12
97,-29.78,-585.2,-232.15,-30.35
98,-16.86,-535.13,-35.37,32.0
99,-17.86,-473.43,-133.22,-8.72
100,1.44,-432.12,-56.41,16.73
101,-28.52,-479.95,-201.62,-19.17
102,-29.25,-523.05,-19.57,53.74
103,0.04,-449.52,-44.29,14.46
104,9.46,-389.88,-76.33,-5.87
105,-27.67,-513.05,-71.83,29.54
106,-39.44,-509.72,-86.76,25.4
107,-28.46,-489.23,-89.34,19.45
108,-24.65,-491.93,-92.12,17.73
109,-36.28,-493.44,-89.69,12.27
110,-13.67,-440.82,-93.67,16.38
111,-0.39,-310.38,-115.52,15.22
112,39.52,-410.6,-170.79,-18.5
113,-24.89,-586.73,-67.74,5.65
114,-18.57,-488.01,-67.16,17.83
115,-13.67,-521.28,-76.17,15.86
116,-65.54,-569.78,-126.52,25.94
117,-25.26,-497.21,-72.78,30.35
118,-14.25,-493.12,-78.63,21.08
119,-14.92,-463.99,-88.06,17.41
120,-19.82,-508.13,-88.55,14.14
121,-27.76,-491.03,-84.32,13.93
122,-27.94,-485.21,-87.03,14.26
123,-6.74,-481.53,-98.32,9.19
124,-11.1,-456.7,-101.69,7.08
125,2.81,-402.19,-96.85,13.32
126,27.11,-300.93,-124.16,-9.98
127,30.98,-314.87,-335.01,-36.48
128,-49.21,-594.53,-221.03,-44.87
129,-43.29,-586.79,138.85,73.67
130,-39.44,-547.22,-51.44,22.28
131,-7.98,-460.31,-63.63,17.33
132,-21.55,-509.53,-80.07,33.53
133,-3.92,-475.09,-93.43,11.83
134,-28.11,-455.79,-96.72,15.97
135,26.76,-296.36,-116.49,-25.04
136,-72.22,-607.25,-75.35,51.96
137,-39.7,-519.2,-89.59,30.31
138,-11.96,-551.58,-94.6,14.57
139,-15.0,-497.36,-90.67,18.14
140,-23.13,-488.5,-93.04,15.04
141,-7.24,-472.4,-94.49,13.12
142,-15.51,-494.95,-95.84,20.11
143,-3.49,-474.58,-116.72,2.17
144,36.08,-312.38,-186.5,-10.08
145,39.73,-375.02,-69.19,-8.09
146,-25.63,-534.91,-51.3,25.13
147,-50.39,-547.73,-110.63,40.61
148,-20.86,-492.6,-168.9,-4.4
149,18.13,-455.32,-40.02,6.17
150,-21.57,-460.01,-69.24,24.99
151,-11.22,-464.76,-85.77,14.03
152,-30.77,-520.22,-133.55,14.43
153,-22.88,-571.52,-81.01,25.85
154,-22.29,-479.79,-102.6,19.83
155,-13.42,-492.11,-64.59,27.8
156,-21.38,-487.59,-78.55,10.24
157,-13.93,-495.07,-82.41,13.0
158,-1.95,-417.89,-90.43,3.6
159,-8.79,-461.4,-270.5,-21.36
160,-46.07,-598.26,-275.63,-39.18
161,3.55,-406.69,118.64,66.38
162,18.18,-400.15,-44.74,11.94
163,-10.26,-477.86,-67.77,26.07
164,-2.11,-435.72,-82.79,17.57
165,-11.05,-462.35,-88.26,16.18
166,-0.02,-489.87,-101.11,-5.8
167,-6.38,-414.94,-88.95,9.02
168,-74.6,-621.43,-82.76,37.54
169,20.83,-449.97,-107.68,-9.01
170,-20.35,-546.74,-104.29,17.26
171,-38.14,-524.45,-93.24,31.76
172,-21.24,-428.76,-66.09,22.97
173,-16.77,-457.29,-136.68,-6.43
174,31.32,-414.23,-614.83,-134.31
175,-19.21,-576.12,168.25,90.39
176,-35.52,-552.61,21.17,34.07
177,-20.08,-471.02,-37.11,28.91
178,-20.59,-466.45,-80.84,18.3
179,-22.57,-496.22,-93.86,16.53
180,-27.92,-469.25,-96.02,19.63
181,0.3,-370.79,-93.86,11.07
182,-4.67,-459.28,-109.69,9.84
183,-9.61,-479.02,-101.99,6.68
184,1.5,-463.64,-106.07,5.79
185,-43.04,-477.29,-95.96,28.43
186,-25.0,-474.36,-90.37,30.11
187,-37.12,-610.5,-92.4,17.34
188,-23.73,-528.69,-92.12,19.31
189,-30.98,-515.84,-100.97,11.6
190,-22.61,-468.12,-94.83,14.38
191,-8.43,-478.69,-147.98,17.71
192,72.65,-337.24,-441.96,-109.94
193,11.47,-456.83,34.88,27.64
194,-83.26,-564.69,46.64,66.05
195,-32.83,-467.15,-57.87,16.75
196,-11.36,-425.64,-82.47,23.56
197,-24.79,-517.88,-92.7,20.46
198,-34.18,-550.18,-90.54,21.43
199,-15.02,-516.22,-94.08,19.82
200,-26.89,-472.71,-95.5,1.97
201,-22.73,-450.54,-90.35,18.58
202,-15.64,-451.29,-92.18,14.02
203,-13.73,-514.67,-88.73,19.17
204,-2.33,-455.61,-100.18,3.0
205,-30.07,-485.06,-97.82,15.0
206,8.14,-367.88,-131.93,-5.58
207,0.18,-402.72,-191.22,-28.49
208,-35.33,-563.06,-30.13,35.15
209,-53.85,-584.98,-69.51,33.33
210,-22.62,-513.4,-89.81,16.45
211,-20.41,-505.93,-109.94,11.89
212,-26.28,-489.24,-197.51,-13.02
213,4.28,-394.67,-163.95,-46.73
214,15.43,-342.67,7.75,33.69
215,-37.49,-537.0,-94.61,13.65
216,-18.7,-557.08,-106.18,27.71
217,-16.55,-520.01,-77.05,28.54
218,-28.03,-531.8,-76.26,21.95
219,-26.64,-509.71,-94.89,18.15
220,-20.79,-489.62,-96.0,17.12
221,-33.57,-480.46,-94.21,18.23
222,-21.96,-484.14,-94.17,15.11
223,-26.21,-490.77,-94.71,16.13
224,20.5,-389.79,-108.61,7.96
225,60.57,-266.11,-203.32,-15.49
226,-19.26,-528.02,-165.36,17.25
227,-32.23,-567.35,-152.49,7.21
228,-42.31,-521.59,-199.98,-48.32
229,-33.97,-514.9,88.34,58.38
230,-40.62,-540.6,-59.59,31.83
231,-22.16,-488.49,-78.66,15.47
232,-14.43,-486.47,-95.05,14.42
233,-37.71,-498.06,-95.01,11.34
234,-4.62,-474.66,-94.44,14.02
235,-13.5,-487.59,-99.03,13.94
236,-10.86,-421.01,-95.81,11.66
237,5.49,-359.71,-97.61,3.43
238,3.43,-515.69,-95.95,-2.41
239,-35.7,-539.47,-128.7,5.1
240,-13.65,-478.7,-89.72,5.58
241,-9.98,-470.03,-70.52,7.96
242,-44.93,-579.74,-84.63,20.25
243,-22.69,-499.21,-89.28,13.87
244,-2.98,-386.04,-100.09,-15.87
245,4.54,-409.17,-130.35,-14.68
246,-25.65,-536.17,-291.02,-1.03
247,36.26,-322.48,-114.15,-11.05
248,17.96,-370.94,1.48,3.69
249,-75.99,-616.97,-27.62,50.39
250,-42.19,-615.11,-52.44,32.74
251,-45.51,-540.38,-140.59,0.03
252,-16.13,-491.44,-53.81,22.81
253,-12.57,-488.68,-136.04,3.28
254,-19.59,-492.32,-135.09,5.83
255,-21.4,-477.82,-53.28,17.5
256,-15.72,-447.76,-62.45,16.9
257,-23.18,-494.48,-65.43,15.15
258,-29.6,-481.45,-150.1,6.69
259,27.6,-277.45,-116.76,-20.55
260,90.01,-237.87,-221.43,-63.04
261,-73.07,-694.88,-165.14,30.43
262,-39.51,-576.53,-39.9,21.11
263,-31.31,-559.14,18.72,48.41
264,-16.75,-496.16,-78.98,12.18
265,8.69,-381.97,-123.12,-14.7
266,-21.19,-442.82,-66.38,27.92
267,-36.96,-500.59,-84.64,25.81
268,10.63,-360.21,-130.08,-13.34
269,-11.52,-501.3,-112.12,6.2
270,-41.21,-608.66,-77.29,30.61
271,-20.75,-483.51,-89.63,9.12
272,-24.25,-499.64,-81.3,19.49
273,-27.58,-497.68,-97.39,13.32
274,-41.28,-493.27,-84.93,13.6
275,-10.72,-446.73,-106.15,5.74
276,-6.06,-482.86,-178.32,1.16
277,-37.11,-539.73,-322.05,-52.04
278,-17.75,-455.44,46.36,27.59
279,-16.76,-498.18,-26.48,27.47
280,-2.75,-330.43,-121.19,-1.61
281,-5.92,-371.49,-173.39,-1.0
282,-0.75,-467.99,-26.03,5.62
283,-28.34,-602.09,-177.54,-5.55
284,-30.08,-472.78,-67.49,14.77
285,-61.06,-545.38,-50.89,33.41
286,-41.71,-553.55,-92.53,21.86
287,5.5,-498.18,-90.32,6.38
288,-21.25,-494.4,-91.82,15.7
289,-24.45,-488.08,-100.31,8.33
290,-11.36,-442.65,-89.41,14.87
291,-9.17,-491.78,-113.02,7.54
292,-1.43,-456.02,-100.36,4.05
293,10.32,-410.13,-94.51,-3.3
294,-13.21,-491.91,-92.37,6.38
295,-47.79,-570.92,-94.17,18.09
296,0.73,-399.14,-126.69,2.0
297,13.12,-410.95,-266.8,-50.5
298,-22.85,-518.67,-158.57,-10.98
299,-34.44,-570.24,14.17,44.65
300,-28.73,-517.27,-25.29,33.3
301,-15.05,-493.91,-78.98,13.09
302,-35.44,-484.02,-87.3,12.02
303,-47.06,-505.55,-91.2,9.67
304,2.0,-437.39,-94.31,10.84
305,7.42,-409.61,-98.32,10.78
306,-18.53,-501.53,-96.15,-0.25
307,-35.88,-495.88,-97.8,13.88
308,-35.45,-495.76,-97.1,16.11
309,11.15,-349.5,-97.1,6.3
310,-27.32,-586.25,-96.45,21.5
311,-8.97,-488.52,-106.47,21.01
312,6.54,-444.19,-107.3,1.71
313,-3.62,-484.44,-127.84,-2.12
314,-14.93,-443.25,-72.98,13.51
315,-35.39,-559.87,-90.1,16.06
316,-29.34,-531.24,-94.4,9.57
317,-26.2,-513.81,-145.41,8.22
318,16.78,-479.92,-105.27,3.71
319,-3.21,-446.4,-163.23,-22.65
320,0.63,-354.56,-82.52,3.85
321,-27.62,-554.23,-40.36,37.06
322,-38.28,-537.53,-74.17,20.78
323,-25.05,-496.67,-88.04,14.69
324,-18.86,-437.69,-90.58,9.89
325,-9.34,-483.74,-96.0,12.38
326,-14.85,-487.31,-91.14,15.71
327,-4.57,-428.48,-90.3,16.63
328,-17.91,-495.11,-95.89,17.31
329,-23.5,-512.53,-101.9,-2.2
330,-8.85,-425.47,-97.96,1.11
331,-62.47,-552.72,-99.9,39.9
332,-16.97,-499.03,-172.35,11.33
333,6.24,-461.24,-196.7,-16.37
334,-7.52,-448.34,-30.72,7.6
335,-25.08,-515.89,-26.69,39.17
336,-16.82,-496.49,-78.29,28.74
337,-19.61,-482.3,-83.59,22.7
338,-29.6,-505.37,-84.55,9.98
339,-21.51,-533.64,-89.66,19.47
340,-18.61,-468.01,-90.65,14.02
341,-10.97,-438.98,-86.47,11.8
342,-9.5,-523.94,-90.05,13.47
343,-43.87,-437.73,-82.96,3.86
344,2.83,-410.75,-86.31,1.46
345,-12.63,-544.08,-91.89,9.56
346,-64.04,-535.43,-79.96,22.87
347,-45.55,-463.21,-84.22,17.08
348,44.95,-455.81,-97.72,6.35
349,-19.55,-511.0,-94.71,18.31
350,-20.55,-509.48,-88.92,9.83
351,-6.76,-467.02,-91.83,10.15
352,-19.57,-506.6,-92.83,12.91
353,-16.15,-417.61,-93.87,5.96
354,-0.6,-447.24,-99.11,9.48
355,-15.54,-516.75,-132.42,0.91
356,-20.85,-500.71,-170.32,-11.72
357,1.13,-502.26,-15.64,34.06
358,-15.91,-484.98,-67.44,17.5
359,-22.87,-482.72,-88.18,13.32
360,-13.63,-493.69,-91.26,15.98
361,-8.55,-478.68,-145.5,0.94
362,-0.65,-460.37,-49.72,15.96
363,-24.92,-485.27,-91.86,29.95
364,-23.02,-469.09,-92.29,16.55
365,-21.42,-403.72,-96.93,17.73
366,-27.64,-492.86,-98.67,9.12
367,-24.07,-537.08,-96.81,21.84
368,-26.37,-514.74,-98.8,21.55
369,-50.61,-478.67,-97.41,20.04
370,19.46,-433.88,-102.2,11.22
371,24.47,-428.82,-97.81,10.97
372,-7.56,-546.56,-101.78,16.18
373,-23.65,-526.94,-96.3,19.17
374,-0.13,-452.73,-88.62,15.06
375,2.75,-477.2,-107.28,17.7
376,-11.43,-489.53,-91.62,9.57
377,-12.17,-454.49,-91.94,14.39
378,-36.31,-445.43,-92.28,25.47
379,-59.8,-547.31,-90.2,22.85
380,10.6,-455.22,-96.79,19.12
381,-23.14,-454.24,-96.56,26.23
382,-23.62,-435.21,-99.12,21.8
383,-34.79,-538.48,-99.22,24.13
384,-84.93,-504.07,-89.53,24.13
385,51.16,-472.09,-95.81,22.17
386,17.01,-485.27,-94.71,21.01
387,2.43,-463.71,-91.0,23.72
388,-10.73,-479.02,-92.54,22.06
389,-10.55,-474.71,-98.7,20.39
390,-9.69,-478.48,-90.21,21.72
391,-22.63,-439.23,-94.21,18.53
392,-41.63,-421.59,-92.63,20.79
393,-29.16,-290.67,-92.85,24.01
394,-49.05,-433.2,-92.69,20.9
395,1.63,-526.37,-96.93,8.11
396,-11.73,-372.38,-90.73,17.12
397,10.65,-673.82,-94.06,18.85
398,-1.59,-508.08,-87.87,20.92
399,-4.67,-462.46,-85.96,16.53
400,10.94,-456.48,-87.85,16.53
401,-5.56,-502.54,-86.11,17.88
402,-15.79,-474.17,-84.97,11.26
403,-6.39,-443.76,-90.71,7.05
404,-58.91,-521.91,-83.56,31.72
405,6.91,-472.03,-86.23,19.6
406,-19.71,-483.26,-84.16,16.75
407,-69.17,-463.21,-82.97,15.43
408,46.65,-455.19,-89.26,12.57
409,1.62,-463.33,-93.07,9.97
410,3.43,-436.81,-115.66,7.96
411,-30.22,-471.24,-76.34,7.64
412,-12.37,-421.43,-84.52,7.75
413,1.89,-425.55,-84.76,16.88
414,-47.92,-515.47,-79.44,23.71
415,30.68,-455.16,-88.81,17.72
416,22.35,-400.15,-97.21,7.26
417,-25.33,-571.06,-88.93,19.31
418,-22.88,-516.33,-94.66,12.35
419,23.79,-437.49,-95.32,10.53
420,3.48,-445.6,-99.33,7.82
421,-49.02,-516.8,-95.32,18.46
422,-40.18,-543.16,-88.9,26.87
423,23.87,-455.56,-96.41,22.25
424,-45.73,-499.66,-95.16,12.04
425,27.75,-389.76,-104.33,2.11
426,63.46,-201.46,-101.67,5.3
427,-27.22,-675.1,-89.89,29.88
428,-45.82,-685.02,-96.72,10.06
429,6.17,-435.56,-100.99,11.37
430,50.48,-258.67,-90.58,19.92
431,27.18,-320.03,-91.24,15.43
432,-45.22,-531.91,-91.85,11.48
433,-61.47,-432.72,-92.56,8.92
434,-5.49,-793.18,-107.97,-3.61
435,64.13,-418.32,-106.97,8.71
436,-42.7,-151.97,-84.95,31.17
437,44.18,-386.67,-99.6,5.49
438,-57.49,-779.68,-107.42,-1.39
439,-131.33,-209.99,-118.94,-15.74
440,113.29,-257.69,-92.23,29.86
441,-45.22,-688.78,-84.87,25.76
442,46.77,-299.66,-99.44,6.35
443,28.83,-289.38,-101.27,2.84
444,-6.83,-465.08,-87.11,23.89
445,36.43,-206.53,-78.44,24.0
446,-4.76,-327.27,-97.73,-2.22
447,-45.49,-681.72,-90.42,18.97
448,-44.84,-635.11,-74.11,28.28
449,-32.11,-511.34,-81.66,-1.9
450,25.88,-360.9,-73.14,24.79
451,-23.75,-473.64,-73.53,15.7
452,-87.95,-510.12,-78.19,4.83
453,115.57,-25.97,-82.36,5.36
454,-18.88,-642.55,-85.4,10.12
455,-11.41,-491.71,-88.77,5.59
456,-74.27,-704.31,-76.62,16.02
457,3.73,-466.8,-90.54,4.04
458,30.57,-177.29,-76.82,18.38
459,27.75,-483.14,-80.61,15.75
460,-13.47,-539.21,-88.75,13.31
461,-19.1,-447.2,-85.73,5.42
462,-7.14,-512.18,-79.11,12.34
463,-12.57,-540.05,-88.4,5.74
464,-72.8,-145.1,-93.26,7.18
465,81.4,-445.65,-77.76,31.85
466,-34.61,-473.23,-91.06,4.62
467,-118.52,-476.32,-84.21,6.29
468,105.99,-374.18,-98.01,-2.88
469,-11.93,-486.46,-85.88,18.3
470,-77.18,-506.15,-86.95,13.63
471,98.76,-415.87,-95.25,5.85
472,-58.44,-527.54,-102.85,-11.69
473,-42.43,-620.5,-94.91,7.8
474,36.43,87.5,-89.87,14.52
475,-41.33,-723.18,-95.54,18.33
476,51.13,-334.66,-86.12,25.22
477,-102.82,-648.52,-88.95,24.68
478,32.96,-117.95,-97.92,-7.06
479,-227.46,-653.71,-98.08,21.62
480,115.43,-468.79,-97.24,20.13
481,82.32,-427.12,-101.89,13.94
482,-79.37,-594.06,-118.43,-15.19
483,10.5,-195.74,-114.83,3.91
484,58.0,-496.06,-87.26,54.13
485,-505.5,-452.44,-105.0,5.33
486,173.97,-603.06,-120.94,12.25
487,155.81,-331.72,-114.79,24.92
488,-49.21,-254.97,-106.18,12.23
489,-31.25,-89.32,-114.72,-9.85
490,-154.04,-805.44,-98.32,35.83
491,-28.38,-517.1,-96.62,39.53
492,75.31,-10.51,-110.46,3.39
493,117.49,-575.07,-107.93,19.09
494,-122.79,-824.27,-117.68,6.2
495,-129.95,118.9,-122.66,3.23
496,193.83,-49.16,-127.93,6.73
497,20.71,-769.27,-104.58,37.67
498,-126.47,-415.31,-95.32,26.52
499,-37.73,-659.78,-130.8,-7.76
500,185.09,98.78,-119.51,13.11
501,2.67,-455.57,-93.56,48.35
502,-248.72,-266.73,-114.65,-2.19
503,176.99,-571.94,-128.19,1.42
504,-8.5,-334.85,-111.9,31.1
505,-80.37,-389.72,-131.03,-5.16
506,-43.05,-398.74,-127.73,2.28
507,84.15,-364.16,-113.52,32.45
508,-157.35,-533.92,-120.21,7.18
509,-50.67,-355.04,-96.53,46.77
510,-28.64,-691.6,-104.46,26.95
511,-104.58,-614.17,-124.04,2.9
512,151.67,77.22,-106.78,40.72
513,97.51,-474.72,-119.72,6.76
514,-137.64,-684.31,-100.62,23.85
515,-236.21,-426.27,-152.1,-35.57
516,154.29,-22.75,-117.29,26.51
517,40.75,-606.42,-105.23,51.98
518,-84.61,-601.73,-118.11,6.05
519,-30.14,-495.56,-143.82,-8.18
520,45.39,-61.45,-119.95,33.11
521,-94.14,-485.11,-97.41,26.88
522,3.9,-884.25,-126.62,16.18
523,-35.68,-29.92,-119.42,12.23
524,97.8,-914.74,-90.79,67.61
525,-45.57,-579.19,-101.78,28.75
526,-139.86,-103.12,-128.15,-13.79
527,36.13,-562.93,-139.46,-3.93
528,52.48,-469.84,-117.05,23.37
529,-26.81,-435.89,-106.4,52.18
530,-236.79,-863.04,-134.82,-8.99
531,154.32,80.67,-130.63,14.37
532,36.28,-653.58,-114.51,31.07
533,-15.8,-565.26,-125.43,16.6
534,-35.03,-585.15,-117.34,16.23
535,-49.9,-410.11,-132.14,7.66
536,-117.04,-471.8,-94.62,67.95
537,148.76,-463.24,-131.73,15.82
538,-65.58,-177.07,-132.61,3.68
539,0.7,-821.04,-144.35,-8.22
540,-129.9,-394.12,-116.39,50.55
541,157.82,-512.42,-109.55,51.91
542,-68.22,-419.82,-127.78,6.99
543,-47.26,-655.94,-112.79,43.85
544,-43.82,-752.7,-101.65,54.88
545,218.73,-684.86,-122.5,4.38
546,-190.07,-1027.71,-113.6,51.61
547,-212.89,-585.32,-128.36,24.9
548,-159.71,-425.38,-123.5,24.52
549,162.49,-354.49,-105.33,47.58
550,28.52,-896.92,-148.72,-4.81
551,39.15,-252.9,-130.28,22.23
552,-128.98,-565.52,-112.84,55.16
553,199.84,-174.31,-144.82,-1.13
554,-197.81,-633.46,-113.98,32.0
555,-142.8,-617.78,-146.53,9.4
556,148.68,-514.91,-98.3,66.44
557,39.92,-470.51,-129.63,9.72
558,-21.54,-548.01,-110.28,48.72
559,-65.31,-500.5,-99.77,55.23
560,-15.86,-362.3,-143.02,-7.84
561,85.01,-505.18,-118.11,34.42
562,-24.87,-760.54,-119.15,38.44
563,-93.39,-122.85,-132.07,16.62
564,73.71,-801.41,-125.28,41.11
565,-186.24,-819.88,-128.62,15.04
566,44.6,13.3,-151.78,-17.77
567,37.11,-380.75,-128.89,40.6
568,-155.5,-796.51,-120.11,44.31
569,63.68,-147.27,-152.57,-27.83
570,28.59,-1060.7,-104.6,75.53
571,-186.48,-228.23,-132.79,21.14
572,170.34,-475.93,-116.95,45.12
573,-29.73,-535.85,-111.17,43.5
574,-5.88,-816.93,-122.97,23.01
575,-131.44,-223.43,-126.87,15.33
576,89.0,-661.45,-118.29,44.21
577,-5.05,-336.57,-118.41,39.77
578,-61.9,-570.28,-110.39,45.22
579,6.95,-449.52,-134.02,7.99
580,1.6,-469.04,-142.68,0.65
581,-11.66,-542.51,-122.58,24.26
582,-5.43,-602.2,-97.1,84.71
583,58.78,-154.34,-145.82,-13.56
584,-48.13,-633.64,-125.35,6.77
585,-48.7,-622.44,-126.31,35.56
586,15.57,-576.2,-107.15,50.85
587,-63.3,-699.09,-135.39,8.65
588,11.96,71.91,-104.28,52.86
589,-40.58,-649.69,-132.19,5.05
590,4.09,-655.51,-118.09,44.07
591,93.38,-38.85,-127.95,13.42
592,-56.42,-949.79,-102.98,56.47
593,-268.93,-497.82,-135.84,-5.85
594,376.6,139.07,-156.4,-23.11
595,-134.3,-63.14,-83.45,93.43
596,-31.47,514.64,-114.8,26.31
597,-266.74,652.79,-168.4,-53.92
598,248.13,831.06,-121.27,51.44
599,15.33,64.02,-94.8,72.29
600,-60.67,236.57,-115.59,29.35
601,-106.1,413.44,-108.39,36.0
602,-21.13,782.55,-122.16,2.75
603,24.22,339.95,-137.77,10.3
604,0.98,654.51,-115.79,35.36
605,51.77,920.08,-141.83,-16.05
606,-106.88,5.83,-115.19,45.55
607,-28.74,342.78,-108.95,59.02
608,99.71,1235.68,-158.3,-40.09
609,-72.1,1029.98,-116.82,36.94
610,39.83,1385.25,-98.43,61.06
611,-34.95,1264.08,-118.55,25.36
612,-166.71,1303.59,-120.19,17.95
613,89.41,1712.11,-129.83,9.92
614,12.03,1428.29,-117.29,40.48
615,-88.42,1283.95,-109.72,50.73
616,115.72,1741.79,-142.62,3.82
617,-178.95,1539.45,-135.04,14.27
618,112.83,1412.27,-108.21,69.42
619,5.02,1292.49,-122.6,34.57
620,-4.41,1748.69,-135.24,9.5
621,-125.74,1160.98,-121.05,45.5
622,-7.5,1374.92,-125.21,14.54
623,37.06,1558.07,-135.84,9.43
624,-40.13,765.72,-117.31,42.2
625,56.86,1389.86,-120.99,27.76
626,13.44,1362.11,-120.53,30.27
627,-231.98,1162.4,-142.68,-12.02
628,251.17,1829.15,-152.69,-8.38
629,-15.85,1792.22,-88.06,97.19
630,-28.19,2143.01,-113.09,23.54
631,-163.1,2620.45,-125.02,7.04
632,146.13,2847.68,-134.01,17.6
633,-51.9,1959.63,-106.33,68.14
634,27.54,2341.31,-111.54,38.59
635,-51.48,2653.08,-119.79,23.12
636,-84.78,2277.03,-132.52,7.29
637,-154.21,2705.85,-130.13,11.76
638,136.13,2166.24,-118.62,39.54
639,166.62,2999.26,-133.97,-3.85
640,-100.19,2083.62,-117.66,44.29
641,-44.26,2431.73,-114.04,42.16
642,-24.89,2526.23,-135.71,1.91
643,15.32,2550.82,-106.94,43.81
644,-55.83,2215.07,-131.79,18.37
645,54.43,2873.55,-130.96,15.37
646,-214.17,2094.45,-107.3,36.62
647,162.28,2449.31,-121.52,27.67
648,9.14,2433.13,-135.73,12.0
649,-71.62,2546.74,-119.09,30.84
650,33.21,2423.94,-125.53,16.4
651,-9.17,2405.58,-106.14,55.08
652,-14.42,2596.99,-124.77,17.91
653,-25.77,2664.54,-129.78,-4.14
654,32.27,2196.56,-109.3,48.59
655,37.14,2704.3,-129.04,6.23
656,-206.14,2129.7,-103.51,44.62
657,103.38,2614.82,-123.3,25.05
658,-24.43,2463.91,-107.57,36.4
659,6.65,2474.07,-114.92,25.48
660,-77.61,2118.78,-125.56,3.1
661,12.73,3056.01,-118.47,22.69
662,8.47,2315.87,-107.2,36.25
663,59.55,2560.26,-111.58,19.94
664,-15.99,2196.47,-100.76,43.12
665,-7.68,2428.09,-104.81,31.51
666,-156.79,2292.16,-119.05,9.06
667,139.51,2694.23,-107.19,32.37
668,-132.64,2447.88,-117.44,10.79
669,130.83,3110.15,-128.85,8.73
670,-112.34,2933.53,-104.86,41.29
671,104.32,3405.22,-105.19,34.63
672,-122.28,3383.92,-103.86,33.11
673,29.67,3703.08,-127.65,8.6
674,40.97,3497.62,-120.45,14.65
675,-20.32,3340.88,-115.73,24.51
676,-84.04,3588.33,-105.19,41.09
677,54.08,3246.79,-104.55,41.31
678,-111.82,3388.4,-114.8,22.2
679,68.91,3569.67,-109.49,21.42
680,-46.62,3232.29,-118.74,18.04
681,15.76,3831.27,-114.2,1.57
682,-0.27,3163.76,-100.28,51.12
683,14.5,3665.01,-101.12,34.16
684,29.76,3667.68,-109.85,15.97
685,-33.32,3089.89,-96.5,42.93
686,33.07,3265.04,-110.7,24.94
687,-91.17,3524.84,-107.86,18.04
688,-15.23,3497.29,-118.06,7.0
689,-90.93,3354.86,-90.26,49.64
690,81.39,3521.38,-101.34,25.42
691,-106.39,3431.61,-113.84,8.89
692,80.04,3853.48,-119.66,5.5
693,42.52,3066.23,-99.85,47.99
694,-86.58,3589.88,-121.01,1.71
695,57.03,3362.21,-104.53,36.69
696,3.15,3288.82,-118.57,22.72
697,-68.45,3739.34,-88.48,56.07
698,74.56,3665.22,-116.45,5.33
699,-83.22,3171.77,-110.61,23.14
700,-4.67,3341.95,-104.8,31.67
701,-49.67,3586.61,-120.58,-8.61
702,111.57,3395.3,-95.54,39.83
703,-107.68,3476.07,-109.76,19.94
704,-77.53,3538.86,-97.37,30.44
705,-10.83,3440.09,-113.46,12.68
706,70.72,3396.63,-107.8,21.14
707,3.95,3430.52,-106.41,20.69
708,-22.79,3224.65,-98.09,24.05
709,-57.86,3687.73,-112.34,6.58
710,-80.05,3313.26,-109.96,31.16
711,68.82,3507.0,-97.87,30.22
712,-33.6,3366.15,-104.26,26.59
713,51.96,3394.26,-111.38,15.37
714,-5.41,3622.23,-111.8,28.8
715,-90.48,3376.55,-117.78,0.2
716,88.08,3759.99,-111.5,18.16
717,-48.13,3299.26,-117.03,16.49
718,-6.78,3426.9,-92.42,53.1
719,-29.06,3508.57,-119.1,2.72
720,33.03,3412.84,-118.5,14.45
721,-48.95,3388.87,-115.2,25.26
722,10.19,3352.62,-96.72,57.3
723,-85.41,3524.82,-108.89,22.72
724,-42.48,3462.93,-136.44,-23.13
725,86.31,3485.72,-90.52,58.58
726,52.37,3656.25,-111.42,15.48
727,-85.06,3396.97,-109.98,19.63
728,5.64,3390.14,-117.2,-5.44
729,32.57,3444.85,-110.05,25.84
730,10.54,3539.09,-104.03,31.98
731,-65.87,3227.65,-111.71,11.79
732,60.1,3568.36,-106.07,14.37
733,-117.85,3573.6,-113.61,20.18
734,41.41,-602.39,-108.18,25.92
735,-63.23,-14.37,-115.14,-1.22
736,75.0,-720.38,-111.3,33.55
737,-2.63,-598.55,-96.22,30.71
738,-43.51,-497.04,-111.22,-1.1
739,-66.12,-391.21,-118.42,-0.7
740,79.67,-82.94,-104.54,11.24
741,-35.08,-797.93,-103.9,31.79
742,24.36,-650.69,-111.92,20.7
743,-198.02,-334.75,-107.14,18.25
744,154.49,-339.18,-128.07,-7.35
745,43.83,-371.48,-98.15,54.45
746,-21.71,-526.5,-104.69,26.8
747,-29.69,-317.43,-116.37,21.15
748,-38.72,-609.53,-124.72,11.43
749,4.91,-262.27,-114.61,18.8
750,47.52,-627.84,-113.98,37.58
751,-22.87,-452.42,-109.47,31.62
752,18.47,-544.44,-111.98,31.8
753,-123.82,-555.6,-115.4,21.31
754,-22.46,-422.16,-96.11,40.0
755,111.95,-94.75,-132.21,-15.2
756,-34.79,-791.04,-96.58,63.15
757,-162.34,-323.99,-109.68,12.29
758,-63.52,-490.97,-123.4,9.65
759,148.75,-346.42,-101.02,42.67
760,-38.46,-644.41,-98.66,30.97
761,50.86,-31.18,-116.63,14.23
762,-232.56,-840.49,-106.22,23.68
763,138.48,-223.85,-126.7,-8.96
764,77.91,-553.98,-102.67,39.24
765,-23.82,-482.26,-101.28,38.93
766,-90.47,-532.77,-103.21,27.09
767,90.72,-387.98,-119.58,-1.11
768,-28.38,-444.94,-103.86,33.19
769,-122.2,-554.8,-104.54,22.84
770,-170.01,-601.47,-109.21,24.35
771,89.61,-101.3,-122.46,9.19
772,73.54,-425.55,-111.08,33.08
773,-95.6,-533.83,-113.98,15.77
774,90.15,-502.64,-116.91,33.72
775,10.31,-389.6,-102.57,29.61
776,28.75,-495.65,-111.31,18.53
777,-81.0,-543.3,-97.34,16.91
778,36.32,-441.0,-110.89,22.17
779,-187.17,-573.2,-106.4,23.78
780,14.28,-483.41,-109.5,33.67
781,-110.95,-230.35,-145.14,-36.92
782,144.75,-257.51,-91.27,60.59
783,41.05,-623.97,-106.19,33.84
784,-29.44,-662.57,-96.3,42.09
785,-64.38,-530.49,-105.79,16.92
786,-5.94,-473.83,-103.88,19.73
787,-13.68,-473.85,-104.96,25.48
788,12.16,-490.21,-108.12,29.62
789,11.51,-377.49,-113.05,23.17
790,1.64,-597.92,-126.55,2.94
791,6.4,-240.96,-111.08,22.54
792,-163.42,-455.53,-101.44,28.4
793,102.24,-620.26,-105.12,34.96
794,31.26,-390.06,-110.54,23.02
795,-92.0,-571.17,-103.77,24.59
796,40.73,-64.33,-126.38,-20.9
797,-23.92,-627.76,-89.84,53.36
798,27.03,-431.21,-100.88,24.11
799,9.58,-541.26,-107.45,16.13
800,-95.95,-525.11,-100.72,32.41
801,37.82,-439.18,-101.59,25.92
802,-16.33,-647.37,-118.52,7.22
803,-91.04,-275.82,-101.05,37.28
804,81.68,-478.49,-98.63,29.95
805,72.68,-378.57,-119.84,0.46
806,33.85,-302.56,-125.86,9.67
807,-122.36,-546.65,-116.56,27.54
808,32.41,-616.42,-99.35,43.01
809,55.52,-344.94,-102.61,30.37
810,-76.58,-483.88,-108.14,23.9
811,-33.4,-460.62,-108.61,20.57
812,2.66,-442.41,-109.99,28.08
813,2.52,-504.57,-104.37,26.16
814,-211.32,-422.22,-104.83,30.25
815,149.66,-440.56,-130.95,8.11
816,-1.99,-332.32,-115.67,20.27
817,-49.65,-567.17,-112.0,33.42
818,27.05,-638.36,-107.43,32.3
819,-56.14,-576.37,-128.74,1.18
820,-231.56,204.63,-119.99,6.57
821,245.1,-683.24,-94.13,68.6
822,25.02,-615.33,-109.22,27.75
823,-124.53,-304.11,-121.08,10.41
824,51.11,-452.98,-125.17,12.14
825,14.81,-703.28,-107.01,49.17
826,24.96,-290.85,-113.27,22.52
827,-22.87,-437.53,-126.27,6.08
828,5.78,-600.16,-124.84,17.02
829,-52.28,-499.35,-105.79,37.32
830,-21.86,-483.17,-107.93,26.84
831,-64.62,-584.57,-120.41,2.97
832,-104.93,-183.11,-117.15,17.55
833,75.01,-529.04,-100.67,32.59
834,0.34,-365.36,-120.58,3.76
835,1.02,-603.3,-117.59,16.29
836,29.83,-498.76,-104.53,45.36
837,-9.21,-572.84,-110.91,22.62
838,-60.76,-129.68,-134.72,-30.32
839,50.1,-359.91,-94.53,45.22
840,-64.64,-634.77,-101.67,33.92
841,1.24,-350.28,-126.94,8.31
842,-5.36,-464.79,-115.53,23.58
843,-178.26,-592.69,-111.14,24.18
844,184.68,-418.03,-113.48,28.99
845,-30.49,-543.71,-111.78,19.41
846,-64.58,-524.81,-113.82,5.57
847,9.01,-347.48,-111.91,11.25
848,35.54,-376.43,-112.53,22.64
849,7.88,-561.38,-112.4,12.32
850,-51.24,-529.69,-105.79,20.25
851,-95.62,-339.81,-106.32,20.83
852,62.66,-566.47,-113.05,9.58
853,-102.62,-254.19,-118.04,4.34
854,-0.43,-686.16,-113.79,13.51
855,-226.57,-546.36,-107.08,16.15
856,38.9,-442.61,-102.01,31.89
857,-155.63,-234.26,-112.12,4.3
858,219.86,-620.63,-114.32,23.81
859,-43.35,-335.74,-117.5,9.92
860,-277.34,-477.79,-98.47,23.33
861,205.24,-507.94,-102.75,24.36
862,38.53,-487.7,-103.99,24.6
863,24.48,-539.01,-101.27,33.77
864,14.89,-416.02,-112.16,15.47
865,30.01,-304.32,-109.51,24.09
866,-32.6,-612.66,-118.99,7.58
867,-19.8,-416.88,-104.95,25.03
868,-131.87,-523.34,-105.07,27.64
869,-138.93,-493.44,-109.74,17.78
870,13.64,-665.49,-117.75,5.55
871,-16.87,-193.78,-124.93,-18.56
872,130.24,-470.18,-97.04,41.68
873,-38.23,-422.91,-105.91,24.43
874,-201.5,-357.49,-99.29,26.91
875,115.24,-618.37,-122.14,17.14
876,-111.46,-523.29,-106.97,21.0
877,162.18,-358.85,-102.59,21.42
878,-156.36,-449.96,-104.22,29.86
879,109.04,-437.8,-117.6,14.03
880,-114.13,-575.23,-123.24,1.15
881,91.84,-337.06,-109.38,26.67
882,6.04,-578.01,-121.7,20.58
883,-11.12,-524.47,-100.66,35.3
884,-129.13,-520.15,-119.39,3.35
885,-25.24,-299.07,-120.34,9.56
886,83.61,-432.14,-108.74,27.46
887,-17.92,-404.9,-115.84,10.17
888,-66.17,-529.26,-115.06,21.12
889,108.05,-331.78,-115.94,26.16
890,-173.1,-586.69,-93.17,45.0
891,17.11,-607.45,-114.09,11.77
892,38.2,-432.66,-112.45,25.67
893,-96.16,-414.01,-110.34,21.33
894,36.22,-409.92,-104.23,28.17
895,-13.17,-333.61,-118.93,13.48
896,19.46,-576.35,-109.35,17.56
897,-77.09,-431.65,-106.04,19.78
898,31.97,-608.38,-108.61,23.45
899,16.17,-93.76,-112.66,8.03
900,35.22,-756.22,-121.45,7.06
901,-81.43,-441.72,-111.95,20.86
902,37.89,-531.37,-102.4,33.97
903,35.07,-169.17,-110.82,18.24
904,-75.94,-645.46,-111.21,12.25
905,-59.08,-552.05,-101.33,27.48
906,-45.55,-434.96,-117.71,8.14
907,26.56,-520.64,-111.83,20.18
908,66.65,-338.49,-108.68,9.59
909,-40.22,-548.33,-101.13,38.79
910,-27.01,-126.86,-105.93,20.07
911,-60.24,-739.53,-118.53,12.23
912,22.62,-377.17,-119.31,16.3
913,41.41,-447.79,-109.02,21.27
914,-5.08,-573.45,-101.35,34.82
915,-55.27,-500.38,-115.34,7.38
916,74.99,-284.45,-112.09,18.94
917,-126.59,-501.05,-98.28,31.72
918,-22.72,-651.88,-110.78,8.57
919,-85.31,-342.45,-100.81,21.13
920,90.05,-345.37,-116.43,8.88
921,-23.47,-683.41,-131.29,-3.64
922,-12.42,-396.03,-103.19,31.97
923,-39.97,-399.95,-102.56,36.1
924,58.24,-334.35,-110.55,12.29
925,11.19,-493.15,-116.46,-1.68
926,-20.63,-510.07,-105.09,16.66
927,-84.81,-474.26,-108.78,34.38
928,-176.61,-404.24,-111.3,17.22
929,67.43,-236.35,-122.97,5.51
930,132.26,-516.51,-118.63,21.8
931,-77.81,-507.58,-96.81,36.67
932,-13.8,-420.44,-114.62,20.3
933,17.33,-492.68,-124.49,13.64
934,-78.32,-421.86,-109.39,17.75
935,75.85,-430.15,-116.18,14.72
936,31.28,-532.97,-102.25,43.21
937,27.06,-360.87,-122.7,6.66
938,-51.82,-693.74,-110.7,40.36
939,-68.52,-350.11,-111.33,26.67
940,28.77,-517.34,-112.19,24.56
941,-10.58,-558.49,-103.71,33.11
942,-7.04,-583.68,-113.07,22.58
943,-64.65,-221.47,-115.76,14.99
944,-62.13,-266.19,-121.43,5.55
945,-37.52,-794.14,-110.76,36.98
946,61.12,-512.47,-106.05,42.39
947,-102.41,-351.0,-111.79,8.48
948,51.89,-547.96,-113.13,20.14
949,41.26,-254.09,-112.84,16.4
950,-9.98,-514.51,-106.22,26.37
951,-3.62,-109.85,-127.38,-4.46
952,-15.21,-923.92,-108.55,47.18
953,-110.66,-531.49,-113.48,27.19
954,-155.81,-487.89,-106.86,26.15
955,102.7,-525.63,-121.65,-2.33
956,13.02,-252.66,-121.73,9.92
957,-25.68,-450.56,-103.28,43.87
958,38.82,-335.04,-121.21,7.76
959,52.55,-618.51,-116.88,15.52
960,-221.42,-506.67,-109.89,24.32
961,39.48,-493.88,-116.02,8.42
962,88.57,-316.87,-116.7,26.46
963,-16.24,-483.7,-107.4,20.99
964,-25.34,-528.7,-105.21,35.05
965,-45.75,-496.36,-114.43,22.52
966,-246.51,-605.86,-115.26,17.96
967,101.91,-369.68,-109.9,36.39
968,127.73,-267.08,-116.13,19.61
969,-26.92,-577.52,-118.56,10.01
970,11.36,-412.4,-109.62,31.89
971,-54.97,-655.63,-102.3,41.65
972,1.57,-382.05,-115.0,14.62
973,-95.2,-658.16,-112.59,28.05
974,11.5,-377.25,-110.34,28.42
975,1.97,-562.15,-109.45,34.39
976,-21.53,-212.19,-110.66,19.93
977,21.05,-581.61,-112.57,21.71
978,-22.36,-681.71,-104.03,28.61
979,-62.46,-379.25,-116.71,-0.51
980,-13.62,-438.52,-91.43,48.61
981,21.9,-622.93,-111.31,27.73
982,5.24,-135.01,-114.48,4.16
983,-141.54,-634.87,-104.71,30.01
984,32.98,-571.69,-101.59,27.85
985,92.65,-159.69,-113.69,12.58
986,-67.5,-789.07,-97.62,42.45
987,-208.39,-540.9,-105.82,23.16
988,98.51,-421.66,-116.85,5.26
989,78.41,-319.97,-109.4,27.43
990,-20.42,-672.79,-115.75,22.3
991,-35.69,-481.46,-108.48,34.29
992,-55.89,-427.32,-115.22,10.59
993,18.85,-487.98,-121.78,16.69
994,-50.65,-507.51,-100.1,37.64
995,-34.1,-392.64,-127.18,-4.9
996,-89.32,-447.92,-98.68,44.49
997,3.96,-565.66,-105.29,39.29
998,-2.54,-293.02,-119.48,-5.19
999,-3.8,-714.75,-128.96,4.4
1000,73.02,-236.54,-104.33,31.6
1001,-39.96,-535.57,-101.62,32.81
1002,38.04,-523.05,-110.47,19.94
1003,-35.44,-558.26,-104.06,26.67
1004,-32.04,-551.44,-100.81,22.29
1005,-55.2,-426.39,-118.42,-4.43
1006,2.32,-433.97,-114.58,33.74
1007,40.37,-395.09,-108.01,20.2
1008,-119.58,-50.35,-102.91,15.11
1009,38.02,-981.38,-114.66,21.78
1010,-149.93,-590.72,-102.45,12.06
1011,115.57,-121.47,-109.95,22.07
1012,-33.73,-670.39,-103.29,33.95
1013,19.64,-141.84,-114.61,13.62
1014,-2.63,-591.62,-105.3,29.98
1015,5.52,-432.11,-109.81,17.12
1016,-1.45,-24.65,-114.8,19.43
1017,-86.02,-41.66,-106.07,40.55
1018,-30.35,650.88,-95.93,43.27
1019,50.28,297.75,-105.67,34.65
1020,-38.52,417.83,-102.56,35.94
1021,-13.07,469.77,-109.96,23.2
1022,-36.37,574.43,-102.31,24.5
1023,-66.33,376.3,-104.2,36.1
1024,-23.99,747.97,-113.82,20.2
1025,18.9,465.78,-101.93,34.57
1026,-52.24,390.45,-109.85,24.62
1027,13.83,427.68,-111.19,28.0
1028,-108.82,523.22,-107.26,37.41
1029,83.44,415.15,-127.69,6.31
1030,-89.25,476.57,-100.39,38.47
1031,-1.43,565.47,-110.4,12.04
1032,-130.52,600.16,-98.75,42.13
1033,152.97,388.52,-111.04,30.3
1034,3.07,507.61,-125.33,-0.16
1035,-79.54,453.2,-107.5,21.47
1036,49.28,683.66,-109.12,25.51
1037,-19.1,321.08,-96.86,45.42
1038,-178.28,324.41,-109.07,26.4
1039,109.8,445.7,-124.08,9.64
1040,73.6,1160.25,-117.38,20.58
1041,-40.53,242.54,-101.56,45.84
1042,-40.91,343.16,-100.3,39.63
1043,-75.7,397.15,-120.66,3.2
1044,11.37,524.52,-107.88,38.43
1045,17.28,383.33,-111.19,29.07
1046,-148.5,464.53,-112.66,19.29
1047,-24.26,623.01,-106.04,29.58
1048,24.63,538.55,-126.36,-4.29
1049,67.2,532.85,-95.47,59.03
1050,-86.84,313.07,-108.48,27.59
1051,-84.44,698.39,-120.69,9.21
1052,74.3,425.39,-111.23,42.36
1053,-184.02,454.93,-107.77,28.63
1054,133.37,456.6,-113.56,19.61
1055,-103.97,455.0,-117.6,10.52
1056,68.59,577.57,-105.99,27.83
1057,-23.39,467.9,-110.3,17.85
1058,-67.16,485.07,-111.79,24.09
1059,14.35,814.14,-116.98,13.2
1060,50.97,498.54,-120.1,21.88
1061,-41.35,205.1,-113.35,40.98
1062,-13.22,373.42,-134.32,-4.34
1063,-8.71,616.77,-104.05,41.28
1064,-97.96,463.88,-101.0,44.27
1065,-26.27,617.51,-121.83,20.62
1066,-72.12,307.88,-101.45,41.86
1067,-10.27,697.2,-112.26,17.39
1068,47.17,535.34,-116.32,16.91
1069,-82.23,262.79,-117.47,24.35
1070,81.33,688.03,-116.52,14.66
1071,-14.05,315.31,-103.16,42.65
1072,6.97,541.69,-110.41,27.99
1073,-57.65,331.52,-123.94,3.61
1074,-5.84,653.99,-98.84,34.9
1075,-23.56,643.3,-107.38,24.58
1076,-31.95,344.64,-102.53,33.35
1077,-68.46,647.41,-108.6,18.58
1078,-18.06,565.11,-116.33,5.09
1079,-7.22,284.72,-106.71,20.22
1080,43.37,424.23,-125.71,5.65
1081,-26.11,523.56,-100.83,36.61
1082,0.22,504.59,-96.67,41.82
1083,-75.01,394.62,-110.52,20.05
1084,-36.55,669.81,-110.49,15.57
1085,37.89,611.86,-110.01,23.41
1086,10.19,470.28,-99.43,39.2
1087,-58.99,295.14,-121.93,7.96
1088,-78.26,631.64,-95.1,40.44
1089,-54.54,454.09,-106.03,20.0
1090,52.83,441.99,-105.9,27.39
1091,-7.58,506.86,-103.8,22.95
1092,33.27,851.94,-117.66,14.27
1093,-4.61,324.49,-96.75,45.62
1094,-10.84,386.09,-108.33,27.14
1095,-23.02,566.73,-108.45,15.11
1096,-35.41,463.11,-105.49,32.23
1097,-122.35,340.66,-107.18,22.15
1098,141.09,639.06,-116.54,17.19
1099,-106.85,331.65,-103.82,14.97
1100,-5.47,554.65,-93.07,48.1
1101,24.65,487.76,-103.18,29.92
1102,-44.13,650.53,-118.25,7.64
1103,36.36,846.86,-115.18,26.71
1104,-70.79,165.91,-97.34,39.78
1105,-145.18,426.56,-100.54,38.23
1106,116.8,441.23,-107.35,25.26
1107,-88.13,414.44,-106.57,19.81
1108,-3.73,627.8,-120.23,2.43
1109,62.96,653.66,-104.72,31.11
1110,23.98,473.52,-95.68,43.05
1111,-67.21,616.73,-107.12,18.59
1112,-19.87,529.7,-109.05,22.33
1113,1.31,388.99,-102.53,36.54
1114,-38.39,371.62,-97.19,22.64
1115,-53.63,650.88,-112.34,21.18
1116,43.12,471.9,-93.07,45.1
1117,-32.78,453.99,-107.9,14.95
1118,33.55,493.54,-107.5,30.57
1119,-2.32,515.22,-108.82,16.77
1120,-79.5,449.0,-107.61,21.14
1121,-25.0,843.79,-113.56,6.87
1122,48.05,349.59,-119.44,5.08
1123,-39.41,455.72,-96.38,44.88
1124,-65.71,433.45,-104.62,27.87
1125,-204.94,605.89,-99.98,23.37
1126,74.37,397.99,-131.89,12.12
1127,46.7,596.96,-101.46,39.04
1128,40.68,459.32,-109.28,30.17
1129,-49.5,759.61,-112.53,20.07
1130,2.8,578.55,-114.02,25.61
1131,-27.47,117.27,-120.24,10.22
1132,17.31,589.12,-104.01,40.88
1133,-76.33,571.05,-104.29,24.77
1134,-5.35,423.69,-115.23,14.43
1135,47.0,607.66,-100.24,38.16
1136,-74.24,-334.4,-111.13,13.78
1137,-54.51,-512.49,-117.25,10.16
1138,20.76,-615.28,-101.13,37.75
1139,-46.45,-435.32,-92.27,42.07
1140,-60.07,-475.23,-100.37,23.81
1141,-47.71,-471.4,-101.25,25.5
1142,44.27,-472.21,-118.16,8.11
1143,-38.74,-469.66,-101.53,26.8
1144,-23.55,-455.58,-103.82,41.19
1145,41.34,-498.23,-104.95,30.0
1146,-37.1,-323.32,-113.85,16.14
1147,-129.51,-610.05,-120.69,9.52
1148,7.36,-185.77,-115.06,21.91
1149,61.61,-708.83,-104.21,52.21
1150,-33.51,-562.64,-107.7,31.15
1151,-45.81,-457.3,-94.89,37.73
1152,-24.92,-511.82,-102.84,33.4
1153,-12.62,-391.98,-107.85,19.31
1154,-109.46,-494.56,-92.94,37.93
1155,83.93,-522.29,-107.11,17.1
1156,32.39,-242.27,-107.26,8.7
1157,-25.76,-508.43,-104.55,21.19
1158,-42.12,-566.28,-108.42,13.97
1159,-84.34,-577.69,-86.98,43.72
1160,-58.85,-471.46,-106.35,22.81
1161,10.11,-392.26,-112.3,11.02
1162,26.53,-432.22,-92.31,32.81
1163,-29.2,-528.22,-98.43,20.21
1164,-128.32,-541.56,-91.7,26.72
1165,65.3,-473.89,-103.52,31.22
1166,16.33,-187.15,-105.92,20.21
1167,-10.29,-649.97,-104.28,21.36
1168,-4.66,-581.57,-94.01,35.21
1169,-22.0,-443.53,-97.49,30.65
1170,-24.5,-480.31,-99.98,31.72
1171,-13.41,-466.46,-97.55,27.59
1172,-40.07,-525.03,-95.64,19.58
1173,13.53,-283.61,-99.77,16.87
1174,-16.79,-684.49,-104.54,26.55
1175,-27.87,-471.69,-104.79,18.85
1176,44.62,-152.47,-106.84,10.83
1177,-59.44,-573.03,-107.28,21.09
1178,-50.9,-489.32,-110.53,26.38
1179,-27.39,-500.87,-92.75,47.48
1180,33.33,-550.48,-101.34,29.28
1181,6.74,-584.5,-107.59,19.34
1182,-2.76,-260.79,-101.76,22.22
1183,6.61,-565.07,-107.39,27.8
1184,-45.95,-347.8,-110.01,17.24
1185,-11.54,-500.51,-104.76,22.17
1186,-146.39,-566.32,-102.45,21.97
1187,144.06,-419.8,-100.66,31.54
1188,8.58,-348.88,-104.53,11.46
1189,10.45,-617.04,-106.23,12.96
1190,-102.9,-477.27,-103.76,29.24
1191,51.68,-398.94,-102.01,17.54
1192,-11.97,-498.27,-101.64,23.26
1193,-27.35,-539.7,-105.59,17.22
1194,-42.46,-586.1,-93.11,32.41
1195,3.18,-176.02,-104.05,15.04
1196,-69.62,-437.6,-97.37,18.25
1197,-74.24,-696.31,-95.09,25.1
1198,53.6,-529.15,-108.12,16.25
1199,64.46,-370.91,-106.98,27.47
1200,-181.12,-329.68,-108.05,12.27
1201,8.94,-480.48,-104.38,19.13
1202,83.42,-475.97,-90.63,45.29
1203,4.59,-543.09,-103.85,27.39
1204,-106.39,-441.15,-100.35,17.4
1205,104.49,-496.88,-109.68,10.24
1206,-27.43,-550.7,-97.79,31.69
1207,-12.42,-490.14,-97.65,24.88
1208,-8.14,-467.64,-102.83,24.36
1209,-15.2,-490.49,-104.63,18.17
1210,-3.33,-394.53,-104.2,22.32
1211,11.3,-354.32,-104.66,16.38
1212,-63.78,-615.26,-106.32,13.41
1213,-19.96,-382.32,-102.79,25.68
1214,25.5,-644.97,-101.93,29.19
1215,-88.48,-395.21,-96.97,26.31
1216,85.57,-350.92,-107.17,20.93
1217,-157.07,-594.61,-98.04,32.63
1218,8.3,-367.37,-114.64,4.51
1219,39.15,-477.17,-108.46,19.79
1220,10.11,-367.81,-113.52,8.15
1221,27.93,-573.19,-88.79,43.94
1222,25.19,-586.49,-104.64,30.64
1223,-35.07,-475.83,-94.1,22.78
1224,-10.52,-487.64,-102.63,14.98
1225,-6.68,-403.45,-104.92,12.19
1226,-75.9,-541.93,-104.89,14.12
1227,-4.52,-465.7,-95.35,42.68
1228,-7.63,-541.96,-109.93,24.59
1229,-141.42,-331.66,-103.28,18.57
1230,96.15,-482.84,-109.6,25.46
1231,10.87,-472.51,-99.11,29.68
1232,73.41,-343.26,-111.31,2.57
1233,-63.32,-638.46,-108.33,14.13
1234,-22.4,-464.37,-110.74,27.14
1235,2.47,-374.2,-99.62,32.82
1236,-12.43,-527.3,-104.7,17.12
1237,-22.88,-362.63,-99.97,18.03
1238,-203.17,-575.54,-91.08,27.74
1239,107.91,-506.45,-114.53,-0.61
1240,-10.91,-558.04,-109.32,15.99
1241,-30.09,-586.98,-92.9,37.95
1242,10.94,-314.57,-97.11,25.92
1243,-14.4,-430.74,-112.97,10.7
1244,4.63,-435.12,-96.84,17.6
1245,-73.73,-406.18,-103.79,13.31
1246,72.82,-627.88,-105.49,32.29
1247,-135.39,-430.63,-108.16,15.43
1248,57.11,-449.4,-80.19,57.77
1249,19.97,-361.38,-99.86,24.54
1250,-55.87,-632.27,-100.3,22.08
1251,-48.66,-559.61,-96.23,25.65
1252,93.73,-283.88,-101.33,23.03
1253,-30.99,-602.73,-97.62,28.57
1254,-87.97,-420.25,-91.18,37.99
1255,-74.52,-352.13,-114.04,6.2
1256,61.24,-613.86,-94.22,36.88
1257,-151.18,-304.36,-90.6,22.05
1258,77.97,-737.64,-110.83,6.78
1259,13.42,-348.01,-108.34,11.25
1260,-61.89,-578.29,-89.16,39.25
1261,31.62,-529.06,-102.53,14.19
1262,-98.76,-410.66,-98.03,28.0
1263,-28.2,-445.95,-89.04,34.17
1264,72.08,-464.93,-107.2,8.27
1265,-73.95,-566.28,-101.22,33.69
1266,-18.93,-531.88,-96.8,37.57
1267,-15.56,-466.51,-98.54,25.06
1268,13.83,-313.41,-103.71,8.44
1269,-65.64,-739.4,-107.49,22.72
1270,-54.14,-225.73,-95.24,33.76
1271,52.71,-585.26,-90.26,44.16
1272,-25.32,-670.25,-96.51,32.91
1273,-66.62,-527.4,-106.73,14.47
1274,-112.05,-425.53,-86.99,40.15
1275,-18.71,-459.36,-116.89,-0.81
1276,100.77,-448.11,-89.48,53.04
1277,-3.79,-550.76,-104.6,23.2
1278,-23.18,-291.6,-95.82,23.87
1279,-19.58,-486.35,-95.43,22.21
1280,-65.67,-573.45,-103.03,25.87
1281,-28.64,-550.5,-101.75,12.7
1282,-5.28,-423.18,-97.8,29.35
1283,-4.66,-598.77,-97.83,23.03
1284,-2.51,-314.33,-95.84,23.1
1285,-145.01,-591.15,-83.19,45.95
1286,-45.8,-591.49,-105.25,16.65
1287,-7.91,-365.26,-101.96,14.84
1288,-65.36,-566.52,-89.48,30.29
1289,27.88,-471.72,-109.92,13.15
1290,18.37,-553.11,-99.03,28.35
1291,28.57,-269.86,-97.6,20.84
1292,-40.55,-516.51,-104.22,12.66
1293,-53.88,-331.34,-96.32,27.09
1294,14.26,-675.16,-106.0,31.88
1295,-83.57,-660.35,-104.7,21.89
1296,19.01,-406.06,-101.59,18.38
1297,-62.5,-539.27,-111.49,19.52
1298,-6.14,-559.08,-95.06,40.02
1299,-112.63,-435.31,-90.08,34.51
1300,20.43,-456.68,-100.97,5.54
1301,38.89,-296.51,-91.72,37.35
1302,-28.62,-658.43,-94.2,43.87
1303,-0.63,-600.32,-97.42,27.18
1304,-37.31,-319.66,-98.03,16.11
1305,-18.94,-587.21,-86.83,46.84
1306,19.46,-460.59,-101.9,17.73
1307,-13.93,-377.72,-94.55,28.92
1308,-31.46,-634.52,-92.23,38.36
1309,-63.08,-483.82,-91.91,27.19
1310,-51.95,-458.31,-87.76,39.74
1311,-1.98,-520.64,-97.22,28.19
1312,-80.09,-722.51,-117.18,-13.82
1313,136.47,104.07,-104.32,35.58
1314,-52.04,-749.94,-78.82,53.37
1315,-89.8,-559.07,-88.47,31.43
1316,-125.32,-542.88,-99.06,22.49
1317,100.1,-433.25,-93.26,35.13
1318,-2.25,-535.4,-103.43,14.5
1319,-16.96,-535.73,-94.75,41.08
1320,-10.99,-350.69,-102.65,13.21
1321,33.95,-254.07,-89.95,27.62
1322,-47.79,-646.57,-99.4,22.02
1323,-8.43,-576.65,-91.07,27.08
1324,-22.84,-465.04,-94.56,15.84
1325,-123.29,-537.92,-100.35,16.57
1326,59.58,-529.11,-103.74,15.63
1327,-67.92,-531.8,-106.91,-4.41
1328,59.6,-462.34,-90.69,42.8
1329,-43.36,-456.31,-105.43,1.83
1330,-14.94,-344.75,-96.22,32.03
1331,-101.1,-532.13,-98.75,32.65
1332,47.44,-461.86,-117.65,10.96
1333,-107.19,-422.06,-103.46,17.58
1334,17.67,-504.36,-107.39,14.98
1335,50.51,-598.47,-99.87,40.88
1336,-21.19,-375.86,-97.53,33.27
1337,-146.47,-521.28,-98.91,23.99
1338,77.0,-330.29,-108.76,28.56
1339,28.28,-660.48,-115.81,17.49
1340,-47.56,-453.66,-88.86,53.11
1341,-12.39,-480.45,-97.39,30.81
1342,-24.38,-516.4,-100.86,27.58
1343,-42.27,-560.07,-102.77,22.25
1344,-126.27,-548.85,-108.23,12.3
1345,49.74,-366.32,-105.48,23.77
1346,46.92,-436.75,-112.82,13.03
1347,-29.33,-545.52,-119.12,7.43
1348,32.64,-480.99,-96.23,36.81
1349,-88.1,-512.33,-99.96,20.81
1350,-28.04,-425.07,-104.65,16.89
1351,10.42,-502.78,-104.38,20.32
1352,-42.42,-567.95,-96.15,32.09
1353,0.06,-507.95,-104.9,14.18
1354,-1.72,-442.76,-105.53,20.19
1355,-16.77,-413.13,-113.03,8.03
1356,-23.62,-585.93,-106.59,16.35
1357,-12.24,-371.55,-96.13,29.72
1358,-54.59,-542.96,-114.28,16.3
1359,-47.46,-520.22,-114.2,17.42
1360,104.03,-274.18,-112.51,9.53
1361,-129.79,-727.94,-113.7,-0.65
1362,14.29,-342.02,-96.96,38.53
1363,34.61,-492.98,-108.65,0.4
1364,-29.98,-478.36,-104.22,39.58
1365,-55.92,-434.22,-103.11,29.82
1366,-6.4,-601.88,-113.53,20.75
1367,4.1,-509.74,-107.03,5.46
1368,16.41,-310.35,-108.04,26.71
1369,-78.48,-632.38,-103.0,15.73
1370,-40.85,-571.05,-100.87,23.71
1371,-27.84,-348.63,-103.64,21.86
1372,68.54,-389.51,-103.68,19.71
1373,-28.03,-563.29,-104.71,30.11
1374,-165.91,-513.0,-92.07,32.32
1375,81.0,-478.98,-111.62,14.05
1376,-5.41,-582.53,-110.96,9.83
1377,-7.45,-393.39,-104.96,27.97
1378,-32.44,-553.91,-106.63,10.41
1379,-34.07,-497.44,-102.38,21.71
1380,-115.44,-476.51,-92.52,29.41
1381,46.48,-351.26,-109.23,-3.22
1382,36.7,-589.46,-113.48,20.01
1383,-1.35,-523.19,-94.21,38.52
1384,-11.9,-469.32,-101.5,14.17
1385,-18.41,-372.97,-112.0,1.05
1386,-10.53,-406.16,-105.75,20.37
1387,-158.49,-698.82,-98.88,16.53
1388,78.75,-427.41,-91.09,27.18
1389,-7.84,-522.65,-103.43,20.64
1390,-62.9,-475.42,-96.85,18.7
1391,-25.33,-297.64,-105.46,20.75
1392,-51.96,-659.37,-114.47,11.95
1393,-34.81,-310.7,-114.53,8.56
1394,4.93,-591.22,-104.74,26.22
1395,62.68,-355.02,-106.98,-2.09
1396,-55.93,-656.48,-97.21,27.83
1397,-8.06,-412.99,-125.69,-0.53
1398,-15.56,-447.3,-89.61,41.03
1399,1.65,-384.99,-108.8,20.91
1400,-13.95,-486.45,-118.58,19.03
1401,-92.07,-581.76,-105.31,14.84
1402,34.57,-426.34,-107.65,24.05
1403,-131.07,-560.87,-105.79,21.13
1404,1.26,-571.81,-105.21,16.96
1405,47.61,-454.33,-102.94,21.67
1406,-16.95,-474.12,-104.2,11.06
1407,-27.24,-520.55,-102.37,25.47
1408,28.69,-459.69,-102.52,5.62
1409,-170.68,-306.5,-106.78,29.1
1410,97.71,-515.32,-108.36,34.92
1411,-16.32,-367.5,-100.35,28.72
1412,-45.13,-517.05,-103.58,19.78
1413,-86.24,-611.39,-94.94,28.4
1414,7.32,-580.44,-107.44,19.76
1415,-31.88,-426.63,-96.38,36.05
1416,83.23,-465.04,-116.52,23.29
1417,-58.18,-429.95,-100.54,30.82
1418,-4.98,-512.85,-100.64,31.97
1419,66.2,-305.99,-122.1,12.54
1420,-41.38,-507.05,-104.43,30.99
1421,-119.92,-603.03,-98.88,33.56
1422,28.46,-550.15,-112.73,10.38
1423,32.45,-495.14,-109.35,26.02
1424,4.83,-370.34,-103.05,28.86
1425,-88.82,-649.59,-102.76,35.82
1426,-40.72,-378.33,-96.47,35.8
1427,-58.94,-640.77,-101.78,16.85
1428,91.81,-224.18,-121.14,19.4
1429,-0.75,-466.56,-106.8,33.02
1430,-122.64,-582.26,-97.31,37.77
1431,-13.01,-435.8,-98.6,27.86
1432,10.19,-545.47,-108.94,24.01
1433,-48.27,-518.02,-102.19,16.27
1434,-46.51,-565.73,-106.49,26.56
1435,77.38,-416.04,-119.86,18.05
1436,32.95,-358.07,-105.64,30.31
1437,-73.45,-558.21,-91.82,42.13
1438,-133.74,-298.66,-99.29,26.76
1439,100.27,-569.07,-111.09,27.45
1440,23.17,-561.04,-93.69,30.76
1441,-73.65,-507.27,-104.58,19.89
1442,-58.2,-468.77,-107.68,7.35
1443,51.42,-454.47,-94.9,40.97
1444,-11.48,-450.05,-92.49,35.3
1445,-47.5,-664.19,-96.6,24.07
1446,-36.94,-443.33,-93.4,24.82
1447,1.62,-268.2,-101.65,10.07
1448,-45.34,-554.0,-98.76,19.28
1449,33.28,-401.08,-97.72,21.99
1450,-52.93,-606.25,-110.21,17.03
1451,-25.1,-480.96,-84.75,15.6
1452,-39.06,-429.6,-105.17,17.24
1453,-37.5,-544.19,-102.51,33.81
1454,-82.0,-375.98,-92.28,28.55
1455,71.76,-570.84,-112.34,15.41
1456,-22.62,-607.04,-104.07,22.78
1457,-42.28,-462.8,-103.81,26.93
1458,-132.24,-310.25,-95.76,32.48
1459,131.15,-396.66,-102.82,20.34
1460,7.9,-505.86,-100.26,24.84
1461,-30.42,-677.62,-100.64,28.14
1462,-107.56,-458.2,-99.86,31.37
1463,44.61,-395.97,-106.65,11.72
1464,31.45,-322.84,-107.59,25.73
1465,-16.5,-557.43,-100.29,38.76
1466,-73.66,-592.19,-93.12,40.67
1467,-13.53,-555.82,-98.63,16.93
1468,-96.72,-525.64,-99.41,20.35
1469,-44.47,-413.82,-102.31,28.18
1470,36.97,-333.35,-111.97,18.82
1471,36.81,-481.66,-100.77,39.73
1472,-25.67,-622.47,-90.77,37.0
1473,-189.72,-524.39,-100.58,22.16
1474,145.03,-247.83,-115.05,18.82
1475,-18.73,-660.25,-106.66,30.04
1476,-155.35,-563.34,-102.16,38.03
1477,10.8,-510.18,-100.95,22.55
1478,62.73,-376.25,-97.72,30.35
1479,-4.69,-479.3,-100.11,34.72
1480,-34.08,-393.19,-90.61,32.95
1481,-65.5,-592.54,-92.97,25.8
1482,-43.76,-491.81,-99.7,23.03
1483,-10.73,-398.58,-97.7,24.7
1484,0.32,-363.31,-100.52,30.68
1485,-26.35,-782.71,-110.59,7.61
1486,-28.23,-405.77,-84.77,43.49
1487,-13.37,-463.15,-92.05,34.67
1488,-18.32,-516.76,-104.2,27.08
1489,-5.16,-345.81,-104.93,14.86
1490,-106.26,-560.67,-103.14,20.45
1491,-17.77,-477.91,-92.36,34.82
1492,-58.1,-517.84,-90.59,29.65
1493,95.07,-400.91,-102.07,29.14
1494,-18.47,-550.5,-106.98,23.53
1495,-98.26,-402.5,-103.24,17.94
1496,-19.51,-617.03,-100.05,31.45
1497,3.79,-556.51,-105.0,26.09
1498,16.71,-489.75,-98.26,30.52
1499,-29.52,-259.12,-106.96,15.83
1500,-14.87,-565.9,-109.05,14.3
1501,9.19,-554.15,-95.02,44.01
1502,-83.24,-518.44,-108.65,21.18
1503,-45.53,-445.05,-104.25,38.05
1504,11.84,-533.52,-103.95,32.49
1505,-51.27,-485.47,-98.13,31.3
1506,-36.36,-495.48,-101.94,30.51
1507,-29.05,-527.92,-96.82,26.38
1508,3.85,-524.58,-108.63,16.51
1509,-20.13,-261.55,-101.94,31.88
1510,-2.25,-448.5,-99.93,34.55
1511,-29.2,-504.29,-98.35,23.5
1512,-23.26,-537.57,-96.27,34.61
1513,-52.98,-575.15,-98.89,37.2
1514,-35.1,-530.14,-107.87,16.81
1515,-20.67,-550.98,-102.2,26.73
1516,23.97,-410.21,-100.61,28.16
1517,-50.11,-474.63,-92.09,32.26
1518,-18.49,-387.73,-106.46,23.03
1519,-7.82,-441.5,-115.36,1.28
1520,30.04,-488.25,-95.22,42.78
1521,-72.3,-646.26,-97.78,30.32
1522,-12.7,-552.88,-103.33,29.89
1523,-98.57,-510.96,-100.86,17.77
1524,40.7,-380.39,-96.02,30.91
1525,-105.16,-494.21,-98.99,26.14
1526,36.77,-538.01,-99.74,24.05
1527,-50.26,-498.11,-96.19,29.89
1528,43.93,-330.02,-90.99,30.18
1529,29.69,-540.15,-93.75,26.95
1530,-109.58,-284.91,-86.9,28.37
1531,-53.66,-743.55,-94.82,31.66
1532,-14.56,-477.2,-100.22,31.97
1533,-13.38,-536.01,-88.5,36.22
1534,-72.24,-464.45,-91.34,35.35
1535,15.13,-562.75,-109.76,18.39
1536,23.6,-375.51,-101.24,32.63
1537,-71.11,-527.52,-89.53,32.11
1538,-70.14,-494.85,-102.1,25.15
1539,41.94,-496.84,-101.81,33.02
1540,44.08,-392.13,-95.45,30.87
1541,11.71,-331.94,-96.46,25.02
1542,-162.16,-716.02,-94.8,32.54
1543,74.86,-523.34,-97.74,21.86
1544,0.81,-465.27,-97.64,36.92
1545,-6.55,-429.84,-99.16,37.45
1546,-41.64,-565.44,-95.88,22.99
1547,-68.74,-491.54,-90.69,35.29
1548,41.67,-483.89,-106.62,22.72
1549,-14.17,-239.7,-111.99,-0.32
1550,-348.01,-530.25,-81.93,45.6
1551,262.59,-541.18,-102.29,29.21
1552,17.07,-467.99,-103.21,12.71
1553,19.21,-606.91,-101.79,35.48
1554,-63.45,-565.89,-103.96,26.32
1555,12.76,-337.85,-95.41,34.56
1556,-35.14,-545.46,-103.09,14.56
1557,-44.44,-513.77,-96.69,24.16
1558,13.57,-462.07,-99.7,22.16
1559,-59.7,-532.04,-100.5,18.83
1560,-48.84,-403.33,-96.87,29.86
1561,-24.92,-587.7,-114.25,21.04
1562,-29.68,-186.28,-101.09,24.77
1563,-0.47,-489.0,-90.62,33.99
1564,0.38,-577.16,-98.91,27.48
1565,16.82,-558.67,-102.5,14.73
1566,-28.15,-554.44,-108.09,21.78
1567,-10.74,-511.03,-100.93,20.72
1568,-170.52,-470.41,-102.75,7.47
1569,12.42,-164.93,-131.29,-23.89
1570,122.52,-618.45,-81.9,73.3
1571,7.25,-540.33,-89.26,25.62
1572,-76.48,-584.66,-101.88,18.07
1573,30.35,-301.7,-107.01,19.23
1574,-84.66,-625.86,-91.39,31.14
1575,-20.2,-455.23,-100.87,19.36
1576,26.03,-509.82,-94.59,31.82
1577,-43.85,-529.42,-92.99,28.82
1578,-116.6,-596.87,-103.91,19.03
1579,-131.46,-276.36,-98.8,16.25
1580,188.54,-126.19,-125.08,-3.04
1581,77.69,-731.87,-94.57,48.84
1582,0.66,-589.19,-93.54,38.29
1583,-46.23,-527.79,-98.16,24.87
1584,-35.47,-509.09,-102.84,25.34
1585,-36.16,-612.4,-107.82,18.16
1586,-32.03,-438.09,-103.43,14.6
1587,-6.56,-451.09,-95.62,30.13
1588,-66.91,-520.32,-97.67,7.57
1589,-117.05,-487.07,-100.15,32.14
1590,-135.95,-111.44,-96.2,21.05
1591,187.87,-491.19,-118.46,4.39
1592,43.33,-644.78,-105.93,22.73
1593,3.22,-470.27,-78.46,60.03
1594,-11.14,-594.45,-93.74,24.69
1595,-12.45,-384.47,-89.24,29.8
1596,-80.44,-512.12,-97.58,19.37
1597,-46.77,-501.27,-92.48,20.13
1598,-25.58,-627.3,-99.61,18.09
1599,41.27,-427.97,-100.42,10.0
1600,26.17,-465.98,-101.15,29.01
1601,-26.37,-507.37,-98.94,21.12
1602,-94.76,-536.76,-99.82,24.41
1603,41.3,-362.68,-97.81,24.38
1604,-32.0,-541.59,-98.74,24.26
1605,-31.09,-513.7,-90.97,28.82
1606,-131.94,-536.27,-102.29,-0.66
1607,36.84,-398.85,-107.08,6.9
1608,-85.66,-559.55,-88.46,41.66
1609,79.7,-484.91,-91.41,30.58
1610,-56.72,-404.6,-91.61,25.82
1611,4.49,-519.66,-97.9,16.72
1612,28.93,-488.32,-94.56,24.43
1613,-63.17,-571.41,-100.51,18.04
1614,-58.03,-426.66,-102.43,14.51
1615,83.99,-197.46,-88.64,25.03
1616,-18.11,-577.37,-100.38,16.21
1617,-52.98,-685.25,-103.87,22.76
1618,-89.95,-449.05,-87.92,26.63
1619,4.7,-519.39,-90.15,32.26
1620,-86.62,-391.5,-94.32,20.05
1621,-13.31,-619.4,-88.04,20.83
1622,72.85,-425.63,-97.71,20.77
1623,-59.61,-412.66,-90.05,18.41
1624,-2.3,-505.61,-93.44,15.78
1625,18.09,-447.27,-99.54,25.6
1626,-35.98,-582.81,-80.63,35.37
1627,-2.59,-510.43,-88.67,23.96
1628,-39.02,-490.82,-96.42,13.2
1629,-92.32,-363.43,-102.7,10.16
1630,71.02,-394.59,-95.37,15.02
1631,-10.61,-636.25,-92.24,32.61
1632,-68.0,-452.61,-99.55,23.6
1633,-9.89,-519.95,-95.84,27.3
1634,2.57,-483.54,-90.12,28.56
1635,-17.22,-494.03,-99.7,5.25
1636,-119.22,-487.52,-106.25,15.02
1637,17.54,-338.5,-87.77,25.52
1638,-21.53,-562.33,-90.69,34.84
1639,-11.41,-688.07,-94.17,22.49
1640,-8.25,-273.11,-90.84,10.71
1641,-39.65,-579.83,-80.13,37.26
1642,1.85,-526.71,-95.88,15.78
1643,-13.94,-276.27,-95.4,19.4
1644,-69.78,-640.72,-80.65,32.65
1645,-85.56,-509.64,-94.61,17.19
1646,95.45,-406.08,-107.78,13.23
1647,15.91,-556.78,-96.67,20.34
1648,-169.5,-336.96,-90.89,13.32
1649,85.76,-619.16,-91.95,40.59
1650,22.26,-513.56,-97.18,13.38
1651,-25.68,-531.69,-97.15,10.86
1652,-93.38,-379.8,-84.75,28.08
1653,-2.21,-451.62,-89.41,34.13
1654,5.47,-593.89,-84.86,27.55
1655,-150.39,-447.98,-95.62,12.25
1656,56.45,-622.45,-94.99,26.49
1657,21.54,-380.27,-89.89,23.16
1658,-2.89,-499.87,-96.72,24.69
1659,-201.1,-419.77,-89.23,23.88
1660,130.96,-574.46,-100.93,16.08
1661,-1.03,-584.31,-91.63,22.38
1662,-10.45,-492.17,-101.11,10.08
1663,-16.14,-435.21,-98.89,37.67
1664,-27.64,-499.89,-107.07,8.15
1665,-5.95,-148.82,-102.42,11.42
1666,-133.58,-704.48,-80.65,28.9
1667,40.32,-493.49,-100.33,9.22
1668,-9.64,-562.62,-86.98,31.84
1669,-36.89,-537.22,-92.75,22.66
1670,-32.83,-486.86,-96.15,22.16
1671,55.12,-602.55,-105.05,2.29
1672,-34.93,-44.39,-100.1,-7.15
1673,-87.66,-670.51,-87.2,42.89
1674,51.15,-499.34,-86.98,25.07
1675,-29.69,-630.53,-95.66,5.22
1676,10.53,-385.6,-96.73,24.54
1677,22.61,-444.86,-81.66,25.59
1678,-38.18,-547.07,-97.92,14.88
1679,0.97,-284.31,-105.58,7.54
1680,31.04,-616.27,-103.11,28.8
1681,-137.61,-548.29,-155.69,3.22
1682,-79.43,-429.05,-138.7,-3.41
1683,49.23,-618.56,-62.17,33.13
1684,7.5,-476.54,-62.0,37.18
1685,37.69,-479.49,-82.94,23.77
1686,-23.13,-543.83,-92.0,21.71
1687,-113.13,-337.14,-95.69,-0.25
1688,86.01,-413.12,-80.28,27.73
1689,-77.91,-584.28,-85.91,24.69
1690,-67.0,-516.89,-99.67,6.89
1691,56.12,-263.91,-98.98,3.3
1692,-44.43,-639.91,-92.1,8.04
1693,54.76,-461.33,-102.22,8.67
1694,-35.14,-420.74,-101.64,5.54
1695,-99.8,-592.35,-97.7,27.6
1696,-35.9,-562.25,-82.12,37.61
1697,-17.25,-204.0,-85.65,25.64
1698,27.52,-645.03,-98.8,12.3
1699,-39.51,-568.84,-90.48,8.0
1700,-11.46,-448.41,-88.4,32.14
1701,22.44,-470.42,-88.55,21.29
1702,-31.49,-416.86,-85.59,11.95
1703,-154.26,-464.14,-99.25,9.22
1704,68.46,-676.05,-100.92,11.77
1705,44.17,-381.38,-88.0,32.39
1706,1.34,-288.04,-91.74,13.99
1707,-31.45,-682.78,-97.3,16.76
1708,-32.47,-500.22,-97.36,6.02
1709,-17.27,-407.65,-88.78,21.19
1710,-96.52,-442.63,-88.33,18.41
1711,-52.45,-360.6,-103.88,9.15
1712,39.25,-585.29,-87.63,38.95
1713,-59.67,-694.3,-94.11,11.15
1714,26.0,-318.29,-84.35,31.48
1715,-63.43,-650.97,-100.44,11.63
1716,64.88,-293.93,-99.53,9.49
1717,-68.17,-672.2,-89.84,14.15
1718,-50.85,-403.76,-79.57,34.9
1719,44.38,-369.29,-96.27,10.93
1720,-53.77,-474.34,-100.42,11.3
1721,47.04,-543.59,-93.78,19.96
1722,-146.21,-490.91,-94.28,19.59
1723,75.7,-477.29,-103.66,11.65
1724,-7.7,-562.4,-101.47,17.0
1725,-3.54,-517.59,-99.29,21.08
1726,-12.34,-472.1,-105.38,5.52
1727,-44.89,-465.41,-100.16,15.01
1728,-93.3,-495.02,-105.2,24.44
1729,-7.82,-473.06,-107.21,13.47
1730,34.68,-436.28,-97.32,30.47
1731,7.02,-476.19,-91.4,24.61
1732,-29.26,-318.47,-98.51,3.85
1733,-79.5,-593.2,-115.2,4.73
1734,-21.85,-432.47,-90.55,20.59
1735,44.42,-578.02,-88.98,26.95
1736,-25.23,-603.7,-102.83,1.11
1737,-5.92,-366.93,-103.76,7.45
1738,-80.03,-534.61,-88.94,29.89
1739,-9.62,-409.96,-96.59,13.7
1740,44.36,-436.19,-100.27,7.61
1741,-93.06,-385.25,-103.48,0.27
1742,51.64,-686.44,-101.26,12.18
1743,-26.34,-539.79,-93.53,25.9
1744,-17.24,-470.05,-95.2,16.92
1745,12.72,-293.88,-98.06,12.97
1746,-22.64,-641.81,-99.7,14.77
1747,-9.79,-521.94,-99.24,17.39
1748,-60.19,-398.37,-100.03,16.22
1749,-49.2,-543.49,-103.84,14.6
1750,30.63,-436.16,-100.77,19.52
1751,5.55,-328.73,-100.27,1.53
1752,-118.72,-672.56,-103.9,17.59
1753,45.05,-473.18,-97.36,26.11
1754,-3.72,-556.1,-95.22,14.98
1755,-98.36,-556.05,-105.93,2.69
1756,-42.91,-337.29,-95.04,19.15
1757,90.44,-473.62,-100.66,8.27
1758,-72.53,-608.98,-91.3,21.36
1759,6.34,-474.27,-97.32,16.4
1760,-8.12,-507.87,-99.33,4.5
1761,-80.43,-441.28,-102.73,6.72
1762,18.09,-474.29,-116.87,-14.13
1763,110.23,-306.44,-105.62,17.92
1764,-21.01,-608.92,-85.4,28.13
1765,-34.57,-584.22,-98.29,9.87
1766,-85.95,-358.62,-94.88,-1.0
1767,17.26,-505.28,-97.31,0.33
1768,39.02,-439.42,-102.78,-5.88
1769,-162.44,-451.09,-96.28,11.56
1770,48.95,-593.69,-118.5,-9.79
1771,22.54,-444.28,-88.25,33.81
1772,-12.39,-525.84,-101.51,16.64
1773,-46.86,-483.25,-97.54,10.15
1774,-4.76,-372.15,-104.0,8.25
1775,-44.71,-636.02,-98.0,17.86
1776,-9.99,-510.13,-101.34,16.79
1777,-149.33,-522.53,-98.64,13.29
1778,-18.21,-271.07,-125.83,-43.95
1779,57.23,-521.43,-81.83,64.37
1780,36.54,-550.12,-86.28,31.19
1781,-21.91,-455.52,-90.16,19.6
1782,-0.25,-384.9,-104.17,8.62
1783,-6.75,-566.27,-91.45,27.58
1784,-26.26,-537.14,-96.42,17.15
1785,-10.31,-500.52,-90.93,19.89
1786,-26.23,-504.6,-91.17,25.18
1787,-21.9,-494.58,-92.61,18.82
1788,-20.62,-496.43,-96.7,17.33
1789,-163.52,-494.26,-85.9,23.28
1790,-126.47,-378.34,-85.32,10.16
1791,-46.62,-464.51,-110.13,-12.98
1792,249.5,-191.65,-113.54,1.97
1793,14.61,-588.05,-80.47,58.77
1794,33.37,-551.0,-100.73,21.53
1795,-64.91,-608.37,-103.87,9.19
1796,34.44,-407.76,-89.48,42.85
1797,35.44,-450.86,-104.33,7.97
1798,-60.61,-378.12,-92.3,26.34
1799,-32.11,-557.65,-95.4,16.47
1800,-32.75,-526.41,-99.3,13.05
1801,-26.95,-505.27,-96.79,23.22
1802,-22.1,-597.71,-101.46,21.36
1803,-42.47,-451.89,-94.76,19.99
1804,-5.54,-373.4,-98.64,17.13
1805,-11.06,-532.14,-97.91,12.77
1806,-1.14,-541.12,-96.06,20.22
1807,1.9,-400.46,-95.34,14.2
1808,-216.3,-564.08,-93.8,17.61
1809,62.2,-488.42,-103.55,13.3
1810,47.0,-502.1,-91.23,27.21
1811,21.81,-373.74,-98.42,20.51
1812,-207.49,-536.4,-93.9,10.09
1813,-4.28,-586.62,-112.74,8.44
1814,106.4,-51.63,-93.3,26.82
1815,21.75,-550.08,-86.67,28.4
1816,37.82,-730.85,-102.74,22.67
1817,-47.73,-483.16,-106.22,4.14
1818,-35.96,-426.58,-111.03,6.51
1819,-47.17,-589.72,-92.35,52.77
1820,43.74,-445.84,-89.32,38.35
1821,6.54,-423.46,-96.27,30.4
1822,-17.83,-566.7,-96.63,26.91
1823,-66.06,-481.43,-103.65,17.04
1824,-99.29,-432.62,-97.96,29.55
1825,50.15,-628.74,-109.7,18.62
1826,45.31,-296.03,-103.2,16.69
1827,-88.83,-516.3,-92.21,28.44
1828,-26.16,-393.64,-91.69,27.67
1829,-51.28,-589.36,-90.4,37.2
1830,86.11,-438.71,-96.83,20.66
1831,4.28,-593.71,-93.41,20.98
1832,-43.15,-566.54,-98.67,20.89
1833,-39.39,-505.39,-102.34,8.61
1834,-56.08,-403.86,-100.79,17.08
1835,-114.03,-451.79,-94.33,42.86
1836,144.24,-380.05,-107.61,23.54
1837,-1.03,-422.58,-107.41,9.35
1838,-38.02,-674.45,-104.56,18.01
1839,39.51,-581.78,-98.25,29.52
1840,-47.77,-454.37,-105.83,16.34
1841,-8.84,-453.16,-89.0,40.29
1842,33.21,-373.33,-98.74,21.1
1843,7.34,-482.42,-92.25,30.99
1844,-226.76,-571.46,-90.04,26.07
1845,77.94,-545.12,-95.83,19.03
1846,-6.31,-416.41,-105.02,16.08
1847,6.2,-489.32,-100.74,22.14
1848,-32.61,-477.67,-104.72,14.43
1849,-114.72,-439.52,-89.52,21.56
1850,55.71,-547.91,-89.6,29.11
1851,-11.72,-566.86,-83.41,43.57
1852,18.72,-307.94,-97.7,13.44
1853,-61.76,-541.35,-95.3,28.08
1854,23.82,-574.48,-91.95,28.18
1855,-63.6,-573.47,-96.06,31.25
1856,-57.28,-375.62,-95.41,28.37
1857,-107.0,-592.21,-99.91,11.8
1858,6.8,-194.74,-105.88,3.16
1859,111.31,-537.02,-92.12,38.29
1860,-47.7,-562.45,-91.35,38.02
1861,-100.5,-539.45,-91.12,34.79
1862,71.85,-554.74,-94.78,15.35
1863,23.48,-402.19,-93.15,17.91
1864,-15.27,-556.14,-92.0,21.86
1865,-24.66,-414.63,-101.04,14.76
1866,-158.06,-435.36,-104.98,-6.34
1867,109.51,-645.65,-92.93,42.55
1868,12.91,-443.75,-93.09,36.09
1869,-161.79,-462.41,-104.52,17.25
1870,88.27,-481.17,-98.8,27.11
1871,-32.88,-532.17,-90.66,21.28
1872,-2.1,-531.31,-91.74,27.73
1873,-29.81,-504.08,-94.04,26.12
1874,4.36,-491.11,-95.88,18.98
1875,-18.8,-488.6,-93.07,19.54
1876,-49.92,-526.8,-94.55,14.33
1877,-386.42,-551.89,-84.51,15.51
1878,168.7,145.98,-146.06,-50.68
1879,195.74,-571.39,-90.4,55.48
1880,4.38,-728.7,-88.67,38.87
1881,-4.61,-581.01,-79.52,29.56
1882,-17.42,-532.06,-89.79,18.13
1883,-35.38,-564.94,-91.93,15.65
1884,-41.74,-547.75,-91.72,9.64
1885,-6.82,-324.01,-85.91,23.18
1886,-20.47,-539.76,-89.71,12.61
1887,-18.1,-521.92,-92.01,14.08
1888,-9.15,-512.99,-93.64,12.79
1889,-14.3,-506.15,-95.12,4.67
1890,-18.82,-492.33,-89.95,18.22
1891,-60.12,-498.41,-90.2,16.98
1892,-297.88,-438.75,-87.57,11.49
1893,200.96,-319.35,-107.85,-13.35
1894,104.39,-386.0,-116.35,-4.97
1895,-12.38,-551.7,-78.84,48.22
1896,-34.34,-726.27,-98.4,17.5
1897,-21.04,-346.23,-84.11,31.73
1898,-80.69,-458.44,-84.54,18.4
1899,-13.75,-287.48,-115.65,-12.16
1900,96.02,-604.85,-85.2,33.15
1901,14.31,-362.79,-94.51,23.79
1902,-176.69,-343.23,-96.08,14.5
1903,69.72,-818.07,-91.06,19.64
1904,-20.1,-571.89,-91.06,16.49
1905,-3.23,-464.32,-92.07,8.38
1906,-13.86,-502.07,-96.7,15.35
1907,-19.06,-516.34,-91.64,16.82
1908,-1.23,-475.4,-93.6,18.31
1909,-5.51,-500.25,-93.08,14.28
1910,-83.65,-493.07,-98.01,7.36
1911,28.92,-377.78,-91.15,14.54
1912,-16.62,-440.26,-96.07,9.27
1913,-14.39,-455.88,-95.45,18.56
1914,1.32,-627.98,-96.98,21.19
1915,-25.18,-491.91,-97.85,12.98
1916,-15.53,-447.24,-102.59,6.85
1917,-244.57,-553.26,-103.32,-16.26
1918,122.58,-385.67,-85.47,33.86
1919,51.48,-301.38,-99.37,4.63
1920,69.77,-526.05,-82.91,34.28
1921,-46.58,-648.87,-86.19,23.36
1922,-42.08,-575.11,-97.2,9.61
1923,-8.49,-477.5,-87.3,17.31
1924,-27.48,-462.95,-100.45,5.49
1925,-100.82,-548.46,-98.91,10.52
1926,24.21,-424.66,-99.91,20.56
1927,-39.92,-418.61,-80.66,34.14
1928,85.19,-542.79,-94.51,9.67
1929,-72.02,-577.71,-97.79,13.47
1930,29.69,-343.63,-96.08,15.04
1931,17.98,-287.94,-94.63,10.55
1932,-0.81,-689.78,-94.61,20.7
1933,6.59,-408.58,-101.5,4.5
1934,-31.22,-519.91,-100.42,10.15
1935,-132.02,-343.6,-108.46,-18.65
1936,-3.74,-634.27,-92.12,38.69
1937,-51.28,-473.16,-89.27,33.76
1938,56.66,-347.2,-86.4,20.48
1939,45.39,-489.3,-95.21,18.27
1940,-55.27,-622.7,-93.15,15.38
1941,39.98,-453.33,-98.48,15.46
1942,21.24,-522.35,-102.56,11.24
1943,-28.36,-526.82,-103.41,10.0
1944,-4.09,-466.72,-94.8,12.04
1945,-31.44,-495.07,-89.56,26.58
1946,2.6,-374.87,-95.33,17.02
1947,-71.71,-588.17,-108.14,-2.27
1948,-157.71,-490.07,-83.9,31.91
1949,-50.6,-507.12,-103.98,11.78
1950,189.19,-292.9,-108.86,3.32
1951,-70.25,-507.59,-95.33,24.92
1952,-53.05,-529.84,-93.61,29.0
1953,71.62,-502.82,-94.15,25.28
1954,4.93,-412.58,-98.82,8.33
1955,-21.07,-556.17,-106.07,4.16
1956,-32.56,-190.04,-111.94,-20.57
1957,-170.88,-594.43,-97.47,16.91
1958,161.12,-371.92,-85.08,35.38
1959,1.19,-623.01,-92.17,35.4
1960,-13.14,-501.43,-95.68,17.16
1961,-100.08,-511.06,-100.0,11.69
1962,-34.71,-576.59,-98.67,16.48
1963,63.98,-312.83,-103.84,1.69
1964,-32.74,-594.12,-89.64,23.62
1965,-20.06,-577.69,-89.16,11.98
1966,-25.59,-421.07,-102.65,11.36
1967,-28.34,-556.23,-94.01,14.84
1968,3.36,-343.4,-89.59,30.67
1969,-22.03,-609.45,-98.37,14.16
1970,-62.31,-429.57,-91.02,26.68
1971,-86.92,-486.28,-93.58,14.66
1972,101.16,-314.46,-104.17,8.75
1973,-72.01,-634.41,-97.64,6.09
1974,-36.77,-312.24,-95.72,15.12
1975,60.28,-530.48,-98.2,31.0
1976,-0.99,-576.61,-97.75,20.59
1977,-23.11,-669.33,-101.32,8.15
1978,13.21,-265.96,-96.86,28.59
1979,-22.68,-560.68,-99.48,14.1
1980,-21.58,-214.46,-97.95,10.74
1981,-85.78,-686.27,-91.06,9.92
1982,65.73,-257.04,-95.22,6.39
1983,-108.26,-822.61,-84.7,27.58
1984,-5.05,-464.03,-100.73,17.76
1985,21.45,-498.08,-107.36,0.04
1986,1.83,-366.38,-96.65,27.46
1987,5.25,-430.79,-86.29,26.99
1988,-226.94,-392.8,-102.99,8.06
1989,135.54,-637.76,-104.31,14.11
1990,68.12,-341.12,-96.14,26.21
1991,-4.16,-533.11,-93.46,10.22
1992,-85.83,-585.2,-91.81,30.23
1993,0.01,-417.0,-94.38,24.94
1994,-69.25,-568.64,-101.73,13.09
1995,-18.13,-390.05,-105.67,9.22
1996,0.19,-524.52,-88.39,21.35
1997,42.19,-359.64,-93.11,32.18
1998,-9.75,-534.52,-106.03,7.94
1999,-49.96,-578.34,-100.5,21.03
2000,-42.96,-387.39,-102.27,11.99
2001,-23.77,-652.71,-105.32,8.61
2002,-64.14,-424.6,-91.37,22.14
2003,55.6,-444.65,-95.56,13.0
2004,17.98,-435.82,-96.71,14.76
2005,-63.07,-389.19,-109.64,-13.42
2006,-18.89,-572.94,-94.9,28.85
2007,27.91,-513.14,-92.62,13.65
2008,14.86,-390.34,-95.88,7.26
2009,12.66,-575.65,-94.98,6.48
2010,-33.3,-528.48,-97.89,6.65
2011,-10.74,-515.78,-95.74,12.96
2012,-95.14,-743.98,-108.33,-6.85
2013,-237.61,-168.42,-96.5,11.47
2014,174.58,-337.81,-96.72,3.28
2015,48.42,-553.02,-85.15,38.94
2016,4.63,-513.92,-102.94,11.06
2017,-44.55,-410.99,-101.93,-3.32
2018,1.41,-522.78,-101.48,18.25
2019,-0.23,-504.33,-98.56,16.57
2020,-21.13,-560.25,-99.03,11.22
2021,-8.12,-515.01,-98.2,12.27
2022,-52.21,-581.81,-104.87,-3.31
2023,-168.92,-467.04,-113.27,-16.27
2024,12.02,2.27,-77.93,12.83
2025,50.19,-551.14,-105.06,15.71
2026,32.73,-623.46,-97.45,26.62
2027,17.36,-549.51,-94.56,30.19
2028,17.1,-389.49,-100.26,14.22
2029,-31.12,-628.74,-96.81,24.28
2030,-14.79,-496.87,-100.5,15.82
2031,-28.08,-489.25,-100.11,12.14
2032,-19.37,-514.95,-104.95,9.86
2033,-23.0,-496.42,-95.04,13.39
2034,-26.82,-490.04,-93.99,12.84
2035,-20.66,-501.19,-90.41,12.98
2036,-37.08,-499.67,-92.23,15.54
2037,-56.96,-504.25,-91.06,10.02
2038,-260.79,-437.35,-86.73,6.78
2039,42.94,-319.85,-116.67,-17.91
2040,176.67,-425.41,-96.76,8.14
2041,-94.07,-538.18,-98.44,28.92
2042,66.49,-529.82,-90.86,29.19
2043,10.95,-504.98,-102.38,2.39
2044,-57.85,-636.13,-88.48,22.91
2045,-35.41,-379.96,-102.75,1.02
2046,-61.89,-311.93,-91.01,22.06
2047,47.37,-300.27,-103.49,-4.0
2048,14.16,-693.28,-90.49,28.28
2049,41.11,-452.09,-95.72,18.57
2050,-62.82,-617.15,-92.07,9.85
2051,10.62,-432.46,-96.69,9.56
2052,-31.2,-526.2,-95.95,14.12
2053,-22.28,-533.18,-96.91,18.67
2054,-20.95,-494.97,-98.16,10.36
2055,-23.89,-500.07,-94.34,11.6
2056,-54.89,-516.46,-94.78,11.91
2057,-41.52,-351.48,-104.54,11.11
2058,-197.93,-606.23,-100.27,17.26
2059,162.9,-412.7,-114.96,-0.76
2060,-5.77,-327.43,-94.42,20.46
2061,28.97,-492.49,-106.6,11.89
2062,-88.63,-747.52,-102.74,14.76
2063,-17.68,-220.27,-115.63,-2.98
2064,6.69,-456.11,-105.88,11.03
2065,-27.73,-620.23,-84.35,46.74
2066,56.02,-461.27,-102.99,22.42
2067,43.62,-295.44,-103.28,9.91
2068,-37.57,-637.77,-107.62,20.06
2069,-19.63,-557.42,-102.46,12.49
2070,-76.2,-489.44,-98.51,6.29
2071,-13.9,-469.46,-97.38,3.79
2072,-21.07,-539.29,-96.59,17.27
2073,-45.57,-453.34,-104.0,14.8
2074,32.55,-490.4,-113.26,6.92
2075,-12.65,-432.12,-105.02,6.68
2076,38.52,-536.14,-101.39,12.6
2077,-52.98,-542.25,-105.8,9.48
2078,18.37,-480.4,-103.49,14.31
2079,-31.22,-513.74,-104.12,9.81
2080,-17.58,-394.1,-106.62,9.93
2081,-13.06,-342.53,-108.28,1.13
2082,-175.23,-685.11,-109.51,-7.69
2083,-201.05,-62.57,-105.32,8.43
2084,157.83,-844.7,-113.13,25.48
2085,50.59,-460.66,-92.75,30.21
2086,51.52,-456.72,-96.11,25.32
2087,-72.05,-559.78,-94.03,16.0
2088,36.3,-407.43,-100.02,10.34
2089,17.29,-334.65,-103.46,2.03
2090,-60.83,-541.45,-93.9,22.01
2091,-18.74,-569.63,-89.04,26.68
2092,-86.64,-493.7,-96.37,8.78
2093,83.68,-258.07,-112.5,-5.82
2094,-12.37,-625.12,-86.05,36.64
2095,-25.01,-480.92,-100.95,15.21
2096,-80.7,-526.02,-99.96,19.25
2097,20.17,-485.31,-106.24,8.29
2098,-51.09,-554.97,-104.33,7.33
2099,-89.42,-456.02,-89.8,15.83
2100,-3.03,-389.14,-109.82,9.21
2101,79.06,-378.58,-99.04,23.23
2102,-53.27,-658.21,-95.7,24.89
2103,-78.56,-463.74,-104.02,3.65
2104,-11.52,-378.24,-113.02,10.64
2105,27.16,-634.23,-91.02,30.77
2106,-68.24,-528.73,-102.13,-0.55
2107,-36.86,-395.9,-83.48,30.94
2108,-6.5,-543.02,-100.65,-1.89
2109,-66.06,-283.37,-87.55,29.6
2110,85.42,-489.93,-87.1,26.43
2111,-0.73,-480.25,-94.94,24.29
2112,5.35,-465.98,-100.01,14.88
2113,-32.67,-559.12,-95.47,17.58
2114,-37.07,-444.3,-95.34,1.63
2115,-143.76,-514.01,-103.36,8.41
2116,103.12,-501.94,-106.66,27.55
2117,18.45,-462.07,-91.53,32.63
2118,-66.64,-559.75,-107.74,18.71
2119,44.84,-285.68,-103.94,10.72
2120,-137.94,-651.94,-106.59,13.21
2121,0.12,-166.8,-102.87,17.72
2122,32.94,-721.85,-89.97,28.2
2123,23.39,-589.82,-102.76,16.52
2124,-43.68,-452.97,-82.17,44.1
2125,-1.59,-521.82,-105.87,-1.71
2126,2.17,-499.73,-101.37,11.08
2127,-87.68,-487.48,-97.25,3.46
2128,0.18,-506.56,-99.27,14.13
2129,10.81,-391.53,-87.41,33.3
2130,9.78,-237.68,-100.95,8.95
2131,-10.62,-634.46,-91.7,20.25
2132,-37.56,-458.21,-93.39,17.92
2133,-54.57,-593.18,-107.34,10.37
2134,-18.15,-598.68,-100.18,7.21
2135,7.72,-358.88,-99.24,29.01
2136,13.99,-424.29,-107.01,1.74
2137,-55.49,-523.44,-87.43,23.44
2138,72.75,-391.14,-87.65,25.78
2139,-53.45,-532.35,-96.82,12.86
2140,3.62,-303.08,-95.34,12.75
2141,-56.72,-623.14,-97.1,14.89
2142,-8.28,-570.44,-95.52,17.36
2143,-8.68,-400.18,-99.04,15.15
2144,-46.76,-622.73,-105.45,12.54
2145,-36.49,-381.61,-101.26,18.97
2146,28.52,-402.37,-89.03,34.21
2147,29.97,-581.24,-97.31,23.42
2148,-31.45,-520.87,-98.87,13.14
2149,-0.88,-414.13,-91.71,27.83
2150,-57.32,-526.21,-97.64,24.13
2151,2.54,-503.92,-94.76,15.0
2152,-135.52,-343.64,-104.84,2.32
2153,-41.49,-428.09,-124.85,-23.84
2154,112.42,-519.13,-82.95,45.35
2155,66.3,-471.12,-76.74,54.26
2156,-24.89,-508.36,-84.44,25.64
2157,-23.65,-497.31,-89.26,14.38
2158,-37.37,-532.17,-89.48,18.46
2159,-12.9,-497.38,-91.1,22.44
2160,-19.35,-498.88,-89.66,15.86
2161,-31.99,-503.4,-91.09,25.26
2162,-267.46,-457.19,-90.89,11.11
2163,-28.38,-193.27,-109.81,-2.31
2164,238.29,-502.58,-103.46,23.03
2165,3.93,-612.51,-88.83,40.86
2166,-52.9,-628.32,-94.11,18.58
2167,-20.36,-445.01,-92.1,29.78
2168,17.5,-501.14,-100.4,14.69
2169,-18.67,-479.04,-96.55,19.23
2170,21.86,-355.36,-101.58,8.07
2171,-63.16,-600.97,-98.28,19.03
2172,-61.96,-572.78,-106.19,8.91
2173,-183.39,-117.06,-86.68,14.84
2174,80.56,-312.62,-96.33,8.96
2175,77.12,-751.22,-106.36,18.27
2176,-0.52,-501.5,-94.15,30.7
2177,-23.02,-567.35,-99.91,10.83
2178,34.98,-313.82,-100.96,14.21
2179,-35.66,-578.61,-90.22,28.38
2180,-13.78,-500.11,-91.7,20.96
2181,-15.78,-523.82,-97.3,11.89
2182,-107.68,-478.88,-94.67,14.06
2183,-29.4,-293.04,-96.29,15.77
2184,-27.59,-578.35,-96.97,13.04
2185,53.37,-558.84,-92.01,28.83
2186,-66.46,-500.38,-108.42,3.39
2187,-107.47,-503.66,-112.04,1.28
2188,142.27,-134.47,-103.58,17.93
2189,-8.72,-700.32,-85.5,36.29
2190,-64.35,-631.7,-100.69,5.65
2191,43.03,-309.77,-96.47,15.31
2192,-35.79,-525.28,-97.82,18.55
2193,3.18,-442.92,-81.27,43.93
2194,-51.25,-388.88,-90.08,23.65
2195,10.55,-551.78,-98.39,17.33
2196,-61.81,-474.9,-104.62,13.28
2197,22.14,-385.01,-102.26,21.04
2198,-72.45,-600.6,-101.63,19.36
2199,27.35,-467.29,-91.41,32.48
2200,-11.8,-606.24,-95.46,23.54
2201,-16.25,-260.85,-106.01,18.88
2202,41.5,-430.75,-110.09,8.23
2203,-12.41,-585.65,-87.36,44.93
2204,-95.26,-473.65,-99.27,14.93
2205,59.81,-375.32,-91.67,28.1
2206,9.19,-530.41,-93.5,30.09
2207,5.35,-327.23,-103.07,8.82
2208,-78.14,-561.73,-96.1,30.43
2209,54.49,-410.7,-107.59,13.44
2210,-45.68,-506.08,-100.94,26.15
2211,-128.33,-451.53,-99.38,24.7
2212,94.61,-586.88,-95.81,34.52
2213,-11.82,-521.86,-96.79,23.42
2214,-15.99,-566.64,-110.52,4.35
2215,-58.66,-293.32,-102.43,13.34
2216,23.47,-446.27,-99.91,24.53
2217,-29.63,-616.76,-86.19,26.46
2218,-1.41,-298.14,-92.69,11.24
2219,67.92,-227.44,-127.4,3.76
2220,-148.09,-804.87,-105.45,29.66
2221,3.98,-539.65,-101.81,7.38
2222,-6.6,36.73,-114.82,19.96
2223,-12.78,-809.29,-202.89,-25.26
2224,19.44,-352.82,-247.63,-56.31
2225,37.09,-588.88,-36.25,18.93
2226,-17.35,-483.17,-52.2,41.67
2227,-175.65,-549.3,-65.8,42.35
2228,26.03,-320.76,-87.95,30.29
2229,57.05,-510.47,-93.52,25.54
2230,27.24,-484.83,-110.71,16.33
2231,-53.38,-568.42,-105.3,23.54
2232,-33.55,-433.22,-76.04,9.89
2233,-34.91,-521.65,-98.39,17.54
2234,-89.45,-342.88,-99.39,12.13
2235,20.52,-629.36,-98.93,25.29
2236,-45.96,-501.36,-105.26,11.39
2237,9.67,-517.97,-102.28,20.51
2238,-5.98,-428.17,-101.1,13.0
2239,-16.16,-443.69,-102.36,11.5
2240,-29.56,-641.62,-90.51,24.2
2241,-32.26,-534.59,-116.56,-3.5
2242,59.46,-17.18,-112.84,5.7
2243,-31.08,-585.59,-109.02,11.52
2244,-4.85,-546.99,-92.62,32.55
2245,-136.04,-645.51,-95.54,26.35
2246,15.74,-449.53,-111.43,-4.24
2247,-35.04,-444.72,-88.76,23.07
2248,2.88,-577.28,-91.39,28.0
2249,-4.8,-528.34,-104.06,15.59
2250,-106.74,-452.56,-83.99,25.94
2251,81.09,-459.8,-100.08,10.17
2252,-10.4,-553.49,-104.44,16.01
2253,-9.36,-481.87,-100.61,16.2
2254,-84.22,-521.72,-95.54,21.67
2255,-12.23,-79.74,-111.0,-6.62
2256,8.44,-744.86,-98.32,24.02
2257,-133.98,-729.59,-115.46,-4.06
2258,32.52,-264.01,-86.1,33.09
2259,-1.39,-549.91,-99.98,23.33
2260,-14.56,-540.16,-88.68,28.19
2261,-24.5,-467.55,-97.33,7.22
2262,2.17,-561.44,-110.74,-3.44
2263,-116.68,-135.02,-95.51,14.63
2264,89.5,-519.36,-96.52,24.59
2265,10.1,-667.27,-105.66,10.66
2266,-30.36,-525.6,-87.91,40.12
2267,-17.35,-529.92,-99.1,21.95
2268,-65.04,-405.68,-107.26,3.29
2269,39.2,-662.59,-96.51,20.81
2270,-10.16,-396.55,-93.8,27.92
2271,-56.68,-511.98,-104.81,12.32
2272,-74.87,-466.53,-102.45,17.56
2273,45.64,-536.61,-89.93,25.5
2274,-9.88,-436.18,-100.16,10.35
2275,49.81,-141.25,-96.87,12.24
2276,-16.15,-718.06,-102.1,20.78
2277,-68.15,-537.08,-81.86,31.97
2278,-16.2,-580.65,-104.81,13.66
2279,24.58,-512.27,-109.74,9.27
2280,-0.75,-453.52,-98.17,23.21
2281,-23.52,-509.78,-88.84,31.44
2282,-72.77,-360.93,-122.77,-17.22
2283,-20.19,-238.07,-93.88,28.11
2284,-0.7,-697.29,-91.04,34.5
2285,-1.59,-610.96,-101.29,8.57
2286,-10.52,-474.85,-99.86,18.91
2287,-11.01,-515.56,-102.03,17.05
2288,-50.72,-450.49,-87.83,18.76
2289,-129.73,-538.71,-110.14,1.66
2290,148.13,-357.87,-101.96,22.2
2291,-0.11,-535.82,-97.64,24.04
2292,-34.98,-552.55,-98.77,21.87
2293,-28.71,-420.68,-100.33,11.67
2294,3.16,-283.31,-106.66,-6.22
2295,-72.12,-634.85,-95.09,26.61
2296,10.52,-559.39,-104.53,2.45
2297,25.9,-480.41,-88.42,23.37
2298,-38.96,-497.32,-92.91,17.73
2299,-63.45,-250.47,-97.36,13.75
2300,3.98,-680.75,-92.45,10.05
2301,-1.14,-497.23,-101.37,10.83
2302,-62.26,-478.79,-103.05,2.71
2303,32.29,-341.69,-99.49,8.68
2304,-127.73,-578.7,-75.62,30.51
2305,5.16,-581.96,-95.26,11.2
2306,49.4,-494.81,-100.79,13.1
2307,14.98,-507.72,-103.87,9.01
2308,-79.4,-438.86,-106.83,0.93
2309,30.47,-368.67,-93.81,20.23
2310,13.01,-479.86,-95.5,6.92
2311,10.42,-476.36,-103.01,4.24
2312,-103.86,-576.42,-119.51,-25.25
2313,-278.59,-462.0,-76.29,47.98
2314,251.65,-476.59,-92.93,27.19
2315,20.04,-485.27,-106.77,1.57
2316,-76.67,-507.09,-99.1,7.91
2317,21.17,-346.78,-109.21,16.09
2318,21.95,-502.94,-95.03,40.42
2319,15.4,-502.82,-101.67,9.85
2320,-28.2,-579.7,-98.09,18.85
2321,-14.73,-509.16,-100.68,13.33
2322,-15.4,-472.44,-110.1,9.81
2323,-29.27,-425.34,-111.95,3.99
2324,-47.75,-528.1,-91.36,34.8
2325,-29.47,-510.04,-100.09,19.93
2326,-72.29,-559.71,-103.32,25.74
2327,22.95,-277.22,-99.6,13.49
2328,-25.21,-518.92,-106.23,9.56
2329,17.84,-599.34,-100.93,23.7
2330,-12.32,-446.04,-90.26,34.52
2331,-5.6,-524.61,-96.51,15.77
2332,1.67,-507.95,-99.12,12.28
2333,-23.45,-486.78,-90.78,24.75
2334,-70.17,-590.92,-107.97,-3.86
2335,-296.93,-60.18,-120.79,-28.34
2336,194.03,-612.9,-93.79,70.57
2337,69.99,-409.65,-98.44,17.14
2338,37.67,-529.72,-105.98,20.01
2339,-25.34,-536.15,-107.54,13.49
2340,7.58,-483.34,-108.46,11.96
2341,11.67,-444.62,-98.02,19.79
2342,-38.55,-654.16,-95.34,24.8
2343,-23.46,-406.82,-109.02,10.62
2344,-25.86,-512.53,-98.66,14.34
2345,-27.4,-503.52,-96.77,28.62
2346,-29.15,-501.49,-97.81,18.82
2347,-27.18,-470.41,-103.05,14.58
2348,8.45,-357.44,-102.4,19.46
2349,-16.73,-471.04,-105.6,4.83
2350,-39.31,-478.57,-113.98,0.56
2351,-90.53,-538.28,-91.28,25.48
2352,-57.8,-713.71,-106.33,2.31
2353,7.41,-262.94,-114.19,-5.45
2354,56.44,-576.17,-95.53,31.22
2355,-80.0,-412.28,-92.1,22.22
2356,19.49,-480.48,-96.19,16.48
2357,-85.89,-265.38,-109.1,0.29
2358,-23.24,-677.87,-104.44,4.4
2359,37.29,-363.75,-105.06,7.92
2360,-0.63,-616.35,-109.71,9.63
2361,23.89,-451.78,-95.06,25.2
2362,-26.14,-538.01,-105.05,18.68
2363,-45.68,-523.19,-101.01,4.99
2364,-35.51,-467.31,-111.59,-3.31
2365,38.78,-374.9,-97.36,21.76
2366,-43.67,-593.45,-102.84,10.5
2367,-41.51,-442.87,-98.32,10.85
2368,17.14,-462.03,-104.13,10.7
2369,-48.27,-448.2,-107.66,11.28
2370,-113.41,-489.15,-98.55,11.78
2371,56.81,-358.22,-95.66,19.07
2372,-8.69,-570.65,-103.06,10.88
2373,-5.53,-548.7,-96.38,17.65
2374,-4.93,-508.23,-102.47,11.45
2375,41.17,-399.97,-116.73,4.33
2376,-14.34,-518.38,-99.5,25.68
2377,-24.14,-452.87,-101.39,11.1
2378,-183.01,-393.27,-88.82,16.09
2379,150.46,-485.98,-113.26,-1.16
2380,35.47,-578.92,-100.74,14.4
2381,-40.13,-539.24,-106.65,12.22
2382,-31.02,-497.81,-95.24,18.67
2383,-37.48,-504.87,-96.51,12.28
2384,-49.87,-512.66,-101.51,2.85
2385,-31.11,-464.03,-98.61,17.87
2386,34.93,-469.61,-94.42,22.27
2387,-51.37,-331.74,-105.73,1.61
2388,-85.58,-499.86,-90.6,22.64
2389,53.38,-487.18,-98.69,17.61
2390,34.22,-546.28,-98.88,15.78
2391,-88.92,-511.43,-103.56,19.76
2392,-68.5,-452.38,-109.56,-7.89
2393,77.31,-527.48,-107.72,14.05
2394,24.51,-161.26,-98.16,26.5
2395,5.23,-581.79,-94.49,27.13
2396,-162.33,-507.67,-83.84,31.43
2397,74.0,-574.05,-105.75,13.69
2398,0.92,-504.65,-94.4,12.83
2399,-123.49,-339.99,-94.75,21.24
2400,41.09,-594.11,-96.99,24.02
2401,23.22,-505.87,-95.59,21.62
2402,0.23,-524.61,-104.92,16.95
2403,-44.06,-485.27,-97.87,14.41
2404,-109.87,-504.39,-99.96,3.33
2405,42.23,-113.39,-112.7,-4.49
2406,-52.12,-730.59,-106.19,6.29
2407,40.27,-476.51,-90.88,32.45
2408,38.61,-440.94,-94.36,24.05
2409,-47.21,-470.61,-99.27,8.86
2410,-259.9,-608.16,-108.54,-17.81
2411,220.34,-126.28,-87.94,39.8
2412,-7.09,-670.65,-84.39,27.06
2413,-3.76,-530.14,-92.52,28.31
2414,-135.4,-522.71,-105.84,5.94
2415,98.88,-311.2,-103.96,-4.6
2416,-55.58,-568.2,-86.44,36.94
2417,-83.95,-449.56,-91.15,23.39
2418,-41.36,-511.23,-97.35,-4.59
2419,95.91,-216.63,-100.55,15.96
2420,-54.57,-701.25,-84.4,33.09
2421,-91.49,-545.44,-91.95,22.09
2422,-65.85,-445.68,-90.35,23.69
2423,72.06,-516.1,-100.7,20.26
2424,3.57,-512.0,-100.8,20.55
2425,-47.9,-525.33,-100.95,14.31
2426,-44.27,-450.65,-102.53,14.03
2427,21.67,-570.06,-104.19,12.31
2428,1.28,-381.22,-98.92,20.62
2429,-58.24,-531.33,-97.43,13.49
2430,-380.43,-189.75,-116.6,-28.57
2431,366.73,-541.51,-129.42,-2.61
2432,17.37,-602.48,-77.63,73.22
2433,15.37,-487.04,-91.29,33.23
2434,-66.58,-480.67,-98.17,18.97
2435,9.43,-535.05,-104.08,6.95
2436,-8.31,-320.84,-110.32,8.89
2437,15.73,-512.14,-94.62,31.47
2438,-35.96,-479.47,-101.13,16.23
2439,-93.27,-399.15,-108.42,-3.58
2440,22.54,-493.27,-98.53,19.08
2441,-12.12,-578.79,-92.67,29.72
2442,-31.44,-528.71,-97.73,17.62
2443,-190.85,-527.41,-100.28,10.99
2444,109.55,-469.19,-99.54,14.14
2445,16.75,-425.82,-105.12,9.48
2446,36.07,-470.78,-113.0,7.52
2447,32.52,-284.08,-106.18,6.26
2448,-79.56,-534.52,-95.23,25.8
2449,-3.64,-440.43,-105.87,12.22
2450,-52.3,-655.83,-94.82,28.4
2451,9.53,-510.59,-91.54,21.06
2452,-25.37,-580.24,-98.0,17.89
2453,-59.27,-403.45,-98.76,12.11
2454,11.43,-294.74,-98.46,5.55
2455,-139.61,-654.87,-110.34,-0.88
2456,78.98,-484.6,-96.84,25.19
2457,10.7,-426.71,-101.11,7.15
2458,-124.82,-391.33,-105.0,8.52
2459,108.94,-445.18,-103.09,16.76
2460,-15.65,-509.51,-110.94,0.73
2461,-92.09,-539.86,-102.94,11.46
2462,16.37,-529.87,-103.36,3.5
2463,47.09,-334.51,-101.8,8.97
2464,-46.54,-609.7,-92.68,25.55
2465,2.41,-484.58,-99.56,14.88
2466,-17.1,-534.84,-99.19,13.68
2467,-72.78,-535.73,-102.84,5.38
2468,-48.82,-319.13,-100.96,7.19
2469,-9.39,-583.53,-97.58,17.27
2470,-31.15,-430.05,-104.97,6.62
2471,-45.48,-444.83,-96.49,13.15
2472,-15.9,-614.99,-99.89,10.94
2473,62.17,-148.75,-107.44,4.75
2474,-122.22,-720.16,-105.96,8.87
2475,37.88,-152.74,-128.08,-26.27
2476,25.07,-630.14,-83.63,54.97
2477,8.02,-532.22,-94.67,21.2
2478,-127.66,-573.76,-91.6,13.39
2479,-67.52,-510.58,-97.18,3.82
2480,103.15,-400.39,-95.06,19.48
2481,-60.27,-514.19,-96.05,13.91
2482,8.48,-496.6,-103.58,10.67
2483,-59.52,-557.17,-98.15,25.16
2484,-9.2,-461.76,-113.17,4.6
2485,-44.33,-448.55,-115.48,-8.39
2486,41.08,-377.14,-91.61,40.95
2487,-44.51,-518.99,-87.58,26.21
2488,-86.31,-463.17,-108.06,5.76
2489,63.86,-524.76,-113.02,-7.54
2490,19.1,-445.76,-108.68,19.47
2491,-40.36,-566.13,-94.88,30.66
2492,-238.61,-562.62,-101.59,7.41
2493,76.52,-186.63,-111.05,4.67
2494,75.34,-669.66,-99.14,32.04
2495,-33.19,-471.19,-108.84,7.52
2496,55.39,-390.05,-103.85,12.03
2497,-65.69,-692.91,-102.61,22.53
2498,-25.18,-430.71,-103.75,13.54
2499,-27.59,-509.8,-105.39,11.36
2500,32.03,-293.77,-104.29,9.47
2501,-135.56,-673.46,-106.58,4.21
2502,3.6,-194.52,-112.9,10.61
2503,-14.8,-539.9,-99.68,21.7
2504,61.19,-646.54,-111.72,1.23
2505,43.22,-348.27,-106.35,-5.25
2506,-41.3,-527.8,-98.54,22.62
2507,-59.41,-491.94,-111.52,0.16
2508,-38.29,-467.4,-98.48,24.27
2509,-41.17,-368.05,-97.65,15.06
2510,-25.92,-641.51,-85.27,23.45
2511,-109.95,-550.47,-101.87,7.39
2512,37.45,-431.95,-109.15,1.93
2513,7.54,-627.64,-96.76,10.89
2514,-41.31,-361.87,-85.83,15.73
2515,5.19,-516.92,-92.9,12.55
2516,-126.62,-311.59,-109.36,-12.74
2517,123.75,-326.12,-101.62,8.72
2518,-12.96,-712.27,-78.34,41.46
2519,-11.53,-541.58,-89.02,10.56
2520,-31.98,-470.41,-104.15,-0.71
2521,-85.11,-512.82,-100.67,-3.97
2522,-30.51,-498.77,-87.9,19.4
2523,51.6,-399.94,-101.98,4.24
2524,11.51,-429.12,-94.83,9.16
2525,-163.54,-409.58,-113.95,-13.61
2526,8.01,-556.77,-99.01,4.46
2527,109.97,-581.2,-81.28,36.17
2528,-110.09,-550.45,-100.88,0.71
2529,31.96,-435.16,-102.02,0.82
2530,-1.2,-495.66,-95.42,4.26
2531,21.26,-446.73,-108.06,-16.34
2532,-36.48,-348.91,-94.4,28.45
2533,-36.59,-627.34,-99.3,10.99
2534,17.47,-130.85,-116.53,-15.12
2535,-69.58,-750.15,-99.86,6.17
2536,-56.07,-553.67,-98.3,12.37
2537,55.71,-492.35,-99.58,6.08
2538,-147.13,-697.02,-111.48,-13.28
2539,-65.16,-204.71,-99.69,2.97
2540,123.56,-433.54,-108.9,9.68
2541,-3.57,-444.67,-102.09,4.96
2542,-16.35,-586.7,-105.41,11.42
2543,-74.65,-392.23,-100.44,10.85
2544,53.05,-486.76,-106.5,-0.08
2545,-37.1,-518.28,-105.59,-5.49
2546,-137.24,-519.99,-100.55,10.2
2547,121.72,-397.51,-98.79,24.75
2548,-15.16,-551.16,-99.71,8.47
2549,-97.75,-424.09,-93.29,11.1
2550,10.16,-518.79,-97.58,4.76
2551,-45.73,-599.57,-96.19,20.68
2552,-37.33,-455.16,-99.8,10.63
2553,52.68,-445.77,-94.86,14.96
2554,12.99,-495.12,-105.54,9.6
2555,-140.87,-504.08,-113.52,-7.69
2556,43.22,-322.65,-103.68,11.46
2557,32.31,-487.31,-99.58,20.36
2558,-35.71,-520.62,-95.44,10.35
2559,4.31,-588.59,-99.91,15.25
2560,-42.0,-532.98,-86.22,31.98
2561,-65.64,-511.17,-107.19,9.58
2562,-61.21,-310.76,-100.06,6.54
2563,75.57,-501.02,-98.33,20.59
2564,-4.3,-526.85,-95.81,19.06
2565,-44.49,-524.88,-97.81,10.84
2566,-131.26,-500.96,-110.26,2.71
2567,112.66,-216.16,-100.74,15.53
2568,-17.86,-610.2,-107.89,19.91
2569,-35.9,-563.57,-103.88,12.03
2570,-106.71,-673.99,-107.7,-5.14
2571,-13.3,-325.55,-103.2,33.75
2572,-26.96,-197.93,-104.81,9.26
2573,-84.64,-507.34,-107.16,13.84
2574,147.69,-602.63,-89.38,44.73
2575,-18.19,-588.64,-94.6,25.34
2576,-17.48,-436.79,-104.37,2.57
2577,5.39,-326.09,-97.09,10.51
2578,-76.99,-784.6,-90.47,21.92
2579,-36.95,-432.71,-94.14,23.5
2580,13.2,-334.3,-93.68,19.48
2581,-46.23,-320.12,-104.48,-2.39
2582,9.83,-638.48,-88.18,37.13
2583,-59.04,-541.65,-87.93,18.8
2584,-198.25,-363.74,-102.89,11.43
2585,179.97,-552.25,-97.52,6.69
2586,7.35,-399.94,-112.36,7.08
2587,-34.8,-651.71,-95.58,24.84
2588,-86.39,-487.28,-93.89,9.36
2589,23.66,-470.0,-110.08,-3.69
2590,57.38,-250.16,-96.04,15.2
2591,0.41,-580.74,-94.48,22.22
2592,-214.59,-538.8,-97.95,8.42
2593,99.9,-464.51,-103.26,12.28
2594,50.39,-425.8,-93.49,18.04
2595,-63.44,-434.94,-102.05,-0.58
2596,22.86,-571.93,-95.6,21.73
2597,1.82,-512.45,-87.39,14.94
2598,-19.52,-170.1,-109.12,-7.11
2599,-77.71,-775.59,-85.6,21.72
2600,-74.89,-520.99,-95.09,15.92
2601,-161.99,-447.66,-100.16,-7.18
2602,-123.48,-414.0,-111.49,-8.01
2603,270.1,-341.75,-95.35,18.25
2604,6.78,-628.61,-87.07,33.16
2605,-76.34,-480.5,-106.65,-13.09
2606,-38.4,-366.54,-89.76,24.02
2607,-25.21,-488.4,-94.66,18.15
2608,53.88,-446.45,-98.61,11.34
2609,-58.28,-664.86,-99.56,1.94
2610,4.11,-572.24,-97.16,13.48
2611,-35.38,-317.02,-90.51,9.98
2612,22.07,-472.42,-96.75,23.23
2613,9.81,-502.26,-98.82,16.58
2614,-70.87,-565.61,-92.36,16.74
2615,-99.79,-373.6,-105.36,-1.46
2616,-3.02,-481.69,-101.24,21.33
2617,29.95,-616.88,-113.43,-2.75
2618,24.55,-374.12,-87.18,43.38
2619,4.82,-347.68,-101.55,19.65
2620,-70.45,-681.85,-101.73,23.01
2621,-17.69,-354.64,-103.79,19.88
2622,-122.73,-689.73,-116.4,-3.35
2623,31.44,-515.22,-113.22,4.73
2624,47.0,-307.21,-90.31,26.87
2625,-82.17,-488.03,-94.84,30.35
2626,48.12,-442.25,-106.35,10.85
2627,24.07,-450.91,-100.13,21.56
2628,-134.88,-588.08,-94.21,10.0
2629,-8.41,-554.38,-100.88,10.85
2630,6.54,-417.2,-108.48,3.43
2631,-22.72,-430.75,-102.29,17.6
2632,13.54,-508.86,-91.96,35.46
2633,1.05,-535.08,-102.21,23.14
2634,-34.3,-514.54,-95.92,23.29
2635,-64.84,-558.33,-102.39,12.85
2636,-57.12,-243.46,-102.99,13.16
2637,46.28,-446.51,-98.92,13.16
2638,-75.4,-548.91,-95.29,22.64
2639,-85.0,-561.11,-111.47,1.64
2640,87.3,-278.51,-94.7,25.08
2641,21.29,-528.26,-97.09,21.53
2642,-95.14,-593.04,-103.72,26.17
2643,28.17,-439.9,-92.1,23.9
2644,-41.01,-386.22,-94.73,28.29
2645,-18.56,-432.29,-96.68,30.01
2646,-13.78,-695.96,-103.05,14.56
2647,-107.17,-453.64,-98.38,10.06
2648,-20.87,-448.32,-92.6,23.97
2649,-11.75,-644.09,-105.81,8.01
2650,49.12,-329.38,-97.39,21.33
2651,14.59,-486.45,-94.13,25.6
2652,-66.24,-495.3,-98.94,17.59
2653,8.28,-558.16,-104.23,15.01
2654,-10.74,-387.7,-110.12,-2.22
2655,-35.15,-312.79,-105.11,6.65
2656,-79.88,-517.97,-94.05,23.93
2657,71.58,-490.14,-107.34,10.0
2658,-60.04,-576.2,-100.54,27.88
2659,-91.96,-524.48,-93.15,27.2
2660,23.05,-475.4,-96.3,11.86
2661,54.63,-418.41,-100.99,13.96
2662,-135.72,-614.01,-97.5,16.24
2663,-129.33,-325.44,-117.04,-15.03
2664,140.65,-404.83,-88.89,34.9
2665,25.87,-574.07,-94.38,29.86
2666,-7.03,-539.15,-100.26,16.86
2667,-19.93,-449.24,-103.51,9.95
2668,-32.75,-526.16,-102.11,3.24
2669,-7.57,-524.46,-98.2,22.82
2670,-65.09,-486.62,-98.96,15.17
2671,-439.99,-183.61,-125.41,-70.86
2672,394.83,-310.28,-108.86,32.62
2673,21.66,-736.34,-75.51,82.15
2674,3.75,-534.64,-93.42,25.59
2675,3.25,-556.74,-101.32,21.73
2676,-23.22,-501.14,-97.11,20.13
2677,-35.25,-506.45,-97.84,16.34
2678,-23.55,-496.68,-98.61,16.35
2679,-32.32,-501.04,-100.95,19.05
2680,-36.69,-497.68,-101.37,12.93
2681,-144.56,-267.8,-110.48,-29.48
2682,-56.19,-267.21,-129.5,-32.48
2683,106.0,-692.88,-77.07,70.9
2684,-18.37,-570.88,-87.37,32.0
2685,-27.13,-544.67,-101.28,17.86
2686,5.22,-462.25,-100.76,14.26
2687,13.02,-506.15,-93.89,18.86
2688,-24.62,-538.72,-98.62,12.31
2689,-13.3,-507.47,-98.34,7.54
2690,-36.59,-387.34,-95.65,15.54
2691,-29.31,-541.47,-98.94,17.11
2692,-30.59,-533.33,-98.09,8.51
2693,-40.77,-451.39,-95.86,0.01
2694,-100.44,-110.37,-114.46,-23.59
2695,-95.47,-608.67,-114.69,-6.69
2696,65.99,-635.08,-88.89,26.43
2697,39.66,-214.43,-110.78,3.63
2698,9.94,-499.86,-93.31,31.65
2699,11.21,-672.89,-88.78,24.45
2700,-51.55,-469.67,-95.23,0.65
2701,-24.35,-574.52,-99.17,0.16
2702,35.68,-244.54,-92.56,0.55
2703,-30.16,-505.66,-97.49,-1.9
2704,-15.37,-545.36,-90.65,23.44
2705,7.2,-550.3,-99.96,15.25
2706,-24.12,-506.91,-97.68,14.95
2707,-40.52,-506.74,-99.49,11.03
2708,-48.08,-435.71,-100.52,6.74
2709,-55.73,-528.06,-99.21,11.49
2710,27.68,-547.3,-103.95,0.35
2711,-3.72,-328.89,-109.22,13.44
2712,-53.46,-551.49,-95.12,17.03
2713,-40.93,-398.59,-99.55,7.62
2714,-182.92,-688.68,-98.11,11.01
2715,88.89,-343.76,-91.79,22.56
2716,-12.27,-351.66,-100.72,10.92
2717,69.3,-611.99,-100.09,3.75
2718,-51.68,-528.4,-109.02,1.62
2719,0.98,-219.93,-101.11,4.49
2720,-116.13,-597.8,-94.79,22.78
2721,18.41,-595.49,-97.13,17.18
2722,-106.52,-559.07,-104.28,1.39
2723,75.48,-421.24,-95.12,21.15
2724,-45.61,-504.8,-94.32,17.65
2725,7.3,-219.75,-113.14,-9.09
2726,11.59,-613.23,-91.33,35.45
2727,-21.56,-527.08,-93.34,23.6
2728,-74.26,-477.84,-106.92,8.31
2729,-12.71,-477.67,-111.22,1.84
2730,0.5,-441.51,-101.3,17.87
2731,-22.78,-584.33,-86.37,31.99
2732,-116.46,-495.3,-104.29,17.07
2733,-52.33,-514.73,-103.51,12.35
2734,76.22,-415.1,-94.14,17.41
2735,9.32,-481.4,-95.47,13.04
2736,-9.21,-478.37,-109.36,16.59
2737,-50.21,-509.35,-85.43,28.44
2738,-367.72,-419.32,-114.61,-0.63
2739,118.98,-391.43,-107.92,20.74
2740,91.95,-653.39,-99.19,28.85
2741,19.38,-247.08,-93.78,28.28
2742,-70.69,-581.53,-100.79,18.31
2743,38.58,-542.44,-99.91,21.86
2744,1.98,-457.68,-96.48,17.16
2745,-36.42,-449.9,-114.14,3.79
2746,-71.19,-578.14,-94.41,43.33
2747,-117.02,-448.87,-89.91,30.82
2748,95.8,-484.24,-99.83,7.19
2749,-17.68,-493.21,-96.2,9.1
2750,-86.35,-397.14,-116.82,5.25
2751,10.92,-524.9,-94.43,26.34
2752,-95.51,-462.38,-95.47,17.32
2753,48.22,-595.59,-101.93,14.81
2754,-55.83,-483.21,-96.03,38.47
2755,33.62,-218.13,-92.24,37.41
2756,-137.61,-613.81,-95.93,23.02
2757,57.16,-452.19,-105.22,20.42
2758,-73.18,-457.56,-98.6,26.95
2759,-57.91,-574.57,-89.43,43.6
2760,22.17,-614.45,-94.2,18.5
2761,-16.25,-445.11,-110.51,15.3
2762,-155.34,-504.24,-97.14,21.88
2763,119.97,-354.3,-101.81,27.88
2764,-0.19,-457.25,-107.23,14.35
2765,41.45,-301.31,-98.08,22.83
2766,-50.14,-403.03,-92.8,31.42
2767,-22.7,-552.38,-99.83,27.65
2768,-62.6,-654.92,-106.5,9.15
2769,-43.32,-475.16,-98.46,26.79
2770,4.03,-401.16,-102.94,13.4
2771,33.1,-615.65,-99.66,38.23
2772,-14.63,-419.13,-87.57,42.39
2773,-129.0,-380.13,-96.61,14.52
2774,20.38,-388.62,-98.09,19.33
2775,67.99,-486.76,-99.69,27.97
2776,-43.02,-484.45,-107.42,17.01
2777,-43.2,-724.6,-109.53,17.52
2778,-71.79,-322.96,-92.87,27.94
2779,52.57,-550.8,-93.12,29.28
2780,-19.05,-484.56,-102.33,27.78
2781,5.24,-486.73,-96.26,24.47
2782,-118.56,-535.43,-107.91,10.71
2783,17.31,-418.65,-95.1,24.02
2784,20.36,-472.26,-95.04,13.57
2785,-312.23,-380.01,-97.64,10.99
2786,168.37,-509.01,-100.18,20.86
2787,51.74,-422.16,-99.22,18.36
2788,9.97,-511.1,-97.98,22.2
2789,-22.77,-539.02,-97.02,28.08
2790,-40.74,-543.47,-91.83,22.27
2791,21.06,-442.82,-105.14,10.37
2792,-96.25,-338.03,-99.33,15.05
2793,20.01,-504.01,-110.81,8.42
2794,-61.97,-573.57,-94.83,27.34
2795,-48.34,-506.23,-98.73,22.13
2796,-30.19,-438.47,-104.09,17.95
2797,61.0,-436.35,-99.36,12.78
2798,45.11,-350.71,-113.48,2.0
2799,-70.84,-665.29,-97.97,18.83
2800,7.63,-501.91,-99.62,21.93
2801,-78.26,-444.39,-98.02,22.82
2802,-103.82,-389.83,-91.44,13.64
2803,63.24,-538.3,-105.29,25.17
2804,-23.54,-520.34,-102.28,14.85
2805,19.47,-479.31,-97.15,29.08
2806,-1.3,-463.38,-100.52,18.19
2807,-12.32,-348.43,-99.96,18.1
2808,-175.76,-697.59,-103.83,12.82
2809,-53.42,-414.37,-102.19,23.89
2810,104.1,-522.28,-108.78,17.29
2811,-6.74,-375.33,-105.77,16.02
2812,4.61,-442.82,-104.17,13.43
2813,-37.28,-572.67,-102.1,16.99
2814,-14.74,-276.37,-101.61,11.53
2815,33.13,-609.18,-107.0,12.66
2816,-2.21,-562.97,-103.41,21.54
2817,-11.16,-543.76,-108.09,8.06
2818,-148.91,-317.67,-103.33,10.13
2819,90.13,-399.41,-93.9,38.05
2820,-31.41,-681.63,-106.09,8.89
2821,-174.25,-132.41,-118.06,-9.71
2822,113.29,-668.32,-88.6,64.28
2823,26.81,-519.75,-95.1,34.6
2824,-65.89,-497.47,-106.02,15.38
2825,-86.85,-468.56,-100.02,18.62
2826,69.41,-481.78,-107.5,14.0
2827,2.26,-525.56,-105.26,23.48
2828,-28.96,-433.06,-106.08,20.26
2829,-1.25,-430.05,-101.94,17.3
2830,-32.61,-572.19,-108.24,11.91
2831,-88.37,-433.63,-103.53,25.68
2832,-16.82,-380.27,-109.45,14.13
2833,9.85,-686.67,-115.62,16.54
2834,-14.65,-345.81,-101.63,22.04
2835,-123.42,-458.79,-107.3,13.74
2836,73.3,-477.41,-98.33,28.48
2837,-3.42,-482.48,-89.68,31.56
2838,-38.01,-364.58,-102.62,26.7
2839,-14.8,-509.42,-111.07,-4.64
2840,-23.39,-646.48,-96.12,28.44
2841,57.4,-401.98,-102.16,15.81
2842,-31.74,-546.39,-106.96,12.95
2843,-52.53,-506.33,-91.44,27.79
2844,49.59,-423.58,-95.91,24.92
2845,-17.79,-484.36,-104.25,7.95
2846,-7.69,-431.42,-97.76,28.11
2847,-25.89,-391.23,-92.92,20.01
2848,-63.8,-646.42,-94.3,17.27
2849,29.94,-315.2,-106.1,4.87
2850,-171.24,-601.48,-93.18,26.68
2851,-23.44,-462.14,-95.78,31.23
2852,-24.95,-431.35,-107.62,6.2
2853,82.53,-580.31,-102.37,23.86
2854,16.71,-323.43,-99.26,26.63
2855,-39.73,-562.16,-108.37,7.46
2856,-112.25,-533.92,-86.45,42.04
2857,91.73,-423.27,-94.6,17.59
2858,-63.9,-367.46,-90.43,23.47
2859,-146.49,-517.75,-102.94,15.55
2860,25.89,-522.97,-103.57,8.61
2861,89.02,-527.05,-104.38,33.95
2862,-137.54,-446.73,-98.49,28.14
2863,79.43,-593.38,-107.36,17.46
2864,-2.23,-541.75,-101.02,21.41
2865,-7.06,-277.91,-103.1,11.14
2866,-50.72,-597.06,-110.09,6.5
2867,-4.16,-464.76,-93.75,36.84
2868,-18.81,-438.5,-94.8,20.85
2869,-64.2,-437.27,-94.55,22.94
2870,-4.64,-519.49,-87.81,35.52
2871,10.45,-464.94,-98.69,15.7
2872,18.71,-537.64,-108.34,10.5
2873,-221.41,-435.41,-108.1,-0.35
2874,136.61,-480.34,-91.88,32.59
2875,-184.42,-401.68,-105.0,10.31
2876,123.69,-658.39,-110.15,20.63
2877,4.13,-389.24,-100.69,17.94
2878,-2.97,-504.58,-104.26,13.25
2879,8.87,-103.17,-99.26,26.84
2880,-128.06,-885.96,-107.35,11.97
2881,-54.83,-397.41,-100.23,20.78
2882,45.92,-509.11,-107.58,18.89
2883,73.72,-403.21,-101.46,34.42
2884,-71.5,-549.2,-101.49,27.99
2885,-48.73,-478.85,-102.71,24.33
2886,18.62,-504.28,-115.1,10.17
2887,37.7,-170.77,-101.65,20.05
2888,-78.61,-677.01,-99.43,26.94
2889,-105.24,-524.66,-103.0,16.72
2890,88.97,-464.07,-96.81,28.54
2891,-12.25,-588.13,-100.38,23.21
2892,-18.46,-532.17,-106.76,12.75
2893,-25.18,-337.34,-108.43,14.35
2894,-35.65,-526.93,-97.87,27.3
2895,-16.36,-392.53,-119.12,-2.64
2896,-168.66,-522.95,-98.13,20.98
2897,100.45,-368.28,-97.2,16.03
2898,66.3,-444.66,-107.91,7.05
2899,-10.07,-632.49,-106.28,7.15
2900,-126.52,-529.81,-104.05,11.71
2901,-38.13,-464.08,-102.79,17.06
2902,-58.73,-506.63,-111.11,6.38
2903,-46.65,-640.37,-105.82,15.7
2904,36.66,-273.97,-101.53,20.02
2905,86.71,-393.58,-105.44,17.13
2906,-12.57,-590.97,-102.67,22.19
2907,-25.25,-529.84,-99.21,23.36
2908,-23.87,-518.39,-108.43,7.67
2909,-14.5,-207.95,-100.13,18.72
2910,-78.71,-580.89,-102.09,14.34
2911,15.19,-502.76,-106.15,8.42
2912,8.95,-586.47,-98.46,22.65
2913,-11.65,-570.86,-99.66,12.54
2914,7.7,-411.61,-110.44,7.36
2915,-2.77,-386.04,-98.41,23.71
2916,-103.92,-595.15,-102.88,21.63
2917,-6.98,-479.85,-100.21,10.69
2918,45.43,-435.36,-97.85,25.3
2919,73.6,-199.25,-100.04,21.44
2920,-115.92,-546.2,-100.21,22.09
2921,-34.87,-567.58,-102.24,15.17
2922,9.99,-509.71,-104.82,11.01
2923,-17.38,-639.59,-100.0,18.82
2924,-183.13,-439.34,-92.6,22.29
2925,132.18,-278.2,-104.32,14.51
2926,-3.29,-619.58,-103.31,15.55
2927,13.66,-384.77,-102.95,12.05
2928,-45.15,-577.71,-91.43,31.25
2929,-47.51,-427.25,-110.32,13.22
2930,-37.71,-601.56,-100.94,31.78
2931,-48.06,-502.75,-116.86,3.71
2932,38.8,-352.66,-97.31,37.51
2933,-17.47,-642.91,-93.25,34.07
2934,-90.13,-450.61,-94.2,27.37
2935,56.3,-295.0,-124.66,-6.06
2936,12.67,-626.07,-87.69,39.54
2937,-7.63,-416.25,-100.54,26.03
2938,-205.5,-561.91,-90.68,20.01
2939,15.04,-517.7,-106.65,13.67
2940,9.18,-483.84,-117.05,-14.84
2941,37.98,-544.17,-98.7,26.04
2942,-44.82,-547.57,-98.96,23.48
2943,-11.82,-521.5,-96.28,25.17
2944,-100.5,-372.38,-104.55,-4.99
2945,57.28,-343.86,-99.79,22.74
2946,-10.62,-572.6,-93.34,33.84
2947,-72.19,-587.7,-95.03,16.12
2948,9.99,-424.99,-108.24,11.32
2949,-25.26,-613.64,-105.0,15.93
2950,-51.29,-449.96,-90.03,30.44
2951,-220.43,-457.46,-94.26,24.88
2952,123.49,-436.03,-101.31,15.26
2953,18.5,-507.96,-106.46,18.31
2954,-11.44,-457.89,-98.75,29.45
2955,-3.02,-268.18,-103.77,14.27
2956,-50.23,-803.69,-109.99,20.75
2957,-25.93,-485.22,-104.37,20.78
2958,-20.98,-470.43,-99.26,20.28
2959,-9.05,-487.9,-106.25,3.01
2960,-65.67,-503.73,-103.7,23.34
2961,5.58,-421.12,-109.34,10.59
2962,9.45,-513.85,-104.66,11.09
2963,-99.78,-378.46,-95.78,17.45
2964,7.34,-385.1,-108.59,4.53
2965,-18.74,-639.43,-109.1,9.14
2966,-46.1,-600.1,-112.99,7.97
2967,-136.71,-406.02,-107.16,16.59
2968,71.38,-530.37,-111.1,4.97
2969,77.69,-234.99,-110.47,14.77
2970,-67.29,-701.9,-105.12,20.24
2971,-1.68,-552.72,-110.42,11.46
2972,15.78,-342.72,-109.75,4.84
2973,-67.77,-386.59,-108.59,9.85
2974,-6.01,-686.84,-93.82,26.73
2975,-72.47,-543.19,-108.76,7.03
2976,-38.96,-394.97,-86.8,20.38
2977,30.61,-511.62,-106.16,9.97
2978,-24.32,-478.7,-101.26,16.78
2979,-23.41,-576.13,-99.96,14.79
2980,-22.93,-405.86,-106.23,28.81
2981,-4.98,-532.05,-112.26,12.64
2982,-86.89,-495.02,-108.05,14.39
2983,53.54,-387.03,-99.6,15.37
2984,0.74,-439.38,-106.71,7.57
2985,-75.07,-533.1,-99.1,24.67
2986,-35.69,-496.57,-109.45,11.95
2987,-16.53,-427.48,-110.9,20.97
2988,-1.53,-470.69,-114.11,-2.99
2989,-43.73,-603.62,-89.58,40.53
2990,-28.32,-492.76,-92.6,29.74
2991,23.22,-483.38,-104.8,8.2
2992,-44.6,-549.16,-93.19,19.09
2993,-58.59,-505.42,-102.78,14.7
2994,14.45,-476.93,-104.12,27.05
2995,-9.33,-339.06,-101.04,17.51
2996,-1.39,-498.63,-99.69,29.56
2997,-66.17,-575.24,-115.7,1.06
2998,-111.66,-339.4,-93.84,28.9
2999,67.91,-476.54,-105.71,27.79
