,ch1,ch2,ch3,ch4
0,-50.19,-499.27,-63.48,32.17
1,-21.55,-458.14,-109.0,17.64
2,10.15,-413.39,-122.32,4.25
3,15.87,-384.37,-92.41,8.13
4,-34.34,-505.98,-100.17,25.64
5,-58.88,-435.54,-137.98,14.85
6,37.63,-358.07,-83.71,0.26
7,-15.69,-507.03,-96.42,29.4
8,-34.47,-584.86,-93.51,46.47
9,-31.46,-550.65,-106.88,19.84
10,-31.99,-553.84,-104.31,28.64
11,-25.03,-513.58,-98.88,22.59
12,-19.11,-501.18,-103.62,23.04
13,-12.44,-480.15,-99.85,20.32
14,-14.54,-446.71,-98.41,14.58
15,50.05,-186.51,-114.73,-27.24
16,44.23,-371.13,-228.0,-42.42
17,-125.57,-646.45,-217.42,43.55
18,-75.07,-618.01,-72.96,41.18
19,-28.43,-499.29,11.11,36.8
20,-0.52,-482.48,-45.23,33.06
21,4.03,-472.69,-96.34,23.39
22,-20.36,-462.65,-93.06,13.69
23,-20.98,-446.47,-93.18,20.48
24,-16.5,-478.48,-100.16,19.94
25,-21.97,-489.83,-101.45,14.12
26,-17.07,-473.11,-99.18,14.19
27,-31.42,-475.62,-100.02,14.03
28,-5.92,-488.62,-100.61,14.09
29,-14.58,-476.73,-98.08,24.54
30,-38.95,-470.51,-104.84,14.2
31,1.02,-367.63,-161.66,1.96
32,71.55,-192.97,-214.64,-62.69
33,-58.99,-680.51,-2.58,67.85
34,-60.55,-618.01,-88.21,41.86
35,-15.97,-525.21,-110.32,14.84
36,0.19,-434.28,-139.24,-0.41
37,-2.32,-442.67,-67.02,22.26
38,-40.28,-447.39,-94.13,14.19
39,-15.54,-391.67,-113.41,-4.63
40,30.98,-309.13,-103.0,-14.82
41,-2.79,-496.15,-129.99,4.34
42,-71.62,-714.37,-86.05,55.41
43,-36.34,-544.81,-78.0,33.54
44,-18.11,-495.56,-95.82,13.92
45,-18.48,-498.19,-95.91,17.28
46,-18.45,-473.95,-92.96,13.9
47,-5.48,-456.47,-227.99,-5.78
48,-27.65,-487.75,-294.42,-32.48
49,-68.54,-465.15,20.75,34.97
50,23.74,-319.42,-9.71,6.06
51,23.74,-399.98,-113.02,2.39
52,-17.14,-496.75,-124.44,13.1
53,-21.92,-422.63,-80.57,21.38
54,-11.97,-454.65,-86.87,16.46
55,-30.56,-513.16,-122.76,30.99
56,-39.91,-556.53,-142.54,-1.88
57,-41.19,-437.46,-59.23,20.26
58,56.61,-276.22,-169.07,-57.39
59,0.9,-439.33,-63.04,32.46
60,-38.87,-596.38,-86.88,32.22
61,-64.41,-683.24,-154.08,39.28
62,-22.74,-511.29,-110.04,20.82
63,-42.25,-483.03,-41.35,29.77
64,-35.18,-535.48,-86.23,26.42
65,-1.38,-488.32,-106.48,19.46
66,-14.65,-470.08,-223.74,-11.58
67,-20.42,-462.19,-69.61,28.18
68,-13.11,-455.15,-144.44,3.46
69,-23.89,-492.63,-90.02,11.9
70,-34.8,-435.15,-22.1,31.63
71,-2.18,-405.12,-148.69,-29.34
72,-29.19,-475.99,-155.25,30.32
73,-11.95,-446.82,-89.05,18.68
74,-9.77,-470.64,-21.87,32.25
75,0.8,-470.55,-109.24,7.6
76,-37.17,-483.65,-107.68,21.43
77,-43.05,-472.52,-79.84,27.01
78,-7.5,-455.71,-88.05,18.87
79,7.96,-463.81,-95.45,15.38
80,-6.08,-436.95,-105.46,8.49
81,-42.86,-555.26,-126.33,33.02
82,-51.91,-452.69,-114.87,17.53
83,-19.54,-404.57,-113.55,11.35
84,10.91,-486.22,-74.36,27.84
85,-30.01,-527.04,-133.62,6.15
86,-12.22,-512.52,-92.02,19.21
87,-14.6,-522.38,-83.89,34.83
88,-12.6,-497.25,-97.27,19.25
89,-41.11,-542.55,-94.53,34.91
90,-38.19,-529.32,-91.39,28.65
91,-23.99,-493.14,-141.23,9.34
92,-27.08,-443.13,-176.62,-3.84
93,-37.12,-372.78,-86.7,19.36
94,17.52,-435.61,-50.13,17.74
95,48.76,-272.26,-99.78,9.79
96,-40.79,-535.53,-80.72,34.27
97,-65.89,-664.11,-57.5,38.91
98,-32.2,-504.39,-123.49,24.58
99,-23.02,-477.57,-141.96,9.66
100,-28.56,-514.93,-87.36,27.52
101,-31.83,-491.08,-85.29,18.7
102,-25.25,-478.33,-80.83,22.44
103,-19.04,-463.65,-100.16,19.02
104,-12.15,-447.94,-218.85,-11.68
105,40.45,-190.9,-308.86,-51.85
106,-14.22,-297.92,51.33,-7.86
107,-61.38,-643.63,-32.72,62.31
108,-40.94,-590.33,-79.74,58.86
109,-2.11,-565.79,-86.6,45.82
110,-25.05,-520.41,-95.11,25.72
111,-21.85,-491.0,-116.57,17.47
112,-33.05,-494.7,-88.02,18.26
113,-28.08,-516.42,-97.66,17.03
114,-19.02,-495.61,-128.32,17.69
115,5.98,-469.25,-70.17,21.62
116,-7.57,-450.31,-78.75,28.64
117,-15.12,-394.97,-93.45,21.82
118,-32.42,-460.19,-104.67,23.8
119,-28.78,-534.32,-150.63,9.53
120,-19.2,-503.81,-64.3,33.53
121,-21.28,-481.98,-91.59,25.59
122,-6.48,-470.14,-132.07,10.0
123,8.01,-376.29,-84.13,10.44
124,-14.39,-431.84,-79.56,17.96
125,-54.79,-529.28,-92.08,30.9
126,-53.65,-452.17,-95.25,28.37
127,-8.46,-513.84,-96.25,22.53
128,3.68,-509.46,-100.16,12.79
129,1.57,-442.88,-98.16,19.3
130,3.44,-424.53,-96.81,10.52
131,-26.84,-505.53,-87.31,26.52
132,-34.28,-491.32,-92.19,30.12
133,-34.62,-554.24,-85.87,25.93
134,-39.08,-503.59,-100.04,23.64
135,-8.49,-495.64,-92.36,21.69
136,-25.5,-487.13,-96.38,27.37
137,-3.8,-467.76,-97.73,24.58
138,0.79,-422.36,-98.29,22.77
139,-31.05,-507.62,-102.61,18.17
140,-36.91,-471.51,-92.59,24.33
141,-33.39,-371.93,-92.15,27.33
142,-6.24,-499.62,-88.86,31.19
143,-46.64,-553.73,-91.66,18.15
144,-17.83,-505.28,-95.12,18.24
145,-7.44,-457.92,-96.54,15.4
146,-0.5,-450.52,-89.91,26.38
147,-47.38,-435.41,-92.02,19.17
148,-68.56,-543.82,-93.26,24.7
149,16.41,-406.76,-100.33,9.34
150,-54.41,-529.44,-89.19,14.49
151,-74.85,-504.46,-94.09,24.68
152,57.63,-387.0,-92.1,23.51
153,-8.25,-440.34,-94.2,14.53
154,-92.09,-590.98,-93.16,21.51
155,12.43,-360.5,-91.47,18.63
156,-69.97,-324.26,-85.97,23.88
157,1.91,-379.66,-91.41,22.27
158,21.43,-520.81,-91.9,16.83
159,-21.06,-444.7,-80.28,32.51
160,-20.61,-381.07,-83.99,23.61
161,-56.03,-328.94,-83.44,10.87
162,17.81,-467.64,-81.21,26.37
163,15.12,-440.15,-86.4,18.96
164,0.21,-493.55,-83.02,11.23
165,-8.84,-491.04,-94.34,5.66
166,-90.86,-461.22,-83.76,17.73
167,10.04,-346.89,-70.35,22.27
168,-18.33,-603.21,-84.66,12.55
169,-8.25,-433.56,-81.06,17.1
170,16.33,-332.0,-82.52,28.34
171,-46.87,-432.17,-74.48,29.97
172,-33.17,-518.01,-77.52,24.7
173,-38.42,-495.52,-74.17,18.85
174,-24.38,-579.2,-84.87,3.0
175,-119.06,-419.0,-79.01,14.74
176,11.86,-507.6,-77.66,32.65
177,-19.01,-441.53,-72.96,22.87
178,-41.22,-538.58,-79.39,17.2
179,47.68,-421.9,-76.4,20.45
180,-4.88,-546.82,-70.86,29.34
181,-72.37,-590.78,-78.5,24.34
182,-10.24,-391.38,-68.86,28.15
183,-18.84,-642.4,-76.71,20.0
184,-24.49,-441.5,-69.43,21.98
185,6.21,-533.88,-81.66,10.54
186,-24.99,-534.78,-81.81,19.48
187,-77.2,-458.34,-77.25,23.48
188,-66.16,-547.43,-73.9,20.89
189,9.05,-647.19,-75.45,27.87
190,-90.89,-260.53,-65.35,29.74
191,-17.28,-628.71,-80.36,23.38
192,1.37,-417.15,-70.76,28.82
193,8.82,-373.8,-83.38,16.46
194,54.59,-518.93,-64.63,34.56
195,-23.08,-599.67,-79.04,24.01
196,-84.66,-865.12,-87.05,12.51
197,20.77,-362.68,-76.39,33.93
198,-38.82,-533.64,-83.71,15.02
199,-44.59,-236.0,-71.61,17.56
200,-43.37,-526.48,-70.12,43.91
201,-71.59,-655.57,-84.71,21.15
202,46.13,-434.73,-84.85,27.03
203,-46.99,-334.62,-76.57,37.77
204,12.62,-614.99,-77.48,36.83
205,26.61,-476.3,-81.01,22.92
206,-36.09,-298.95,-90.81,9.12
207,-51.23,-723.16,-84.19,34.83
208,16.57,-266.63,-87.56,22.55
209,-3.76,-471.93,-83.77,40.2
210,18.36,-228.48,-95.05,13.64
211,-125.63,-531.52,-75.79,48.27
212,114.71,-224.33,-98.39,5.05
213,-28.46,-797.31,-89.04,39.66
214,-102.87,-494.36,-91.18,26.68
215,31.92,-486.12,-80.45,38.89
216,46.97,-144.17,-90.15,39.02
217,-92.71,-642.58,-89.66,21.19
218,-142.95,-715.38,-114.65,-5.53
219,93.27,-244.07,-88.01,38.09
220,-28.11,-547.51,-85.11,25.83
221,-244.26,-406.17,-91.06,20.1
222,181.64,-502.73,-95.85,32.16
223,18.41,-607.1,-94.05,23.18
224,9.43,-29.34,-107.42,0.28
225,0.39,-645.93,-90.38,44.32
226,-32.03,-573.34,-91.32,43.65
227,-69.98,-429.03,-99.78,9.55
228,-54.12,-580.04,-103.15,21.95
229,18.11,-563.15,-92.99,46.31
230,2.86,-272.6,-89.46,42.03
231,-11.89,-211.73,-98.8,33.02
232,10.66,-295.76,-111.16,14.61
233,83.51,-347.21,-121.41,7.54
234,-84.17,-465.8,-96.22,43.03
235,42.34,-574.77,-95.21,37.77
236,-46.57,-276.08,-120.26,4.19
237,156.17,-339.62,-102.16,35.23
238,-46.4,-377.92,-112.3,19.42
239,-75.57,-403.73,-106.98,28.34
240,-76.07,-465.32,-102.49,25.44
241,136.09,-93.77,-116.96,14.5
242,29.61,-145.94,-111.33,24.74
243,-0.85,-571.1,-101.74,40.9
244,-59.59,-528.46,-129.08,12.33
245,4.73,-408.04,-106.81,56.31
246,-121.18,-711.59,-133.09,11.66
247,143.21,180.9,-131.26,20.87
248,-136.1,126.0,-110.71,59.94
249,-23.74,586.78,-101.45,58.62
250,49.77,738.52,-124.27,19.19
251,-21.53,315.86,-114.27,52.4
252,-40.19,449.83,-107.4,49.28
253,-128.73,511.23,-113.5,36.09
254,43.26,721.96,-113.97,35.21
255,-115.22,386.62,-111.51,45.83
256,98.57,494.01,-111.8,43.29
257,-82.05,316.32,-133.02,11.33
258,100.66,847.47,-126.1,33.83
259,-48.24,413.71,-115.86,47.01
260,-43.32,561.53,-122.38,47.76
261,-5.47,783.98,-117.38,46.95
262,28.14,311.31,-118.74,57.78
263,-60.34,395.98,-120.86,42.98
264,8.1,562.15,-135.46,26.33
265,-179.06,498.99,-122.27,50.72
266,179.33,515.45,-143.66,17.44
267,-51.12,520.92,-123.53,45.25
268,11.73,530.06,-121.86,60.94
269,-69.34,377.3,-123.83,51.95
270,-65.26,502.13,-127.76,38.29
271,-117.71,511.69,-120.31,40.73
272,54.76,487.32,-133.17,24.37
273,43.48,906.89,-147.18,10.62
274,-13.97,426.11,-110.39,71.87
275,-13.43,309.63,-119.47,52.54
276,10.58,534.03,-127.66,37.09
277,-85.53,396.34,-123.05,38.9
278,-24.85,430.33,-134.76,26.51
279,-48.91,401.15,-118.53,51.7
280,-8.29,650.39,-130.03,30.66
281,90.92,638.31,-120.35,52.63
282,-80.81,234.13,-118.07,47.71
283,-11.69,539.25,-121.51,36.77
284,14.02,786.83,-135.31,11.55
285,-53.74,254.51,-119.35,50.47
286,-27.99,553.89,-128.3,36.86
287,52.89,824.54,-135.07,25.2
288,-20.84,166.96,-121.5,48.19
289,-82.2,726.89,-135.36,23.08
290,109.5,343.44,-117.07,58.83
291,-32.18,598.9,-113.87,42.29
292,14.13,741.77,-128.27,32.86
293,-71.74,380.56,-142.81,6.05
294,-45.41,397.64,-114.76,60.44
295,-53.26,447.05,-120.43,47.92
296,69.52,643.79,-121.56,43.59
297,-58.63,530.74,-133.6,18.46
298,7.98,569.32,-139.91,29.92
299,-55.23,395.73,-133.55,31.61
300,12.21,588.21,-116.4,63.18
301,51.44,801.7,-117.41,47.15
302,6.32,429.75,-132.54,21.87
303,15.87,797.87,-109.07,60.85
304,-43.12,256.98,-117.49,51.71
305,-41.3,411.44,-113.67,46.01
306,-57.83,510.79,-126.83,32.7
307,85.38,611.9,-129.82,30.05
308,-74.23,381.94,-117.71,47.68
309,-4.19,436.58,-127.52,41.49
310,-103.66,449.35,-121.28,33.49
311,-9.79,610.03,-127.92,31.07
312,-52.09,402.5,-132.12,18.72
313,111.94,745.2,-132.34,29.51
314,7.87,650.85,-115.47,47.01
315,-29.08,561.25,-130.61,33.48
316,-28.65,226.8,-114.6,45.79
317,-12.71,498.91,-133.57,23.04
318,-77.87,322.75,-131.04,27.93
319,29.58,606.88,-122.73,35.01
320,5.24,411.56,-121.38,47.76
321,-26.26,554.73,-119.42,44.55
322,12.18,622.92,-130.8,10.89
323,-92.48,399.5,-112.72,53.72
324,-35.27,461.34,-133.77,15.14
325,53.71,563.2,-112.37,41.95
326,5.69,485.22,-123.58,36.3
327,-25.34,520.33,-128.23,25.55
328,-19.19,446.23,-122.58,36.97
329,-21.77,792.91,-142.66,6.71
330,-78.93,514.24,-118.28,47.0
331,69.12,347.94,-120.9,45.2
332,-2.08,968.92,-130.1,31.0
333,11.12,354.34,-134.66,37.02
334,-20.71,297.06,-113.04,47.02
335,-62.16,258.5,-126.29,32.12
336,-38.81,805.36,-119.86,38.52
337,-2.22,393.65,-114.75,43.66
338,60.27,628.42,-120.18,37.27
339,-34.14,379.66,-121.72,40.56
340,-21.59,452.85,-121.82,38.75
341,-22.61,478.41,-127.79,25.64
342,-22.26,551.33,-112.35,58.85
343,-32.41,456.32,-127.54,35.93
344,-36.87,651.73,-131.67,25.42
345,55.2,496.17,-124.96,39.01
346,-55.16,309.46,-126.34,41.99
347,-11.49,666.42,-121.89,42.41
348,-37.15,409.36,-126.75,34.97
349,31.6,603.71,-120.6,39.26
350,-31.48,-481.68,-131.62,43.37
351,-42.53,-610.9,-120.38,49.25
352,-33.98,-427.47,-126.56,28.6
353,-70.06,-610.93,-122.86,36.2
354,90.77,-225.52,-126.2,34.14
355,-15.46,-644.72,-126.6,34.36
356,-24.3,-401.04,-111.35,59.04
357,65.36,-277.73,-134.7,30.83
358,-55.25,-629.47,-113.48,50.06
359,-23.29,-495.86,-125.86,37.41
360,-3.94,-495.9,-114.47,45.46
361,-27.73,-411.39,-142.9,16.1
362,-7.83,-491.4,-106.74,69.51
363,3.93,-466.8,-122.58,36.18
364,18.24,-245.21,-131.71,20.43
365,-145.75,-635.29,-106.9,60.23
366,24.97,-541.84,-120.45,48.52
367,-17.95,-446.16,-121.83,28.78
368,-18.12,-497.48,-112.0,42.63
369,36.06,-458.46,-112.42,53.45
370,-40.02,-496.63,-124.31,32.7
371,-2.31,-450.79,-118.21,48.14
372,-4.63,-478.82,-124.64,44.75
373,-40.68,-601.99,-125.66,36.95
374,-15.96,-497.4,-111.48,56.34
375,26.35,-216.5,-125.24,32.22
376,-82.15,-323.02,-113.65,52.43
377,16.7,-553.39,-113.06,53.46
378,-39.47,-633.81,-129.47,42.27
379,32.11,-532.33,-119.08,51.39
380,-56.08,-567.45,-144.37,13.06
381,29.12,-324.14,-112.28,65.53
382,-3.54,-457.46,-117.89,49.4
383,14.14,-496.42,-115.12,44.69
384,-74.29,-350.12,-122.23,35.29
385,29.21,-295.64,-130.81,25.53
386,-76.27,-677.7,-105.0,67.47
387,45.69,-423.87,-126.33,33.78
388,-95.94,-679.87,-126.56,30.22
389,-17.19,-310.15,-103.13,69.69
390,39.82,-527.92,-120.07,50.08
391,-9.57,-385.11,-140.24,23.65
392,-30.81,-500.31,-124.4,47.62
393,19.34,-537.74,-104.35,75.96
394,6.14,-403.76,-125.64,36.05
395,-24.85,-490.54,-111.35,56.86
396,-97.99,-444.22,-131.09,35.6
397,3.09,-521.44,-128.41,30.29
398,41.75,-507.52,-112.38,69.96
399,-38.3,-426.29,-114.93,43.06
400,-21.74,-549.89,-116.59,42.6
401,-10.13,-493.1,-114.14,44.42
402,-40.94,-260.02,-137.27,15.64
403,111.09,-83.69,-131.52,25.44
404,-43.05,-773.06,-95.71,81.5
405,-26.32,-515.0,-115.21,57.27
406,-87.6,-625.22,-112.26,50.01
407,-15.26,-369.25,-123.37,45.3
408,31.6,-514.05,-119.19,53.54
409,-60.47,-770.41,-138.42,7.99
410,56.25,-24.8,-106.33,71.17
411,70.31,-375.88,-124.77,45.54
412,-101.64,-616.94,-146.87,3.42
413,-15.43,-440.15,-99.78,85.22
414,-35.16,-642.05,-116.94,48.51
415,-43.05,-425.89,-116.66,47.06
416,-33.45,-481.46,-120.25,43.18
417,97.61,-80.16,-120.88,32.8
418,-123.14,-780.95,-118.75,38.16
419,7.37,-555.77,-117.11,59.74
420,-42.83,-435.37,-123.87,33.36
421,45.56,-406.62,-114.24,45.96
422,-46.15,-565.0,-111.85,52.66
423,16.53,-382.03,-118.77,27.55
424,0.89,-410.79,-110.58,54.51
425,-23.34,-479.9,-113.8,48.04
426,-37.0,-605.22,-121.82,35.28
427,16.83,-379.84,-136.33,16.48
428,-39.86,-454.96,-104.56,58.18
429,-35.64,-552.62,-114.39,42.7
430,-73.69,-465.39,-129.52,28.67
431,38.27,-483.64,-102.92,59.1
432,9.41,-491.09,-117.4,42.31
433,43.36,-164.28,-129.69,14.33
434,-145.57,-583.27,-112.66,50.79
435,41.6,-670.91,-114.99,47.17
436,-24.83,-552.68,-118.8,33.65
437,-83.13,-386.47,-108.47,42.74
438,48.76,-329.07,-124.24,20.93
439,33.74,-474.51,-117.52,40.38
440,-62.77,-508.09,-116.75,31.45
441,-9.55,-284.58,-123.44,21.46
442,-40.87,-591.63,-111.12,54.03
443,-6.03,-596.25,-112.35,42.0
444,-62.53,-400.97,-111.48,41.15
445,53.21,-471.86,-112.98,36.55
446,12.92,-268.1,-120.06,23.88
447,-95.93,-706.51,-110.66,51.63
448,-46.59,-417.07,-122.76,22.24
449,43.23,-497.89,-116.01,44.61
450,-29.52,-451.24,-113.05,44.44
451,-9.61,-468.08,-108.29,47.34
452,-11.92,-518.36,-110.0,46.18
453,-28.56,-463.27,-120.8,35.7
454,-186.54,-363.05,-111.97,33.7
455,38.62,-543.5,-116.28,27.46
456,64.29,-505.99,-111.36,37.91
457,-14.9,-294.47,-104.31,42.24
458,38.55,-229.71,-114.43,36.71
459,-112.84,-854.75,-129.04,26.11
460,15.05,-269.24,-102.85,58.48
461,15.31,-577.49,-105.65,49.89
462,-28.29,-611.18,-109.54,37.07
463,-28.63,-462.37,-107.66,34.11
464,-40.28,-506.5,-104.08,34.01
465,-26.7,-396.08,-110.33,30.93
466,-48.06,-513.83,-125.24,1.36
467,46.14,-354.78,-97.99,49.35
468,-26.15,-555.37,-104.7,47.9
469,-87.73,-70.98,-119.97,18.36
470,-7.15,-817.82,-114.48,39.64
471,29.85,-533.24,-109.77,49.56
472,4.95,-319.87,-121.61,27.83
473,-27.68,-656.95,-112.83,44.66
474,-16.67,-491.42,-107.55,41.86
475,-23.22,-518.1,-112.9,41.2
476,-30.23,-507.53,-116.3,43.79
477,-24.05,-493.85,-106.16,41.46
478,-38.2,-513.77,-111.69,42.93
479,-41.36,-488.37,-112.84,44.07
480,-136.41,-475.49,-107.18,44.79
481,-43.06,-476.19,-123.01,22.07
482,74.52,-248.2,-127.54,34.17
483,62.16,-389.76,-118.86,33.47
484,8.87,-571.97,-142.25,6.2
485,1.59,-354.34,-93.1,86.36
486,-96.17,-399.32,-107.94,53.72
487,-22.4,-581.91,-110.28,32.98
488,-47.34,-332.57,-103.2,45.36
489,-102.42,-811.25,-111.62,36.44
490,79.41,-89.36,-119.28,18.78
491,42.61,-494.05,-113.06,49.82
492,-3.47,-548.23,-97.72,58.55
493,-21.44,-549.16,-102.52,57.44
494,12.21,-413.89,-114.5,38.05
495,-58.99,-583.93,-111.18,41.23
496,-12.78,-459.28,-112.46,43.99
497,-13.09,-359.03,-111.99,37.43
498,-45.95,-591.77,-108.89,42.66
499,-57.7,-326.77,-116.17,31.59
500,-178.2,-513.3,-115.88,29.63
501,46.72,-609.78,-102.77,61.75
502,-94.79,-482.55,-122.41,29.47
503,194.69,-366.65,-130.77,23.19
504,-167.87,-485.46,-105.36,60.08
505,-59.36,-567.91,-112.03,56.11
506,69.78,-500.21,-115.88,55.77
507,-174.59,-503.79,-118.8,43.54
508,-40.54,-476.33,-128.42,30.56
509,-56.08,-508.13,-111.79,57.02
510,48.44,-445.11,-99.93,53.39
511,51.82,-404.69,-102.94,47.64
512,-73.57,-431.2,-115.8,36.17
513,-61.47,-663.66,-133.55,39.82
514,44.02,-440.76,-119.07,51.74
515,8.93,-547.15,-113.44,53.62
516,-87.67,-470.84,-116.56,21.76
517,90.04,-144.01,-111.48,39.96
518,-30.6,-478.81,-113.06,51.62
519,61.79,-533.79,-116.09,43.31
520,-96.3,-448.16,-122.87,27.94
521,-153.56,-555.97,-115.19,43.43
522,-69.79,-454.1,-118.87,41.35
523,-42.05,-587.7,-110.32,55.44
524,-35.63,-138.93,-111.13,41.86
525,-6.43,-801.71,-109.48,43.31
526,6.87,-233.45,-111.67,33.98
527,-85.75,-399.51,-125.82,18.4
528,-103.88,-669.68,-104.21,48.73
529,69.32,-239.87,-121.52,22.9
530,6.46,-638.36,-110.66,50.21
531,8.46,-409.69,-102.05,45.97
532,-27.91,-434.44,-112.23,27.44
533,-9.32,-529.5,-113.75,46.76
534,-14.42,-520.54,-119.54,28.98
535,-59.6,-569.55,-119.19,28.14
536,33.37,-293.84,-108.45,53.73
537,-122.22,-771.2,-120.52,15.63
538,5.74,-54.55,-103.1,47.67
539,-113.25,-402.24,-106.88,41.79
540,131.06,-504.94,-109.53,42.51
541,-5.45,-555.79,-118.18,25.73
542,-223.68,-523.24,-121.38,15.05
543,83.52,-455.9,-102.53,42.97
544,49.98,-355.3,-123.17,26.41
545,-103.23,-449.49,-95.93,49.98
546,149.14,-97.88,-122.77,23.05
547,-74.47,-821.15,-96.13,59.94
548,-146.69,-878.48,-118.31,22.78
549,69.11,-361.25,-107.31,44.7
550,-19.68,-317.07,-109.42,26.79
551,-21.37,-606.0,-95.9,50.88
552,17.5,-513.73,-114.56,28.95
553,-236.41,-358.14,-118.12,24.23
554,168.61,-416.71,-107.24,49.9
555,3.6,-544.27,-112.24,40.86
556,11.84,-413.43,-115.83,24.43
557,-73.68,-609.95,-119.51,25.86
558,37.48,-313.98,-103.33,59.75
559,-39.56,-589.64,-106.55,41.03
560,-173.02,-574.6,-110.89,35.99
561,53.08,-277.52,-110.91,36.25
562,56.61,-250.92,-120.07,23.42
563,-87.11,-771.65,-106.9,45.05
564,-90.99,-577.67,-99.59,48.24
565,68.5,-493.72,-121.6,24.83
566,26.55,-445.18,-114.72,32.55
567,-27.77,-136.19,-127.47,11.99
568,4.15,-484.14,-101.84,61.55
569,-21.6,-757.0,-99.5,56.78
570,-30.98,-486.99,-111.28,42.54
571,-224.43,-588.74,-113.47,36.11
572,145.77,-380.14,-130.25,23.38
573,67.05,-375.76,-107.88,41.84
574,-45.66,-620.68,-104.76,44.47
575,-89.36,-642.91,-112.14,32.0
576,-9.28,-359.75,-103.87,52.26
577,-16.63,-453.32,-127.36,16.81
578,45.75,-514.94,-101.93,56.41
579,-17.13,-488.95,-98.49,43.52
580,-73.01,-520.96,-113.2,24.14
581,-127.05,-488.58,-109.47,29.34
582,8.65,-444.86,-110.35,36.09
583,57.86,-558.49,-133.24,19.44
584,53.38,-12.81,-117.74,29.98
585,-81.18,-788.09,-109.3,42.44
586,41.17,-561.12,-102.49,51.57
587,-16.01,-624.71,-112.26,23.19
588,-39.75,-285.63,-119.13,19.59
589,-32.88,-478.31,-124.97,33.09
590,-6.65,-574.71,-114.83,41.02
591,39.01,-453.84,-115.29,40.28
592,19.34,-177.32,-112.43,26.5
593,-92.45,-728.35,-110.92,40.66
594,-54.63,-725.03,-141.59,1.44
595,55.53,-181.9,-107.71,49.97
596,-72.78,-530.2,-117.03,41.21
597,-25.09,-534.49,-113.17,37.76
598,-2.39,-658.16,-119.06,31.9
599,-71.75,-283.86,-111.81,37.35
600,-8.12,-548.26,-112.92,37.39
601,-76.53,-600.44,-138.13,3.97
602,64.72,-105.17,-104.16,57.12
603,21.02,-718.78,-111.49,48.44
604,-49.9,-557.74,-119.59,32.18
605,-12.58,-333.09,-123.28,23.12
606,-6.66,-487.42,-107.85,51.68
607,-72.18,-590.42,-115.99,41.8
608,21.74,-525.21,-117.81,41.91
609,-13.68,-449.46,-123.12,23.04
610,-40.58,-304.02,-119.94,37.95
611,-72.11,-584.97,-91.99,54.65
612,78.42,-435.76,-129.67,25.22
613,-1.11,-523.19,-115.68,41.45
614,-34.02,-460.94,-115.09,41.63
615,-156.18,-542.94,-115.7,42.3
616,96.77,-568.75,-130.0,30.67
617,-7.85,-456.64,-116.29,30.34
618,-28.87,-479.81,-133.5,24.02
619,-121.34,-274.01,-103.1,51.03
620,92.18,-422.96,-123.46,32.56
621,-6.17,-564.21,-114.57,32.06
622,-101.37,-555.15,-117.27,31.26
623,-3.15,-547.66,-113.81,49.74
624,14.73,-535.23,-111.01,40.99
625,-16.35,-484.04,-119.08,39.49
626,3.32,-503.21,-114.67,36.08
627,-14.06,-542.45,-119.84,31.17
628,-29.02,-495.93,-144.6,-13.16
629,9.05,-15.94,-95.31,64.85
630,-47.16,-681.22,-110.95,41.3
631,-43.94,-303.09,-125.58,20.1
632,-187.12,-487.65,-107.2,41.41
633,98.67,-600.02,-112.18,45.8
634,42.71,-629.69,-115.04,39.96
635,-7.8,-564.75,-113.86,33.73
636,-50.38,-639.25,-122.86,32.68
637,-66.96,-477.1,-127.37,13.01
638,-25.63,-116.99,-106.96,39.19
639,-260.13,-692.13,-116.86,28.65
640,231.82,-273.33,-108.73,45.69
641,61.43,-237.92,-116.82,31.41
642,-23.54,-775.69,-110.99,48.09
643,-42.24,-601.48,-114.34,27.68
644,-55.73,-451.14,-111.17,41.99
645,-16.6,-530.65,-107.69,35.04
646,-7.15,-398.28,-121.27,15.33
647,45.76,-408.04,-109.78,25.39
648,-37.77,-439.13,-101.08,40.35
649,-148.46,-350.85,-110.88,28.81
650,-154.38,-632.23,-113.89,28.7
651,-73.57,-569.08,-106.93,32.04
652,-120.93,-515.95,-132.91,6.03
653,68.81,-336.82,-99.38,44.33
654,31.34,-276.69,-118.16,30.47
655,16.56,-653.23,-111.68,34.84
656,-47.96,-610.85,-115.27,32.08
657,-19.05,-537.52,-118.22,36.13
658,25.46,-427.34,-104.03,44.21
659,28.12,-558.09,-101.42,48.36
660,-14.71,-493.44,-116.58,25.5
661,-110.58,-389.08,-105.55,40.48
662,-159.99,-439.24,-101.82,34.91
663,139.1,-564.06,-116.47,36.19
664,-18.42,-477.85,-103.23,36.15
665,48.32,-276.38,-114.12,18.58
666,-57.13,-692.07,-119.98,32.09
667,-111.47,-651.0,-116.82,28.74
668,32.0,-189.08,-91.66,54.42
669,-51.98,-528.72,-117.86,40.0
670,-190.84,-387.3,-116.74,23.73
671,-17.92,-594.73,-112.24,49.28
672,178.16,-181.55,-115.73,20.53
673,-31.37,-678.13,-101.34,53.84
674,20.08,-500.27,-111.53,35.55
675,-121.61,-516.23,-103.46,45.59
676,33.39,-502.78,-116.21,49.3
677,29.68,-437.13,-112.97,31.43
678,-117.88,-447.09,-111.16,47.95
679,7.31,-726.64,-124.66,19.04
680,-43.5,-352.8,-104.0,52.12
681,28.51,-274.88,-105.68,43.46
682,-37.42,-455.96,-106.45,37.56
683,59.23,-569.78,-110.67,48.13
684,-81.42,-603.47,-112.93,26.81
685,-52.49,-357.87,-119.93,29.71
686,30.81,-488.91,-112.81,34.01
687,-51.83,-481.6,-96.45,56.18
688,-23.88,-417.8,-104.36,42.73
689,-148.35,-392.34,-113.32,28.8
690,153.69,-577.85,-106.51,35.57
691,-39.51,-503.99,-101.16,41.37
692,-42.08,-463.13,-125.31,2.83
693,26.43,-601.71,-108.37,51.23
694,65.32,-332.73,-94.48,50.14
695,-20.55,-555.07,-96.55,43.29
696,-219.4,-423.39,-107.15,26.12
697,73.29,-385.32,-122.46,12.48
698,60.56,-499.79,-104.85,53.46
699,17.01,-539.24,-105.95,35.18
700,-214.87,-599.19,-102.9,28.35
701,39.32,-395.99,-95.38,45.79
702,59.29,-429.46,-111.31,30.86
703,7.36,-307.29,-115.53,20.85
704,-44.08,-643.2,-107.86,34.45
705,18.97,-467.69,-126.63,8.61
706,-22.34,-461.81,-98.72,50.65
707,-10.1,-497.97,-108.86,31.05
708,-137.85,-635.46,-113.14,16.45
709,37.6,-152.72,-114.7,7.74
710,50.02,-613.47,-78.22,71.77
711,-73.56,-572.72,-96.36,42.34
712,-41.03,-547.33,-120.43,10.67
713,57.01,-412.97,-100.59,41.11
714,-39.12,-614.45,-105.33,23.22
715,35.01,-400.67,-84.09,50.53
716,-31.32,-418.75,-98.28,37.36
717,38.99,-418.52,-103.79,38.31
718,-104.95,-567.73,-105.55,29.27
719,-44.54,-477.15,-123.73,12.48
720,16.29,-292.16,-95.14,49.07
721,51.19,-644.68,-110.04,38.59
722,-99.43,-493.11,-114.18,5.83
723,-107.24,-193.92,-103.29,28.48
724,104.98,-567.76,-106.72,47.85
725,14.59,-454.91,-100.66,43.74
726,-17.48,-518.63,-95.29,35.32
727,-52.82,-524.56,-106.18,21.92
728,23.24,-576.14,-90.49,50.27
729,-4.87,-480.06,-98.19,30.89
730,-130.73,-596.43,-93.43,42.31
731,50.71,-468.12,-104.17,29.32
732,43.44,-311.58,-111.45,8.73
733,43.99,-317.58,-107.17,37.7
734,-48.47,-688.44,-99.3,60.66
735,-17.09,-184.82,-106.92,22.35
736,-201.93,-835.93,-118.52,8.08
737,38.23,-396.78,-89.87,54.43
738,92.65,-295.34,-107.05,30.96
739,-165.76,-664.33,-101.47,49.3
740,75.98,-506.73,-105.74,29.02
741,-86.65,-203.78,-110.71,27.94
742,62.38,-458.59,-102.78,27.19
743,-77.62,-715.2,-100.58,36.6
744,28.19,-524.53,-109.25,37.63
745,-25.96,-397.79,-102.28,42.55
746,-31.25,-515.27,-102.18,46.07
747,32.63,-400.88,-104.1,40.41
748,-9.84,-612.96,-105.11,37.53
749,-45.35,-599.12,-97.35,31.06
750,2.83,-203.98,-106.96,39.13
751,-99.32,-572.03,-100.01,44.09
752,-49.41,-581.77,-116.14,18.69
753,64.42,-233.42,-98.3,48.01
754,25.49,-511.64,-112.18,31.14
755,41.94,-470.57,-118.31,25.71
756,-130.21,-553.98,-93.02,57.22
757,16.94,-604.95,-106.48,44.69
758,3.51,-507.24,-113.44,40.35
759,-7.27,-490.9,-106.72,36.08
760,-109.88,-454.91,-88.76,42.39
761,-49.93,-538.84,-124.01,12.33
762,-60.56,-110.9,-133.92,1.5
763,108.24,-575.18,-101.91,60.55
764,29.31,-479.04,-92.21,59.8
765,-40.68,-512.83,-104.18,32.7
766,-22.37,-544.6,-103.13,35.48
767,1.01,-506.89,-102.51,33.02
768,-20.89,-534.11,-103.15,33.84
769,-20.03,-496.68,-106.75,33.57
770,-16.8,-498.33,-102.97,32.15
771,-105.03,-498.06,-96.23,33.37
772,-138.19,-441.1,-96.35,30.91
773,47.85,-444.67,-104.14,28.06
774,-35.26,-410.87,-118.68,2.27
775,117.52,-305.51,-118.65,21.34
776,-11.88,-763.07,-105.71,39.96
777,-26.13,-425.27,-114.2,29.16
778,-14.05,-362.85,-115.69,16.12
779,20.73,-569.09,-85.87,55.17
780,-25.76,-310.73,-93.95,36.76
781,-68.41,-623.6,-98.07,28.8
782,1.69,-533.37,-112.59,23.09
783,34.24,-456.28,-113.19,23.58
784,-156.32,-446.99,-105.59,16.11
785,-5.57,-503.76,-112.4,31.9
786,72.9,-431.69,-98.89,40.62
787,23.48,-504.7,-101.8,36.49
788,-23.05,-537.83,-106.31,26.34
789,-63.23,-529.82,-107.29,13.03
790,-24.44,-349.62,-99.25,41.59
791,0.54,-536.63,-109.5,28.2
792,-1.97,-481.63,-116.13,34.4
793,10.78,-515.22,-103.31,36.89
794,-115.13,-450.25,-100.32,28.49
795,23.55,-462.95,-127.75,-4.34
796,47.23,-436.73,-98.65,55.05
797,-87.71,-341.72,-99.32,42.46
798,-74.71,-571.11,-105.53,39.04
799,95.44,-420.42,-112.6,29.07
800,12.71,-549.07,-112.15,22.87
801,-131.27,-305.41,-115.42,3.0
802,6.68,-608.06,-93.0,51.15
803,-24.79,-643.87,-109.84,21.12
804,22.34,-371.87,-94.9,53.06
805,23.7,-447.94,-102.96,42.12
806,-85.38,-377.67,-106.25,30.19
807,34.27,-490.13,-111.41,26.86
808,17.85,-530.04,-103.04,47.19
809,-46.61,-551.93,-97.83,42.43
810,-101.62,-482.69,-106.31,31.2
811,-61.71,-523.6,-119.23,16.27
812,1.94,-657.86,-120.4,29.54
813,34.53,-67.74,-104.98,39.69
814,-27.46,-665.44,-98.44,43.18
815,35.67,-407.15,-115.71,19.81
816,3.84,-462.57,-109.01,40.85
817,-29.73,-506.31,-115.31,23.65
818,-34.79,-482.37,-113.57,23.19
819,-10.76,-542.84,-118.26,21.88
820,-58.28,-354.0,-120.04,19.37
821,16.32,-629.7,-119.48,31.0
822,-127.69,-454.65,-92.35,39.13
823,21.39,-451.8,-116.69,34.45
824,37.89,-283.64,-112.57,32.11
825,-23.01,-526.36,-104.99,44.67
826,-46.02,-606.73,-111.78,40.28
827,6.93,-532.86,-112.79,35.66
828,-12.79,-513.74,-111.22,28.45
829,-21.41,-501.64,-111.77,33.06
830,-31.88,-500.31,-111.48,32.91
831,-44.61,-507.0,-103.22,31.06
832,-233.42,-620.26,-120.56,-4.24
833,200.27,231.81,-129.08,17.87
834,-28.33,158.98,-95.06,59.6
835,-4.78,705.0,-110.68,23.35
836,-15.31,387.27,-114.45,19.11
837,11.45,332.95,-96.68,53.39
838,12.55,467.66,-99.16,46.6
839,-8.53,462.04,-103.12,31.6
840,-19.63,450.12,-105.15,39.27
841,-30.18,529.65,-109.0,33.65
842,-30.58,467.59,-102.03,34.78
843,-34.24,481.52,-96.34,32.74
844,-131.36,481.42,-95.9,37.01
845,-27.07,541.16,-111.64,27.37
846,-33.39,520.93,-108.48,33.43
847,52.3,519.84,-118.01,15.17
848,75.01,770.34,-129.22,3.67
849,-38.32,408.36,-98.77,51.01
850,37.46,439.03,-89.25,51.57
851,-40.41,446.95,-95.7,41.33
852,-45.51,399.74,-100.6,34.87
853,-87.66,472.27,-101.97,33.88
854,63.99,715.85,-102.76,30.79
855,21.26,626.12,-111.9,17.88
856,-45.03,291.04,-90.09,42.72
857,-42.93,567.3,-107.61,23.78
858,-11.66,459.04,-98.28,41.48
859,-17.9,438.38,-93.8,44.44
860,8.0,505.39,-97.46,24.88
861,-87.9,460.57,-98.99,33.88
862,22.08,461.37,-110.87,31.46
863,23.71,570.3,-105.37,33.17
864,-207.04,461.58,-94.6,40.11
865,-29.32,432.96,-110.81,25.91
866,61.78,539.22,-110.92,19.53
867,21.97,520.49,-108.2,20.59
868,-5.39,578.9,-94.01,33.57
869,-33.38,486.43,-100.91,30.21
870,-222.98,472.51,-84.75,34.71
871,67.67,579.12,-105.63,7.0
872,-60.51,452.25,-116.53,10.66
873,53.99,770.14,-102.42,32.22
874,29.82,339.31,-94.55,34.7
875,-20.48,339.85,-99.54,33.11
876,-90.51,512.47,-95.71,26.99
877,96.78,531.78,-108.84,15.08
878,-17.81,525.36,-95.42,35.27
879,-179.26,375.19,-97.4,27.47
880,-10.31,500.02,-105.45,21.66
881,35.97,504.35,-97.65,24.94
882,-150.68,509.23,-104.48,22.18
883,6.25,606.55,-99.13,40.97
884,-146.45,444.07,-110.26,12.57
885,119.57,562.78,-93.11,36.33
886,-13.96,520.17,-95.22,32.71
887,-128.92,461.53,-104.04,16.81
888,111.9,730.64,-91.76,38.85
889,11.69,353.0,-89.38,41.89
890,-42.7,404.59,-103.83,26.89
891,24.4,623.3,-101.04,31.26
892,-15.88,350.97,-107.83,29.82
893,-44.91,474.3,-97.02,39.41
894,-18.37,621.05,-107.57,30.23
895,-157.32,488.97,-105.27,33.8
896,94.12,438.8,-102.75,28.33
897,-14.43,590.18,-117.24,3.48
898,-37.51,603.75,-110.42,17.89
899,-64.87,424.44,-106.81,36.19
900,34.36,425.13,-104.93,33.13
901,-36.14,396.6,-113.51,12.68
902,-80.46,606.71,-104.81,26.47
903,12.22,703.45,-120.21,4.42
904,-64.43,292.78,-116.96,22.26
905,103.53,494.15,-106.08,34.98
906,-76.72,547.5,-111.06,26.0
907,29.27,710.78,-123.37,9.86
908,23.36,398.72,-111.9,37.91
909,-17.12,435.3,-110.52,28.22
910,-86.69,483.12,-100.17,24.26
911,-8.31,473.09,-109.94,17.59
912,42.83,529.7,-94.94,42.36
913,-22.42,411.6,-103.73,33.03
914,-36.52,476.1,-114.47,30.08
915,-40.61,468.32,-106.82,28.97
916,-64.98,701.62,-114.33,21.9
917,60.92,403.16,-103.72,40.63
918,-13.31,417.11,-96.32,44.04
919,38.96,545.48,-102.75,30.43
920,-143.22,472.99,-96.3,36.08
921,29.8,468.18,-101.15,27.82
922,24.28,507.79,-103.18,34.65
923,-103.67,606.83,-102.09,24.54
924,-58.19,518.99,-107.75,24.68
925,82.99,442.73,-121.88,8.93
926,44.78,752.44,-99.37,35.13
927,-77.36,347.96,-108.85,24.43
928,43.24,498.2,-103.9,22.85
929,-11.98,454.1,-110.03,28.15
930,-13.05,444.03,-105.98,20.27
931,-48.56,464.49,-104.09,31.15
932,-102.29,366.58,-117.38,13.1
933,-225.57,732.54,-112.89,10.91
934,200.02,485.95,-107.97,24.2
935,32.45,607.66,-112.6,25.12
936,-113.89,403.48,-96.54,50.67
937,83.29,447.83,-113.24,22.31
938,32.29,542.7,-108.76,27.34
939,-48.07,384.21,-104.18,32.74
940,-15.74,510.15,-108.9,24.03
941,-7.12,480.34,-109.73,27.47
942,-14.13,532.26,-107.77,30.27
943,-24.82,451.79,-102.78,27.7
944,-51.47,457.74,-118.36,-3.28
945,-118.27,757.41,-98.48,33.06
946,-38.69,447.81,-87.16,44.44
947,4.08,428.83,-116.54,18.23
948,43.87,767.56,-124.51,22.5
949,17.5,264.49,-111.74,43.25
950,-10.59,437.42,-104.72,27.21
951,7.9,460.71,-99.81,29.92
952,-8.03,485.61,-106.69,29.88
953,-25.59,-514.43,-108.36,26.83
954,-18.32,-500.73,-111.71,27.78
955,-20.62,-495.59,-106.24,28.09
956,-24.35,-494.65,-112.33,26.58
957,-57.33,-588.76,-115.61,15.11
958,-95.69,-81.9,-117.81,-2.03
959,76.97,-160.36,-102.47,44.76
960,-153.44,-1004.16,-107.05,32.49
961,120.99,-321.48,-102.13,42.74
962,10.86,-570.9,-92.86,37.93
963,7.69,-532.24,-101.53,27.9
964,-9.66,-480.6,-105.27,25.18
965,-22.55,-552.24,-105.64,31.81
966,-10.47,-453.52,-109.71,24.36
967,-116.31,-529.13,-110.94,20.86
968,-4.58,-302.48,-106.21,25.48
969,-162.78,-194.44,-107.78,34.18
970,106.0,-802.99,-119.07,28.12
971,-2.65,-472.45,-89.03,56.24
972,50.9,-473.04,-103.43,33.0
973,-0.22,-497.68,-99.48,32.71
974,-25.44,-522.19,-104.87,30.47
975,-57.48,-522.8,-107.03,29.35
976,-40.16,-412.33,-109.44,21.36
977,30.58,-373.06,-125.41,10.26
978,-61.89,-367.1,-108.28,32.35
979,-73.13,-629.64,-103.88,41.71
980,-22.49,-399.7,-108.49,27.09
981,85.03,-507.21,-99.82,52.77
982,-35.33,-555.68,-96.36,41.23
983,-8.24,-492.25,-103.37,35.82
984,-98.15,-596.32,-114.88,15.01
985,-333.98,-398.9,-102.19,20.01
986,303.77,-315.91,-104.46,47.55
987,72.43,-282.59,-96.4,37.41
988,-87.3,-631.01,-106.13,33.7
989,-16.91,-649.83,-117.51,16.37
990,-39.7,-302.89,-98.48,50.98
991,34.27,-496.85,-102.0,42.68
992,-33.32,-526.44,-107.56,40.76
993,-40.92,-385.05,-111.03,22.74
994,71.16,-166.93,-115.64,15.9
995,-36.83,-752.4,-106.01,50.29
996,-30.82,-572.7,-105.47,42.53
997,-146.14,-499.9,-103.72,28.27
998,-25.63,-649.16,-122.98,17.46
999,36.09,-267.78,-111.74,30.47
1000,-22.93,-407.43,-116.36,17.93
1001,25.35,-478.01,-98.44,51.57
1002,-87.22,-533.29,-96.9,44.07
1003,6.22,-545.42,-102.32,38.47
1004,-54.96,-533.9,-129.48,5.32
1005,60.96,-401.02,-106.64,46.96
1006,-25.45,-438.12,-96.95,54.0
1007,9.53,-504.17,-106.0,44.37
1008,-110.78,-478.07,-91.32,42.47
1009,1.37,-380.89,-107.96,29.64
1010,-0.93,-623.99,-104.55,37.26
1011,-36.32,-465.73,-121.76,22.68
1012,-80.44,-434.79,-104.22,42.84
1013,-27.04,-511.1,-111.05,40.55
1014,37.43,-393.33,-108.81,29.38
1015,35.97,-518.68,-101.15,46.55
1016,-99.88,-296.05,-107.22,32.4
1017,-28.31,-886.57,-122.97,13.17
1018,-61.93,-225.71,-108.35,36.71
1019,55.22,-488.52,-114.69,30.79
1020,-83.58,-496.99,-104.49,43.93
1021,-9.07,-540.71,-96.47,51.55
1022,-21.88,-368.88,-107.48,32.56
1023,38.27,-380.42,-115.93,22.93
1024,-10.65,-646.77,-105.32,44.84
1025,-6.64,-583.29,-114.43,27.15
1026,-68.19,-557.6,-95.59,42.3
1027,-50.13,-413.24,-103.72,34.99
1028,39.49,-206.94,-116.74,8.76
1029,-87.77,-635.8,-95.0,41.77
1030,11.87,-579.25,-94.09,33.92
1031,-24.65,-307.48,-113.59,15.07
1032,-74.71,-677.9,-99.03,34.52
1033,14.82,-476.33,-100.24,28.6
1034,-120.57,-366.0,-113.23,13.58
1035,1.43,-591.84,-104.4,32.71
1036,21.31,-433.63,-97.11,34.07
1037,-4.08,-471.11,-101.68,21.47
1038,-41.59,-469.54,-98.63,34.53
1039,-50.43,-643.35,-107.82,18.26
1040,-90.12,-381.61,-103.33,32.14
1041,91.56,-437.42,-120.51,17.37
1042,-17.6,-588.9,-98.51,49.67
1043,-7.55,-493.46,-113.01,20.33
1044,-113.25,-448.62,-99.8,32.48
1045,42.52,-444.94,-97.7,25.91
1046,18.53,-446.17,-108.37,11.29
1047,32.15,-424.07,-94.33,45.06
1048,-118.49,-590.83,-87.03,42.19
1049,36.42,-316.64,-91.84,30.56
1050,-3.39,-591.9,-103.37,24.64
1051,-153.82,-604.72,-96.59,28.11
1052,-35.03,-531.16,-101.97,28.97
1053,32.14,-446.14,-95.23,31.22
1054,-80.58,-416.13,-87.82,42.09
1055,-49.16,-474.45,-102.74,22.89
1056,2.81,-502.48,-106.24,34.62
1057,52.55,-329.77,-102.81,48.06
1058,-63.81,-604.8,-103.2,40.53
1059,-20.46,-548.85,-115.13,19.98
1060,-4.97,-470.97,-96.74,46.64
1061,-41.22,-522.73,-102.28,38.21
1062,-30.46,-492.37,-112.9,33.09
1063,-190.42,-553.77,-109.22,13.15
1064,136.39,-311.07,-100.01,42.59
1065,1.08,-575.45,-92.08,50.66
1066,-221.99,-483.87,-88.89,33.46
1067,119.84,-198.01,-110.6,23.27
1068,10.41,-661.18,-107.57,33.19
1069,-1.49,-565.67,-97.81,48.04
1070,-33.53,-552.59,-100.67,34.71
1071,-62.62,-535.11,-101.65,26.32
1072,-40.84,-471.69,-97.39,34.16
1073,-84.93,-431.42,-120.51,1.46
1074,64.75,-357.43,-113.11,21.06
1075,-37.94,-314.68,-106.92,30.01
1076,-76.28,-592.78,-84.42,65.56
1077,40.2,-536.46,-97.23,40.34
1078,-26.85,-577.3,-103.57,24.22
1079,-5.9,-438.58,-98.33,38.11
1080,-26.27,-534.52,-101.67,35.46
1081,-173.33,-543.61,-98.99,25.08
1082,-65.04,-468.07,-116.69,-3.37
1083,139.06,-263.64,-113.11,30.11
1084,26.33,-506.69,-104.22,32.64
1085,-70.45,-320.02,-103.79,37.28
1086,-19.91,-700.13,-100.56,43.46
1087,-23.0,-527.19,-101.5,28.26
1088,-31.22,-541.71,-106.56,30.36
1089,-20.9,-518.43,-103.63,36.66
1090,-36.4,-505.64,-105.71,32.7
1091,-202.23,-481.41,-95.82,29.95
1092,-89.63,-561.64,-101.82,17.5
1093,85.01,-176.28,-125.14,17.99
1094,123.63,-296.58,-105.21,38.95
1095,-155.16,-675.48,-89.53,48.51
1096,82.58,-467.69,-103.73,33.54
1097,-20.52,-611.57,-122.69,14.94
1098,-5.74,-463.62,-79.27,66.08
1099,-27.48,-521.68,-96.75,39.96
1100,-41.82,-531.15,-96.77,30.99
1101,-16.49,-442.39,-98.55,32.37
1102,-22.46,-530.0,-113.72,20.37
1103,-108.8,-112.16,-105.41,18.68
1104,-20.79,-642.34,-102.02,47.56
1105,59.23,-591.31,-100.58,27.46
1106,-40.48,-482.25,-103.09,28.14
1107,-100.27,-562.92,-99.25,37.28
1108,55.42,-505.02,-99.67,35.74
1109,4.33,-471.96,-92.48,35.44
1110,-20.93,-476.78,-93.66,30.85
1111,-83.78,-357.85,-95.69,28.74
1112,-103.22,-614.79,-120.25,-9.41
1113,136.8,-255.09,-98.0,44.36
1114,-126.66,-575.75,-85.53,58.31
1115,-10.74,-438.35,-95.15,36.34
1116,20.79,-546.36,-101.06,36.36
1117,-0.76,-611.9,-106.21,27.31
1118,-6.35,-471.79,-100.53,34.51
1119,-17.44,-468.23,-96.4,34.72
1120,-26.17,-514.06,-100.78,33.05
1121,-140.35,-450.28,-88.81,36.33
1122,8.27,-257.11,-131.52,-17.95
1123,91.33,-492.64,-90.47,63.23
1124,-152.0,-640.99,-94.45,40.96
1125,58.11,-467.24,-110.78,25.75
1126,-34.55,-423.81,-97.01,41.01
1127,12.43,-619.1,-97.51,30.87
1128,-8.69,-495.23,-105.47,33.83
1129,-23.8,-515.7,-99.77,28.69
1130,-35.73,-514.77,-99.0,31.75
1131,-245.25,-428.94,-99.43,13.35
1132,55.09,-107.94,-146.3,-33.37
1133,157.21,-692.4,-80.25,79.42
1134,-22.22,-645.72,-87.03,44.51
1135,-99.73,-590.05,-112.17,6.22
1136,-37.31,-316.33,-80.82,54.64
1137,67.97,-526.0,-86.89,31.04
1138,-19.44,-490.95,-94.94,26.07
1139,-50.05,-495.48,-96.67,20.37
1140,19.76,-457.04,-103.85,23.06
1141,-54.94,-369.61,-101.69,16.01
1142,-28.23,-161.44,-105.67,15.68
1143,77.45,-558.77,-113.19,19.61
1144,-53.5,-752.49,-82.42,50.96
1145,-44.19,-591.89,-100.46,20.52
1146,-5.94,-449.38,-95.92,32.66
1147,-72.77,-462.36,-87.45,37.45
1148,32.08,-506.84,-93.3,30.98
1149,-26.54,-486.53,-89.0,25.46
1150,-225.73,-414.13,-90.6,15.41
1151,148.13,-66.86,-133.67,-32.31
1152,40.58,-706.09,-76.52,72.26
1153,-69.07,-605.1,-88.47,49.55
1154,-61.48,-548.92,-105.18,21.63
1155,84.12,-449.12,-93.27,36.55
1156,0.56,-473.15,-98.8,27.06
1157,-32.25,-518.67,-101.39,29.76
1158,-18.56,-474.23,-97.26,22.57
1159,-42.18,-464.42,-94.11,31.11
1160,0.38,-522.39,-98.23,32.52
1161,-17.56,-504.21,-98.16,32.73
1162,-44.38,-333.43,-105.38,17.55
1163,-70.38,-413.2,-96.43,22.66
1164,-4.12,-650.89,-86.4,44.53
1165,45.8,-519.37,-92.11,38.73
1166,-17.38,-494.87,-87.52,28.74
1167,-49.45,-481.1,-90.82,18.78
1168,-171.15,-344.49,-90.07,21.79
1169,57.8,-448.8,-108.09,17.06
1170,3.25,-669.3,-101.35,33.32
1171,58.06,-404.5,-89.2,37.97
1172,-77.73,-399.4,-105.41,21.2
1173,50.25,-579.75,-98.55,38.35
1174,-104.77,-530.04,-97.03,29.2
1175,11.12,-504.82,-111.42,4.33
1176,20.9,-283.18,-96.98,35.95
1177,-73.67,-589.02,-88.85,42.32
1178,26.24,-577.99,-104.95,29.49
1179,22.1,-362.4,-103.65,33.42
1180,-20.82,-540.97,-99.9,42.13
1181,-27.15,-503.39,-99.75,43.01
1182,-18.67,-486.86,-100.2,34.61
1183,-37.84,-520.45,-87.54,35.92
1184,-115.39,-495.29,-94.68,31.62
1185,-40.23,-170.11,-112.44,10.71
1186,6.35,-476.04,-111.89,28.62
1187,23.35,-727.38,-99.26,37.86
1188,-30.61,-473.54,-107.03,30.94
1189,41.58,-352.0,-100.89,43.84
1190,-3.61,-633.55,-96.64,38.83
1191,-19.36,-553.21,-101.63,31.65
1192,-22.08,-496.4,-92.97,38.01
1193,-38.73,-506.54,-89.89,32.04
1194,-14.89,-502.92,-98.09,27.94
1195,-178.17,-477.35,-101.43,29.92
1196,-119.46,-374.83,-106.26,17.41
1197,96.91,-390.48,-99.52,39.76
1198,138.7,-358.08,-103.93,27.08
1199,39.54,-549.03,-107.13,18.1
1200,-46.44,-365.6,-99.45,40.14
1201,-27.43,-679.73,-90.37,46.01
1202,-79.36,-413.69,-95.13,40.98
1203,-65.44,-568.51,-94.14,40.54
1204,7.13,-486.91,-107.07,27.68
1205,6.96,-517.73,-104.04,36.21
1206,4.16,-399.8,-103.58,35.34
1207,-114.8,-500.29,-111.15,25.26
1208,72.47,-526.83,-103.24,38.38
1209,8.19,-423.1,-102.13,33.92
1210,-47.01,-505.37,-97.64,36.33
1211,-59.97,-516.32,-100.66,28.57
1212,-58.53,-208.05,-107.0,31.75
1213,29.68,-782.94,-105.2,43.45
1214,-18.04,-307.9,-90.4,44.85
1215,-48.57,-600.12,-93.0,34.01
1216,89.62,-302.85,-97.01,29.93
1217,-42.63,-710.22,-95.42,38.15
1218,-15.95,-536.33,-102.95,32.98
1219,-108.96,-442.46,-99.0,31.93
1220,-146.56,-406.59,-101.39,24.61
1221,128.87,-546.01,-96.42,37.92
1222,24.45,-501.73,-98.5,33.02
1223,-49.83,-496.25,-100.02,24.66
1224,27.34,-428.02,-102.64,33.48
1225,-93.06,-435.6,-91.02,38.09
1226,-29.67,-485.9,-98.58,31.37
1227,42.51,-533.94,-107.18,29.74
1228,-3.6,-429.17,-104.02,16.52
1229,-105.86,-345.88,-105.97,23.94
1230,77.51,-549.88,-103.03,40.28
1231,-87.46,-587.72,-101.49,40.55
1232,-30.33,-518.11,-115.86,0.56
1233,30.32,-335.35,-99.57,40.96
1234,-15.54,-582.59,-95.96,42.03
1235,-100.14,-483.83,-92.08,37.63
1236,-25.16,-500.03,-99.25,32.0
1237,-1.8,-428.15,-94.47,34.48
1238,16.06,-505.34,-97.7,30.84
1239,-27.44,-491.49,-100.16,23.84
1240,-73.54,-535.83,-94.65,22.95
1241,45.04,-418.51,-90.22,28.13
1242,-6.3,-383.66,-108.46,20.9
1243,-71.48,-622.9,-98.07,33.33
1244,34.87,-434.04,-99.48,26.24
1245,7.43,-432.91,-94.21,32.72
1246,-23.38,-506.97,-99.26,28.45
1247,-4.89,-509.06,-95.22,27.61
1248,-82.61,-506.65,-97.06,32.8
1249,-22.76,-461.4,-95.98,35.86
1250,-154.1,-532.26,-92.44,26.51
1251,58.25,-495.84,-101.72,20.47
1252,38.37,-429.79,-94.76,23.97
1253,-60.25,-447.76,-91.65,34.8
1254,2.95,-612.29,-89.82,22.25
1255,12.56,-298.47,-108.77,-0.34
1256,-115.63,-574.46,-88.38,44.54
1257,118.83,-393.75,-93.1,43.64
1258,-70.47,-597.31,-96.31,29.89
1259,-12.65,-399.81,-102.21,7.12
1260,-57.76,-504.8,-97.59,21.97
1261,-43.23,-598.93,-100.12,38.52
1262,41.69,-444.38,-92.42,45.1
1263,-2.34,-438.96,-99.17,23.93
1264,-30.26,-465.4,-101.95,18.82
1265,14.53,-466.48,-103.81,31.24
1266,-36.58,-540.97,-91.79,43.12
1267,-245.72,-510.27,-97.17,29.78
1268,181.65,-429.94,-109.5,15.32
1269,30.4,-298.82,-105.48,29.34
1270,-74.46,-589.81,-99.64,41.77
1271,3.8,-459.76,-102.07,26.56
1272,-45.85,-586.16,-94.91,29.06
1273,-67.62,-612.47,-112.79,21.73
1274,24.73,-273.46,-93.33,38.35
1275,-22.74,-427.81,-100.33,31.1
1276,9.54,-504.49,-94.88,37.67
1277,2.67,-508.81,-107.11,10.61
1278,-110.41,-297.56,-105.48,24.2
1279,88.56,-424.99,-94.48,36.79
1280,-9.12,-613.61,-112.79,23.39
1281,-44.31,-448.14,-97.05,32.28
1282,-78.24,-592.06,-100.53,22.67
1283,21.75,-279.4,-96.92,33.4
1284,2.01,-690.98,-105.52,21.93
1285,-55.68,-589.83,-101.07,28.91
1286,2.1,-448.84,-107.89,33.46
1287,-5.66,-424.88,-101.78,30.14
1288,-5.15,-516.24,-115.88,14.49
1289,-107.5,-307.88,-105.65,27.24
1290,58.42,-401.03,-115.27,21.67
1291,-48.03,-671.93,-107.17,21.09
1292,8.47,-550.16,-103.46,27.17
1293,-168.71,-250.08,-107.0,24.92
1294,127.54,-531.18,-106.92,34.09
1295,-42.03,-593.53,-102.32,30.49
1296,-101.06,-569.9,-107.81,23.11
1297,11.29,-614.27,-114.09,20.77
1298,46.16,-303.75,-105.24,30.32
1299,0.96,-353.81,-115.33,25.99
1300,-125.39,-487.66,-105.3,17.2
1301,12.8,-557.97,-98.25,26.08
1302,-23.65,-515.46,-112.66,14.28
1303,-90.24,-501.56,-103.04,28.07
1304,61.18,-469.66,-116.22,16.71
1305,79.85,-390.85,-117.62,8.63
1306,-73.5,-608.42,-98.48,34.84
1307,-81.25,-401.37,-101.71,27.28
1308,-48.93,-380.83,-113.65,12.62
1309,-12.74,-538.06,-106.55,22.33
1310,-153.78,-552.81,-98.59,28.9
1311,71.83,-525.98,-105.71,24.87
1312,35.19,-294.66,-112.59,16.67
1313,21.36,-604.01,-106.91,33.02
1314,-8.13,-484.42,-107.98,23.43
1315,-32.82,-527.73,-100.04,37.18
1316,33.52,-365.47,-111.72,10.71
1317,-80.22,-598.54,-105.74,24.23
1318,-42.78,-463.67,-109.9,25.09
1319,-17.94,-519.16,-109.46,22.83
1320,9.68,-455.58,-105.18,20.35
1321,-116.1,-460.85,-102.14,22.85
1322,9.44,-403.34,-114.93,8.96
1323,-96.68,-585.07,-105.8,18.42
1324,26.87,-137.65,-111.09,13.21
1325,-65.04,-635.24,-111.81,21.96
1326,93.31,-444.81,-101.38,34.78
1327,12.52,-559.91,-104.33,31.2
1328,-49.58,-522.12,-104.23,10.64
1329,-84.82,-468.36,-97.8,33.69
1330,-37.12,-679.7,-104.7,22.38
1331,57.51,-242.27,-109.94,14.55
1332,-50.68,-474.6,-99.67,27.81
1333,7.5,-474.59,-99.72,28.8
1334,7.92,-453.89,-110.67,12.29
1335,-23.14,-623.18,-115.08,11.25
1336,-51.85,-470.08,-90.14,39.78
1337,-57.46,-590.23,-103.75,22.03
1338,-24.92,-490.29,-101.96,14.32
1339,-5.16,-502.31,-101.87,31.43
1340,13.22,-506.41,-102.39,28.12
1341,-43.65,-471.76,-97.39,29.46
1342,1.39,-460.34,-101.9,28.66
1343,-139.78,-323.62,-115.98,13.39
1344,57.79,-538.37,-107.91,15.41
1345,4.13,-549.05,-106.64,34.14
1346,-36.17,-550.94,-121.63,3.47
1347,-59.94,-323.24,-105.09,32.29
1348,50.38,-569.84,-105.12,31.03
1349,34.07,-292.82,-110.42,7.5
1350,-34.23,-564.9,-96.62,33.39
1351,-72.04,-301.1,-101.91,24.72
1352,7.22,-730.35,-100.47,38.38
1353,-70.82,-618.8,-103.35,19.33
1354,3.43,-325.23,-92.64,32.46
1355,-44.51,-570.12,-91.23,39.45
1356,19.55,-507.76,-96.25,31.22
1357,-8.46,-434.92,-96.64,37.08
1358,-48.85,-498.57,-96.54,25.07
1359,5.83,-492.97,-96.93,25.9
1360,-39.68,-475.1,-102.64,21.77
1361,-91.29,-554.68,-96.0,22.42
1362,34.22,-119.07,-96.07,16.46
1363,-175.26,-811.24,-116.38,1.85
1364,60.58,-310.15,-80.32,56.9
1365,31.55,-440.89,-101.91,25.36
1366,37.5,-531.66,-100.94,29.89
1367,-28.82,-560.21,-95.92,29.44
1368,-42.58,-504.1,-103.56,29.52
1369,17.17,-510.02,-100.67,32.84
1370,-33.5,-542.9,-99.67,31.57
1371,-74.19,-71.02,-111.42,4.75
1372,-2.63,-822.37,-102.78,8.74
1373,-11.03,-412.97,-77.29,66.36
1374,-155.14,-443.71,-103.32,31.31
1375,64.36,-540.59,-97.69,28.64
1376,-13.92,-465.12,-98.62,33.61
1377,35.83,-564.77,-100.38,25.18
1378,13.33,-503.5,-97.93,29.29
1379,5.67,-495.66,-101.17,32.42
1380,-23.33,-509.34,-98.55,30.26
1381,-25.41,-662.99,-119.53,1.32
1382,-46.67,85.7,-94.36,26.64
1383,-34.92,-540.32,-84.85,49.06
1384,-54.09,-770.99,-102.71,33.41
1385,-97.96,-434.71,-107.13,18.01
1386,59.43,-584.21,-113.58,-0.35
1387,-101.3,-466.33,-95.87,38.58
1388,91.1,-416.02,-92.05,43.03
1389,20.26,-511.78,-99.16,34.52
1390,-22.51,-467.34,-93.96,30.03
1391,19.61,-396.31,-99.2,23.19
1392,-61.12,-196.04,-106.05,5.33
1393,-114.01,-758.55,-96.72,33.55
1394,89.32,-493.9,-99.22,24.22
1395,3.26,-605.37,-102.5,31.03
1396,-53.76,-431.95,-102.69,28.76
1397,-45.93,-597.94,-105.96,18.38
1398,-42.24,-321.1,-101.88,24.4
1399,-25.62,-597.84,-89.46,38.01
1400,-80.24,-497.86,-96.92,28.92
1401,56.13,-369.83,-116.71,-2.86
1402,-26.91,-483.84,-96.77,45.77
1403,-95.1,-495.63,-102.91,24.55
1404,-1.52,-541.44,-108.01,20.78
1405,2.27,-339.74,-101.61,29.16
1406,51.12,-615.62,-88.93,49.46
1407,-37.63,-449.54,-111.29,7.7
1408,-14.41,-506.73,-90.47,43.42
1409,7.81,-523.56,-107.23,22.24
1410,15.24,-314.2,-105.84,22.69
1411,-13.6,-486.89,-108.81,23.96
1412,-52.99,-590.02,-96.6,39.99
1413,-29.78,-278.67,-106.62,19.1
1414,-72.51,-531.59,-105.29,33.81
1415,60.73,-459.09,-108.5,14.11
1416,-20.01,-467.71,-109.07,6.88
1417,-118.81,-411.51,-85.54,42.47
1418,46.86,-157.78,-113.49,14.65
1419,3.11,-691.15,-111.21,26.24
1420,23.76,-534.69,-98.4,32.73
1421,-8.46,-448.38,-109.63,11.85
1422,-50.26,-590.09,-88.93,39.77
1423,-34.15,-606.89,-90.25,38.74
1424,-69.52,-509.52,-101.17,19.13
1425,-9.08,-491.78,-87.04,41.93
1426,-108.41,-453.24,-99.65,22.51
1427,83.0,-394.43,-97.3,27.08
1428,-1.07,-510.96,-102.26,24.33
1429,-12.27,-591.6,-101.1,24.25
1430,-135.01,-424.77,-102.74,15.86
1431,-21.43,-216.82,-107.35,16.68
1432,55.1,-618.87,-89.61,45.98
1433,81.43,-352.62,-115.26,6.75
1434,-20.21,-681.12,-97.51,31.12
1435,-67.73,-532.93,-100.1,25.64
1436,-51.17,-483.9,-118.14,6.44
1437,22.76,-349.58,-95.98,41.53
1438,-43.35,-168.5,-97.66,23.8
1439,-46.02,-609.63,-99.25,26.56
1440,5.58,-626.35,-86.25,29.02
1441,-5.11,-477.56,-100.09,13.25
1442,-9.03,-532.35,-91.84,26.56
1443,-17.41,-521.69,-99.88,26.66
1444,-30.45,-541.54,-106.91,18.77
1445,-61.71,-376.17,-100.89,25.9
1446,-13.07,-243.21,-111.26,10.19
1447,-34.35,-511.32,-85.16,63.41
1448,-9.02,-680.9,-96.22,45.09
1449,-9.07,-505.54,-99.93,27.39
1450,-39.85,-584.49,-104.67,29.46
1451,-38.31,-571.59,-97.44,33.72
1452,-124.56,-369.93,-91.33,37.13
1453,50.25,-463.18,-109.71,20.96
1454,12.04,-332.34,-103.52,23.58
1455,33.7,-457.64,-96.91,44.73
1456,5.16,-561.89,-105.98,24.11
1457,-104.98,-467.05,-98.18,28.41
1458,-35.0,-508.01,-108.74,18.29
1459,23.88,-559.97,-102.84,32.38
1460,32.54,-362.95,-113.62,13.11
1461,-54.8,-471.1,-107.64,9.87
1462,-2.1,-324.06,-99.33,38.24
1463,-41.31,-772.86,-96.66,36.54
1464,-18.53,-567.52,-94.51,33.4
1465,-21.56,-471.75,-101.15,23.22
1466,18.95,-316.81,-103.26,20.88
1467,-86.33,-669.71,-108.1,16.35
1468,-5.24,-462.73,-100.26,32.63
1469,-9.63,-447.37,-107.1,12.03
1470,-6.64,-281.65,-110.12,-3.98
1471,-165.93,-652.64,-91.15,41.28
1472,70.58,-296.84,-100.1,31.12
1473,-21.78,-570.92,-99.05,18.94
1474,8.92,-575.47,-95.03,31.47
1475,-115.39,-590.35,-93.99,25.74
1476,58.82,-475.43,-107.57,7.29
1477,-86.97,-434.77,-95.1,42.61
1478,3.04,-447.42,-110.57,11.95
1479,8.5,-454.67,-98.84,29.1
1480,19.2,-472.18,-97.97,27.62
1481,-28.18,-595.17,-98.04,25.81
1482,-34.81,-398.3,-95.35,24.88
1483,-32.92,-599.84,-98.07,29.35
1484,8.52,-466.75,-97.09,29.3
1485,-76.28,-548.38,-107.43,18.32
1486,68.1,-233.57,-104.07,15.99
1487,-57.5,-637.81,-97.83,37.97
1488,-49.75,-336.84,-107.42,15.19
1489,-44.91,-533.47,-112.52,10.8
1490,-23.71,-227.51,-112.79,21.84
1491,-18.33,-781.0,-101.56,45.59
1492,12.28,-513.04,-106.8,32.77
1493,-26.83,-548.47,-104.92,33.62
1494,-132.51,-509.96,-112.09,20.14
1495,55.93,-409.68,-107.5,34.42
1496,-1.48,-507.53,-105.62,29.09
1497,-5.48,-345.25,-109.24,24.57
1498,-98.13,-553.85,-114.32,15.9
1499,28.66,-610.04,-116.59,12.36
1500,18.89,-347.87,-92.74,55.22
1501,-22.91,-590.99,-112.8,30.63
1502,5.09,-420.84,-117.86,25.78
1503,-85.46,-500.24,-108.43,29.61
1504,2.25,-514.01,-115.51,16.75
1505,-88.68,-630.06,-110.93,6.22
1506,-6.18,-158.06,-113.11,8.48
1507,38.88,-489.32,-97.66,42.72
1508,19.73,-484.45,-96.68,32.27
1509,-62.92,-526.64,-119.09,1.11
1510,-107.7,-413.44,-96.29,44.14
1511,68.72,-555.82,-105.64,29.86
1512,7.54,-617.66,-99.61,33.84
1513,-53.46,-461.4,-111.34,13.49
1514,-78.98,-399.47,-117.04,11.13
1515,38.18,-508.2,-96.63,41.22
1516,19.84,-620.33,-108.68,20.38
1517,18.66,-211.4,-96.45,32.74
1518,-82.16,-468.29,-96.96,26.66
1519,22.1,-451.35,-104.34,16.31
1520,-1.01,-614.9,-97.25,24.64
1521,-31.34,-552.22,-100.18,22.41
1522,-48.69,-501.1,-100.89,25.25
1523,-28.37,-452.81,-104.39,17.71
1524,-71.94,-430.6,-100.52,15.46
1525,45.77,-426.73,-109.22,20.61
1526,-56.39,-530.98,-111.95,14.92
1527,-88.96,-483.54,-108.24,19.6
1528,59.11,-406.35,-99.14,24.75
1529,-81.87,-590.82,-110.77,9.57
1530,74.84,-506.75,-97.98,30.42
1531,-28.97,-543.28,-99.64,33.31
1532,-106.79,-356.27,-114.73,6.15
1533,40.04,-348.12,-119.51,6.76
1534,10.51,-644.5,-90.83,53.36
1535,-92.58,-372.49,-118.27,15.06
1536,30.77,-633.88,-98.28,34.23
1537,34.15,-464.76,-97.7,33.52
1538,-37.83,-497.12,-104.66,18.07
1539,-18.87,-497.37,-105.93,13.77
1540,-29.37,-453.11,-107.32,24.59
1541,-55.21,-550.35,-102.22,32.27
1542,-26.02,-473.02,-100.98,26.45
1543,3.02,-410.37,-110.02,17.25
1544,2.91,-431.59,-113.51,12.11
1545,-183.26,-560.89,-107.27,12.7
1546,101.07,-322.25,-100.64,41.3
1547,19.01,-633.36,-99.06,31.21
1548,15.93,-546.4,-115.7,20.0
1549,-111.48,-508.05,-109.41,23.68
1550,51.33,-441.32,-115.45,23.16
1551,-58.31,-557.27,-106.39,23.23
1552,-47.53,-464.54,-116.17,2.26
1553,-40.17,-213.43,-101.17,23.51
1554,56.65,-613.73,-106.89,32.36
1555,-25.87,-526.99,-95.03,39.45
1556,-18.4,-523.08,-102.68,20.9
1557,2.16,-518.46,-99.22,23.97
1558,-38.52,-567.09,-117.27,10.54
1559,20.15,-254.36,-114.22,8.46
1560,-36.87,-461.77,-103.88,40.12
1561,16.55,-467.91,-115.09,4.18
1562,-92.52,-657.37,-98.49,33.37
1563,-38.1,-249.43,-120.56,-4.08
1564,27.42,-523.31,-106.27,32.68
1565,-16.22,-656.9,-100.08,38.56
1566,-39.32,-378.39,-103.48,23.11
1567,18.19,-537.81,-117.2,20.58
1568,-11.52,-392.58,-123.46,4.43
1569,4.52,-398.93,-98.15,46.7
1570,-32.71,-582.72,-101.61,29.41
1571,-41.26,-372.36,-95.61,25.47
1572,-9.05,-476.7,-106.16,19.52
1573,-46.97,-565.86,-110.39,23.68
1574,-89.57,-567.19,-111.05,17.52
1575,102.5,-364.54,-118.42,15.16
1576,0.57,-482.43,-115.09,10.81
1577,-162.28,-547.34,-104.82,13.66
1578,64.0,-267.75,-95.95,37.93
1579,-68.76,-430.8,-110.24,14.43
1580,-18.69,-590.28,-118.39,11.31
1581,54.69,-446.51,-108.07,28.72
1582,-14.61,-628.8,-103.26,20.02
1583,-23.41,-462.43,-109.77,21.28
1584,-27.01,-592.34,-105.81,16.38
1585,-47.94,-332.09,-116.94,20.69
1586,-28.26,-340.47,-106.43,22.9
1587,42.53,-549.94,-98.79,28.55
1588,-28.32,-455.56,-110.68,17.96
1589,-46.97,-552.73,-103.44,28.94
1590,-70.31,-511.85,-110.44,10.29
1591,-67.54,-453.05,-101.82,18.95
1592,72.27,-546.03,-126.18,2.33
1593,-7.47,-510.9,-93.63,27.03
1594,-53.43,-450.47,-101.32,26.54
1595,-65.09,-440.88,-103.49,12.02
1596,39.48,-372.48,-97.65,37.22
1597,36.15,-475.07,-99.84,20.64
1598,-185.01,-471.49,-98.76,17.34
1599,61.02,-615.1,-125.37,6.29
1600,45.61,-358.22,-96.81,36.43
1601,-5.81,-597.05,-91.83,35.51
1602,-7.63,-452.59,-111.12,14.32
1603,-26.1,-564.24,-107.28,20.15
1604,-77.88,-430.39,-92.88,36.92
1605,-23.62,-513.49,-93.79,27.86
1606,34.03,-433.27,-116.66,6.33
1607,13.44,-389.74,-97.84,26.59
1608,-200.05,-524.42,-108.68,13.41
1609,110.93,-378.66,-114.56,19.4
1610,-12.58,-616.49,-100.95,28.37
1611,13.75,-492.55,-109.66,19.09
1612,-65.34,-470.99,-116.06,15.18
1613,-14.51,-564.38,-105.31,28.97
1614,10.94,-503.34,-98.33,28.04
1615,-64.67,-497.78,-99.67,17.75
1616,-86.19,-464.5,-103.32,15.86
1617,95.72,-113.78,-110.16,15.05
1618,-55.25,-749.92,-102.88,17.31
1619,-93.8,-412.7,-112.8,2.52
1620,28.4,-538.18,-107.53,28.82
1621,58.7,-432.25,-93.16,31.15
1622,-73.08,-570.1,-102.39,26.33
1623,-2.52,-570.08,-109.38,15.98
1624,27.46,-407.48,-95.32,31.04
1625,-60.38,-516.13,-105.41,18.54
1626,29.28,-368.11,-106.03,12.0
1627,-7.22,-517.63,-104.94,14.65
1628,-16.43,-338.91,-107.02,25.23
1629,-92.44,-662.5,-95.14,15.83
1630,-36.46,-493.36,-111.62,-0.69
1631,1.36,-453.73,-93.92,37.78
1632,-139.26,-699.38,-98.18,18.23
1633,18.01,-440.68,-100.74,19.92
1634,37.41,-105.77,-121.36,-5.21
1635,-41.76,-591.04,-104.09,25.79
1636,39.56,-594.09,-78.25,54.01
1637,-69.0,-288.83,-92.69,29.43
1638,-67.17,-755.25,-113.22,-3.23
1639,73.71,-452.11,-103.84,19.03
1640,17.16,-425.13,-87.59,31.02
1641,-15.53,-373.64,-93.56,13.07
1642,-12.2,-375.13,-110.38,4.7
1643,-7.77,-592.96,-91.75,46.2
1644,-39.62,-551.81,-101.04,29.41
1645,-100.05,-581.09,-98.82,19.99
1646,63.31,-321.13,-100.0,20.84
1647,-56.92,-596.36,-102.4,24.21
1648,-114.67,-522.22,-94.18,28.24
1649,-5.6,-432.27,-99.91,13.76
1650,36.73,-623.48,-105.8,22.66
1651,-22.92,-308.43,-113.05,-1.11
1652,-36.69,-260.93,-96.58,29.67
1653,64.47,-566.52,-98.19,39.56
1654,-73.03,-560.2,-100.23,23.77
1655,34.5,-482.99,-103.91,15.12
1656,-127.34,-630.84,-100.53,21.61
1657,-115.41,-452.27,-95.91,29.28
1658,60.67,-349.17,-98.71,19.04
1659,34.74,-296.51,-113.82,-3.55
1660,-50.52,-779.65,-96.0,43.36
1661,52.18,-401.55,-99.75,27.88
1662,-25.62,-496.66,-96.32,26.8
1663,-0.96,-533.55,-100.95,21.24
1664,-27.07,-558.08,-104.92,17.47
1665,-80.16,-468.67,-100.51,19.6
1666,-27.23,-284.83,-102.16,14.44
1667,13.1,-756.83,-117.03,4.88
1668,13.93,-256.67,-92.96,42.29
1669,-35.64,-320.18,-107.31,11.37
1670,16.47,-611.36,-86.94,39.28
1671,-51.39,-663.74,-98.41,37.36
1672,30.15,-365.19,-103.5,24.51
1673,-61.12,-569.2,-96.73,30.92
1674,-68.34,-512.36,-103.4,23.07
1675,-74.0,-469.37,-96.69,8.74
1676,-2.85,-421.54,-109.14,1.21
1677,41.73,-481.11,-93.17,34.75
1678,19.43,-469.82,-85.32,47.08
1679,11.78,-401.49,-97.2,25.7
1680,-55.21,-557.27,-93.38,23.28
1681,11.9,-557.63,-94.05,19.85
1682,-16.01,-550.1,-101.34,19.13
1683,-39.37,-409.32,-100.59,24.34
1684,-100.05,-398.23,-95.71,20.69
1685,19.29,-578.2,-117.28,3.89
1686,17.21,-177.82,-103.63,18.8
1687,4.33,-696.44,-86.61,42.44
1688,-3.35,-535.44,-95.14,27.37
1689,-9.26,-497.28,-93.7,35.19
1690,2.18,-458.07,-104.72,22.04
1691,-52.1,-492.68,-96.25,23.99
1692,-111.64,-574.9,-96.67,25.65
1693,-89.59,-464.19,-104.46,19.44
1694,95.49,-384.9,-125.63,-2.49
1695,32.59,-487.36,-93.95,62.42
1696,-32.92,-563.16,-99.52,32.57
1697,-34.65,-189.78,-110.38,5.87
1698,11.09,-656.32,-96.5,43.56
1699,-8.02,-568.2,-99.83,31.01
1700,-19.83,-526.11,-101.71,29.69
1701,-25.98,-505.65,-94.03,29.27
1702,-48.54,-494.99,-98.5,22.26
1703,-175.65,-440.61,-108.15,3.94
1704,-23.68,-380.57,-125.05,0.49
1705,150.53,-393.25,-97.36,57.48
1706,-106.72,-357.94,-105.96,32.8
1707,104.83,-634.13,-101.19,40.46
1708,-26.25,-563.72,-100.06,35.12
1709,-6.39,-511.83,-102.85,26.47
1710,-31.37,-527.87,-104.66,31.36
1711,-28.01,-512.98,-102.08,26.77
1712,-35.24,-506.11,-100.77,26.78
1713,-18.2,-496.06,-110.1,28.67
1714,-26.95,-498.38,-100.1,22.86
1715,-15.76,-494.63,-102.32,21.53
1716,-91.6,-446.9,-98.68,27.77
1717,-219.38,-622.81,-119.54,-5.74
1718,256.88,165.28,-132.48,-27.18
1719,73.76,-399.98,-94.56,41.09
1720,-47.2,-724.99,-117.41,28.37
1721,-68.58,-707.12,-104.63,30.86
1722,8.16,-498.18,-95.3,36.51
1723,-91.06,-311.28,-93.49,29.71
1724,69.29,-448.37,-108.83,17.25
1725,-64.2,-540.39,-100.16,30.76
1726,-37.17,-344.76,-100.67,20.25
1727,-19.08,-630.88,-102.48,22.32
1728,40.76,-514.39,-104.6,19.19
1729,-7.45,-457.3,-98.28,23.46
1730,-55.9,-556.04,-97.68,33.88
1731,-29.39,-593.56,-111.35,10.81
1732,25.94,-359.61,-87.95,44.84
1733,-71.32,-572.07,-105.75,19.35
1734,13.84,-418.15,-89.13,38.67
1735,-9.27,-495.38,-90.8,26.99
1736,-24.25,-495.02,-90.05,21.42
1737,-77.51,-482.78,-94.4,22.11
1738,-22.87,-357.28,-98.68,10.48
1739,-299.26,-412.56,-96.48,27.36
1740,227.03,-480.18,-117.76,-6.5
1741,-48.25,-584.77,-102.76,19.56
1742,94.28,-524.98,-100.24,28.86
1743,-35.94,-455.17,-107.9,-2.48
1744,-175.77,-446.48,-82.43,48.26
1745,104.82,-522.53,-104.86,24.23
1746,-15.14,-485.93,-102.1,27.27
1747,-18.79,-442.42,-99.26,21.22
1748,31.56,-519.46,-107.51,22.25
1749,7.27,-313.1,-97.05,18.92
1750,-28.19,-567.97,-96.65,27.1
1751,-80.04,-631.5,-102.69,18.87
1752,-7.17,-430.09,-104.62,14.82
1753,-15.6,-491.59,-97.7,32.09
1754,10.71,-481.85,-99.57,24.65
1755,4.04,-456.85,-106.54,14.59
1756,-142.3,-497.11,-99.84,19.35
1757,27.56,-500.01,-110.39,17.05
1758,-6.42,-490.1,-106.24,13.26
1759,-13.16,-470.84,-102.57,18.38
1760,-0.37,-367.3,-100.44,22.47
1761,-125.26,-574.13,-107.7,6.97
1762,43.03,-498.63,-104.23,26.76
1763,14.85,-355.28,-91.84,45.39
1764,-46.73,-631.37,-108.53,11.63
1765,-109.0,-393.73,-95.36,38.42
1766,39.19,-562.17,-108.55,25.39
1767,21.02,-373.49,-94.45,35.19
1768,0.34,-525.92,-111.39,12.84
1769,33.6,-234.62,-97.76,27.38
1770,-11.6,-560.95,-97.61,25.67
1771,-25.31,-533.84,-93.97,37.72
1772,-34.78,-568.43,-97.4,41.78
1773,-31.61,-367.13,-105.37,30.44
1774,-148.35,-632.19,-94.09,28.4
1775,69.12,-377.79,-96.89,29.88
1776,-20.78,-450.58,-92.29,41.24
1777,-64.65,-471.87,-101.05,23.63
1778,16.15,-530.84,-103.28,36.38
1779,-26.88,-343.12,-104.26,17.82
1780,45.43,-415.0,-101.11,34.98
1781,-17.76,-521.9,-94.56,27.46
1782,-5.67,-597.48,-107.14,28.53
1783,-131.48,-540.88,-124.83,-11.82
1784,-11.4,-188.78,-94.08,46.57
1785,65.81,-588.14,-95.33,55.26
1786,-73.2,-514.17,-99.35,29.65
1787,2.9,-367.38,-117.18,13.17
1788,36.19,-528.68,-97.07,36.61
1789,-24.21,-601.15,-106.35,38.14
1790,-14.74,-515.2,-105.96,24.72
1791,-23.64,-511.64,-104.36,18.27
1792,-34.57,-509.59,-101.59,24.57
1793,19.42,-458.88,-124.48,-4.01
1794,-182.26,-209.9,-102.48,35.19
1795,29.9,-594.23,-98.33,40.91
1796,-23.29,-498.4,-105.78,28.42
1797,46.41,-356.31,-101.24,27.86
1798,-31.33,-636.34,-94.99,33.78
1799,-10.45,-538.57,-102.98,25.16
1800,-17.59,-523.69,-98.47,28.61
1801,-31.34,-483.41,-105.47,23.85
1802,-25.68,-488.25,-95.03,28.16
1803,-100.84,-540.03,-94.53,25.45
1804,-180.73,-614.49,-99.93,16.13
1805,143.33,99.79,-123.8,7.15
1806,-11.61,-613.28,-98.98,31.96
1807,-5.8,-414.29,-95.25,38.49
1808,20.85,-721.23,-100.98,27.2
1809,-16.34,-489.53,-101.9,19.87
1810,-52.94,-461.76,-101.67,19.55
1811,-61.21,-593.7,-94.23,28.74
1812,48.22,-397.42,-111.66,11.96
1813,-72.18,-451.77,-95.7,26.49
1814,-49.49,-497.51,-103.41,22.01
1815,37.25,-511.33,-96.44,34.42
1816,-6.48,-535.7,-98.99,27.7
1817,-21.34,-509.22,-100.95,21.65
1818,-29.28,-509.38,-100.84,20.21
1819,-61.15,-506.03,-102.54,20.3
1820,-75.94,-337.21,-95.63,27.72
1821,-25.24,-591.78,-110.79,12.77
1822,-95.34,-412.5,-109.56,-4.12
1823,86.03,-311.69,-97.45,35.47
1824,60.43,-549.59,-94.2,33.6
1825,-112.24,-569.67,-94.66,27.15
1826,-42.07,-436.61,-96.94,22.21
1827,-35.58,-505.24,-102.71,13.97
1828,92.54,-377.9,-107.87,14.01
1829,-19.46,-585.73,-93.31,39.06
1830,-64.99,-506.38,-107.56,21.33
1831,-21.66,-353.81,-110.47,12.49
1832,-106.18,-448.54,-87.45,44.03
1833,41.19,-617.73,-96.84,42.81
1834,5.16,-533.88,-106.76,34.69
1835,-11.61,-507.37,-103.25,29.93
1836,-25.88,-497.01,-104.63,17.24
1837,-30.6,-495.48,-113.18,7.94
1838,37.69,-232.67,-101.13,16.89
1839,-293.54,-443.27,-87.25,35.91
1840,74.74,-535.97,-104.1,28.93
1841,-48.95,-586.61,-89.62,40.67
1842,98.05,-536.99,-104.9,18.12
1843,-30.33,-527.27,-106.96,7.8
1844,-53.53,-464.64,-102.83,24.35
1845,-79.28,-568.94,-100.32,14.36
1846,-149.67,-342.25,-90.23,34.93
1847,117.61,-538.03,-107.68,24.63
1848,-150.57,-445.54,-98.0,26.42
1849,-87.76,-580.68,-102.5,19.8
1850,167.87,-398.43,-109.61,6.91
1851,9.86,-518.27,-99.33,36.05
1852,-3.32,-535.52,-102.54,16.9
1853,15.22,-240.32,-102.56,16.69
1854,-18.26,-596.77,-106.33,14.79
1855,-43.67,-619.87,-95.08,34.53
1856,-45.72,-375.07,-102.32,16.69
1857,-17.32,-548.89,-98.69,33.63
1858,-28.4,-451.76,-105.61,18.16
1859,-98.79,-391.07,-97.53,14.66
1860,-42.5,-573.97,-107.62,14.73
1861,-23.4,-415.65,-102.08,13.34
1862,62.95,-400.39,-94.89,35.76
1863,4.73,-604.26,-100.31,27.77
1864,-21.56,-486.23,-106.21,24.62
1865,-68.14,-556.73,-107.6,16.95
1866,-54.0,-444.09,-105.04,20.72
1867,-6.66,-409.02,-99.07,17.09
1868,1.22,-476.22,-99.47,32.06
1869,-26.05,-602.48,-110.94,14.14
1870,-13.61,-332.09,-93.48,41.25
1871,18.91,-569.99,-103.79,27.41
1872,-61.92,-410.02,-105.2,19.73
1873,57.59,-489.97,-105.15,20.47
1874,-57.82,-457.12,-107.78,6.19
1875,7.28,-526.49,-107.26,28.31
1876,-33.29,-527.5,-99.8,31.67
1877,-53.3,-458.52,-103.82,21.26
1878,12.78,-457.73,-103.31,26.96
1879,19.22,-391.15,-106.29,20.94
1880,-32.97,-576.32,-103.14,28.98
1881,-65.56,-468.51,-109.59,12.01
1882,-122.75,-484.81,-118.03,0.09
1883,7.37,-574.13,-92.52,45.44
1884,75.25,-313.01,-110.83,19.69
1885,29.84,-354.2,-119.08,21.04
1886,-46.76,-563.67,-94.45,40.35
1887,36.22,-385.31,-107.31,23.31
1888,-32.81,-664.68,-99.81,30.22
1889,-12.16,-526.1,-100.0,17.25
1890,-25.4,-512.36,-107.46,14.16
1891,-11.53,-490.72,-106.56,9.35
1892,-59.05,-515.02,-97.12,10.4
1893,-199.48,-325.57,-110.04,0.59
1894,116.24,-407.29,-111.02,14.77
1895,54.28,-529.02,-100.16,25.61
1896,-13.82,-502.12,-98.31,17.99
1897,19.12,-337.91,-97.36,33.57
1898,3.09,-648.9,-104.35,24.44
1899,-16.91,-530.67,-97.31,20.13
1900,-20.24,-518.14,-102.43,22.1
1901,-25.15,-510.48,-100.7,20.4
1902,-28.67,-497.86,-103.15,19.12
1903,-28.11,-472.55,-109.85,7.41
1904,-65.62,-598.11,-127.18,-12.58
1905,-151.98,-216.06,-85.3,34.96
1906,121.72,-362.99,-112.01,14.58
1907,-167.69,-337.43,-102.63,4.07
1908,136.87,-768.67,-104.84,24.95
1909,9.35,-495.76,-102.99,20.74
1910,16.87,-521.14,-105.75,22.22
1911,-32.41,-528.17,-100.0,18.67
1912,7.15,-509.12,-109.07,18.83
1913,-109.4,-504.03,-108.64,8.58
1914,71.53,-303.33,-109.35,4.23
1915,16.06,-307.92,-107.42,12.81
1916,-108.82,-574.94,-90.86,34.52
1917,23.42,-504.93,-92.73,28.11
1918,-212.93,-400.77,-106.43,18.26
1919,96.62,-613.27,-105.39,22.73
1920,12.02,-515.55,-102.84,20.93
1921,-20.33,-519.29,-98.71,14.3
1922,-89.94,-544.51,-104.69,16.56
1923,24.95,-530.54,-107.81,19.79
1924,-410.34,-251.82,-102.51,17.24
1925,338.3,-547.25,-118.83,15.81
1926,-16.38,-447.4,-97.01,29.08
1927,-40.92,-474.83,-99.29,20.0
1928,37.57,-439.44,-101.14,18.44
1929,-104.12,-558.18,-107.77,19.95
1930,-122.83,-405.67,-95.87,25.59
1931,26.1,-459.47,-114.38,-0.96
1932,-39.36,-605.99,-95.93,33.8
1933,91.22,-477.08,-100.08,17.33
1934,17.43,-438.38,-109.5,9.54
1935,-0.85,-474.83,-97.54,27.5
1936,-21.95,-472.76,-91.87,20.91
1937,12.72,-412.44,-101.42,9.89
1938,-14.35,-384.54,-111.2,4.04
1939,-26.57,-550.43,-97.89,40.53
1940,-32.87,-469.37,-93.27,24.89
1941,-116.89,-501.77,-107.75,10.77
1942,-1.43,-468.89,-110.47,11.92
1943,50.4,-536.89,-96.77,32.58
1944,-246.15,-461.63,-95.14,17.51
1945,99.77,-504.01,-115.22,8.8
1946,67.65,-458.32,-102.13,28.09
1947,-5.01,-498.04,-104.22,23.98
1948,-3.46,-427.24,-108.81,3.91
1949,10.41,-394.43,-103.58,24.33
1950,-35.02,-547.61,-96.49,32.88
1951,-80.71,-422.56,-102.82,15.18
1952,-278.82,-547.47,-99.92,20.79
1953,177.99,-501.11,-108.13,25.03
1954,3.37,-481.66,-112.28,17.45
1955,-33.64,-447.74,-97.82,33.09
1956,92.48,-464.26,-102.31,19.43
1957,-28.8,-415.98,-107.38,17.28
1958,7.93,-519.66,-114.1,14.06
1959,-40.63,-651.73,-108.57,17.81
1960,32.54,-247.99,-113.8,10.33
1961,-130.11,-507.83,-97.3,23.56
1962,38.83,-510.6,-103.84,17.97
1963,-56.0,-460.7,-119.58,7.41
1964,-24.58,-517.61,-117.32,9.23
1965,-116.65,-411.2,-113.86,4.85
1966,145.64,-324.23,-105.85,37.21
1967,-69.46,-555.59,-103.43,37.0
1968,16.88,-646.32,-104.77,32.95
1969,-55.04,-324.21,-112.74,12.12
1970,19.14,-619.3,-116.85,25.95
1971,-15.38,-439.19,-97.76,30.71
1972,13.19,-483.29,-111.85,25.25
1973,-8.89,-432.49,-105.55,29.2
1974,-81.34,-468.77,-109.17,19.84
1975,-3.96,-366.84,-113.77,24.46
1976,7.45,-587.81,-109.07,22.43
1977,-41.72,-676.47,-108.78,29.1
1978,-159.9,-482.82,-114.21,22.47
1979,102.15,-445.38,-104.15,33.57
1980,4.7,-409.83,-106.22,16.29
1981,-137.0,-582.15,-103.16,21.78
1982,75.29,-423.52,-99.36,31.7
1983,11.11,-511.88,-116.31,14.84
1984,-78.64,-302.13,-104.92,29.4
1985,83.02,-459.55,-115.66,11.93
1986,-34.15,-391.23,-123.09,4.55
1987,-9.0,-321.02,-104.84,26.62
1988,-28.28,-748.47,-100.04,43.17
1989,-43.57,-560.52,-101.05,39.88
1990,-49.38,-604.97,-118.34,9.22
1991,17.32,-414.73,-102.68,32.48
1992,-207.24,-463.72,-106.1,27.84
1993,126.26,-549.29,-107.62,31.95
1994,-3.26,-294.49,-108.34,25.86
1995,-69.45,-577.09,-115.11,16.1
1996,28.94,-406.98,-102.05,20.15
1997,-39.19,-328.18,-107.9,22.15
1998,-60.18,-645.44,-107.29,31.97
1999,13.65,-508.29,-105.0,24.61
2000,-65.0,-605.61,-112.87,17.62
2001,-41.01,-447.16,-105.59,19.48
2002,65.99,-417.68,-104.0,21.45
2003,-120.58,-477.94,-104.87,22.17
2004,-31.79,-480.75,-101.07,34.6
2005,67.85,-377.48,-119.28,8.11
2006,-110.51,-541.07,-97.34,26.47
2007,26.69,-333.76,-119.28,14.89
2008,30.72,-606.33,-99.43,39.97
2009,-43.91,-524.33,-98.84,28.02
2010,2.05,-525.17,-98.91,24.24
2011,-30.74,-377.35,-101.15,26.66
2012,11.56,-525.47,-102.2,24.24
2013,-154.41,-488.6,-102.8,28.53
2014,26.73,-289.69,-121.21,-0.41
2015,108.71,-386.3,-102.6,21.45
2016,-16.2,-458.63,-91.54,37.27
2017,-157.3,-624.39,-90.11,34.6
2018,17.37,-551.68,-109.1,14.54
2019,-15.87,-459.07,-113.68,12.05
2020,-34.83,-553.88,-95.16,43.08
2021,-37.85,-514.57,-108.03,21.74
2022,-197.48,-454.93,-95.51,28.31
2023,206.14,-442.4,-116.72,9.24
2024,-39.94,-455.68,-117.4,-4.51
2025,36.35,-44.14,-87.64,48.94
2026,-8.81,-697.28,-95.77,41.48
2027,-74.34,-635.54,-103.94,20.09
2028,-30.94,-478.46,-101.55,13.64
2029,-55.25,-503.49,-94.24,26.31
2030,-17.34,-457.91,-109.57,15.67
2031,-37.72,-563.79,-105.12,22.07
2032,-65.93,-439.04,-107.0,16.26
2033,-21.47,-358.87,-108.14,1.92
2034,127.67,-510.31,-115.78,14.17
2035,-30.8,-530.58,-101.54,20.96
2036,-16.58,-307.72,-100.35,20.1
2037,-37.68,-673.33,-102.42,18.55
2038,-36.17,-451.79,-94.4,17.92
2039,-24.78,-428.37,-105.61,10.49
2040,-16.98,-532.35,-99.73,26.6
2041,-53.4,-567.43,-107.35,11.34
2042,1.54,-420.13,-96.64,21.39
2043,-78.68,-559.38,-98.99,13.46
2044,-6.28,-341.8,-104.95,6.28
2045,42.49,-473.77,-97.76,29.27
2046,-58.74,-575.67,-90.82,24.33
2047,18.45,-496.63,-97.3,19.98
2048,8.01,-323.19,-95.95,14.07
2049,-17.04,-618.37,-98.48,9.86
2050,-34.21,-526.81,-104.95,13.6
2051,-209.45,-473.2,-100.21,8.8
2052,91.8,-477.48,-118.5,-15.26
2053,21.01,-217.43,-117.49,1.45
2054,-111.39,-676.41,-93.99,43.64
2055,102.55,-502.51,-98.3,30.73
2056,5.81,-399.07,-100.01,19.36
2057,-6.53,-518.33,-100.49,15.08
2058,-47.46,-512.35,-100.83,10.62
2059,-103.6,-575.0,-94.07,10.3
2060,-195.74,-261.49,-133.42,-28.99
2061,210.87,-416.51,-104.41,29.33
2062,53.68,-583.16,-97.31,30.97
2063,-62.8,-471.0,-107.66,5.64
2064,1.02,-510.68,-97.43,29.07
2065,-29.73,-561.48,-101.25,25.39
2066,-22.56,-482.2,-100.65,19.93
2067,-115.53,-475.91,-102.1,20.58
2068,2.74,-597.27,-112.45,4.75
2069,-34.3,-314.54,-102.8,25.82
2070,12.28,-534.57,-100.14,23.91
2071,-66.02,-532.79,-106.59,12.22
2072,11.71,-337.8,-102.55,11.74
2073,18.79,-583.39,-88.78,32.51
2074,-95.0,-431.34,-96.43,9.18
2075,30.24,-374.07,-97.28,26.32
2076,-2.41,-601.14,-96.91,21.37
2077,-65.44,-482.66,-99.13,26.7
2078,-90.93,-761.05,-113.74,-4.02
2079,45.84,-297.41,-99.97,20.78
2080,27.98,-393.71,-88.78,40.22
2081,-23.16,-329.83,-103.19,27.03
2082,-88.05,-587.46,-103.79,15.58
2083,63.76,-378.6,-102.92,8.01
2084,-46.7,-593.09,-96.16,14.65
2085,-45.16,-564.43,-100.69,20.68
2086,45.09,-429.3,-99.19,18.44
2087,-87.58,-347.36,-103.54,-3.93
2088,-69.85,-632.74,-88.67,22.47
2089,-48.33,-467.8,-105.64,20.86
2090,97.33,-453.26,-103.2,5.29
2091,-65.49,-521.81,-97.94,-0.54
2092,-6.73,-354.33,-96.75,13.56
2093,-32.78,-534.08,-100.95,8.61
2094,-88.94,-477.48,-110.32,-12.81
2095,100.11,-293.48,-103.77,10.06
2096,13.2,-708.91,-108.87,12.42
2097,-108.83,-557.78,-109.05,0.42
2098,-56.47,-391.66,-90.21,33.18
2099,72.36,-433.82,-103.51,21.04
2100,-47.33,-473.73,-97.14,16.86
2101,-38.53,-560.48,-101.81,22.78
2102,35.2,-445.52,-112.86,0.18
2103,-51.55,-485.05,-92.26,29.7
2104,-155.02,-404.25,-100.58,15.38
2105,43.03,-612.63,-99.09,22.33
2106,7.45,-449.85,-97.63,20.17
2107,-37.08,-552.13,-104.72,8.45
2108,43.85,-463.36,-104.91,7.72
2109,-78.74,-364.48,-100.06,13.96
2110,1.95,-498.67,-97.11,12.46
2111,-72.35,-464.62,-111.44,5.76
2112,4.85,-423.13,-91.2,35.23
2113,-110.42,-453.19,-94.56,9.02
2114,31.38,-547.75,-105.25,14.93
2115,47.78,-553.05,-102.01,16.48
2116,-152.09,-367.83,-92.5,10.47
2117,82.25,-550.76,-98.85,20.41
2118,4.49,-416.44,-103.27,16.72
2119,50.67,-445.91,-100.69,18.34
2120,-62.27,-394.85,-100.78,3.1
2121,-54.74,-537.49,-102.11,21.27
2122,25.84,-636.64,-105.91,11.49
2123,-23.65,-308.39,-100.63,-0.62
2124,5.74,-609.15,-101.41,25.17
2125,-4.91,-470.39,-101.53,22.56
2126,-187.17,-595.28,-110.89,9.79
2127,-65.21,-409.69,-106.12,21.02
2128,187.04,-228.91,-105.03,16.24
2129,-78.21,-513.6,-100.67,15.57
2130,-42.86,-551.63,-114.33,9.69
2131,47.69,-494.27,-88.46,27.18
2132,-35.16,-677.79,-90.55,31.11
2133,-69.94,-558.27,-111.49,10.93
2134,27.75,-303.62,-92.45,35.69
2135,-139.69,-441.63,-104.5,12.05
2136,77.53,-504.54,-94.86,21.59
2137,12.19,-280.32,-103.54,17.87
2138,-53.92,-578.31,-95.55,23.28
2139,-12.44,-463.82,-107.27,11.82
2140,8.64,-496.25,-99.14,13.85
2141,-18.15,-557.22,-104.32,18.59
2142,-55.98,-481.98,-99.26,20.38
2143,-85.41,-508.99,-93.59,31.14
2144,-63.52,-617.08,-95.23,22.69
2145,79.31,-434.13,-95.98,31.15
2146,20.69,-335.5,-118.35,-13.48
2147,-205.6,-612.48,-84.91,50.3
2148,30.26,-190.74,-96.09,32.79
2149,58.12,-636.93,-107.05,19.55
2150,-16.34,-579.05,-107.47,12.53
2151,-29.58,-466.11,-88.73,47.24
2152,20.13,-538.85,-96.93,28.84
2153,-12.96,-436.55,-98.05,23.98
2154,-38.1,-519.52,-97.85,20.86
2155,-296.91,-500.81,-96.81,26.89
2156,210.05,-482.65,-114.18,11.53
2157,1.48,-472.3,-105.96,19.28
2158,-71.04,-515.94,-103.14,18.59
2159,-8.04,-625.88,-106.0,6.85
2160,-146.56,-106.79,-107.99,5.99
2161,106.43,-633.62,-101.15,20.69
2162,-39.02,-554.9,-103.83,13.94
2163,-47.41,-562.11,-96.82,27.16
2164,-34.85,-452.37,-104.33,14.6
2165,55.23,-423.92,-102.88,29.22
2166,-12.14,-524.01,-101.3,21.44
2167,-134.42,-577.37,-117.65,-2.66
2168,-12.19,-504.54,-89.57,47.53
2169,-9.36,-234.51,-105.24,20.8
2170,-15.39,-485.7,-126.96,-9.17
2171,31.08,-412.35,-98.76,18.65
2172,-16.55,-570.7,-93.19,38.88
2173,-27.88,-595.63,-101.54,27.71
2174,-75.67,-489.05,-100.21,21.59
2175,4.39,-506.06,-119.64,3.26
2176,-41.92,-473.35,-96.35,31.98
2177,26.64,-501.47,-95.21,19.27
2178,-24.73,-404.7,-107.16,2.72
2179,-117.95,-494.75,-99.28,19.53
2180,-48.82,-501.7,-103.19,21.36
2181,19.48,-511.03,-102.15,24.35
2182,-2.98,-508.55,-96.16,22.65
2183,-82.73,-504.72,-108.76,11.47
2184,66.41,-303.78,-111.94,7.72
2185,43.74,-471.15,-91.0,38.65
2186,-48.28,-629.76,-107.11,27.45
2187,-2.11,-358.81,-110.05,10.31
2188,-90.28,-573.91,-98.16,30.28
2189,-44.94,-457.46,-96.75,23.05
2190,-130.86,-474.31,-106.57,3.52
2191,44.45,-377.33,-122.74,-12.36
2192,-5.48,-675.32,-97.06,46.31
2193,-39.63,-444.04,-92.78,30.99
2194,-1.26,-487.82,-109.71,12.0
2195,2.61,-321.99,-115.35,0.93
2196,-36.39,-520.49,-99.73,21.94
2197,-26.73,-582.15,-97.06,23.39
2198,-104.25,-329.78,-101.5,7.37
2199,-75.75,-466.58,-108.26,-5.71
2200,-29.35,-481.24,-86.66,40.86
2201,64.01,-543.53,-110.84,12.1
2202,73.71,-527.77,-108.76,25.49
2203,-33.45,-493.98,-106.63,11.8
2204,9.27,-422.43,-103.98,32.83
2205,-68.9,-569.59,-100.9,23.3
2206,-76.07,-502.9,-96.75,20.78
2207,-32.06,-512.64,-103.35,18.28
2208,-63.71,-523.86,-95.54,16.53
2209,-112.04,-472.14,-114.82,-8.66
2210,121.11,136.64,-122.98,-7.09
2211,42.05,-696.05,-98.35,42.65
2212,-36.41,-666.82,-93.14,33.68
2213,-20.36,-657.32,-103.15,14.24
2214,-27.74,-457.37,-104.44,24.27
2215,-38.26,-479.71,-98.43,34.16
2216,3.25,-478.12,-102.33,19.07
2217,-18.11,-501.61,-106.13,19.21
2218,-22.8,-507.73,-102.97,17.94
2219,-92.98,-494.36,-98.52,9.46
2220,-572.58,-381.43,-76.36,16.46
2221,367.53,-365.51,-138.51,-34.84
2222,32.71,-165.62,-93.84,33.56
2223,90.08,-778.32,-101.87,19.32
2224,21.01,-390.83,-97.24,30.58
2225,7.7,-426.32,-100.03,27.78
2226,-56.13,-571.48,-98.81,14.77
2227,-146.78,-530.68,-91.72,31.12
2228,-10.68,-583.61,-100.89,14.43
2229,52.25,-459.34,-88.62,35.48
2230,5.13,-491.87,-95.73,27.22
2231,-7.95,-479.4,-99.08,17.97
2232,-55.61,-476.75,-101.74,17.87
2233,-30.06,-490.82,-97.53,19.77
2234,-48.62,-460.2,-98.69,23.65
2235,-7.65,-515.31,-108.96,20.29
2236,-36.36,-493.93,-99.25,19.26
2237,-24.8,-466.67,-104.33,20.69
2238,-219.63,-516.12,-104.99,7.83
2239,-26.48,-643.53,-116.3,7.04
2240,15.51,-298.74,-99.64,33.27
2241,131.37,-301.53,-125.43,-10.09
2242,-40.91,-531.32,-100.69,22.14
2243,-41.72,-542.93,-108.95,29.88
2244,-115.27,-311.26,-107.45,5.12
2245,85.41,-628.3,-101.15,31.49
2246,-54.33,-488.03,-104.55,25.74
2247,36.76,-494.86,-109.44,31.03
2248,19.39,-482.6,-101.48,26.14
2249,-37.57,-354.94,-95.33,29.77
2250,-50.46,-488.07,-98.1,21.39
2251,-54.92,-583.86,-101.87,14.61
2252,19.4,-499.76,-105.26,14.3
2253,17.76,-441.57,-104.35,15.74
2254,-30.18,-513.13,-101.46,19.66
2255,-63.94,-488.69,-97.04,28.11
2256,-108.75,-534.56,-105.73,25.42
2257,33.57,-675.92,-103.3,4.2
2258,-268.11,-139.52,-105.63,20.02
2259,176.56,-740.07,-105.16,20.37
2260,61.39,-378.66,-91.65,47.41
2261,-2.03,-564.63,-102.84,25.25
2262,-55.62,-344.13,-103.33,13.4
2263,-112.17,-473.71,-101.6,22.23
2264,67.88,-505.45,-113.55,10.06
2265,6.29,-513.72,-104.43,28.93
2266,-50.02,-450.23,-108.61,12.42
2267,-139.68,-614.97,-97.33,33.83
2268,41.91,-388.76,-100.24,27.55
2269,37.4,-550.01,-100.83,24.35
2270,-16.46,-436.7,-105.72,-0.1
2271,13.29,-350.14,-97.51,15.73
2272,-49.11,-527.5,-101.37,25.0
2273,-66.07,-482.77,-107.04,15.66
2274,-0.96,-647.49,-112.15,12.09
2275,-40.95,-385.92,-84.9,45.82
2276,-28.3,-268.37,-97.38,23.54
2277,12.42,-665.09,-109.79,16.41
2278,10.09,-421.8,-113.41,17.52
2279,26.17,-463.52,-102.42,23.26
2280,-32.94,-445.83,-101.7,36.83
2281,-97.3,-648.92,-107.43,20.0
2282,-78.52,-402.27,-105.56,27.48
2283,-38.32,-460.09,-108.09,30.59
2284,-42.89,-426.12,-103.13,28.49
2285,-59.74,-585.21,-104.64,28.84
2286,131.78,-368.83,-99.44,24.63
2287,-43.64,-431.14,-105.22,23.23
2288,16.49,-579.16,-111.03,23.51
2289,-11.1,-569.48,-107.45,15.17
2290,-99.81,-461.92,-108.04,26.25
2291,-36.67,-593.54,-102.54,14.21
2292,72.21,-458.27,-107.88,22.71
2293,-28.9,-401.3,-94.05,26.79
2294,-165.62,-402.43,-112.39,1.47
2295,100.27,-519.09,-99.54,30.53
2296,22.91,-470.25,-109.81,27.84
2297,-64.1,-520.39,-103.59,24.32
2298,-154.2,-395.05,-109.71,13.97
2299,-25.16,-576.85,-135.89,-26.41
2300,67.97,-425.39,-92.1,55.86
2301,26.96,-451.96,-108.74,25.92
2302,-16.91,-378.57,-102.26,26.73
2303,-69.84,-591.69,-110.79,10.92
2304,32.19,-535.6,-93.87,35.03
2305,-37.24,-463.55,-105.13,20.71
2306,-17.23,-543.56,-109.92,1.11
2307,-31.41,-337.12,-98.95,31.25
2308,-15.76,-563.12,-100.88,31.48
2309,-81.71,-499.31,-99.52,24.19
2310,-7.05,-417.28,-105.86,10.97
2311,-31.55,-510.68,-104.0,15.89
2312,-90.83,-532.04,-92.99,30.11
2313,75.29,-368.77,-111.59,1.79
2314,-33.78,-461.51,-110.24,17.67
2315,-8.22,-498.33,-94.34,35.7
2316,-97.42,-537.39,-107.14,26.22
2317,37.21,-577.63,-107.67,20.81
2318,40.09,-403.85,-95.91,25.75
2319,-130.13,-416.3,-100.87,17.54
2320,43.9,-507.38,-105.21,14.37
2321,-68.72,-565.49,-109.37,18.51
2322,-16.61,-390.97,-107.14,27.83
2323,54.08,-366.31,-104.16,25.32
2324,-58.34,-550.42,-107.71,19.27
2325,-41.64,-491.64,-98.63,26.71
2326,32.97,-555.6,-99.37,18.6
2327,-62.25,-484.79,-95.47,24.95
2328,-33.65,-504.57,-114.59,6.22
2329,-47.53,-554.65,-97.27,21.26
2330,43.84,-375.84,-108.21,16.77
2331,-41.05,-454.74,-109.13,13.61
2332,11.16,-491.18,-95.06,26.34
2333,-106.52,-517.17,-108.23,18.02
2334,-39.63,-395.75,-100.62,21.99
2335,22.62,-566.48,-114.96,12.15
2336,42.31,-443.2,-116.03,19.7
2337,12.9,-488.42,-105.89,26.31
2338,-55.37,-521.94,-110.36,18.08
2339,1.36,-503.64,-104.07,23.21
2340,-10.58,-430.46,-106.96,16.9
2341,-27.29,-426.7,-103.39,24.9
2342,-13.14,-522.33,-100.76,21.33
2343,-79.33,-473.81,-94.97,19.24
2344,-38.91,-533.66,-104.8,14.47
2345,-9.43,-449.77,-104.19,16.52
2346,9.25,-517.05,-100.79,19.98
2347,-14.13,-317.66,-109.18,-0.13
2348,-262.62,-527.13,-105.65,11.12
2349,140.32,-568.52,-102.17,21.46
2350,31.07,-387.61,-90.12,27.85
2351,-3.25,-547.52,-113.48,13.25
2352,-86.41,-596.51,-98.23,27.77
2353,18.83,-330.1,-105.12,24.27
2354,-21.98,-535.13,-106.9,21.58
2355,-58.42,-431.17,-100.37,15.3
2356,28.74,-362.59,-109.62,7.77
2357,-18.26,-578.23,-93.12,35.9
2358,4.98,-486.01,-101.3,22.12
2359,24.52,-467.71,-107.57,21.9
2360,-52.18,-524.59,-109.77,21.34
2361,-15.69,-529.99,-103.63,21.54
2362,-9.31,-456.23,-110.11,20.04
2363,-63.74,-487.0,-100.25,27.31
2364,-5.74,-523.52,-107.01,16.87
2365,-31.35,-293.86,-105.22,30.31
2366,-37.91,-459.19,-117.72,17.5
2367,-8.69,-648.24,-116.67,12.75
2368,-30.13,-278.23,-118.3,8.78
2369,-69.22,-670.75,-107.62,26.68
2370,41.0,-497.57,-101.61,26.65
2371,-5.89,-381.06,-111.58,14.56
2372,-11.92,-602.91,-112.47,15.65
2373,-64.75,-467.38,-103.86,15.86
2374,-36.42,-439.47,-106.13,22.07
2375,13.44,-433.55,-106.38,27.66
2376,22.42,-453.81,-101.98,23.28
2377,-53.55,-537.23,-104.26,26.32
2378,-14.06,-488.8,-104.83,25.28
2379,-49.3,-412.68,-104.15,19.61
2380,-9.12,-423.6,-114.79,12.34
2381,-28.5,-590.02,-105.28,38.18
2382,1.82,-479.23,-105.33,25.61
2383,17.88,-500.24,-102.3,19.63
2384,-54.04,-608.46,-110.25,21.1
2385,-18.43,-411.91,-106.72,20.82
2386,-46.52,-455.16,-104.37,24.71
2387,73.36,-469.4,-116.5,10.89
2388,-298.14,-143.31,-119.29,-5.25
2389,205.37,-336.68,-118.27,8.97
2390,-18.69,-716.49,-89.28,56.97
2391,-59.55,-514.3,-94.75,31.07
2392,19.0,-470.39,-108.32,11.53
2393,-3.95,-521.85,-101.0,9.86
2394,-47.18,-632.06,-98.1,14.5
2395,-48.4,-468.29,-101.21,29.07
2396,15.61,-442.03,-103.26,25.06
2397,-8.38,-485.48,-109.14,16.35
2398,-76.05,-280.31,-110.67,17.99
2399,51.45,-556.2,-101.77,19.98
2400,12.84,-558.38,-98.88,26.48
2401,-35.38,-465.19,-97.38,25.61
2402,-38.35,-356.13,-99.44,10.06
2403,-47.46,-549.89,-100.24,23.13
2404,17.52,-509.23,-104.78,34.92
2405,-46.76,-522.34,-99.42,33.99
2406,-18.87,-542.6,-108.71,19.77
2407,-124.12,-285.05,-121.07,4.53
2408,63.71,-616.34,-101.31,35.76
2409,-85.06,-518.77,-107.72,16.99
2410,-94.92,-309.78,-97.7,20.86
2411,159.61,-382.43,-113.59,13.73
2412,-25.53,-681.98,-94.72,42.74
2413,10.04,-450.51,-111.59,26.18
2414,-33.02,-545.78,-111.62,27.29
2415,-30.6,-513.67,-103.89,25.54
2416,-91.44,-488.3,-104.64,20.06
2417,-240.52,-460.29,-109.44,-6.6
2418,208.19,-102.68,-146.33,-42.17
2419,63.0,-659.68,-72.69,83.67
2420,-35.76,-578.36,-105.67,28.58
2421,-20.92,-441.64,-103.34,23.14
2422,-19.41,-499.59,-106.79,17.03
2423,-17.41,-576.7,-105.41,21.05
2424,-83.75,-395.05,-99.39,14.44
2425,-38.28,-415.65,-125.67,-24.56
2426,51.5,-402.69,-97.93,42.33
2427,-1.2,-535.65,-82.91,41.56
2428,-8.51,-420.14,-106.05,18.14
2429,-213.86,-498.06,-99.12,13.86
2430,88.59,-407.36,-110.47,16.61
2431,32.02,-612.14,-97.84,25.91
2432,-25.63,-536.01,-98.97,23.68
2433,-62.15,-344.49,-120.69,-10.74
2434,-51.2,-538.9,-85.14,43.68
2435,-4.92,-490.41,-98.74,17.97
2436,-32.96,-436.18,-103.23,10.51
2437,23.42,-339.63,-101.54,5.22
2438,-19.68,-590.68,-109.37,8.53
2439,40.36,-441.59,-101.84,14.55
2440,-99.07,-519.58,-106.88,11.24
2441,-107.36,-542.16,-95.07,17.06
2442,108.17,-427.13,-117.17,4.64
2443,-9.62,-583.66,-115.54,4.14
2444,-74.62,-506.38,-106.38,19.04
2445,-16.34,-170.93,-104.7,8.27
2446,-71.67,-658.17,-100.68,13.06
2447,6.41,-564.52,-97.17,24.02
2448,-24.44,-461.85,-104.61,13.32
2449,-63.94,-476.69,-99.68,22.44
2450,60.8,-469.71,-103.19,8.33
2451,-13.92,-522.62,-109.12,9.07
2452,-58.32,-623.09,-101.7,11.53
2453,23.39,-313.97,-108.29,8.63
2454,-19.65,-248.05,-96.03,25.48
2455,-17.18,-623.76,-94.59,19.7
2456,-25.26,-586.11,-96.21,23.05
2457,-28.13,-537.54,-99.98,20.57
2458,-74.78,-275.59,-108.95,-3.39
2459,-42.38,-635.21,-96.8,27.7
2460,-23.7,-429.82,-105.89,4.95
2461,-28.71,-510.11,-112.86,2.51
2462,-142.77,-489.36,-112.69,1.47
2463,46.0,-261.43,-122.59,0.58
2464,39.27,-656.96,-91.81,48.74
2465,-3.73,-479.12,-95.62,28.03
2466,-26.05,-514.56,-102.96,20.42
2467,23.91,-358.06,-112.21,5.16
2468,-15.81,-559.29,-107.81,15.51
2469,-60.3,-568.59,-109.49,21.89
2470,-10.06,-318.3,-99.77,7.38
2471,-5.22,-628.36,-103.4,21.99
2472,-50.33,-565.83,-100.2,23.96
2473,-32.26,-148.18,-120.08,-16.79
2474,-59.42,-575.18,-98.5,28.81
2475,1.37,-584.69,-90.83,37.75
2476,-69.76,-380.24,-101.88,14.63
2477,-94.82,-384.38,-112.32,-11.5
2478,60.36,-582.13,-118.01,15.15
2479,-70.56,-349.14,-92.67,33.66
2480,95.86,-453.3,-105.38,21.89
2481,-260.86,-491.01,-111.53,3.68
2482,193.74,-259.01,-106.47,26.34
2483,-35.46,-710.18,-93.71,46.5
2484,-28.69,-549.2,-93.47,32.99
2485,-72.88,-461.99,-98.0,8.0
2486,-157.83,-329.09,-125.51,-18.34
2487,158.38,-363.92,-91.6,49.25
2488,-25.78,-654.95,-86.49,43.18
2489,-83.35,-531.84,-97.94,24.47
2490,-28.56,-264.93,-108.81,4.53
2491,12.3,-605.47,-106.33,21.28
2492,0.62,-440.89,-100.32,29.08
2493,-50.83,-570.69,-93.93,27.72
2494,-69.87,-484.48,-106.93,10.35
2495,-143.82,-560.41,-104.41,13.04
2496,88.53,-440.01,-92.2,30.57
2497,-64.54,-425.81,-104.76,13.75
2498,-127.87,-226.9,-112.65,3.01
2499,150.53,-654.56,-90.97,44.29
2500,-127.14,-592.44,-105.43,21.09
2501,65.96,-448.94,-107.94,7.81
2502,42.9,-435.7,-97.2,24.05
2503,-40.06,-480.86,-91.41,23.78
2504,-266.89,-374.79,-96.95,23.61
2505,153.23,-509.53,-113.02,5.24
2506,-10.1,-629.69,-107.48,30.98
2507,-12.03,-525.72,-97.99,24.8
2508,-67.38,-290.35,-104.16,11.44
2509,-136.01,-478.18,-101.94,7.21
2510,58.51,-601.03,-95.64,32.43
2511,-3.42,-532.56,-101.4,20.81
2512,-8.29,-530.61,-95.95,26.48
2513,-60.19,-636.5,-111.19,3.37
2514,-42.05,-397.11,-93.61,30.19
2515,24.2,-248.98,-98.52,22.54
2516,-24.61,-646.43,-102.2,25.94
2517,-55.54,-559.03,-110.25,16.1
2518,-80.94,-130.34,-119.74,-22.3
2519,50.2,-603.72,-102.45,49.18
2520,-98.0,-439.34,-94.02,32.79
2521,45.94,-600.36,-115.22,8.94
2522,-18.15,-677.13,-116.01,17.45
2523,-2.99,-423.49,-96.81,40.85
2524,-38.31,-414.24,-103.05,25.22
2525,-20.92,-484.36,-111.54,13.69
2526,-51.98,-522.04,-94.07,38.66
2527,10.96,-547.81,-113.63,14.28
2528,22.25,-333.66,-106.09,22.5
2529,-17.82,-432.97,-104.95,23.79
2530,-60.44,-585.46,-99.08,26.97
2531,-12.52,-530.21,-107.58,25.03
2532,-5.31,-416.74,-105.18,17.92
2533,-30.17,-560.34,-99.71,18.65
2534,-44.34,-423.81,-102.67,23.66
2535,-131.74,-481.35,-106.89,14.55
2536,100.67,-339.52,-102.85,19.62
2537,-164.03,-684.9,-113.09,21.79
2538,57.79,-530.79,-115.63,22.23
2539,-79.25,-475.08,-108.13,10.01
2540,-0.2,-432.51,-122.92,10.17
2541,-37.33,-369.27,-97.26,37.16
2542,83.68,-569.07,-107.53,27.36
2543,-38.41,-507.44,-90.6,41.17
2544,-43.6,-285.98,-99.2,16.23
2545,-101.66,-608.47,-99.31,17.07
2546,32.41,-217.77,-114.09,-2.68
2547,22.32,-601.04,-83.81,50.84
2548,-13.27,-610.84,-93.15,28.2
2549,-75.03,-614.28,-102.94,13.63
2550,-108.04,-167.7,-98.04,-0.2
2551,63.87,-601.67,-100.81,14.66
2552,3.61,-537.2,-88.58,40.16
2553,-20.69,-525.08,-98.36,20.04
2554,-22.72,-531.53,-100.13,16.25
2555,-21.89,-408.43,-99.48,14.64
2556,-57.72,-391.86,-104.88,14.61
2557,-216.57,-546.79,-89.15,21.72
2558,64.51,-323.6,-107.63,4.11
2559,60.19,-589.43,-99.92,13.15
2560,-54.35,-660.42,-88.73,35.66
2561,5.13,-355.24,-102.08,21.72
2562,-32.05,-391.32,-114.31,5.2
2563,-44.7,-575.99,-105.96,10.49
2564,47.1,-361.35,-101.59,19.48
2565,-90.07,-488.14,-99.51,17.33
2566,-15.64,-397.94,-101.2,16.59
2567,-0.43,-638.92,-102.2,21.21
2568,-9.95,-496.03,-98.48,26.72
2569,-8.56,-496.33,-91.34,20.32
2570,-23.49,-392.86,-103.27,6.77
2571,-10.33,-449.22,-100.75,21.9
2572,-27.58,-489.8,-94.94,29.02
2573,-66.1,-528.1,-102.36,16.63
2574,15.21,-499.81,-104.17,11.89
2575,-31.79,-476.53,-101.24,13.51
2576,-104.98,-354.7,-103.97,11.76
2577,-126.59,-507.04,-105.03,7.54
2578,153.69,-649.56,-116.36,0.56
2579,-65.47,-287.39,-98.2,26.78
2580,-338.68,-431.55,-76.5,41.36
2581,216.25,-595.73,-103.86,22.47
2582,60.89,-546.49,-102.29,20.43
2583,14.93,-543.01,-96.12,12.28
2584,-57.92,-503.07,-93.33,16.99
2585,-6.31,-501.33,-99.51,1.67
2586,16.19,-280.75,-106.64,1.84
2587,40.45,-308.63,-106.97,21.79
2588,-100.34,-650.54,-87.25,31.33
2589,-18.89,-515.0,-93.84,23.19
2590,-3.89,-556.1,-94.12,19.05
2591,-8.31,-498.54,-105.47,7.98
2592,-50.6,-361.42,-98.41,16.69
2593,-168.69,-625.59,-94.72,13.99
2594,86.89,-501.81,-95.35,6.56
2595,3.11,-500.35,-91.77,10.11
2596,-238.68,-468.24,-85.88,8.89
2597,113.92,-485.26,-110.03,-2.57
2598,-172.99,-172.54,-122.34,-29.13
2599,155.42,-673.79,-93.15,41.56
2600,102.44,-410.38,-86.11,21.61
2601,-218.89,-521.93,-85.02,26.15
2602,106.65,-556.74,-100.56,14.04
2603,-6.52,-523.56,-98.72,17.96
2604,-13.24,-529.33,-99.12,17.03
2605,-79.32,-363.69,-116.29,-14.71
2606,75.35,-127.32,-138.64,-46.05
2607,-75.84,-696.9,-81.5,80.65
2608,-23.35,-563.26,-89.53,50.13
2609,4.2,-459.02,-100.52,21.15
2610,26.91,-461.2,-107.22,9.54
2611,-18.44,-560.03,-96.05,28.69
2612,-9.91,-498.3,-106.29,12.99
2613,-34.03,-517.78,-106.46,19.18
2614,-31.22,-515.09,-106.21,10.33
2615,-25.68,-506.94,-99.77,18.68
2616,-147.69,-488.09,-102.27,20.04
2617,-174.39,-346.06,-107.12,7.65
2618,125.86,-438.24,-135.61,-17.27
2619,72.99,-574.39,-85.86,43.41
2620,35.33,-492.61,-100.03,24.63
2621,-5.83,-467.62,-104.59,18.51
2622,-22.29,-560.93,-98.53,21.95
2623,-104.01,-534.68,-102.77,19.15
2624,-10.63,-448.86,-108.04,7.85
2625,-7.25,-352.89,-124.91,-20.89
2626,-144.06,-360.01,-114.91,9.21
2627,-69.7,-446.79,-101.56,40.05
2628,164.98,-490.67,-87.91,55.5
2629,-5.96,-602.83,-99.02,28.84
2630,-2.26,-553.48,-93.09,22.62
2631,6.11,-336.6,-95.77,20.43
2632,-50.92,-609.89,-94.1,19.46
2633,-31.72,-521.17,-96.1,16.51
2634,-25.79,-506.53,-102.65,16.05
2635,-22.67,-499.12,-97.69,17.36
2636,-27.06,-485.39,-100.57,12.48
2637,-21.25,-494.1,-101.63,12.87
2638,-51.89,-409.15,-116.5,-0.81
2639,-7.21,-348.8,-110.79,12.6
2640,18.29,-494.99,-107.4,14.84
2641,-208.25,-422.05,-92.28,30.75
2642,126.11,-536.19,-101.57,22.3
2643,-1.36,-550.08,-109.75,14.79
2644,8.81,-531.89,-91.76,22.04
2645,-220.44,-388.22,-92.3,19.05
2646,74.72,-506.15,-102.19,10.65
2647,23.48,-498.09,-96.35,31.69
2648,24.23,-356.66,-103.57,13.0
2649,-84.28,-545.7,-96.94,31.98
2650,-32.68,-411.02,-99.85,11.69
2651,59.69,-500.97,-113.07,6.75
2652,-10.75,-399.36,-104.71,12.86
2653,32.58,-272.39,-110.97,9.84
2654,-108.24,-756.21,-85.6,42.82
2655,-9.51,-518.35,-102.59,19.04
2656,-7.56,-500.91,-104.69,32.96
2657,-14.01,-523.33,-99.85,20.95
2658,-18.38,-507.37,-97.88,16.73
2659,-17.27,-496.74,-100.73,18.89
2660,-22.6,-497.48,-101.35,16.26
2661,-28.67,-507.39,-98.85,16.26
2662,-135.34,-425.15,-92.46,14.79
2663,58.86,-351.11,-110.79,1.25
2664,-19.08,-577.91,-110.48,-4.94
2665,-184.07,-344.39,-90.48,23.58
2666,144.95,-561.34,-94.52,17.59
2667,-3.81,-545.6,-84.48,28.53
2668,-44.45,-502.05,-103.57,7.92
2669,-112.88,-293.35,-102.18,6.77
2670,106.36,-370.02,-107.46,10.3
2671,4.93,-547.89,-90.09,40.69
2672,-20.6,-649.91,-92.18,33.32
2673,-16.27,-504.43,-89.48,23.72
2674,5.45,-497.68,-92.48,15.67
2675,-11.47,-496.9,-99.39,16.0
2676,-34.9,-503.75,-90.51,23.5
2677,-19.25,-474.0,-104.26,11.81
2678,-11.01,-446.17,-99.11,12.88
2679,-10.46,-396.27,-95.4,25.23
2680,-76.93,-514.78,-89.15,21.07
2681,-127.57,-434.67,-102.48,11.71
2682,-53.68,-430.4,-92.84,19.84
2683,89.32,-505.21,-107.47,5.98
2684,13.08,-486.59,-89.56,34.4
2685,-42.41,-571.64,-90.91,25.43
2686,-24.66,-427.29,-83.77,31.76
2687,19.59,-497.74,-92.56,24.69
2688,0.29,-544.72,-94.17,18.11
2689,-100.23,-309.35,-102.33,4.26
2690,52.49,-337.94,-98.57,17.25
2691,23.31,-558.61,-96.31,17.24
2692,-155.2,-568.6,-76.82,41.82
2693,-8.5,-549.48,-93.96,30.71
2694,109.83,-373.92,-104.77,17.03
2695,-27.51,-364.44,-93.48,13.85
2696,-11.89,-580.1,-99.7,11.5
2697,-13.59,-442.31,-80.46,26.1
2698,-5.74,-425.38,-101.95,9.46
2699,-16.95,-521.62,-87.94,38.08
2700,-72.48,-422.68,-106.44,3.96
2701,-82.15,-424.27,-101.35,17.31
2702,-20.95,-506.15,-89.1,33.51
2703,6.1,-437.21,-96.29,24.26
2704,-140.25,-546.03,-89.26,24.03
2705,91.75,-465.0,-94.67,21.23
2706,-58.92,-617.4,-102.68,10.47
2707,55.49,-291.04,-96.61,11.32
2708,-31.03,-357.85,-109.95,-15.07
2709,-15.94,-645.21,-82.87,54.26
2710,16.46,-474.05,-95.7,21.99
2711,-78.71,-459.88,-95.81,32.23
2712,-59.25,-538.03,-98.07,19.57
2713,70.4,-468.8,-107.71,10.06
2714,-3.31,-530.04,-95.9,18.67
2715,-17.11,-344.29,-97.7,21.71
2716,-119.62,-607.96,-101.31,20.01
2717,29.15,-357.44,-105.99,15.75
2718,-10.33,-449.01,-104.53,19.83
2719,-9.62,-496.78,-89.58,32.22
2720,9.3,-556.98,-101.68,10.37
2721,-80.41,-507.17,-98.99,11.9
2722,19.76,-460.71,-105.64,6.43
2723,-8.89,-508.95,-94.69,35.9
2724,-1.28,-358.61,-95.12,36.4
2725,-76.31,-486.92,-91.5,21.49
2726,-1.33,-332.15,-106.66,9.17
2727,23.63,-613.48,-97.64,32.05
2728,6.53,-442.21,-101.16,22.99
2729,-98.85,-500.08,-99.4,17.88
2730,-64.44,-480.16,-98.73,21.62
2731,44.7,-558.75,-100.89,25.37
2732,-146.02,-405.86,-95.88,20.47
2733,45.3,-467.09,-115.16,5.88
2734,-9.96,-538.81,-94.11,37.17
2735,-17.45,-259.01,-91.47,28.96
2736,40.18,-523.37,-100.92,22.19
2737,-147.77,-580.57,-91.1,33.62
2738,99.42,-498.26,-112.91,19.03
2739,-15.31,-486.67,-118.35,6.09
2740,-84.26,-373.92,-104.84,26.09
2741,-62.25,-512.5,-94.6,37.6
2742,39.13,-608.89,-105.48,16.66
2743,-170.02,-328.97,-96.76,33.84
2744,136.64,-322.96,-109.36,11.89
2745,11.38,-653.23,-108.87,35.06
2746,-0.1,-524.87,-105.36,34.63
2747,-22.69,-512.29,-107.06,24.4
2748,-51.65,-505.54,-104.89,18.69
2749,13.25,-450.3,-111.95,11.69
2750,-32.13,-579.95,-105.0,20.54
2751,-69.13,-513.62,-110.29,14.44
2752,-47.3,-371.15,-109.63,19.66
2753,-98.48,-320.11,-103.48,32.68
2754,-107.07,-593.48,-96.55,31.57
2755,133.05,-400.34,-106.79,25.51
2756,33.8,-552.04,-110.86,29.7
2757,-46.64,-571.45,-101.8,20.02
2758,-163.13,-495.0,-103.87,19.12
2759,-53.89,-550.91,-113.29,-2.24
2760,80.72,-105.11,-139.26,2.83
2761,96.56,-745.96,-92.3,57.3
2762,-28.11,-416.94,-91.32,45.67
2763,-296.76,-512.66,-89.63,34.9
2764,160.54,-541.29,-114.28,15.58
2765,-8.18,-449.1,-95.73,23.96
2766,-99.49,-509.31,-101.15,26.72
2767,-193.61,-466.72,-93.11,28.77
2768,178.82,-515.51,-107.88,22.45
2769,-39.5,-602.91,-100.67,30.56
2770,66.28,13.24,-121.41,-10.81
2771,-111.08,-687.1,-91.22,37.82
2772,-33.35,-634.53,-89.4,36.73
2773,-78.42,-547.92,-99.67,17.96
2774,-70.75,-606.91,-112.37,14.84
2775,120.5,-297.43,-117.81,14.48
2776,-2.81,-379.44,-102.28,34.93
2777,-83.47,-554.34,-100.94,19.91
2778,-20.86,-205.23,-99.57,6.12
2779,-22.51,-628.47,-99.94,26.49
2780,-319.47,-563.75,-81.44,36.84
2781,222.16,-487.19,-105.9,26.42
2782,-77.38,-403.45,-101.77,16.93
2783,59.92,-541.23,-98.04,23.54
2784,-12.87,-492.77,-103.29,25.83
2785,-136.07,-578.56,-109.9,11.32
2786,139.24,-318.77,-102.5,23.35
2787,-10.78,-413.35,-100.76,11.12
2788,8.5,-505.65,-104.62,26.64
2789,-95.46,-548.8,-99.65,23.97
2790,-35.11,-399.95,-111.16,-0.66
2791,-103.34,-404.7,-87.29,50.02
2792,16.68,-619.61,-105.87,27.7
2793,-177.86,-520.15,-109.3,4.87
2794,110.15,-459.92,-101.16,23.56
2795,-39.14,-423.01,-98.72,14.37
2796,0.02,-547.88,-95.57,22.2
2797,-17.58,-307.99,-116.42,-2.35
2798,-22.62,-519.17,-105.14,13.14
2799,38.26,-487.39,-103.54,18.44
2800,-73.89,-528.39,-96.39,24.98
2801,-85.43,-498.03,-110.04,13.29
2802,-51.37,-585.03,-109.87,15.84
2803,23.87,-414.18,-112.14,9.58
2804,-53.29,-314.9,-101.04,15.54
2805,36.45,-286.29,-116.97,-13.79
2806,-107.02,-723.31,-103.28,19.54
2807,85.6,-551.24,-99.29,22.94
2808,-66.54,-453.58,-102.85,10.94
2809,-78.12,-362.29,-107.9,9.17
2810,27.86,-485.61,-108.43,8.88
2811,45.83,-562.52,-101.86,33.09
2812,5.2,-512.42,-108.65,3.6
2813,-6.84,-355.1,-98.71,12.74
2814,-42.94,-350.13,-98.87,11.74
2815,-21.93,-672.94,-103.89,11.33
2816,-155.86,-511.93,-96.85,22.5
2817,41.18,-461.8,-101.74,24.21
2818,-18.6,-533.84,-105.92,16.43
2819,-141.59,-518.87,-102.52,7.23
2820,34.65,-571.77,-110.11,-0.5
2821,11.32,-319.52,-101.36,17.63
2822,33.52,-387.0,-103.31,15.58
2823,-26.22,-584.76,-97.01,28.02
2824,-112.12,-410.17,-105.58,14.54
2825,-29.33,-462.09,-103.23,20.04
2826,9.36,-416.11,-102.91,17.86
2827,97.12,-426.45,-124.94,-6.37
2828,-70.49,-681.74,-95.34,39.73
2829,-67.66,-456.48,-107.79,2.33
2830,-15.04,-620.13,-94.28,25.58
2831,-96.72,-431.79,-91.77,17.14
2832,-13.28,-330.61,-100.6,24.48
2833,125.51,-460.58,-114.67,3.87
2834,16.25,-401.49,-92.61,19.11
2835,-77.68,-479.45,-90.68,20.06
2836,-98.65,-569.1,-107.06,21.22
2837,80.14,-514.47,-105.76,20.81
2838,-63.31,-540.9,-104.69,15.21
2839,-2.17,-378.13,-114.55,1.64
2840,-27.62,-625.49,-96.68,32.27
2841,10.13,-480.6,-90.87,33.16
2842,-67.1,-503.24,-94.32,26.33
2843,-200.58,-395.62,-89.98,29.06
2844,166.37,-497.8,-107.74,9.2
2845,-27.28,-302.62,-109.98,13.43
2846,-151.59,-612.8,-87.48,37.38
2847,38.26,-657.62,-117.43,3.14
2848,38.07,-355.65,-104.64,18.66
2849,39.62,-446.35,-86.67,38.15
2850,-86.19,-476.03,-104.6,14.33
2851,-126.53,-539.43,-100.9,15.8
2852,67.22,-301.48,-111.98,8.27
2853,5.99,-462.03,-94.05,42.37
2854,59.6,-493.61,-109.17,20.74
2855,-35.9,-587.55,-111.27,2.54
2856,-28.72,-482.84,-100.48,21.31
2857,-112.69,-593.05,-100.98,15.18
2858,60.57,-449.8,-104.86,20.83
2859,-32.47,-471.55,-106.48,19.83
2860,4.8,-496.87,-105.23,19.82
2861,-20.06,-458.79,-103.94,20.38
2862,27.07,-442.29,-105.43,14.07
2863,-124.39,-497.26,-104.37,9.25
2864,-167.42,-549.19,-97.47,21.58
2865,188.13,-418.36,-99.46,19.97
2866,-77.54,-457.15,-95.06,12.7
2867,37.47,-382.37,-100.38,9.92
2868,-15.21,-636.27,-107.1,9.57
2869,-58.31,-521.04,-104.23,2.21
2870,-70.89,-418.13,-96.0,32.9
2871,-95.86,-510.48,-104.82,4.54
2872,93.81,-508.2,-100.95,13.68
2873,37.7,-382.44,-99.12,12.22
2874,-60.76,-534.08,-101.96,23.62
2875,-26.55,-473.48,-100.65,22.49
2876,-130.1,-658.78,-97.38,16.92
2877,110.41,-307.28,-108.43,12.73
2878,-0.69,-535.41,-104.9,20.12
2879,-110.99,-469.5,-99.08,27.56
2880,1.39,-457.2,-90.49,20.29
2881,23.98,-482.72,-103.23,9.67
2882,10.87,-480.6,-91.42,15.37
2883,-85.97,-434.66,-95.96,18.96
2884,25.76,-487.59,-105.77,15.72
2885,10.21,-363.21,-113.49,0.63
2886,-41.39,-553.05,-100.52,25.9
2887,-180.51,-635.8,-89.4,38.68
2888,120.02,-522.8,-99.13,13.25
2889,-30.38,-299.92,-99.32,17.82
2890,-36.43,-493.69,-101.93,26.4
2891,-45.91,-533.83,-93.62,29.54
2892,14.02,-585.62,-105.46,13.77
2893,-25.51,-430.6,-94.69,20.51
2894,-49.38,-361.41,-111.14,-2.27
2895,57.96,-234.82,-125.53,-16.82
2896,-130.3,-499.18,-92.39,26.7
2897,69.83,-652.2,-94.83,31.59
2898,23.21,-520.04,-105.68,10.92
2899,-50.94,-494.73,-106.48,25.17
2900,-2.55,-516.86,-100.89,11.83
2901,-22.85,-501.15,-99.58,17.56
2902,-90.15,-495.81,-90.17,22.01
2903,38.85,-335.24,-106.88,-0.31
2904,-33.04,-262.25,-138.99,-43.71
2905,5.99,-642.97,-79.71,68.57
2906,-75.96,-590.64,-80.25,43.5
2907,50.97,-435.64,-97.7,19.84
2908,-62.67,-490.99,-96.49,17.48
2909,31.64,-525.25,-101.33,8.64
2910,37.16,-444.5,-98.25,13.9
2911,-3.64,-522.15,-98.24,14.7
2912,-37.17,-507.51,-98.18,12.66
2913,-82.38,-396.08,-101.69,7.05
2914,-253.17,-385.28,-103.47,-11.02
2915,239.7,-273.02,-113.61,7.75
2916,-19.47,-639.58,-79.91,55.22
2917,7.96,-552.12,-86.62,29.0
2918,5.53,-565.12,-103.8,2.5
2919,-58.06,-497.53,-93.66,22.58
2920,-76.84,-457.26,-89.49,18.74
2921,37.18,-515.75,-96.61,11.31
2922,-14.15,-494.39,-97.54,10.65
2923,-38.19,-492.76,-101.92,11.96
2924,-64.26,-476.34,-90.23,11.35
2925,-37.77,-279.64,-116.9,-19.05
2926,-81.81,-129.19,-113.61,-13.6
2927,41.44,-726.03,-86.7,50.49
2928,36.81,-601.16,-98.33,25.98
2929,20.52,-529.69,-99.38,13.65
2930,-152.72,-490.79,-92.54,12.77
2931,90.76,-538.09,-97.99,15.34
2932,-11.94,-509.67,-95.32,8.5
2933,-17.04,-497.1,-94.19,1.47
2934,-215.43,-553.02,-96.58,-3.38
2935,106.27,-205.05,-140.86,-42.44
2936,-88.2,-18.42,-93.65,26.8
2937,127.47,-760.62,-93.16,39.25
2938,7.14,-598.46,-82.28,30.24
2939,-107.96,-548.25,-91.55,12.89
2940,6.08,-474.93,-102.63,9.94
2941,2.81,-499.9,-98.96,12.31
2942,-19.73,-515.38,-97.91,23.39
2943,-59.31,-512.91,-94.9,17.86
2944,-54.37,-403.52,-97.26,4.86
2945,61.82,-375.25,-108.06,0.99
2946,-28.46,-494.95,-103.93,26.94
2947,-111.51,-549.36,-109.45,15.02
2948,65.61,-447.44,-103.93,10.04
2949,20.67,-487.93,-100.88,16.87
2950,-198.21,-487.44,-107.99,4.26
2951,117.08,-441.12,-104.64,1.84
2952,-40.39,-457.9,-90.03,40.78
2953,40.02,-528.17,-93.82,23.31
2954,-18.59,-392.82,-102.6,18.14
2955,-26.59,-553.35,-104.27,6.65
2956,-48.38,-621.38,-103.66,12.57
2957,-168.03,-441.64,-97.23,8.84
2958,30.35,-293.98,-105.96,-7.52
2959,-39.17,-392.04,-98.48,23.02
2960,68.71,-624.37,-95.93,38.73
2961,-8.52,-532.17,-102.9,18.2
2962,44.16,-456.65,-107.29,13.85
2963,-18.15,-422.37,-100.82,8.77
2964,-70.42,-626.87,-95.49,16.74
2965,28.3,-225.46,-119.52,-8.13
2966,-121.24,-336.45,-113.77,-18.04
2967,42.93,-609.73,-102.35,49.74
2968,25.41,-440.97,-110.89,7.81
2969,-60.13,-622.33,-92.86,15.09
2970,-133.86,-527.59,-100.58,5.5
2971,78.98,-516.55,-98.13,15.0
2972,-24.0,-243.64,-100.22,11.15
2973,-18.36,-645.61,-100.68,33.83
2974,-146.39,-532.57,-114.61,-4.33
2975,124.81,-420.91,-96.22,18.75
2976,34.66,-444.1,-90.82,14.98
2977,-23.13,-303.58,-102.4,2.21
2978,-31.96,-653.48,-104.71,1.24
2979,-0.03,-320.15,-111.56,13.2
2980,-27.76,-653.55,-95.25,36.78
2981,-33.68,-542.32,-102.73,13.38
2982,-33.37,-379.64,-99.66,-14.14
2983,-8.29,-433.0,-99.31,40.85
2984,-93.69,-554.47,-92.51,25.21
2985,19.84,-461.74,-98.65,11.69
2986,-165.47,-216.67,-87.05,33.11
2987,25.14,-692.98,-101.15,17.05
2988,82.98,-339.61,-105.21,6.83
2989,7.79,-503.13,-98.31,14.89
2990,6.09,-480.04,-101.39,22.54
2991,-4.25,-583.45,-100.33,19.37
2992,-78.9,-429.59,-100.92,17.38
2993,32.02,-365.21,-88.18,23.65
2994,-51.06,-447.66,-93.79,15.23
2995,-32.67,-563.64,-85.05,29.06
2996,7.06,-544.15,-94.75,22.03
2997,-9.63,-566.6,-94.68,5.1
2998,-15.81,-455.87,-88.07,6.12
2999,-134.08,-467.75,-75.47,21.77
