,ch1,ch2,ch3,ch4
0,-68.06,-168.51,-112.33,19.29
1,-46.94,-846.55,-105.99,46.1
2,132.19,-320.77,-93.43,47.09
3,4.58,-513.73,-92.09,43.84
4,17.83,-370.8,-100.95,33.1
5,-64.32,-660.75,-104.79,31.01
6,-38.03,-457.79,-93.32,43.57
7,-86.58,-511.54,-99.84,34.64
8,-101.26,-653.0,-113.4,13.33
9,81.67,-332.01,-87.2,64.49
10,-86.57,-459.29,-92.59,42.32
11,31.33,-344.43,-110.27,27.39
12,-82.22,-438.31,-100.91,32.93
13,-104.01,-507.54,-116.02,16.81
14,102.96,-474.67,-93.07,49.74
15,26.9,-488.9,-97.27,45.58
16,-118.14,-490.01,-88.96,41.07
17,60.38,-470.23,-103.53,37.02
18,13.84,-291.46,-114.66,14.4
19,-176.72,-706.61,-99.47,34.68
20,79.8,-530.37,-102.15,38.11
21,-126.21,-461.17,-101.88,41.88
22,10.85,-478.88,-106.42,18.55
23,97.54,-175.14,-113.44,5.96
24,-0.39,-680.21,-92.51,46.54
25,-101.04,-518.07,-100.21,36.59
26,-14.13,-429.9,-104.03,29.94
27,44.59,-408.66,-107.34,32.37
28,-123.85,-587.65,-105.77,26.46
29,-21.61,-472.41,-93.73,46.76
30,-20.78,-507.01,-95.15,28.97
31,38.85,-338.58,-111.46,15.24
32,16.39,-566.26,-95.28,48.07
33,6.46,-496.08,-97.48,39.56
34,-35.46,-460.35,-102.5,27.45
35,27.87,-363.5,-100.51,21.51
36,-122.12,-582.39,-96.3,32.6
37,-54.5,-554.1,-102.01,30.92
38,35.36,-465.48,-110.42,19.54
39,-35.64,-444.01,-87.86,45.28
40,42.26,-474.13,-102.16,34.34
41,23.99,-395.26,-101.72,25.78
42,-3.19,-524.34,-106.55,25.05
43,-37.98,-591.92,-98.86,39.82
44,-42.55,-544.97,-104.88,28.37
45,-19.63,-356.67,-101.63,22.5
46,-272.61,-377.39,-90.92,25.98
47,157.35,-435.35,-106.22,28.81
48,-76.61,-572.39,-100.48,34.8
49,100.76,-505.88,-100.07,33.22
50,36.31,-451.68,-109.17,15.14
51,17.63,-418.66,-105.29,27.99
52,-25.15,-530.77,-106.14,20.81
53,-101.69,-540.85,-107.14,17.49
54,-67.12,-407.86,-95.23,24.58
55,53.32,-531.25,-108.92,20.49
56,-46.84,-450.98,-101.19,41.05
57,19.77,-494.02,-101.16,38.71
58,-55.31,-472.04,-107.76,32.83
59,51.1,-509.34,-102.5,31.35
60,-30.84,-423.11,-111.34,19.16
61,-35.3,-446.86,-98.84,38.1
62,-22.19,-542.93,-90.08,34.25
63,9.09,-457.16,-101.0,21.45
64,18.92,-471.81,-108.03,23.37
65,-58.49,-495.48,-88.62,37.09
66,11.06,-445.39,-93.51,37.0
67,20.3,-469.78,-100.93,25.17
68,-215.45,-516.88,-93.9,33.57
69,34.6,-464.16,-108.22,11.29
70,95.48,-254.52,-105.23,28.36
71,-166.07,-619.38,-89.23,35.5
72,48.61,-504.94,-106.93,30.15
73,30.74,-564.97,-105.2,34.75
74,10.63,-353.44,-99.35,30.75
75,26.58,-377.1,-101.94,25.44
76,-63.1,-621.07,-97.85,35.06
77,-131.38,-455.94,-104.78,21.87
78,94.2,-462.52,-103.99,26.55
79,-0.77,-532.77,-96.29,28.43
80,3.96,-458.52,-93.68,39.67
81,-121.46,-510.31,-116.43,27.33
82,32.98,-397.05,-107.12,30.99
83,-97.36,-457.47,-105.5,36.49
84,24.49,-569.53,-111.52,29.74
85,40.27,-454.74,-110.05,30.71
86,-67.47,-336.66,-98.74,29.8
87,-157.39,-481.57,-96.58,38.53
88,-114.28,-630.12,-102.18,22.4
89,128.88,-376.25,-102.31,30.83
90,37.6,-524.99,-103.62,30.38
91,34.77,-476.62,-109.46,21.39
92,35.02,-375.29,-108.31,28.45
93,-1.45,-484.84,-110.91,21.06
94,-74.51,-498.99,-96.4,37.04
95,-13.63,-434.86,-114.67,20.66
96,-4.47,-436.65,-99.23,30.56
97,-92.82,-498.94,-105.3,24.06
98,2.46,-554.31,-115.86,8.09
99,-139.31,-460.26,-89.4,45.71
100,-56.23,-440.72,-96.53,32.87
101,90.04,-465.69,-102.13,23.38
102,-101.27,-592.03,-100.49,24.35
103,-132.63,-452.94,-100.41,31.23
104,146.8,-374.95,-102.46,23.39
105,118.57,-302.63,-109.35,12.16
106,-75.3,-463.57,-93.16,39.16
107,-53.16,-608.31,-101.54,29.74
108,-51.5,-491.08,-97.9,35.77
109,-49.76,-541.76,-106.32,14.39
110,41.58,-497.09,-118.31,18.3
111,45.86,-327.8,-108.6,34.44
112,-88.64,-585.11,-110.68,25.66
113,-56.36,-292.74,-111.21,21.97
114,60.36,-468.48,-109.73,27.14
115,9.35,-532.19,-102.53,35.21
116,-112.74,-428.64,-111.72,20.16
117,71.21,-400.8,-99.61,26.09
118,-9.5,-605.0,-98.3,29.89
119,-89.72,-523.09,-93.96,32.4
120,12.83,-501.73,-99.39,24.43
121,-109.64,-494.24,-113.88,12.76
122,121.67,-421.15,-107.53,30.52
123,32.02,-474.89,-103.29,29.22
124,-25.14,-382.24,-96.24,36.79
125,-185.41,-385.76,-100.87,27.84
126,117.59,-567.99,-105.77,26.21
127,67.97,-371.42,-104.06,26.36
128,-37.37,-568.75,-105.68,33.05
129,-56.49,-459.03,-102.7,30.19
130,-49.92,-597.05,-100.38,31.69
131,38.16,-432.9,-106.96,31.37
132,-5.25,-417.25,-105.0,27.17
133,11.63,-306.96,-107.3,34.44
134,-131.85,-529.98,-95.94,46.52
135,62.67,-436.11,-106.48,33.01
136,56.98,-537.35,-111.01,22.75
137,-6.94,-559.29,-103.12,30.27
138,-14.0,-384.24,-99.05,26.63
139,-98.01,-497.19,-99.17,21.62
140,10.34,-488.26,-103.52,18.52
141,18.56,-459.7,-98.59,36.19
142,-44.79,-503.6,-96.55,29.72
143,-7.74,-519.94,-98.26,28.04
144,-162.91,-444.65,-103.31,22.28
145,149.13,-246.01,-108.52,16.17
146,-21.99,-610.76,-101.55,23.89
147,-129.59,-443.23,-93.23,33.81
148,78.38,-485.75,-106.21,15.37
149,-16.01,-456.81,-114.82,12.55
150,48.56,-357.48,-101.28,33.15
151,-17.87,-515.04,-105.16,28.97
152,40.61,-439.8,-110.09,16.76
153,-37.64,-556.96,-108.77,13.1
154,-21.72,-193.91,-108.56,6.81
155,-13.01,-654.78,-97.43,31.85
156,-1.05,-517.21,-101.02,25.54
157,-23.22,-491.66,-98.96,25.18
158,20.67,-467.06,-105.81,10.69
159,-93.14,-522.86,-94.48,25.22
160,-14.21,-458.79,-98.44,22.9
161,17.51,-472.62,-99.54,22.0
162,-60.37,-496.11,-101.31,17.48
163,-15.09,-445.5,-102.8,16.75
164,8.11,-454.33,-101.59,22.53
165,4.51,-449.45,-102.09,27.02
166,-78.63,-506.28,-103.57,19.45
167,9.81,-405.03,-107.95,9.88
168,53.48,-295.5,-115.27,12.24
169,-50.47,-626.69,-97.78,36.94
170,34.23,-449.54,-100.58,28.64
171,-38.33,-432.28,-108.32,13.56
172,23.38,-452.37,-104.13,11.38
173,-50.43,-426.74,-102.07,20.72
174,-27.05,-588.04,-103.7,25.28
175,-11.1,-448.05,-95.73,35.96
176,29.76,-450.34,-100.26,25.77
177,-42.43,-489.38,-96.16,30.99
178,8.06,-522.54,-110.77,22.78
179,-19.01,-468.96,-100.61,30.68
180,-18.65,-375.08,-104.43,26.48
181,-62.37,-517.57,-93.64,36.79
182,1.59,-496.21,-115.55,15.05
183,-65.84,-403.2,-100.72,34.0
184,78.46,-466.22,-94.8,35.47
185,-50.89,-488.79,-97.12,25.56
186,-77.18,-329.56,-113.35,19.29
187,108.46,-577.28,-105.85,30.44
188,-71.2,-434.4,-88.62,40.17
189,10.25,-409.11,-97.46,35.41
190,-5.24,-438.88,-112.52,13.57
191,19.75,-496.78,-97.36,43.34
192,-6.09,-521.74,-101.0,28.04
193,-99.2,-399.87,-105.3,22.25
194,21.32,-512.94,-111.1,22.81
195,-10.97,-458.21,-113.32,17.32
196,46.69,-365.38,-113.26,27.62
197,-57.59,-535.36,-94.26,44.76
198,-43.14,-432.25,-102.05,23.92
199,-14.05,-467.23,-95.71,34.12
200,45.92,-379.46,-105.15,28.38
201,5.38,-538.78,-102.25,34.47
202,-23.77,-532.81,-97.75,28.97
203,-34.26,-501.62,-103.11,27.89
204,-46.66,-452.81,-105.05,29.71
205,-69.22,-574.15,-111.9,19.11
206,43.76,-349.8,-100.35,33.18
207,-13.42,-348.21,-90.78,43.81
208,-77.06,-542.24,-100.25,43.64
209,14.95,-305.5,-108.5,27.83
210,-3.41,-546.21,-110.14,36.65
211,70.44,-386.48,-106.44,41.14
212,-15.45,-540.21,-106.02,39.23
213,-9.09,-410.94,-105.24,28.58
214,-71.99,-564.93,-109.92,33.56
215,22.96,-439.91,-107.19,35.3
216,-31.3,-511.26,-104.93,36.25
217,-59.49,-410.88,-109.21,31.97
218,-35.52,-372.68,-116.48,7.96
219,18.15,-460.48,-96.4,51.93
220,25.59,-528.77,-111.75,30.65
221,10.22,-530.55,-109.71,30.01
222,-43.37,-481.01,-104.15,37.15
223,-2.55,-427.66,-99.11,29.08
224,-179.32,-543.83,-104.87,30.74
225,92.25,-205.12,-124.43,13.62
226,39.93,-335.08,-109.88,34.26
227,-73.42,-651.32,-105.75,37.43
228,3.0,-527.34,-105.6,37.15
229,-23.48,-478.55,-111.5,28.46
230,-77.31,-438.23,-105.0,28.57
231,18.09,-370.5,-109.91,24.95
232,62.19,-534.28,-119.57,23.25
233,3.9,-451.35,-112.85,38.32
234,-61.83,-558.48,-109.75,36.39
235,-24.06,-483.99,-107.71,30.5
236,-71.83,-328.77,-104.79,33.7
237,10.27,-410.09,-114.64,24.34
238,25.14,-471.94,-108.26,27.11
239,-6.79,-505.55,-105.5,38.02
240,-22.03,-533.22,-111.78,28.39
241,-20.85,-502.48,-108.5,20.91
242,-51.93,-364.31,-101.92,31.72
243,-64.33,-431.89,-113.29,19.77
244,55.39,-568.12,-106.84,32.15
245,-48.21,-440.12,-104.58,30.47
246,14.46,-474.55,-96.07,31.32
247,-3.56,-498.01,-101.46,32.18
248,46.14,-338.29,-107.4,17.95
249,-58.83,-482.28,-110.98,23.51
250,-39.32,-333.29,-114.26,11.92
251,9.81,-432.04,-92.27,50.1
252,-49.4,-675.0,-95.97,36.82
253,30.02,-388.8,-101.93,24.01
254,-21.02,-455.22,-100.97,27.8
255,-100.79,-458.87,-99.36,25.71
256,-70.13,-577.71,-109.91,21.65
257,100.75,-407.76,-102.41,44.47
258,-10.49,-470.03,-101.46,32.65
259,-5.77,-458.38,-102.66,25.26
260,-2.98,-455.31,-103.46,25.74
261,-116.13,-434.87,-97.79,35.25
262,-47.62,-502.35,-105.32,15.18
263,36.57,-256.76,-106.1,21.08
264,36.42,-451.18,-103.63,33.38
265,-16.81,-589.67,-106.01,24.92
266,-13.9,-452.17,-99.3,31.9
267,5.39,-593.54,-104.45,20.09
268,5.52,-265.26,-96.63,20.81
269,-61.73,-641.07,-100.2,25.01
270,-20.75,-453.76,-101.07,31.55
271,6.84,-294.86,-105.69,16.96
272,-32.84,-589.86,-104.47,27.24
273,7.02,-372.62,-102.2,25.98
274,-57.51,-402.53,-106.67,23.18
275,-0.98,-448.59,-110.4,19.6
276,-98.58,-581.18,-100.89,30.03
277,-39.32,-543.48,-105.47,18.88
278,15.49,-419.15,-97.24,28.62
279,35.24,-473.57,-107.27,10.46
280,-104.11,-479.45,-102.77,24.92
281,79.8,-313.32,-104.51,21.23
282,-39.83,-534.42,-95.6,30.72
283,-27.68,-562.19,-104.55,20.52
284,-7.99,-409.81,-105.43,21.27
285,-33.76,-453.93,-108.48,24.16
286,-31.66,-517.02,-107.05,19.05
287,-46.15,-457.18,-107.39,13.23
288,79.68,-267.91,-105.58,30.23
289,-40.56,-704.41,-100.98,34.26
290,-50.72,-458.81,-98.58,33.97
291,10.8,-464.19,-99.44,26.09
292,-29.09,-517.35,-101.42,25.02
293,-93.23,-441.79,-99.33,19.08
294,37.64,-496.48,-106.35,18.56
295,-6.45,-481.99,-97.85,30.33
296,-62.52,-473.91,-106.36,17.93
297,8.56,-381.62,-100.59,28.48
298,-12.23,-456.36,-99.62,32.05
299,-27.98,-512.38,-92.98,34.38
300,-122.97,-509.03,-95.72,28.91
301,34.89,-435.19,-104.91,18.02
302,24.74,-448.79,-105.47,27.19
303,-81.54,-389.31,-103.17,35.09
304,12.25,-628.46,-103.64,29.28
305,-26.02,-440.64,-107.89,24.75
306,10.1,-421.43,-101.63,34.57
307,-14.37,-258.36,-98.16,33.16
308,-7.82,-602.04,-112.62,28.92
309,-27.52,-580.11,-105.18,30.23
310,18.67,-379.91,-106.5,28.66
311,-44.3,-537.64,-101.66,26.72
312,-2.73,-430.33,-108.07,22.73
313,-106.19,-454.03,-103.5,26.65
314,41.85,-443.79,-111.03,28.38
315,-21.52,-538.7,-105.81,22.05
316,-60.99,-555.56,-108.01,28.73
317,-40.9,-448.78,-113.29,17.35
318,32.63,-450.16,-100.85,46.35
319,2.01,-471.15,-98.89,39.84
320,-43.42,-498.86,-104.21,31.31
321,-23.84,-177.05,-117.81,6.11
322,13.48,-613.68,-97.23,46.89
323,-32.44,-519.0,-97.8,37.0
324,-91.33,-468.21,-103.28,32.1
325,55.42,-500.08,-101.38,27.59
326,-13.33,-497.86,-102.57,25.78
327,-78.65,-330.8,-113.37,8.98
328,-3.97,-527.1,-105.85,30.27
329,42.37,-394.25,-108.4,29.18
330,-30.0,-558.17,-101.34,36.1
331,12.62,-243.19,-101.68,23.17
332,-24.42,-607.41,-102.93,20.33
333,-34.52,-627.1,-99.16,40.19
334,-106.81,-414.06,-97.29,37.16
335,50.32,-350.27,-115.14,11.64
336,-13.98,-577.24,-102.18,46.36
337,-65.72,-521.16,-105.06,36.2
338,-8.76,-302.33,-114.15,23.36
339,11.98,-410.58,-99.73,45.34
340,3.35,-498.87,-103.38,26.09
341,-62.56,-569.63,-110.23,29.65
342,-13.98,-352.16,-110.91,20.32
343,-21.51,-574.61,-101.35,42.97
344,-8.74,-556.58,-111.14,21.21
345,3.74,-440.63,-106.29,34.54
346,-37.36,-501.86,-103.69,32.81
347,-104.41,-444.16,-107.2,19.74
348,13.61,-434.21,-98.74,33.41
349,0.12,-569.49,-105.02,20.62
350,27.01,-328.79,-109.08,15.8
351,25.27,-447.9,-102.54,27.66
352,-111.71,-563.27,-105.38,25.04
353,-3.08,-467.19,-105.06,21.27
354,-8.55,-531.45,-114.98,11.53
355,-76.91,-377.29,-106.25,15.54
356,50.63,-534.36,-103.02,28.37
357,1.33,-484.6,-111.01,16.54
358,-75.8,-459.29,-101.74,23.79
359,25.35,-233.18,-115.97,8.18
360,-13.84,-573.88,-105.38,32.69
361,-12.04,-556.87,-99.42,25.08
362,-23.89,-476.12,-104.43,19.4
363,-22.95,-484.71,-110.37,15.51
364,11.59,-414.9,-108.17,24.1
365,-20.61,-456.55,-106.82,17.63
366,-25.44,-516.43,-97.88,24.75
367,-47.71,-509.37,-99.15,21.65
368,10.22,-486.19,-99.99,23.18
369,-14.48,-521.97,-98.63,20.73
370,-20.29,-485.01,-98.21,24.52
371,-13.64,-504.36,-97.79,17.18
372,-42.31,-460.32,-103.15,14.02
373,-36.5,-427.2,-101.84,18.63
374,-30.74,-369.62,-105.35,5.51
375,15.2,-492.58,-98.32,26.93
376,-12.0,-304.78,-106.96,23.41
377,21.27,-502.25,-105.64,21.95
378,9.27,-556.9,-94.51,36.22
379,-14.47,-401.66,-99.0,26.26
380,-14.78,-582.89,-108.22,22.96
381,-22.5,-490.15,-105.57,19.37
382,-79.64,-464.13,-98.39,21.52
383,57.12,-363.41,-99.15,25.89
384,-23.06,-442.07,-96.56,28.71
385,-14.92,-517.35,-97.86,28.42
386,-8.8,-484.36,-99.59,29.64
387,-19.3,-423.56,-95.65,30.57
388,-33.8,-461.72,-102.09,17.2
389,27.62,-390.42,-93.83,21.25
390,-22.79,-476.27,-99.65,25.97
391,-4.27,-462.39,-105.42,16.74
392,-34.71,-553.22,-102.24,26.04
393,-171.7,-653.12,-102.55,10.69
394,103.25,-178.4,-93.58,23.66
395,-13.08,-462.38,-99.8,18.36
396,-32.84,-481.64,-96.16,25.9
397,28.16,-534.28,-95.14,28.1
398,-8.54,-417.86,-104.84,18.43
399,28.63,-326.01,-101.83,21.11
400,-30.36,-475.64,-101.2,25.45
401,-31.03,-451.41,-103.75,21.34
402,-17.03,-618.43,-101.42,24.06
403,-38.94,-483.38,-94.04,32.78
404,17.63,-427.81,-110.35,17.79
405,-63.41,-417.2,-99.51,26.64
406,-17.88,-517.37,-98.31,35.07
407,46.63,-482.93,-105.9,25.82
408,-22.36,-468.79,-103.21,22.5
409,-47.5,-471.05,-101.77,23.36
410,-26.99,-506.44,-110.36,15.25
411,-10.89,-299.33,-114.25,10.66
412,-1.18,-567.0,-98.1,49.06
413,-34.18,-324.53,-103.57,23.36
414,0.35,-505.34,-97.79,19.03
415,-13.91,-346.41,-102.31,24.11
416,-21.27,-533.88,-96.98,30.65
417,-3.32,-532.18,-101.73,15.69
418,-48.62,-546.2,-101.28,15.03
419,-16.77,-490.6,-103.85,26.37
420,-8.33,-523.9,-95.75,25.55
421,-11.8,-485.31,-89.25,23.73
422,-46.5,-529.82,-89.24,23.39
423,-32.56,-479.05,-101.67,21.54
424,17.71,-442.16,-99.93,27.19
425,13.09,-374.68,-93.81,27.8
426,-40.15,-452.96,-102.68,17.46
427,-26.07,-406.69,-99.1,31.79
428,-55.2,-519.25,-104.79,16.93
429,22.39,-420.23,-104.15,26.52
430,-0.13,-561.59,-103.03,27.69
431,-18.41,-498.87,-94.62,34.62
432,-45.29,-473.79,-99.98,22.19
433,-7.6,-330.46,-97.02,29.67
434,-10.6,-607.2,-110.21,17.32
435,-29.5,-479.69,-108.6,29.52
436,-51.66,-567.78,-98.9,36.43
437,-29.64,-370.28,-93.44,34.18
438,5.39,-442.13,-107.42,26.2
439,-7.39,-547.48,-101.86,35.91
440,-3.03,-498.88,-102.74,30.32
441,-22.62,-511.69,-94.51,35.38
442,-21.04,-499.55,-96.68,27.73
443,-35.33,-512.75,-96.98,23.44
444,-86.67,-464.05,-106.24,19.34
445,10.16,-482.26,-97.32,24.79
446,21.81,-445.32,-104.3,23.27
447,-16.19,-514.57,-100.57,22.67
448,-16.06,-444.43,-100.12,28.15
449,-26.61,-506.0,-101.19,19.28
450,-78.52,-511.44,-105.14,22.92
451,21.74,-349.58,-99.26,31.09
452,-10.41,-485.72,-102.19,26.04
453,19.55,-323.94,-105.26,21.14
454,-49.67,-590.9,-101.01,27.92
455,-84.72,-463.41,-95.8,21.04
456,60.3,-534.81,-99.48,27.88
457,-17.64,-542.21,-101.41,20.21
458,13.61,-461.52,-100.24,31.79
459,-25.12,-555.8,-100.52,29.47
460,21.53,-401.94,-107.68,12.68
461,-104.32,-530.23,-92.57,31.31
462,41.94,-365.75,-92.72,19.69
463,-4.08,-440.51,-98.79,14.5
464,-78.56,-476.81,-96.56,27.22
465,5.37,-500.41,-88.7,27.29
466,-27.18,-597.72,-107.49,23.46
467,-13.04,-368.18,-103.67,31.26
468,15.26,-491.55,-94.79,31.88
469,-31.02,-454.66,-89.12,31.1
470,-57.86,-398.87,-101.84,24.48
471,19.93,-527.44,-102.54,19.94
472,61.46,-277.82,-102.82,24.41
473,-72.17,-659.98,-97.5,24.43
474,-37.9,-369.02,-89.77,45.72
475,27.22,-449.44,-100.28,20.29
476,-22.47,-382.83,-98.74,21.76
477,13.94,-515.8,-97.58,25.7
478,-24.8,-453.1,-90.19,38.19
479,-41.95,-565.57,-94.59,41.03
480,-8.94,-507.47,-89.08,28.22
481,-9.03,-439.69,-90.44,39.62
482,-45.54,-447.08,-99.19,33.81
483,11.27,-479.48,-104.59,24.91
484,-54.6,-442.6,-89.55,35.89
485,38.96,-444.37,-98.75,28.49
486,-7.12,-442.67,-97.87,28.49
487,-56.19,-492.32,-87.7,29.57
488,-62.91,-458.36,-96.01,23.43
489,46.06,-466.2,-102.15,24.23
490,10.29,-364.28,-97.84,23.39
491,1.44,-414.72,-91.17,26.63
492,-70.8,-565.47,-89.47,32.79
493,-31.1,-540.76,-98.2,14.8
494,67.24,-189.91,-108.98,3.4
495,-41.47,-596.96,-88.47,31.75
496,-4.88,-482.57,-93.83,16.28
497,-24.85,-248.56,-99.98,22.15
498,-33.8,-613.97,-94.94,30.79
499,-47.76,-558.97,-87.56,30.05
500,-29.65,-505.8,-100.67,12.21
501,33.19,-384.18,-93.05,34.82
502,-7.12,-429.59,-89.85,27.76
503,-9.25,-439.63,-82.49,29.78
504,-13.42,-537.61,-90.59,29.49
505,-31.57,-509.16,-95.73,27.36
506,-17.65,-335.62,-104.17,10.96
507,33.54,-396.7,-94.67,34.34
508,-135.73,-606.02,-99.27,25.75
509,56.01,-295.3,-102.41,19.33
510,-7.67,-544.18,-86.76,47.74
511,-43.92,-526.53,-89.24,43.87
512,-120.93,-488.3,-101.14,30.75
513,31.9,-536.82,-96.89,50.91
514,34.95,-506.89,-108.93,28.44
515,-54.22,-468.2,-119.32,9.79
516,20.71,-445.83,-94.62,57.17
517,1.34,-442.01,-100.47,33.13
518,-66.43,-467.92,-100.47,23.74
519,-80.78,-394.93,-93.7,37.83
520,63.56,-455.25,-99.44,40.73
521,12.72,-470.17,-102.15,38.1
522,-274.15,-495.04,-99.22,30.09
523,146.37,-574.4,-107.55,20.37
524,-11.3,-585.92,-106.45,19.1
525,12.17,-377.89,-91.75,46.35
526,-10.6,-502.79,-96.36,43.19
527,-40.5,-540.76,-97.7,32.04
528,14.88,-319.72,-100.32,27.03
529,-22.61,-535.11,-105.46,16.79
530,-13.52,-460.97,-94.44,41.74
531,-40.08,-418.42,-95.14,32.6
532,-10.24,-374.06,-103.52,22.35
533,-132.01,-662.04,-98.17,38.86
534,35.83,-489.49,-102.06,21.59
535,-45.71,-461.95,-103.4,23.89
536,-21.01,-394.19,-101.1,28.13
537,22.17,-563.44,-101.3,36.6
538,-7.97,-588.21,-107.17,16.6
539,-76.41,-381.99,-93.18,28.56
540,13.88,-487.71,-99.44,35.92
541,-87.45,-523.69,-96.86,26.21
542,-12.32,-472.59,-105.24,11.24
543,25.37,-432.41,-92.16,21.79
544,-53.01,-406.34,-96.72,28.71
545,-7.62,-525.12,-107.39,31.23
546,-15.18,-476.04,-104.54,30.93
547,54.35,-467.27,-105.81,20.41
548,-38.09,-491.17,-104.61,9.39
549,-49.41,-415.89,-96.16,27.91
550,-2.75,-562.78,-104.13,27.01
551,1.34,-436.58,-97.67,25.86
552,-10.04,-489.95,-108.21,17.86
553,-29.58,-595.87,-109.19,26.85
554,-47.27,-486.26,-96.96,37.51
555,7.2,-467.76,-102.71,21.44
556,-52.54,-404.7,-95.08,30.74
557,32.32,-493.69,-102.98,25.44
558,-111.29,-512.44,-104.8,22.45
559,-23.05,-317.9,-105.61,21.37
560,95.63,-336.92,-105.21,23.62
561,-16.71,-602.05,-99.72,39.54
562,-22.13,-544.14,-94.86,31.93
563,-17.43,-522.02,-99.16,32.81
564,-22.66,-478.83,-100.17,26.15
565,-128.22,-540.8,-102.22,21.66
566,-36.91,-404.89,-96.9,29.19
567,81.92,-371.29,-112.2,14.74
568,14.69,-496.65,-93.45,44.68
569,-33.85,-556.16,-97.65,39.16
570,-0.38,-369.21,-106.03,35.38
571,-3.47,-559.32,-101.2,42.15
572,3.42,-356.96,-107.38,32.69
573,-88.05,-351.27,-99.02,18.09
574,38.33,-650.34,-103.5,39.86
575,1.68,-504.71,-104.5,38.49
576,-27.04,-535.9,-110.21,33.03
577,-85.21,-515.12,-111.95,27.81
578,15.46,-472.5,-104.89,43.17
579,0.91,-460.91,-101.47,46.48
580,-39.99,-481.53,-101.82,32.74
581,-11.17,-495.47,-101.09,30.86
582,-34.81,-435.49,-104.81,17.8
583,-12.93,-441.5,-101.12,40.93
584,-49.72,-488.33,-99.3,35.63
585,-46.35,-441.28,-97.54,34.63
586,34.07,-521.38,-97.62,39.07
587,3.11,-467.23,-99.26,37.17
588,-6.66,-471.07,-95.6,33.97
589,-30.11,-516.62,-96.32,30.38
590,-96.52,-494.86,-83.88,31.11
591,-102.68,-442.17,-100.06,32.18
592,66.48,-401.38,-130.24,-3.23
593,4.95,-175.07,-110.09,26.51
594,47.32,-565.32,-85.95,54.96
595,-31.76,-611.37,-90.37,45.28
596,-24.08,-497.05,-94.94,30.08
597,-1.19,-532.73,-94.89,38.85
598,-18.14,-464.24,-97.26,31.35
599,-43.29,-467.74,-103.03,23.77
600,8.73,-486.93,-100.24,27.82
601,-28.03,-500.62,-92.52,46.75
602,-21.42,-506.3,-95.07,34.11
603,-62.03,-546.38,-102.23,30.95
604,1.91,-405.49,-102.16,30.78
605,-17.11,-440.02,-97.58,33.41
606,-19.12,-515.76,-102.4,27.76
607,-28.9,-306.02,-103.38,19.1
608,-59.1,-240.43,-91.19,27.93
609,28.19,-653.14,-103.2,26.15
610,-49.72,-562.71,-94.87,33.9
611,-17.45,-579.05,-102.94,23.39
612,29.79,-433.45,-99.38,28.49
613,-19.01,-494.36,-103.55,31.39
614,-18.94,-478.12,-97.96,24.47
615,-33.18,-489.41,-103.95,20.66
616,-98.88,-449.02,-102.63,-1.41
617,-24.07,-195.46,-129.18,1.58
618,7.38,-554.4,-85.34,61.71
619,35.8,-434.38,-97.76,29.52
620,-14.2,-576.43,-95.35,32.51
621,5.59,-515.95,-105.9,21.12
622,-31.68,-496.54,-95.09,30.34
623,-84.41,-499.74,-92.96,21.71
624,-14.28,-501.94,-95.95,26.27
625,15.09,-556.73,-114.29,15.87
626,-1.17,-414.82,-96.27,26.98
627,-26.36,-440.39,-98.77,25.02
628,23.93,-442.21,-100.32,25.77
629,-3.15,-455.09,-98.16,23.33
630,2.2,-457.02,-97.99,13.95
631,-29.35,-495.31,-96.65,26.3
632,-76.59,-423.44,-102.36,7.32
633,30.14,-109.14,-102.25,14.98
634,-4.94,-691.03,-90.63,38.85
635,-31.97,-563.03,-95.68,24.78
636,2.04,-518.54,-97.4,18.69
637,8.13,-469.5,-90.11,31.16
638,-12.65,-482.16,-96.09,26.99
639,-57.49,-399.06,-92.26,20.97
640,-23.22,-489.48,-97.05,26.86
641,12.27,-507.96,-104.32,16.04
642,-60.03,-394.53,-94.05,34.49
643,-47.91,-515.59,-100.15,36.67
644,66.46,-460.61,-103.14,22.67
645,-10.92,-514.54,-103.81,18.31
646,-5.47,-442.22,-97.08,30.0
647,-49.09,-435.91,-94.95,17.47
648,-10.33,-431.16,-93.96,26.89
649,3.33,-550.44,-97.45,29.19
650,-16.29,-506.13,-100.1,25.85
651,-43.5,-473.96,-97.75,27.31
652,14.0,-457.32,-101.6,27.56
653,-22.09,-523.21,-105.73,26.27
654,-48.27,-404.55,-105.72,12.09
655,-73.6,-138.77,-108.71,2.5
656,16.04,-696.53,-92.55,46.02
657,3.81,-553.08,-96.21,30.02
658,2.07,-459.06,-102.04,26.32
659,-10.09,-481.16,-103.09,24.23
660,-18.32,-492.74,-106.84,30.4
661,-28.9,-555.26,-99.3,19.21
662,-36.61,-359.35,-110.6,5.88
663,-27.47,-422.78,-92.77,33.23
664,-30.56,-552.09,-99.93,28.18
665,12.22,-436.24,-101.94,19.34
666,22.97,-429.99,-102.97,18.72
667,-13.82,-433.38,-102.21,23.59
668,-44.3,-583.26,-103.37,17.7
669,-41.1,-538.6,-103.58,26.8
670,-25.15,-445.51,-99.23,24.26
671,-12.03,-479.77,-101.3,18.39
672,-34.12,-502.25,-96.65,23.2
673,-20.83,-555.02,-109.7,19.8
674,-9.45,-454.35,-113.16,15.52
675,-22.7,-410.49,-108.42,24.37
676,-32.11,-514.06,-99.47,27.82
677,-51.57,-346.45,-104.57,14.63
678,-29.29,-509.96,-94.54,29.04
679,-13.26,-577.95,-105.14,22.35
680,7.92,-378.56,-105.5,25.6
681,53.32,-271.4,-108.87,21.58
682,-55.69,-598.29,-101.74,31.15
683,-14.27,-548.42,-94.46,32.23
684,-21.12,-506.81,-98.16,22.61
685,-25.44,-474.83,-107.52,21.73
686,-18.28,-511.87,-102.3,21.97
687,-19.56,-463.05,-108.02,17.8
688,-23.89,-457.51,-98.06,29.55
689,-67.92,-461.44,-97.1,23.36
690,5.85,-379.28,-96.96,18.19
691,39.61,-413.17,-106.82,15.58
692,-3.11,-408.17,-105.57,16.7
693,-71.02,-469.08,-101.78,31.85
694,7.55,-502.29,-94.38,29.18
695,-17.54,-456.48,-97.87,26.7
696,-44.34,-482.0,-97.24,27.41
697,-26.55,-582.63,-95.39,22.04
698,-63.6,-322.89,-111.91,4.13
699,39.15,-455.76,-110.3,14.31
700,18.82,-496.42,-89.28,44.68
701,-9.34,-474.49,-103.62,28.06
702,-130.41,-400.06,-105.23,15.34
703,36.81,-347.31,-115.0,9.74
704,34.5,-516.59,-95.86,37.58
705,6.11,-507.63,-94.66,39.01
706,-91.21,-463.45,-102.61,21.2
707,-68.48,-423.33,-117.22,-0.89
708,117.65,-306.47,-116.01,14.82
709,10.37,-583.37,-93.74,41.19
710,-3.66,-523.8,-100.88,28.36
711,-25.94,-511.58,-102.66,25.81
712,-21.95,-418.03,-103.18,17.49
713,-31.76,-413.44,-101.75,21.53
714,0.34,-549.15,-100.9,24.55
715,-22.9,-493.39,-100.68,33.97
716,-44.73,-502.13,-105.82,24.39
717,-140.49,-413.29,-108.5,16.75
718,86.78,-422.16,-104.14,25.46
719,-0.3,-548.47,-102.54,29.45
720,-25.45,-519.4,-108.0,16.29
721,-12.36,-441.32,-99.08,27.61
722,-33.44,-486.67,-101.27,27.89
723,-47.07,-310.25,-108.91,13.69
724,-50.91,-557.11,-103.99,18.73
725,9.38,-286.56,-110.53,20.22
726,9.3,-565.39,-94.21,38.48
727,-6.12,-513.88,-101.34,32.71
728,-6.94,-522.43,-103.96,22.84
729,-46.94,-477.07,-97.63,20.14
730,-30.3,-520.26,-105.57,22.81
731,-34.91,-490.29,-107.38,20.85
732,-5.64,-340.97,-106.34,20.78
733,-4.28,-490.09,-102.54,26.85
734,-14.23,-547.3,-104.06,22.6
735,-99.91,-402.94,-111.81,7.99
736,22.64,-410.99,-99.31,19.19
737,3.35,-471.8,-105.22,27.17
738,-4.84,-529.79,-104.32,33.57
739,-16.7,-528.8,-99.5,29.76
740,-55.96,-529.43,-104.05,24.38
741,-53.7,-438.57,-103.27,24.75
742,3.34,-493.49,-105.71,22.58
743,5.64,-483.39,-105.56,28.77
744,-12.61,-486.25,-103.96,27.21
745,-20.0,-488.76,-97.91,23.69
746,-62.34,-487.37,-95.0,24.7
747,-5.1,-484.33,-99.08,22.15
748,-10.86,-474.87,-101.02,22.28
749,-48.89,-496.9,-104.55,21.63
750,-27.31,-454.89,-103.92,26.48
751,9.98,-469.62,-109.32,-5.27
752,-12.03,-462.76,-137.31,-62.67
753,2.41,-465.22,-188.47,-78.88
754,-7.0,-464.65,-168.14,-135.66
755,-12.87,-465.27,-157.0,-79.92
756,-8.99,-473.5,-356.92,-155.87
757,-66.89,-492.85,-157.52,-48.84
758,-80.24,-440.26,-137.11,-125.63
759,36.33,-474.54,-198.16,-143.13
760,-99.91,-419.75,-500.35,-461.47
761,252.21,-444.58,-501.58,-615.33
762,60.98,-569.35,10.65,35.05
763,-48.31,-532.37,-223.02,33.9
764,44.17,-507.19,-373.4,-157.41
765,0.95,-548.26,-185.66,39.89
766,-188.2,-515.52,-208.02,-20.26
767,114.08,-526.29,-13.46,-143.7
768,33.03,-494.95,-88.64,-156.75
769,21.55,-508.64,-299.6,-140.47
770,22.2,-465.68,-257.95,-140.4
771,-50.54,-538.99,42.74,68.27
772,-9.99,-494.42,-333.86,26.26
773,36.23,-434.93,-823.2,-330.36
774,6.42,-522.52,104.44,-56.04
775,-34.52,-503.8,189.0,160.18
776,17.48,-415.93,-99.15,-111.5
777,57.41,-427.22,-282.91,-417.04
778,-8.35,-507.24,-212.76,-56.44
779,-69.62,-533.77,-210.23,312.29
780,-28.28,-482.88,-237.13,-34.34
781,2.29,-435.0,-80.5,-75.98
782,11.46,-406.77,82.04,98.28
783,-4.43,-407.23,-47.18,76.52
784,16.09,-395.11,-8.76,16.24
785,20.43,-384.32,-127.02,-61.18
786,-42.33,-566.26,-5.45,-2.92
787,-8.53,-366.28,71.28,-50.79
788,23.65,-303.82,-157.73,42.34
789,-1.28,-368.46,-148.42,-60.74
790,10.26,-317.36,-112.41,42.57
791,27.29,-304.75,-122.47,-56.43
792,44.41,-353.8,118.21,-73.07
793,13.13,-450.82,-51.45,90.52
794,-37.33,-368.69,-179.22,-9.5
795,-3.95,-476.94,-119.47,-31.9
796,26.67,-258.79,-112.21,-36.95
797,82.21,-61.95,13.96,-40.5
798,65.26,-139.74,-115.11,-125.12
799,-11.64,-279.89,13.21,-86.52
800,31.93,108.93,-48.37,29.72
801,41.26,214.29,-107.26,-21.27
802,-5.82,-141.49,-201.2,-161.98
803,-2.85,-188.3,-166.1,-129.04
804,-1.4,-214.45,-151.29,-31.73
805,21.38,-221.2,-94.19,87.85
806,18.28,-287.21,-133.21,-69.33
807,10.82,-340.06,-183.69,-78.69
808,3.0,-394.22,-126.77,24.54
809,6.98,-409.29,-49.85,-17.23
810,3.37,-432.79,-58.93,-16.91
811,-7.41,-452.37,-134.4,-144.23
812,-10.35,-468.28,-224.57,-87.71
813,-30.68,-504.98,-150.87,-38.36
814,-21.0,-470.4,-25.7,-2.28
815,-31.55,-516.71,-114.51,-59.06
816,-15.23,-458.04,-129.15,-91.75
817,-37.09,-482.08,-86.85,18.25
818,-28.02,-613.16,-271.87,-141.54
819,2.41,-353.44,-103.37,-22.64
820,13.46,-302.87,-71.66,-63.35
821,2.84,-400.86,-148.3,-51.53
822,-30.33,-422.78,-194.95,-143.63
823,-19.14,-444.32,-99.98,-115.24
824,-16.98,-455.52,-51.92,73.84
825,-22.61,-433.26,-189.16,-27.73
826,-79.42,-605.68,-169.61,-100.09
827,-5.85,-760.85,-44.48,-28.15
828,34.38,-174.57,-126.07,-57.68
829,40.96,-198.17,-119.7,-106.53
830,10.53,-356.81,-77.01,19.07
831,0.47,-397.75,-81.58,26.8
832,-20.19,-404.09,-103.31,-96.85
833,-0.8,-410.05,-259.01,-84.73
834,-55.77,-446.45,-61.31,-3.89
835,-10.54,-428.1,-167.04,-47.0
836,-118.44,-412.4,-82.94,-47.74
837,-84.46,-485.23,-124.07,-102.27
838,120.97,-435.26,-88.19,-17.09
839,-88.47,-374.0,-181.0,-127.53
840,40.88,-478.99,-99.99,-71.36
841,19.22,-491.0,-133.34,-17.8
842,-13.07,-447.57,-243.71,-190.97
843,-105.61,-533.27,-79.56,55.03
844,95.34,-439.63,-79.35,24.82
845,-34.82,-421.23,-106.24,-115.29
846,4.6,-455.15,-188.6,-215.71
847,12.63,-408.98,-210.88,-53.14
848,-77.44,-437.27,-115.37,-7.83
849,3.24,-458.91,-107.98,-170.88
850,-120.3,-483.86,-55.51,122.09
851,-16.57,-382.8,-123.08,-61.56
852,90.48,-477.8,-108.01,-60.89
853,30.87,-444.87,-208.07,-66.49
854,-98.29,-346.27,-315.23,-348.99
855,-68.49,-399.03,-27.59,94.13
856,-105.5,-383.1,-80.42,-121.61
857,65.78,-408.26,-107.97,-86.19
858,69.41,-396.29,-295.08,-30.12
859,80.3,-346.65,7.67,-41.36
860,-158.69,-421.65,-277.9,-7.65
861,99.19,-473.02,-62.51,-41.74
862,-6.98,-403.31,-168.57,-119.37
863,-52.78,-580.08,-288.64,-155.41
864,-37.05,-438.83,-38.61,-30.34
865,46.68,-499.37,-101.38,-61.02
866,-53.81,-543.96,-131.3,-49.11
867,-182.6,-508.21,-27.58,-56.8
868,50.71,-398.68,-133.35,-269.57
869,-31.34,-488.94,-77.75,157.08
870,60.17,-538.21,-161.79,-114.64
871,-8.97,-432.25,-105.7,-94.28
872,-56.6,-433.38,-208.63,7.99
873,-17.51,-474.21,-111.2,-263.08
874,-11.49,-406.73,6.55,160.28
875,-142.14,-209.81,-108.85,-24.15
876,103.51,-413.16,-48.59,-58.83
877,-61.31,-648.35,-269.57,-145.81
878,21.46,-608.31,-103.76,-117.87
879,-98.38,-549.02,-118.96,13.18
880,120.86,-481.69,-104.8,-62.82
881,-43.6,-521.0,-266.34,-175.93
882,-13.12,-501.26,3.32,-30.55
883,-14.01,-469.14,-137.49,-88.66
884,-130.95,-328.27,-111.51,-135.61
885,-39.86,-384.37,-101.32,23.85
886,110.2,-405.41,-90.77,22.01
887,-79.56,-424.5,-82.05,-213.51
888,-55.55,-464.04,-108.75,39.55
889,112.46,-580.7,-146.85,-141.47
890,-34.67,-446.3,-63.48,-84.21
891,7.9,-536.33,-197.29,17.74
892,-126.18,-514.06,-128.51,-107.41
893,-36.91,-528.69,-155.09,-46.31
894,-78.32,-478.2,-142.3,-28.26
895,-43.31,-341.62,-161.64,-56.17
896,71.28,-477.04,12.31,-44.02
897,25.01,-456.75,-83.98,-104.69
898,38.56,-428.68,-97.51,-48.23
899,-84.12,-432.41,-114.68,-178.69
900,-30.61,-479.24,-44.37,-75.36
901,43.42,-350.7,-69.96,76.98
902,-19.68,-476.1,-130.37,-32.56
903,-19.14,-457.59,-96.63,-59.76
904,-50.23,-459.97,-135.48,-62.66
905,-337.46,-382.92,-254.88,-45.53
906,299.97,-546.8,31.5,-23.77
907,44.09,-400.18,-90.55,-14.05
908,2.23,-439.89,-105.03,-147.11
909,-73.85,-506.48,-72.88,0.31
910,26.0,-463.4,-104.01,-76.63
911,-103.61,-352.07,-93.01,-211.81
912,-16.5,-472.46,-71.68,78.19
913,27.5,-557.54,-87.41,-7.75
914,-28.02,-455.15,-82.61,-14.7
915,0.44,-449.76,-30.96,39.79
916,-249.32,-391.51,-269.49,-137.5
917,163.62,-546.34,-38.99,-39.79
918,27.92,-442.6,-101.58,-28.17
919,-74.65,-470.99,-59.21,-92.9
920,-61.43,-468.5,-116.56,18.03
921,86.25,-444.75,-73.56,-53.19
922,-1.19,-430.8,-131.64,-55.53
923,-17.2,-445.44,-100.6,-45.56
924,-88.47,-468.68,-150.98,-81.81
925,44.23,-461.62,-41.99,6.54
926,-78.62,-364.07,-138.8,-47.43
927,-84.31,-415.66,-37.93,-54.78
928,126.09,-457.43,-88.33,8.93
929,-35.6,-352.85,-123.78,-56.5
930,5.1,-475.2,-31.51,28.91
931,39.05,-458.87,-101.87,-42.85
932,-28.23,-363.41,-56.39,-43.32
933,-2.34,-480.69,-143.55,-66.63
934,-28.17,-555.23,-44.49,25.7
935,-16.1,-540.18,-93.11,-15.84
936,-44.69,-448.98,-100.49,-25.23
937,-78.98,-470.37,-215.0,-22.54
938,54.42,-441.29,-50.48,-1.46
939,-157.62,-392.95,-132.49,-73.5
940,-21.28,-295.86,-46.99,-94.17
941,130.22,-410.24,-104.03,23.39
942,4.02,-585.18,-149.96,-78.38
943,25.06,-486.78,-14.18,46.26
944,-10.8,-491.27,-90.82,-16.63
945,-11.38,-463.41,-40.99,-28.43
946,-2.68,-435.2,-98.65,-51.19
947,15.93,-286.56,-147.45,-19.81
948,-29.78,-357.28,-193.59,-30.0
949,-263.42,-590.62,-87.68,-38.72
950,168.93,-490.3,-27.86,5.18
951,-23.04,-498.8,-104.8,-46.86
952,41.32,-463.41,-133.97,-52.77
953,2.6,-449.99,-46.18,17.16
954,-17.87,-456.71,-76.47,7.41
955,-15.4,-445.51,-121.23,-28.89
956,-4.72,-412.54,-102.8,-55.73
957,2.75,-283.54,-93.76,-17.76
958,-29.46,-437.05,-65.94,-41.64
959,-157.65,-540.68,-79.07,5.81
960,-7.93,-455.29,-43.1,15.49
961,-46.34,-454.91,-130.28,-30.66
962,128.75,-517.78,-178.17,-83.28
963,7.54,-511.68,-3.94,40.43
964,3.51,-472.09,-98.96,-57.17
965,-11.28,-478.58,-69.58,26.54
966,-14.61,-462.96,-85.43,-13.16
967,-17.24,-452.8,-87.05,-15.71
968,-25.36,-442.23,-89.31,-18.73
969,-23.79,-450.88,-91.4,-18.22
970,-24.81,-458.41,-118.71,-14.66
971,-2.96,-446.07,-361.34,-100.13
972,-230.02,-370.06,83.79,-84.73
973,8.34,-346.39,-179.78,-18.67
974,164.74,-449.55,-36.77,51.43
975,38.77,-488.23,-101.44,-77.04
976,-9.84,-500.74,-52.6,32.12
977,-16.98,-492.69,-73.1,3.84
978,-23.48,-470.07,-85.71,-15.69
979,-22.94,-458.08,-86.27,-16.64
980,-26.64,-469.59,-87.03,-17.56
981,-19.22,-449.45,-85.44,-19.27
982,-17.53,-447.06,-83.69,-21.21
983,-309.78,-413.48,-108.63,-24.56
984,193.95,-463.84,-109.42,-23.69
985,51.57,-411.7,-161.34,-21.61
986,71.48,-331.52,-171.3,-168.59
987,10.4,-385.12,-106.84,22.77
988,-60.52,-580.57,-122.35,-55.39
989,1.64,-451.21,0.36,90.59
990,-29.82,-504.15,-33.89,4.29
991,-39.73,-479.29,-79.59,-29.16
992,-27.71,-475.07,-89.82,-1.15
993,-130.13,-419.41,-82.39,2.25
994,107.49,-395.63,-102.57,-15.94
995,-65.44,-408.35,-98.71,-49.61
996,87.92,-478.82,-86.71,-9.34
997,-7.55,-505.44,-77.99,-3.98
998,-17.69,-487.71,-132.91,-12.23
999,-40.27,-529.09,-119.92,-37.59
1000,-49.86,-467.71,-110.05,3.61
1001,-93.12,-363.09,-130.59,-2.89
1002,-25.01,-385.2,-90.14,-41.66
1003,-27.39,-461.41,-117.19,-58.44
1004,73.44,-347.03,-91.62,18.64
1005,88.46,-305.51,-78.39,-100.02
1006,-31.88,-504.15,-79.84,32.01
1007,-30.63,-465.84,-161.57,-19.54
1008,-17.96,-359.52,-122.11,1.84
1009,-59.19,-549.0,-123.7,-38.97
1010,-7.3,-338.86,-42.04,1.72
1011,56.85,-438.02,-103.46,-10.81
1012,-165.48,-610.65,-220.98,-100.16
1013,21.4,-587.01,-53.93,-25.15
1014,84.24,-438.47,-60.91,44.8
1015,10.95,-442.85,-102.22,-13.78
1016,-50.5,-470.78,-101.86,18.28
1017,7.92,-476.93,-220.14,-38.48
1018,-15.84,-522.53,-61.25,-39.9
1019,-75.57,-454.99,-44.42,28.59
1020,-29.8,-418.91,-146.6,-34.87
1021,12.39,-471.15,-71.66,-20.92
1022,-5.67,-456.43,-75.48,13.33
1023,-82.33,-337.71,-126.27,-5.17
1024,33.5,-348.96,-125.5,-52.87
1025,-2.47,-519.3,-68.91,1.42
1026,-9.24,-536.35,-73.39,-30.27
1027,14.23,-514.79,-195.51,-17.8
1028,-43.46,-478.02,-217.41,-169.06
1029,-15.1,-310.6,-70.68,-45.36
1030,57.29,-407.23,-25.78,81.56
1031,-11.08,-535.52,-61.56,-4.37
1032,-124.12,-484.06,-157.7,0.59
1033,44.2,-323.1,-84.8,-64.59
1034,29.63,-451.31,-134.59,13.14
1035,-100.4,-533.27,-164.6,-3.84
1036,11.08,-331.9,-16.41,-70.13
1037,8.63,-567.84,-225.63,-55.37
1038,-16.06,-507.48,-13.78,19.65
1039,12.48,-377.88,-109.19,-28.85
1040,-12.88,-579.84,-65.82,-80.51
1041,-48.82,-477.48,-79.1,18.87
1042,-115.67,-440.91,-97.13,-5.42
1043,92.84,-375.07,-187.07,-39.9
1044,-2.92,-322.48,-99.17,-34.42
1045,-13.73,-513.17,-125.8,-19.41
1046,-62.0,-467.06,-39.48,-0.13
1047,6.68,-503.29,-130.57,-75.21
1048,23.78,-513.4,-133.76,16.0
1049,-47.49,-438.33,-136.47,-78.11
1050,-6.13,-396.65,-127.63,-70.02
1051,11.87,-539.73,-40.77,-34.57
1052,0.41,-357.72,-61.07,32.4
1053,-14.97,-338.23,-156.94,-118.14
1054,-57.85,-584.24,-111.66,39.49
1055,-3.72,-441.81,-152.54,-61.61
1056,-83.05,-436.68,-122.56,-98.68
1057,35.86,-507.76,-73.09,5.08
1058,21.06,-340.56,-51.49,-66.86
1059,-3.11,-544.13,-87.35,4.01
1060,-23.28,-493.04,-67.98,-9.0
1061,-7.29,-518.49,-117.92,-2.57
1062,-44.42,-511.19,-86.85,2.56
1063,-13.13,-346.32,-82.84,-53.76
1064,-37.65,-413.98,-90.87,-8.28
1065,-64.26,-512.02,-120.45,-20.48
1066,50.91,-425.6,-259.4,-86.25
1067,-54.68,-528.3,-22.74,-5.5
1068,-20.69,-545.1,-129.03,-23.87
1069,29.52,-466.57,-31.95,-22.81
1070,-21.92,-443.58,-91.11,-65.73
1071,-22.14,-419.51,-226.45,-82.27
1072,-1.19,-380.79,-23.05,60.08
1073,-6.31,-300.91,-59.6,-64.21
1074,-45.49,-555.11,-143.8,-21.72
1075,18.58,-485.24,-44.68,-5.45
1076,-35.9,-449.06,-172.39,-58.78
1077,23.11,-439.92,-42.12,14.71
1078,-10.9,-441.27,-105.98,-15.02
1079,-46.7,-583.97,-144.62,14.61
1080,-59.69,-498.43,-125.24,-73.39
1081,-48.85,-475.58,-119.35,-54.42
1082,73.4,-436.01,-49.27,3.51
1083,16.07,-471.64,-104.67,-48.3
1084,-29.69,-499.09,-93.79,14.19
1085,-8.1,-458.08,-66.94,12.5
1086,-2.83,-400.89,-104.38,-40.56
1087,-14.57,-415.37,-81.65,-6.57
1088,-113.12,-408.22,-135.42,-21.79
1089,-17.63,-383.84,-115.19,-138.76
1090,20.98,-475.6,-57.6,43.94
1091,24.67,-619.85,-92.16,-3.95
1092,5.39,-493.45,-176.7,-70.34
1093,-13.23,-502.86,-49.94,13.07
1094,-16.52,-475.99,-65.2,4.21
1095,-16.97,-458.05,-85.07,-15.46
1096,-17.96,-449.38,-86.75,-11.99
1097,-22.4,-437.69,-90.51,-17.93
1098,-16.04,-448.13,-90.51,-12.25
1099,-13.83,-438.52,-110.95,-8.94
1100,-52.48,-286.88,-331.85,-182.51
1101,-11.98,-239.83,-42.05,-25.28
1102,-51.89,-440.61,-35.48,3.38
1103,73.5,-623.46,-51.33,42.35
1104,0.29,-555.67,-64.03,8.92
1105,-5.23,-502.68,-55.44,-6.58
1106,-18.22,-487.13,-112.43,-11.54
1107,-17.46,-473.91,-99.76,-12.86
1108,-14.28,-464.66,-94.68,-13.51
1109,-11.73,-464.83,-91.08,-13.09
1110,-63.92,-407.76,-262.3,-72.53
1111,-27.93,-158.02,-25.51,-46.21
1112,-8.22,-396.11,-101.38,-53.14
1113,64.5,-600.32,-29.69,-9.81
1114,4.25,-551.52,-203.17,-20.16
1115,-27.01,-564.94,-89.39,37.66
1116,-13.09,-547.45,-34.39,7.83
1117,-27.83,-488.54,-73.4,-4.52
1118,-23.65,-475.58,-80.99,-5.44
1119,-12.48,-472.99,-94.5,-15.87
1120,-101.95,-341.01,-84.95,6.97
1121,41.5,-243.1,-123.79,-64.7
1122,-76.52,-546.79,-237.4,-54.77
1123,27.8,-558.83,-78.98,23.05
1124,42.27,-533.56,-10.17,-27.28
1125,-2.06,-506.32,-75.3,16.59
1126,-22.47,-498.4,-82.72,-3.32
1127,-26.96,-465.23,-84.1,-1.54
1128,-17.19,-453.74,-85.81,-5.61
1129,-15.48,-461.34,-91.52,-8.68
1130,-7.83,-450.78,-90.19,-9.29
1131,-6.62,-382.38,-93.33,-53.2
1132,-26.59,-265.66,-70.08,-16.98
1133,-54.75,-425.25,-192.6,-3.27
1134,-165.32,-416.68,-161.08,-85.92
1135,88.58,-648.84,-63.15,-39.29
1136,49.47,-574.53,-32.33,72.23
1137,-13.14,-515.37,-130.17,19.05
1138,-18.42,-477.39,-118.45,-46.18
1139,-18.81,-442.45,-35.04,-4.64
1140,-26.41,-345.09,-91.72,-28.44
1141,-38.78,-200.56,-68.97,-22.11
1142,-25.53,-498.27,-144.84,-13.33
1143,48.2,-545.68,-68.04,3.0
1144,-14.12,-553.92,-83.1,-10.12
1145,-15.87,-484.65,-136.92,-46.33
1146,-25.27,-519.57,-121.02,-19.2
1147,-21.85,-503.85,-40.67,17.36
1148,-20.69,-475.84,-109.68,-6.71
1149,-48.08,-486.97,-132.7,-86.07
1150,-54.9,-485.16,-93.24,29.45
1151,-14.62,-327.3,-53.56,4.54
1152,20.34,-506.91,-65.51,-34.09
1153,23.17,-471.33,-116.18,-70.51
1154,-13.75,-468.35,-88.07,10.33
1155,-23.99,-465.39,-128.31,-2.83
1156,-22.81,-449.54,-145.63,-6.97
1157,-112.63,-260.32,-194.18,-151.59
1158,68.06,-107.38,12.07,54.56
1159,-13.43,-715.56,-95.1,-31.8
1160,-71.4,-629.8,-77.72,-4.76
1161,49.79,-530.05,-136.46,-7.92
1162,19.52,-505.57,-94.01,-9.25
1163,-2.24,-489.77,-53.75,-9.57
1164,-12.59,-470.05,-84.92,-3.34
1165,-14.69,-453.31,-111.03,-32.04
1166,-11.75,-407.17,-102.23,-29.04
1167,-64.04,-302.91,-82.69,-3.07
1168,49.17,-421.22,-103.88,-15.81
1169,-23.55,-491.35,-159.96,1.5
1170,-19.87,-516.52,-136.97,-40.14
1171,-25.4,-488.6,-114.86,-59.07
1172,-13.49,-507.98,-6.85,25.26
1173,-17.69,-476.41,-79.48,0.85
1174,-11.78,-459.22,-93.29,-4.73
1175,-21.15,-454.09,-96.85,-13.35
1176,-30.92,-458.88,-93.61,-11.81
1177,-9.91,-450.52,-98.1,-13.67
1178,-16.96,-447.28,-97.02,-12.95
1179,-59.46,-450.79,-98.57,-15.03
1180,-99.05,-348.02,-186.66,-52.01
1181,-32.05,-382.91,-93.55,-68.98
1182,93.24,-402.12,-147.18,12.06
1183,29.75,-565.25,-77.89,9.78
1184,31.72,-533.61,-130.18,-19.21
1185,-18.81,-494.22,-92.08,-5.71
1186,-11.07,-426.43,-33.22,11.0
1187,6.05,-336.18,-142.79,-50.14
1188,-2.63,-417.53,-99.05,-25.95
1189,-30.77,-438.85,-130.61,-50.95
1190,3.62,-488.84,-76.47,33.83
1191,-23.04,-491.53,-80.81,7.17
1192,-28.53,-467.28,-101.99,-47.07
1193,-23.97,-552.07,-106.25,-23.35
1194,-39.83,-536.72,-163.33,-18.16
1195,-50.13,-469.72,-83.99,-28.9
1196,33.39,-391.28,-83.97,-28.07
1197,-15.34,-410.23,-93.09,5.04
1198,-19.77,-525.47,-100.07,-10.37
1199,-20.35,-506.89,-98.94,-11.2
1200,-11.37,-449.71,-114.41,-10.44
1201,-51.75,-441.67,-110.5,-6.02
1202,-133.18,-366.18,-135.23,-50.45
1203,114.67,-416.72,-85.97,-13.46
1204,34.8,-418.74,-152.52,-12.82
1205,-12.58,-529.76,-52.64,3.12
1206,-8.32,-486.57,-133.58,15.42
1207,-18.12,-459.87,-89.89,-37.4
1208,-14.04,-441.04,-108.29,-56.26
1209,-39.99,-454.36,-107.88,-24.5
1210,-0.78,-369.29,-83.17,-3.32
1211,-7.52,-364.85,-79.64,-2.36
1212,-30.69,-487.42,-126.57,0.5
1213,-1.1,-485.27,-155.12,-15.66
1214,1.77,-473.65,-105.65,-33.88
1215,-45.98,-465.91,-55.67,-2.9
1216,-17.13,-400.89,-97.27,-21.02
1217,-90.14,-496.1,-164.28,-57.79
1218,73.65,-433.0,-63.56,-3.87
1219,-35.19,-475.37,-97.35,-10.32
1220,14.09,-467.53,-94.89,10.95
1221,-9.5,-444.64,-159.05,-30.07
1222,12.54,-485.06,-171.32,-17.09
1223,0.92,-506.82,-12.21,-6.11
1224,-19.06,-458.1,-92.99,-28.64
1225,-22.57,-431.59,-142.06,-51.04
1226,-43.66,-358.18,-123.03,26.67
1227,-1.84,-378.48,-67.64,-45.71
1228,-15.57,-533.03,-80.25,-4.61
1229,-22.14,-492.81,-71.11,18.91
1230,2.62,-492.12,-133.5,-16.84
1231,-22.55,-474.26,-126.89,-45.02
1232,-8.88,-456.32,-127.6,-52.91
1233,-38.11,-454.96,-75.03,11.85
1234,-61.46,-339.19,-91.31,-9.85
1235,9.15,-365.67,-98.53,22.84
1236,7.78,-590.17,-111.82,-7.39
1237,-4.76,-532.19,-112.08,-31.16
1238,-10.67,-492.53,-183.74,-14.18
1239,-39.72,-448.87,-120.59,-27.22
1240,-18.06,-436.27,-80.24,0.8
1241,-17.17,-423.67,-96.32,-64.14
1242,-8.65,-482.73,-33.49,22.0
1243,-31.07,-502.77,-131.41,-19.55
1244,-16.77,-458.11,-182.64,-28.62
1245,2.89,-486.96,-44.21,-2.25
1246,0.57,-474.22,-100.6,-30.08
1247,-30.0,-501.27,-111.56,7.41
1248,-23.91,-393.51,-105.97,-11.67
1249,-10.7,-403.39,-143.31,-51.12
1250,1.12,-454.74,-96.47,6.2
1251,-14.57,-468.24,-82.22,-16.32
1252,-35.95,-519.92,-150.03,-13.86
1253,-80.71,-505.53,-135.54,-44.17
1254,9.84,-424.23,-68.68,-18.23
1255,42.49,-487.37,-86.19,-17.66
1256,-16.0,-468.23,-85.63,-29.0
1257,-10.63,-366.47,-79.96,20.17
1258,-36.39,-514.2,-124.13,-31.07
1259,-4.89,-516.1,-126.7,-35.38
1260,-15.97,-484.86,-91.84,-22.39
1261,-40.54,-486.56,-142.26,-11.61
1262,-63.52,-424.76,-96.24,-10.96
1263,-29.26,-401.41,-82.72,-4.84
1264,52.25,-442.26,-84.93,-41.68
1265,-10.1,-400.15,-95.71,-5.1
1266,-18.48,-546.17,-100.87,15.18
1267,-86.99,-422.51,-128.04,-36.25
1268,38.93,-481.82,-120.1,-36.66
1269,-14.17,-459.15,-159.88,-36.51
1270,-11.15,-477.38,-57.73,2.53
1271,-0.19,-438.41,-149.62,6.12
1272,-11.29,-434.24,-44.51,-35.24
1273,-2.94,-492.15,-92.73,-7.8
1274,-26.75,-503.77,-79.65,14.48
1275,-44.21,-445.01,-68.35,15.78
1276,-67.13,-374.92,-178.97,-11.19
1277,6.77,-480.68,-42.76,-8.64
1278,-17.7,-459.61,-80.92,1.73
1279,-11.34,-462.05,-226.28,-43.77
1280,-46.37,-448.4,-79.29,-35.19
1281,-3.88,-433.73,-46.33,2.55
1282,21.81,-397.84,-84.32,-20.26
1283,-23.9,-443.54,-98.64,-15.89
1284,-22.3,-501.23,-129.35,6.49
1285,-21.64,-514.91,-87.22,-5.14
1286,-49.8,-455.68,-72.01,-23.26
1287,-16.51,-510.98,-171.51,-2.91
1288,-15.93,-436.46,-90.85,-19.27
1289,6.29,-411.72,-85.87,-7.69
1290,-57.49,-496.63,-109.28,-9.77
1291,-14.37,-474.04,-122.95,-43.31
1292,28.26,-443.7,-174.32,-12.9
1293,3.27,-389.14,-63.07,22.02
1294,-46.48,-489.52,-62.0,7.43
1295,-17.44,-504.03,-85.83,-8.61
1296,-22.24,-447.01,-104.36,-31.07
1297,-23.64,-473.35,-87.82,23.87
1298,-32.8,-463.64,-110.06,-31.62
1299,-81.6,-434.84,-129.73,-20.33
1300,12.23,-439.35,-84.95,2.85
1301,-22.66,-529.12,-203.39,-10.72
1302,-66.98,-454.07,-102.55,-79.67
1303,35.52,-469.62,-40.56,31.97
1304,-43.36,-531.24,-107.28,11.14
1305,-2.56,-423.69,-219.53,-34.53
1306,31.5,-358.1,-42.95,-53.25
1307,-11.59,-487.74,-48.11,34.77
1308,-24.36,-457.47,-69.56,3.11
1309,-87.35,-468.82,-99.64,-10.37
1310,-4.09,-466.93,-128.22,-4.03
1311,-4.92,-491.97,-100.53,-17.06
1312,-20.2,-444.16,-154.43,-15.32
1313,-4.21,-489.22,-125.95,-36.16
1314,-17.18,-473.77,-22.42,48.97
1315,-28.65,-409.31,-90.69,-44.18
1316,-38.74,-460.61,-156.49,2.96
1317,9.51,-420.5,-71.64,-2.68
1318,-10.8,-456.66,-134.09,-25.39
1319,-21.7,-534.39,-80.99,-70.67
1320,-71.89,-467.18,-84.2,36.81
1321,-19.62,-512.54,-78.18,-14.21
1322,11.76,-474.17,-93.47,4.58
1323,-2.34,-474.99,-99.85,-6.01
1324,-13.58,-445.98,-100.95,-12.18
1325,-10.43,-433.08,-110.6,-25.87
1326,-41.43,-525.08,-91.03,-1.52
1327,-49.52,-455.62,-116.66,-31.33
1328,25.79,-415.46,-133.61,-35.19
1329,-7.49,-497.16,-54.91,25.67
1330,-20.83,-511.73,-91.93,-19.57
1331,-24.55,-460.59,-144.02,-25.22
1332,1.18,-445.4,-94.83,-1.94
1333,-94.24,-495.79,-77.31,-11.45
1334,14.59,-445.65,-133.46,-14.87
1335,31.28,-461.03,-70.78,12.0
1336,2.04,-459.96,-122.68,-69.66
1337,-33.36,-477.44,-94.99,-68.23
1338,-12.17,-431.84,-103.72,33.69
1339,-21.38,-344.98,-111.8,9.02
1340,-9.97,-427.53,-74.89,1.3
1341,-55.45,-553.32,-83.72,6.1
1342,3.43,-513.13,-107.43,-15.96
1343,-10.73,-452.33,-120.17,-2.87
1344,-18.42,-396.49,-168.79,-27.09
1345,-45.28,-482.47,-37.92,-17.02
1346,32.73,-451.35,-80.16,6.04
1347,-8.73,-516.74,-91.3,14.57
1348,-3.16,-465.35,-96.76,-7.52
1349,-1.03,-492.23,-108.05,-32.96
1350,-24.14,-504.19,-152.13,-20.19
1351,-42.11,-494.1,-86.69,-50.84
1352,0.54,-415.5,-109.49,-12.78
1353,14.98,-381.93,-57.6,26.67
1354,-24.15,-538.14,-101.7,-27.28
1355,-1.48,-467.3,-133.81,35.38
1356,-15.84,-485.32,-107.27,-11.77
1357,-20.55,-442.21,-129.88,-14.82
1358,-59.79,-529.67,-90.31,-20.03
1359,-27.42,-464.62,-121.16,-13.53
1360,22.72,-415.68,-90.86,21.24
1361,-18.86,-474.47,-130.2,-22.04
1362,-25.24,-484.26,-55.15,-10.43
1363,-30.18,-474.69,-120.04,-18.65
1364,-44.07,-458.95,-131.87,-22.81
1365,7.84,-488.0,-71.61,11.57
1366,-29.28,-417.55,-139.4,-32.68
1367,2.19,-449.87,-88.34,-3.97
1368,7.78,-442.69,-75.51,23.85
1369,3.67,-488.71,-104.66,-17.07
1370,-50.3,-456.08,-93.0,-1.83
1371,2.16,-299.73,-139.78,-39.01
1372,11.1,-577.95,-112.87,0.24
1373,-17.79,-516.18,-61.16,28.76
1374,-2.49,-465.84,-110.77,6.85
1375,-18.37,-468.01,-139.84,-45.36
1376,-6.31,-471.11,-93.46,-8.56
1377,-4.33,-452.59,-82.31,9.99
1378,-24.41,-411.13,-198.56,-50.75
1379,-117.97,-428.17,-31.21,10.34
1380,48.06,-475.55,-124.55,-7.05
1381,3.88,-466.18,-36.18,11.28
1382,26.55,-436.57,-128.0,-0.77
1383,-42.49,-322.88,-98.48,-5.1
1384,19.57,-491.47,-105.77,16.48
1385,-28.07,-538.09,-99.37,-3.39
1386,-30.15,-499.95,-98.61,-4.6
1387,-11.49,-492.42,-137.05,-3.38
1388,-42.44,-458.16,-81.06,-25.31
1389,5.9,-481.0,-123.57,-3.02
1390,-33.93,-450.35,-190.96,-3.29
1391,-6.01,-379.58,-108.11,-30.83
1392,7.09,-376.8,-96.55,5.34
1393,-33.07,-544.38,-83.07,25.54
1394,-29.41,-473.62,-65.84,20.19
1395,-3.98,-424.68,-95.83,-40.95
1396,-38.88,-567.8,-89.61,-26.47
1397,7.27,-486.06,-116.67,28.69
1398,-30.48,-477.3,-109.68,-32.19
1399,-16.16,-427.74,-214.4,24.01
1400,3.51,-391.69,-39.88,3.7
1401,17.64,-440.04,-33.04,41.32
1402,-18.74,-491.39,-121.16,-23.74
1403,-27.61,-473.82,-156.75,-17.8
1404,-34.49,-460.92,-109.82,-9.28
1405,0.58,-450.19,-109.46,-14.78
1406,-5.68,-337.09,-108.25,-7.03
1407,-42.34,-425.98,-224.16,-16.39
1408,-47.36,-567.66,-34.1,16.03
1409,16.76,-486.1,-74.74,27.04
1410,7.22,-465.81,-97.84,-17.56
1411,-11.95,-403.52,-92.81,15.14
1412,-24.43,-411.5,-135.22,-9.04
1413,-73.38,-530.79,-94.85,-11.3
1414,-2.6,-514.8,-206.38,-41.54
1415,33.06,-434.77,-23.56,17.68
1416,2.96,-467.07,-130.96,3.03
1417,-18.01,-498.18,-105.38,1.22
1418,-13.74,-464.14,-133.36,-18.1
1419,-26.57,-464.67,-105.31,-2.64
1420,-18.01,-487.29,-191.95,-23.82
1421,-26.96,-466.76,-57.36,13.16
1422,-19.75,-443.49,-59.69,6.49
1423,-11.56,-425.4,-97.2,-15.42
1424,-71.66,-458.07,-93.73,17.66
1425,11.05,-381.98,-168.51,-29.15
1426,-52.67,-524.88,-75.12,24.46
1427,-2.96,-436.52,-79.64,23.54
1428,19.05,-504.95,-108.6,-17.24
1429,-22.29,-474.65,-114.34,4.33
1430,-26.79,-488.25,-135.43,-6.94
1431,-44.64,-490.46,-103.5,2.49
1432,-14.16,-414.26,-56.36,27.11
1433,-2.18,-444.5,-110.23,-41.46
1434,-14.76,-507.51,-116.61,22.52
1435,-28.13,-467.72,-72.02,-8.62
1436,-27.39,-407.02,-126.77,-9.1
1437,-1.99,-509.04,-125.72,4.3
1438,-23.21,-476.01,-173.19,-1.78
1439,-46.73,-471.08,-131.65,-25.56
1440,23.48,-411.58,-52.49,41.4
1441,-11.13,-457.86,-61.32,23.51
1442,-22.76,-498.1,-143.72,4.76
1443,-31.32,-483.79,-63.16,16.57
1444,-1.11,-330.52,-98.68,-28.19
1445,-12.96,-438.67,-91.89,14.67
1446,-91.84,-535.22,-98.76,2.49
1447,14.66,-450.94,-93.97,13.83
1448,1.91,-406.8,-97.22,5.62
1449,12.09,-450.68,-112.73,-53.91
1450,-32.4,-525.93,-165.63,-9.8
1451,-0.84,-471.59,-178.72,14.02
1452,-27.47,-485.99,-4.39,18.47
1453,8.63,-477.27,-86.87,5.67
1454,-12.91,-440.37,-103.65,-7.64
1455,-2.77,-385.44,-96.8,-48.05
1456,-11.86,-441.61,-68.02,31.69
1457,-5.1,-448.58,-101.28,-10.95
1458,-14.11,-466.18,-96.96,-3.5
1459,-15.26,-455.91,-65.27,8.38
1460,-21.82,-504.39,-116.06,-12.53
1461,-26.87,-477.36,-100.66,1.3
1462,-14.38,-439.97,-93.67,8.38
1463,-6.81,-366.46,-162.89,-11.29
1464,-63.51,-443.33,-125.49,-11.78
1465,14.9,-556.57,-51.61,5.21
1466,-61.73,-532.04,-207.18,-30.96
1467,46.64,-431.56,-167.69,-35.26
1468,-84.21,-470.36,17.99,18.65
1469,40.17,-516.71,-91.5,-30.67
1470,4.94,-454.16,-113.8,30.8
1471,6.08,-447.47,-3.42,24.33
1472,2.04,-383.59,-129.32,-23.78
1473,-35.74,-413.76,-109.11,-20.07
1474,-15.82,-402.85,-165.63,-14.29
1475,-0.76,-469.56,-46.17,17.66
1476,-2.62,-463.91,-128.7,-28.37
1477,-59.83,-398.63,-137.16,7.38
1478,-36.55,-556.5,-88.76,-23.51
1479,36.91,-478.37,-44.14,-13.73
1480,-23.84,-439.95,-89.63,9.54
1481,16.38,-427.53,-107.29,-10.44
1482,9.34,-453.13,-149.62,9.31
1483,-10.68,-445.14,-77.66,4.69
1484,-37.46,-381.91,-77.78,5.82
1485,-1.03,-508.77,-138.81,-19.34
1486,-10.06,-381.92,-92.73,-20.99
1487,-50.23,-477.56,-48.44,0.35
1488,10.79,-475.66,-87.61,-8.37
1489,7.22,-424.81,-83.46,9.3
1490,16.58,-411.77,-140.95,10.63
1491,-5.08,-461.51,-70.79,2.46
1492,-45.66,-395.07,-111.99,-26.62
1493,-39.29,-494.66,-182.64,-22.21
1494,26.65,-470.61,-115.95,-34.59
1495,11.06,-448.66,-62.1,4.71
1496,-7.26,-467.37,-34.7,-11.97
1497,-13.32,-417.44,-132.93,24.35
1498,-7.41,-407.22,-61.95,-39.9
1499,-40.6,-462.48,-79.07,0.22
1500,-5.69,-449.44,-81.37,10.83
1501,-15.89,-470.61,-110.95,-9.45
1502,-81.33,-458.79,-117.08,-12.01
1503,-11.27,-440.72,-68.27,7.55
1504,-12.32,-479.57,-142.16,-50.99
1505,18.59,-459.48,-260.15,-32.33
1506,-12.53,-385.05,33.76,30.71
1507,-11.18,-388.58,-149.52,-17.07
1508,19.2,-415.53,-33.38,-5.11
1509,-5.41,-516.47,-93.5,12.95
1510,15.7,-413.83,-93.15,0.89
1511,-15.27,-453.28,-62.03,-4.56
1512,-42.15,-492.64,-149.04,-5.7
1513,-11.64,-489.2,-108.48,5.58
1514,-35.22,-450.51,-74.74,-12.46
1515,-43.85,-524.29,-185.2,-17.08
1516,2.83,-495.3,-14.87,-0.1
1517,-27.1,-478.71,-67.98,25.45
1518,-19.67,-436.01,-104.48,7.1
1519,-10.02,-485.6,-250.58,-40.42
1520,-75.69,-450.07,10.82,7.2
1521,10.85,-375.65,-68.45,-0.57
1522,13.52,-492.71,-81.02,18.37
1523,-37.89,-530.03,-100.49,-3.86
1524,8.51,-390.68,-90.18,9.33
1525,-45.98,-409.61,-83.26,-11.59
1526,-6.71,-506.7,-90.74,11.47
1527,11.79,-441.02,-117.46,2.71
1528,-55.91,-413.24,-220.43,-15.72
1529,-18.39,-542.77,6.26,35.79
1530,-20.44,-521.45,-103.86,3.32
1531,-54.21,-477.48,-97.95,2.27
1532,-29.27,-488.41,-113.53,2.14
1533,-22.13,-472.02,-83.28,-3.2
1534,7.48,-398.93,-100.59,-27.06
1535,-8.84,-449.48,-109.72,11.96
1536,-48.06,-566.74,-83.91,20.24
1537,-12.32,-501.76,-149.32,-2.54
1538,-21.08,-489.18,-71.62,6.08
1539,-25.36,-465.35,-52.55,-2.85
1540,-33.41,-452.45,-157.7,-53.32
1541,-39.22,-497.08,-167.95,21.41
1542,-26.21,-495.44,-34.72,8.27
1543,-42.9,-440.54,-122.72,-33.32
1544,-28.16,-468.92,-38.82,8.77
1545,-5.25,-432.54,-144.52,-1.68
1546,-53.28,-476.63,-123.85,-0.43
1547,10.17,-481.24,-75.74,-5.48
1548,-67.91,-420.36,-141.77,4.16
1549,2.78,-413.61,-62.67,-17.96
1550,13.25,-520.1,-77.18,15.14
1551,-26.95,-475.57,-118.29,-3.15
1552,-6.33,-465.06,-143.86,-55.27
1553,-12.95,-475.85,-39.81,44.98
1554,-26.71,-542.66,-95.5,-5.73
1555,-21.1,-479.64,-140.46,9.95
1556,-31.64,-450.0,-38.98,16.21
1557,-38.8,-452.77,-87.05,-24.66
1558,-9.31,-500.77,-101.38,-35.5
1559,-27.43,-460.94,-94.17,19.25
1560,-8.21,-443.26,-153.14,-35.16
1561,-48.39,-493.44,-153.58,-12.1
1562,-23.45,-367.73,-42.87,5.73
1563,-21.63,-494.36,-174.25,-10.88
1564,-22.08,-527.82,-81.49,-20.62
1565,-25.64,-447.24,-108.92,-5.14
1566,-22.95,-379.77,-148.52,12.41
1567,-73.92,-563.43,-33.33,13.24
1568,1.04,-518.04,-91.68,-21.62
1569,14.92,-507.55,-62.86,-5.54
1570,-25.67,-518.52,-106.11,8.5
1571,-23.01,-449.79,-151.58,-20.5
1572,-34.41,-471.75,-99.86,-21.19
1573,-12.03,-463.24,-82.65,14.78
1574,-97.83,-446.91,-97.26,18.45
1575,39.01,-497.46,-291.11,-41.57
1576,-19.22,-408.83,-50.87,-16.84
1577,-47.95,-372.82,-84.77,-11.68
1578,28.66,-451.69,-73.35,-44.4
1579,18.01,-547.91,-147.69,5.33
1580,-38.88,-461.18,-74.62,20.11
1581,-15.85,-590.07,-168.5,-69.79
1582,17.68,-537.15,-103.83,11.19
1583,-96.76,-432.46,-154.87,-21.69
1584,27.63,-437.43,-6.14,40.26
1585,-67.68,-517.54,-93.58,-36.03
1586,-60.73,-295.28,-159.06,-46.63
1587,-243.09,-447.76,-92.07,52.96
1588,124.55,-447.41,-156.15,-32.37
1589,9.73,-527.28,-225.75,-21.63
1590,45.98,-551.72,-147.31,-53.2
1591,-79.73,-514.01,-44.31,-21.93
1592,-89.67,-387.79,-74.78,14.76
1593,-19.51,-264.76,-465.5,-72.76
1594,78.98,-557.71,-115.89,-155.86
1595,-98.01,-539.68,-262.01,-15.83
1596,182.1,-584.85,-132.38,-43.13
1597,80.02,-243.59,5.64,-50.06
1598,-18.1,-357.81,-362.63,-80.38
1599,34.26,-465.14,-202.57,-117.9
1600,18.14,-582.13,-103.98,-121.59
1601,-39.0,-431.84,-256.18,-55.28
1602,-48.01,-570.9,-132.64,7.22
1603,-44.4,-399.43,34.81,-45.04
1604,70.95,-356.16,-250.9,-11.56
1605,-136.53,-353.67,81.53,75.89
1606,64.34,-483.95,-50.16,-3.9
1607,-208.74,-661.45,-156.73,-25.93
1608,66.9,-554.92,-211.21,-64.53
1609,30.4,-517.82,30.72,16.76
1610,70.41,-453.56,-123.15,-53.0
1611,50.29,-320.45,-58.5,-44.98
1612,-91.29,-547.96,-98.63,18.79
1613,10.23,-482.21,-278.82,-55.69
1614,-124.15,-365.4,-347.67,-40.42
1615,102.88,-297.23,132.18,60.13
1616,-2.49,-659.72,-84.93,-81.81
1617,-96.16,-465.46,-159.07,0.95
1618,-48.91,-430.15,-3.1,24.86
1619,145.71,-368.71,-82.32,-34.4
1620,-45.75,-576.18,-185.48,-1.81
1621,-41.63,-577.47,12.69,-23.39
1622,-93.19,-482.29,-106.67,32.93
1623,62.05,-430.33,-168.12,-72.37
1624,-35.16,-325.84,-70.21,18.4
1625,32.02,-529.61,-118.68,10.84
1626,8.9,-515.03,-263.12,-7.7
1627,-35.67,-539.57,-34.8,-35.23
1628,-67.04,-440.97,-27.78,11.66
1629,0.36,-488.73,-101.91,31.2
1630,-101.18,-460.51,-188.99,-20.42
1631,7.77,-363.82,-199.23,-104.28
1632,55.41,-483.72,-45.67,1.29
1633,16.47,-437.42,-223.89,2.4
1634,-41.89,-572.25,-57.82,-35.83
1635,-4.23,-511.35,-39.76,-32.4
1636,-131.56,-506.85,-86.65,56.16
1637,-17.53,-415.87,-73.47,7.0
1638,0.16,-406.77,-103.63,-27.54
1639,80.35,-412.2,-115.27,-9.27
1640,3.68,-577.06,-158.61,-49.05
1641,3.71,-498.95,-191.12,-52.41
1642,-16.42,-436.25,-51.62,46.61
1643,-43.94,-491.45,-82.3,-11.46
1644,-54.73,-344.28,-96.02,-14.23
1645,-7.73,-440.47,-94.99,-7.91
1646,21.85,-665.42,-77.32,-10.65
1647,-25.51,-539.73,-104.4,-23.8
1648,-17.79,-484.67,-67.45,4.35
1649,-18.75,-521.75,-22.31,17.97
1650,-136.67,-515.65,-211.94,-39.61
1651,-64.48,-432.99,-168.74,-11.13
1652,116.79,-371.54,-24.03,-4.78
1653,34.42,-455.8,-131.11,11.91
1654,-34.62,-540.33,-106.87,1.48
1655,-12.29,-518.05,-153.14,-27.81
1656,-11.54,-447.16,-18.26,26.6
1657,-10.94,-453.72,-113.35,-3.34
1658,-43.15,-419.43,-104.45,4.86
1659,-196.9,-425.77,-77.6,-16.16
1660,69.9,-395.76,-89.7,-20.43
1661,23.77,-545.87,-111.7,18.53
1662,18.61,-515.81,-135.15,-76.73
1663,14.07,-468.17,-82.45,-0.7
1664,-5.22,-436.63,-60.66,78.52
1665,-2.98,-523.64,-79.12,22.64
1666,-25.59,-494.18,-85.89,17.44
1667,-23.43,-480.71,-77.34,9.23
1668,-15.95,-471.9,-228.4,-6.94
1669,10.04,-393.33,-160.8,-35.1
1670,-52.65,-215.13,25.0,-38.77
1671,-19.71,-585.04,-145.92,-22.13
1672,-24.23,-492.45,-38.44,58.11
1673,-143.95,-425.28,-81.09,-11.2
1674,122.03,-533.38,-97.9,-29.08
1675,-0.11,-521.12,-49.54,51.23
1676,-5.42,-523.74,-89.82,11.1
1677,1.9,-422.87,-82.44,6.32
1678,-17.5,-503.67,-82.9,5.41
1679,-21.99,-488.37,-79.43,6.95
1680,-18.13,-470.27,-84.16,3.86
1681,-17.39,-461.49,-83.78,1.72
1682,-17.53,-466.39,-79.57,1.6
1683,-8.4,-471.48,-251.91,-7.35
1684,-19.57,-420.98,-213.46,-66.59
1685,-182.82,-291.37,41.74,-50.81
1686,-65.57,-468.11,-81.22,29.97
1687,-16.46,-321.2,-70.42,-6.49
1688,188.14,-519.5,-213.05,-5.99
1689,36.27,-512.21,-28.64,-0.72
1690,8.11,-523.71,-23.54,64.23
1691,-4.9,-478.98,-75.26,26.52
1692,-10.44,-420.43,-105.9,9.83
1693,-19.48,-482.28,-64.85,14.72
1694,-30.23,-484.22,-80.47,10.29
1695,-17.79,-449.26,-83.46,9.0
1696,-91.15,-466.14,-77.57,10.55
1697,2.03,-474.17,-93.01,-3.19
1698,-28.21,-408.08,-108.05,-6.22
1699,69.55,-372.98,-103.08,-31.66
1700,-2.26,-523.65,-202.05,-57.22
1701,19.13,-346.75,14.18,-9.3
1702,-35.19,-586.01,-97.68,79.17
1703,-33.12,-543.35,-102.46,27.93
1704,-46.87,-458.35,-44.76,19.07
1705,-26.87,-448.0,-59.24,-3.46
1706,8.66,-454.45,-171.84,-19.26
1707,-3.98,-441.39,-99.74,-2.12
1708,-11.32,-417.0,-47.41,10.0
1709,4.96,-332.74,-120.1,-10.21
1710,-2.65,-247.75,-87.37,-4.77
1711,-40.86,-632.53,-52.8,-0.78
1712,-140.63,-516.92,-142.42,-17.8
1713,107.07,-472.01,-171.24,-43.36
1714,2.02,-497.42,-30.37,15.28
1715,8.38,-448.74,-41.37,40.24
1716,-0.08,-445.18,-94.8,2.0
1717,-19.79,-460.2,-84.84,21.46
1718,-46.83,-394.42,-74.13,-20.3
1719,-56.69,-108.93,-214.68,-73.62
1720,32.41,-462.99,-166.4,51.03
1721,31.87,-576.27,27.74,-17.22
1722,-28.45,-535.41,-70.84,15.49
1723,-38.75,-547.51,-167.32,1.68
1724,-39.77,-517.76,-27.31,29.9
1725,25.98,-489.37,-69.23,-26.33
1726,-10.75,-458.48,-81.78,15.38
1727,-12.88,-427.4,-224.0,-50.43
1728,-93.12,-422.2,-18.41,42.75
1729,-22.4,-427.07,-53.14,19.19
1730,19.54,-505.15,-55.26,33.46
1731,-29.06,-455.34,-95.73,10.5
1732,40.75,-449.25,-92.53,0.97
1733,-7.2,-492.19,-90.54,-15.43
1734,-14.81,-455.6,-102.89,13.0
1735,-21.52,-453.43,-85.08,10.85
1736,-7.86,-383.41,-292.13,-22.23
1737,1.66,-268.44,-69.86,-66.89
1738,4.28,-289.99,-10.01,28.29
1739,-40.59,-538.97,-72.14,30.84
1740,-32.08,-585.97,-79.94,18.89
1741,-31.04,-509.73,-93.76,12.05
1742,-13.74,-498.94,-107.81,9.25
1743,-3.29,-477.04,-123.72,-31.64
1744,-17.08,-486.27,-63.57,-17.1
1745,-86.52,-456.74,-110.57,31.59
1746,-1.06,-351.49,-82.27,14.53
1747,-19.28,-436.68,-179.06,-29.87
1748,37.65,-431.06,-127.73,-1.3
1749,-9.02,-526.03,-86.25,0.76
1750,1.69,-450.19,-104.06,7.84
1751,-7.31,-512.49,-56.88,17.41
1752,-20.5,-518.41,-61.53,-24.89
1753,-33.98,-366.18,-69.13,24.17
1754,-49.77,-402.98,-162.56,-67.09
1755,-17.19,-548.18,-71.66,51.28
1756,-80.94,-425.6,-90.63,40.53
1757,78.67,-445.75,-189.83,-36.25
1758,5.85,-479.24,-109.52,9.99
1759,13.29,-471.89,-54.48,-0.5
1760,-17.09,-426.5,-87.97,9.41
1761,-40.78,-415.16,-87.34,29.33
1762,2.16,-453.06,-136.05,-9.86
1763,-28.88,-496.7,-214.32,-34.99
1764,0.14,-438.19,-20.08,57.75
1765,1.24,-430.35,-141.92,-4.24
1766,-40.79,-554.32,-47.52,9.92
1767,-38.1,-390.7,-63.46,4.68
1768,-13.85,-529.21,-151.71,2.89
1769,-12.53,-514.24,-67.69,-5.37
1770,-32.51,-455.73,-66.08,6.92
1771,-4.64,-439.22,-134.8,17.62
1772,14.15,-314.29,-96.53,-51.28
1773,-42.78,-489.85,-111.38,-13.36
1774,1.67,-508.38,-173.92,4.8
1775,-5.92,-487.01,-190.38,8.56
1776,-12.9,-481.42,41.78,27.64
1777,-23.21,-494.49,-66.55,21.39
1778,-34.37,-466.08,-78.47,9.85
1779,-11.81,-476.23,-90.0,19.5
1780,-12.93,-480.26,-102.33,13.35
1781,-32.29,-443.11,-201.82,-30.83
1782,-79.06,-414.82,-35.64,23.46
1783,-5.07,-409.73,-80.66,9.85
1784,30.32,-500.24,-125.12,-9.1
1785,-6.46,-454.23,-34.85,24.3
1786,-14.26,-512.34,-99.89,4.22
1787,-36.97,-426.08,-91.24,11.68
1788,-81.34,-377.2,-112.51,-49.58
1789,33.83,-467.84,-129.31,13.03
1790,25.3,-497.83,-197.6,-5.89
1791,-33.39,-478.36,-39.97,22.77
1792,16.89,-436.01,-66.61,14.19
1793,-38.24,-465.94,-152.04,12.44
1794,-36.9,-432.14,-147.97,-10.12
1795,-33.45,-462.94,-85.22,-14.18
1796,30.79,-488.74,-63.08,43.52
1797,-10.43,-404.53,-69.53,-7.53
1798,-8.32,-435.38,-56.56,28.16
1799,-42.74,-529.01,-81.89,13.92
1800,-10.6,-483.23,-146.19,2.78
1801,-49.75,-456.04,-138.15,-19.52
1802,19.62,-375.46,-70.02,-12.21
1803,-16.14,-472.15,-81.97,35.39
1804,-49.69,-488.39,-121.31,26.71
1805,-94.14,-457.56,-164.55,-1.32
1806,32.25,-461.88,-76.35,1.19
1807,18.16,-440.09,-123.95,-7.02
1808,9.66,-417.23,-82.74,-22.86
1809,-29.4,-508.07,-131.93,12.27
1810,0.94,-517.6,-40.04,41.65
1811,-30.91,-436.56,-81.96,23.07
1812,-9.47,-490.77,-110.57,-9.01
1813,-35.92,-422.03,-121.95,0.37
1814,-2.59,-473.67,-118.24,-4.87
1815,-13.87,-418.73,-139.26,-39.78
1816,2.75,-358.94,-69.35,29.83
1817,-14.97,-515.8,-90.69,16.55
1818,-32.33,-493.47,-97.06,-4.22
1819,-68.59,-472.36,-122.8,27.61
1820,-8.65,-341.16,-123.56,-0.75
1821,-20.94,-433.01,-137.0,-6.36
1822,-0.22,-541.72,8.44,46.82
1823,14.22,-487.1,-128.53,-9.04
1824,-16.97,-480.69,-118.3,-4.47
1825,-21.63,-490.1,-211.15,-36.52
1826,-94.92,-471.64,-21.77,27.53
1827,32.05,-451.89,-78.25,5.95
1828,37.1,-365.45,-87.91,-18.62
1829,-5.62,-352.12,-124.44,-19.36
1830,-13.59,-480.38,-209.3,18.39
1831,-12.35,-484.45,-52.65,46.23
1832,-12.5,-453.74,-68.14,7.29
1833,-16.78,-424.92,-100.88,-22.94
1834,-62.04,-497.72,-54.98,51.57
1835,1.92,-435.73,-89.53,2.55
1836,-37.4,-463.15,-232.76,-0.5
1837,3.28,-466.43,-47.18,-38.65
1838,4.86,-364.81,-91.04,17.29
1839,-55.83,-473.89,-76.67,-24.27
1840,13.85,-442.6,-115.96,49.17
1841,-28.81,-469.8,-153.07,-62.04
1842,-11.04,-488.93,-83.15,6.81
1843,14.7,-485.96,-64.23,27.08
1844,-2.83,-357.22,-91.5,5.79
1845,14.21,-348.92,-117.4,-7.67
1846,-24.86,-582.23,-29.93,31.98
1847,-14.24,-522.31,-70.93,24.47
1848,-63.79,-459.82,-105.61,15.69
1849,9.76,-417.97,-136.33,-27.33
1850,-7.23,-488.48,-92.42,22.58
1851,-43.33,-410.47,-131.21,7.11
1852,-38.73,-496.43,-189.37,-47.35
1853,35.24,-475.87,-70.6,10.45
1854,-66.79,-469.75,-162.51,-3.11
1855,13.55,-470.84,-7.04,-31.74
1856,41.35,-435.16,-51.8,38.5
1857,18.1,-319.37,-98.7,37.03
1858,-20.71,-490.23,-95.12,29.2
1859,-31.11,-527.25,-109.1,-5.83
1860,-31.08,-486.48,-203.44,-29.77
1861,-80.56,-501.05,-2.96,23.31
1862,-11.22,-456.06,-177.37,-21.63
1863,-61.07,-410.03,-15.49,30.53
1864,5.52,-421.6,-132.92,-6.99
1865,15.38,-464.4,-124.37,-22.31
1866,-46.41,-437.93,-22.95,20.43
1867,-21.06,-520.85,-93.35,-14.36
1868,72.63,-363.88,-72.77,12.67
1869,-34.18,-435.5,-108.61,4.12
1870,-35.03,-535.31,-245.32,5.77
1871,-71.09,-543.01,-21.24,31.41
1872,23.15,-477.4,-79.1,-38.56
1873,-20.71,-495.2,-181.36,-7.9
1874,-65.43,-395.67,-85.16,-5.22
1875,-1.61,-425.53,-75.4,15.32
1876,-26.64,-541.42,-97.1,6.46
1877,18.29,-441.27,-42.36,8.04
1878,-23.21,-492.12,-124.53,11.7
1879,-11.58,-510.5,-107.9,13.68
1880,-30.28,-446.96,-82.45,6.6
1881,-11.21,-464.44,-128.41,-42.51
1882,-33.72,-473.36,-104.07,30.95
1883,-33.38,-432.06,-66.88,32.06
1884,-21.66,-410.36,-77.56,10.21
1885,-29.25,-500.95,-117.03,-0.36
1886,1.39,-418.11,-60.73,6.54
1887,-122.29,-406.4,-146.83,-27.71
1888,23.72,-471.2,-190.52,7.6
1889,-3.86,-504.56,-17.85,41.35
1890,15.4,-456.78,-86.96,12.81
1891,-17.8,-478.08,-149.85,-27.21
1892,0.22,-485.47,-57.36,3.6
1893,-30.53,-463.83,-59.04,17.04
1894,-23.45,-485.15,-67.46,11.42
1895,-34.8,-478.2,-207.17,-11.01
1896,-39.31,-436.91,-53.44,-10.05
1897,8.49,-441.19,-92.46,5.97
1898,-19.68,-518.9,-81.39,13.9
1899,-18.96,-456.26,-114.63,11.78
1900,-23.96,-413.93,-92.35,10.19
1901,-31.53,-511.88,-88.09,11.29
1902,-57.21,-461.71,-98.18,8.12
1903,12.93,-398.82,-103.17,15.08
1904,-151.23,-373.2,-289.48,-43.77
1905,-65.44,-516.63,-59.79,-27.08
1906,125.84,-515.85,-41.42,4.12
1907,5.59,-509.15,-75.44,51.0
1908,10.19,-462.06,-207.03,-37.08
1909,2.63,-458.7,11.29,14.05
1910,-26.53,-482.37,-97.81,38.87
1911,-27.13,-463.8,-97.36,12.74
1912,-27.27,-469.03,-98.08,14.28
1913,-28.1,-472.29,-99.13,6.62
1914,-33.92,-466.87,-97.59,5.27
1915,-41.73,-470.03,-91.63,4.06
1916,-63.54,-442.27,-110.1,2.0
1917,-123.89,-377.64,-187.77,10.43
1918,68.53,-312.84,-234.35,-59.0
1919,93.41,-589.3,-32.36,-11.29
1920,-11.24,-576.4,-68.11,-7.2
1921,-7.04,-455.73,-84.14,22.61
1922,-19.91,-447.91,-77.65,35.04
1923,-32.97,-499.87,-101.14,1.39
1924,-25.23,-483.12,-94.51,7.55
1925,-29.89,-484.38,-99.45,1.09
1926,-37.58,-472.94,-101.42,2.81
1927,-30.9,-463.94,-98.02,4.8
1928,-18.33,-461.93,-94.85,8.23
1929,-15.3,-450.72,-100.23,6.24
1930,-15.05,-417.16,-217.47,6.84
1931,-106.45,-413.83,-79.5,-19.11
1932,81.71,-318.06,-205.4,-39.94
1933,1.77,-485.86,-122.77,-28.54
1934,-39.12,-572.64,48.5,61.15
1935,-20.02,-489.49,-95.35,7.92
1936,-19.17,-470.99,-88.71,24.43
1937,-35.19,-456.72,-92.31,25.42
1938,-29.39,-435.11,-142.92,-13.3
1939,-73.22,-431.51,-73.27,3.07
1940,56.62,-449.38,-131.67,-4.0
1941,0.98,-414.54,-82.52,22.69
1942,-1.02,-506.14,-74.44,19.75
1943,-18.82,-519.73,-89.53,11.98
1944,-34.86,-484.84,-87.42,11.85
1945,-21.07,-480.06,-93.07,3.67
1946,-42.98,-471.17,-89.71,13.15
1947,-114.64,-375.11,-164.42,24.14
1948,67.36,-357.43,-91.15,-3.25
1949,53.6,-570.94,-130.16,-87.02
1950,8.33,-396.37,-84.19,5.02
1951,-22.3,-507.6,-68.9,56.48
1952,-25.45,-483.48,-72.41,1.09
1953,-18.24,-460.67,-89.69,19.34
1954,-28.88,-478.48,-160.72,3.58
1955,-25.69,-448.25,-181.24,-6.51
1956,-33.68,-453.48,-20.9,6.85
1957,-13.11,-399.91,-62.26,4.56
1958,-13.44,-355.55,-109.87,4.04
1959,18.74,-477.39,-74.26,4.04
1960,-29.74,-535.62,-95.73,0.61
1961,-35.66,-511.11,-108.04,27.52
1962,6.66,-475.92,-102.57,-27.8
1963,-70.98,-478.13,-232.3,-21.51
1964,-57.24,-438.52,21.9,44.52
1965,33.39,-445.47,-110.08,-7.11
1966,-20.34,-441.18,-92.4,-4.12
1967,47.61,-456.59,-70.92,8.21
1968,-28.86,-475.22,-152.02,16.98
1969,-19.01,-467.48,-53.27,7.79
1970,-35.85,-439.57,-93.07,21.17
1971,-70.3,-520.28,-149.56,3.42
1972,-60.54,-392.1,-61.98,5.75
1973,71.19,-320.72,-106.26,18.54
1974,29.3,-439.39,-110.84,-4.7
1975,-15.35,-561.79,-72.32,16.38
1976,-24.84,-523.35,-74.83,-1.35
1977,-17.19,-474.81,-88.75,19.38
1978,-24.63,-456.63,-88.13,8.02
1979,-20.21,-434.02,-210.36,-41.66
1980,-54.5,-371.08,-114.48,23.43
1981,4.26,-556.3,-24.18,38.15
1982,0.28,-418.69,-84.48,12.55
1983,-8.82,-507.36,-150.13,-9.16
1984,-13.72,-463.43,-67.81,19.78
1985,-13.6,-444.77,-89.72,-24.15
1986,-24.45,-470.49,-111.09,24.19
1987,-32.84,-422.46,-132.57,-49.75
1988,-64.12,-352.32,-81.83,49.7
1989,-19.13,-476.29,-77.3,6.96
1990,29.91,-471.84,-96.69,10.37
1991,10.6,-424.76,-102.37,9.41
1992,4.86,-502.2,-163.14,2.56
1993,-10.04,-489.26,-116.18,-10.02
1994,-12.82,-489.27,-47.39,15.64
1995,2.98,-418.64,-215.52,0.78
1996,-39.11,-470.9,0.67,47.85
1997,-50.35,-528.58,-94.14,-3.96
1998,7.85,-443.81,-55.33,9.22
1999,-33.27,-424.95,-127.12,-8.84
2000,-4.79,-363.44,-77.07,1.85
2001,5.82,-370.94,-110.15,41.45
2002,-24.77,-528.12,-115.56,28.6
2003,-31.74,-465.86,-152.25,23.83
2004,-50.91,-441.83,-154.51,-43.34
2005,32.03,-464.02,-15.74,9.76
2006,-15.34,-536.54,-55.68,42.14
2007,16.52,-444.96,-100.16,19.91
2008,-25.56,-422.49,-124.26,-15.16
2009,26.98,-296.78,-148.52,-12.59
2010,-29.45,-485.24,-67.71,17.26
2011,-60.09,-548.24,-130.15,18.82
2012,-41.38,-440.42,-80.02,15.83
2013,41.05,-379.96,-107.46,-28.84
2014,11.61,-294.24,-96.47,17.35
2015,20.68,-205.4,-109.2,-10.57
2016,-53.83,-590.05,-125.8,-7.05
2017,-69.69,-583.7,-67.69,-38.36
2018,-101.09,-496.58,-139.47,28.95
2019,77.05,-492.19,-79.33,-16.8
2020,-48.71,-473.42,-57.87,93.32
2021,-0.06,-526.13,-101.08,39.2
2022,-34.91,-452.36,-123.65,-27.08
2023,-52.15,-415.8,-133.26,52.75
2024,42.19,-499.91,-26.58,-18.87
2025,-9.07,-446.94,-110.78,21.4
2026,-7.15,-437.51,-156.34,-18.42
2027,-24.6,-444.52,-112.4,-39.25
2028,-16.89,-406.61,-67.63,52.92
2029,-19.5,-476.77,-264.01,-26.0
2030,-23.97,-425.79,-35.81,34.16
2031,-5.76,-455.59,-67.85,-49.73
2032,4.92,-351.92,-91.52,2.02
2033,-43.85,-436.77,-89.79,69.74
2034,-20.68,-476.54,-97.63,-0.61
2035,-116.06,-519.29,-155.64,16.09
2036,30.98,-547.24,-46.74,42.49
2037,-15.47,-491.33,-102.12,6.08
2038,-2.01,-477.05,-91.07,35.86
2039,20.79,-440.63,-168.27,-45.88
2040,-2.58,-379.72,-122.18,-14.44
2041,-3.24,-463.2,-177.65,-10.3
2042,-1.49,-410.44,-150.3,-18.52
2043,-15.2,-507.87,-52.44,-25.87
2044,-32.08,-533.91,-66.31,25.56
2045,-12.36,-482.81,-71.77,65.44
2046,-78.09,-494.43,-87.57,2.86
2047,-98.39,-583.64,-158.6,18.59
2048,50.07,-529.73,-117.6,-6.23
2049,1.3,-469.95,-71.33,-8.62
2050,-12.3,-486.16,-93.22,13.24
2051,-20.83,-451.83,-139.31,15.34
2052,-86.42,-455.97,-150.48,-13.93
2053,-8.97,-353.66,-141.98,-19.32
2054,45.22,-488.96,-26.56,33.51
2055,5.69,-484.04,-133.39,-5.16
2056,-27.01,-489.41,-74.3,29.73
2057,-25.91,-535.31,-168.12,6.91
2058,-77.27,-556.11,-126.31,-26.44
2059,-63.59,-506.13,-38.91,59.72
2060,37.59,-398.48,-90.22,-5.88
2061,21.74,-355.75,-90.16,3.63
2062,-41.94,-502.17,-178.36,-21.49
2063,-6.97,-472.15,-96.77,-29.45
2064,-1.33,-379.02,-96.33,34.78
2065,-32.34,-524.71,-113.97,-6.41
2066,0.72,-482.41,-99.66,22.91
2067,-13.35,-545.89,-113.2,11.0
2068,-51.11,-488.51,-94.42,-17.47
2069,-32.18,-526.51,-113.38,14.66
2070,-2.38,-536.77,-102.68,7.62
2071,-13.6,-516.49,-66.14,7.22
2072,-80.67,-465.22,-72.07,57.12
2073,13.18,-409.88,-140.36,-9.27
2074,-28.55,-457.31,-57.01,20.81
2075,43.21,-418.58,-88.38,14.19
2076,18.66,-340.4,-115.76,-2.53
2077,-60.1,-527.97,-219.71,-11.1
2078,-105.09,-529.13,-82.81,-48.36
2079,31.43,-491.39,-46.51,3.67
2080,5.32,-543.46,-101.14,35.73
2081,11.33,-515.14,-149.5,33.46
2082,-28.12,-517.47,-120.81,16.0
2083,-92.68,-485.81,-130.0,-69.8
2084,24.02,-430.9,-103.57,39.46
2085,-35.82,-421.09,-43.94,37.35
2086,-31.29,-560.22,-96.95,2.13
2087,37.71,-398.96,-125.91,36.17
2088,-0.67,-498.19,-176.19,12.96
2089,-38.32,-551.76,-50.25,-11.5
2090,-50.48,-497.27,-96.94,27.69
2091,-67.21,-434.94,-161.04,-8.0
2092,36.59,-531.82,-63.72,9.58
2093,-60.27,-578.68,-113.7,57.78
2094,-8.05,-494.34,-184.87,-22.89
2095,30.31,-460.97,-18.8,19.41
2096,-17.29,-396.47,-27.77,-32.3
2097,-59.21,-335.67,-129.87,66.5
2098,-87.84,-548.01,-246.63,-41.7
2099,-38.3,-470.95,-69.65,18.26
2100,-3.28,-500.89,-73.19,18.26
2101,67.38,-344.17,-135.69,6.14
2102,-44.53,-561.98,-141.36,12.84
2103,22.89,-476.09,-86.26,55.76
2104,-58.74,-424.81,-198.73,-70.35
2105,28.52,-640.35,35.36,18.42
2106,-113.53,-541.8,-140.92,1.09
2107,10.34,-496.28,-119.57,-80.35
2108,73.72,-433.81,-160.73,-34.47
2109,-20.91,-508.68,-259.38,21.63
2110,-5.86,-483.88,6.33,52.35
2111,-12.43,-513.91,-62.18,1.72
2112,-23.53,-390.34,-186.45,19.32
2113,-37.2,-548.45,-99.27,10.17
2114,20.22,-455.59,-20.09,-27.75
2115,-40.12,-313.65,-231.04,-9.8
2116,52.82,-462.8,-220.35,-18.35
2117,-126.46,-548.15,-183.88,-83.79
2118,105.61,-605.5,-160.01,-28.47
2119,16.4,-440.42,19.35,53.62
2120,-94.58,-495.99,-89.07,11.16
2121,-44.59,-590.97,-299.23,-28.79
2122,28.82,-449.23,-219.52,-71.38
2123,54.06,-394.45,-187.56,-21.78
2124,16.72,-386.43,-113.05,42.39
2125,-94.94,-537.97,-305.66,-48.25
2126,-24.98,-413.22,61.99,23.86
2127,88.9,-499.87,-115.36,-0.45
2128,-37.8,-490.96,-528.0,-208.44
2129,-77.43,-585.11,232.11,84.56
2130,55.79,-403.32,-54.66,54.91
2131,-79.65,-492.77,-111.57,70.57
2132,14.1,-524.43,-96.31,-29.74
2133,11.72,-382.38,-198.49,-9.71
2134,-4.88,-349.79,-133.47,18.89
2135,-27.92,-712.99,-244.08,-28.23
2136,5.9,-425.79,52.21,21.06
2137,-88.28,-386.91,-78.04,-6.76
2138,57.25,-592.73,-313.0,-87.23
2139,-3.03,-416.79,-36.14,-11.94
2140,-60.08,-397.1,-51.38,77.89
2141,3.27,-468.45,-35.05,-8.33
2142,52.11,-452.08,-109.15,27.31
2143,-31.53,-379.74,-109.69,-3.07
2144,13.71,-606.59,-137.61,36.54
2145,-7.26,-592.19,-71.65,29.76
2146,-31.83,-511.38,-207.27,-45.85
2147,-14.89,-514.28,-159.68,13.69
2148,-29.73,-464.3,-92.93,22.37
2149,-2.93,-424.92,-36.8,11.38
2150,-0.38,-437.29,-154.63,-51.26
2151,-9.59,-413.42,-193.02,18.77
2152,-33.94,-459.36,-143.3,2.24
2153,-55.91,-351.73,-107.08,17.27
2154,-72.35,-472.11,-205.84,-1.84
2155,-26.9,-624.9,-36.09,10.95
2156,116.08,-464.98,-24.64,5.22
2157,-19.46,-403.69,-153.29,-27.17
2158,-35.73,-571.57,-230.18,2.71
2159,-5.99,-427.34,-40.56,2.24
2160,-35.09,-407.87,-80.7,16.32
2161,-117.1,-493.07,16.56,-27.19
2162,41.1,-447.43,-204.68,21.15
2163,36.89,-384.11,-171.05,-77.48
2164,-54.36,-665.46,-198.86,77.98
2165,23.81,-452.07,-75.28,16.29
2166,36.32,-458.72,-136.05,-27.63
2167,6.44,-471.17,-44.49,45.08
2168,-36.12,-477.38,-169.45,-55.36
2169,-24.74,-470.88,-159.18,5.41
2170,-75.04,-487.96,-23.59,29.95
2171,-25.69,-464.57,-142.55,-4.44
2172,-39.56,-412.53,-5.65,17.94
2173,94.83,-285.13,-140.82,-45.51
2174,-10.5,-471.68,-77.64,-29.27
2175,-57.1,-483.09,-67.32,44.86
2176,10.91,-593.45,-112.69,-1.7
2177,-23.96,-552.47,-142.45,31.3
2178,8.19,-403.31,-89.52,-18.08
2179,-12.27,-324.75,-185.28,-37.24
2180,-38.75,-331.84,-213.76,-30.27
2181,-21.71,-506.57,-255.53,0.98
2182,-54.01,-543.7,-142.15,6.08
2183,24.21,-509.68,16.63,45.47
2184,55.65,-508.92,23.27,-20.14
2185,-12.62,-480.18,-95.66,-39.99
2186,-42.35,-471.13,-127.74,-20.72
2187,-56.41,-467.93,-99.94,-5.54
2188,11.77,-492.68,-339.78,-11.73
2189,-117.3,-336.64,-10.62,-3.78
2190,-14.15,-433.66,-9.52,19.67
2191,32.68,-489.67,-113.5,24.96
2192,106.86,-219.5,-75.88,11.99
2193,-29.6,-454.45,-327.84,-58.7
2194,-19.92,-578.72,-18.85,17.71
2195,-7.72,-538.05,54.73,20.81
2196,-106.3,-498.45,-150.89,-35.58
2197,-33.02,-565.3,-149.66,-12.45
2198,2.52,-426.99,-132.09,-22.62
2199,-24.66,-416.79,-203.45,27.98
2200,16.6,-354.8,30.42,58.12
2201,42.81,-255.08,-276.91,-78.51
2202,-120.8,-661.57,-107.35,-19.94
2203,47.1,-565.31,-51.91,20.98
2204,20.81,-507.82,-153.95,-28.32
2205,-1.97,-353.75,-62.1,0.77
2206,-45.26,-513.05,-79.56,24.66
2207,-72.12,-515.45,-169.89,-31.86
2208,-44.7,-428.78,-15.98,6.34
2209,7.68,-450.02,-137.58,45.66
2210,-3.98,-355.48,-69.47,-10.95
2211,-37.69,-342.72,-136.73,-34.53
2212,51.71,-392.3,-145.65,-1.62
2213,29.75,-489.02,-17.58,-16.64
2214,-14.19,-565.67,-85.42,35.15
2215,-48.98,-571.45,-144.09,8.68
2216,-29.49,-492.07,-203.42,-23.69
2217,-44.12,-437.6,-60.77,13.68
2218,9.06,-449.15,-25.13,-17.84
2219,-36.92,-467.95,-144.43,27.97
2220,16.9,-471.41,-162.71,-38.48
2221,-28.52,-309.09,-109.71,-62.47
2222,-87.03,-474.01,-17.88,75.71
2223,4.75,-415.94,-101.23,4.72
2224,46.71,-534.12,-297.09,-5.33
2225,25.99,-459.83,39.05,30.23
2226,6.5,-436.58,-39.51,-27.49
2227,-107.58,-528.05,-92.9,-20.01
2228,-41.22,-466.08,-115.37,-16.09
2229,65.36,-295.3,-185.54,14.15
2230,-1.85,-443.51,-141.41,-25.08
2231,-29.34,-554.1,-12.62,48.75
2232,-201.43,-563.81,-86.5,4.32
2233,90.25,-315.86,-176.29,4.67
2234,24.66,-497.54,-194.89,37.91
2235,-7.45,-461.23,-36.44,4.26
2236,20.63,-520.92,-53.56,-2.17
2237,-60.07,-469.82,-147.75,-22.87
2238,-15.22,-512.75,-106.28,24.95
2239,-11.32,-470.61,-21.84,-3.69
2240,-58.28,-324.66,-140.63,19.09
2241,44.95,-446.15,-200.31,-91.79
2242,-58.36,-521.47,-33.63,74.93
2243,-39.32,-511.61,-171.03,13.14
2244,14.46,-453.91,-129.68,-11.11
2245,-30.36,-421.84,-70.1,-17.54
2246,-38.04,-460.11,-45.46,53.28
2247,-50.17,-488.88,-188.74,17.04
2248,15.1,-464.2,-104.65,5.48
2249,37.83,-440.27,-42.32,14.54
2250,19.61,-353.77,-69.86,-14.51
2251,-77.84,-610.5,-96.35,-99.73
2252,35.76,-513.81,-62.14,108.05
2253,-89.4,-395.81,-124.93,40.2
2254,-10.93,-548.69,-131.35,-37.63
2255,77.15,-455.39,-63.58,-28.7
2256,-28.28,-444.98,-106.42,1.22
2257,-96.87,-464.79,-196.82,28.63
2258,-25.26,-485.9,-182.48,-40.84
2259,-23.55,-538.75,-126.91,-3.43
2260,77.51,-375.66,18.11,28.43
2261,-7.13,-326.07,-42.99,18.92
2262,12.26,-442.62,-91.45,-17.93
2263,-162.24,-569.48,-194.24,15.49
2264,55.33,-532.14,-112.48,-20.25
2265,21.19,-347.42,-212.6,-95.53
2266,1.9,-549.71,-9.27,10.41
2267,-150.76,-417.01,-183.21,28.05
2268,39.79,-416.45,-46.37,-6.77
2269,44.68,-561.45,-223.67,-57.45
2270,-6.08,-507.22,4.53,94.33
2271,22.52,-504.0,-130.94,21.04
2272,-80.58,-390.98,-208.91,-5.64
2273,-62.79,-446.89,-61.85,-40.75
2274,23.94,-412.34,-64.35,22.29
2275,2.14,-457.39,-262.25,-79.12
2276,-152.57,-505.73,-249.01,-88.93
2277,20.2,-525.38,-4.04,19.06
2278,106.05,-414.25,-59.77,65.75
2279,-49.93,-443.24,-41.77,22.95
2280,-51.65,-467.84,-163.39,1.14
2281,-1.86,-464.56,-145.82,-3.36
2282,-19.51,-436.1,-40.05,9.02
2283,26.21,-319.58,-124.63,3.42
2284,-28.37,-387.19,-139.99,-26.18
2285,-73.37,-562.61,-20.73,41.86
2286,46.35,-578.58,-184.99,-11.6
2287,-50.51,-478.36,-102.09,-6.04
2288,19.92,-447.66,-103.79,24.6
2289,8.92,-536.51,-267.63,-69.24
2290,-9.13,-488.12,22.86,50.77
2291,2.76,-373.7,-63.41,4.99
2292,-52.27,-364.42,-127.37,-9.09
2293,-29.08,-517.61,-152.93,46.98
2294,-9.29,-440.78,-147.47,-8.07
2295,-21.64,-451.65,-47.58,6.44
2296,-23.49,-412.1,-56.72,46.66
2297,-31.56,-613.34,-183.57,-28.16
2298,-57.26,-472.38,-100.26,33.64
2299,13.06,-459.78,-128.72,-21.3
2300,-20.08,-373.91,-47.68,6.71
2301,45.28,-336.58,-166.44,1.48
2302,-58.36,-616.12,-51.95,-23.01
2303,-12.67,-421.16,-91.8,8.66
2304,10.85,-432.36,-79.34,8.29
2305,9.83,-504.16,-142.34,5.43
2306,-41.25,-354.49,-106.59,50.37
2307,20.96,-374.15,-97.5,26.86
2308,-26.22,-509.17,-131.23,37.89
2309,-104.81,-571.79,-92.41,-2.66
2310,-0.85,-469.79,-129.57,26.4
2311,2.67,-513.35,-241.01,-102.19
2312,25.54,-481.93,-2.85,45.41
2313,-11.22,-468.51,-55.67,23.57
2314,-55.3,-427.02,-91.47,-10.17
2315,49.32,-238.88,-121.45,-20.0
2316,-150.66,-489.29,-39.1,46.21
2317,25.78,-603.54,-86.07,56.39
2318,10.89,-495.19,-76.99,13.09
2319,-16.86,-336.91,-166.82,-11.95
2320,34.94,-453.55,-130.88,17.93
2321,-33.04,-577.21,-177.77,-3.73
2322,-28.82,-545.71,12.58,71.75
2323,-32.04,-510.51,-84.99,-15.4
2324,-39.2,-217.78,-134.69,40.92
2325,42.03,-303.5,-233.87,-41.59
2326,4.05,-566.87,-52.91,22.81
2327,-57.45,-505.48,-35.33,-3.05
2328,-27.72,-469.87,-111.08,-13.83
2329,-13.26,-540.97,-80.83,22.62
2330,19.67,-336.84,-126.58,35.12
2331,-16.94,-512.09,-55.34,19.47
2332,-11.37,-508.45,-207.27,27.59
2333,-36.66,-460.96,-44.56,-5.35
2334,18.74,-466.12,-67.53,48.54
2335,-104.5,-470.77,-71.59,-4.63
2336,-22.46,-470.72,-59.76,1.51
2337,34.79,-404.92,-168.86,-33.22
2338,-49.18,-483.92,-145.52,10.7
2339,55.58,-338.25,-67.32,40.15
2340,0.47,-500.4,-63.06,-4.98
2341,-89.71,-516.57,-126.69,3.15
2342,54.21,-496.44,-69.08,-21.13
2343,-29.53,-453.62,-82.11,92.51
2344,2.33,-416.1,-109.5,-27.93
2345,-21.22,-509.05,-214.15,-7.62
2346,-23.71,-500.41,-1.16,58.21
2347,-8.1,-491.63,-79.28,0.72
2348,-40.26,-454.15,-46.79,18.17
2349,-19.92,-463.57,-193.21,-12.38
2350,-11.89,-414.12,-95.37,-25.98
2351,-62.12,-436.75,-105.78,-26.3
2352,-125.81,-465.66,-226.28,-50.16
2353,67.1,-561.65,-99.0,73.61
2354,50.32,-404.32,19.8,43.65
2355,-59.98,-492.19,-73.18,19.15
2356,-103.0,-451.99,-308.94,-56.39
2357,73.29,-430.39,14.02,3.45
2358,-19.72,-481.36,-46.8,63.97
2359,-10.05,-450.67,-326.51,-46.17
2360,-16.45,-440.83,-39.39,35.05
2361,-98.45,-520.93,-125.83,1.6
2362,37.36,-400.2,-95.37,14.59
2363,21.81,-373.36,-7.47,-10.38
2364,59.52,-479.69,-117.65,14.77
2365,-50.85,-452.34,-210.02,-8.31
2366,-35.6,-464.18,-218.7,-87.27
2367,-9.26,-533.67,43.2,85.43
2368,3.99,-473.94,-107.65,16.04
2369,-87.79,-499.72,-233.09,-9.22
2370,-42.47,-474.75,-35.35,-8.24
2371,-40.85,-408.83,-120.91,43.99
2372,28.31,-299.97,-90.01,37.59
2373,50.81,-418.13,-79.22,6.21
2374,-71.93,-555.14,-68.81,11.52
2375,59.61,-326.04,-267.71,-53.02
2376,-12.8,-469.94,-64.44,0.3
2377,-20.14,-562.82,-23.51,43.5
2378,-47.94,-535.79,-95.61,-1.49
2379,-30.86,-509.08,-31.14,32.61
2380,-0.13,-433.38,-157.35,-22.86
2381,-49.04,-440.77,-222.71,-10.49
2382,2.49,-381.01,-118.82,-10.75
2383,-5.22,-473.21,-46.0,4.76
2384,6.07,-394.43,-103.8,16.81
2385,27.72,-494.33,-79.8,30.45
2386,-21.9,-402.66,-51.79,10.93
2387,-41.4,-434.42,-163.15,4.36
2388,-35.14,-542.97,-161.37,-44.67
2389,9.45,-485.7,38.47,20.83
2390,-5.56,-384.89,-32.22,17.76
2391,6.17,-469.56,-135.46,-27.3
2392,-200.84,-484.95,-144.25,34.54
2393,118.89,-464.82,-212.69,51.63
2394,-12.1,-433.32,-182.91,-64.61
2395,-19.57,-365.65,-9.92,-10.46
2396,7.1,-495.4,-35.06,14.07
2397,-34.18,-413.19,-126.98,40.7
2398,-41.79,-530.49,-32.94,37.86
2399,46.28,-499.82,-84.28,2.76
2400,4.05,-330.61,-110.24,18.84
2401,-40.11,-554.7,-182.37,-16.68
2402,-65.1,-500.74,1.22,5.23
2403,2.0,-445.56,-142.8,-13.33
2404,-5.13,-487.02,-134.2,15.65
2405,12.98,-485.29,-197.4,-42.75
2406,-20.07,-469.5,48.41,52.11
2407,-103.58,-465.38,-109.97,-10.19
2408,25.65,-434.15,-81.86,4.68
2409,-36.8,-413.91,-77.83,33.07
2410,-15.48,-426.65,-169.28,-11.0
2411,-60.46,-512.2,-142.28,21.65
2412,-28.62,-507.27,16.96,18.48
2413,54.82,-339.32,-62.56,13.26
2414,56.81,-391.11,-185.28,-64.03
2415,-17.0,-572.51,-175.19,8.77
2416,-82.48,-431.27,-34.31,2.1
2417,14.45,-458.57,-79.16,-37.25
2418,11.2,-512.42,-56.73,41.92
2419,-29.04,-510.93,-65.43,17.73
2420,-10.87,-445.73,-110.72,24.91
2421,-79.01,-439.83,-155.42,-33.72
2422,24.49,-394.29,-65.52,-1.74
2423,8.38,-448.24,-84.6,10.88
2424,-13.19,-560.09,-53.81,54.99
2425,-84.92,-451.79,-113.81,46.34
2426,22.61,-529.32,-144.78,-12.06
2427,13.32,-483.18,-114.85,-20.68
2428,-57.76,-428.35,-57.6,2.19
2429,26.0,-331.23,-124.29,-2.21
2430,-56.43,-407.46,-90.45,16.22
2431,1.83,-505.13,-128.29,-3.64
2432,-97.64,-362.2,-80.03,12.97
2433,79.72,-522.92,-30.1,8.15
2434,9.65,-498.73,-92.0,19.11
2435,6.58,-477.16,-83.83,-29.98
2436,-115.71,-543.81,-70.33,51.3
2437,13.41,-483.69,-104.52,-1.77
2438,-42.61,-407.21,-154.96,-44.09
2439,5.38,-469.32,38.91,49.14
2440,25.89,-464.54,-179.01,18.31
2441,-53.38,-472.15,-146.98,-0.07
2442,-53.51,-379.38,-112.8,26.5
2443,-12.19,-281.79,-129.55,-0.81
2444,55.15,-619.24,-41.84,-6.28
2445,-19.98,-535.25,-76.56,52.83
2446,5.19,-511.62,-109.61,11.13
2447,-38.68,-472.04,-210.63,-72.82
2448,-23.21,-480.25,-35.47,71.46
2449,19.99,-420.95,-22.03,-10.23
2450,-12.42,-478.37,-108.78,27.25
2451,-44.77,-451.56,-105.32,-47.38
2452,-25.69,-392.15,-42.86,-18.2
2453,-41.37,-436.66,-182.44,-11.1
2454,8.93,-372.42,-111.13,29.34
2455,-2.4,-368.5,-117.71,11.74
2456,-98.17,-618.58,-271.34,-11.74
2457,45.18,-530.87,26.3,40.23
2458,-53.15,-386.61,-24.5,14.56
2459,-19.21,-496.36,-82.35,-1.2
2460,69.04,-415.73,-133.97,44.35
2461,2.68,-444.81,-141.67,-22.22
2462,-40.71,-448.88,-1.63,8.91
2463,-11.56,-584.58,-131.45,14.7
2464,-6.31,-560.14,-121.44,-34.72
2465,-39.78,-435.38,-73.67,20.66
2466,5.65,-350.96,-108.7,14.94
2467,-103.62,-523.41,-98.02,-15.85
2468,17.32,-467.57,-13.74,61.8
2469,33.29,-410.08,-116.14,3.87
2470,-11.24,-382.38,-209.1,-34.04
2471,-135.78,-449.35,-63.41,26.79
2472,-59.45,-496.19,9.08,11.56
2473,119.56,-438.05,-111.83,-54.0
2474,14.73,-485.48,-51.12,34.77
2475,-27.25,-431.72,-224.32,37.54
2476,-65.27,-543.48,-113.66,-46.25
2477,32.79,-408.4,-60.0,5.62
2478,7.14,-361.92,-83.44,36.19
2479,-32.94,-568.43,-133.71,25.44
2480,-19.81,-569.73,-56.11,8.85
2481,-25.75,-437.9,-150.47,10.38
2482,-57.6,-454.64,-80.9,-1.3
2483,-16.82,-440.88,-13.72,2.73
2484,10.06,-453.37,-96.53,34.21
2485,-56.56,-543.64,-181.97,-58.97
2486,-8.96,-338.97,-51.65,18.12
2487,19.13,-399.75,-122.99,33.27
2488,-47.41,-420.49,-181.71,-39.82
2489,-87.56,-494.59,-76.18,-18.44
2490,74.81,-496.04,-51.85,71.84
2491,16.0,-416.57,-86.8,3.35
2492,25.93,-415.64,-113.73,-5.76
2493,-65.27,-510.11,-125.34,34.58
2494,-44.76,-345.91,-143.68,-9.62
2495,8.5,-524.68,-15.06,67.08
2496,15.18,-537.07,-56.34,2.92
2497,-64.17,-440.29,-82.56,52.62
2498,38.28,-422.24,-293.31,-68.39
2499,-18.23,-421.2,-196.66,-33.02
2500,-17.04,-538.38,3.58,20.91
2501,-27.35,-490.6,-36.29,57.63
2502,-18.82,-405.12,-95.81,31.15
2503,-11.65,-413.67,-139.27,-28.37
2504,1.4,-385.35,-71.23,26.04
2505,-41.14,-505.6,-184.65,21.97
2506,-27.72,-506.22,-136.54,-29.33
2507,-101.52,-471.22,-54.13,-26.41
2508,65.42,-547.67,-57.93,79.52
2509,-57.16,-418.81,-91.77,35.35
2510,-3.68,-387.77,-93.35,-6.53
2511,0.68,-383.79,-134.72,-0.41
2512,6.63,-469.73,-114.51,39.34
2513,12.71,-414.77,-51.2,11.15
2514,-14.18,-518.15,-114.48,-2.5
2515,-46.69,-517.88,-94.64,21.98
2516,25.64,-359.41,-210.27,-48.54
2517,-62.27,-472.96,-138.31,-0.83
2518,14.62,-519.43,-37.74,35.81
2519,-17.05,-484.92,-116.61,3.21
2520,-8.88,-468.99,-48.0,44.39
2521,-14.01,-451.91,-94.36,24.08
2522,-126.12,-415.17,-121.35,-1.67
2523,51.93,-453.01,-92.27,-15.3
2524,-24.33,-480.13,-124.01,21.56
2525,-11.6,-450.36,-146.94,17.36
2526,23.96,-409.96,-45.83,-1.67
2527,-55.28,-366.63,-50.51,37.74
2528,48.83,-451.8,-118.74,7.86
2529,-21.73,-447.62,-114.64,-6.34
2530,-2.12,-520.59,-202.63,-25.14
2531,-37.99,-405.65,-13.58,32.52
2532,-28.46,-399.8,-86.6,19.58
2533,40.07,-517.19,-176.64,-8.61
2534,-4.32,-464.12,-230.56,-24.64
2535,-99.03,-447.27,49.54,38.08
2536,64.91,-374.84,-9.74,16.54
2537,-56.16,-493.72,-102.8,44.96
2538,34.59,-507.14,-119.54,22.68
2539,-15.13,-471.49,-148.58,-19.09
2540,-11.21,-399.88,-80.74,14.78
2541,-12.73,-315.22,-135.76,-20.83
2542,-119.32,-510.83,-110.81,10.73
2543,11.55,-495.04,-97.4,63.63
2544,15.92,-413.63,-102.37,-43.37
2545,46.38,-446.51,-124.15,45.79
2546,-30.78,-488.7,-196.08,-1.22
2547,1.26,-486.43,-61.27,-13.49
2548,-119.92,-428.99,-94.27,12.56
2549,-3.16,-436.93,-65.0,9.25
2550,62.71,-499.4,-78.08,43.75
2551,-10.56,-442.12,-136.28,-4.24
2552,-11.87,-437.13,-111.6,2.49
2553,-6.99,-420.48,-86.7,22.96
2554,-36.04,-477.89,-124.84,-4.25
2555,22.2,-439.07,-83.5,33.59
2556,-57.65,-432.49,-184.99,-39.21
2557,-43.64,-390.57,-55.12,59.12
2558,-33.86,-453.13,-122.97,-23.13
2559,66.57,-494.61,-163.47,13.96
2560,21.48,-305.55,-95.92,8.93
2561,-6.74,-370.25,-69.24,16.25
2562,-112.28,-551.97,-100.21,37.75
2563,-4.24,-501.16,-103.89,-49.16
2564,-3.89,-602.92,-194.91,-17.97
2565,-23.08,-537.0,-3.25,94.48
2566,-47.76,-430.24,-94.75,8.58
2567,-6.58,-442.84,-108.44,24.92
2568,7.37,-465.08,-86.38,13.99
2569,24.23,-431.87,-91.98,14.2
2570,-28.86,-478.78,-181.0,-37.23
2571,-12.85,-482.48,-94.94,-3.43
2572,-26.6,-424.59,-80.46,-2.83
2573,-20.35,-448.81,-159.22,11.41
2574,-6.05,-439.0,-138.37,41.71
2575,-71.42,-451.64,-119.7,27.67
2576,-34.77,-456.73,-97.05,1.45
2577,21.47,-427.88,-72.58,-63.79
2578,-57.87,-434.31,-89.3,49.37
2579,10.88,-458.47,-119.35,24.84
2580,18.08,-381.77,-152.53,-2.58
2581,-14.38,-537.95,-70.94,27.44
2582,5.17,-495.69,-174.41,10.74
2583,-10.63,-510.57,-121.0,20.18
2584,-10.24,-433.25,-42.99,44.63
2585,-109.98,-509.73,-51.86,-27.16
2586,16.61,-506.3,-167.48,23.06
2587,36.05,-381.14,-80.74,30.27
2588,-16.22,-427.12,-216.49,7.38
2589,2.04,-428.29,-108.62,-13.09
2590,-20.21,-516.53,-45.35,20.15
2591,-22.85,-517.87,-91.57,20.28
2592,-44.9,-533.87,-190.7,-36.08
2593,-235.55,-484.56,-132.35,20.89
2594,124.91,-307.5,-99.69,-2.69
2595,72.01,-514.78,-61.64,30.09
2596,14.55,-470.52,-87.87,34.02
2597,10.0,-393.86,-99.56,23.61
2598,-8.45,-371.91,-108.42,15.57
2599,-55.34,-527.39,-136.2,-17.02
2600,16.09,-523.12,-164.18,-47.75
2601,-21.19,-387.11,-72.17,57.93
2602,-136.76,-333.68,-68.04,-1.28
2603,20.41,-465.2,-92.44,18.59
2604,-7.75,-541.38,-163.49,-53.99
2605,57.32,-522.6,-93.01,62.48
2606,-3.58,-535.48,-68.86,34.94
2607,-18.61,-471.35,-101.41,11.59
2608,-7.85,-502.24,-97.35,11.49
2609,-21.26,-465.68,-131.3,9.6
2610,-2.51,-453.8,-179.37,-15.1
2611,-34.16,-489.06,-168.98,-16.28
2612,1.68,-364.59,-96.64,-44.63
2613,-20.03,-321.45,-60.13,63.34
2614,-157.61,-356.72,-64.05,-9.46
2615,30.35,-604.33,-151.88,21.52
2616,46.48,-529.23,-113.02,21.61
2617,26.77,-518.45,-110.88,25.81
2618,-2.45,-488.6,-63.25,11.23
2619,-12.35,-479.37,-104.75,9.71
2620,-86.61,-454.05,-95.58,15.01
2621,-156.67,-443.02,-140.26,9.84
2622,78.35,-502.59,-169.1,-47.86
2623,-126.77,-405.57,-95.89,-6.82
2624,146.03,-293.37,-135.1,11.25
2625,61.15,-429.9,-78.18,3.49
2626,-23.82,-612.14,-121.25,32.19
2627,-31.36,-542.75,-157.6,19.48
2628,-25.96,-521.34,-171.3,-56.47
2629,-10.99,-466.82,-70.79,-30.0
2630,1.04,-400.93,-189.53,26.26
2631,-290.32,-461.36,-59.81,45.04
2632,202.6,-496.2,-60.02,18.79
2633,5.85,-488.13,-89.42,10.55
2634,-5.31,-482.51,-104.81,-7.25
2635,-54.7,-462.84,-106.99,-36.94
2636,-146.66,-450.29,-121.86,-20.56
2637,-158.82,-473.54,-86.14,71.91
2638,83.68,-451.95,-230.93,7.15
2639,86.94,-486.3,-82.88,11.85
2640,36.13,-487.73,-103.87,-49.5
2641,-86.82,-452.7,-124.58,17.85
2642,45.04,-490.5,-10.97,53.69
2643,-76.26,-380.48,-233.15,-39.42
2644,60.15,-364.56,-213.14,-79.12
2645,-11.29,-657.42,-103.89,50.55
2646,-59.51,-491.9,-61.9,-48.95
2647,39.99,-489.11,-98.74,72.19
2648,-45.02,-507.63,-93.62,32.46
2649,-29.42,-461.46,-121.82,-34.33
2650,-43.62,-426.56,-69.83,18.38
2651,-15.13,-405.46,-63.28,51.68
2652,-27.6,-393.19,-266.44,-47.23
2653,25.39,-409.88,-18.15,-4.1
2654,-82.76,-494.99,-62.95,32.16
2655,28.04,-352.38,-82.76,10.67
2656,-5.24,-379.79,-84.98,43.66
2657,-10.26,-532.76,-168.36,-19.7
2658,46.19,-472.81,-141.0,-34.83
2659,36.51,-412.87,-26.68,49.39
2660,-56.91,-472.15,-143.59,4.83
2661,24.26,-443.34,-99.09,38.97
2662,14.08,-405.35,-106.84,32.79
2663,-10.24,-485.0,-23.61,-10.97
2664,-46.63,-467.85,-176.66,3.48
2665,-86.93,-537.48,-249.57,6.44
2666,48.93,-507.35,-45.81,-31.6
2667,32.35,-384.16,-44.0,37.38
2668,-22.12,-389.28,-86.24,22.38
2669,-14.8,-498.92,-157.75,14.25
2670,-15.05,-437.05,-109.31,-4.86
2671,-26.22,-484.55,-33.85,-12.14
2672,-113.06,-472.99,-137.18,-4.66
2673,54.65,-439.05,-232.72,-41.47
2674,-45.55,-380.8,31.32,38.88
2675,8.89,-350.1,-104.14,31.01
2676,54.19,-507.6,-90.38,30.21
2677,-10.68,-419.04,-119.33,17.78
2678,4.48,-285.51,-139.21,-22.17
2679,1.6,-450.18,-150.16,-34.59
2680,-88.76,-578.67,-23.67,56.24
2681,-34.02,-441.0,-131.61,3.51
2682,46.2,-473.96,-167.52,-20.76
2683,-90.72,-518.14,-136.66,-36.25
2684,26.83,-495.0,-68.86,24.12
2685,20.75,-470.9,-104.05,51.67
2686,-6.81,-466.69,-165.28,-19.97
2687,-17.02,-445.98,-26.97,1.98
2688,-77.18,-442.25,-75.8,54.72
2689,-6.08,-436.03,-152.73,8.59
2690,-17.1,-471.17,-153.68,-6.76
2691,-91.42,-440.64,-47.85,30.61
2692,41.89,-420.78,-105.83,37.42
2693,-52.23,-281.45,-89.1,13.91
2694,-39.47,-496.04,-71.15,-2.31
2695,-48.21,-505.21,-187.76,-0.56
2696,111.26,-477.9,-139.29,-57.93
2697,12.95,-473.88,-1.49,75.04
2698,-44.37,-481.34,-185.58,-1.09
2699,-169.66,-356.51,-152.09,-0.52
2700,72.82,-457.77,-66.77,-10.06
2701,-18.68,-490.91,-112.18,56.46
2702,52.29,-514.21,-155.03,-4.17
2703,-16.26,-476.23,-49.52,23.67
2704,-14.24,-470.65,-73.92,29.61
2705,-20.93,-435.34,-95.53,33.57
2706,-16.36,-541.16,-106.01,8.52
2707,-26.62,-501.3,-97.65,11.76
2708,-98.52,-482.65,-128.79,21.92
2709,-56.96,-463.44,-202.19,-48.23
2710,45.04,-439.12,-22.08,9.83
2711,58.91,-389.8,-159.02,-19.37
2712,-146.93,-452.33,-181.06,-14.57
2713,-51.41,-420.16,-177.53,-13.17
2714,93.44,-432.9,1.99,29.18
2715,25.7,-517.44,-54.51,72.5
2716,-71.82,-494.28,-120.17,-1.82
2717,26.12,-427.72,-117.83,5.24
2718,20.94,-411.85,-108.03,-25.2
2719,-14.29,-482.82,-82.1,39.47
2720,1.33,-489.04,-80.64,39.35
2721,-36.11,-467.21,-95.37,14.41
2722,-110.59,-296.5,-98.95,15.12
2723,37.5,-525.58,-153.64,2.59
2724,-34.21,-477.27,-121.49,-3.1
2725,52.95,-482.37,-115.2,-3.64
2726,-25.41,-523.03,-338.12,-148.33
2727,-13.42,-522.89,109.36,100.07
2728,-7.67,-483.12,-85.69,39.11
2729,-17.12,-485.94,-83.06,26.49
2730,-68.06,-474.66,-89.41,24.14
2731,-122.57,-456.6,-99.94,13.64
2732,74.28,-354.64,-247.69,-20.99
2733,-45.3,-380.82,-213.55,-23.5
2734,82.33,-500.16,28.35,8.31
2735,-2.05,-401.77,-121.5,25.81
2736,-11.35,-602.04,-116.11,-1.92
2737,-165.88,-478.91,-64.98,-61.48
2738,88.29,-443.17,-86.9,73.47
2739,38.85,-490.83,-103.25,34.9
2740,-18.27,-529.5,-101.23,26.88
2741,-18.65,-475.08,-89.25,9.29
2742,-24.14,-454.62,-109.16,29.94
2743,-75.78,-461.11,-107.97,19.08
2744,-38.53,-440.01,-101.61,4.83
2745,50.14,-489.86,-110.56,2.18
2746,-1.35,-485.96,-123.39,20.61
2747,-4.9,-421.65,-201.87,-26.88
2748,-15.0,-436.97,-99.03,-5.13
2749,-199.55,-483.31,-223.07,-30.82
2750,-75.64,-480.56,12.8,21.19
2751,165.05,-452.22,-68.19,6.89
2752,22.89,-413.75,-141.4,-5.84
2753,-6.02,-446.68,-57.21,8.65
2754,-0.68,-469.37,-130.21,28.25
2755,-5.54,-525.02,-216.15,12.9
2756,-44.41,-500.79,-67.1,-19.81
2757,-199.71,-294.87,-58.76,25.75
2758,69.55,-287.95,-83.05,4.28
2759,105.69,-554.99,-121.81,20.86
2760,7.77,-557.26,-163.9,-29.73
2761,-20.66,-449.35,-127.52,22.75
2762,-21.87,-449.15,-81.06,30.67
2763,-25.41,-503.94,-94.55,17.35
2764,-3.74,-467.09,-108.64,-6.04
2765,-156.63,-271.39,-144.86,-88.34
2766,41.82,-410.07,-122.69,49.62
2767,86.68,-593.2,-189.15,11.34
2768,4.72,-532.72,-209.34,-16.82
2769,-48.28,-489.04,54.38,23.78
2770,-205.95,-474.61,-74.4,54.03
2771,22.9,-328.47,-106.19,-42.09
2772,148.76,-475.8,-115.12,3.45
2773,16.61,-407.87,-121.54,3.55
2774,-70.21,-525.65,-165.51,0.1
2775,-42.39,-532.34,-265.21,-104.99
2776,49.63,-466.94,25.16,50.84
2777,12.73,-417.31,-95.68,41.7
2778,-62.76,-555.66,-97.66,35.63
2779,-259.23,-372.9,-170.92,14.36
2780,205.85,-406.47,-83.2,-41.15
2781,40.36,-551.93,-47.9,16.25
2782,31.55,-375.46,-85.28,36.64
2783,-4.55,-452.97,-145.31,37.63
2784,-45.37,-568.23,-94.22,-7.1
2785,-28.7,-479.45,-207.52,-55.03
2786,-31.21,-481.91,-97.54,-26.3
2787,-56.34,-388.47,-27.03,56.5
2788,38.43,-381.89,-174.16,-93.69
2789,2.14,-507.21,-51.72,75.62
2790,-4.73,-508.57,-72.65,15.3
2791,-107.31,-363.27,-179.85,-1.1
2792,2.66,-447.59,-28.14,19.14
2793,23.46,-552.65,-107.9,11.81
2794,-51.93,-490.39,-189.92,-43.19
2795,-69.76,-406.5,-120.83,6.87
2796,88.81,-410.27,-95.4,19.9
2797,-33.43,-384.56,-126.44,-61.31
2798,-42.76,-407.5,-85.96,-18.45
2799,49.98,-565.98,-108.74,32.34
2800,-34.63,-479.82,-62.76,12.81
2801,-20.18,-405.66,-188.66,-109.57
2802,-6.6,-447.42,-75.5,53.11
2803,-44.99,-462.89,-55.75,59.22
2804,-128.62,-523.23,-108.43,30.16
2805,76.33,-554.57,-213.78,-14.24
2806,4.52,-452.92,-5.59,11.99
2807,-35.38,-460.21,-99.96,9.9
2808,-79.12,-476.25,-119.81,-25.46
2809,43.68,-460.12,-86.47,-48.03
2810,8.63,-451.23,-92.51,25.48
2811,1.43,-345.69,-184.34,19.25
2812,-40.06,-458.63,-31.62,-1.52
2813,-33.17,-503.76,-137.36,-3.78
2814,9.08,-441.38,-103.96,17.54
2815,-12.84,-441.78,-171.88,-44.45
2816,-69.76,-501.47,-206.97,4.84
2817,29.84,-475.53,21.36,73.87
2818,-26.68,-484.96,-69.55,13.77
2819,-50.61,-499.72,-206.4,-40.79
2820,-192.93,-485.48,-93.51,-26.67
2821,106.12,-334.62,-49.33,-7.06
2822,55.29,-312.9,-93.78,15.56
2823,23.74,-584.0,-159.53,29.66
2824,-1.22,-487.36,-74.14,14.61
2825,-27.31,-524.99,-135.33,-21.77
2826,-21.07,-454.53,-92.04,13.03
2827,3.64,-385.15,-108.2,23.03
2828,-49.99,-490.88,-141.38,4.81
2829,-102.84,-411.75,-143.98,-20.2
2830,77.06,-430.92,-62.49,-5.1
2831,-53.75,-559.72,-82.0,-0.98
2832,-35.6,-471.38,-102.31,29.78
2833,-51.28,-423.77,-82.56,20.6
2834,52.2,-487.09,-220.71,-19.83
2835,16.35,-481.17,-22.37,8.79
2836,-76.95,-460.19,-299.04,-122.32
2837,-158.4,-425.8,-71.63,82.31
2838,121.35,-464.25,-57.66,21.63
2839,48.8,-471.42,-75.25,29.88
2840,-23.15,-503.91,-76.83,-7.29
2841,6.53,-454.44,-104.49,-0.76
2842,3.73,-335.07,-161.42,28.97
2843,-92.77,-433.05,-94.63,13.11
2844,-109.16,-560.2,-109.53,-27.53
2845,27.5,-453.66,-118.53,-11.93
2846,37.96,-402.93,-59.07,52.06
2847,8.38,-567.69,-81.0,27.29
2848,-47.57,-553.8,-155.61,23.19
2849,-13.87,-442.79,-144.79,-57.29
2850,-18.51,-520.55,-59.23,31.78
2851,17.9,-483.22,-164.37,-5.67
2852,-32.91,-399.56,-102.47,61.02
2853,-123.7,-224.67,-25.87,39.55
2854,102.52,-627.5,-122.58,-26.88
2855,-23.0,-566.34,-139.41,9.89
2856,-3.8,-469.85,-197.95,-39.56
2857,-40.66,-520.2,4.9,40.31
2858,-17.67,-476.27,-91.58,24.44
2859,15.63,-429.58,-98.58,52.08
2860,-28.83,-491.79,-287.61,-78.09
2861,-267.87,-425.45,-16.48,60.02
2862,189.2,-311.52,-69.15,7.85
2863,30.11,-471.53,-89.03,-6.28
2864,-24.36,-580.48,-114.24,39.14
2865,-51.96,-486.31,-36.46,37.8
2866,30.11,-475.06,-118.66,16.25
2867,-104.45,-524.34,-225.08,-42.86
2868,-11.88,-432.93,-157.85,-55.8
2869,20.43,-407.27,-23.8,18.78
2870,-10.77,-533.56,-55.23,64.67
2871,4.27,-528.74,-78.44,41.72
2872,-15.0,-472.94,-107.25,11.05
2873,2.67,-450.7,-148.92,-8.62
2874,-26.53,-446.25,-81.81,38.04
2875,-135.27,-244.25,-133.53,-7.47
2876,66.4,-555.37,-203.27,-97.35
2877,10.13,-607.86,-50.18,73.65
2878,-34.64,-515.91,-149.18,23.08
2879,-3.02,-500.28,-156.97,19.54
2880,-14.44,-502.86,-25.13,-8.56
2881,-6.59,-461.88,-54.84,19.15
2882,22.98,-403.91,-72.6,20.76
2883,-28.11,-502.0,-79.32,61.51
2884,-74.39,-480.21,-220.69,-97.77
2885,71.58,-237.29,-78.83,-18.33
2886,-4.97,-434.68,-94.78,42.88
2887,-29.64,-584.19,-78.07,35.77
2888,-31.36,-483.94,-91.99,18.03
2889,-63.91,-489.93,-75.48,12.06
2890,-0.84,-454.73,-107.36,16.27
2891,16.79,-429.24,-111.76,2.21
2892,-17.39,-478.61,-257.82,-15.27
2893,-66.54,-479.45,-155.94,-43.53
2894,-132.67,-442.52,-46.47,-25.43
2895,107.1,-511.94,-57.33,57.4
2896,36.45,-477.85,-88.29,15.22
2897,4.79,-473.59,-53.8,42.82
2898,-13.65,-454.01,-115.83,8.41
2899,-85.8,-379.55,-117.51,-2.47
2900,67.04,-229.01,-97.11,-52.38
2901,5.58,-443.21,-110.98,54.71
2902,-50.25,-598.35,-105.28,13.17
2903,-44.73,-422.13,-171.94,-18.89
2904,-43.62,-527.65,-88.96,-2.96
2905,34.81,-553.91,-82.95,51.18
2906,-0.07,-495.99,-149.85,-26.53
2907,-22.44,-470.23,-357.17,-59.57
2908,-101.44,-416.62,119.21,44.72
2909,53.06,-405.62,-65.91,27.48
2910,17.51,-431.63,-100.0,42.25
2911,-1.09,-430.37,-48.45,20.73
2912,-12.42,-519.57,-155.64,-15.85
2913,-14.94,-503.84,-100.86,29.85
2914,-19.9,-424.09,-154.67,4.06
2915,-0.91,-277.61,-65.97,-35.0
2916,-29.44,-356.47,-107.54,9.41
2917,-126.59,-632.39,-111.65,43.07
2918,-20.07,-491.36,-136.33,4.52
2919,85.08,-516.5,-175.72,-57.97
2920,19.26,-492.93,-129.76,48.98
2921,-6.35,-481.75,-105.29,33.49
2922,-45.83,-420.96,-8.82,56.37
2923,-18.54,-312.18,-128.14,-15.87
2924,-8.33,-489.95,-79.22,-9.48
2925,9.23,-401.78,-253.47,-36.63
2926,19.5,-564.05,-12.43,49.3
2927,-53.22,-509.43,-90.54,23.65
2928,-53.09,-461.34,-94.99,21.04
2929,63.11,-423.46,-105.79,21.02
2930,4.67,-427.75,-114.21,-15.26
2931,-37.65,-479.73,-118.83,27.68
2932,-12.58,-561.63,-137.06,-5.12
2933,-76.08,-476.59,-281.75,-27.64
2934,-11.38,-491.45,34.77,3.43
2935,-27.91,-473.41,-51.0,56.3
2936,4.75,-458.22,-185.74,-30.32
2937,-90.25,-338.44,-33.67,47.55
2938,78.35,-486.44,-92.97,15.04
2939,-21.98,-463.26,-97.41,7.15
2940,-5.74,-457.25,-119.1,-1.12
2941,-97.44,-498.44,-128.79,-0.79
2942,24.99,-416.77,-122.73,-30.73
2943,-11.17,-469.07,-90.57,65.34
2944,-10.22,-531.42,-99.32,40.12
2945,6.91,-463.15,-242.3,-45.17
2946,7.61,-438.04,-23.31,7.58
2947,-54.05,-436.11,-293.45,-5.54
2948,-67.73,-477.65,-14.52,1.16
2949,59.54,-455.39,-2.99,78.18
2950,-16.71,-567.73,-98.7,19.19
2951,-8.63,-516.23,-107.68,-9.13
2952,-6.01,-436.54,-95.31,27.37
2953,-79.73,-484.96,-92.06,23.04
2954,-12.07,-463.74,-128.13,-37.77
2955,3.01,-409.26,-92.9,12.86
2956,19.64,-463.89,-94.05,24.4
2957,-72.85,-497.03,-96.68,33.15
2958,-156.31,-384.99,-112.54,12.81
2959,116.71,-434.56,-171.25,-8.76
2960,-14.39,-544.93,-86.05,-56.45
2961,20.84,-539.04,-147.76,3.86
2962,-10.16,-491.77,-78.47,22.63
2963,16.64,-355.16,-109.1,54.89
2964,-76.93,-420.61,-148.26,26.99
2965,-24.23,-560.15,-79.59,20.92
2966,24.97,-523.42,-137.35,24.21
2967,-8.38,-473.12,-60.1,10.96
2968,-11.22,-454.87,-129.78,-42.1
2969,-16.95,-427.43,-111.32,59.18
2970,-122.09,-499.72,-84.45,-9.77
2971,-135.25,-393.56,-84.6,31.91
2972,80.94,-495.88,-121.23,2.83
2973,63.04,-481.7,-155.86,-49.53
2974,27.12,-425.47,-135.84,-21.44
2975,-18.6,-397.08,-68.95,-16.9
2976,-74.83,-485.07,-87.77,50.31
2977,-2.59,-433.91,-106.22,48.48
2978,-27.23,-604.64,-131.06,-23.9
2979,75.44,-403.22,-122.25,18.82
2980,-0.64,-518.02,-87.81,3.24
2981,-42.09,-464.49,-183.32,-16.35
2982,-36.94,-477.19,-140.24,-3.39
2983,-23.96,-397.04,-42.95,44.61
2984,-2.1,-514.05,-209.08,-26.77
2985,-62.87,-436.39,-20.11,20.46
2986,-31.83,-453.28,-72.53,-11.2
2987,61.42,-559.6,-117.91,-3.09
2988,13.43,-309.61,-123.21,26.51
2989,-42.12,-471.95,-94.0,27.49
2990,-78.52,-607.96,-85.83,-0.89
2991,1.38,-489.63,-81.47,18.4
2992,6.34,-433.06,-107.35,8.76
2993,-96.6,-386.09,-106.57,-13.14
2994,-18.9,-450.7,-130.11,-3.11
2995,91.82,-550.7,-137.6,0.29
2996,7.4,-475.04,-95.57,28.88
2997,-52.44,-481.38,-98.03,15.39
2998,-17.86,-454.31,-109.65,-17.11
2999,3.71,-446.51,-218.09,10.77
