,ch1,ch2,ch3,ch4
0,-5.37,-463.02,-102.78,19.44
1,-21.1,-460.48,-98.4,24.32
2,13.99,-352.33,-92.12,31.4
3,-30.91,-413.77,-94.74,20.18
4,-21.62,-515.85,-98.87,20.62
5,18.56,-340.85,-92.46,30.34
6,-24.18,-507.65,-88.47,25.39
7,-11.26,-505.1,-95.51,25.21
8,9.12,-432.24,-95.99,30.28
9,-68.89,-502.09,-94.38,23.61
10,12.17,-433.31,-96.88,25.1
11,8.71,-468.76,-102.25,23.26
12,-57.61,-446.37,-97.69,27.09
13,25.39,-464.23,-102.1,31.27
14,-45.79,-404.24,-100.07,22.4
15,-5.76,-483.72,-97.81,33.07
16,-4.63,-469.31,-96.19,33.43
17,1.61,-455.83,-95.14,33.04
18,-17.05,-468.44,-95.23,33.78
19,-39.04,-463.86,-94.75,29.08
20,-43.14,-359.99,-106.16,18.96
21,13.68,-423.93,-93.52,38.2
22,1.0,-525.63,-103.03,29.93
23,-7.59,-515.87,-101.5,30.69
24,-10.01,-446.38,-101.11,27.71
25,-5.07,-415.62,-96.45,32.4
26,-18.02,-423.86,-99.77,24.91
27,-28.51,-409.72,-97.49,21.49
28,-26.76,-458.27,-98.41,31.53
29,-21.69,-471.8,-102.75,24.8
30,26.41,-404.33,-89.87,39.18
31,-2.94,-527.98,-97.35,31.73
32,-12.83,-472.96,-96.23,31.13
33,-21.06,-483.91,-98.65,30.94
34,-18.09,-496.51,-97.26,34.17
35,-7.0,-313.0,-96.79,34.01
36,-54.56,-512.47,-104.5,14.52
37,-22.33,-451.06,-89.71,34.96
38,-19.21,-262.8,-95.08,28.29
39,21.77,-578.88,-87.43,29.02
40,-16.85,-518.76,-96.66,42.84
41,7.04,-456.65,-98.64,31.4
42,-8.9,-464.61,-98.68,26.18
43,-33.45,-452.81,-97.91,26.29
44,-10.71,-379.17,-92.15,32.75
45,-40.44,-591.57,-96.79,25.34
46,-25.12,-402.49,-94.44,39.03
47,4.03,-431.31,-96.67,26.27
48,-44.74,-481.66,-86.79,41.67
49,-55.77,-528.35,-90.41,31.74
50,24.95,-413.32,-99.37,34.08
51,-3.51,-403.05,-99.67,23.18
52,12.96,-143.62,-98.59,20.58
53,-19.99,-684.17,-99.68,35.09
54,-6.84,-553.83,-98.13,23.22
55,-22.14,-466.48,-100.2,24.61
56,-20.13,-476.03,-101.48,28.45
57,-19.14,-502.53,-102.95,20.46
58,-62.84,-466.13,-96.5,21.92
59,13.22,-310.55,-105.67,12.85
60,6.39,-371.74,-106.6,28.39
61,-17.54,-581.02,-92.65,39.07
62,-21.62,-508.93,-94.13,26.89
63,-22.51,-481.08,-96.48,29.35
64,-15.55,-477.71,-98.77,25.44
65,-15.31,-452.76,-99.85,21.42
66,-16.3,-483.5,-100.71,20.83
67,-40.45,-483.5,-96.0,16.43
68,-110.88,-467.54,-91.12,26.64
69,-44.99,-432.94,-99.57,26.14
70,104.62,-536.94,-110.67,21.94
71,2.96,-403.83,-124.84,-4.83
72,19.16,-184.95,-99.68,44.58
73,2.73,-504.55,-98.04,49.92
74,-22.09,-519.49,-98.87,28.98
75,-25.28,-513.72,-94.11,30.6
76,-21.37,-519.11,-97.87,24.05
77,-25.58,-468.78,-97.58,27.09
78,-74.91,-579.43,-98.93,19.67
79,-142.64,-587.79,-111.12,7.86
80,110.3,-335.5,-92.83,38.18
81,67.52,-220.05,-91.92,39.19
82,-13.45,-412.65,-89.35,33.33
83,-3.89,-471.17,-105.18,20.19
84,5.47,-383.18,-95.63,32.75
85,-27.68,-479.73,-97.38,28.21
86,-54.5,-569.18,-95.98,25.85
87,9.51,-526.86,-99.4,29.63
88,4.06,-449.57,-101.0,33.82
89,-21.31,-417.57,-95.69,30.64
90,-23.05,-480.23,-95.84,33.28
91,-43.76,-581.53,-102.36,26.94
92,-5.43,-433.63,-95.37,39.83
93,-13.69,-434.39,-112.58,8.45
94,-0.92,-346.51,-96.84,37.42
95,-28.66,-197.47,-92.87,35.19
96,-64.09,-692.5,-98.28,34.09
97,37.57,-421.37,-99.67,31.66
98,-53.75,-504.45,-98.55,27.41
99,-5.08,-414.18,-103.53,31.13
100,23.32,-483.27,-97.44,26.64
101,-38.61,-513.32,-101.86,19.87
102,-32.59,-556.75,-101.77,18.65
103,18.41,-369.53,-93.41,31.71
104,39.05,-349.33,-99.99,18.28
105,-0.33,-116.38,-93.97,23.84
106,-34.0,-662.36,-94.21,32.32
107,-25.87,-557.32,-94.74,27.21
108,-32.4,-533.41,-101.61,21.15
109,-13.94,-459.48,-90.67,39.68
110,-12.83,-488.2,-94.92,28.15
111,-20.33,-418.11,-93.16,24.33
112,-50.03,-554.54,-88.82,29.48
113,-69.17,-437.09,-97.34,14.74
114,10.58,-363.33,-85.65,47.31
115,33.09,-214.9,-95.66,24.19
116,-9.89,-572.62,-93.06,30.59
117,-5.32,-582.15,-99.03,26.05
118,-26.35,-292.69,-98.41,25.67
119,-6.83,-553.37,-95.88,29.23
120,-27.66,-617.64,-101.1,19.0
121,-43.5,-341.57,-106.57,19.27
122,13.78,-482.36,-96.1,42.53
123,-44.79,-413.75,-98.26,26.52
124,-93.14,-282.44,-94.37,29.7
125,69.17,-517.82,-111.49,16.49
126,-26.08,-550.76,-96.04,39.68
127,-18.05,-476.62,-91.96,36.42
128,10.4,-414.3,-112.56,8.51
129,-7.59,-424.7,-97.39,42.65
130,-18.59,-560.29,-98.91,38.61
131,-17.61,-473.38,-100.55,29.89
132,-31.06,-363.29,-101.85,29.01
133,-69.24,-453.92,-99.95,29.06
134,-17.44,-374.21,-108.29,30.73
135,-3.02,-496.49,-105.63,33.24
136,-18.43,-522.6,-101.06,37.96
137,-8.31,-463.79,-104.39,27.69
138,-35.85,-269.41,-96.28,34.81
139,-18.69,-600.89,-96.41,37.1
140,21.16,-371.58,-101.39,27.56
141,-17.53,-486.56,-104.14,27.37
142,-33.9,-524.05,-97.35,32.63
143,2.75,-271.62,-107.51,29.84
144,-9.26,-207.24,-99.86,19.6
145,-153.87,-707.97,-90.53,44.93
146,2.44,-605.59,-98.58,35.71
147,-35.67,-367.24,-104.88,15.03
148,52.98,-409.52,-92.71,35.73
149,-60.16,-480.98,-99.29,32.05
150,26.43,-535.14,-111.96,22.54
151,21.39,-287.76,-101.18,27.57
152,-90.98,-497.56,-95.98,32.03
153,8.59,-394.25,-99.85,27.32
154,-50.53,-600.89,-90.46,33.26
155,21.06,-322.73,-108.56,19.1
156,-3.08,-684.61,-105.98,25.32
157,-78.18,-499.8,-103.64,6.93
158,45.81,-319.21,-99.75,27.58
159,15.54,-381.75,-98.2,30.77
160,-104.27,-467.59,-102.64,22.48
161,-110.23,-487.34,-117.23,-0.45
162,56.2,-219.92,-100.78,43.96
163,-61.68,-642.51,-97.47,36.67
164,4.91,-526.67,-100.98,31.85
165,-71.78,-549.15,-110.41,11.52
166,86.55,-210.18,-104.49,17.27
167,-54.75,-549.51,-91.89,44.74
168,-77.69,-497.11,-101.92,27.86
169,22.63,-490.3,-93.87,26.2
170,-62.34,-411.75,-93.66,31.42
171,43.42,-605.53,-103.9,27.5
172,-48.16,-407.62,-93.87,31.46
173,-2.12,-197.41,-102.36,4.04
174,-19.22,-545.29,-110.32,17.45
175,1.3,-654.23,-98.09,39.22
176,-58.22,-478.99,-98.11,40.37
177,4.02,-459.59,-111.91,26.05
178,-54.84,-393.9,-110.92,16.33
179,-51.81,-478.64,-99.76,31.8
180,-137.73,-584.12,-113.88,12.35
181,119.78,-157.85,-105.12,36.17
182,47.86,-648.93,-105.65,27.55
183,-65.65,-327.7,-102.37,32.03
184,24.73,-639.01,-102.12,35.42
185,-30.19,-443.54,-99.34,26.15
186,-19.2,-366.72,-101.93,26.76
187,5.62,-494.92,-111.98,11.65
188,-4.92,-466.93,-93.19,34.65
189,-122.64,-478.12,-95.49,29.68
190,-31.47,-564.17,-110.94,16.51
191,-20.75,-399.16,-102.44,22.4
192,86.84,-586.22,-109.88,17.9
193,-24.01,-342.18,-99.18,34.93
194,27.26,-457.09,-98.56,38.28
195,-81.89,-450.8,-104.34,22.02
196,36.91,-540.45,-101.56,14.9
197,-60.78,-280.32,-105.92,9.0
198,-15.69,-546.17,-90.92,37.69
199,-70.78,-546.93,-96.69,34.16
200,70.84,-449.49,-114.72,5.88
201,-156.6,-482.65,-90.7,50.46
202,87.24,-501.64,-102.79,25.03
203,7.16,-376.65,-100.8,28.36
204,-138.25,-508.15,-94.28,23.95
205,92.19,-419.43,-96.73,26.78
206,-74.62,-421.87,-105.52,8.59
207,-32.05,-568.09,-98.55,32.36
208,60.55,-436.27,-104.34,18.88
209,-15.9,-354.64,-100.83,14.01
210,-76.62,-534.66,-88.64,33.17
211,-69.6,-567.17,-103.85,15.6
212,69.89,-379.92,-113.33,7.19
213,31.68,-398.79,-97.08,32.77
214,-178.89,-612.86,-91.1,29.5
215,82.66,-532.31,-97.65,29.24
216,-0.42,-298.75,-112.96,10.47
217,-47.67,-439.69,-111.68,9.1
218,-22.29,-333.52,-101.83,14.01
219,12.24,-574.06,-84.75,53.86
220,42.19,-487.62,-104.15,23.63
221,-79.82,-467.52,-105.26,23.48
222,-13.67,-578.08,-104.17,16.54
223,-25.78,-579.92,-96.35,25.08
224,-117.37,-234.91,-94.49,15.68
225,-6.99,-540.25,-90.63,35.71
226,14.44,-592.03,-103.03,21.27
227,15.8,-355.57,-102.01,24.3
228,20.37,-356.18,-104.4,17.11
229,26.96,-474.02,-99.15,19.2
230,-190.19,-598.6,-94.57,31.7
231,-42.54,-291.1,-106.11,10.15
232,94.87,-432.09,-100.1,30.95
233,-7.14,-622.01,-111.13,27.41
234,13.79,-518.68,-90.12,37.26
235,-53.37,-349.75,-103.15,27.05
236,56.5,-487.26,-103.14,16.73
237,-112.87,-608.97,-110.92,14.02
238,99.44,-442.98,-110.39,24.52
239,-44.67,-519.94,-112.12,8.28
240,-53.98,-289.36,-99.35,22.2
241,-128.15,-525.29,-113.01,9.68
242,55.75,-406.0,-99.25,41.01
243,-81.36,-527.89,-102.92,32.26
244,51.45,-445.75,-104.62,29.76
245,58.11,-464.17,-108.85,19.24
246,-63.35,-380.28,-104.82,21.13
247,-80.68,-750.07,-128.49,-7.22
248,96.92,-382.71,-79.7,63.14
249,-50.85,-456.01,-89.37,32.25
250,-140.37,-399.46,-115.71,1.88
251,90.9,-429.9,-99.67,25.06
252,-6.24,-478.19,-90.46,28.46
253,-10.18,-531.57,-104.88,18.5
254,-9.51,-253.93,-109.44,7.12
255,27.24,-542.64,-127.33,-20.79
256,-44.93,-605.85,-75.06,65.44
257,-98.71,-455.71,-95.92,27.43
258,58.44,-431.17,-116.44,-0.44
259,-4.04,-379.81,-102.96,23.48
260,-141.85,-555.95,-99.76,34.75
261,53.05,-513.32,-99.77,21.24
262,-28.02,-472.44,-94.35,19.2
263,10.66,-366.03,-119.91,1.38
264,57.53,-362.18,-104.46,32.82
265,-55.52,-515.01,-103.43,26.35
266,-69.02,-562.25,-111.38,13.58
267,47.57,-578.36,-93.86,34.43
268,-116.26,-472.09,-101.49,22.34
269,-72.07,-211.39,-110.46,-0.77
270,14.59,-556.22,-114.53,9.1
271,25.92,-340.71,-94.11,46.8
272,8.74,-537.41,-96.2,28.34
273,-75.45,-399.63,-95.81,31.79
274,-31.33,-478.77,-100.24,24.36
275,118.57,-463.91,-104.91,29.13
276,18.83,-632.46,-94.72,28.15
277,12.19,-421.28,-104.04,28.69
278,-15.4,-432.04,-99.65,21.71
279,-129.05,-252.84,-102.76,24.67
280,43.16,-655.74,-110.03,27.57
281,-64.07,-435.84,-105.4,26.34
282,-90.49,-353.01,-119.99,9.24
283,-62.42,-522.49,-106.2,33.87
284,105.33,-645.61,-122.69,2.41
285,-8.44,-406.45,-92.59,52.66
286,-54.98,-470.95,-101.34,29.0
287,23.86,-343.98,-111.86,12.96
288,80.48,-500.94,-103.21,39.03
289,-104.26,-484.64,-89.61,39.59
290,-139.2,-176.91,-93.6,18.04
291,77.55,-613.73,-115.68,17.66
292,-104.81,-564.28,-95.62,32.01
293,-35.3,-584.06,-117.1,4.94
294,164.23,-178.81,-104.16,42.32
295,-9.56,-640.84,-100.99,33.89
296,-5.64,-436.1,-105.71,25.53
297,-26.59,-453.48,-107.78,16.5
298,-49.91,-434.18,-117.44,2.91
299,-15.1,-415.35,-97.66,43.39
300,-21.01,-582.56,-92.53,47.97
301,-135.86,-61.15,-115.68,1.78
302,97.59,-619.1,-114.74,29.0
303,-63.79,-423.98,-100.98,30.68
304,-19.02,-675.39,-101.35,33.88
305,46.65,-358.92,-102.45,32.3
306,-34.87,-436.47,-114.04,14.55
307,0.18,-439.24,-95.67,32.3
308,-38.27,-499.19,-89.65,46.24
309,-32.79,-277.46,-111.59,9.98
310,78.34,-560.32,-97.68,30.51
311,-117.66,-388.25,-104.34,19.69
312,69.75,-544.54,-103.82,35.15
313,-95.74,-437.4,-88.06,48.03
314,42.33,-513.58,-100.57,34.41
315,32.38,-476.4,-110.92,16.89
316,-63.25,-505.07,-103.62,27.86
317,4.39,-254.8,-99.56,26.79
318,-86.57,-663.36,-106.65,23.03
319,94.25,-340.47,-99.68,38.47
320,-48.57,-498.01,-100.76,19.15
321,-34.32,-585.82,-108.29,17.07
322,22.08,-218.65,-102.97,26.57
323,-91.13,-634.33,-92.03,41.87
324,22.15,-489.4,-94.87,31.33
325,-100.78,-482.51,-102.92,10.9
326,84.59,-299.25,-94.5,30.31
327,32.71,-412.06,-104.11,27.0
328,-20.7,-546.23,-92.86,41.83
329,-104.61,-599.3,-93.39,36.34
330,24.85,-265.48,-103.55,24.79
331,4.48,-576.58,-91.93,37.89
332,-55.11,-450.61,-104.35,15.03
333,56.35,-453.65,-104.91,30.26
334,-51.19,-311.91,-101.5,20.32
335,-31.74,-547.8,-94.25,30.92
336,61.55,-506.6,-103.4,28.22
337,16.93,-443.13,-91.26,36.81
338,-67.33,-549.84,-101.61,1.59
339,-15.91,-334.73,-94.38,26.0
340,41.3,-525.59,-85.96,43.01
341,-35.27,-308.07,-106.01,16.27
342,33.17,-631.79,-101.01,27.27
343,-90.88,-449.76,-102.88,20.04
344,-12.32,-401.03,-92.54,38.87
345,-188.74,-497.8,-88.21,44.06
346,159.48,-469.55,-107.54,19.68
347,33.61,-567.26,-112.05,17.2
348,31.6,-426.5,-95.83,37.67
349,-44.18,-358.65,-95.38,27.15
350,20.56,-430.63,-112.86,10.73
351,1.62,-318.12,-101.71,30.41
352,-76.75,-484.69,-97.94,36.86
353,-37.56,-677.86,-105.58,20.47
354,-26.61,-468.75,-100.16,34.55
355,0.38,-347.47,-90.83,36.08
356,11.92,-519.94,-95.33,27.15
357,-93.8,-482.75,-102.84,19.49
358,74.15,29.31,-106.23,12.07
359,-20.14,-815.05,-90.05,43.68
360,4.71,-585.47,-87.92,51.37
361,-68.95,-397.78,-110.58,16.07
362,77.96,-554.46,-102.74,29.41
363,-65.45,-364.95,-93.95,39.77
364,31.48,-431.64,-102.51,30.78
365,6.43,-658.91,-100.98,26.93
366,-10.04,-380.52,-98.3,21.81
367,-34.58,-526.26,-98.09,23.01
368,-1.57,-392.8,-98.49,32.78
369,-188.61,-293.69,-103.05,8.99
370,148.68,-565.53,-109.37,16.12
371,57.84,-315.58,-86.03,44.1
372,-14.98,-510.0,-91.13,25.29
373,-14.25,-562.42,-93.57,33.52
374,-34.11,-437.61,-96.51,26.42
375,-111.91,-506.65,-129.67,-21.31
376,38.8,-247.64,-102.09,39.26
377,84.4,-419.77,-79.87,51.91
378,16.35,-562.55,-85.93,37.61
379,-34.04,-254.65,-90.47,17.73
380,-46.76,-562.98,-95.89,33.68
381,70.7,-575.62,-102.04,12.61
382,-63.18,-494.1,-94.25,27.22
383,37.02,-505.36,-92.2,32.81
384,-12.59,-452.9,-87.37,28.11
385,17.82,-474.83,-89.19,28.58
386,-59.25,-562.91,-102.85,22.27
387,23.14,-502.85,-95.18,27.55
388,3.89,-363.83,-95.16,21.11
389,-60.05,-497.82,-96.04,17.49
390,12.49,-391.46,-94.6,17.46
391,-17.0,-342.69,-99.21,16.78
392,-41.8,-546.04,-102.9,11.69
393,41.31,-398.45,-86.21,42.56
394,34.15,-616.37,-97.19,21.48
395,-66.9,-323.03,-107.28,10.09
396,20.88,-421.14,-99.52,20.67
397,9.05,-450.82,-98.01,35.69
398,84.32,-217.74,-95.46,22.39
399,-9.62,-650.13,-100.35,36.22
400,-38.73,-581.23,-97.09,40.23
401,-16.92,-510.32,-94.56,23.43
402,1.31,-480.54,-96.92,29.58
403,-2.23,-478.48,-97.3,24.75
404,-45.01,-472.86,-95.19,24.4
405,-117.94,-452.73,-96.84,23.2
406,-38.22,-633.62,-104.32,15.2
407,6.77,-260.78,-101.64,20.38
408,28.87,-436.01,-93.44,28.93
409,-15.19,-394.51,-95.87,24.64
410,65.65,-443.27,-104.4,8.57
411,-68.4,-344.95,-105.71,9.76
412,-114.78,-445.95,-119.84,-5.41
413,170.97,-489.04,-80.57,66.55
414,-84.85,-551.58,-89.3,38.96
415,55.26,-510.83,-102.36,17.9
416,-8.48,-391.41,-101.9,15.1
417,94.75,-215.84,-118.73,2.0
418,5.28,-470.89,-95.24,32.36
419,-24.86,-587.96,-94.6,33.15
420,-138.59,-490.84,-92.62,22.2
421,31.22,-478.19,-103.6,20.92
422,55.81,-481.65,-106.77,17.38
423,1.82,-516.13,-100.44,26.36
424,-23.64,-501.96,-103.16,21.49
425,-48.36,-501.63,-101.3,18.41
426,-106.75,-567.26,-109.64,8.5
427,-133.02,-325.2,-91.87,37.79
428,120.53,-359.39,-104.46,22.19
429,-113.78,-367.91,-100.69,15.74
430,161.84,-448.66,-101.76,19.33
431,38.91,-536.63,-99.52,17.08
432,-21.29,-365.71,-93.07,30.3
433,-174.61,-574.94,-86.15,38.85
434,89.83,-382.58,-119.65,-3.75
435,12.63,-419.12,-97.95,24.05
436,-88.39,-520.53,-87.82,41.61
437,36.83,-419.72,-102.37,27.44
438,-52.13,-544.8,-99.91,32.95
439,96.37,-313.45,-96.37,30.05
440,-15.53,-488.22,-97.38,34.84
441,52.36,-447.38,-114.14,19.71
442,-29.36,-533.59,-96.5,34.6
443,-39.77,-421.4,-108.32,15.2
444,-158.64,-360.91,-100.97,26.09
445,-58.24,-547.4,-111.68,16.72
446,39.36,-446.8,-98.14,34.95
447,-0.69,-406.3,-106.88,29.84
448,72.56,-526.35,-105.16,18.26
449,15.75,-473.21,-94.38,25.82
450,-96.06,-482.22,-99.91,22.75
451,38.88,-415.36,-95.46,40.96
452,-1.77,-475.71,-104.9,20.27
453,-102.94,-448.54,-104.39,17.89
454,77.24,-375.35,-103.52,25.3
455,-23.7,-496.91,-94.67,39.18
456,-247.88,-375.06,-95.97,15.54
457,168.27,-171.61,-117.11,3.86
458,24.27,-657.44,-98.05,34.25
459,-47.73,-508.19,-91.59,29.96
460,-26.62,-300.64,-100.67,12.55
461,-74.87,-547.31,-98.29,32.38
462,118.55,-579.47,-103.9,28.73
463,3.12,-520.38,-98.46,24.33
464,3.76,-529.32,-101.82,18.99
465,17.13,-341.79,-108.08,10.23
466,-61.01,-566.62,-105.18,22.33
467,-177.62,-88.71,-113.35,0.45
468,54.73,-345.3,-106.92,28.59
469,-110.43,-701.41,-95.86,48.44
470,84.95,-542.61,-110.67,23.94
471,14.16,-260.93,-91.87,29.88
472,140.5,-400.1,-114.02,6.84
473,-72.08,-685.36,-105.64,25.32
474,-17.15,-480.92,-91.6,33.97
475,-152.95,-448.83,-92.69,28.07
476,-79.44,-388.35,-99.61,22.76
477,125.4,-485.25,-108.16,22.09
478,29.63,-526.93,-92.7,31.52
479,11.32,-473.75,-93.54,30.93
480,-89.22,-478.56,-92.2,23.65
481,-10.8,-460.22,-105.74,18.84
482,35.52,-439.92,-98.5,23.98
483,-71.87,-444.45,-101.37,15.89
484,24.63,-488.57,-113.8,2.14
485,52.8,-239.28,-99.42,23.16
486,-23.77,-471.29,-101.02,30.07
487,-20.34,-501.5,-93.56,30.18
488,-100.43,-664.08,-98.98,21.04
489,-64.66,-408.75,-102.81,27.77
490,29.02,-569.55,-117.39,4.74
491,-152.4,-129.1,-100.74,25.41
492,191.64,-470.91,-89.16,44.83
493,-3.99,-604.61,-97.27,31.63
494,-68.02,-435.3,-101.19,21.85
495,-65.65,-420.0,-106.01,14.98
496,88.58,-492.17,-114.98,15.03
497,3.59,-466.07,-82.22,52.68
498,-148.25,-411.92,-87.52,31.87
499,64.14,-478.67,-102.45,21.45
500,29.12,-490.48,-104.6,16.0
501,17.14,-484.04,-98.07,25.2
502,-55.36,-472.09,-101.32,22.08
503,-6.1,-476.84,-107.72,18.13
504,10.57,-352.24,-98.88,23.67
505,-93.33,-618.07,-105.7,17.27
506,-22.83,-325.9,-105.87,15.96
507,41.46,-406.72,-97.4,38.87
508,-19.74,-520.37,-99.98,39.64
509,1.49,-496.79,-100.21,27.68
510,-76.03,-455.16,-112.95,3.38
511,19.2,-459.3,-106.54,29.4
512,38.12,-449.83,-113.0,15.76
513,-80.28,-306.31,-114.31,26.13
514,-9.0,-615.36,-100.29,41.51
515,29.32,-507.22,-107.31,24.32
516,-76.6,-367.53,-109.23,28.74
517,42.45,-433.92,-106.87,31.25
518,58.61,-299.55,-103.12,35.16
519,4.63,-594.39,-105.64,25.64
520,-69.28,-559.87,-107.81,24.41
521,-61.21,-408.68,-101.06,35.16
522,25.92,-512.84,-105.28,24.89
523,-2.22,-450.17,-105.06,24.68
524,-22.47,-388.85,-106.56,26.56
525,-36.41,-525.07,-101.77,33.14
526,-55.94,-381.02,-105.84,20.49
527,64.12,-270.12,-101.69,21.64
528,-199.25,-646.81,-101.75,25.69
529,149.77,-380.73,-116.36,10.43
530,-13.02,-488.74,-93.89,47.02
531,-17.32,-512.99,-106.16,28.61
532,-20.87,-486.73,-112.67,30.43
533,46.54,-477.34,-106.79,29.94
534,-75.94,-498.34,-101.41,38.72
535,-38.35,-485.36,-107.7,21.94
536,7.72,-438.57,-100.19,36.75
537,16.31,-484.61,-101.31,34.52
538,-44.16,-485.57,-109.91,22.04
539,-11.29,-441.58,-100.69,35.75
540,-28.71,-419.82,-105.58,28.83
541,-63.54,-450.45,-107.85,29.98
542,43.22,-247.34,-110.13,23.34
543,-72.49,-502.31,-104.78,25.2
544,84.94,-434.12,-115.08,25.22
545,11.44,-566.24,-97.76,44.98
546,-2.45,-483.56,-100.6,35.7
547,6.85,-488.63,-107.75,24.35
548,-9.46,-501.12,-104.9,33.87
549,-37.95,-486.56,-110.86,27.77
550,-17.86,-478.93,-109.16,30.66
551,-29.89,-470.31,-107.4,28.62
552,-59.13,-470.95,-112.92,19.64
553,6.37,-460.4,-107.81,24.93
554,-0.47,-476.39,-109.34,25.98
555,7.53,-384.89,-111.8,24.26
556,-40.89,-221.66,-113.17,9.55
557,30.36,-600.28,-105.8,30.5
558,-48.84,-506.32,-101.65,33.68
559,-99.08,-488.13,-113.98,25.89
560,48.9,-504.71,-115.25,13.97
561,14.75,-448.27,-109.95,10.22
562,-7.37,-480.49,-107.52,27.5
563,9.74,-476.63,-105.59,30.45
564,-14.88,-481.66,-108.53,22.93
565,0.11,-466.54,-110.11,17.31
566,-7.26,-469.95,-104.13,24.79
567,-18.34,-465.22,-107.87,23.69
568,-19.17,-479.2,-105.4,20.37
569,-44.57,-446.29,-101.74,23.43
570,-6.08,-464.78,-102.15,25.91
571,-65.26,-470.12,-109.24,18.35
572,41.22,-460.31,-107.4,12.5
573,-60.69,-490.08,-104.86,26.22
574,-19.49,-476.56,-107.59,22.07
575,38.4,-440.51,-105.73,26.5
576,-14.12,-442.56,-102.89,24.65
577,-116.22,-448.43,-111.18,29.27
578,48.16,-466.25,-115.76,3.17
579,56.37,-478.36,-127.7,-11.39
580,10.6,-493.98,-121.9,-14.45
581,-5.86,-492.98,-98.34,44.36
582,-22.18,-457.43,-98.24,45.71
583,4.34,-473.27,-109.47,13.29
584,-14.94,-464.07,-114.84,2.48
585,-18.91,-460.31,-105.87,34.51
586,0.97,-494.08,-110.38,37.81
587,7.31,-431.99,-100.39,42.4
588,-15.68,-444.52,-96.13,32.39
589,-4.36,-436.98,-108.7,13.76
590,-13.28,-452.94,-129.86,-11.92
591,2.51,-432.91,-134.11,-50.63
592,-12.39,-443.76,-104.94,11.26
593,-29.9,-491.09,-116.78,19.56
594,5.52,-419.12,-111.99,18.27
595,3.38,-383.5,-106.79,15.04
596,-3.28,-407.45,-127.26,-44.03
597,-8.2,-430.21,-97.5,26.79
598,-12.18,-424.73,-90.65,77.66
599,-8.58,-408.25,-109.74,-24.45
600,-2.27,-403.85,-121.98,-0.06
601,0.5,-396.05,-125.8,-57.62
602,15.08,-385.74,-116.95,48.17
603,16.7,-384.58,-128.7,-22.21
604,1.37,-380.43,-107.46,-26.84
605,-2.71,-360.35,-80.09,95.95
606,3.66,-375.31,-100.26,51.01
607,3.14,-386.51,-116.4,1.52
608,-10.82,-374.74,-110.08,-6.64
609,26.92,-372.5,-151.13,-69.2
610,-5.98,-456.18,-146.62,-172.08
611,-6.99,-363.88,-86.06,89.57
612,8.78,-347.29,-95.77,128.69
613,16.16,-335.74,-116.79,21.51
614,-41.88,-584.8,-133.79,-90.67
615,40.95,-200.21,-114.98,-101.28
616,17.42,-308.82,-93.3,106.75
617,1.88,-369.19,-114.65,-4.9
618,27.99,-304.78,-160.33,-87.64
619,30.38,-332.46,-147.13,-210.8
620,-10.89,-424.13,-28.89,-21.07
621,23.19,-395.47,-155.23,-64.65
622,65.53,-347.82,-188.16,-342.54
623,22.47,-399.25,-97.23,-211.05
624,-7.97,-438.91,-86.52,192.36
625,16.36,-379.64,105.43,0.87
626,16.04,-435.67,-177.13,199.57
627,25.87,-418.39,-190.42,-250.58
628,56.29,-365.69,-323.01,-453.02
629,6.83,-446.92,-167.8,-182.07
630,-64.59,-497.43,-19.15,359.11
631,-66.85,-413.79,-243.55,38.24
632,-80.56,-461.5,-210.96,-117.22
633,127.96,-432.02,-212.63,-99.46
634,55.19,-409.68,-148.51,-109.96
635,29.98,-447.89,-79.62,-26.85
636,-19.05,-688.77,-226.5,-263.89
637,-149.73,-516.92,-200.49,-331.78
638,-26.05,-274.31,-38.82,7.11
639,60.69,-342.92,-206.08,59.45
640,-10.49,-353.56,-249.25,-323.57
641,18.85,-490.96,-102.71,12.43
642,46.82,-582.64,-161.69,-60.99
643,26.27,-525.51,-115.27,-19.94
644,52.73,-172.79,-176.75,-92.15
645,1.24,-270.81,-189.6,8.47
646,51.8,-413.88,-54.9,48.28
647,18.64,-437.88,-177.9,-235.21
648,-4.32,-437.47,-251.56,-211.72
649,-40.42,-434.01,-540.66,-256.49
650,-27.53,-387.04,-187.02,-103.14
651,45.36,-405.62,-24.59,31.14
652,40.64,-440.32,-89.33,25.26
653,-73.13,-351.0,-280.58,-344.54
654,34.75,-422.93,-339.94,-107.37
655,38.63,-436.15,-404.0,-218.08
656,28.54,-437.48,-45.02,63.33
657,46.53,-408.32,-86.2,-117.17
658,-89.38,-410.58,-225.17,-253.38
659,117.07,-391.74,-47.3,-11.35
660,-94.48,-348.6,-102.39,-39.4
661,82.25,-474.85,-245.45,-122.31
662,48.47,-441.71,-53.71,-38.23
663,69.72,-427.04,-241.15,-51.77
664,-86.0,-412.61,-116.14,-176.82
665,-14.85,-379.75,-206.12,-192.55
666,-6.89,-387.21,-184.7,-9.62
667,186.86,-405.31,-129.47,-191.71
668,-2.38,-468.0,-213.25,-247.43
669,-0.98,-473.26,-31.9,109.37
670,5.03,-417.66,-138.68,-129.26
671,-47.07,-432.3,-94.46,-61.76
672,-24.36,-432.46,-141.29,16.89
673,-0.71,-415.01,-285.46,-99.86
674,4.46,-452.57,-39.76,-63.29
675,-96.01,-387.37,-151.82,-123.42
676,-28.7,-444.03,-135.35,-88.83
677,87.37,-404.51,-186.45,-73.0
678,-54.68,-366.58,-220.93,-126.82
679,-30.25,-410.62,-128.97,-41.34
680,44.22,-491.13,-57.65,-26.12
681,15.83,-460.18,-162.91,-40.39
682,-49.94,-475.79,-100.65,-93.56
683,33.61,-469.14,-191.78,-165.08
684,-16.75,-452.81,-106.69,-8.33
685,7.0,-407.36,-259.08,46.14
686,-50.25,-470.56,-174.87,-223.49
687,46.81,-425.95,-147.39,-172.09
688,-81.27,-468.61,-72.4,14.8
689,51.07,-461.48,-100.32,9.29
690,-48.38,-422.92,-129.21,-30.85
691,-97.94,-388.31,-210.84,-131.59
692,1.75,-427.25,-67.92,-54.29
693,81.43,-419.13,-147.02,-53.0
694,-141.71,-440.71,-145.07,-243.2
695,101.92,-427.52,-100.25,-2.18
696,49.3,-420.09,-165.66,-43.31
697,-3.62,-452.91,-257.9,-108.85
698,-37.11,-465.95,48.79,40.8
699,-99.64,-437.81,-126.13,-67.52
700,-46.47,-432.26,-130.22,-86.56
701,-23.85,-389.71,-116.55,-49.89
702,69.22,-452.88,-99.29,-71.99
703,-16.64,-461.88,-126.93,-15.77
704,-25.21,-433.05,-167.34,-126.01
705,-114.78,-406.15,-121.21,14.52
706,9.98,-449.37,-127.99,-69.2
707,-25.42,-429.01,-136.07,-141.97
708,40.13,-451.82,-124.46,7.52
709,-10.74,-437.56,-96.06,-14.41
710,-38.2,-438.5,-70.46,-138.87
711,-1.59,-415.62,-99.35,-85.56
712,-7.57,-393.23,-121.28,-1.03
713,-84.73,-440.34,-104.57,-12.27
714,-90.27,-436.49,-120.44,-20.82
715,94.24,-413.36,-173.26,-159.51
716,48.16,-447.79,-50.72,-19.83
717,-17.87,-451.0,-111.1,-16.06
718,-139.35,-382.39,-99.25,-29.56
719,46.39,-442.1,-90.65,-39.62
720,22.58,-456.97,-258.61,-11.13
721,-21.29,-463.28,-80.9,-73.48
722,-8.99,-419.31,-88.85,-76.61
723,-32.54,-448.52,-90.11,-24.06
724,-49.18,-465.06,-89.23,34.15
725,-51.59,-403.79,-75.8,-50.86
726,49.07,-411.78,-163.4,-39.26
727,-16.86,-436.58,-114.88,-64.78
728,-4.92,-464.41,-106.33,-5.2
729,-139.11,-465.88,-130.57,-32.79
730,104.26,-402.23,-57.76,-97.88
731,-49.07,-407.38,-107.65,-21.05
732,-13.32,-443.06,-153.71,55.51
733,-29.89,-444.97,-100.64,-67.24
734,-76.77,-454.76,-115.82,-53.24
735,34.0,-392.31,-35.16,-11.17
736,59.63,-358.27,-120.98,-111.02
737,-80.18,-411.85,-127.35,-14.17
738,64.78,-463.99,-61.2,14.33
739,-45.36,-456.22,-99.02,11.15
740,12.71,-448.57,-176.49,-51.92
741,-103.45,-411.84,-45.94,5.18
742,82.27,-409.7,-72.11,-34.72
743,-1.74,-433.74,-69.82,-90.37
744,-49.44,-421.57,-100.22,-37.11
745,-72.58,-393.52,-114.72,-50.54
746,75.19,-420.04,-101.6,15.46
747,-100.36,-445.9,-133.43,-58.31
748,27.5,-372.17,-106.03,22.93
749,54.5,-426.34,-70.78,8.92
750,-17.52,-451.92,-135.48,-6.86
751,-39.54,-450.36,-83.85,-11.49
752,-113.04,-417.91,-155.23,-41.69
753,-28.52,-458.01,-137.96,-26.51
754,59.86,-450.0,31.31,-5.47
755,17.62,-426.38,-109.92,-11.16
756,-60.02,-432.51,-84.79,-33.5
757,-60.97,-431.61,-164.91,-42.72
758,-88.06,-373.46,-72.51,-68.78
759,88.48,-429.41,-110.16,27.47
760,23.16,-462.63,-71.04,14.38
761,-19.24,-441.5,-104.63,3.12
762,-17.24,-436.83,-68.66,-23.03
763,-25.93,-429.46,-75.81,-1.47
764,-97.39,-391.92,-130.0,-27.42
765,1.81,-450.15,-73.91,12.13
766,18.86,-465.88,-179.34,-82.67
767,-27.26,-433.37,-67.65,-25.88
768,-109.58,-378.0,-125.74,41.35
769,5.19,-371.67,-71.13,-72.38
770,54.08,-446.45,-104.36,-5.18
771,29.11,-426.54,-70.61,11.31
772,-14.85,-462.06,-176.43,-41.77
773,0.81,-436.22,-34.73,-18.0
774,13.25,-437.13,-78.44,-19.12
775,-127.27,-420.94,-37.53,48.08
776,54.12,-448.69,-166.01,-47.36
777,-15.61,-471.92,-129.17,-43.92
778,-47.65,-432.25,-44.79,24.34
779,-2.73,-409.36,-106.43,-58.42
780,-34.12,-462.15,-97.04,54.24
781,8.66,-431.86,-105.33,-45.0
782,-88.07,-386.42,-121.78,-48.53
783,-31.31,-414.51,-126.1,19.21
784,-15.49,-411.25,-86.42,-53.98
785,60.4,-422.55,-92.49,8.67
786,35.71,-406.5,-57.73,19.31
787,-25.09,-486.44,-65.63,55.2
788,-166.93,-411.5,-137.03,-80.42
789,50.84,-411.45,-121.06,-53.2
790,2.17,-459.83,-122.61,37.65
791,-34.89,-457.04,-52.94,-3.58
792,-42.21,-438.59,-171.91,-64.09
793,-14.6,-393.73,-61.99,-61.8
794,69.15,-437.56,-65.12,19.31
795,8.61,-462.4,-63.78,22.89
796,-10.63,-445.63,-120.32,1.18
797,-23.37,-428.59,-176.96,-40.76
798,-65.56,-426.74,-60.73,6.23
799,-26.85,-443.69,-79.53,17.36
800,-35.92,-410.13,-115.69,-34.81
801,46.8,-461.96,-85.15,-17.07
802,-40.91,-438.85,-160.85,-43.91
803,-35.55,-452.28,-85.98,1.35
804,-100.44,-415.64,-75.93,-19.76
805,112.71,-396.24,-95.83,-2.77
806,-71.3,-462.27,-50.68,-0.96
807,36.07,-464.54,-116.64,-20.82
808,1.29,-463.53,-97.68,-25.64
809,-85.64,-432.51,-111.93,-33.0
810,38.26,-412.82,-119.5,-25.78
811,-9.28,-453.21,-207.11,-56.43
812,-61.64,-416.22,16.27,10.49
813,-5.63,-431.54,-68.76,-0.85
814,0.91,-383.55,-92.44,-61.85
815,-85.21,-446.61,-51.0,40.96
816,62.41,-485.13,-199.17,-36.7
817,-119.93,-385.2,-135.48,-75.33
818,137.01,-478.45,-71.15,-12.29
819,15.87,-460.12,-116.03,-5.99
820,-8.77,-445.81,-41.4,-38.33
821,-23.52,-458.38,-111.77,-18.88
822,-28.25,-431.56,-210.69,-55.09
823,-138.41,-386.61,-82.18,-24.49
824,113.86,-449.15,-53.04,-35.16
825,-3.72,-451.37,-85.49,5.69
826,-48.83,-397.83,-62.17,-25.28
827,-97.66,-461.84,-166.9,-28.46
828,89.86,-459.24,-57.44,-7.98
829,-71.08,-439.66,-135.16,-27.48
830,22.77,-469.77,-85.2,-19.52
831,-7.71,-437.17,-96.09,-31.01
832,-23.09,-405.9,-114.84,-18.31
833,-65.42,-469.13,-165.63,-32.45
834,39.75,-429.62,-144.38,-71.96
835,-92.93,-401.06,-25.27,-15.38
836,36.51,-484.91,-210.87,-37.11
837,32.62,-439.78,-54.55,-14.96
838,23.25,-435.77,-91.31,-67.91
839,-108.85,-426.82,6.6,-3.14
840,20.37,-477.57,-120.31,-15.9
841,8.04,-448.52,-170.66,-62.52
842,-9.85,-446.77,-65.24,-14.44
843,7.63,-437.69,-97.02,-18.58
844,-49.96,-424.68,-147.15,-32.59
845,21.08,-452.65,-131.0,-80.4
846,-129.65,-447.82,-92.87,29.15
847,33.64,-422.24,-111.76,-91.46
848,68.01,-463.44,-58.65,-57.33
849,-4.86,-458.65,-120.6,-52.07
850,-11.51,-447.35,-63.21,8.19
851,-16.67,-439.8,-119.61,-59.75
852,-77.41,-452.66,-46.19,-23.02
853,-17.63,-447.85,-161.4,-73.24
854,25.88,-449.43,-202.3,-45.5
855,-183.94,-446.4,-27.96,-8.83
856,8.43,-389.86,-161.9,-51.13
857,96.5,-425.94,-52.51,-60.81
858,29.61,-435.46,-98.38,-64.21
859,4.11,-473.62,-107.82,-24.54
860,11.68,-444.66,-91.38,-48.31
861,6.68,-432.4,-92.38,-38.62
862,-64.24,-375.11,-193.12,-74.07
863,31.16,-475.86,-165.57,-67.54
864,4.35,-473.66,-37.08,-48.46
865,-12.55,-446.11,-86.35,-27.66
866,-7.88,-453.83,-94.38,-8.21
867,-42.4,-460.13,-175.31,-59.08
868,-202.06,-444.93,-108.26,-32.98
869,111.82,-423.12,-63.06,-48.5
870,64.14,-398.61,-63.13,-40.85
871,-17.49,-478.83,-92.05,-13.95
872,-8.55,-451.19,-84.99,-37.8
873,-36.49,-469.16,-102.66,-17.28
874,-59.79,-455.25,-20.27,-35.95
875,62.07,-440.53,-205.68,-77.52
876,-2.42,-475.23,-107.23,-46.88
877,-38.47,-439.0,-125.96,-48.35
878,-7.93,-407.06,-125.5,-27.64
879,-2.18,-441.28,-105.62,-27.42
880,8.56,-449.38,-92.32,-28.21
881,-8.6,-444.68,-141.58,-56.39
882,-76.15,-405.54,-56.97,4.39
883,-174.41,-430.13,-82.86,-62.92
884,48.84,-438.4,-60.02,2.72
885,107.45,-466.51,-130.11,-61.27
886,4.16,-463.28,-129.51,-25.36
887,13.77,-464.8,-128.81,-72.57
888,-15.23,-414.07,-94.2,-36.63
889,14.82,-455.31,-71.35,-19.81
890,-6.53,-460.84,-99.02,-27.12
891,-37.3,-444.78,-104.25,-34.14
892,-92.25,-395.66,-115.93,-38.18
893,-90.29,-405.52,-127.2,-48.33
894,50.75,-460.03,-234.34,-82.1
895,68.85,-513.45,-33.68,0.96
896,-3.82,-480.69,-95.81,-50.53
897,19.05,-477.92,-109.09,-11.22
898,-38.58,-444.67,-82.94,-20.04
899,9.27,-455.97,-98.16,-28.0
900,-9.7,-442.67,-104.22,-16.23
901,-14.09,-436.28,-105.09,-27.15
902,-12.02,-431.26,-100.41,-24.72
903,-18.1,-431.64,-105.22,-30.11
904,-21.19,-429.41,-103.58,-24.18
905,-23.37,-428.18,-103.28,-24.6
906,-81.92,-428.82,-108.03,-24.14
907,-114.46,-395.18,-197.45,0.86
908,71.8,-461.99,-110.93,-63.46
909,-1.16,-433.4,-85.44,-29.29
910,64.2,-476.11,-205.46,-81.88
911,39.22,-437.26,-22.06,21.59
912,-10.61,-419.35,-94.53,-43.02
913,-14.51,-441.72,-128.12,-22.16
914,-11.34,-436.01,-142.12,-20.75
915,-15.63,-435.37,-59.32,1.28
916,-13.15,-439.64,-97.29,-20.95
917,-12.93,-440.25,-100.18,-24.88
918,-10.58,-435.89,-100.59,-22.81
919,-17.11,-432.19,-101.35,-29.42
920,-62.54,-438.74,-95.91,-31.55
921,-6.42,-457.09,-101.95,-25.59
922,-119.72,-399.17,-130.29,-10.46
923,60.04,-445.98,-127.94,-26.72
924,-57.31,-468.15,-116.07,5.85
925,55.93,-425.95,-175.16,-50.37
926,-65.28,-451.26,-245.13,-82.95
927,6.12,-454.94,10.04,-60.51
928,82.63,-419.24,-83.88,-9.3
929,42.12,-439.59,-154.78,8.3
930,-14.39,-452.03,-59.6,-0.94
931,-5.65,-449.91,-87.27,-31.92
932,-7.1,-440.65,-109.74,-20.03
933,-16.24,-444.88,-93.14,-17.97
934,-64.14,-431.14,-175.98,-43.95
935,-74.39,-471.42,-95.88,-8.81
936,32.47,-422.32,-52.2,-17.39
937,-88.03,-404.66,-125.5,-40.06
938,-52.68,-442.89,-91.68,-14.02
939,98.74,-472.17,-155.11,-45.3
940,17.39,-450.49,-106.32,-46.97
941,3.09,-479.06,-100.47,-6.86
942,-80.6,-451.58,-86.79,-8.24
943,-41.83,-452.68,-93.65,-26.37
944,51.04,-450.89,-71.24,-18.11
945,4.95,-441.57,-184.72,-49.77
946,19.31,-441.53,-115.05,-11.78
947,-45.97,-444.66,-140.44,-12.2
948,-14.87,-416.98,-118.37,-38.9
949,11.71,-438.16,-48.83,-17.47
950,-1.22,-425.6,-106.02,-48.78
951,-166.25,-407.14,-165.63,-69.18
952,92.94,-426.31,-126.75,-82.9
953,15.41,-441.78,-133.9,-24.31
954,36.91,-449.61,-18.96,-14.24
955,-31.52,-401.67,-127.76,-74.51
956,-48.26,-469.12,-155.73,-67.18
957,22.42,-468.25,-73.38,30.44
958,-54.57,-468.43,-164.38,-11.44
959,-85.12,-459.9,-53.91,-35.43
960,84.86,-459.29,-112.35,-13.44
961,28.89,-424.8,-124.98,8.3
962,-3.38,-447.58,-137.18,5.44
963,-12.57,-466.04,-76.64,-22.42
964,-19.6,-451.24,-113.15,-21.51
965,-17.42,-431.03,-94.87,-37.27
966,-88.24,-432.34,-67.31,-5.54
967,41.78,-460.69,-141.77,-56.54
968,-79.34,-464.88,-171.45,-38.54
969,-90.42,-396.02,-14.77,9.08
970,114.87,-475.18,-107.14,-22.9
971,-15.44,-468.66,-139.16,-74.29
972,-140.29,-430.16,-50.5,17.65
973,118.69,-471.91,-110.41,-47.12
974,17.3,-453.47,-135.72,-40.02
975,-23.42,-432.05,-58.12,4.85
976,-71.25,-450.96,-178.98,-14.88
977,57.36,-451.57,-83.94,-51.98
978,6.57,-413.2,-67.79,6.52
979,-112.21,-428.59,-69.49,2.49
980,3.53,-436.0,-106.16,-55.81
981,50.17,-413.47,-246.49,-55.79
982,-47.03,-437.21,-33.05,-1.66
983,-43.44,-420.27,-107.77,-51.2
984,68.85,-481.31,-103.66,-83.98
985,6.4,-446.16,13.7,46.01
986,-49.64,-446.66,-119.62,-21.27
987,-7.53,-466.14,-190.61,-28.46
988,-8.65,-438.64,-95.52,-17.59
989,-79.55,-468.86,-80.33,-10.56
990,-16.89,-428.51,-121.11,-37.95
991,56.24,-430.94,-83.14,-43.65
992,21.88,-392.09,-87.5,-26.7
993,-48.57,-450.21,-132.18,-7.06
994,-54.19,-412.64,-249.77,-128.16
995,33.26,-437.34,53.9,-6.91
996,26.8,-442.99,-64.31,50.31
997,10.97,-458.23,-68.04,8.52
998,-64.38,-426.42,-118.1,-43.53
999,9.57,-425.49,-86.64,4.68
1000,11.21,-453.44,-106.73,-15.62
1001,-64.78,-460.17,-173.18,-15.05
1002,-87.63,-440.55,-38.66,-9.73
1003,57.48,-441.37,-98.37,-35.21
1004,-76.63,-419.05,-150.82,-41.48
1005,24.65,-445.21,-185.49,-96.5
1006,68.73,-443.91,-27.13,-52.73
1007,9.7,-468.93,-75.86,72.25
1008,-37.65,-429.24,-31.4,-18.39
1009,-23.39,-447.63,-154.04,-54.9
1010,-29.17,-439.83,-9.2,39.33
1011,52.2,-458.27,-127.71,-27.94
1012,-9.03,-459.33,-144.53,-18.7
1013,-43.51,-441.19,-66.7,-41.36
1014,-85.0,-457.95,-178.48,-42.78
1015,-34.71,-464.0,-89.44,6.93
1016,-58.65,-418.61,-148.86,-83.46
1017,45.14,-467.08,-20.95,23.36
1018,49.89,-464.54,-91.65,-13.65
1019,16.28,-454.82,-112.31,-28.07
1020,-37.42,-453.95,-118.92,-42.84
1021,-3.92,-461.91,-77.31,-14.76
1022,4.7,-454.04,-77.99,1.72
1023,-43.63,-455.57,-118.06,-46.36
1024,-9.1,-422.37,-87.84,-26.88
1025,-51.01,-438.6,-120.28,0.79
1026,-28.76,-453.06,-202.96,-70.67
1027,-10.34,-459.15,-45.71,-10.25
1028,-106.45,-444.35,-80.5,-20.57
1029,103.43,-473.9,-60.11,-20.86
1030,24.4,-449.06,-111.5,5.3
1031,-7.45,-464.61,-42.12,-36.73
1032,-105.12,-463.41,-114.24,-12.96
1033,-3.78,-423.67,-137.39,-3.19
1034,6.49,-472.22,-129.36,-34.75
1035,22.69,-443.88,-92.35,-8.35
1036,-14.95,-417.3,-131.28,-22.81
1037,-11.28,-462.04,-101.01,-29.58
1038,-15.67,-450.7,-76.13,-34.24
1039,-62.32,-434.42,-75.54,10.97
1040,-78.96,-439.1,-126.39,-69.24
1041,117.11,-458.88,-53.01,4.74
1042,10.44,-434.17,-92.46,-10.71
1043,-35.06,-465.74,-94.03,-16.29
1044,-83.03,-458.69,-121.72,-73.11
1045,49.85,-441.85,-92.33,14.36
1046,17.01,-430.26,-127.24,-19.14
1047,-0.55,-449.72,-187.7,-28.8
1048,-40.53,-436.38,9.8,-10.37
1049,-35.45,-457.23,-119.69,-38.09
1050,-21.77,-430.03,-140.01,-24.0
1051,-9.47,-433.45,-101.56,-51.61
1052,15.27,-443.94,-39.84,4.68
1053,-35.74,-419.21,-99.01,-20.14
1054,-68.7,-457.9,-98.6,-37.36
1055,-102.95,-431.65,-62.75,-15.03
1056,86.88,-467.87,-242.43,-35.32
1057,19.69,-394.57,-54.86,-18.7
1058,-11.23,-483.0,-65.14,-9.17
1059,37.37,-441.75,-64.91,-16.86
1060,1.76,-453.05,-93.65,-16.38
1061,-33.98,-399.56,-84.81,-24.73
1062,5.13,-454.96,-143.83,-48.16
1063,-79.2,-458.67,-89.46,-4.73
1064,0.81,-421.59,-178.62,-39.71
1065,-11.28,-457.99,-74.66,-30.52
1066,-1.3,-451.85,-79.52,6.43
1067,33.41,-455.91,-75.21,-37.54
1068,-40.46,-448.52,-75.29,21.92
1069,-86.51,-429.65,-146.16,25.27
1070,45.81,-444.67,-93.47,-27.13
1071,13.93,-461.44,-60.35,17.62
1072,15.31,-452.41,-178.53,-65.6
1073,-10.55,-455.35,-19.29,2.79
1074,-6.48,-441.7,-101.13,-28.15
1075,-23.39,-432.64,-177.89,-32.38
1076,-13.13,-446.81,-99.92,-28.87
1077,-27.83,-429.09,-59.02,-20.37
1078,-73.2,-421.78,-166.12,-29.48
1079,12.74,-446.06,-108.3,-5.63
1080,-130.03,-454.99,-53.61,48.5
1081,24.68,-463.22,-60.42,6.93
1082,81.86,-465.65,-77.86,-0.64
1083,-63.25,-440.67,-89.89,-8.7
1084,32.14,-471.92,-174.13,-59.42
1085,-37.49,-461.42,-65.55,42.57
1086,-20.96,-468.68,-34.66,-26.47
1087,6.9,-463.16,-217.96,-104.96
1088,29.87,-450.76,-34.55,18.05
1089,-7.29,-450.11,-85.1,0.28
1090,-29.98,-428.15,-160.58,-22.9
1091,-1.35,-480.23,76.88,-5.96
1092,-35.02,-446.34,-129.05,-5.15
1093,-106.75,-456.76,-177.02,-47.94
1094,27.18,-466.68,-34.46,37.05
1095,-3.01,-474.35,-29.08,27.37
1096,4.78,-417.23,-111.85,-70.32
1097,-19.44,-455.05,-103.91,-13.82
1098,-31.22,-484.02,-54.79,-53.55
1099,-65.34,-468.43,-111.84,17.36
1100,70.18,-458.78,-99.87,-54.21
1101,0.72,-471.24,-199.17,-63.92
1102,-31.75,-461.9,-167.67,55.52
1103,-56.54,-457.21,-93.63,-30.39
1104,-39.2,-447.45,-13.96,6.22
1105,55.08,-474.2,-174.79,-24.7
1106,-92.55,-425.09,-124.06,-49.8
1107,48.97,-471.09,-50.06,-3.47
1108,18.39,-463.05,-73.17,-7.85
1109,2.68,-459.79,-79.64,-3.75
1110,-50.24,-470.83,-73.39,-27.24
1111,16.22,-457.99,-109.14,-23.36
1112,-15.82,-456.38,-137.44,-100.42
1113,-57.75,-440.89,-151.64,-61.1
1114,0.63,-458.32,-86.7,34.35
1115,-6.46,-449.74,-186.74,-17.27
1116,-109.53,-454.99,-80.28,-16.08
1117,48.23,-440.58,-54.6,-40.35
1118,21.04,-468.79,-88.25,18.43
1119,6.84,-440.72,-136.55,-39.73
1120,48.27,-442.96,-95.91,-9.46
1121,0.95,-432.45,-140.72,-52.16
1122,-48.08,-468.11,-63.28,75.09
1123,-62.4,-434.93,-77.22,-41.97
1124,-24.82,-410.48,-106.19,-39.86
1125,-107.84,-392.4,-114.76,10.58
1126,103.35,-529.04,-64.37,-35.64
1127,23.79,-496.0,-116.14,-34.9
1128,-41.4,-475.15,-124.42,53.36
1129,-21.85,-465.54,-114.02,-54.48
1130,-36.2,-487.23,-40.0,22.75
1131,-89.52,-475.28,-123.64,-55.52
1132,71.59,-451.62,-101.05,-104.59
1133,-26.09,-440.15,-190.33,-113.88
1134,-68.5,-441.55,-130.46,-85.94
1135,6.76,-440.81,-58.68,32.4
1136,39.22,-433.05,-34.65,94.69
1137,13.97,-527.27,-106.22,18.21
1138,-15.03,-481.56,-94.27,-5.99
1139,-43.52,-481.64,-79.02,-60.62
1140,-1.61,-472.81,-130.25,-30.34
1141,-25.07,-493.92,-113.01,-45.95
1142,-74.98,-441.22,-175.31,-48.92
1143,46.09,-457.4,-119.71,37.21
1144,33.19,-447.5,-72.81,-46.73
1145,-152.02,-429.63,-108.53,-10.04
1146,-12.51,-394.8,-38.49,-45.59
1147,77.41,-469.53,-75.64,34.01
1148,31.38,-461.47,-139.24,-43.12
1149,-20.91,-427.94,-124.52,-11.97
1150,-120.8,-469.13,-275.68,-85.8
1151,40.62,-479.79,33.15,9.04
1152,63.66,-436.18,-86.07,30.32
1153,-43.44,-450.54,-161.89,-50.31
1154,-37.39,-408.56,-114.27,-141.1
1155,-37.27,-471.12,-111.81,28.81
1156,69.92,-443.04,-176.13,3.91
1157,-4.26,-457.05,-103.6,-33.16
1158,-35.24,-466.05,-139.97,33.17
1159,-35.41,-423.96,-162.81,-75.99
1160,-81.56,-438.67,-142.41,-6.17
1161,108.4,-456.82,-54.96,-5.78
1162,-42.23,-492.26,-236.69,-86.74
1163,-51.26,-472.97,-90.93,-46.75
1164,-100.56,-411.1,-199.01,-58.31
1165,57.97,-432.82,-24.22,31.0
1166,50.51,-433.85,-48.15,-13.56
1167,-229.44,-417.76,-245.53,-11.72
1168,201.7,-479.5,-175.23,-31.68
1169,46.5,-482.61,-61.64,13.23
1170,-11.03,-470.22,-77.96,-45.6
1171,-62.68,-438.74,-335.41,-62.27
1172,37.32,-477.12,-46.05,-25.47
1173,11.56,-511.74,-68.04,-64.12
1174,-7.34,-440.53,-30.01,31.97
1175,-20.21,-417.72,-118.05,-34.35
1176,-39.67,-439.72,-192.92,-98.35
1177,-111.18,-440.52,-48.32,22.76
1178,111.12,-450.41,-75.73,-26.74
1179,-82.94,-474.41,-44.5,65.43
1180,-49.13,-390.91,-124.37,-43.75
1181,73.3,-466.83,-75.61,-9.45
1182,9.86,-450.17,-143.23,-40.71
1183,-48.37,-505.89,-83.24,-47.35
1184,-52.46,-491.75,-188.93,-35.75
1185,79.27,-455.45,-166.18,-46.17
1186,-27.13,-452.3,-409.31,-51.92
1187,42.82,-440.72,17.01,6.1
1188,21.24,-454.37,14.6,-17.37
1189,-87.14,-451.39,-71.06,2.04
1190,-0.71,-412.55,-66.72,-30.03
1191,-20.69,-385.34,-81.88,40.95
1192,41.31,-484.81,-75.45,-16.76
1193,10.97,-497.09,-165.89,-68.4
1194,-75.82,-455.0,-97.43,-2.78
1195,53.69,-466.29,-95.19,33.01
1196,-49.89,-468.04,-77.1,-45.05
1197,-120.65,-464.47,-203.29,-45.44
1198,81.0,-477.78,-89.53,9.94
1199,-5.46,-436.08,-57.31,9.73
1200,-50.92,-432.14,-160.17,-40.09
1201,-3.45,-425.69,-60.19,-37.41
1202,51.01,-461.65,-113.81,10.11
1203,-9.48,-465.4,-147.3,-26.26
1204,-106.14,-444.69,-93.06,-60.07
1205,55.94,-421.97,-90.9,28.09
1206,22.67,-457.89,-182.38,-11.58
1207,-35.29,-448.09,-171.65,-83.17
1208,-93.8,-447.3,-122.88,-17.28
1209,66.24,-437.64,-64.58,6.42
1210,18.87,-422.02,-101.49,-7.35
1211,-94.47,-380.29,-133.9,-91.17
1212,32.62,-480.91,-39.38,1.47
1213,-13.27,-488.99,-99.23,14.2
1214,28.48,-444.14,-74.98,-32.79
1215,-17.43,-454.83,-71.07,-48.76
1216,-62.23,-446.28,-89.05,23.52
1217,13.54,-477.16,-143.83,-24.0
1218,-29.08,-431.5,-17.02,-15.21
1219,-41.57,-464.56,-148.4,-8.03
1220,84.16,-453.48,-155.99,-8.75
1221,-11.98,-489.44,-164.91,-9.66
1222,-38.03,-409.29,-64.11,13.76
1223,-4.6,-436.98,-20.83,11.05
1224,-102.69,-425.5,-118.31,-22.34
1225,-99.13,-466.97,-83.2,-50.84
1226,127.29,-466.83,-133.44,-18.7
1227,-7.53,-425.72,-176.9,-23.46
1228,39.23,-464.75,-20.06,28.01
1229,-53.43,-460.13,-126.21,-25.56
1230,-18.45,-428.58,-179.27,-34.09
1231,33.09,-421.86,-33.83,6.66
1232,-15.44,-420.74,-79.32,-3.04
1233,-117.0,-407.76,-167.59,-30.11
1234,-12.68,-460.36,-117.98,-35.62
1235,89.78,-469.39,-25.23,-18.77
1236,22.1,-453.74,-78.25,12.47
1237,-30.58,-453.24,-118.8,-35.82
1238,-76.43,-404.84,-131.53,-40.54
1239,-92.15,-464.16,-103.13,0.62
1240,71.11,-435.7,-34.37,-2.26
1241,35.64,-456.14,-73.83,1.98
1242,11.93,-437.22,-95.0,-11.31
1243,-46.33,-461.31,-93.91,1.89
1244,-86.16,-406.93,-116.13,-74.38
1245,-72.54,-372.71,-162.28,-24.1
1246,143.89,-502.06,-41.85,17.22
1247,-1.07,-453.93,-59.44,36.58
1248,3.44,-455.82,-190.86,-23.16
1249,23.43,-472.76,-32.34,-71.17
1250,-0.83,-462.32,-76.59,15.78
1251,-17.39,-461.5,-177.07,-43.28
1252,-18.86,-454.75,-90.39,-43.61
1253,-114.03,-447.51,-46.68,1.7
1254,10.23,-427.48,-70.05,-24.01
1255,-32.64,-413.63,-106.93,38.62
1256,11.5,-384.15,-55.91,-37.19
1257,60.21,-476.59,-130.42,-38.89
1258,-90.2,-455.42,-164.79,-19.96
1259,-75.91,-386.35,-130.76,5.42
1260,25.47,-461.53,-94.95,3.91
1261,40.95,-444.49,-29.58,-16.16
1262,-68.52,-424.0,-102.23,-36.6
1263,72.53,-459.59,-94.31,-11.01
1264,5.27,-463.97,-110.46,-14.86
1265,10.0,-448.58,-79.14,-13.5
1266,-81.46,-446.91,-63.07,25.53
1267,-30.71,-483.77,-86.28,-44.93
1268,33.57,-457.07,-88.12,22.51
1269,16.28,-460.84,-93.83,29.83
1270,-36.08,-474.22,-172.15,-49.0
1271,-65.1,-410.93,-135.64,-60.33
1272,67.93,-447.2,-62.3,18.72
1273,-4.79,-457.72,-150.55,-43.7
1274,-95.96,-434.77,-91.65,-5.03
1275,-78.1,-425.77,-84.67,-24.04
1276,117.02,-471.04,-64.21,28.04
1277,23.28,-458.09,-134.5,-53.54
1278,-85.46,-429.0,-64.59,-11.73
1279,-6.97,-455.05,-115.97,-75.25
1280,-33.3,-473.95,-24.61,-5.13
1281,-9.53,-387.88,-187.86,-45.08
1282,71.45,-469.67,-36.12,60.81
1283,7.61,-461.62,-119.07,-35.48
1284,-21.53,-460.45,-133.03,-30.41
1285,-64.39,-433.56,-88.36,6.4
1286,-7.67,-450.66,-102.86,-19.99
1287,-21.99,-450.58,-70.69,-11.81
1288,9.39,-426.04,-81.18,-16.21
1289,-7.45,-446.47,-86.58,-9.37
1290,10.16,-431.56,-150.37,-20.36
1291,-41.07,-466.69,-71.47,-31.54
1292,13.71,-466.95,-70.16,6.81
1293,-17.96,-431.88,-112.55,-15.76
1294,-74.5,-477.26,-248.47,-119.36
1295,31.94,-432.23,-80.84,25.29
1296,-20.99,-447.56,-37.46,3.95
1297,36.12,-448.46,-111.08,2.09
1298,-55.12,-432.92,-121.93,12.84
1299,-118.62,-423.77,-162.87,-79.46
1300,154.06,-461.69,-30.86,18.99
1301,5.29,-447.55,-109.07,-26.49
1302,-21.52,-420.15,-105.15,10.71
1303,-0.25,-442.77,-82.32,-5.94
1304,-60.44,-452.17,-86.81,18.56
1305,-56.1,-421.41,-105.89,-7.98
1306,-4.94,-426.87,-113.14,-4.39
1307,-46.13,-456.97,-271.08,-78.63
1308,103.05,-420.64,-86.31,-2.72
1309,19.88,-499.69,-63.81,18.54
1310,-96.29,-492.47,-133.24,-35.79
1311,47.56,-443.8,-49.82,-13.11
1312,-20.3,-438.26,-180.91,-5.35
1313,-100.26,-389.78,-39.33,-0.8
1314,49.13,-472.79,-114.96,-19.11
1315,-48.72,-431.52,-108.41,-85.41
1316,-6.35,-442.19,-11.8,51.76
1317,-30.37,-476.82,-114.39,-27.79
1318,-9.34,-455.56,-89.23,27.67
1319,53.97,-456.54,-169.08,-25.32
1320,-4.97,-488.27,-276.55,-77.93
1321,2.43,-450.29,-9.77,-6.02
1322,-29.99,-393.69,-28.55,8.73
1323,5.76,-443.51,-120.58,6.34
1324,-41.32,-424.07,-64.46,3.04
1325,-64.49,-459.64,-247.31,-58.65
1326,-150.67,-432.08,12.55,-6.58
1327,164.88,-460.96,-91.89,-11.51
1328,33.42,-443.63,-87.29,-3.38
1329,-1.48,-456.58,-117.69,-1.9
1330,-80.73,-474.86,-184.95,-32.43
1331,-9.33,-450.05,-102.69,6.1
1332,53.05,-413.14,-69.81,-45.04
1333,-234.6,-377.11,-116.97,-10.79
1334,52.98,-386.87,-21.09,29.45
1335,157.7,-477.22,-85.05,-23.63
1336,12.06,-430.1,-56.82,-22.19
1337,-134.95,-456.63,-107.82,16.0
1338,105.44,-440.87,-110.04,-34.84
1339,24.72,-431.54,-106.56,-6.7
1340,-14.04,-435.81,-47.89,-3.24
1341,-40.23,-406.85,-128.92,-0.09
1342,-31.2,-453.95,-219.45,-96.2
1343,-28.25,-422.06,-45.0,7.49
1344,66.42,-400.92,-111.32,-7.37
1345,-16.62,-382.95,-97.32,-11.89
1346,14.77,-502.53,-121.21,-18.11
1347,-99.2,-424.08,-17.5,7.83
1348,31.4,-452.86,-155.94,-21.96
1349,49.81,-426.01,-73.84,-56.46
1350,-80.45,-457.09,-147.71,3.63
1351,43.92,-440.61,-23.51,-4.95
1352,-42.98,-356.32,-80.5,-7.4
1353,-2.36,-464.31,-158.39,15.22
1354,-35.74,-457.72,-65.51,-69.09
1355,-67.37,-410.46,-95.51,-28.15
1356,93.3,-495.87,-130.85,-5.91
1357,-12.06,-423.55,-97.33,-1.86
1358,10.51,-407.55,-149.71,-73.92
1359,-179.16,-422.72,-97.17,7.66
1360,169.63,-463.87,-119.13,-18.48
1361,60.73,-482.92,-59.19,-25.88
1362,-9.97,-467.11,-66.46,-8.29
1363,-23.56,-428.9,-80.19,11.1
1364,-88.3,-439.35,-102.04,2.25
1365,21.16,-425.93,-84.23,-5.11
1366,-0.07,-452.92,-183.43,25.01
1367,-62.03,-465.0,-141.34,-58.73
1368,-101.87,-455.7,-182.65,-27.03
1369,30.34,-444.23,-85.4,-60.75
1370,49.28,-443.89,-5.98,35.58
1371,-39.56,-444.44,-65.93,-7.38
1372,-57.42,-411.07,-78.99,-15.35
1373,98.1,-417.7,-82.66,-18.78
1374,-60.08,-438.8,-96.21,-8.81
1375,-157.91,-473.33,-111.49,-9.22
1376,-23.94,-427.56,-120.3,-13.04
1377,79.1,-414.41,-378.67,-64.71
1378,-12.35,-549.16,-20.26,-30.76
1379,64.09,-492.28,-13.43,14.34
1380,8.65,-448.86,-52.53,10.03
1381,-75.24,-403.77,-181.78,-59.73
1382,-30.82,-500.42,-69.64,17.07
1383,23.18,-432.03,-21.08,3.92
1384,-32.43,-446.63,-123.93,-4.47
1385,-186.91,-481.47,-75.2,26.13
1386,161.28,-457.7,-124.52,-35.59
1387,40.04,-426.73,-112.99,-3.51
1388,-80.09,-426.42,-283.4,-48.47
1389,-150.85,-427.72,-23.23,11.03
1390,168.49,-492.46,-99.47,-74.38
1391,14.46,-479.95,-42.39,43.34
1392,7.27,-477.39,-67.63,36.41
1393,-31.28,-453.52,-113.63,16.18
1394,-73.83,-456.23,-94.54,-54.88
1395,62.11,-455.53,-120.41,-17.3
1396,-86.21,-462.05,-242.79,-6.44
1397,-90.93,-432.03,-101.89,11.01
1398,110.01,-444.12,-16.68,9.98
1399,-80.18,-448.21,-136.29,-43.25
1400,25.12,-425.91,-74.22,-6.51
1401,62.18,-481.18,-113.53,15.66
1402,-27.03,-439.07,-29.42,4.06
1403,-114.66,-407.48,-117.45,-41.14
1404,81.82,-429.54,-109.23,-35.02
1405,9.21,-435.02,-119.53,23.85
1406,3.84,-437.1,-107.85,5.26
1407,-124.61,-503.78,-58.47,1.0
1408,-7.32,-469.04,-197.14,-10.04
1409,-16.62,-416.03,-151.98,-67.93
1410,88.94,-503.17,-11.08,45.98
1411,-8.29,-454.55,-64.05,21.43
1412,-43.6,-482.13,-117.43,2.73
1413,17.58,-423.32,-56.92,2.37
1414,-62.48,-456.78,-115.42,-12.72
1415,40.85,-461.85,-97.75,3.96
1416,-70.49,-414.83,-109.35,-16.0
1417,-192.08,-442.9,-151.92,-37.76
1418,99.87,-448.03,-60.63,-6.06
1419,25.05,-436.03,-85.91,4.39
1420,-33.09,-473.6,-127.95,12.05
1421,63.09,-470.85,-144.58,-12.29
1422,63.69,-401.19,-37.57,8.93
1423,-9.47,-468.3,-169.77,-64.68
1424,-28.56,-488.68,-53.6,75.21
1425,-5.93,-464.01,-73.26,-21.41
1426,-43.29,-463.05,-158.76,40.72
1427,-39.86,-466.85,-137.28,-43.93
1428,27.5,-449.25,-64.99,-7.12
1429,-20.6,-443.87,-71.74,4.83
1430,-50.93,-430.2,-278.05,-51.73
1431,30.99,-469.13,-1.09,7.89
1432,-58.84,-450.31,-67.87,-4.14
1433,-92.51,-405.82,-11.51,45.63
1434,86.68,-450.62,-110.81,-0.57
1435,-5.88,-428.62,-93.74,-26.3
1436,-103.37,-389.22,-215.95,-8.7
1437,85.19,-513.48,-76.4,-5.88
1438,54.93,-469.04,-57.24,7.17
1439,17.2,-446.57,-112.9,-30.41
1440,-61.12,-412.83,-126.22,0.05
1441,-29.71,-477.03,-42.5,14.61
1442,-34.67,-466.95,-112.61,-8.87
1443,-127.54,-433.09,-258.51,-57.52
1444,31.62,-386.78,-68.73,-8.56
1445,-5.26,-449.7,-51.75,18.67
1446,127.54,-496.63,-44.98,-18.86
1447,-1.0,-471.61,-86.79,3.06
1448,9.51,-456.6,-116.33,14.68
1449,-77.42,-465.71,-171.08,-74.95
1450,8.38,-448.91,-23.27,39.84
1451,-23.57,-412.87,-113.95,-23.5
1452,-75.34,-410.63,-104.21,35.26
1453,34.61,-443.3,-61.73,2.03
1454,34.66,-438.86,-96.49,-12.78
1455,4.04,-436.56,-145.18,9.86
1456,-377.15,-391.71,-254.78,-29.95
1457,282.16,-473.36,-23.55,-14.71
1458,35.11,-380.55,-36.9,16.07
1459,27.74,-377.33,-84.86,10.18
1460,-128.04,-475.13,-83.17,-1.06
1461,62.15,-502.44,-101.99,-1.3
1462,9.73,-456.82,-96.11,11.02
1463,-35.55,-481.67,-178.08,-6.42
1464,-175.87,-509.64,-239.05,-79.64
1465,156.01,-445.3,38.47,11.38
1466,-35.7,-445.03,-72.28,17.96
1467,-72.7,-421.98,-140.78,10.88
1468,37.45,-464.65,-143.66,-8.51
1469,16.36,-461.03,-57.34,-52.29
1470,-67.96,-400.08,-92.95,27.5
1471,14.73,-469.48,-94.28,5.41
1472,-10.81,-465.92,-84.43,-36.54
1473,24.58,-446.88,-86.66,7.14
1474,-4.46,-461.95,-130.03,20.81
1475,-15.78,-466.34,-133.04,5.04
1476,-85.1,-446.39,-1.62,-19.19
1477,-81.54,-393.5,-144.64,-62.98
1478,82.9,-419.54,-106.34,-38.48
1479,-91.35,-466.23,-187.94,30.63
1480,43.59,-464.13,-41.34,33.58
1481,-5.39,-463.95,-81.6,-3.81
1482,-49.57,-410.01,-105.6,-67.23
1483,36.68,-446.86,-189.57,-37.49
1484,-31.01,-460.17,-41.47,28.25
1485,11.66,-367.92,-89.82,-13.27
1486,-6.17,-466.31,-77.49,23.5
1487,20.19,-507.31,-131.2,6.46
1488,-60.46,-426.17,-84.59,-36.41
1489,-88.94,-441.06,-25.03,-21.37
1490,-39.39,-423.49,-100.08,-4.83
1491,90.08,-474.47,-118.06,18.84
1492,-29.8,-472.38,-108.52,3.9
1493,9.19,-459.46,-115.04,-47.03
1494,9.99,-478.6,-301.5,-38.75
1495,-40.56,-438.72,31.34,17.38
1496,-42.17,-432.6,-52.69,-13.87
1497,29.85,-452.2,-39.89,-23.31
1498,-92.64,-489.75,-207.86,-46.31
1499,50.52,-461.27,0.59,57.78
1500,-4.3,-458.86,-145.04,-3.37
1501,16.18,-436.47,-92.69,1.38
1502,-204.34,-468.32,-54.76,-17.73
1503,84.39,-472.56,-103.69,29.84
1504,37.05,-437.82,-180.13,-53.17
1505,-19.9,-479.25,-223.06,-15.42
1506,4.28,-483.48,-50.07,16.23
1507,15.65,-462.23,-20.53,-55.39
1508,-2.01,-440.03,-70.23,64.76
1509,-34.76,-386.04,-83.85,-19.01
1510,-60.13,-456.21,-150.05,-17.09
1511,67.83,-420.71,-62.1,6.54
1512,-12.64,-412.77,-92.07,10.41
1513,-10.35,-455.59,-109.01,-9.09
1514,-37.3,-397.54,-99.12,-17.15
1515,29.05,-373.43,-70.35,-35.31
1516,36.92,-411.63,-99.85,11.17
1517,-3.19,-381.34,-204.46,1.97
1518,-204.19,-508.85,-107.74,-34.62
1519,104.51,-438.11,-32.01,-18.42
1520,53.44,-442.76,-69.76,20.2
1521,17.66,-424.08,-85.64,-2.79
1522,4.45,-421.21,-120.57,-23.28
1523,-28.55,-501.18,-86.02,13.53
1524,-25.93,-489.53,-128.8,10.2
1525,-22.67,-457.54,-110.35,-20.43
1526,-9.31,-415.94,-64.29,-12.02
1527,0.07,-381.07,-105.21,-20.99
1528,-13.98,-418.19,-98.0,-8.32
1529,-40.85,-489.6,-66.82,39.32
1530,-21.54,-473.53,-138.24,13.8
1531,-21.96,-451.85,-116.88,-4.35
1532,-15.15,-419.08,-76.04,-5.55
1533,-12.25,-425.71,-82.15,-4.71
1534,6.1,-424.11,-72.6,5.75
1535,-12.88,-413.23,-100.98,1.74
1536,-4.5,-421.8,-91.4,2.29
1537,-38.98,-460.84,-92.03,-0.67
1538,-16.68,-412.94,-67.93,-1.2
1539,-13.75,-413.92,-47.44,9.98
1540,-25.71,-415.09,-85.72,9.19
1541,-19.44,-394.57,-93.46,-0.39
1542,-8.31,-380.85,-70.72,-4.88
1543,5.44,-371.08,-117.16,-17.07
1544,15.1,-381.83,-111.81,29.58
1545,-17.27,-395.21,-99.35,-15.08
1546,-18.66,-389.01,-82.93,23.09
1547,-29.55,-496.58,-46.37,18.8
1548,0.22,-419.7,-86.89,21.84
1549,11.23,-328.24,-151.82,-48.39
1550,-5.73,-395.54,-97.62,-4.29
1551,-40.0,-526.88,-111.21,8.08
1552,-52.96,-532.05,-92.94,29.19
1553,16.25,-257.28,-85.6,-23.51
1554,25.67,-176.42,-109.25,-14.57
1555,-65.23,-583.33,-95.87,40.38
1556,-41.58,-562.31,-101.98,30.1
1557,-25.72,-539.69,-103.25,5.22
1558,-36.71,-520.87,-103.2,8.05
1559,-21.05,-461.52,-91.89,14.29
1560,-18.15,-396.39,-82.03,15.03
1561,-33.72,-462.32,-98.95,17.1
1562,-40.77,-568.03,-83.42,23.49
1563,-31.68,-505.38,-86.48,16.44
1564,-25.06,-466.06,-102.91,12.19
1565,-38.57,-488.45,-86.58,28.53
1566,-27.71,-453.55,-84.29,16.3
1567,-27.2,-450.71,-89.39,27.36
1568,-46.98,-469.74,-93.14,-18.37
1569,-33.82,-437.55,-93.57,10.06
1570,-2.03,-340.14,-85.94,66.6
1571,22.28,-411.09,-95.31,8.88
1572,0.89,-322.28,-75.05,40.28
1573,-18.78,-411.18,-77.88,47.87
1574,-75.86,-628.53,-88.36,28.52
1575,-78.93,-529.96,-84.31,32.84
1576,34.5,-507.02,-90.86,27.93
1577,-0.4,-403.76,-81.36,56.7
1578,1.21,-343.53,-88.27,41.66
1579,-50.12,-562.83,-84.57,50.89
1580,-32.55,-532.21,-87.68,55.82
1581,-19.63,-497.28,-111.8,-69.47
1582,-27.73,-475.76,-69.06,77.87
1583,-23.18,-458.66,-74.4,72.61
1584,-28.06,-437.17,-81.99,53.5
1585,-29.82,-460.28,-84.7,47.97
1586,-43.06,-476.61,-87.92,40.48
1587,-39.57,-468.51,-92.38,35.64
1588,-40.22,-479.87,-88.76,28.51
1589,-37.2,-522.48,-85.54,28.63
1590,-63.52,-488.0,-76.33,50.9
1591,-36.07,-466.88,-82.76,29.95
1592,-23.67,-469.64,-85.47,29.69
1593,-95.66,-460.12,-108.97,-0.04
1594,33.44,-475.05,-142.34,0.42
1595,-9.78,-449.52,-161.19,-2.97
1596,-3.77,-458.48,-95.99,-19.49
1597,-108.46,-460.32,-161.79,24.8
1598,31.31,-482.64,-87.29,30.25
1599,-154.5,-453.19,-210.63,-64.3
1600,164.35,-524.71,67.11,123.46
1601,16.94,-489.96,-249.97,-12.51
1602,-4.68,-467.36,-144.54,20.75
1603,-21.13,-522.26,-45.06,9.65
1604,-46.73,-584.05,-6.04,56.03
1605,-39.97,-748.81,-53.08,85.7
1606,-13.77,-489.15,-77.83,29.45
1607,18.64,-186.72,-115.95,11.33
1608,6.39,-341.14,-193.98,-215.21
1609,-7.93,-516.45,18.63,97.89
1610,-17.29,-599.79,-44.88,125.99
1611,16.83,-436.03,-119.93,-41.6
1612,-31.96,-472.41,-45.27,84.9
1613,-5.71,-305.69,-253.58,-113.27
1614,2.33,-399.5,-167.69,-65.86
1615,-21.19,-496.54,-89.89,-21.68
1616,-29.57,-479.07,-23.66,82.01
1617,8.27,-530.91,-42.75,13.23
1618,6.32,-457.95,-131.22,35.98
1619,-37.8,-419.33,-148.24,-5.71
1620,-0.22,-423.9,-80.59,40.28
1621,6.81,-393.06,-58.46,-4.55
1622,87.11,-156.45,-108.26,-66.46
1623,-34.83,-464.55,-77.18,2.13
1624,-21.81,-308.18,-144.36,-28.09
1625,13.62,-259.18,-94.74,-68.39
1626,-10.25,-291.94,-109.88,-46.74
1627,-42.99,-543.44,-70.09,106.73
1628,-46.24,-640.62,-173.02,19.06
1629,-94.22,-559.09,-60.71,2.77
1630,14.98,-498.8,-65.92,55.13
1631,-3.97,-540.78,-151.34,2.2
1632,-13.16,-515.45,-42.0,-27.48
1633,-1.43,-538.82,-39.98,36.93
1634,-16.37,-551.07,-157.95,18.12
1635,-32.87,-496.27,-198.77,-124.86
1636,-16.83,-421.91,-127.01,-115.65
1637,-49.62,-403.78,33.12,113.07
1638,4.29,-379.13,34.58,29.23
1639,3.33,-454.33,-279.99,-59.56
1640,1.1,-421.36,-142.59,3.7
1641,0.32,-358.14,-28.66,-0.23
1642,-34.2,-471.89,-134.07,22.41
1643,-59.86,-558.39,-90.59,-8.5
1644,-34.58,-428.43,-171.77,-53.68
1645,-1.88,-400.23,-196.94,-101.27
1646,-40.41,-504.58,-297.76,-121.57
1647,-175.12,-530.02,55.64,151.43
1648,5.58,-477.5,-2.98,51.49
1649,88.74,-459.82,-68.14,50.0
1650,25.6,-469.25,-101.01,1.71
1651,-32.48,-508.94,-153.95,-44.48
1652,-16.67,-406.1,-92.16,-3.27
1653,4.78,-485.63,-87.73,9.79
1654,-0.58,-392.55,-83.33,24.3
1655,-47.51,-485.87,-204.72,-10.07
1656,-75.06,-434.8,-104.77,-5.88
1657,30.3,-551.23,-32.74,22.46
1658,15.62,-536.82,-123.99,15.69
1659,-141.45,-602.04,-213.26,-56.95
1660,20.11,-593.49,-194.25,-26.19
1661,-43.29,-494.08,42.29,51.69
1662,-6.88,-473.17,-74.04,26.23
1663,-13.39,-494.09,-145.05,24.82
1664,-130.46,-481.43,-155.73,-6.66
1665,55.49,-467.11,-72.23,-7.44
1666,-116.95,-476.45,-61.45,4.62
1667,-22.8,-473.08,-89.22,20.9
1668,59.98,-450.67,-97.95,-1.7
1669,-36.05,-319.94,-115.31,-18.01
1670,76.0,-494.53,-104.73,-23.44
1671,0.79,-495.98,-88.92,9.58
1672,-36.43,-418.04,-98.68,-16.89
1673,-97.57,-618.08,-102.65,40.55
1674,17.61,-498.08,-252.84,-120.24
1675,4.56,-605.96,-0.44,86.54
1676,-8.97,-508.86,-30.74,33.05
1677,-39.67,-516.78,-89.7,25.9
1678,-36.2,-486.54,-130.82,-0.75
1679,-17.14,-470.9,-136.59,-13.83
1680,-22.48,-459.11,-101.47,18.62
1681,-22.55,-448.84,-114.44,-6.18
1682,-57.48,-431.23,-83.28,-23.3
1683,-58.22,-460.15,-51.29,5.75
1684,39.7,-428.91,-78.73,14.18
1685,16.51,-424.89,-84.8,2.1
1686,5.16,-431.4,-107.36,-48.21
1687,-32.35,-447.82,-89.36,24.64
1688,-36.76,-409.12,-83.29,39.27
1689,42.03,-417.9,-99.53,18.89
1690,10.93,-393.94,-114.15,4.15
1691,-13.16,-408.61,-101.74,8.65
1692,-34.05,-484.39,-79.96,12.55
1693,-6.67,-461.57,-100.66,8.09
1694,-45.27,-434.69,-151.74,8.78
1695,-21.62,-443.8,-53.33,1.23
1696,36.5,-322.52,-105.35,3.65
1697,48.78,-278.59,-106.41,-3.69
1698,-25.5,-645.09,-98.71,24.61
1699,-34.74,-590.83,-97.62,27.27
1700,-33.56,-549.6,-91.57,27.97
1701,-15.0,-492.58,-84.01,-1.17
1702,-11.34,-430.84,-114.31,-11.85
1703,-12.07,-476.75,-94.47,13.88
1704,-12.79,-500.4,-105.47,10.6
1705,-20.85,-466.46,-101.07,6.75
1706,-103.34,-495.58,-114.17,5.16
1707,-26.04,-506.17,-90.59,-43.58
1708,35.29,-471.56,-88.27,47.12
1709,10.1,-447.45,-194.0,-31.82
1710,-23.85,-437.65,-58.75,34.61
1711,-31.75,-395.43,-70.84,-1.3
1712,50.31,-389.1,-93.34,-21.97
1713,2.07,-394.27,-99.08,11.31
1714,10.56,-336.83,-91.63,25.66
1715,-13.26,-332.15,-83.9,2.71
1716,-19.06,-512.17,-102.29,21.09
1717,-28.46,-515.49,-101.86,19.96
1718,-21.87,-495.99,-95.28,27.42
1719,-12.7,-457.04,-92.24,19.39
1720,-11.67,-466.87,-93.48,36.89
1721,-1.86,-363.79,-111.73,-16.81
1722,17.33,-370.52,-97.96,3.08
1723,-44.04,-578.37,-260.08,-69.17
1724,-41.8,-530.46,-34.9,30.32
1725,-30.16,-488.07,-54.25,47.7
1726,-15.39,-419.05,-88.19,19.7
1727,-16.55,-422.09,-98.03,19.96
1728,-20.89,-430.31,-101.38,10.26
1729,-67.11,-445.84,-93.29,20.68
1730,17.81,-410.13,-102.13,8.7
1731,12.02,-380.13,-106.78,1.06
1732,1.04,-407.02,-107.44,7.63
1733,10.82,-267.95,-104.71,10.49
1734,-27.83,-343.35,-105.72,-6.06
1735,-87.18,-540.09,-100.93,26.35
1736,5.57,-642.69,-100.71,-3.29
1737,-11.75,-550.78,-103.3,29.36
1738,-23.7,-515.3,-103.81,21.64
1739,-18.8,-486.56,-95.9,25.91
1740,-7.44,-485.87,-112.84,-5.46
1741,-26.56,-479.62,-96.49,10.57
1742,-21.76,-466.06,-134.32,17.2
1743,-21.67,-461.26,-108.49,-49.77
1744,-32.35,-453.67,-80.64,62.54
1745,-21.16,-419.61,-128.42,-1.52
1746,-27.06,-457.17,-103.45,15.84
1747,-21.61,-454.38,-105.47,34.44
1748,-89.52,-458.69,-180.22,3.27
1749,41.54,-448.13,-75.95,-3.81
1750,0.12,-444.66,-81.32,37.69
1751,1.74,-391.81,-73.05,27.52
1752,-4.89,-417.22,-90.32,18.8
1753,-101.82,-412.12,-92.97,5.86
1754,-96.97,-432.24,-97.65,3.52
1755,64.86,-509.32,-103.41,-11.86
1756,52.73,-507.35,-97.95,50.4
1757,9.79,-473.35,-91.64,34.58
1758,-8.2,-523.57,-115.44,26.02
1759,-33.69,-525.07,-124.79,4.05
1760,-35.01,-483.18,-62.4,35.67
1761,-19.8,-453.3,-95.96,10.49
1762,-5.62,-453.37,-87.02,17.7
1763,-15.8,-462.14,-209.17,-91.0
1764,-19.77,-453.92,-132.78,-2.22
1765,-38.33,-499.02,6.21,112.1
1766,-50.97,-473.22,-195.03,14.52
1767,-31.74,-468.6,-111.68,12.57
1768,-23.63,-421.15,-41.15,33.61
1769,8.28,-439.68,-83.9,11.79
1770,14.68,-359.17,-93.46,21.61
1771,7.19,-385.6,-98.54,-1.45
1772,-85.38,-496.83,-95.99,7.39
1773,-121.15,-416.49,-91.42,35.15
1774,112.12,-499.21,-103.11,2.42
1775,-28.89,-546.79,-162.37,9.56
1776,-1.85,-499.5,-172.26,-34.87
1777,25.54,-500.0,-0.18,67.8
1778,-5.6,-490.17,-70.75,30.21
1779,-15.91,-461.43,-80.15,10.57
1780,-21.91,-473.97,-94.88,-2.3
1781,-25.11,-488.4,-98.34,15.34
1782,-22.78,-447.14,-116.05,-14.22
1783,2.76,-475.72,-156.93,23.73
1784,-11.68,-465.59,-64.64,22.89
1785,-29.26,-446.86,-78.63,47.12
1786,-46.21,-434.1,-178.48,-2.97
1787,-127.63,-407.41,-364.67,-77.95
1788,36.82,-481.78,-39.21,-0.14
1789,83.78,-394.34,39.12,78.42
1790,-1.05,-469.02,-66.68,43.28
1791,-192.28,-407.16,-95.9,26.47
1792,100.61,-471.48,-74.76,9.0
1793,48.37,-415.54,-84.55,17.32
1794,-29.27,-581.23,-91.28,17.09
1795,20.0,-477.45,-113.92,-5.85
1796,-19.87,-511.29,-128.15,-10.76
1797,-62.96,-609.71,-53.41,76.11
1798,2.75,-446.7,-96.46,10.98
1799,12.65,-384.57,-92.14,17.13
1800,-33.56,-578.09,-93.96,44.54
1801,-11.15,-531.13,-78.26,21.88
1802,-10.78,-473.13,-142.18,-28.18
1803,-24.4,-477.09,-203.01,-6.39
1804,-24.92,-473.93,-77.03,32.44
1805,-3.84,-448.42,-40.82,47.82
1806,-10.75,-430.08,-175.62,-21.96
1807,-27.2,-404.05,-65.85,49.48
1808,-95.44,-477.1,-82.4,18.47
1809,10.58,-458.55,-96.65,-11.97
1810,32.35,-385.4,-104.7,-1.27
1811,23.69,-445.34,-98.25,43.16
1812,-18.22,-395.01,-158.18,21.28
1813,13.65,-362.76,-130.43,-12.26
1814,-29.77,-541.49,-50.14,30.66
1815,-41.08,-527.74,-79.91,29.42
1816,-38.87,-420.97,-85.43,30.36
1817,-4.64,-496.71,-179.13,-6.71
1818,2.79,-516.18,-63.02,26.39
1819,-43.34,-415.57,-72.78,33.48
1820,25.64,-435.43,-85.32,35.34
1821,-32.31,-518.13,-107.19,-14.59
1822,14.65,-450.63,-117.14,16.4
1823,-0.32,-457.04,-128.62,-14.18
1824,-49.04,-435.11,-126.45,-10.4
1825,-45.2,-381.53,-46.3,47.22
1826,14.03,-336.34,-88.64,2.8
1827,-31.19,-626.9,-100.11,-10.64
1828,-29.84,-532.84,-221.44,13.78
1829,5.16,-500.3,-116.11,18.34
1830,-71.85,-493.57,-22.38,43.69
1831,40.92,-477.39,-135.51,-2.24
1832,0.35,-393.99,-72.1,35.67
1833,15.35,-374.13,-67.13,-4.31
1834,-11.94,-467.41,-98.05,19.52
1835,-40.3,-553.94,-101.54,28.83
1836,4.78,-450.16,-99.6,16.98
1837,26.77,-426.64,-99.9,12.39
1838,-15.46,-471.08,-94.86,12.81
1839,-8.8,-454.09,-110.46,9.55
1840,-31.61,-510.87,-120.08,-10.87
1841,8.59,-413.73,-92.08,24.45
1842,-3.72,-387.06,-95.79,19.56
1843,-19.37,-515.0,-98.27,16.92
1844,-41.81,-534.71,-99.43,-13.36
1845,-52.21,-467.55,-206.53,-51.66
1846,-18.79,-431.41,-153.24,47.26
1847,-29.55,-513.01,-22.31,50.84
1848,0.38,-476.73,-117.7,-23.14
1849,5.03,-445.46,-46.86,2.8
1850,-71.45,-414.99,-116.13,52.94
1851,47.53,-446.09,-80.52,9.73
1852,12.68,-432.52,-99.2,17.18
1853,-10.96,-443.8,-156.8,-21.44
1854,-147.14,-322.19,-120.06,11.85
1855,69.03,-345.24,-44.75,-4.34
1856,8.85,-617.43,-144.6,-11.88
1857,4.63,-513.51,-131.2,-5.14
1858,3.97,-429.53,-105.07,18.51
1859,-10.49,-494.3,-54.56,48.72
1860,-71.39,-441.48,-93.7,22.34
1861,20.49,-420.49,-117.64,5.42
1862,-55.39,-443.91,-91.81,5.73
1863,54.46,-394.74,-108.42,8.46
1864,-4.67,-546.95,-209.18,-12.74
1865,-23.5,-573.29,-37.5,11.93
1866,-24.6,-509.55,-82.54,22.91
1867,-18.28,-498.42,-96.81,6.08
1868,-18.87,-470.48,-73.43,29.59
1869,-11.82,-458.72,-122.84,6.99
1870,-4.14,-407.3,-96.53,29.99
1871,-20.14,-450.51,-157.14,-15.74
1872,-17.44,-472.1,-53.77,21.79
1873,-73.63,-453.43,-97.77,-12.7
1874,27.88,-418.38,-168.98,2.62
1875,-26.8,-409.89,-74.25,-7.94
1876,-50.54,-454.71,-96.5,10.19
1877,15.51,-483.95,-80.06,23.07
1878,-8.17,-465.11,-111.17,5.68
1879,10.11,-485.84,-100.25,15.14
1880,6.31,-452.77,-112.8,20.17
1881,-9.38,-460.34,-111.18,-30.13
1882,-51.92,-394.34,-93.81,-4.33
1883,-151.28,-348.57,-128.12,10.74
1884,115.06,-528.63,-99.75,27.01
1885,4.21,-443.56,-76.87,15.65
1886,-48.51,-435.94,-98.52,1.31
1887,18.15,-529.85,-98.52,18.04
1888,5.71,-499.3,-105.36,9.96
1889,-4.53,-483.68,-110.67,9.06
1890,-8.0,-474.45,-102.84,12.29
1891,-2.23,-449.08,-212.44,4.67
1892,-7.38,-387.38,-235.47,-99.31
1893,-25.49,-422.35,0.13,35.43
1894,-40.46,-379.11,-58.42,17.89
1895,-88.7,-472.96,-91.83,8.24
1896,60.64,-514.54,-92.46,38.16
1897,18.76,-511.12,-103.94,7.99
1898,-7.5,-479.1,-101.21,30.41
1899,-16.97,-473.3,-98.74,18.14
1900,-8.58,-470.72,-101.4,11.52
1901,-11.35,-410.92,-107.8,8.77
1902,-11.64,-423.66,-104.49,10.62
1903,-19.85,-507.82,-96.31,7.67
1904,-15.95,-447.63,-198.34,-30.4
1905,-47.18,-358.46,-170.0,-14.69
1906,-49.06,-469.4,3.0,6.55
1907,-89.58,-471.87,-75.57,7.42
1908,99.63,-486.42,-104.68,50.15
1909,21.37,-506.4,-131.37,19.03
1910,6.3,-481.45,-158.79,9.59
1911,-92.18,-464.33,-476.1,-118.94
1912,36.48,-413.79,137.56,-3.54
1913,60.74,-249.8,-18.72,91.09
1914,-1.0,-458.12,-81.2,37.29
1915,-41.99,-470.65,-84.51,25.97
1916,-43.8,-487.08,-93.85,25.73
1917,-1.14,-574.35,-104.65,3.08
1918,-14.89,-514.32,-103.6,2.92
1919,-74.23,-453.19,-127.13,3.7
1920,-9.6,-478.09,-143.01,-11.49
1921,53.2,-477.51,-71.62,19.16
1922,-155.51,-399.49,-120.55,4.67
1923,-181.92,-325.13,-105.82,19.06
1924,126.17,-412.7,-306.8,-23.03
1925,-38.03,-554.58,11.7,-24.98
1926,135.05,-573.66,-72.1,44.03
1927,43.84,-427.51,-90.76,0.81
1928,-22.88,-532.4,-103.42,0.28
1929,-62.84,-515.17,-132.67,18.35
1930,-49.0,-461.2,-114.77,21.77
1931,11.42,-458.17,-71.74,17.15
1932,-2.67,-460.65,-106.54,16.49
1933,-9.65,-489.71,-125.88,-19.9
1934,2.76,-409.91,-147.52,-41.11
1935,-18.48,-344.1,-107.88,29.31
1936,-64.74,-481.68,-97.71,22.79
1937,-2.63,-467.98,-109.87,14.7
1938,-11.91,-489.98,-74.52,38.02
1939,-50.82,-462.16,-166.84,-13.98
1940,-0.76,-396.81,-71.46,-32.65
1941,71.67,-399.97,-73.3,38.66
1942,-9.04,-530.7,-143.7,26.09
1943,-29.35,-552.58,-205.19,-24.29
1944,-22.45,-487.84,1.77,32.89
1945,-10.83,-449.95,-96.92,7.71
1946,-27.32,-335.39,-148.55,-11.34
1947,-16.34,-465.54,-117.93,8.75
1948,-29.13,-534.91,-87.28,13.19
1949,20.11,-458.98,-47.11,33.3
1950,-80.42,-484.4,-86.54,29.76
1951,-23.19,-463.32,-103.49,33.79
1952,78.34,-335.21,-172.65,-23.96
1953,10.43,-362.14,-31.34,12.84
1954,-105.57,-441.52,-136.61,23.42
1955,-109.36,-570.99,-173.48,8.93
1956,61.9,-483.41,-64.06,25.33
1957,54.92,-418.72,-86.01,-5.91
1958,-1.03,-484.38,-151.9,-3.8
1959,22.62,-523.71,-243.48,-4.75
1960,-40.46,-443.18,-32.22,2.19
1961,-79.38,-450.5,-33.29,52.27
1962,-13.83,-398.51,-81.63,26.7
1963,45.55,-547.11,-75.75,22.85
1964,8.18,-492.9,-106.75,-12.52
1965,-5.04,-469.47,-104.54,29.44
1966,-19.27,-469.13,-88.33,2.44
1967,-23.66,-423.81,-106.07,36.5
1968,-36.75,-360.59,-110.05,-33.78
1969,46.36,-381.87,-182.47,9.27
1970,23.91,-408.66,-56.87,6.86
1971,-18.05,-506.75,-85.15,22.0
1972,-68.4,-511.46,-104.44,5.4
1973,-1.94,-439.78,-79.75,22.02
1974,-18.42,-521.09,-141.06,-16.49
1975,-38.8,-499.26,-163.46,-93.92
1976,33.36,-425.68,-55.76,87.74
1977,-1.57,-465.36,-81.3,18.03
1978,-90.51,-424.17,-61.06,30.69
1979,38.47,-449.63,-97.36,4.86
1980,24.22,-448.68,-112.69,-12.82
1981,-1.26,-359.68,-153.34,-40.78
1982,-27.5,-452.3,-64.39,23.55
1983,-29.2,-451.99,-106.49,30.46
1984,-54.45,-536.01,-80.46,15.2
1985,-59.96,-401.13,-117.0,13.3
1986,108.36,-348.73,-131.88,-39.76
1987,-31.37,-548.42,-161.55,11.09
1988,-21.97,-492.12,-70.92,-17.42
1989,21.32,-468.23,-67.42,6.78
1990,-70.29,-495.18,-102.79,11.81
1991,8.38,-481.9,-108.04,-9.13
1992,-0.5,-431.88,-93.82,18.33
1993,18.84,-408.06,-102.08,-17.74
1994,-7.02,-417.33,-90.4,43.91
1995,-32.3,-438.71,-108.47,17.91
1996,-28.81,-531.95,-84.3,7.9
1997,-9.69,-465.31,-153.61,-16.11
1998,-63.23,-478.76,-172.45,-33.84
1999,-70.92,-361.0,-24.45,39.52
2000,81.91,-453.89,-138.61,33.01
2001,32.12,-388.32,-196.43,-28.61
2002,4.62,-512.98,-40.9,22.59
2003,-5.74,-466.37,-63.37,-5.28
2004,-24.1,-472.59,-86.22,21.35
2005,-32.31,-435.69,-94.71,12.35
2006,-143.42,-406.6,-117.58,-0.84
2007,62.21,-337.11,-74.62,-33.97
2008,40.23,-400.33,-135.86,12.44
2009,-51.31,-576.29,-126.05,26.1
2010,38.46,-521.85,-124.24,11.32
2011,-9.79,-498.94,-84.55,12.98
2012,8.66,-482.27,-78.61,7.65
2013,-30.57,-468.69,-102.7,9.78
2014,-19.1,-456.7,-99.03,11.57
2015,14.93,-427.54,-194.72,-64.12
2016,-65.89,-300.61,-131.61,15.37
2017,2.59,-410.32,-64.42,30.65
2018,-44.9,-600.07,-73.99,45.38
2019,-10.92,-428.84,-137.87,-3.59
2020,28.97,-425.96,-82.91,1.89
2021,6.92,-492.09,-86.65,20.37
2022,-32.04,-457.6,-98.39,6.9
2023,1.59,-474.85,-112.23,8.73
2024,-163.35,-459.47,-165.59,-1.33
2025,138.3,-231.18,-63.91,-36.05
2026,-1.39,-205.74,-117.55,10.65
2027,-110.43,-603.37,-167.11,5.52
2028,1.4,-652.98,-64.46,21.18
2029,30.61,-582.74,-69.87,13.83
2030,4.66,-481.24,-88.92,24.97
2031,-7.94,-486.29,-92.64,7.74
2032,-6.25,-457.82,-128.7,-4.84
2033,-9.99,-464.7,-120.0,8.14
2034,-11.7,-461.86,-90.32,-19.04
2035,-9.77,-448.45,-122.24,-24.7
2036,-35.46,-455.77,-190.07,-11.73
2037,-107.51,-390.68,-54.07,18.75
2038,58.6,-193.51,-37.45,27.57
2039,35.03,-611.32,-144.86,-10.97
2040,-7.02,-539.03,-118.56,30.73
2041,2.18,-469.35,-113.27,9.52
2042,2.29,-348.34,-51.27,8.78
2043,-7.32,-435.82,-101.36,-16.13
2044,-32.2,-497.93,-91.17,8.26
2045,-220.44,-465.64,-145.45,-29.86
2046,16.66,-376.32,-124.61,-62.59
2047,106.42,-383.45,-125.98,52.16
2048,22.94,-474.24,-99.61,-3.61
2049,-28.38,-503.63,-54.97,15.41
2050,30.82,-489.46,-128.27,34.2
2051,-8.29,-514.8,-43.29,16.41
2052,-16.8,-506.95,-81.55,7.41
2053,-17.21,-465.66,-108.49,18.74
2054,-14.35,-463.22,-99.38,23.62
2055,-27.02,-434.38,-100.32,0.54
2056,-29.23,-451.11,-129.11,-3.9
2057,-109.93,-507.55,-191.91,-28.2
2058,41.37,-362.36,-28.83,24.82
2059,-1.13,-335.8,-133.82,-0.12
2060,15.34,-434.91,-83.59,-0.41
2061,-47.31,-564.29,-104.31,-2.51
2062,39.22,-508.11,-81.23,20.78
2063,-10.4,-508.0,-78.9,28.88
2064,-9.08,-428.61,-102.31,20.79
2065,-20.64,-482.9,-113.17,11.53
2066,-36.16,-464.94,-133.48,10.27
2067,-111.31,-422.27,-69.93,-8.08
2068,-345.56,-309.59,-369.79,-11.38
2069,328.97,-404.1,-205.34,-127.7
2070,107.46,-347.81,105.3,51.62
2071,25.54,-503.71,-73.67,51.75
2072,-29.13,-605.3,-76.54,31.07
2073,-24.22,-559.37,-93.2,16.08
2074,3.55,-458.5,-92.05,16.85
2075,-184.66,-405.92,-101.08,18.94
2076,6.3,-419.79,-196.68,-62.04
2077,136.41,-456.29,-78.66,-15.15
2078,24.19,-420.2,-97.4,38.54
2079,-15.1,-599.61,-49.11,30.53
2080,-29.98,-523.89,-138.09,-13.01
2081,-70.01,-493.2,-205.53,-77.34
2082,-12.72,-365.15,-24.85,34.57
2083,-88.79,-441.77,-115.97,19.71
2084,56.24,-526.01,-79.69,12.04
2085,12.37,-459.28,-85.65,34.38
2086,-166.57,-416.55,-163.16,0.23
2087,159.78,-395.7,-78.99,-14.59
2088,40.98,-401.02,-100.65,-8.54
2089,-18.27,-564.14,-132.23,9.43
2090,-64.63,-525.29,-126.46,-19.93
2091,-12.28,-429.45,-35.8,17.25
2092,6.75,-497.52,-151.67,13.33
2093,-138.4,-498.9,-55.8,-35.41
2094,-10.97,-463.12,-171.27,30.72
2095,91.8,-447.27,-110.05,-55.95
2096,9.44,-419.46,22.14,75.1
2097,-194.03,-402.7,-343.35,23.27
2098,0.56,-469.95,-74.07,-38.77
2099,149.32,-434.01,5.9,24.25
2100,38.23,-395.2,-76.77,26.65
2101,-33.13,-552.37,-115.91,-10.85
2102,-12.55,-536.27,-123.29,-36.77
2103,-37.78,-513.7,-107.5,24.65
2104,-48.04,-434.82,-61.17,39.37
2105,-16.21,-343.03,-95.33,19.02
2106,16.54,-519.02,-171.09,-0.6
2107,-69.86,-420.16,-170.37,-33.89
2108,-75.43,-469.94,-130.66,-17.12
2109,45.34,-480.19,-16.72,61.81
2110,61.71,-533.68,-160.75,-36.25
2111,-77.68,-484.71,-102.91,12.48
2112,-1.22,-322.04,-187.0,-8.15
2113,60.41,-431.49,-14.75,24.0
2114,-7.37,-461.66,-82.23,9.71
2115,19.25,-483.61,-94.51,0.19
2116,-34.29,-501.77,-164.99,-29.86
2117,-67.42,-448.61,-66.76,42.9
2118,-44.16,-310.53,-63.26,18.86
2119,69.58,-549.74,-81.05,28.55
2120,-15.09,-538.45,-138.11,-1.26
2121,-40.04,-389.9,-273.89,-31.02
2122,-12.04,-440.93,36.29,-25.3
2123,-70.06,-465.43,-60.54,-6.21
2124,87.69,-506.24,-86.32,70.37
2125,6.37,-476.19,-93.24,36.69
2126,-40.19,-445.07,-88.02,40.97
2127,-31.89,-458.29,-138.54,9.49
2128,15.95,-437.66,-252.82,-17.79
2129,-18.8,-436.9,-217.24,-24.18
2130,-51.55,-543.74,87.91,56.69
2131,13.81,-470.94,-71.22,19.27
2132,-41.34,-377.28,-131.89,22.46
2133,4.81,-458.53,-73.54,17.21
2134,-61.16,-447.39,-91.08,-4.06
2135,-61.73,-398.48,-206.0,-59.93
2136,77.68,-458.82,-29.15,18.22
2137,53.8,-420.45,-87.23,44.17
2138,-7.83,-429.21,-65.72,43.64
2139,3.18,-539.24,-62.76,39.23
2140,-23.17,-519.8,-224.01,-35.67
2141,-51.71,-393.05,-196.85,-20.6
2142,22.79,-301.62,7.67,42.42
2143,-54.62,-598.34,-115.65,-19.64
2144,35.71,-542.71,-144.86,59.71
2145,5.08,-457.68,-93.56,9.81
2146,6.76,-455.02,-48.55,19.67
2147,-4.68,-472.15,-76.52,8.64
2148,-46.63,-423.42,-144.2,-27.29
2149,-96.29,-414.42,-180.2,-23.55
2150,-132.42,-445.12,-172.96,-30.96
2151,153.4,-460.74,-4.48,37.6
2152,61.46,-481.86,-87.93,41.07
2153,-21.8,-465.17,-102.84,25.09
2154,-50.0,-381.58,-124.2,10.98
2155,39.15,-456.82,-60.21,-69.51
2156,-57.62,-427.3,-136.53,-12.71
2157,26.02,-361.37,-89.61,56.73
2158,16.52,-504.37,-127.19,9.53
2159,-173.19,-553.33,-79.59,32.45
2160,115.54,-501.08,-191.53,-24.29
2161,15.2,-394.56,-28.82,13.73
2162,-24.03,-503.93,-99.16,11.03
2163,-112.98,-515.57,-177.6,-67.89
2164,-54.77,-432.44,-77.19,62.88
2165,154.89,-376.48,-27.54,18.73
2166,35.96,-414.41,-106.18,35.0
2167,-5.65,-463.76,-289.55,-17.5
2168,-64.34,-493.29,-197.54,-115.99
2169,12.36,-492.67,34.89,52.75
2170,-104.58,-471.35,-38.19,83.07
2171,-5.87,-415.04,-109.97,29.05
2172,-23.48,-441.64,-125.32,8.45
2173,46.27,-529.76,-113.4,-17.33
2174,-9.02,-386.86,-83.73,13.18
2175,3.13,-406.89,-236.7,-1.34
2176,-196.22,-536.1,-203.91,-3.92
2177,-244.08,-198.44,76.37,37.09
2178,335.24,-331.22,-98.54,2.04
2179,51.49,-624.22,-114.84,1.85
2180,-79.53,-644.94,-118.83,9.95
2181,-124.82,-552.27,-155.7,3.99
2182,81.14,-415.46,-82.48,-5.31
2183,13.32,-317.61,-72.84,30.63
2184,-15.32,-478.82,-118.02,3.32
2185,-12.87,-576.5,-88.68,34.08
2186,-19.92,-480.44,-215.77,21.29
2187,7.44,-443.88,-64.42,26.72
2188,-13.01,-490.27,-93.09,2.01
2189,-14.16,-437.79,-126.75,-43.15
2190,-5.12,-453.21,-50.36,22.2
2191,-23.62,-342.86,-93.79,22.6
2192,-150.35,-391.6,-137.86,22.18
2193,-10.23,-417.28,-386.04,-108.9
2194,126.91,-610.16,-42.21,39.06
2195,37.28,-438.73,24.19,63.14
2196,-2.28,-458.21,-66.99,20.26
2197,-53.42,-488.43,-101.93,23.37
2198,-17.65,-378.93,-170.31,-47.5
2199,31.85,-394.0,-48.21,29.57
2200,17.76,-414.8,-63.61,48.52
2201,-15.55,-515.7,-143.14,24.45
2202,-25.03,-537.81,-67.23,28.75
2203,-59.91,-469.47,-183.83,-55.39
2204,-63.56,-426.37,-91.09,21.02
2205,-25.89,-485.95,-90.93,19.55
2206,44.04,-543.99,-74.06,47.13
2207,-29.25,-514.12,-137.56,12.69
2208,23.04,-454.68,-68.35,20.49
2209,-67.97,-441.69,-176.17,-9.49
2210,49.1,-371.47,-104.03,-11.86
2211,-28.87,-484.51,-31.54,46.31
2212,-0.2,-430.59,-89.47,12.09
2213,-18.14,-405.04,-143.1,-13.25
2214,-61.27,-354.34,-189.76,-16.92
2215,42.04,-451.13,-33.2,28.21
2216,17.75,-554.77,-114.95,26.83
2217,-3.94,-487.55,-63.24,8.78
2218,-12.03,-514.2,-150.48,37.11
2219,-127.73,-493.45,-142.5,-45.28
2220,33.34,-449.85,-5.92,78.83
2221,58.77,-402.44,-90.17,25.53
2222,-21.34,-394.22,-95.16,10.89
2223,-1.75,-558.6,-97.68,-2.35
2224,-6.81,-493.51,-160.93,-4.07
2225,-100.83,-408.71,-124.19,21.73
2226,65.13,-436.35,-90.2,-14.82
2227,-22.84,-411.96,-137.3,-8.42
2228,30.76,-443.1,-97.48,32.63
2229,6.27,-494.56,-62.02,20.9
2230,-22.23,-442.22,-99.62,33.64
2231,-113.1,-505.81,-90.08,12.46
2232,-56.02,-385.38,-90.8,22.69
2233,97.12,-505.07,-204.79,-23.04
2234,42.05,-398.57,-64.22,43.98
2235,10.32,-411.81,-115.62,-15.73
2236,-32.57,-572.67,-46.21,57.98
2237,-27.06,-426.67,-141.45,8.91
2238,-35.26,-327.71,-138.9,0.62
2239,-5.86,-476.41,-96.93,-7.01
2240,-46.74,-526.56,-37.89,29.72
2241,2.85,-485.44,-71.76,18.19
2242,-104.45,-469.72,-97.56,40.9
2243,88.58,-447.94,-201.51,-4.86
2244,30.95,-415.18,-80.4,21.14
2245,8.66,-371.5,-138.97,8.75
2246,-45.51,-496.67,-96.57,1.22
2247,12.61,-480.37,-92.37,36.54
2248,-0.36,-429.24,-224.27,-15.74
2249,-73.01,-478.83,-87.94,53.48
2250,-53.59,-393.2,-153.88,-51.27
2251,78.72,-376.11,-16.25,59.76
2252,-59.7,-532.08,-42.17,43.98
2253,24.49,-440.77,-114.7,8.1
2254,2.41,-507.96,-129.33,-3.02
2255,23.95,-464.97,-85.1,36.73
2256,-12.46,-479.48,-101.98,6.12
2257,-35.57,-432.54,-107.41,-0.22
2258,9.68,-488.78,-84.34,46.02
2259,-31.25,-471.93,-122.92,22.93
2260,-74.71,-450.67,-133.65,7.51
2261,-43.88,-361.12,-78.88,23.38
2262,47.67,-420.98,-62.95,4.67
2263,-20.25,-431.36,-151.6,19.79
2264,9.06,-508.44,-133.44,1.4
2265,-34.58,-388.54,-78.49,0.86
2266,-41.27,-434.16,-58.98,31.9
2267,12.04,-437.51,-72.41,7.36
2268,51.4,-527.73,-219.72,-5.25
2269,-36.17,-545.47,-115.28,-0.81
2270,-52.53,-465.12,-66.53,-9.96
2271,-78.64,-473.89,-147.21,28.4
2272,121.12,-428.98,-74.05,14.63
2273,17.68,-437.24,-152.57,15.02
2274,-20.96,-473.08,-72.63,26.05
2275,-108.02,-415.03,-45.96,3.21
2276,78.16,-334.18,-174.61,5.43
2277,76.49,-308.38,-126.43,-57.35
2278,2.93,-566.6,-174.09,-19.58
2279,-39.13,-539.13,-47.79,-8.66
2280,-35.21,-297.37,-97.9,71.12
2281,-17.35,-310.64,-140.57,-22.28
2282,-76.94,-627.57,-1.87,38.43
2283,36.57,-452.1,-124.91,-4.38
2284,66.13,-486.16,-111.89,-29.3
2285,-50.88,-534.11,-61.26,48.64
2286,13.5,-325.66,-185.11,-22.61
2287,-12.67,-533.18,-54.74,44.56
2288,-96.48,-485.93,-41.41,31.36
2289,22.44,-459.02,-94.64,21.6
2290,20.64,-405.77,-156.63,-23.48
2291,9.91,-575.34,-182.88,-67.74
2292,-59.25,-564.55,-29.56,66.48
2293,-48.06,-480.17,-92.64,22.33
2294,49.52,-426.54,-95.45,27.58
2295,-78.23,-449.0,-138.54,-43.56
2296,-50.7,-484.29,-55.37,34.74
2297,74.33,-431.03,-81.2,10.61
2298,-6.77,-366.6,-120.46,-21.62
2299,-78.69,-401.92,-227.9,-1.86
2300,-77.92,-418.03,30.94,35.94
2301,101.86,-256.59,-116.23,-3.16
2302,-43.54,-702.68,-83.16,45.37
2303,51.74,-485.03,-130.63,13.48
2304,-2.42,-481.72,-172.15,-6.85
2305,-99.48,-445.89,-63.68,21.85
2306,69.09,-493.12,-67.04,18.68
2307,-15.63,-421.37,-255.76,-40.78
2308,-23.23,-465.05,-60.7,-34.22
2309,54.26,-421.84,-70.09,48.32
2310,-8.3,-420.25,-65.39,1.43
2311,-8.06,-357.89,-81.96,19.76
2312,-33.54,-467.54,-93.32,25.75
2313,-134.94,-552.74,-133.17,23.6
2314,-25.37,-520.94,-42.3,4.29
2315,-10.18,-409.29,-140.22,2.69
2316,47.12,-409.44,-169.0,-6.65
2317,-48.12,-446.57,-245.98,-13.89
2318,129.18,-444.52,27.3,0.06
2319,3.24,-465.68,-74.07,13.6
2320,-10.45,-440.75,-58.13,12.74
2321,-36.19,-548.44,-80.57,25.0
2322,-42.87,-447.96,-124.56,7.2
2323,-193.44,-372.22,-64.69,-16.41
2324,-26.2,-343.44,-156.78,-71.49
2325,211.68,-513.6,-83.0,-7.02
2326,23.33,-525.72,-114.36,40.06
2327,-56.75,-332.04,-191.71,-8.79
2328,-19.58,-387.94,-144.07,-21.91
2329,60.3,-530.26,0.97,18.62
2330,-15.73,-523.83,-86.14,39.15
2331,-28.33,-496.33,-112.09,3.39
2332,-21.19,-411.62,-93.07,6.84
2333,-53.78,-397.63,-91.59,4.69
2334,-22.25,-550.94,-76.95,11.8
2335,28.17,-468.93,-107.08,-2.87
2336,-71.31,-416.4,-117.13,-5.31
2337,-144.6,-417.84,-143.6,-70.09
2338,165.32,-379.76,-89.71,30.21
2339,38.73,-487.37,-129.06,-13.02
2340,-52.01,-521.3,-3.77,69.35
2341,8.38,-522.2,-205.87,24.17
2342,-25.98,-493.19,-57.46,20.44
2343,-3.04,-462.6,-95.86,-22.97
2344,-102.61,-358.86,-162.13,-21.41
2345,-53.4,-179.06,-36.81,21.05
2346,20.54,-378.86,-133.99,-13.66
2347,67.2,-424.83,-180.31,-64.57
2348,70.21,-667.56,-129.77,-14.84
2349,4.74,-494.51,13.84,59.89
2350,-7.11,-522.66,-95.91,-11.83
2351,-17.94,-483.82,-74.09,27.5
2352,-87.99,-475.37,-141.72,-5.52
2353,-130.17,-392.32,-271.94,-38.12
2354,107.81,-170.42,-13.66,-17.1
2355,101.39,-507.83,-87.9,4.56
2356,-3.14,-591.14,-40.61,43.8
2357,-71.19,-486.78,-184.72,-37.24
2358,-48.7,-442.19,-135.75,-26.37
2359,-68.89,-478.75,26.94,6.66
2360,-7.19,-507.64,-315.45,-55.04
2361,-148.56,-441.29,-79.74,-25.88
2362,204.76,-99.85,-0.63,55.09
2363,77.4,-226.3,-84.1,1.95
2364,-78.34,-812.59,-97.94,11.59
2365,-21.38,-561.62,-81.99,-16.71
2366,-31.29,-458.31,-131.42,-20.16
2367,-32.26,-551.92,-125.02,21.29
2368,-45.38,-450.89,-67.93,13.44
2369,71.27,-418.64,-107.68,0.19
2370,-6.15,-462.18,-310.3,-84.55
2371,-209.3,-484.55,-111.53,14.96
2372,141.66,-381.93,32.17,28.99
2373,37.93,-272.39,-78.0,-41.45
2374,15.08,-442.97,-112.6,14.11
2375,-66.61,-467.15,-44.29,-34.24
2376,-26.24,-512.72,-124.74,48.99
2377,28.73,-467.7,-101.39,7.63
2378,-28.42,-502.81,-138.08,-7.38
2379,-176.25,-438.23,-164.29,-37.29
2380,19.39,-480.62,-232.2,-58.71
2381,131.51,-395.96,-39.2,-1.75
2382,35.59,-320.2,-25.35,29.35
2383,-16.1,-473.86,-94.07,43.69
2384,-34.53,-600.89,-102.64,8.68
2385,-31.59,-409.97,-96.88,1.02
2386,-323.29,-330.47,-93.09,-25.76
2387,-106.34,-470.31,-283.17,-36.91
2388,156.24,-587.32,-246.52,-77.15
2389,71.83,-370.04,-5.83,55.05
2390,34.06,-327.97,-123.67,-80.63
2391,18.06,-596.87,-47.09,67.44
2392,23.59,-548.25,-56.37,33.32
2393,-10.33,-497.72,-88.38,25.29
2394,-19.97,-478.46,-91.86,16.07
2395,1.83,-389.26,-108.37,12.12
2396,8.68,-286.62,-93.63,-26.59
2397,-31.82,-530.69,-88.7,13.12
2398,-29.45,-535.11,-183.79,1.09
2399,-68.69,-544.37,-289.73,-90.06
2400,-144.31,-421.5,72.34,16.98
2401,39.15,-386.82,-153.95,22.45
2402,77.42,-436.4,-125.48,-35.93
2403,-97.83,-469.82,-87.31,43.63
2404,47.92,-456.05,-29.61,27.5
2405,26.08,-481.84,-74.46,0.3
2406,-9.73,-441.17,-83.97,25.99
2407,-29.15,-489.94,-90.03,14.48
2408,-4.22,-489.67,-87.05,10.88
2409,-39.88,-457.78,-86.41,10.84
2410,-22.02,-469.88,-86.76,12.39
2411,-214.56,-438.16,-304.86,-34.83
2412,-96.48,-321.27,-141.33,-60.82
2413,-61.44,-135.06,34.14,-2.99
2414,361.92,-530.36,-198.33,-63.74
2415,44.52,-557.22,-124.33,76.53
2416,-22.61,-580.93,-19.88,57.41
2417,-36.87,-537.13,-80.18,19.5
2418,-27.19,-483.7,-88.66,33.43
2419,-10.37,-457.17,-86.96,11.26
2420,-14.17,-475.22,-94.77,10.03
2421,-6.33,-447.77,-90.01,9.96
2422,-15.24,-468.76,-93.33,11.55
2423,-16.15,-484.87,-89.72,6.89
2424,-10.2,-467.46,-91.38,12.11
2425,-58.09,-418.04,-99.24,-4.56
2426,-37.79,-234.2,-149.38,3.09
2427,10.72,-295.58,-359.71,-52.24
2428,-28.54,-527.9,40.24,-52.35
2429,49.27,-609.63,-24.31,12.43
2430,29.85,-525.64,-61.22,55.06
2431,-8.51,-481.5,-67.37,34.34
2432,-116.59,-409.22,-104.06,11.26
2433,11.35,-464.26,-98.34,5.13
2434,-7.1,-482.24,-416.08,-38.99
2435,19.78,-476.26,-64.98,-51.08
2436,35.62,-348.97,63.18,42.57
2437,20.69,-397.75,-56.7,16.75
2438,-1.28,-422.75,-78.87,8.79
2439,-22.24,-438.56,-81.88,9.38
2440,-94.14,-487.59,-81.85,15.39
2441,-158.31,-350.6,-92.53,2.75
2442,73.8,-360.99,-108.92,-10.19
2443,61.46,-621.08,-105.56,1.17
2444,-4.99,-495.93,-58.86,-7.26
2445,26.17,-473.37,-287.93,-32.61
2446,-16.24,-505.2,26.02,43.52
2447,-21.19,-476.57,-61.14,22.63
2448,-45.85,-437.98,-128.93,2.05
2449,-32.78,-416.2,-223.48,-32.58
2450,37.39,-377.72,2.03,8.67
2451,-4.63,-422.17,-65.75,17.11
2452,15.4,-394.74,-85.81,-24.46
2453,-28.58,-448.63,-98.59,9.75
2454,-12.04,-532.4,-78.84,28.86
2455,-17.4,-521.77,-112.87,19.73
2456,-168.9,-465.14,-65.22,19.69
2457,-32.73,-397.28,-77.46,19.77
2458,70.38,-491.28,-342.86,-100.86
2459,-13.66,-309.45,-24.95,8.29
2460,91.51,-272.49,22.8,54.79
2461,40.55,-574.89,-98.96,13.43
2462,-18.31,-574.55,-114.85,26.93
2463,-33.91,-471.76,-82.21,24.27
2464,-3.59,-466.02,-91.61,19.81
2465,-66.01,-462.77,-86.1,18.59
2466,-113.83,-426.94,-165.82,38.8
2467,-42.31,-326.8,-270.23,-85.29
2468,147.22,-356.07,-7.51,-15.0
2469,8.05,-434.44,-58.6,52.16
2470,44.75,-331.7,-57.52,40.75
2471,-6.36,-639.15,-102.14,-8.73
2472,-46.75,-570.59,-104.05,28.49
2473,-8.0,-520.07,-97.51,-0.84
2474,-53.6,-481.51,-69.18,26.21
2475,-181.2,-455.72,-76.94,12.91
2476,56.09,-427.13,-95.25,22.3
2477,107.53,-373.56,-136.62,-33.68
2478,-73.16,-253.72,-121.99,-5.24
2479,127.34,-393.67,-181.14,-15.6
2480,-29.84,-527.16,-53.95,51.79
2481,-13.09,-585.67,-165.5,-12.75
2482,-9.18,-517.07,-12.52,21.15
2483,-61.08,-470.62,-56.34,-8.11
2484,-131.71,-384.59,-178.54,-43.54
2485,116.03,-338.24,-40.71,8.46
2486,-19.65,-412.08,-97.66,34.27
2487,56.41,-513.13,-146.79,7.55
2488,-59.77,-493.74,-107.26,-14.97
2489,22.09,-495.82,-108.43,17.19
2490,-41.85,-485.18,-208.99,-13.51
2491,-181.77,-397.88,-34.99,0.45
2492,162.46,-217.48,-44.21,-12.21
2493,45.76,-398.85,-64.62,61.68
2494,-142.28,-646.23,-151.46,7.49
2495,22.48,-471.88,-83.22,1.22
2496,73.62,-465.38,-96.26,-60.17
2497,-14.59,-475.96,-68.11,17.82
2498,-53.66,-401.46,-200.27,-43.08
2499,22.85,-357.03,-129.09,4.44
2500,-59.83,-286.26,-56.07,53.6
2501,-30.33,-608.76,-303.88,-56.32
2502,-79.29,-444.13,-141.88,-26.61
2503,122.16,-491.48,65.15,46.0
2504,6.29,-483.65,-54.4,7.26
2505,-7.54,-466.08,-108.56,31.9
2506,-85.99,-454.41,11.21,21.21
2507,-71.02,-477.59,-111.01,29.78
2508,23.56,-419.68,-176.28,-36.59
2509,68.43,-420.23,-83.77,18.58
2510,9.8,-400.82,-84.94,1.91
2511,-10.77,-466.27,-62.12,-5.08
2512,-90.76,-482.69,-297.14,-33.44
2513,-14.5,-430.15,12.0,69.36
2514,-99.8,-194.0,-162.13,-51.27
2515,107.68,-394.34,-78.59,-18.01
2516,-117.08,-652.06,-13.05,52.91
2517,59.37,-496.98,-85.38,14.45
2518,41.83,-491.19,-116.07,13.28
2519,3.22,-494.84,-63.63,19.39
2520,-15.69,-467.16,-121.02,13.67
2521,-13.58,-431.02,-198.24,-25.52
2522,-8.01,-357.68,-165.81,-42.67
2523,-187.81,-404.55,-88.07,18.97
2524,43.12,-425.05,-150.79,22.8
2525,-40.93,-431.74,-58.11,59.11
2526,24.86,-371.14,55.85,-20.42
2527,33.79,-453.95,-122.92,-9.67
2528,33.87,-601.5,-146.91,42.57
2529,1.18,-499.46,-62.2,10.02
2530,-36.38,-489.34,-88.13,20.08
2531,-6.65,-468.48,-115.45,4.77
2532,-31.65,-394.01,-281.78,-74.32
2533,-26.23,-396.0,-7.51,48.92
2534,-161.28,-383.11,-44.49,12.67
2535,123.08,-348.9,-56.29,-16.26
2536,34.62,-501.74,-161.77,35.57
2537,-28.85,-530.71,-60.62,21.08
2538,28.26,-455.77,-73.86,9.56
2539,-3.17,-468.44,-84.59,16.53
2540,-14.3,-444.89,-89.74,9.48
2541,-23.83,-475.21,-101.36,10.33
2542,-1.62,-372.85,-388.41,-39.32
2543,-60.56,-289.36,-16.22,-13.83
2544,-216.86,-399.44,-26.61,-12.78
2545,150.6,-495.09,-26.83,13.53
2546,32.3,-520.56,-141.99,0.22
2547,24.78,-484.01,-71.85,35.17
2548,-11.34,-526.16,-70.74,48.14
2549,-5.36,-485.26,-91.91,19.81
2550,-39.25,-469.35,-92.57,11.03
2551,-108.27,-475.07,-90.99,15.55
2552,-4.45,-429.81,-105.53,16.2
2553,20.17,-385.19,-322.22,-45.29
2554,28.11,-373.31,-58.01,-4.37
2555,-1.21,-296.09,14.3,30.07
2556,0.69,-470.68,-68.7,43.87
2557,-8.59,-572.88,-89.03,13.21
2558,-22.81,-512.02,-86.5,24.86
2559,-31.36,-481.02,-83.32,32.7
2560,-22.79,-487.3,-89.28,22.8
2561,-193.16,-423.52,-118.15,-4.36
2562,-125.54,-350.06,-326.02,-115.27
2563,119.63,-234.41,64.96,49.46
2564,80.42,-468.86,-78.22,38.85
2565,69.04,-514.77,-100.55,25.35
2566,-8.73,-461.26,-73.35,14.13
2567,-44.41,-600.1,-80.66,24.02
2568,-29.21,-492.73,-86.38,25.44
2569,-29.81,-462.02,-92.28,19.19
2570,-28.04,-460.56,-92.76,20.53
2571,-25.43,-458.3,-92.3,9.76
2572,-169.94,-384.19,-135.97,11.03
2573,-10.99,-497.79,-270.3,-63.74
2574,13.73,-367.97,-46.21,8.37
2575,131.26,-305.71,-13.35,8.07
2576,18.45,-461.16,-115.09,52.91
2577,-36.59,-600.96,-63.23,56.91
2578,-23.46,-492.63,-89.65,27.78
2579,-21.11,-470.01,-91.52,25.18
2580,-24.11,-466.28,-92.81,18.59
2581,-40.97,-454.53,-90.6,16.75
2582,-117.12,-445.28,-123.92,13.73
2583,-179.85,-395.72,-330.21,-10.04
2584,117.16,-399.07,-62.41,-37.73
2585,125.77,-231.75,-8.58,27.23
2586,51.87,-454.53,-13.23,31.23
2587,-19.55,-555.49,-105.93,-7.66
2588,-30.31,-560.04,-80.56,42.87
2589,-27.94,-490.65,-84.75,27.07
2590,-41.63,-479.55,-86.57,20.42
2591,-28.83,-463.62,-84.59,17.05
2592,-15.61,-454.27,-103.25,7.03
2593,-115.21,-437.2,-133.46,-26.96
2594,7.89,-384.44,-232.61,-88.89
2595,56.33,-258.71,-146.08,52.09
2596,57.2,-462.53,-1.21,76.05
2597,8.11,-509.51,-41.17,3.85
2598,-33.23,-542.7,-67.8,39.18
2599,-27.96,-497.83,-83.28,25.75
2600,-30.6,-478.73,-99.03,15.51
2601,-132.88,-432.24,-62.0,36.83
2602,-225.96,-397.12,-129.19,-40.85
2603,14.16,-342.08,-96.52,12.04
2604,261.89,-394.53,-77.08,28.33
2605,37.79,-351.05,-77.11,19.71
2606,-0.64,-588.46,-106.13,20.83
2607,-33.81,-568.26,-85.53,34.7
2608,-24.92,-477.78,-93.1,10.23
2609,-24.48,-477.75,-93.22,14.08
2610,-25.9,-431.75,-158.06,2.43
2611,-1.86,-301.47,-379.05,-61.24
2612,3.19,-444.24,4.64,-50.78
2613,-99.74,-462.17,4.87,51.87
2614,56.25,-275.11,-64.83,49.3
2615,-5.8,-604.87,-77.28,45.72
2616,-33.57,-561.47,-90.59,29.27
2617,-29.06,-492.74,-91.79,27.18
2618,-50.5,-476.46,-95.09,20.81
2619,-60.69,-467.15,-81.87,45.14
2620,-237.55,-418.58,-220.87,-6.24
2621,170.99,-363.37,-313.13,-39.84
2622,5.93,-417.86,100.21,34.29
2623,68.92,-503.2,-30.34,26.17
2624,-84.25,-393.19,-90.51,17.29
2625,16.19,-502.03,-96.01,31.91
2626,2.16,-516.47,-50.03,55.05
2627,-27.44,-479.39,-110.21,0.29
2628,-24.88,-444.97,-97.61,20.83
2629,-14.83,-470.74,-99.77,9.01
2630,-100.31,-306.39,-175.64,-4.02
2631,-1.89,-358.37,-133.61,-30.65
2632,7.29,-360.76,4.93,77.74
2633,86.8,-559.86,-136.24,22.12
2634,-18.32,-601.5,-210.09,-6.03
2635,-52.49,-536.06,-37.8,32.97
2636,-6.94,-473.39,-69.7,4.93
2637,-22.58,-444.5,-119.98,11.01
2638,-47.16,-407.24,-102.6,24.52
2639,-183.88,-282.4,-108.73,-16.13
2640,61.43,-514.73,-60.15,31.76
2641,17.5,-520.78,-108.98,1.76
2642,44.94,-406.1,-127.68,-6.37
2643,28.96,-427.87,-56.45,39.64
2644,-15.11,-491.02,-94.33,24.14
2645,-26.45,-492.05,-87.42,18.62
2646,-43.58,-564.18,-96.92,12.84
2647,-34.83,-465.34,-138.83,14.8
2648,-285.95,-340.8,-335.74,-47.3
2649,132.76,-403.84,42.97,27.8
2650,93.33,-437.42,-146.25,21.22
2651,15.31,-320.57,-54.15,28.09
2652,1.48,-580.02,-44.14,12.75
2653,-27.98,-564.52,-89.7,7.6
2654,-14.42,-499.36,-88.47,23.97
2655,-25.47,-482.67,-163.61,17.44
2656,-17.49,-459.32,-70.84,-13.52
2657,-37.82,-422.17,-156.46,-52.71
2658,-102.98,-425.32,-153.31,35.37
2659,-63.31,-415.85,-105.72,-9.18
2660,117.52,-501.08,-83.09,63.63
2661,-17.71,-493.04,-42.61,26.98
2662,-36.74,-458.5,-121.63,-4.93
2663,1.16,-436.53,-76.94,27.39
2664,19.97,-333.13,-84.04,41.9
2665,-61.98,-461.07,-86.47,-13.93
2666,-8.27,-393.14,-64.01,13.36
2667,61.38,-293.77,-157.99,-6.37
2668,-39.32,-621.8,-138.17,28.02
2669,-53.13,-537.15,-37.17,21.8
2670,-72.59,-483.43,-133.64,-3.67
2671,-4.83,-470.1,-345.63,-88.13
2672,-95.61,-393.3,-26.44,17.71
2673,116.44,-429.77,3.45,8.59
2674,6.74,-511.87,-45.29,63.78
2675,-1.08,-405.02,-109.03,25.47
2676,-21.05,-514.92,-95.89,23.53
2677,-24.98,-482.2,-59.27,8.47
2678,-72.71,-448.02,-65.09,-5.11
2679,-26.92,-377.64,-181.75,25.6
2680,7.23,-269.97,-59.98,-10.51
2681,-13.43,-492.71,-89.34,16.13
2682,-40.62,-479.3,-101.51,26.45
2683,-84.19,-552.04,-200.85,12.43
2684,-88.36,-486.35,-311.2,-26.42
2685,154.94,-403.86,81.46,2.69
2686,-12.77,-525.8,-43.17,20.59
2687,-23.15,-440.04,-75.54,34.4
2688,-30.57,-465.03,-145.75,-69.92
2689,1.68,-425.38,-62.51,59.91
2690,-18.16,-511.43,-47.59,33.39
2691,-33.72,-494.95,-115.8,7.77
2692,-41.49,-449.92,-139.89,2.81
2693,-5.1,-480.17,-66.91,25.58
2694,-26.24,-451.0,-84.3,-4.72
2695,-130.27,-440.43,-157.01,-15.17
2696,-169.65,-499.64,-197.55,7.53
2697,200.87,-286.65,-37.91,29.35
2698,-0.79,-463.18,-68.35,13.21
2699,-8.68,-408.14,-234.13,-19.58
2700,27.6,-411.77,-25.99,-7.56
2701,-31.39,-530.71,-24.51,5.48
2702,-58.44,-459.82,-139.0,-54.74
2703,-39.35,-480.43,-122.87,74.92
2704,51.3,-325.28,-128.68,10.6
2705,-41.97,-517.56,-54.85,26.63
2706,-101.16,-479.35,-178.72,2.6
2707,-4.4,-413.87,-209.53,-20.1
2708,55.4,-461.65,11.2,19.1
2709,16.98,-568.9,-94.72,16.29
2710,-15.19,-367.63,-109.53,6.26
2711,-63.72,-424.85,-77.86,-9.52
2712,38.59,-538.51,-71.7,13.44
2713,-6.54,-442.53,-149.9,4.38
2714,-27.23,-498.3,-128.74,-25.26
2715,-1.98,-386.77,-71.27,40.55
2716,-157.7,-343.53,-181.37,-4.57
2717,55.84,-486.96,-49.74,-8.16
2718,53.39,-502.26,-98.6,-15.02
2719,-47.62,-441.62,-165.61,16.78
2720,-43.14,-460.51,-237.58,-22.48
2721,-17.03,-489.33,39.08,57.25
2722,8.58,-507.36,-93.15,21.69
2723,39.82,-415.51,-119.01,21.22
2724,7.4,-428.88,-114.87,-23.92
2725,-18.04,-418.72,-146.07,5.0
2726,-14.07,-441.99,-70.19,23.9
2727,-31.56,-510.21,-122.61,-14.62
2728,-17.81,-377.42,-229.3,-39.78
2729,-91.94,-437.13,-121.07,13.15
2730,-49.07,-429.11,13.83,11.87
2731,28.68,-382.95,-130.86,-5.61
2732,5.22,-546.72,-73.45,36.63
2733,-86.78,-584.9,-198.29,-13.07
2734,13.93,-519.07,-52.95,34.07
2735,13.58,-400.97,-51.06,32.99
2736,-28.05,-409.69,-88.56,34.5
2737,-47.06,-526.5,-224.75,-58.77
2738,-19.2,-496.72,-41.9,39.57
2739,56.38,-491.94,-90.11,5.83
2740,-5.16,-361.1,-91.89,3.96
2741,14.03,-407.62,-258.91,-41.66
2742,-27.85,-475.53,-9.74,32.1
2743,-45.53,-500.79,-99.62,34.75
2744,-82.49,-420.56,-95.06,52.12
2745,34.35,-495.34,-215.37,-48.1
2746,-7.63,-421.19,-52.31,-38.09
2747,-56.05,-484.92,-77.03,11.59
2748,-4.28,-372.6,-70.45,52.39
2749,-95.38,-380.68,-181.23,-0.13
2750,39.11,-533.36,-66.39,-1.13
2751,17.42,-462.59,-71.9,51.19
2752,-13.46,-497.86,-210.53,-26.24
2753,-24.84,-488.67,-57.01,21.35
2754,38.36,-388.51,-58.1,35.36
2755,-17.04,-339.47,-89.82,25.86
2756,-66.04,-546.96,-119.75,32.26
2757,-88.95,-434.07,-102.89,11.23
2758,6.99,-331.39,-238.1,-48.87
2759,5.98,-550.13,-47.63,31.77
2760,71.85,-485.03,-33.89,0.32
2761,-39.9,-562.72,-123.34,39.35
2762,4.57,-484.94,-84.43,11.4
2763,-14.93,-489.31,-148.71,-7.8
2764,-12.87,-460.06,-158.49,-30.58
2765,-85.44,-390.39,-83.15,27.64
2766,-35.19,-446.96,-98.17,2.23
2767,24.76,-441.29,-56.32,39.05
2768,-39.29,-347.82,-143.62,36.19
2769,72.58,-401.19,-54.66,7.0
2770,-4.9,-415.09,-139.62,24.2
2771,-64.22,-597.95,-113.21,-13.58
2772,-13.6,-543.04,-126.52,-20.81
2773,-5.74,-421.56,-81.38,50.02
2774,-13.21,-364.01,-166.84,-34.23
2775,-106.83,-538.91,-59.52,-3.8
2776,14.12,-543.53,-40.06,56.41
2777,31.23,-417.81,-84.74,22.46
2778,-26.12,-427.29,-147.28,2.86
2779,8.39,-489.57,-78.98,15.36
2780,-25.89,-497.9,-93.8,-8.18
2781,7.78,-339.77,-91.75,12.66
2782,-5.34,-346.85,-84.98,-3.9
2783,-96.65,-606.9,-135.65,-10.68
2784,-195.07,-481.25,-212.65,24.87
2785,63.92,-426.78,-134.37,1.04
2786,53.85,-352.6,-29.52,-12.81
2787,60.47,-416.42,-63.25,45.52
2788,-6.84,-565.08,-85.12,23.67
2789,-8.69,-507.63,-93.18,11.11
2790,-14.82,-477.75,-99.74,13.74
2791,-19.05,-458.61,-102.87,4.51
2792,-22.58,-456.84,-170.29,5.92
2793,-15.25,-444.59,-62.22,-32.42
2794,-103.93,-409.18,-79.24,21.18
2795,-28.16,-223.16,-229.76,-28.14
2796,69.16,-447.87,-174.64,15.39
2797,-64.7,-428.01,-49.5,-15.29
2798,52.18,-495.55,-96.18,-3.75
2799,8.99,-549.12,-48.16,56.08
2800,-3.21,-533.72,-92.59,23.2
2801,-14.04,-488.99,-93.73,19.94
2802,-17.47,-466.62,-99.61,14.51
2803,-16.99,-468.42,-104.81,11.04
2804,-21.4,-463.84,-100.67,11.85
2805,-34.3,-459.95,-94.7,12.8
2806,-15.0,-461.27,-132.22,19.55
2807,-134.29,-451.46,-211.39,-40.81
2808,-15.07,-306.05,-98.56,10.72
2809,49.13,-352.4,-231.99,-69.45
2810,68.74,-407.89,44.53,51.46
2811,1.66,-564.25,-68.17,21.25
2812,6.43,-500.85,-91.28,22.09
2813,-12.0,-514.19,-97.24,10.75
2814,-19.01,-488.55,-91.74,15.67
2815,-29.76,-471.55,-93.65,12.67
2816,-31.22,-471.58,-93.61,3.59
2817,-14.65,-462.31,-98.29,9.32
2818,-73.19,-444.55,-100.31,13.59
2819,-139.22,-402.54,-102.62,11.84
2820,7.38,-333.28,-266.91,-64.06
2821,165.48,-424.82,-12.32,-36.38
2822,-29.48,-492.28,-302.71,37.83
2823,41.66,-453.1,73.8,15.59
2824,2.09,-475.16,-65.46,48.21
2825,-38.29,-522.72,-82.41,15.84
2826,-28.78,-476.8,-92.29,17.53
2827,-31.3,-471.39,-95.42,11.36
2828,-29.1,-458.26,-94.12,12.31
2829,-66.12,-448.4,-80.5,16.26
2830,-94.21,-237.63,-217.51,-34.67
2831,21.33,-319.51,-164.41,-23.5
2832,-136.91,-545.22,-240.34,-47.71
2833,195.88,-544.22,52.03,54.64
2834,19.38,-564.23,-56.99,39.93
2835,-0.55,-473.61,-79.15,15.87
2836,-17.0,-469.94,-79.48,32.14
2837,-19.11,-462.19,-103.38,18.54
2838,-12.11,-465.64,-90.91,18.06
2839,-66.17,-395.75,-90.89,1.49
2840,28.15,-343.08,-108.37,-5.67
2841,-14.83,-292.45,-101.92,-18.93
2842,-74.39,-457.38,-114.08,23.96
2843,16.78,-544.55,-82.05,27.62
2844,51.24,-549.06,-121.62,16.62
2845,-2.03,-538.77,-93.54,3.63
2846,-22.41,-499.74,-84.21,-12.1
2847,-82.1,-407.4,-137.82,23.95
2848,26.88,-353.45,-261.83,-7.58
2849,3.58,-464.03,-21.25,7.17
2850,-29.52,-368.71,-74.61,-11.5
2851,-16.15,-464.62,-82.01,22.53
2852,-22.63,-532.38,-142.82,10.94
2853,14.08,-519.09,-43.64,-3.26
2854,40.5,-387.68,-91.29,27.52
2855,-12.92,-414.34,-90.58,27.21
2856,-27.54,-514.42,-103.94,-7.99
2857,-20.36,-508.36,-126.76,13.7
2858,-55.38,-451.16,-111.49,9.88
2859,-28.29,-362.63,-79.88,28.4
2860,13.44,-475.89,-98.07,16.05
2861,-52.49,-463.48,-183.2,-21.25
2862,-208.95,-491.68,-81.0,34.64
2863,108.85,-382.81,-68.41,36.11
2864,95.25,-402.35,-178.15,-16.2
2865,-12.87,-507.61,-141.53,-9.25
2866,-15.69,-450.31,10.29,21.08
2867,-28.88,-464.92,-137.75,-3.08
2868,-6.7,-478.21,-108.29,1.59
2869,2.27,-412.98,-77.34,32.93
2870,-73.99,-580.41,-93.69,18.62
2871,7.14,-473.51,-100.57,-16.86
2872,-0.58,-506.6,-232.23,-5.54
2873,-59.14,-521.17,-234.62,19.59
2874,-114.84,-413.1,71.08,31.15
2875,86.01,-404.27,-73.91,26.16
2876,-43.02,-451.67,-131.24,11.21
2877,-165.43,-343.18,-174.97,-15.06
2878,154.95,-464.85,-58.86,-15.4
2879,28.37,-441.18,-87.35,33.21
2880,-31.33,-535.4,-89.89,26.79
2881,-114.08,-528.29,-142.56,-15.2
2882,34.35,-432.21,-68.67,-10.97
2883,19.31,-459.69,-178.02,32.71
2884,-33.36,-427.98,-157.19,24.54
2885,-36.9,-470.59,-20.76,9.71
2886,12.0,-375.66,-111.38,18.82
2887,19.0,-456.73,-64.5,1.75
2888,18.53,-423.35,-89.01,33.0
2889,-150.92,-512.25,-183.3,-14.15
2890,-83.44,-544.16,-140.48,16.69
2891,111.61,-524.64,-69.5,12.4
2892,35.21,-451.33,-95.86,-3.68
2893,-16.52,-372.3,-281.19,5.8
2894,-55.21,-469.23,89.6,51.13
2895,40.22,-384.48,-103.42,-42.46
2896,36.12,-318.15,-107.1,30.06
2897,-97.84,-654.41,-125.15,21.7
2898,3.58,-563.38,-87.78,19.85
2899,-39.12,-466.53,-141.95,29.37
2900,-11.71,-372.8,-99.28,-5.48
2901,-60.96,-480.87,-146.67,3.6
2902,-144.41,-442.34,-294.18,-55.7
2903,93.0,-253.47,44.96,32.08
2904,60.58,-504.14,-40.74,41.1
2905,-66.6,-570.64,-131.12,17.72
2906,8.99,-460.42,-63.52,25.8
2907,26.96,-583.94,-86.74,-14.49
2908,-22.28,-476.7,-92.9,14.45
2909,19.82,-365.25,-126.56,11.25
2910,-26.15,-377.17,-124.02,5.25
2911,-66.2,-560.36,-117.74,23.85
2912,-17.5,-428.19,-130.91,-23.11
2913,31.37,-366.09,-144.99,-9.3
2914,-3.54,-512.51,-162.51,44.8
2915,-21.82,-382.41,-1.46,4.51
2916,-29.06,-431.58,-85.15,-4.16
2917,-35.7,-579.86,-142.5,-10.7
2918,-36.32,-542.47,-43.21,37.14
2919,-38.07,-438.27,-88.95,9.52
2920,52.54,-446.73,-96.15,-12.67
2921,7.52,-479.34,-85.66,15.03
2922,-105.48,-501.17,-91.38,35.35
2923,12.96,-367.09,-146.98,-29.42
2924,-48.72,-348.72,-48.36,29.1
2925,-40.94,-536.89,-112.21,0.53
2926,88.87,-360.12,-140.06,9.87
2927,24.2,-359.14,-201.15,4.98
2928,-18.25,-626.75,-29.94,-4.84
2929,-13.19,-560.47,-161.18,-41.01
2930,8.22,-344.82,-96.51,-6.7
2931,-21.7,-442.31,-66.76,42.03
2932,-83.89,-542.98,-161.99,-70.58
2933,-11.5,-528.59,-95.6,28.48
2934,-75.38,-417.05,-58.92,22.49
2935,14.14,-310.53,-66.96,9.29
2936,-116.96,-483.92,-150.06,-10.97
2937,180.78,-365.35,-86.38,-7.66
2938,16.55,-424.71,-80.11,-28.64
2939,-37.14,-587.3,-86.58,34.71
2940,-63.05,-559.64,-89.7,12.98
2941,-8.9,-434.91,-107.93,21.69
2942,-39.8,-472.75,-168.21,-1.52
2943,26.22,-333.99,-143.13,1.08
2944,-56.54,-393.88,-24.87,25.62
2945,-76.56,-576.18,-287.16,-13.79
2946,37.14,-481.73,-78.18,7.99
2947,46.31,-292.02,7.49,28.49
2948,-15.1,-486.25,-59.72,-19.89
2949,-31.35,-595.24,-164.58,22.17
2950,-82.92,-542.47,-59.12,17.27
2951,11.98,-423.24,-256.91,-48.49
2952,28.41,-494.13,-42.89,2.1
2953,-27.58,-499.94,-108.17,35.25
2954,-20.56,-368.91,-105.94,-11.5
2955,-48.56,-259.67,-76.82,32.0
2956,53.82,-460.15,-113.76,20.35
2957,-127.57,-605.71,-191.31,-9.89
2958,32.4,-446.57,-108.35,44.97
2959,-33.9,-488.19,-36.28,3.12
2960,45.29,-470.11,-142.31,5.76
2961,-52.31,-377.4,-120.9,-18.08
2962,-40.64,-470.53,-45.86,3.5
2963,57.4,-545.14,-100.6,37.52
2964,-49.31,-504.31,-101.3,12.74
2965,13.12,-362.69,-55.26,18.24
2966,-152.53,-404.66,-194.86,-14.85
2967,35.75,-496.23,-83.0,-15.6
2968,18.48,-581.25,-91.47,-3.11
2969,10.17,-473.12,-169.86,10.42
2970,-89.21,-455.53,-141.7,-13.45
2971,47.32,-469.3,-108.08,55.82
2972,28.31,-357.96,-236.39,2.8
2973,7.26,-497.29,60.0,-17.31
2974,-50.25,-497.85,-56.26,31.46
2975,38.43,-287.99,-76.77,8.73
2976,-72.51,-552.44,-73.07,6.22
2977,-124.99,-495.56,-188.36,35.8
2978,-42.38,-490.68,-281.83,-94.63
2979,145.81,-438.66,30.84,29.44
2980,19.72,-435.94,-59.14,34.38
2981,-23.85,-573.73,-172.54,31.84
2982,-137.73,-402.14,-233.24,16.17
2983,66.87,-431.46,40.39,-23.04
2984,40.19,-452.71,-57.99,57.22
2985,-16.75,-385.28,-158.8,31.55
2986,-229.19,-565.09,-1.84,-24.65
2987,169.71,-514.4,-132.76,19.31
2988,21.68,-508.79,-97.62,46.33
2989,-10.0,-430.37,-171.76,-5.0
2990,-18.69,-332.34,-121.03,-41.94
2991,-25.26,-427.4,-134.96,34.52
2992,-35.34,-629.11,-96.64,20.11
2993,-23.49,-518.6,-75.85,-36.97
2994,-42.83,-326.9,-91.65,16.57
2995,37.94,-411.86,-253.18,-3.91
2996,18.54,-478.53,-39.76,11.55
2997,-115.28,-497.0,-37.23,50.73
2998,44.9,-490.51,-90.37,34.34
2999,-3.5,-395.88,-90.79,-0.8
