,ch1,ch2,ch3,ch4
0,-26.21,-469.61,-117.18,36.19
1,-24.89,-460.01,-98.0,0.61
2,4.3,-448.76,88.73,62.83
3,27.33,-426.65,66.58,37.18
4,-31.63,-486.24,-355.8,-46.44
5,-12.69,-445.5,-212.76,-12.05
6,-20.78,-484.98,-136.69,38.87
7,-2.63,-468.04,59.54,6.13
8,-10.0,-445.24,-172.9,37.07
9,-24.0,-450.47,-81.33,14.75
10,-16.09,-446.88,-97.71,30.27
11,-8.48,-478.12,-128.59,-51.36
12,-33.5,-479.04,-111.74,119.56
13,-13.91,-502.81,-139.99,-39.82
14,18.82,-427.72,-6.93,128.87
15,-11.29,-450.86,-217.57,-64.26
16,-25.3,-502.42,-143.22,-57.92
17,-23.01,-485.31,-95.42,73.45
18,-11.39,-448.8,-61.88,27.12
19,-8.3,-407.46,-221.16,-60.67
20,-11.21,-487.53,-99.09,34.59
21,-12.04,-442.17,-15.22,68.14
22,-19.07,-444.38,-161.8,-0.27
23,-15.45,-451.07,-105.61,26.93
24,1.76,-443.14,17.37,1.3
25,-16.61,-468.75,-165.6,-7.51
26,-18.46,-459.46,-173.45,-25.21
27,-2.63,-455.93,-89.21,-6.96
28,-23.02,-487.28,-119.66,8.61
29,-14.08,-455.88,-221.83,27.55
30,-18.88,-465.07,-91.71,24.13
31,10.65,-437.09,74.79,1.15
32,-9.83,-469.11,-128.67,115.16
33,-33.75,-498.65,-225.92,-92.03
34,-9.74,-460.16,-123.56,43.01
35,-15.86,-470.25,-180.49,0.79
36,-2.56,-475.1,-28.66,18.46
37,-15.66,-466.78,-137.55,-22.88
38,-19.64,-466.21,-114.14,29.98
39,-29.57,-456.04,-111.7,32.2
40,-26.15,-490.37,-185.56,-27.13
41,-14.92,-431.52,-78.24,37.58
42,-5.81,-440.04,-120.38,-5.86
43,-12.79,-470.89,-0.94,108.37
44,-13.61,-464.04,-203.37,-31.68
45,-15.2,-454.32,-151.88,4.81
46,-7.11,-456.64,-109.47,-5.87
47,-30.89,-487.31,-68.12,10.21
48,-13.22,-442.29,-141.55,27.65
49,12.41,-423.74,-91.59,13.85
50,-10.69,-482.3,-115.15,-33.01
51,-5.51,-468.39,-57.62,-1.81
52,-34.21,-475.26,-164.03,-8.49
53,-25.68,-479.18,-164.11,56.81
54,-17.85,-456.99,-127.27,17.39
55,-25.54,-467.91,22.75,42.19
56,-16.24,-478.29,-35.19,62.44
57,7.13,-434.97,-116.2,-18.49
58,-15.17,-475.5,-210.49,57.34
59,-13.3,-461.52,-186.44,-76.8
60,-22.34,-469.32,-107.54,82.29
61,-4.24,-447.3,-128.87,20.67
62,-0.95,-430.44,-71.95,66.54
63,-13.35,-440.18,-116.54,-34.18
64,-11.92,-446.77,-147.57,16.37
65,-36.44,-481.74,-114.05,13.92
66,-8.3,-470.04,-58.86,10.15
67,11.1,-411.67,-193.62,-0.9
68,3.7,-417.04,-34.23,40.34
69,-26.86,-508.58,-129.76,-40.61
70,-5.15,-448.72,-97.7,40.77
71,-43.65,-472.43,-158.55,-10.42
72,-9.82,-454.55,-54.11,30.32
73,-27.38,-472.76,-126.3,-41.23
74,-21.37,-481.8,-144.98,36.89
75,-13.46,-440.81,-100.22,94.34
76,-20.75,-473.66,-142.32,-36.93
77,-14.22,-465.92,-68.9,33.04
78,-15.49,-460.77,-86.29,39.19
79,-8.23,-447.28,-127.7,-13.25
80,-8.54,-458.41,-3.53,18.91
81,-12.79,-467.37,-247.05,-18.99
82,-14.76,-478.62,-158.29,-21.55
83,-7.95,-463.69,-132.4,11.09
84,-9.18,-470.59,-15.12,86.18
85,-21.32,-458.87,-133.85,-16.14
86,-8.82,-455.75,-89.31,-7.07
87,-1.85,-451.28,50.2,-20.72
88,-24.82,-460.0,-174.29,-46.63
89,-27.62,-452.78,-125.96,52.2
90,-15.78,-468.11,-157.72,22.89
91,-23.95,-461.24,-119.7,10.75
92,-20.81,-471.81,-105.4,43.84
93,-0.21,-452.96,-56.03,37.66
94,-17.66,-490.12,-203.87,33.93
95,-36.41,-478.72,-141.2,-29.93
96,-13.51,-463.54,-70.19,-12.87
97,-4.59,-462.72,-53.21,26.23
98,-7.78,-443.85,-104.14,4.58
99,-8.06,-450.22,-218.18,-33.19
100,-11.94,-464.34,-123.32,19.62
101,-6.55,-433.89,-70.17,13.21
102,-10.34,-472.02,167.12,49.62
103,-28.87,-484.8,-294.08,17.5
104,-21.9,-483.77,-153.34,39.4
105,-10.02,-454.72,-110.55,-12.55
106,-23.48,-468.03,-133.61,16.73
107,-9.14,-454.52,-120.27,22.64
108,-11.57,-447.99,-115.07,11.37
109,0.71,-451.26,13.78,46.38
110,-22.2,-487.13,-230.51,3.44
111,-30.65,-474.22,-100.63,-11.93
112,-8.51,-460.44,-101.99,31.03
113,-2.95,-457.89,-164.94,27.79
114,-10.27,-468.51,-125.6,-22.8
115,-11.26,-453.74,-92.58,-26.95
116,-12.44,-471.98,-146.93,53.79
117,-17.93,-474.62,-98.65,16.6
118,-10.42,-462.41,-131.83,3.47
119,-1.16,-447.38,-3.89,26.22
120,-20.11,-478.46,-238.27,-60.88
121,-16.38,-466.67,-97.78,60.15
122,-12.09,-436.78,-5.02,31.16
123,-20.27,-455.57,-167.11,25.62
124,-6.82,-481.64,-134.6,36.97
125,-15.02,-463.38,-111.59,9.45
126,-15.59,-459.96,-125.79,19.11
127,-8.05,-471.15,-118.82,9.18
128,-16.54,-460.71,-122.06,7.25
129,-7.89,-445.82,-130.18,5.09
130,-21.81,-467.16,-115.22,25.29
131,-14.92,-475.26,-99.31,37.15
132,-7.86,-455.27,-127.7,15.74
133,-13.52,-459.96,-115.25,0.56
134,-8.22,-460.8,-100.96,14.91
135,-6.32,-459.47,-142.65,13.26
136,-9.13,-464.01,-127.73,15.89
137,-10.81,-463.36,-126.16,14.27
138,-15.11,-459.83,-125.94,15.87
139,-13.35,-445.28,-121.09,11.6
140,-5.42,-453.31,-129.67,13.25
141,-9.13,-465.86,-129.02,9.69
142,-17.79,-460.34,-126.39,11.25
143,-11.34,-466.72,-126.67,12.71
144,-17.87,-463.46,-127.3,10.16
145,-12.35,-456.59,-127.61,10.18
146,-12.55,-464.62,-130.15,7.81
147,-24.49,-469.23,-121.92,10.92
148,-20.14,-459.17,-127.25,-1.79
149,-8.81,-456.74,-122.52,1.31
150,-23.74,-470.16,-128.03,0.91
151,-33.64,-467.86,-121.57,7.96
152,6.94,-453.36,-124.83,3.74
153,0.04,-462.48,-120.82,4.25
154,-4.92,-460.53,-125.3,3.04
155,-7.41,-455.21,-123.32,2.55
156,-8.1,-453.82,-124.91,-0.23
157,-11.85,-462.77,-126.58,3.07
158,-63.98,-461.92,-127.32,1.98
159,-25.72,-451.03,-126.17,3.1
160,20.38,-452.51,-130.58,-2.72
161,1.11,-465.56,-124.93,1.06
162,-15.46,-458.15,-125.13,6.66
163,-30.88,-444.99,-124.7,3.31
164,-22.59,-460.39,-127.21,0.96
165,2.72,-459.39,-128.07,-3.8
166,-21.23,-461.5,-123.99,2.33
167,-80.23,-461.52,-124.77,-3.49
168,-2.69,-448.54,-123.5,-0.92
169,32.01,-399.07,-125.1,-0.59
170,-20.06,-440.64,-120.99,5.87
171,-33.32,-480.38,-132.97,-3.0
172,-44.96,-439.2,-120.2,5.12
173,-58.15,-472.79,-125.59,4.03
174,-12.14,-433.68,-125.67,1.29
175,-41.01,-494.04,-122.81,5.96
176,23.67,-455.54,-129.28,-0.27
177,-16.03,-448.23,-127.64,0.7
178,-13.21,-416.62,-122.11,1.07
179,-58.6,-418.92,-127.31,-1.07
180,-106.54,-413.51,-124.28,0.88
181,41.52,-416.45,-132.97,-2.08
182,51.21,-310.25,-133.04,-0.13
183,-85.22,-453.41,-130.92,2.88
184,-78.02,-552.53,-124.66,6.04
185,77.46,-488.18,-136.81,-6.75
186,-55.12,-388.48,-126.87,-3.03
187,-148.36,-433.45,-129.83,-1.07
188,-131.26,-329.5,-131.57,1.1
189,146.29,-413.32,-142.78,-3.62
190,44.59,-419.08,-131.82,7.48
191,-99.43,-415.12,-134.22,1.09
192,55.91,-461.36,-131.37,4.45
193,84.48,-471.23,-124.09,8.12
194,15.11,-511.09,-121.4,7.0
195,-2.29,-467.78,-122.54,-2.72
196,2.92,-466.17,-131.51,8.02
197,36.05,-416.51,-133.79,6.11
198,-56.93,-440.76,-113.06,20.98
199,-147.15,-432.91,-120.27,22.34
200,-24.1,-516.83,-146.95,-6.05
201,-56.38,-351.1,-132.08,11.04
202,-1.19,-348.83,-116.62,24.31
203,42.02,-495.13,-128.88,8.92
204,-2.56,-399.53,-124.49,17.1
205,51.37,-394.87,-129.19,16.01
206,-19.04,-442.41,-121.16,13.14
207,-25.17,-429.89,-125.17,11.37
208,-122.72,-519.23,-116.61,21.38
209,97.74,-374.42,-134.31,15.89
210,-7.7,-420.85,-123.64,21.31
211,-5.73,-357.48,-121.17,29.69
212,-12.43,-542.21,-133.78,16.17
213,-3.42,-291.5,-117.91,23.52
214,82.24,-288.16,-129.91,23.37
215,-42.92,-544.86,-127.81,20.86
216,-13.19,-416.67,-112.03,30.85
217,13.5,-503.42,-129.38,26.27
218,42.49,-423.94,-152.01,6.72
219,-35.41,-414.76,-148.5,24.23
220,-44.75,-550.72,-112.68,50.42
221,60.14,-314.36,-122.46,30.06
222,-38.36,-368.86,-118.54,34.13
223,-61.0,-535.88,-122.77,17.75
224,-30.18,-356.52,-116.24,29.02
225,110.55,-333.81,-133.51,23.07
226,-32.99,-464.53,-144.62,20.2
227,-33.14,-448.08,-123.23,28.55
228,-39.92,-497.4,-123.64,29.07
229,-65.15,-421.17,-119.01,33.48
230,-131.72,-340.72,-135.09,30.42
231,-21.48,-377.67,-123.84,27.48
232,88.72,-404.77,-118.06,26.2
233,69.91,-366.38,-138.19,19.83
234,56.38,-451.13,-135.47,44.51
235,50.06,-442.03,-124.46,38.35
236,-62.26,-338.48,-136.77,30.21
237,-8.05,-429.7,-125.72,42.8
238,2.2,-460.59,-123.74,41.94
239,11.58,-371.71,-115.61,51.07
240,81.68,-339.26,-119.65,37.76
241,78.49,-344.32,-123.13,52.46
242,56.27,-391.74,-115.52,52.11
243,-52.87,-498.2,-125.77,45.68
244,-29.24,-436.38,-131.66,41.92
245,-25.66,-476.14,-125.48,35.32
246,-105.64,-485.38,-137.94,36.74
247,67.89,-348.28,-122.88,49.79
248,74.45,-122.34,-126.92,46.06
249,-7.01,-495.92,-121.92,44.59
250,-66.67,-586.23,-110.98,48.85
251,54.83,-352.72,-123.25,47.36
252,32.48,-378.58,-124.36,37.43
253,-95.31,-404.37,-107.41,55.68
254,24.2,-387.9,-132.23,27.52
255,-29.28,-539.56,-128.57,33.23
256,33.55,-353.64,-122.87,39.19
257,114.8,-317.71,-126.33,41.56
258,-72.86,-391.74,-117.4,43.41
259,-17.44,-468.64,-109.75,50.82
260,74.95,-432.92,-132.07,34.45
261,1.78,-458.47,-124.25,38.46
262,-5.55,-369.55,-120.53,46.96
263,8.61,-506.42,-130.6,43.55
264,39.51,-382.47,-115.51,53.62
265,2.53,-433.05,-123.06,45.72
266,-23.7,-460.75,-117.31,44.08
267,-68.9,-443.45,-109.6,38.24
268,9.53,-413.17,-111.92,47.73
269,-43.49,-311.64,-106.9,51.89
270,95.09,-501.87,-134.3,39.85
271,-51.28,-493.39,-115.53,51.17
272,87.95,-322.9,-122.6,52.84
273,-6.64,-528.55,-119.78,38.67
274,11.31,-387.91,-130.86,37.09
275,27.7,-373.39,-107.23,45.62
276,41.36,-445.88,-106.74,53.5
277,46.2,-435.95,-112.8,47.9
278,-0.68,-354.66,-113.4,45.59
279,0.48,-261.04,-128.3,39.17
280,37.89,-518.67,-113.5,51.19
281,30.99,-463.77,-121.02,48.1
282,-8.42,-392.44,-107.31,47.0
283,-76.63,-566.53,-126.66,39.39
284,-33.32,-595.95,-129.47,34.81
285,-3.56,-358.33,-116.38,48.08
286,-24.89,-299.91,-119.91,47.83
287,2.42,-487.3,-118.67,47.73
288,-27.5,-463.68,-117.67,46.07
289,66.89,-522.78,-127.04,40.0
290,52.14,-401.48,-121.66,39.29
291,41.02,-318.92,-111.88,48.85
292,2.41,-482.24,-121.5,44.28
293,50.32,-374.02,-108.98,54.47
294,-26.06,-435.11,-121.09,42.51
295,45.03,-447.77,-119.9,38.63
296,-6.79,-451.69,-114.81,47.89
297,30.67,-437.5,-116.93,49.87
298,-9.87,-425.85,-114.65,38.74
299,-5.82,-512.57,-120.94,42.47
300,-116.56,-479.97,-98.02,51.68
301,51.24,-473.22,-130.99,35.27
302,19.93,-555.52,-134.8,41.18
303,11.96,-424.89,-116.25,44.87
304,17.59,-262.07,-119.59,37.68
305,-56.3,-176.5,-114.99,46.82
306,56.24,-614.37,-126.02,35.33
307,40.47,-478.6,-110.29,53.22
308,-77.88,-511.75,-115.02,50.64
309,63.82,-397.13,-120.55,39.38
310,62.38,-404.14,-118.14,39.4
311,-8.75,-469.75,-122.43,39.7
312,-33.81,-490.46,-111.53,37.34
313,42.73,-457.51,-103.98,52.08
314,-37.95,-509.9,-116.61,39.94
315,-10.37,-470.28,-126.09,33.44
316,37.57,-403.95,-106.77,48.1
317,-15.42,-513.24,-102.44,40.01
318,-45.31,-501.14,-131.46,26.0
319,-26.3,-354.98,-108.96,33.83
320,-24.21,-430.44,-121.01,44.27
321,19.83,-260.02,-121.66,31.36
322,20.43,-544.16,-123.41,36.44
323,9.32,-502.31,-111.73,48.6
324,19.91,-463.28,-113.55,47.66
325,-15.98,-468.1,-106.72,43.78
326,-37.14,-452.94,-112.72,43.03
327,14.05,-494.81,-114.23,44.97
328,44.64,-426.56,-116.26,41.64
329,-1.65,-463.78,-114.98,43.22
330,-3.8,-414.82,-97.99,54.0
331,-1.99,-485.6,-112.32,45.33
332,19.28,-453.24,-112.71,40.33
333,-7.12,-477.46,-108.84,39.31
334,-0.2,-460.03,-109.6,46.15
335,-1.64,-397.29,-113.33,39.9
336,-29.69,-485.99,-116.37,38.22
337,-43.26,-388.93,-118.31,33.26
338,-51.15,-576.15,-125.65,34.55
339,54.53,-500.9,-122.58,39.77
340,20.78,-431.38,-122.06,35.98
341,0.52,-431.38,-106.77,41.63
342,-37.12,-477.44,-108.95,46.44
343,-1.35,-418.61,-126.35,29.43
344,73.63,-385.44,-120.77,34.07
345,11.34,-426.78,-123.49,37.3
346,-15.56,-487.46,-102.62,46.34
347,51.33,-444.11,-109.47,48.28
348,-66.52,-545.2,-106.09,44.74
349,-7.17,-433.13,-116.98,34.05
350,4.45,-473.25,-118.2,37.02
351,-34.44,-517.83,-116.24,43.7
352,6.29,-437.1,-100.59,47.29
353,13.39,-410.23,-108.95,38.53
354,1.92,-375.11,-114.92,36.73
355,-33.49,-528.19,-122.42,40.48
356,-62.83,-444.7,-89.94,54.17
357,24.18,-522.25,-128.15,31.09
358,-78.45,-565.21,-111.22,36.66
359,102.25,-248.85,-101.85,48.04
360,0.73,-517.05,-109.06,43.52
361,-14.88,-457.53,-107.97,42.05
362,-3.82,-417.21,-108.94,45.76
363,-50.14,-511.19,-110.12,38.23
364,40.14,-419.22,-114.96,49.12
365,67.21,-386.81,-105.72,60.36
366,-40.52,-514.37,-124.29,32.36
367,8.52,-437.66,-112.53,31.96
368,-40.9,-405.1,-122.53,28.2
369,-6.2,-429.0,-105.51,49.9
370,-71.34,-573.21,-88.39,36.91
371,-111.08,-676.95,-116.5,45.12
372,64.83,-351.96,-108.95,43.61
373,6.49,-397.7,-122.83,28.83
374,4.08,-502.96,-116.25,37.07
375,-61.41,-484.79,-116.48,36.51
376,-86.65,-392.6,-100.29,50.45
377,1.55,-345.22,-126.25,33.14
378,95.15,-473.68,-131.37,33.12
379,-49.86,-487.91,-99.01,52.99
380,53.04,-454.12,-116.76,39.35
381,-6.88,-377.93,-125.47,14.67
382,-22.77,-485.59,-90.56,41.69
383,13.47,-530.71,-98.44,40.13
384,48.04,-385.64,-45.23,38.91
385,-79.03,-525.67,-111.85,40.87
386,-210.64,-493.71,-143.72,38.65
387,-168.12,-196.54,-127.3,24.96
388,176.92,-500.66,-121.63,29.69
389,-347.83,-616.64,-106.5,47.72
390,-58.74,-503.38,-135.64,38.22
391,29.58,-318.37,-114.72,30.08
392,164.63,-491.12,-120.01,27.33
393,61.91,-471.23,-108.33,19.7
394,-16.58,-536.27,-112.94,44.73
395,60.89,-506.17,-131.16,18.6
396,6.88,-484.45,-112.56,0.01
397,21.41,-387.7,-78.18,46.97
398,9.83,-497.17,-108.75,39.64
399,5.28,-404.36,-122.94,23.89
400,23.56,-418.29,-115.77,42.95
401,1.33,-477.06,-100.03,25.35
402,11.86,-380.3,-127.12,36.06
403,-44.7,-508.36,-114.71,25.27
404,5.17,-433.67,-107.82,35.92
405,-27.01,-458.96,-113.5,40.73
406,-68.6,-389.57,-119.16,32.04
407,-165.14,-689.57,-109.63,32.96
408,50.25,-415.33,-133.04,35.71
409,-84.03,-473.97,-137.32,17.11
410,26.89,-372.77,-86.87,51.88
411,164.12,-387.15,-125.97,40.66
412,47.68,-389.07,-122.72,41.0
413,-114.39,-575.95,-95.34,34.95
414,33.29,-448.49,-122.81,21.09
415,44.33,-429.76,-111.99,41.66
416,4.79,-511.68,-111.88,37.83
417,40.24,-431.3,-62.31,53.82
418,-19.44,-430.11,-124.99,38.64
419,3.12,-397.74,-109.87,39.48
420,-17.53,-459.69,-151.58,10.16
421,-39.57,-601.44,-129.64,35.93
422,-5.75,-527.97,-116.49,41.86
423,-5.79,-340.37,-108.22,26.48
424,-143.0,-407.43,-79.38,54.94
425,68.14,-438.59,-138.3,25.52
426,21.73,-465.24,-121.08,37.69
427,-52.76,-565.19,-110.05,40.04
428,-2.9,-435.6,-109.01,37.71
429,29.31,-355.61,-113.42,33.19
430,-41.69,-464.86,-106.99,24.14
431,37.67,-479.88,-105.35,52.11
432,-11.99,-488.25,-111.83,36.83
433,16.09,-480.49,-115.78,34.36
434,7.09,-449.4,-95.78,44.79
435,31.91,-400.09,-120.71,32.72
436,6.55,-454.6,-101.19,39.42
437,1.08,-448.36,-95.95,45.24
438,-32.92,-487.41,-119.91,34.93
439,34.13,-429.75,-114.87,28.44
440,-27.69,-410.79,-112.76,34.3
441,-73.28,-552.12,-103.01,36.28
442,-77.44,-473.23,-103.36,33.27
443,32.79,-417.54,-120.13,18.28
444,8.71,-411.45,-111.97,42.58
445,-122.06,-289.32,-108.53,29.73
446,54.91,-571.28,-106.73,43.21
447,93.08,-452.33,-111.2,40.5
448,-5.2,-446.88,-103.03,43.05
449,-55.91,-516.33,-114.04,40.56
450,82.28,-450.7,-117.51,34.27
451,53.94,-380.47,-105.79,40.57
452,-32.58,-527.75,-106.6,37.56
453,-49.59,-495.74,-110.88,32.1
454,-51.24,-472.34,-119.17,22.9
455,13.5,-492.75,-97.84,51.99
456,120.63,-332.14,-106.37,30.97
457,-67.79,-519.59,-107.05,36.57
458,-60.9,-505.26,-109.63,32.91
459,-120.33,-438.53,-104.03,23.75
460,66.76,-255.33,-113.76,28.56
461,-167.64,-445.98,-90.03,54.89
462,-48.69,-501.8,-118.61,30.57
463,4.24,-571.91,-119.28,35.91
464,144.03,-486.82,-121.17,36.74
465,70.8,-426.05,-108.41,39.9
466,19.5,-488.42,-103.9,39.34
467,-45.61,-469.49,-97.43,41.03
468,93.38,-333.45,-101.48,37.92
469,-45.17,-616.37,-112.24,27.51
470,-43.76,-603.59,-113.22,24.63
471,18.7,-363.57,-94.96,42.79
472,-2.78,-348.39,-104.16,35.02
473,-36.88,-517.08,-94.89,25.7
474,51.84,-434.34,-119.2,28.59
475,-11.13,-482.22,-108.26,31.82
476,-147.17,-501.43,-101.24,34.24
477,-25.49,-423.92,-121.99,27.84
478,-14.43,-386.74,-92.87,40.9
479,92.48,-489.21,-111.34,31.71
480,-26.97,-554.07,-108.42,31.87
481,11.36,-482.65,-111.59,40.61
482,3.75,-472.01,-102.1,31.68
483,-126.42,-552.48,-109.25,40.32
484,103.09,-334.31,-103.93,34.27
485,43.11,-360.86,-108.87,27.41
486,-24.24,-530.97,-105.09,29.92
487,-17.66,-445.11,-107.93,34.48
488,-19.45,-494.36,-100.51,35.8
489,12.89,-519.49,-110.66,22.85
490,-45.24,-414.13,-101.53,39.84
491,21.2,-485.13,-109.65,30.87
492,-27.85,-440.29,-96.65,32.06
493,36.35,-389.14,-107.76,26.98
494,-67.76,-559.36,-102.38,39.76
495,6.65,-434.78,-114.77,29.54
496,-25.31,-451.12,-107.58,33.14
497,14.85,-426.02,-103.0,29.55
498,-8.51,-486.33,-114.07,16.19
499,-77.29,-490.56,-97.01,51.76
500,5.58,-393.56,-107.08,38.67
501,33.8,-401.64,-97.52,52.33
502,-43.24,-583.46,-124.85,29.05
503,6.18,-494.34,-107.78,37.44
504,-69.66,-441.15,-104.33,46.49
505,61.9,-447.17,-88.66,46.0
506,19.19,-408.98,-109.2,35.56
507,4.52,-478.21,-102.32,40.32
508,-18.04,-462.44,-112.41,32.86
509,-17.17,-540.5,-101.4,45.35
510,-47.26,-545.27,-83.09,46.86
511,-21.37,-448.57,-104.39,43.58
512,-15.2,-429.21,-109.09,35.02
513,0.83,-329.4,-106.68,31.46
514,30.53,-384.23,-98.57,43.95
515,-58.1,-541.5,-114.14,34.36
516,-62.01,-362.7,-103.97,30.72
517,59.42,-439.57,-110.58,32.49
518,2.69,-456.23,-105.45,35.29
519,-17.68,-567.14,-93.21,42.7
520,-19.32,-567.19,-112.23,33.26
521,-27.29,-567.69,-102.13,33.05
522,-8.31,-475.57,-106.86,34.44
523,-5.19,-380.86,-98.7,42.37
524,3.17,-410.15,-91.52,32.37
525,-18.44,-504.01,-99.0,34.46
526,-34.31,-381.56,-97.32,37.31
527,-14.26,-461.19,-112.54,29.76
528,6.39,-484.16,-110.39,25.24
529,-46.77,-467.68,-92.0,43.78
530,0.88,-405.15,-105.49,25.96
531,-19.53,-457.36,-104.32,24.17
532,-64.54,-462.2,-103.27,22.56
533,-54.1,-524.98,-95.6,48.57
534,5.73,-499.91,-113.64,33.17
535,-12.64,-522.69,-93.31,44.52
536,34.53,-309.67,-100.99,38.49
537,5.59,-537.94,-112.07,33.05
538,-22.82,-344.47,-101.48,44.83
539,5.28,-484.51,-110.83,33.21
540,-14.25,-476.32,-111.82,25.0
541,29.41,-487.18,-113.18,42.09
542,24.97,-428.17,-90.85,49.34
543,-82.73,-577.55,-108.75,27.78
544,-23.42,-454.2,-102.59,28.25
545,-45.48,-428.28,-104.96,27.66
546,27.64,-450.21,-112.63,23.5
547,10.69,-319.31,-96.32,43.47
548,-66.6,-499.53,-111.16,13.2
549,-79.82,-549.43,-97.89,38.14
550,57.01,-480.25,-98.38,22.13
551,20.49,-489.64,-109.09,31.87
552,-15.85,-549.46,-96.44,41.88
553,-33.91,-431.6,-98.25,34.87
554,-22.45,-229.24,-95.2,30.95
555,5.91,-517.28,-114.42,19.03
556,-29.98,-608.73,-107.22,16.29
557,-52.91,-416.94,-98.25,31.98
558,10.73,-444.24,-100.15,40.13
559,45.58,-290.62,-105.5,30.19
560,-58.49,-670.12,-111.53,32.23
561,23.98,-466.36,-104.45,31.27
562,11.0,-424.55,-91.41,36.89
563,-85.99,-586.37,-110.37,23.99
564,-20.27,-440.4,-112.76,16.19
565,-5.39,-437.26,-102.81,29.25
566,-0.4,-458.97,-94.18,39.78
567,-28.07,-392.01,-102.12,33.45
568,-44.71,-466.07,-104.96,32.01
569,-11.3,-402.61,-94.91,26.11
570,-10.48,-556.01,-109.94,39.74
571,6.13,-547.12,-103.99,33.17
572,7.57,-305.93,-90.71,39.27
573,-55.61,-540.57,-99.34,42.54
574,8.73,-493.92,-112.0,10.03
575,-46.43,-534.73,-100.25,32.77
576,0.56,-483.77,-101.47,35.43
577,12.02,-395.59,-115.04,17.03
578,-29.92,-435.71,-110.83,24.29
579,24.48,-216.84,-99.48,39.1
580,-51.82,-608.05,-102.95,32.87
581,-35.49,-576.55,-104.54,23.26
582,-11.14,-383.33,-108.58,20.5
583,11.43,-473.28,-95.97,27.53
584,-85.7,-561.93,-95.32,33.46
585,-3.05,-512.86,-103.28,23.58
586,-7.82,-499.46,-100.95,28.36
587,-31.85,-413.15,-107.24,35.88
588,26.96,-468.42,-105.15,29.72
589,20.42,-483.58,-100.51,28.6
590,-27.04,-496.7,-105.85,23.56
591,-19.28,-394.64,-100.46,42.77
592,-7.81,-408.26,-112.29,28.33
593,-61.79,-611.6,-98.79,37.85
594,-71.77,-502.71,-109.46,35.85
595,14.41,-393.41,-107.2,29.26
596,40.75,-371.66,-96.36,28.93
597,-74.31,-461.09,-99.04,31.67
598,28.21,-537.14,-112.46,37.52
599,-41.67,-332.57,-105.71,27.39
600,9.53,-494.94,-100.99,27.4
601,-7.92,-502.81,-109.98,27.91
602,-19.24,-582.75,-95.1,34.5
603,-10.12,-477.72,-113.85,30.23
604,-12.89,-489.49,-107.41,26.33
605,-3.92,-469.56,-114.57,22.74
606,5.6,-400.78,-98.5,34.42
607,-34.29,-409.53,-102.48,32.08
608,-38.72,-350.58,-107.41,18.59
609,2.83,-442.82,-109.68,30.27
610,-0.32,-604.92,-110.48,21.07
611,-61.9,-504.28,-97.23,35.15
612,-37.62,-523.36,-115.45,33.66
613,-26.01,-453.95,-98.53,26.24
614,-22.37,-412.7,-115.04,32.7
615,-41.92,-585.46,-99.72,40.48
616,14.74,-478.68,-115.59,17.8
617,20.55,-324.72,-106.94,23.06
618,58.74,-292.92,-109.24,29.66
619,-23.93,-609.02,-97.93,41.69
620,-57.32,-581.86,-112.7,17.95
621,-26.01,-372.92,-108.17,22.76
622,-13.04,-550.57,-105.52,25.99
623,46.81,-382.62,-94.77,41.75
624,-94.35,-566.0,-96.22,31.04
625,-35.49,-501.04,-113.96,16.8
626,61.97,-298.94,-105.01,34.11
627,-27.51,-506.41,-100.62,46.27
628,-65.44,-529.36,-97.17,25.09
629,-99.16,-435.23,-93.14,45.8
630,-23.97,-430.63,-115.39,21.94
631,-25.79,-487.06,-110.03,36.24
632,-49.84,-605.77,-106.04,35.76
633,-3.99,-501.05,-110.36,28.18
634,96.13,-355.37,-94.79,41.3
635,14.31,-441.91,-109.59,29.67
636,-49.65,-561.43,-107.3,27.05
637,2.43,-419.29,-109.11,31.36
638,15.5,-461.22,-102.73,40.06
639,3.86,-493.82,-104.8,40.52
640,-55.13,-548.96,-107.33,37.93
641,-20.97,-381.14,-116.73,30.27
642,-32.44,-485.64,-120.28,38.17
643,41.01,-384.19,-103.5,43.8
644,-19.09,-518.38,-97.17,49.66
645,-89.83,-524.79,-107.1,29.79
646,-45.96,-401.56,-104.38,41.0
647,-8.92,-500.44,-101.97,29.56
648,8.64,-340.71,-99.18,38.59
649,15.29,-545.95,-109.05,30.94
650,-13.39,-509.32,-113.11,28.51
651,-99.82,-501.36,-99.33,38.6
652,40.0,-408.63,-97.68,52.45
653,5.12,-522.39,-116.39,25.53
654,-49.17,-549.5,-121.05,8.34
655,24.91,-416.06,-106.01,30.04
656,0.97,-410.1,-109.58,42.75
657,-28.94,-392.11,-100.45,42.7
658,26.77,-361.22,-111.35,34.33
659,19.59,-518.47,-112.63,35.79
660,7.69,-469.34,-96.83,45.88
661,-27.96,-468.65,-114.51,28.83
662,-74.39,-573.84,-108.41,27.36
663,-17.07,-485.11,-109.2,42.85
664,-16.35,-472.28,-114.69,26.67
665,-46.49,-518.03,-104.95,27.22
666,-0.62,-485.56,-111.16,19.61
667,-75.49,-430.85,-93.56,36.32
668,-19.71,-435.01,-104.78,31.55
669,21.79,-497.02,-120.51,21.73
670,15.11,-413.1,-106.39,41.06
671,40.52,-318.59,-108.32,21.73
672,-27.79,-535.75,-98.18,33.22
673,-33.58,-501.51,-104.98,39.35
674,-21.42,-497.72,-106.81,32.79
675,-2.19,-433.19,-103.09,24.67
676,-9.5,-517.02,-106.31,18.72
677,1.45,-314.93,-120.09,35.63
678,36.24,-418.94,-100.44,45.73
679,-38.08,-562.15,-107.93,36.76
680,-58.39,-487.29,-104.56,35.1
681,-16.5,-506.19,-110.32,32.09
682,-41.05,-502.25,-98.49,43.56
683,-32.02,-448.37,-111.69,33.22
684,-20.74,-434.05,-105.78,41.91
685,-40.59,-442.33,-113.1,27.4
686,15.43,-363.88,-108.7,29.98
687,89.88,-433.81,-106.85,38.79
688,-89.54,-519.56,-102.12,36.28
689,-73.41,-461.38,-99.4,33.09
690,0.06,-577.52,-115.68,20.52
691,-19.34,-554.95,-106.56,32.29
692,45.92,-354.6,-97.9,31.62
693,-0.24,-470.33,-102.9,38.89
694,-37.74,-488.32,-101.58,34.18
695,5.88,-470.29,-97.92,27.18
696,-6.78,-457.3,-113.94,27.44
697,-24.84,-507.19,-119.91,16.94
698,-37.58,-512.81,-123.7,15.66
699,-53.01,-385.87,-104.02,23.88
700,15.74,-425.05,-107.87,22.99
701,-6.51,-489.05,-104.67,17.32
702,-72.61,-546.47,-87.64,20.02
703,-1.25,-420.46,-106.41,36.08
704,-21.78,-532.51,-114.9,28.26
705,26.87,-355.47,-114.19,22.13
706,-23.89,-487.84,-104.04,23.4
707,-14.59,-516.6,-109.53,36.16
708,9.64,-452.73,-104.18,22.87
709,-66.03,-542.21,-107.44,32.18
710,0.26,-404.54,-110.68,16.35
711,56.51,-269.17,-104.09,24.66
712,-56.69,-617.87,-103.07,37.06
713,-28.65,-527.97,-117.01,20.07
714,-2.22,-416.85,-98.96,19.7
715,8.54,-444.35,-92.45,32.97
716,-50.77,-440.95,-93.94,39.09
717,-24.93,-381.79,-107.25,19.94
718,17.74,-572.65,-112.83,18.28
719,-32.64,-503.59,-101.14,18.78
720,-8.95,-459.19,-103.09,24.23
721,1.54,-379.3,-101.11,25.98
722,-4.99,-465.43,-109.42,16.73
723,5.56,-511.31,-104.49,36.83
724,-25.53,-415.7,-101.47,30.93
725,-2.52,-480.8,-109.2,23.8
726,-12.73,-427.43,-104.83,26.5
727,-18.75,-420.44,-105.57,25.89
728,-114.55,-468.49,-98.49,31.52
729,66.97,-475.31,-119.91,23.58
730,1.89,-445.43,-107.7,21.24
731,-21.47,-580.05,-99.95,34.85
732,4.31,-363.96,-104.02,32.55
733,-21.48,-538.87,-103.05,31.01
734,38.67,-410.26,-95.97,43.62
735,37.65,-366.47,-98.18,40.38
736,-42.53,-515.02,-108.38,15.48
737,-79.81,-491.06,-99.01,22.73
738,-14.69,-445.41,-93.93,34.09
739,4.16,-437.54,-106.16,27.75
740,9.43,-531.9,-109.68,25.09
741,-96.94,-402.19,-107.11,8.37
742,-30.64,-422.65,-96.06,35.9
743,-115.53,-510.01,-112.39,15.07
744,-10.18,-437.56,-96.36,40.41
745,122.0,-399.75,-101.35,45.12
746,-43.8,-285.28,-101.44,27.21
747,-24.48,-439.78,-98.18,29.17
748,-19.63,-428.97,-90.74,47.11
749,-28.73,-677.8,-99.38,38.02
750,50.64,-454.3,-109.07,26.23
751,29.23,-500.06,-100.75,26.14
752,-9.78,-512.91,-100.2,27.43
753,-8.3,-469.88,-104.12,26.68
754,26.75,-472.46,-94.02,31.37
755,-7.57,-427.0,-89.19,42.29
756,-59.71,-550.28,-99.64,30.9
757,-29.66,-548.82,-111.0,19.78
758,25.01,-451.44,-98.07,37.7
759,-33.61,-504.96,-94.05,32.51
760,-58.39,-207.04,-110.28,19.45
761,7.07,-504.1,-107.4,31.33
762,13.38,-462.85,-102.03,35.88
763,21.92,-458.81,-104.52,41.15
764,2.4,-500.64,-96.21,34.49
765,-30.91,-516.99,-100.61,34.63
766,-62.89,-424.73,-106.76,15.01
767,46.13,-479.91,-109.45,9.39
768,-8.16,-555.29,-101.0,53.54
769,-40.84,-485.15,-103.59,39.78
770,-94.28,-442.15,-103.9,39.35
771,79.2,-372.96,-97.09,45.7
772,-18.43,-546.76,-94.16,44.96
773,-66.25,-424.52,-118.97,27.31
774,32.58,-459.67,-118.64,18.7
775,-1.29,-363.12,-104.79,34.03
776,-21.84,-456.59,-104.44,41.65
777,-39.14,-648.04,-106.06,40.41
778,-22.85,-405.01,-90.83,47.99
779,25.4,-466.37,-111.45,35.87
780,4.06,-446.42,-102.8,32.13
781,-4.2,-453.86,-96.62,43.69
782,-29.86,-541.79,-101.67,39.25
783,-2.61,-399.45,-111.32,36.86
784,-15.11,-490.27,-94.66,41.67
785,30.1,-359.32,-84.43,50.39
786,-87.7,-641.43,-120.72,25.6
787,16.12,-410.7,-113.35,27.2
788,5.86,-463.99,-107.34,21.4
789,-1.53,-298.09,-109.17,33.17
790,-31.11,-614.75,-96.44,54.06
791,25.72,-433.7,-103.26,40.64
792,-39.7,-435.02,-103.04,27.85
793,-34.95,-531.28,-96.35,23.28
794,-23.66,-485.97,-106.88,42.34
795,-6.63,-418.2,-99.2,35.28
796,-32.11,-478.66,-97.17,30.38
797,-45.53,-418.36,-102.36,33.2
798,22.04,-602.15,-96.37,42.02
799,10.37,-320.8,-88.72,47.98
800,-114.66,-524.6,-114.33,33.1
801,87.14,-376.36,-113.54,28.81
802,4.69,-443.34,-92.58,42.92
803,16.98,-558.04,-95.9,51.35
804,-38.29,-456.6,-107.13,30.65
805,-9.88,-531.36,-101.95,30.5
806,14.93,-460.11,-101.46,37.01
807,-10.28,-476.5,-99.96,34.51
808,33.98,-438.77,-88.62,38.72
809,-40.83,-439.69,-101.13,29.81
810,-25.91,-482.89,-113.78,24.19
811,-40.96,-486.19,-113.49,19.55
812,-24.69,-417.66,-105.97,29.27
813,-10.52,-487.69,-104.77,33.42
814,-86.13,-599.98,-88.47,48.56
815,-47.47,-300.99,-104.05,32.58
816,17.78,-501.64,-90.4,38.17
817,52.04,-504.52,-88.72,47.92
818,-27.31,-443.28,-105.75,28.81
819,44.56,-378.84,-104.1,29.59
820,37.25,-461.23,-106.62,32.56
821,-34.08,-559.67,-99.19,37.07
822,-46.25,-522.53,-105.49,34.24
823,-22.87,-501.59,-103.22,36.84
824,-11.2,-463.39,-95.58,33.09
825,-22.39,-502.61,-99.14,37.49
826,-147.03,-479.74,-100.67,30.28
827,-21.52,-366.66,-102.46,34.03
828,120.87,-442.77,-117.49,31.84
829,43.62,-475.44,-108.58,31.32
830,-53.42,-419.53,-99.8,44.1
831,19.23,-488.09,-101.36,44.46
832,-11.74,-472.59,-113.49,28.84
833,-17.82,-515.29,-103.51,33.13
834,-100.36,-521.33,-102.91,30.69
835,-197.7,-496.25,-87.45,50.52
836,114.39,-565.64,-122.95,20.27
837,56.49,-320.83,-116.22,30.46
838,54.9,-207.58,-112.7,20.03
839,0.35,-618.23,-104.84,42.59
840,1.1,-457.24,-96.16,36.54
841,11.4,-419.59,-102.23,36.87
842,-46.12,-531.98,-104.91,15.95
843,-29.75,-528.92,-107.96,31.2
844,-27.09,-399.7,-108.82,33.31
845,-4.24,-493.17,-106.52,24.31
846,0.95,-472.57,-105.77,28.23
847,-55.61,-531.03,-103.78,47.27
848,62.05,-372.72,-100.89,28.5
849,-64.01,-576.48,-115.26,23.36
850,8.02,-292.03,-111.01,33.84
851,-76.95,-559.71,-94.96,23.29
852,3.22,-493.83,-107.62,40.03
853,13.85,-466.08,-108.02,28.97
854,-49.9,-502.75,-99.03,28.13
855,-163.04,-475.98,-82.02,43.15
856,116.3,-269.47,-122.72,25.61
857,35.59,-549.38,-111.55,20.64
858,-10.95,-446.01,-113.18,12.9
859,81.9,-399.95,-93.08,54.85
860,-87.06,-464.03,-105.77,32.11
861,-22.23,-559.87,-105.22,22.1
862,1.71,-504.25,-107.13,23.55
863,-11.11,-508.63,-106.39,16.33
864,-34.01,-538.13,-105.38,33.85
865,-12.96,-465.1,-104.6,43.48
866,-12.22,-442.71,-99.86,38.06
867,-4.31,-500.92,-99.57,31.84
868,-30.4,-511.63,-101.72,32.45
869,-20.3,-471.51,-104.37,20.32
870,-4.21,-404.69,-104.03,20.84
871,-20.01,-422.89,-101.89,28.18
872,-87.08,-418.23,-99.39,34.98
873,-23.11,-567.7,-104.17,33.8
874,-4.72,-406.38,-121.35,16.58
875,50.07,-412.04,-107.22,31.98
876,17.05,-508.66,-109.25,30.59
877,71.7,-401.78,-106.48,38.11
878,-17.74,-509.8,-113.24,15.97
879,-64.8,-514.98,-116.93,26.15
880,31.18,-407.64,-117.37,28.25
881,11.79,-404.01,-106.13,38.43
882,70.8,-322.08,-107.07,29.84
883,-80.51,-614.74,-149.26,16.9
884,-5.97,-494.25,-141.41,19.57
885,-22.67,-505.23,-94.58,19.55
886,-74.25,-474.57,-125.45,15.4
887,-12.7,-374.09,-131.24,23.54
888,-39.55,-283.83,-117.19,31.39
889,-26.67,-580.48,-87.38,35.59
890,13.96,-415.3,-89.77,24.0
891,51.63,-424.08,-98.55,36.71
892,40.98,-421.85,-136.02,18.24
893,-43.35,-592.32,-107.68,30.77
894,28.57,-452.58,-88.87,37.41
895,-43.71,-534.41,-101.37,31.85
896,-9.46,-523.14,-103.11,28.34
897,-18.65,-445.87,-103.37,25.41
898,-13.4,-380.7,-106.07,15.98
899,1.23,-431.15,-107.62,22.39
900,-16.57,-530.95,-110.15,29.33
901,-32.3,-466.74,-113.6,22.89
902,-31.93,-484.47,-117.49,25.28
903,-37.68,-570.53,-106.4,39.54
904,-20.2,-467.39,-108.48,29.46
905,-29.42,-395.37,-102.32,27.78
906,13.53,-469.48,-107.08,23.88
907,-45.07,-398.45,-107.97,22.68
908,-117.95,-591.44,-89.3,41.36
909,60.44,-353.17,-123.33,12.59
910,37.13,-382.9,-110.92,24.16
911,25.98,-482.39,-110.15,39.65
912,-15.2,-501.76,-101.62,31.49
913,-42.14,-544.32,-110.93,35.24
914,-27.95,-497.89,-113.89,29.62
915,25.87,-418.54,-100.38,37.06
916,-17.09,-505.89,-116.13,19.94
917,-39.68,-506.19,-116.57,20.62
918,14.55,-308.72,-108.45,38.84
919,-25.55,-400.95,-114.84,21.6
920,-26.74,-571.21,-104.55,34.29
921,-32.23,-458.35,-114.21,32.36
922,-18.91,-520.29,-106.47,30.3
923,-43.55,-523.43,-99.69,12.18
924,-113.22,-544.19,-102.81,44.49
925,-20.29,-401.64,-107.07,38.29
926,78.42,-270.93,-122.06,25.88
927,20.59,-484.13,-115.1,27.82
928,-7.86,-545.8,-114.43,32.58
929,-22.24,-506.72,-104.04,37.73
930,-13.2,-482.82,-110.4,34.86
931,-30.13,-481.79,-106.11,35.22
932,-32.99,-484.87,-101.96,32.56
933,-39.19,-473.86,-91.89,20.31
934,0.95,-414.36,-80.68,40.43
935,53.32,-348.36,-122.29,18.6
936,-23.4,-398.05,-108.23,29.91
937,-17.55,-440.08,-106.34,29.1
938,-70.51,-575.99,-102.38,22.35
939,-4.01,-550.26,-105.77,22.64
940,-19.53,-478.57,-102.09,24.46
941,16.32,-382.74,-95.53,28.55
942,-85.69,-475.58,-100.66,29.52
943,-14.36,-536.15,-111.86,19.93
944,-11.59,-530.13,-106.47,26.52
945,-16.72,-485.56,-106.29,28.07
946,-1.28,-451.36,-106.34,25.52
947,-9.65,-457.98,-106.22,28.25
948,-16.12,-394.49,-107.01,29.37
949,-64.76,-542.64,-98.68,26.69
950,-15.91,-195.63,-95.08,43.06
951,54.85,-563.03,-114.67,25.21
952,-22.11,-495.21,-105.7,31.68
953,1.69,-509.72,-105.45,36.77
954,-33.49,-521.64,-105.86,22.05
955,-27.95,-496.4,-104.97,29.15
956,-30.58,-496.06,-103.56,38.04
957,-20.44,-486.99,-101.69,33.78
958,-17.68,-468.9,-95.54,35.2
959,-49.27,-484.76,-95.42,35.99
960,41.8,-367.54,-98.76,34.15
961,-59.33,-478.42,-102.37,29.55
962,-0.57,-469.86,-117.54,21.54
963,-70.85,-542.87,-115.39,31.16
964,41.09,-432.04,-108.49,31.33
965,-7.23,-426.32,-104.2,25.99
966,-2.65,-388.31,-106.65,28.16
967,-23.39,-574.49,-108.17,26.47
968,-44.72,-559.02,-105.17,27.67
969,-51.51,-469.82,-90.26,33.4
970,-22.08,-455.1,-99.4,35.77
971,-1.53,-476.05,-115.02,19.63
972,-6.97,-484.66,-108.71,24.67
973,-7.43,-488.75,-109.9,22.4
974,-13.71,-485.84,-108.43,25.0
975,-35.74,-432.87,-94.84,26.51
976,60.9,-321.55,-98.09,25.71
977,-97.34,-556.13,-97.64,29.44
978,-30.97,-497.97,-107.85,21.77
979,38.57,-407.52,-114.23,30.07
980,5.08,-499.33,-112.54,33.85
981,7.7,-376.05,-106.27,29.77
982,-27.82,-497.67,-102.41,25.78
983,-49.09,-534.61,-100.18,27.46
984,-12.3,-492.17,-100.44,27.24
985,-29.95,-543.03,-106.63,26.52
986,-22.64,-430.14,-106.29,31.49
987,-7.1,-398.34,-102.68,28.17
988,-15.56,-453.09,-106.79,19.54
989,-31.02,-459.38,-105.23,29.19
990,-31.6,-493.5,-94.91,44.8
991,6.9,-488.59,-106.34,20.27
992,-34.06,-479.52,-103.72,33.17
993,1.39,-451.4,-102.71,32.12
994,-29.46,-489.69,-102.15,29.71
995,6.65,-487.9,-104.99,31.78
996,-21.25,-489.72,-107.46,28.89
997,-5.3,-477.09,-106.57,26.35
998,-15.31,-428.3,-101.79,31.68
999,6.8,-436.15,-101.38,32.76
1000,9.75,-421.37,-113.0,23.14
1001,-41.49,-614.43,-103.87,33.72
1002,-63.44,-554.63,-107.89,30.93
1003,-6.2,-446.74,-103.34,26.27
1004,-10.63,-366.48,-105.22,39.14
1005,3.64,-363.33,-101.33,32.17
1006,18.5,-428.43,-96.56,42.84
1007,-34.9,-572.15,-110.25,22.3
1008,-38.58,-419.65,-90.67,35.67
1009,-31.41,-522.18,-106.74,28.77
1010,-24.44,-502.84,-99.13,25.9
1011,-50.68,-525.14,-103.27,27.54
1012,10.93,-437.44,-100.89,28.11
1013,9.18,-436.1,-109.05,19.8
1014,5.04,-407.9,-105.79,32.22
1015,2.96,-428.98,-87.81,36.66
1016,-27.85,-516.05,-109.12,27.18
1017,-19.05,-474.01,-103.11,29.19
1018,6.89,-441.59,-104.29,29.45
1019,-49.22,-610.53,-105.74,26.98
1020,2.41,-452.69,-102.68,29.42
1021,-29.87,-397.87,-87.32,41.0
1022,-24.57,-464.91,-99.38,32.16
1023,-70.41,-471.35,-106.21,27.75
1024,-1.86,-603.31,-104.09,25.93
1025,-30.91,-487.84,-105.01,26.75
1026,67.57,-314.5,-103.85,30.26
1027,-89.16,-527.99,-108.9,22.39
1028,26.85,-393.75,-106.99,26.08
1029,5.64,-434.9,-106.83,26.71
1030,-4.58,-424.09,-97.41,32.09
1031,-47.78,-571.7,-94.76,34.99
1032,-2.13,-485.7,-116.44,37.57
1033,-47.09,-473.28,-92.17,34.47
1034,5.35,-517.82,-114.1,24.64
1035,11.34,-299.01,-110.16,24.45
1036,-10.44,-538.44,-104.74,35.55
1037,-20.59,-476.64,-101.94,25.84
1038,-20.26,-482.24,-108.15,17.55
1039,-47.37,-501.09,-96.86,47.78
1040,4.47,-460.74,-101.57,47.62
1041,-20.48,-496.07,-112.54,25.1
1042,39.76,-285.64,-111.91,30.96
1043,-36.61,-528.72,-107.01,39.51
1044,-12.83,-482.62,-110.78,36.85
1045,-18.81,-474.37,-110.94,26.26
1046,-34.17,-503.18,-106.15,28.0
1047,-49.35,-468.5,-98.01,42.51
1048,-3.28,-529.43,-103.06,29.68
1049,-46.76,-368.82,-106.14,29.12
1050,-11.47,-466.86,-105.96,32.37
1051,-30.92,-418.84,-127.06,16.81
1052,34.58,-432.04,-146.53,6.97
1053,5.61,-509.31,-111.1,15.35
1054,-41.89,-543.1,-74.94,53.97
1055,-25.75,-460.37,-106.04,22.99
1056,63.49,-320.16,-83.97,56.19
1057,-15.95,-475.11,-109.4,36.31
1058,32.39,-446.07,-108.23,31.02
1059,11.47,-380.99,-114.13,24.42
1060,-13.99,-475.18,-147.54,-1.06
1061,-63.51,-529.0,-169.81,-4.64
1062,-26.79,-488.46,-103.04,30.42
1063,-15.92,-453.39,-110.12,11.45
1064,-47.28,-452.99,-58.74,48.62
1065,-58.1,-543.17,-92.98,48.07
1066,1.44,-397.66,-83.89,35.02
1067,-73.84,-551.05,-97.77,20.51
1068,15.85,-341.48,-101.39,35.76
1069,3.08,-485.16,-97.62,36.38
1070,9.59,-465.28,-95.69,32.84
1071,8.27,-436.37,-94.09,24.88
1072,-49.21,-581.02,-92.37,36.32
1073,-2.09,-406.87,-104.94,27.23
1074,10.79,-415.65,-92.13,34.4
1075,-4.77,-365.9,-103.55,28.58
1076,-22.97,-500.28,-106.52,27.45
1077,-12.1,-468.11,-101.07,46.1
1078,-29.09,-544.97,-107.46,15.49
1079,4.0,-365.4,-90.4,32.05
1080,-62.64,-546.34,-107.9,4.76
1081,-20.4,-493.53,-104.66,19.66
1082,-43.86,-473.29,-100.84,19.47
1083,-46.88,-485.8,-103.95,18.18
1084,7.4,-438.57,-108.58,16.62
1085,19.89,-383.16,-101.96,12.3
1086,-69.47,-449.66,-98.23,28.13
1087,-76.41,-490.19,-103.43,20.87
1088,66.39,-473.17,-108.12,18.65
1089,30.21,-418.7,-107.95,21.9
1090,-19.66,-518.73,-111.76,19.04
1091,-15.47,-500.03,-96.43,24.78
1092,-11.78,-446.78,-107.6,19.4
1093,-34.84,-459.46,-110.97,16.97
1094,-32.55,-416.39,-102.04,35.06
1095,-55.13,-624.75,-107.8,11.72
1096,9.57,-266.91,-101.21,28.3
1097,-24.14,-530.03,-95.71,28.83
1098,-4.89,-466.05,-99.37,26.65
1099,-40.96,-462.17,-115.04,6.85
1100,-10.27,-472.97,-91.35,9.58
1101,-21.67,-490.34,-101.01,24.1
1102,-31.52,-451.81,-96.29,15.15
1103,-34.98,-542.18,-105.63,9.11
1104,-20.35,-427.22,-109.41,10.73
1105,-42.3,-456.78,-98.05,12.53
1106,-1.06,-455.55,-105.82,29.27
1107,4.33,-506.42,-90.96,27.55
1108,-6.39,-434.14,-104.37,24.58
1109,5.77,-445.15,-98.56,26.61
1110,-0.15,-438.6,-110.96,18.99
1111,-55.37,-460.8,-99.66,17.46
1112,-22.01,-563.0,-107.76,8.49
1113,22.81,-318.19,-100.62,29.87
1114,-40.79,-519.41,-109.92,21.27
1115,-27.45,-512.16,-97.4,30.39
1116,-27.61,-503.64,-104.55,21.56
1117,-12.38,-469.94,-103.25,19.75
1118,21.43,-363.65,-103.49,15.85
1119,-37.73,-469.51,-100.79,11.05
1120,-47.8,-508.84,-108.43,14.73
1121,-7.85,-494.9,-107.24,16.33
1122,-10.54,-427.98,-101.82,19.34
1123,12.13,-451.28,-105.93,17.84
1124,-13.32,-437.92,-110.64,14.46
1125,-46.65,-556.33,-106.46,8.11
1126,-39.35,-430.33,-96.14,37.84
1127,-35.77,-382.96,-101.24,26.98
1128,6.69,-546.82,-95.06,33.33
1129,-7.1,-467.53,-99.92,13.29
1130,-15.36,-352.84,-104.77,18.63
1131,-13.02,-571.93,-107.47,10.31
1132,-8.02,-476.72,-109.68,17.44
1133,-1.36,-462.08,-109.09,25.0
1134,-4.15,-452.83,-108.03,18.05
1135,-17.65,-468.3,-102.92,21.85
1136,-8.06,-457.55,-95.5,27.73
1137,-7.37,-477.24,-104.74,25.0
1138,-45.82,-416.7,-109.08,16.29
1139,-24.22,-456.41,-103.11,23.1
1140,-14.58,-526.98,-110.42,19.98
1141,-1.53,-383.71,-107.96,22.34
1142,-25.49,-555.76,-100.94,31.06
1143,-21.99,-510.45,-105.27,24.91
1144,-8.13,-488.48,-107.92,21.93
1145,8.8,-419.56,-107.9,28.28
1146,-10.84,-412.14,-106.57,26.77
1147,1.98,-458.59,-98.48,32.61
1148,-6.6,-427.15,-103.65,25.23
1149,-35.66,-486.15,-103.23,16.88
1150,-32.03,-487.85,-93.32,35.41
1151,-73.19,-525.14,-115.76,20.87
1152,5.73,-415.28,-110.27,11.47
1153,-21.24,-473.6,-111.61,21.81
1154,-10.16,-367.1,-100.79,22.22
1155,-80.57,-516.1,-97.7,26.63
1156,5.84,-463.1,-103.51,41.89
1157,40.94,-505.81,-118.48,17.94
1158,9.03,-475.3,-111.54,20.89
1159,-1.54,-424.85,-106.59,19.49
1160,3.11,-433.93,-102.68,37.11
1161,-9.84,-487.15,-99.96,30.47
1162,-1.87,-444.54,-109.58,24.72
1163,-9.96,-430.37,-113.65,21.1
1164,-29.69,-508.08,-110.58,22.34
1165,-13.92,-480.1,-106.31,28.48
1166,-26.65,-468.78,-106.17,27.73
1167,-64.61,-518.88,-104.79,24.64
1168,-24.91,-437.66,-98.72,22.67
1169,10.48,-410.08,-101.64,26.21
1170,34.42,-372.45,-102.48,22.35
1171,-45.62,-538.44,-104.88,23.97
1172,-17.16,-452.82,-89.23,41.1
1173,-38.98,-498.82,-100.1,21.23
1174,-49.31,-528.13,-105.44,13.81
1175,20.14,-394.54,-104.82,26.02
1176,33.15,-407.63,-108.83,24.95
1177,14.04,-459.89,-99.08,22.9
1178,-50.95,-540.42,-103.47,9.1
1179,-32.95,-523.14,-91.4,51.8
1180,22.82,-396.69,-103.15,21.9
1181,-22.13,-457.56,-109.67,20.46
1182,-21.02,-486.3,-105.43,18.34
1183,13.39,-421.81,-105.58,21.07
1184,-9.72,-463.79,-102.52,36.0
1185,-55.66,-388.2,-99.31,18.9
1186,-16.4,-440.42,-111.34,17.0
1187,-22.0,-576.63,-99.63,24.26
1188,0.8,-452.49,-97.52,27.89
1189,10.83,-473.13,-95.83,31.4
1190,-85.1,-469.24,-97.46,26.87
1191,13.44,-490.96,-106.52,22.21
1192,-32.89,-646.57,-102.78,25.53
1193,-24.14,-413.92,-103.16,25.6
1194,42.38,-392.39,-113.31,19.74
1195,-19.08,-500.23,-105.09,20.01
1196,2.21,-412.59,-98.81,22.57
1197,6.97,-413.94,-102.23,27.01
1198,-32.41,-468.93,-102.86,27.81
1199,15.28,-395.04,-94.04,28.77
1200,28.98,-432.6,-91.47,46.2
1201,-83.98,-447.16,-104.21,23.07
1202,4.21,-414.82,-107.99,18.62
1203,-16.03,-526.14,-100.53,24.67
1204,-35.3,-524.69,-96.02,29.8
1205,-24.25,-495.02,-99.81,33.36
1206,-26.17,-499.4,-106.67,22.37
1207,-26.21,-503.35,-102.67,27.49
1208,-69.58,-624.83,-104.08,21.3
1209,13.39,-267.16,-96.23,38.49
1210,-56.19,-435.8,-93.19,21.44
1211,10.86,-482.33,-102.63,24.51
1212,14.35,-414.32,-101.12,26.22
1213,-6.24,-473.04,-98.8,32.42
1214,-20.76,-497.88,-109.72,14.16
1215,-20.63,-490.25,-111.64,21.67
1216,-30.96,-435.17,-103.97,19.65
1217,-20.07,-422.84,-94.98,28.91
1218,-10.4,-481.11,-104.81,25.22
1219,-2.25,-466.31,-109.49,14.82
1220,-22.84,-463.85,-111.33,12.69
1221,-26.79,-349.91,-104.76,20.08
1222,-18.59,-533.41,-101.66,33.82
1223,-0.62,-458.09,-106.27,14.94
1224,-13.94,-473.79,-107.29,22.89
1225,-17.71,-449.46,-106.62,18.08
1226,-37.78,-518.36,-112.39,19.54
1227,-40.33,-487.09,-104.61,30.41
1228,0.04,-497.92,-99.89,22.82
1229,0.74,-420.75,-105.55,21.26
1230,-10.99,-500.75,-99.65,28.82
1231,-31.54,-489.44,-103.73,19.78
1232,-33.72,-462.36,-97.86,16.37
1233,-43.85,-477.21,-100.89,28.04
1234,-6.04,-424.95,-98.45,26.55
1235,-10.33,-391.28,-106.07,17.72
1236,-1.23,-466.24,-120.91,14.79
1237,2.52,-525.4,-104.64,28.8
1238,-12.15,-379.85,-108.72,20.91
1239,-8.44,-494.27,-103.75,26.56
1240,3.11,-463.1,-102.67,22.65
1241,-44.12,-512.79,-93.03,28.55
1242,-38.57,-495.24,-116.26,15.77
1243,1.82,-425.94,-105.94,15.24
1244,-13.42,-482.58,-103.61,25.25
1245,-16.75,-455.61,-99.83,27.05
1246,-2.4,-436.4,-93.02,26.83
1247,23.9,-415.68,-74.17,45.76
1248,-50.84,-499.72,-121.04,5.93
1249,-41.33,-360.24,-109.54,15.13
1250,-35.11,-524.75,-104.36,24.52
1251,1.15,-487.67,-103.82,24.79
1252,-12.73,-511.43,-105.71,19.94
1253,-6.08,-478.43,-105.31,24.59
1254,-103.77,-544.2,-101.93,26.38
1255,18.02,-505.86,-104.33,18.76
1256,20.39,-417.19,-100.66,27.02
1257,7.76,-398.54,-100.76,27.68
1258,0.04,-475.53,-96.65,29.75
1259,4.94,-423.94,-109.36,16.06
1260,-2.81,-459.45,-101.07,22.07
1261,-46.23,-496.33,-100.34,18.75
1262,-66.35,-531.37,-100.32,22.26
1263,-15.91,-470.83,-102.33,10.41
1264,7.93,-326.68,-104.52,22.39
1265,-12.28,-503.22,-105.57,25.59
1266,2.01,-453.13,-92.14,25.23
1267,-44.18,-485.11,-105.65,23.12
1268,-76.82,-462.43,-97.01,26.28
1269,2.85,-481.64,-110.06,14.97
1270,16.68,-469.73,-143.05,13.26
1271,29.54,-393.43,-145.27,9.1
1272,-21.73,-481.92,-125.98,16.46
1273,-33.07,-507.73,-84.47,35.77
1274,-58.33,-463.17,-66.16,40.54
1275,-5.29,-424.19,-94.68,31.33
1276,-8.2,-483.6,-87.0,28.99
1277,-48.46,-429.78,-109.2,32.66
1278,50.89,-470.95,-101.26,27.36
1279,13.69,-437.85,-80.51,43.93
1280,-48.92,-596.17,-101.5,26.43
1281,-24.58,-377.8,-95.45,29.8
1282,3.72,-419.41,-97.67,26.44
1283,-40.69,-550.26,-99.0,31.65
1284,-37.94,-446.61,-85.78,41.98
1285,-22.99,-380.39,-100.72,28.08
1286,11.44,-425.92,-106.78,22.33
1287,-46.06,-404.8,-101.59,34.08
1288,-20.09,-567.48,-99.65,36.48
1289,9.7,-486.01,-105.87,23.96
1290,4.69,-451.56,-96.55,25.92
1291,-14.74,-474.0,-94.78,34.49
1292,-38.11,-480.24,-100.36,27.06
1293,7.92,-476.11,-105.37,25.52
1294,-29.23,-453.72,-92.07,34.26
1295,-7.04,-451.53,-99.92,24.37
1296,23.16,-396.69,-97.22,28.96
1297,-63.76,-518.26,-100.27,31.58
1298,-52.09,-485.55,-106.93,24.54
1299,31.14,-414.49,-109.98,25.56
1300,-0.36,-408.96,-106.52,26.79
1301,-27.22,-545.86,-98.96,27.24
1302,-22.85,-506.38,-107.14,19.04
1303,-29.43,-502.23,-100.41,17.36
1304,-63.79,-422.51,-86.59,30.83
1305,-26.9,-584.76,-121.76,16.99
1306,65.19,-238.42,-124.65,9.19
1307,40.66,-290.75,-107.38,21.4
1308,-0.69,-473.94,-103.63,27.85
1309,-37.67,-590.1,-102.31,27.87
1310,-14.91,-520.85,-98.79,29.93
1311,-7.54,-481.15,-102.43,20.0
1312,-22.75,-494.23,-102.44,26.37
1313,-47.68,-479.13,-95.47,27.77
1314,-66.81,-502.05,-99.02,27.02
1315,11.4,-295.55,-112.14,24.7
1316,41.32,-523.48,-112.92,24.71
1317,1.24,-434.67,-106.58,29.15
1318,-13.7,-465.28,-109.81,28.46
1319,-32.77,-508.78,-107.56,31.47
1320,-27.77,-516.02,-107.52,27.63
1321,-29.21,-490.79,-111.13,24.04
1322,-3.42,-471.25,-109.67,21.59
1323,-14.95,-488.32,-111.49,22.94
1324,-32.26,-414.27,-108.36,20.86
1325,-44.65,-461.53,-92.65,27.46
1326,-31.11,-464.31,-93.0,53.25
1327,-27.25,-581.51,-117.66,11.82
1328,18.76,-371.07,-109.14,22.11
1329,-3.97,-398.81,-111.05,26.87
1330,-7.56,-531.18,-102.62,33.16
1331,-46.84,-536.41,-110.03,29.31
1332,-2.29,-413.89,-111.14,28.58
1333,5.74,-448.03,-110.13,27.25
1334,-11.02,-487.99,-109.0,32.76
1335,-42.55,-500.16,-103.23,29.21
1336,-23.31,-407.0,-112.04,19.01
1337,-17.14,-510.12,-109.47,32.63
1338,-5.58,-464.79,-105.22,28.18
1339,-20.0,-479.81,-105.4,27.94
1340,7.84,-393.3,-100.89,31.99
1341,-12.09,-460.71,-96.65,36.74
1342,-41.0,-501.93,-108.56,26.59
1343,-39.09,-509.56,-104.38,27.7
1344,-22.0,-491.13,-105.09,33.19
1345,11.5,-464.64,-103.99,30.49
1346,-18.32,-460.82,-99.71,36.95
1347,-82.56,-415.73,-99.69,41.14
1348,61.68,-424.6,-114.82,24.56
1349,32.12,-415.34,-110.52,27.57
1350,48.63,-430.85,-100.32,38.08
1351,-52.11,-529.15,-104.2,39.42
1352,-3.42,-450.05,-104.7,29.41
1353,-38.35,-506.18,-101.93,35.62
1354,-31.57,-467.07,-108.57,30.13
1355,-19.61,-464.78,-104.27,31.17
1356,-17.84,-469.8,-104.52,28.82
1357,-10.68,-445.66,-102.11,27.13
1358,-22.02,-451.04,-103.45,28.89
1359,-27.84,-458.16,-104.66,29.31
1360,7.39,-499.94,-104.83,47.78
1361,-22.71,-477.66,-99.33,44.42
1362,-27.29,-315.44,-106.95,23.92
1363,-62.92,-570.22,-95.94,38.09
1364,-19.4,-581.06,-102.74,31.27
1365,-0.4,-413.68,-102.6,32.31
1366,9.12,-447.16,-105.43,35.9
1367,-5.32,-444.32,-107.58,28.5
1368,-22.45,-526.45,-103.82,34.84
1369,-15.99,-417.09,-110.55,28.41
1370,-5.11,-352.19,-107.27,31.67
1371,16.89,-409.78,-110.54,34.15
1372,6.69,-540.89,-106.25,28.68
1373,-29.54,-572.84,-103.03,26.57
1374,-16.81,-390.37,-101.03,30.44
1375,-12.84,-380.95,-105.42,30.96
1376,-5.82,-504.5,-101.55,32.13
1377,6.58,-494.74,-96.92,43.54
1378,8.62,-393.9,-97.18,30.23
1379,-34.75,-478.8,-106.76,27.56
1380,2.37,-474.06,-106.44,20.0
1381,-65.76,-506.98,-107.93,29.92
1382,-50.7,-445.46,-113.21,23.84
1383,74.24,-364.32,-92.47,47.55
1384,-21.13,-504.05,-95.49,42.56
1385,-5.21,-455.78,-115.47,18.63
1386,-26.53,-450.5,-92.92,31.82
1387,-14.01,-488.92,-101.83,29.84
1388,53.56,-412.92,-88.17,41.94
1389,-7.12,-452.59,-97.73,34.29
1390,-13.12,-477.37,-102.57,14.95
1391,-52.52,-491.02,-104.14,34.39
1392,51.73,-425.14,-102.03,30.73
1393,-96.5,-437.13,-106.31,28.26
1394,41.65,-370.54,-105.22,25.58
1395,-62.67,-531.59,-98.97,30.2
1396,-24.72,-438.28,-101.32,32.07
1397,-20.27,-475.09,-98.45,34.57
1398,70.54,-466.7,-112.28,28.76
1399,-16.82,-490.3,-102.65,33.24
1400,-48.47,-528.12,-93.38,33.4
1401,-19.28,-457.49,-108.64,33.72
1402,-24.26,-414.96,-94.49,36.08
1403,5.55,-533.23,-113.25,12.2
1404,40.73,-279.05,-109.95,27.55
1405,21.3,-392.96,-96.44,28.06
1406,-45.74,-462.15,-90.31,30.2
1407,9.73,-443.46,-102.57,22.04
1408,26.33,-439.39,-106.73,35.87
1409,18.62,-402.62,-108.08,20.31
1410,-93.07,-596.47,-103.43,22.84
1411,-1.32,-486.3,-114.21,20.59
1412,-66.45,-576.12,-101.96,26.33
1413,3.89,-216.86,-101.19,31.49
1414,16.14,-416.2,-116.41,20.57
1415,-19.94,-481.93,-100.09,29.43
1416,-87.52,-363.35,-102.46,29.1
1417,32.77,-450.22,-103.74,29.84
1418,36.46,-541.84,-101.1,23.59
1419,12.94,-479.44,-86.66,33.15
1420,-45.07,-518.96,-97.2,29.47
1421,4.44,-484.46,-107.25,23.76
1422,12.51,-417.88,-107.47,20.56
1423,-70.97,-512.36,-87.92,35.42
1424,-45.39,-443.03,-101.21,21.69
1425,-30.56,-590.06,-104.08,24.77
1426,-64.51,-535.95,-101.51,14.6
1427,60.17,-320.54,-98.9,39.4
1428,33.59,-354.85,-100.76,23.51
1429,-49.97,-482.62,-93.42,25.09
1430,-26.61,-411.02,-100.75,30.31
1431,-31.07,-463.54,-110.16,31.56
1432,-24.85,-562.63,-99.73,34.24
1433,28.77,-460.37,-98.94,40.13
1434,-12.48,-518.76,-104.46,26.29
1435,-39.01,-462.21,-97.93,23.99
1436,14.34,-410.65,-101.23,31.78
1437,-19.68,-529.16,-92.48,24.66
1438,-46.24,-479.29,-112.6,14.92
1439,-80.99,-589.6,-104.32,26.43
1440,42.79,-302.65,-96.41,35.4
1441,51.96,-401.93,-100.76,29.41
1442,-16.52,-479.72,-103.73,22.76
1443,-39.63,-469.11,-106.5,15.78
1444,-42.91,-507.46,-102.83,25.78
1445,58.62,-310.98,-101.44,32.99
1446,-40.94,-512.81,-90.41,25.67
1447,-27.54,-508.2,-98.01,24.34
1448,-24.89,-502.73,-91.11,32.39
1449,-30.5,-536.12,-103.46,19.64
1450,-19.45,-415.21,-90.51,34.19
1451,-44.29,-488.91,-96.33,27.38
1452,2.72,-506.17,-108.14,28.66
1453,-15.21,-476.51,-101.2,23.48
1454,-8.47,-487.48,-102.6,18.06
1455,-44.68,-423.62,-96.03,25.21
1456,-19.37,-515.9,-95.89,20.9
1457,-4.71,-493.02,-97.99,21.66
1458,-58.82,-417.03,-101.79,18.51
1459,19.76,-431.87,-100.04,20.08
1460,9.89,-510.75,-106.86,15.16
1461,-7.2,-450.29,-108.62,20.9
1462,-37.15,-380.3,-103.18,22.16
1463,12.0,-526.16,-110.21,10.76
1464,-25.98,-455.72,-101.63,18.93
1465,-31.79,-436.14,-95.89,23.5
1466,13.03,-548.42,-100.36,26.01
1467,50.51,-348.73,-99.61,29.02
1468,-20.9,-473.0,-108.77,19.32
1469,-65.13,-521.79,-110.98,17.9
1470,-32.62,-490.13,-100.63,22.22
1471,-24.97,-480.99,-100.31,20.08
1472,-18.5,-531.11,-101.96,20.57
1473,-24.9,-494.59,-97.68,19.47
1474,-17.25,-420.21,-100.39,29.53
1475,18.03,-429.24,-91.53,36.2
1476,-6.99,-448.9,-109.72,14.17
1477,4.41,-424.86,-100.71,25.0
1478,-36.99,-453.14,-97.49,30.94
1479,-51.98,-463.19,-99.92,24.99
1480,-12.71,-515.94,-96.58,29.61
1481,-11.89,-499.12,-102.62,14.02
1482,23.09,-377.8,-94.95,33.8
1483,-27.23,-529.58,-106.81,18.69
1484,-27.02,-570.88,-110.21,22.63
1485,9.9,-425.34,-90.21,29.24
1486,-37.42,-448.89,-98.94,30.25
1487,-11.23,-455.6,-96.33,32.54
1488,-35.51,-484.65,-109.88,18.59
1489,17.03,-421.55,-103.95,28.23
1490,12.98,-381.83,-105.79,25.29
1491,-25.27,-545.26,-97.09,39.7
1492,-48.77,-498.29,-107.02,29.66
1493,-3.27,-441.41,-98.92,29.81
1494,-94.24,-461.47,-99.39,21.46
1495,-17.1,-464.1,-101.9,24.66
1496,29.93,-593.92,-110.01,32.03
1497,11.81,-394.56,-102.12,36.3
1498,29.76,-365.24,-101.35,22.33
1499,-25.5,-473.52,-111.14,15.13
1500,-37.47,-440.76,-101.52,25.51
1501,-9.79,-443.92,-105.22,24.03
1502,-18.68,-596.39,-97.33,29.69
1503,-24.85,-440.32,-102.94,18.25
1504,-17.79,-488.03,-104.93,12.25
1505,-11.94,-421.34,-104.61,23.48
1506,-23.39,-475.14,-94.45,35.36
1507,27.97,-427.59,-94.74,28.95
1508,19.03,-377.58,-86.62,36.94
1509,-53.91,-475.46,-104.96,22.53
1510,2.72,-521.07,-107.69,22.63
1511,42.78,-420.88,-105.07,33.18
1512,-59.63,-503.48,-96.5,29.23
1513,-50.4,-482.75,-102.67,25.13
1514,-2.07,-371.26,-106.1,15.5
1515,-3.83,-543.03,-105.68,24.55
1516,12.98,-434.01,-105.1,21.85
1517,-38.77,-487.76,-99.54,20.82
1518,-33.19,-526.65,-107.39,8.48
1519,-37.27,-484.81,-102.37,15.67
1520,-28.39,-350.62,-84.9,37.66
1521,10.19,-512.88,-102.48,25.53
1522,-26.72,-498.09,-107.88,28.2
1523,-12.23,-465.93,-104.29,22.23
1524,22.3,-467.17,-101.22,22.15
1525,-21.41,-446.1,-98.27,26.21
1526,-5.06,-487.05,-98.52,27.37
1527,56.99,-367.29,-98.12,33.68
1528,-53.89,-492.32,-103.47,17.56
1529,-30.94,-547.03,-106.48,16.62
1530,29.39,-423.71,-98.85,31.74
1531,-16.88,-492.55,-101.45,29.77
1532,-67.51,-541.96,-99.89,22.82
1533,7.64,-486.31,-93.88,38.86
1534,-37.49,-482.98,-97.13,25.2
1535,-40.96,-443.25,-109.5,27.23
1536,12.28,-274.93,-110.51,17.62
1537,-43.84,-655.86,-101.54,29.95
1538,1.05,-400.31,-91.27,35.85
1539,-47.74,-520.59,-101.42,25.1
1540,-35.62,-474.92,-88.02,23.04
1541,-25.39,-429.05,-75.44,56.86
1542,99.15,-413.78,-106.76,22.88
1543,-31.63,-493.94,-100.48,29.27
1544,36.14,-406.55,-100.76,30.96
1545,-4.52,-494.6,-101.56,29.98
1546,-27.95,-516.95,-101.18,30.41
1547,-35.66,-504.88,-100.09,26.49
1548,16.67,-438.69,-100.18,28.51
1549,-43.8,-458.67,-101.17,18.06
1550,1.65,-355.23,-79.16,43.13
1551,-20.31,-489.7,-90.51,37.03
1552,-34.22,-484.25,-106.48,23.58
1553,-21.47,-516.22,-97.21,26.7
1554,-24.72,-488.66,-102.71,25.29
1555,-10.05,-513.71,-97.18,22.14
1556,-10.62,-499.05,-99.34,27.77
1557,-18.42,-497.14,-104.89,31.55
1558,-3.77,-523.13,-108.79,20.78
1559,-69.08,-510.39,-101.62,21.03
1560,-46.09,-351.98,-91.25,49.6
1561,-14.12,-379.51,-99.15,30.5
1562,41.66,-443.37,-107.49,25.37
1563,23.77,-454.56,-110.01,27.16
1564,0.88,-516.35,-108.31,26.79
1565,-22.87,-531.19,-106.43,25.81
1566,-19.15,-487.74,-103.31,23.85
1567,-21.23,-487.96,-103.56,25.21
1568,-1.3,-445.35,-104.07,24.87
1569,36.54,-413.79,-96.08,34.25
1570,-60.45,-323.39,-97.3,27.6
1571,-30.19,-550.17,-99.69,22.73
1572,-51.42,-546.39,-105.91,27.02
1573,10.8,-462.23,-109.52,20.6
1574,-18.04,-504.78,-105.26,18.78
1575,-23.08,-496.41,-95.83,18.47
1576,-5.99,-469.34,-101.92,24.45
1577,-3.95,-447.47,-100.17,25.95
1578,-71.16,-616.76,-94.39,24.28
1579,-32.32,-381.71,-104.21,22.47
1580,16.52,-352.88,-101.7,39.67
1581,58.75,-397.72,-99.91,39.18
1582,-24.85,-490.76,-104.74,19.79
1583,-27.55,-432.62,-102.74,27.36
1584,-21.96,-534.03,-101.66,19.18
1585,-46.61,-511.44,-102.82,28.37
1586,-45.47,-396.61,-87.37,36.27
1587,-21.48,-481.83,-99.63,23.27
1588,68.34,-465.18,-100.27,20.46
1589,-1.71,-469.09,-100.41,22.19
1590,11.63,-446.03,-106.56,27.96
1591,-17.48,-524.88,-102.67,19.27
1592,-63.76,-549.42,-97.23,27.85
1593,-54.67,-408.96,-102.08,28.7
1594,72.8,-343.27,-95.74,34.3
1595,-2.97,-450.02,-98.7,32.06
1596,-65.42,-593.18,-108.99,8.98
1597,15.6,-376.27,-108.54,12.68
1598,-42.84,-427.48,-94.71,28.95
1599,-86.67,-458.48,-77.05,34.41
1600,7.03,-476.18,-90.59,28.05
1601,48.76,-451.42,-108.75,10.29
1602,-13.59,-427.32,-105.29,18.13
1603,-72.71,-445.7,-94.7,19.93
1604,23.47,-549.75,-99.54,20.6
1605,-20.47,-445.76,-103.73,29.01
1606,-11.53,-516.31,-108.44,18.12
1607,9.25,-452.23,-102.65,25.15
1608,-56.64,-483.93,-101.87,16.27
1609,36.65,-397.04,-103.35,15.2
1610,-13.05,-464.7,-108.28,12.95
1611,-31.83,-506.39,-96.03,20.65
1612,-65.71,-418.42,-95.41,18.56
1613,58.38,-416.45,-103.43,23.48
1614,-13.21,-397.23,-107.5,18.68
1615,-82.5,-597.42,-102.85,22.77
1616,21.77,-557.67,-100.39,19.82
1617,15.34,-383.87,-103.0,26.72
1618,-1.48,-437.55,-105.75,18.84
1619,-43.79,-508.22,-111.36,15.81
1620,-21.25,-500.35,-105.76,20.81
1621,26.67,-326.14,-107.59,12.8
1622,-2.45,-478.4,-103.93,26.71
1623,-20.7,-473.3,-107.58,22.09
1624,-5.33,-486.24,-96.37,32.75
1625,-11.71,-469.55,-92.55,26.78
1626,-77.57,-569.45,-111.96,7.79
1627,-40.12,-443.44,-102.71,27.6
1628,-13.38,-498.0,-111.99,23.64
1629,0.76,-405.04,-108.35,20.74
1630,-22.14,-460.82,-114.87,14.68
1631,-14.67,-417.14,-105.1,28.06
1632,-24.92,-484.18,-107.9,20.73
1633,-17.94,-481.14,-118.79,13.29
1634,3.51,-422.79,-115.32,20.37
1635,-38.98,-412.67,-115.35,9.33
1636,3.49,-531.26,-103.27,29.74
1637,-34.71,-506.66,-107.54,25.64
1638,-17.53,-502.32,-112.71,17.96
1639,5.33,-485.93,-113.24,16.98
1640,31.91,-359.04,-100.75,28.33
1641,-63.64,-544.58,-120.16,6.65
1642,-45.65,-490.83,-109.52,12.24
1643,45.47,-256.54,-103.1,22.45
1644,-67.44,-569.42,-104.93,30.18
1645,-19.45,-520.69,-110.36,18.85
1646,-8.52,-485.86,-123.23,21.58
1647,33.6,-377.85,-109.24,23.6
1648,-35.57,-516.78,-110.91,21.5
1649,-48.73,-510.8,-103.73,23.28
1650,-75.61,-502.33,-105.76,23.43
1651,48.56,-362.69,-104.74,21.33
1652,11.7,-459.43,-106.01,29.35
1653,-39.76,-502.65,-104.64,25.97
1654,4.45,-458.71,-105.67,25.98
1655,2.6,-453.25,-105.95,18.72
1656,-15.75,-439.88,-105.03,15.74
1657,6.35,-432.71,-102.12,29.49
1658,-23.37,-447.11,-105.64,16.85
1659,-13.21,-467.52,-101.85,27.71
1660,-56.86,-493.56,-104.58,21.14
1661,13.94,-431.1,-101.23,27.79
1662,-12.98,-416.88,-99.51,25.81
1663,-59.84,-501.87,-102.2,23.93
1664,-17.5,-482.25,-108.83,9.8
1665,-54.35,-502.74,-96.45,26.91
1666,-74.75,-427.92,-99.05,26.96
1667,56.42,-458.29,-96.42,31.58
1668,8.82,-464.15,-105.88,20.52
1669,12.24,-462.56,-105.16,20.74
1670,-15.74,-448.43,-109.63,22.58
1671,10.23,-415.95,-99.86,23.77
1672,2.75,-439.39,-97.31,34.76
1673,-6.37,-439.97,-107.29,24.06
1674,20.1,-425.83,-98.29,27.25
1675,-51.84,-450.48,-95.21,27.69
1676,-92.17,-619.19,-105.28,29.23
1677,22.05,-403.06,-101.48,27.16
1678,-1.21,-453.96,-106.66,25.23
1679,-74.75,-592.26,-106.8,23.01
1680,-14.9,-377.7,-107.7,19.99
1681,-88.97,-542.65,-101.72,22.44
1682,-27.66,-446.4,-110.42,17.0
1683,60.9,-428.61,-103.83,27.26
1684,-11.07,-392.15,-101.69,27.01
1685,-106.77,-444.82,-93.07,26.03
1686,72.95,-516.18,-107.43,18.02
1687,6.36,-441.1,-97.86,34.2
1688,0.44,-525.59,-104.43,26.08
1689,16.2,-454.96,-105.18,30.07
1690,-10.62,-453.94,-107.18,30.75
1691,-20.23,-472.06,-109.94,26.39
1692,23.01,-361.49,-99.92,37.32
1693,-55.42,-508.75,-96.66,32.9
1694,5.82,-420.15,-104.16,23.2
1695,-62.83,-546.85,-102.35,25.2
1696,-35.25,-475.86,-101.28,39.65
1697,3.93,-470.7,-104.06,26.57
1698,-9.84,-424.57,-103.31,22.78
1699,-12.68,-385.31,-100.14,27.68
1700,-34.07,-526.16,-105.68,34.54
1701,-57.77,-475.24,-103.44,32.88
1702,6.54,-440.0,-107.28,25.65
1703,-10.59,-395.22,-104.98,34.33
1704,32.9,-384.38,-107.12,30.93
1705,-21.83,-579.42,-108.97,27.32
1706,-9.18,-450.41,-105.43,25.02
1707,-23.03,-463.11,-105.99,28.54
1708,-27.99,-503.92,-104.89,30.99
1709,-50.43,-517.07,-90.8,23.92
1710,-0.5,-440.09,-99.09,36.09
1711,-5.14,-409.78,-107.94,38.52
1712,-4.1,-470.7,-111.85,26.87
1713,-9.58,-419.98,-104.03,34.11
1714,-19.39,-488.81,-110.99,29.73
1715,-48.77,-525.06,-117.39,26.57
1716,-29.17,-411.41,-101.65,35.87
1717,14.43,-352.75,-88.91,60.55
1718,-101.91,-546.19,-116.0,23.68
1719,9.37,-454.19,-118.61,20.65
1720,17.25,-492.18,-99.96,42.92
1721,-24.85,-454.02,-103.87,32.24
1722,-9.48,-464.15,-110.38,26.56
1723,-30.26,-504.06,-111.12,32.64
1724,-27.82,-361.39,-107.06,41.46
1725,-20.68,-460.85,-108.51,25.25
1726,0.0,-482.65,-114.25,28.56
1727,-3.9,-436.24,-104.1,37.17
1728,4.72,-441.66,-95.68,40.73
1729,-31.72,-468.32,-102.4,32.49
1730,-2.06,-438.19,-116.05,21.6
1731,-28.17,-479.52,-103.37,37.54
1732,-72.47,-453.72,-92.66,32.48
1733,-0.56,-488.77,-109.57,40.85
1734,-10.02,-483.02,-112.52,30.43
1735,-54.71,-493.38,-110.5,29.38
1736,-38.41,-444.9,-109.19,34.67
1737,-1.39,-449.36,-89.36,50.89
1738,1.17,-527.25,-116.16,21.45
1739,16.94,-432.26,-107.08,35.56
1740,-1.95,-398.19,-101.36,35.35
1741,2.01,-380.21,-98.99,34.72
1742,-51.84,-399.21,-91.75,50.26
1743,-88.88,-560.07,-107.2,32.71
1744,-23.42,-531.94,-101.48,34.52
1745,9.95,-488.37,-108.28,28.66
1746,34.89,-381.01,-101.43,37.17
1747,-63.66,-299.39,-101.02,37.78
1748,-16.69,-440.26,-102.67,43.99
1749,58.16,-404.88,-94.19,44.19
1750,-69.09,-491.96,-106.06,26.1
1751,-143.75,-370.46,-98.98,29.78
1752,69.36,-469.06,-104.34,25.37
1753,23.59,-407.28,-104.51,42.47
1754,-9.69,-616.05,-109.38,26.56
1755,31.62,-378.78,-90.26,40.09
1756,-13.53,-452.79,-100.57,37.97
1757,19.8,-377.99,-106.99,20.48
1758,32.63,-450.01,-95.55,32.79
1759,-237.63,-361.13,-80.84,42.33
1760,-59.52,-520.14,-112.38,25.15
1761,46.81,-402.38,-112.06,16.15
1762,-1.53,-364.01,-95.68,34.36
1763,72.29,-460.74,-103.37,41.38
1764,-43.57,-506.35,-96.07,31.9
1765,57.68,-477.57,-95.93,22.29
1766,67.81,-286.11,-93.61,33.0
1767,31.9,-399.6,-106.37,32.48
1768,-102.32,-565.36,-105.19,22.35
1769,-10.99,-516.95,-103.01,29.71
1770,-38.48,-489.15,-106.02,29.62
1771,-1.66,-440.46,-101.9,33.63
1772,8.45,-482.77,-102.69,34.13
1773,-45.07,-495.94,-104.68,31.23
1774,-36.36,-470.13,-99.01,31.69
1775,-120.99,-455.43,-88.75,37.63
1776,61.97,-472.87,-100.11,37.19
1777,28.94,-512.01,-100.88,44.29
1778,-49.51,-465.59,-99.07,38.35
1779,-70.12,-485.49,-95.56,37.75
1780,-23.94,-441.01,-107.01,20.76
1781,35.42,-337.69,-105.97,29.4
1782,-27.12,-605.08,-101.65,32.07
1783,27.09,-414.49,-99.91,31.6
1784,11.37,-424.01,-91.79,31.97
1785,-42.1,-544.41,-101.24,34.89
1786,-6.16,-440.21,-114.14,20.08
1787,3.19,-348.14,-103.44,33.81
1788,-18.01,-456.7,-105.03,33.26
1789,-52.84,-529.69,-106.86,30.22
1790,-41.57,-376.34,-114.13,19.2
1791,32.61,-481.58,-102.93,38.19
1792,-116.02,-506.56,-88.45,48.19
1793,55.58,-507.52,-111.01,14.47
1794,9.4,-421.87,-111.07,16.97
1795,-16.03,-576.75,-104.48,26.11
1796,-74.58,-561.36,-105.33,28.73
1797,40.72,-333.06,-101.88,40.94
1798,-25.33,-473.45,-102.29,24.2
1799,1.76,-457.14,-85.61,38.34
1800,-8.57,-479.28,-102.97,21.49
1801,-50.58,-484.51,-105.51,19.35
1802,53.95,-385.79,-99.6,17.13
1803,-32.09,-496.07,-92.92,39.48
1804,-30.02,-448.91,-110.0,34.2
1805,-29.82,-444.68,-104.11,31.89
1806,-15.78,-445.15,-105.62,28.86
1807,-29.05,-549.4,-104.53,31.83
1808,-34.28,-448.01,-96.89,31.25
1809,-4.58,-509.6,-103.66,31.3
1810,-116.12,-353.51,-103.9,26.56
1811,-11.1,-592.55,-119.08,19.24
1812,69.73,-337.61,-113.36,26.27
1813,2.19,-478.43,-109.11,28.32
1814,-16.1,-493.57,-99.47,35.79
1815,-26.44,-453.69,-97.97,40.32
1816,9.82,-372.29,-117.22,19.99
1817,-36.29,-587.06,-100.47,38.68
1818,6.44,-353.06,-98.88,36.92
1819,39.84,-380.39,-99.14,30.38
1820,-60.64,-524.4,-112.13,23.95
1821,-31.96,-548.36,-109.8,26.93
1822,26.55,-460.78,-110.2,34.07
1823,-12.1,-456.16,-105.59,27.93
1824,-27.45,-565.39,-105.26,24.8
1825,10.47,-324.83,-103.9,27.11
1826,-32.84,-476.82,-101.21,32.47
1827,-71.08,-535.4,-100.19,28.49
1828,-13.34,-481.38,-103.73,43.5
1829,51.56,-379.24,-114.32,12.21
1830,-30.42,-420.82,-110.2,24.05
1831,-154.8,-575.5,-88.84,36.48
1832,-132.42,-465.14,-98.13,24.06
1833,30.92,-412.87,-108.62,28.31
1834,-39.83,-226.79,-102.1,38.5
1835,121.33,-507.87,-101.45,41.83
1836,70.92,-504.77,-115.23,24.25
1837,-60.05,-487.31,-90.11,39.68
1838,107.29,-439.76,-112.04,14.23
1839,53.61,-381.23,-96.41,35.82
1840,-27.06,-527.54,-111.27,31.92
1841,19.72,-372.44,-112.97,28.12
1842,-6.88,-487.33,-111.01,28.77
1843,-46.79,-390.97,-113.1,14.43
1844,-138.95,-454.25,-104.84,32.6
1845,-23.13,-615.78,-107.47,33.49
1846,-33.72,-503.27,-104.88,33.72
1847,-0.16,-490.75,-97.12,39.19
1848,25.52,-445.22,-106.23,31.47
1849,-2.75,-461.98,-98.65,36.39
1850,41.97,-480.22,-117.09,21.47
1851,-56.67,-511.39,-90.43,37.98
1852,44.78,-331.33,-118.83,16.26
1853,-12.68,-487.72,-105.04,32.52
1854,-0.79,-458.96,-104.92,28.21
1855,-32.54,-502.98,-99.17,31.3
1856,5.39,-478.32,-103.82,23.05
1857,-7.81,-506.72,-103.14,29.34
1858,-4.08,-449.99,-97.9,29.74
1859,20.26,-300.36,-103.09,22.15
1860,53.01,-261.9,-109.34,30.85
1861,-45.43,-643.63,-105.12,32.06
1862,-36.83,-547.52,-103.73,30.29
1863,-23.25,-536.18,-108.79,31.27
1864,-36.3,-556.1,-107.4,23.03
1865,-59.63,-498.6,-107.22,25.11
1866,-78.24,-445.15,-103.24,29.44
1867,28.51,-489.79,-105.98,37.77
1868,-170.24,-518.94,-109.96,25.49
1869,74.8,-359.2,-127.23,14.42
1870,64.28,-369.65,-111.95,35.79
1871,13.27,-422.66,-107.0,37.31
1872,-3.95,-523.19,-103.81,28.17
1873,10.2,-525.84,-108.77,36.4
1874,-9.28,-481.95,-110.09,32.76
1875,-6.96,-491.91,-109.11,23.07
1876,-20.91,-447.02,-98.02,29.7
1877,-64.24,-451.12,-100.3,34.89
1878,-16.07,-468.13,-105.94,35.83
1879,56.28,-449.34,-115.44,20.75
1880,16.17,-445.34,-109.08,29.63
1881,-23.89,-508.43,-108.67,26.3
1882,-13.9,-500.05,-103.68,19.41
1883,-34.46,-411.93,-105.32,29.66
1884,-26.4,-407.92,-89.86,38.28
1885,0.51,-454.44,-121.73,26.16
1886,1.11,-564.24,-102.96,28.99
1887,-43.34,-493.3,-113.26,18.84
1888,32.24,-391.41,-109.98,29.23
1889,27.98,-430.83,-108.81,34.53
1890,6.45,-474.85,-114.35,25.43
1891,-46.75,-470.32,-111.45,33.1
1892,-7.6,-514.65,-104.82,38.23
1893,-62.53,-522.94,-107.92,25.69
1894,-7.13,-440.65,-107.97,26.5
1895,-9.83,-450.94,-106.33,31.01
1896,0.99,-490.87,-114.55,26.49
1897,10.06,-472.58,-115.24,26.1
1898,-3.67,-441.8,-109.64,24.6
1899,8.05,-454.98,-108.79,28.34
1900,-50.55,-397.34,-112.54,32.25
1901,-17.81,-437.79,-112.66,27.98
1902,31.79,-360.51,-112.53,19.34
1903,-37.61,-559.64,-110.16,23.96
1904,-16.22,-526.38,-110.11,22.3
1905,-23.84,-438.87,-104.53,28.31
1906,-27.93,-577.05,-108.1,29.88
1907,-22.37,-464.53,-104.21,28.76
1908,-26.35,-414.28,-103.69,26.55
1909,-107.56,-487.13,-100.95,34.39
1910,30.81,-317.64,-100.16,24.68
1911,-3.76,-425.76,-113.66,35.0
1912,39.1,-458.67,-97.48,45.58
1913,48.54,-456.2,-115.48,25.6
1914,-29.89,-526.33,-115.06,25.11
1915,-26.87,-500.77,-105.28,26.84
1916,-28.05,-412.65,-103.66,35.04
1917,-2.03,-546.09,-115.84,16.08
1918,5.58,-352.84,-103.89,35.61
1919,-3.91,-426.16,-107.9,28.61
1920,5.41,-377.68,-111.06,13.88
1921,-24.76,-461.42,-101.53,32.88
1922,-21.96,-446.83,-103.58,34.26
1923,-31.5,-572.08,-105.9,26.11
1924,-75.38,-519.94,-104.72,23.32
1925,39.97,-445.58,-108.32,26.27
1926,-30.56,-477.98,-105.24,25.61
1927,-18.06,-400.56,-105.74,31.32
1928,-22.74,-491.68,-113.51,27.66
1929,-17.7,-492.66,-107.86,28.66
1930,-6.69,-429.7,-105.71,26.22
1931,29.0,-321.81,-104.4,23.5
1932,-3.74,-457.07,-94.11,35.0
1933,-28.04,-531.76,-106.99,28.93
1934,-10.47,-469.32,-102.24,31.58
1935,-53.25,-506.28,-100.87,22.63
1936,-3.34,-357.05,-95.54,28.22
1937,13.77,-505.28,-96.92,35.36
1938,7.08,-435.72,-98.05,30.11
1939,-26.17,-512.55,-106.62,24.6
1940,-4.57,-369.61,-105.9,29.23
1941,1.68,-499.14,-93.99,33.8
1942,-39.9,-481.3,-105.0,26.68
1943,-15.93,-466.62,-103.99,22.93
1944,-39.4,-563.73,-95.79,30.55
1945,-2.58,-412.97,-101.22,27.5
1946,-16.24,-500.4,-106.42,27.74
1947,10.9,-282.2,-109.48,25.1
1948,-42.32,-465.69,-101.53,23.2
1949,2.59,-517.39,-101.23,25.46
1950,-9.8,-423.62,-98.1,33.04
1951,-49.48,-483.17,-100.95,21.07
1952,-39.17,-439.03,-112.07,22.29
1953,56.02,-393.27,-101.68,32.43
1954,10.3,-453.04,-96.37,33.12
1955,-44.27,-513.37,-102.75,29.23
1956,-21.04,-522.81,-99.26,32.22
1957,-33.95,-527.94,-104.73,25.54
1958,-49.77,-512.24,-95.63,32.06
1959,-21.02,-469.73,-96.38,28.7
1960,-9.84,-447.41,-110.98,33.56
1961,-8.84,-428.01,-106.15,29.92
1962,-22.31,-511.79,-98.23,32.71
1963,-20.17,-464.19,-106.22,21.12
1964,-64.78,-374.13,-102.06,36.36
1965,-4.27,-505.93,-90.97,43.27
1966,5.34,-521.24,-107.35,32.47
1967,13.84,-349.15,-103.98,30.39
1968,-55.02,-486.85,-106.49,42.31
1969,28.85,-457.03,-102.16,32.79
1970,-10.94,-429.3,-106.97,34.5
1971,-4.18,-506.55,-109.51,27.59
1972,-24.76,-460.83,-109.9,26.94
1973,-24.45,-459.26,-98.85,30.91
1974,-2.27,-515.05,-106.22,33.65
1975,-36.1,-515.59,-100.3,31.75
1976,-1.61,-431.63,-108.22,27.38
1977,-27.77,-390.54,-110.68,31.6
1978,-33.34,-476.08,-111.04,23.32
1979,-3.75,-489.79,-98.29,44.18
1980,-13.73,-477.57,-106.04,31.93
1981,-22.63,-456.88,-111.08,29.03
1982,5.28,-461.76,-114.64,30.98
1983,-4.27,-422.05,-110.44,21.19
1984,-4.35,-488.12,-104.35,34.09
1985,-25.51,-357.4,-103.25,29.41
1986,21.64,-381.5,-106.1,20.36
1987,35.23,-398.7,-103.42,28.64
1988,-68.84,-588.24,-109.88,26.98
1989,-24.76,-518.28,-113.37,11.24
1990,-4.88,-450.13,-101.91,21.92
1991,-12.48,-458.5,-103.36,19.7
1992,9.91,-461.4,-107.74,12.39
1993,0.7,-536.6,-108.76,15.98
1994,-38.79,-364.17,-104.33,36.08
1995,-37.19,-458.74,-97.67,28.08
1996,23.27,-384.34,-118.93,24.15
1997,-51.09,-507.66,-98.64,20.27
1998,26.77,-361.11,-118.84,23.13
1999,25.86,-437.46,-117.76,9.4
2000,-73.99,-375.19,-111.48,43.63
2001,19.05,-529.15,-94.6,28.1
2002,10.44,-448.49,-127.62,3.4
2003,-14.25,-505.35,-94.98,37.23
2004,91.29,-259.37,-103.88,7.58
2005,-17.18,-467.09,-110.1,6.56
2006,-40.95,-386.45,-100.15,53.09
2007,-41.54,-549.06,-111.95,13.22
2008,-40.88,-566.36,-107.11,33.09
2009,-4.7,-539.44,-108.85,15.33
2010,-42.4,-480.91,-100.34,24.48
2011,-27.61,-467.41,-96.23,43.65
2012,-58.37,-517.17,-100.86,12.94
2013,-87.15,-447.88,-118.12,11.46
2014,82.84,-324.55,-110.39,36.34
2015,-11.87,-529.62,-105.3,38.76
2016,-2.99,-365.44,-108.83,13.89
2017,-11.71,-547.0,-108.37,20.13
2018,-13.75,-501.54,-104.43,8.98
2019,-8.86,-431.59,-103.35,30.37
2020,26.18,-134.77,-114.33,14.41
2021,10.36,-477.21,-110.85,21.94
2022,-65.34,-679.61,-103.57,20.91
2023,-6.52,-534.86,-115.14,6.39
2024,-65.75,-584.69,-112.47,7.81
2025,9.31,-299.04,-95.52,23.44
2026,47.2,-320.78,-116.82,3.18
2027,-50.23,-576.43,-105.01,26.71
2028,-20.37,-465.55,-105.22,11.4
2029,-32.17,-471.41,-98.47,39.44
2030,-11.76,-454.38,-103.24,31.29
2031,-19.71,-469.58,-100.84,20.23
2032,-46.92,-462.18,-103.35,13.22
2033,-35.44,-611.83,-111.85,9.87
2034,-28.16,-532.63,-105.04,20.86
2035,-9.95,-457.64,-110.79,16.97
2036,10.54,-448.33,-105.93,4.9
2037,-30.45,-384.35,-98.32,34.88
2038,-5.57,-438.72,-108.43,11.66
2039,25.75,-341.58,-106.5,8.21
2040,-2.61,-604.78,-104.67,19.73
2041,-15.34,-514.45,-106.19,17.16
2042,-29.41,-530.37,-103.72,18.08
2043,-50.45,-345.64,-101.41,23.51
2044,-15.07,-515.87,-115.52,18.46
2045,-10.65,-453.1,-102.07,7.02
2046,14.85,-470.27,-109.92,19.24
2047,-0.72,-369.84,-106.12,19.31
2048,-61.25,-656.46,-95.72,17.29
2049,-26.61,-412.93,-101.87,1.26
2050,70.47,-321.11,-115.45,-21.7
2051,-35.59,-618.45,-112.2,23.11
2052,-26.45,-476.21,-103.44,18.25
2053,-9.03,-482.1,-100.33,23.13
2054,-0.92,-353.92,-110.22,12.36
2055,-55.64,-627.5,-111.3,4.72
2056,-6.94,-432.88,-96.71,24.02
2057,-2.41,-429.22,-98.92,21.97
2058,5.96,-420.86,-109.72,5.9
2059,-12.87,-457.45,-103.26,18.06
2060,-33.05,-555.56,-105.74,8.64
2061,-28.4,-526.29,-107.38,16.92
2062,5.03,-432.54,-109.54,31.7
2063,-25.52,-520.75,-108.48,6.44
2064,-26.5,-397.77,-103.85,4.31
2065,-23.71,-427.48,-110.39,3.42
2066,-33.28,-572.69,-100.05,22.76
2067,-22.41,-377.11,-100.94,23.46
2068,25.78,-370.18,-113.75,1.47
2069,-22.85,-544.24,-111.17,20.46
2070,19.57,-449.81,-113.09,7.59
2071,-27.17,-529.67,-105.21,22.67
2072,-38.08,-512.04,-107.68,11.62
2073,-41.66,-560.12,-108.63,0.88
2074,-52.11,-344.68,-99.92,21.3
2075,-56.05,-597.49,-87.3,41.15
2076,7.51,-384.89,-109.92,4.61
2077,36.4,-347.45,-110.13,6.25
2078,-33.5,-602.45,-106.73,11.89
2079,-2.72,-454.17,-105.3,16.97
2080,17.93,-434.91,-107.8,24.83
2081,-34.09,-509.15,-109.72,11.57
2082,-33.65,-517.35,-107.73,-3.65
2083,-34.1,-551.14,-103.13,16.45
2084,-53.91,-457.94,-103.94,18.84
2085,21.05,-306.54,-100.95,14.39
2086,5.88,-430.5,-101.36,25.16
2087,-25.95,-480.27,-107.58,10.51
2088,-18.56,-467.39,-107.14,19.45
2089,-33.28,-527.46,-105.53,11.6
2090,-25.25,-490.64,-104.56,18.79
2091,-23.02,-508.15,-104.48,11.7
2092,-30.77,-545.51,-106.48,13.2
2093,-31.9,-474.27,-107.79,15.2
2094,-10.23,-449.79,-95.26,25.08
2095,-18.98,-346.25,-105.29,6.08
2096,16.02,-152.74,-111.35,6.36
2097,-22.16,-657.83,-102.42,19.23
2098,-19.04,-538.77,-95.68,10.77
2099,-26.68,-515.01,-101.4,6.65
2100,-31.02,-509.05,-99.09,25.95
2101,-30.28,-500.83,-99.82,25.84
2102,-43.4,-502.32,-96.98,16.97
2103,-42.42,-443.19,-92.55,19.03
2104,-17.81,-541.55,-104.54,15.11
2105,45.95,-118.72,-108.9,11.38
2106,-17.53,-533.95,-104.87,22.06
2107,7.42,-445.44,-103.0,26.1
2108,-20.89,-512.31,-96.32,20.1
2109,-35.01,-535.0,-105.06,10.55
2110,-32.02,-509.83,-100.72,19.26
2111,-25.34,-482.82,-100.06,12.47
2112,-39.77,-486.91,-104.38,9.32
2113,-52.65,-496.3,-101.14,15.03
2114,17.19,-364.25,-111.69,5.16
2115,9.99,-405.86,-103.17,26.61
2116,-0.2,-425.47,-101.39,26.64
2117,-26.48,-444.7,-103.44,29.82
2118,-53.42,-595.38,-102.08,28.42
2119,-29.77,-548.7,-105.22,12.92
2120,-16.48,-458.61,-104.89,16.03
2121,-9.39,-431.4,-105.35,11.43
2122,-17.25,-446.56,-103.27,17.73
2123,-17.13,-465.69,-102.29,23.28
2124,-21.4,-494.8,-101.67,20.91
2125,-34.34,-493.96,-101.38,16.93
2126,-53.57,-496.5,-92.26,23.77
2127,-44.3,-430.21,-97.04,14.18
2128,34.08,-206.02,-117.8,7.94
2129,-30.15,-668.85,-111.09,16.39
2130,16.0,-398.68,-103.03,31.88
2131,-2.56,-448.38,-104.38,36.15
2132,-25.03,-522.48,-102.71,20.06
2133,-29.77,-484.48,-111.29,10.12
2134,-30.47,-486.85,-103.24,13.45
2135,-26.29,-464.62,-103.17,15.94
2136,-31.99,-517.37,-103.91,15.52
2137,-21.48,-471.39,-99.99,25.83
2138,-25.12,-479.04,-101.17,17.96
2139,-24.58,-527.12,-97.86,24.35
2140,-14.02,-234.75,-104.51,22.53
2141,-2.26,-566.82,-99.86,22.56
2142,-24.15,-490.82,-95.57,33.25
2143,-23.31,-473.0,-95.93,18.46
2144,-30.58,-487.98,-100.55,22.43
2145,-28.9,-410.99,-99.34,22.54
2146,-17.17,-548.84,-102.84,40.86
2147,-25.99,-529.07,-98.79,21.36
2148,-23.17,-377.35,-95.91,26.2
2149,-10.13,-461.66,-102.19,23.92
2150,-8.81,-492.21,-99.26,26.9
2151,-29.12,-492.27,-96.97,29.62
2152,-11.07,-442.92,-103.74,26.62
2153,-6.74,-453.28,-104.4,13.24
2154,-11.01,-344.73,-96.09,28.13
2155,-32.45,-519.24,-103.97,31.81
2156,-25.58,-514.84,-106.47,28.19
2157,-22.51,-465.5,-97.63,22.57
2158,-15.62,-458.25,-106.9,14.63
2159,-19.4,-422.84,-107.56,10.85
2160,-28.55,-531.45,-100.36,39.81
2161,-29.43,-486.33,-96.98,25.83
2162,4.07,-419.67,-108.45,16.33
2163,12.55,-257.7,-116.03,2.59
2164,-45.53,-621.0,-106.69,33.8
2165,-17.05,-493.35,-103.43,25.17
2166,-12.38,-476.14,-107.07,25.06
2167,-26.92,-465.54,-107.96,29.76
2168,-26.34,-542.77,-107.51,31.03
2169,-36.29,-534.24,-109.21,18.37
2170,-34.61,-457.65,-100.89,17.11
2171,-10.82,-368.57,-101.02,25.86
2172,-22.28,-479.59,-104.12,30.15
2173,-24.86,-485.88,-104.02,23.67
2174,-20.37,-328.28,-107.46,18.71
2175,13.5,-365.64,-111.49,17.56
2176,-19.43,-559.49,-115.93,16.49
2177,3.98,-467.18,-106.11,36.9
2178,-35.25,-528.23,-102.62,14.71
2179,-58.39,-515.08,-104.03,5.71
2180,-23.77,-419.39,-100.97,36.06
2181,-21.61,-436.89,-97.55,31.58
2182,-28.71,-481.15,-99.24,19.99
2183,-4.69,-467.37,-102.88,23.41
2184,7.84,-350.5,-108.76,18.75
2185,8.73,-372.57,-110.09,16.73
2186,-36.58,-584.05,-110.96,21.7
2187,-41.29,-453.2,-106.99,12.01
2188,-6.43,-438.78,-109.22,19.63
2189,-31.03,-499.75,-112.68,25.42
2190,-12.93,-409.67,-104.82,34.48
2191,-49.42,-496.31,-92.96,25.89
2192,6.9,-432.98,-108.88,21.76
2193,-18.35,-289.71,-111.37,16.12
2194,-12.87,-502.96,-107.91,20.0
2195,-37.91,-601.82,-111.17,25.76
2196,-31.23,-449.52,-105.89,28.37
2197,-24.58,-497.35,-110.61,15.53
2198,1.94,-349.23,-99.48,30.52
2199,-28.35,-497.78,-101.64,31.64
2200,-29.1,-474.0,-101.95,29.37
2201,-42.01,-492.69,-99.54,27.69
2202,-19.37,-452.65,-97.43,24.1
2203,1.9,-370.19,-103.07,26.36
2204,-3.7,-370.83,-105.81,25.22
2205,-29.82,-518.57,-95.2,44.62
2206,-14.13,-528.9,-112.68,22.05
2207,-23.02,-451.75,-104.19,15.45
2208,-24.16,-449.96,-96.04,27.36
2209,-68.37,-517.3,-114.7,7.64
2210,6.22,-259.98,-112.53,12.64
2211,-18.31,-484.71,-97.06,29.18
2212,-3.6,-463.74,-104.13,22.56
2213,-31.62,-518.47,-104.93,16.79
2214,1.41,-423.17,-99.56,29.32
2215,-6.5,-458.54,-105.07,36.52
2216,-22.17,-472.21,-109.97,27.02
2217,-29.57,-497.26,-114.41,13.65
2218,-31.58,-512.32,-105.85,17.24
2219,-31.51,-508.76,-107.9,11.28
2220,-6.34,-318.91,-121.51,19.66
2221,16.95,-424.42,-99.85,37.4
2222,-34.68,-495.73,-105.95,29.59
2223,-11.48,-457.28,-109.79,20.44
2224,-20.41,-526.82,-106.98,31.42
2225,-29.47,-482.0,-106.34,30.68
2226,-16.24,-463.1,-107.06,31.52
2227,-13.65,-466.15,-107.14,30.15
2228,-15.35,-422.21,-111.82,18.62
2229,-8.49,-271.47,-110.97,26.48
2230,-15.83,-514.4,-102.34,31.77
2231,-18.81,-450.27,-104.99,20.54
2232,-20.38,-481.66,-108.49,41.86
2233,-20.31,-555.81,-103.12,39.81
2234,-26.86,-480.73,-104.2,32.06
2235,-19.95,-460.1,-104.61,24.16
2236,-16.22,-474.43,-107.04,33.95
2237,-25.06,-504.42,-110.58,37.97
2238,-32.54,-499.66,-110.79,17.79
2239,-27.86,-472.67,-111.88,38.63
2240,-14.71,-416.98,-95.16,47.77
2241,11.48,-371.37,-100.23,19.7
2242,-56.43,-504.88,-93.14,26.78
2243,-29.36,-482.6,-103.51,29.64
2244,-9.35,-459.86,-106.0,30.58
2245,6.02,-423.64,-108.56,27.2
2246,8.16,-200.74,-111.34,17.08
2247,-33.95,-548.17,-113.84,16.2
2248,-44.5,-605.62,-101.13,42.03
2249,-21.46,-482.74,-106.57,28.42
2250,-17.48,-459.11,-107.83,28.82
2251,-24.66,-478.48,-107.16,34.29
2252,-11.54,-463.86,-103.79,32.33
2253,-14.46,-455.23,-109.12,27.75
2254,-22.43,-461.91,-113.21,24.37
2255,-30.72,-543.59,-110.72,16.45
2256,-16.83,-301.65,-106.97,26.78
2257,-10.05,-454.84,-95.79,47.23
2258,-35.67,-488.48,-94.44,41.58
2259,-6.62,-467.71,-105.88,28.34
2260,-17.24,-466.86,-105.71,27.43
2261,-14.02,-463.22,-101.92,32.21
2262,-19.81,-474.66,-101.46,29.25
2263,-20.97,-473.01,-100.12,29.66
2264,-14.56,-344.04,-104.41,25.91
2265,-22.99,-528.32,-107.55,27.72
2266,-13.06,-470.46,-102.46,29.12
2267,-11.05,-468.18,-105.01,31.55
2268,-10.01,-456.29,-104.75,31.73
2269,-28.55,-488.73,-103.19,25.38
2270,-33.69,-541.99,-108.81,21.79
2271,4.4,-320.07,-102.38,28.91
2272,-21.51,-447.15,-102.93,41.62
2273,-16.39,-470.61,-100.55,46.14
2274,-15.13,-455.0,-98.42,36.81
2275,-28.6,-464.46,-104.39,27.63
2276,-13.19,-459.12,-101.94,29.58
2277,-25.44,-481.11,-102.15,30.68
2278,-0.93,-382.48,-100.54,33.44
2279,-20.6,-482.66,-103.38,33.2
2280,-36.8,-473.85,-97.87,32.04
2281,-19.78,-482.46,-95.98,31.08
2282,-24.02,-472.17,-104.56,28.58
2283,-3.4,-428.8,-107.0,26.32
2284,-23.34,-451.49,-100.98,31.39
2285,-25.17,-499.99,-105.12,35.03
2286,-15.91,-369.51,-106.83,31.56
2287,-21.65,-409.91,-102.14,25.41
2288,-12.64,-500.64,-95.29,35.97
2289,-18.67,-480.69,-99.57,35.63
2290,-7.42,-409.9,-98.42,32.6
2291,-20.01,-436.38,-101.15,36.94
2292,-16.99,-494.1,-102.03,14.64
2293,-23.16,-485.86,-102.22,26.21
2294,-49.78,-569.91,-104.48,46.78
2295,-3.41,-365.65,-98.82,34.21
2296,-19.47,-450.87,-102.59,24.77
2297,-19.59,-436.8,-103.03,30.4
2298,-8.48,-325.0,-100.26,18.48
2299,-6.46,-374.16,-101.63,24.34
2300,-38.81,-577.81,-105.45,25.67
2301,-23.42,-488.74,-104.55,20.24
2302,-6.28,-428.6,-97.57,35.53
2303,-9.14,-403.71,-99.73,33.99
2304,-32.3,-513.36,-101.94,36.68
2305,-5.49,-460.4,-112.54,18.54
2306,-28.48,-442.12,-103.32,9.33
2307,-30.81,-445.52,-98.66,38.08
2308,-8.97,-490.16,-100.87,22.53
2309,-26.45,-441.42,-101.73,22.91
2310,17.72,-285.52,-108.16,25.19
2311,-14.4,-510.86,-102.09,29.33
2312,-35.57,-550.24,-107.51,26.52
2313,-19.99,-494.46,-106.91,30.03
2314,0.46,-324.74,-96.33,35.56
2315,-14.9,-479.17,-102.23,27.61
2316,-35.17,-505.27,-100.78,29.32
2317,-21.15,-451.9,-113.61,19.43
2318,13.95,-405.58,-108.42,33.91
2319,-29.39,-506.97,-114.3,28.83
2320,-25.47,-462.45,-107.03,29.14
2321,-13.27,-435.49,-104.94,28.47
2322,-11.52,-401.75,-106.79,28.2
2323,-34.41,-420.63,-101.81,35.1
2324,2.07,-508.58,-109.19,19.92
2325,-25.52,-358.58,-112.48,19.56
2326,-14.01,-451.44,-95.44,34.27
2327,-20.36,-524.25,-113.19,18.27
2328,14.45,-405.96,-114.13,18.39
2329,-4.64,-454.19,-102.38,23.78
2330,-48.68,-558.97,-98.86,25.19
2331,4.19,-441.81,-108.51,32.0
2332,13.79,-415.26,-109.28,15.14
2333,-45.29,-410.62,-107.99,28.01
2334,-57.41,-475.42,-96.58,32.29
2335,19.72,-193.27,-116.49,7.09
2336,2.45,-585.82,-109.95,34.47
2337,37.0,-376.32,-104.42,30.78
2338,-17.85,-383.44,-109.31,20.83
2339,-32.85,-433.16,-110.72,11.23
2340,-0.18,-489.58,-113.46,19.02
2341,-20.69,-512.11,-111.02,18.05
2342,-31.19,-507.39,-108.61,22.03
2343,-1.66,-393.18,-109.11,19.25
2344,-11.57,-327.42,-109.95,15.28
2345,2.11,-427.87,-106.7,29.41
2346,-51.49,-637.85,-104.71,29.81
2347,-60.28,-538.56,-104.38,31.43
2348,35.78,-366.3,-103.54,26.57
2349,0.03,-403.78,-100.8,29.22
2350,14.71,-376.16,-97.0,39.12
2351,-32.49,-509.88,-110.29,36.31
2352,6.11,-487.53,-108.05,32.27
2353,-27.6,-505.92,-100.18,34.02
2354,-39.22,-496.58,-105.35,28.42
2355,-8.75,-447.98,-105.55,26.3
2356,-9.03,-432.36,-100.55,32.49
2357,-33.81,-568.02,-100.88,29.12
2358,-27.82,-368.05,-97.89,37.06
2359,-10.94,-352.47,-105.87,22.74
2360,-14.17,-554.87,-93.85,28.6
2361,-7.47,-524.44,-97.38,29.49
2362,-4.62,-443.22,-96.83,29.79
2363,-25.13,-218.37,-113.63,17.31
2364,-3.04,-490.52,-97.97,40.65
2365,-49.18,-607.1,-105.34,38.52
2366,-33.66,-514.45,-99.17,27.53
2367,6.31,-355.0,-96.94,29.29
2368,19.29,-449.61,-99.12,32.31
2369,-30.93,-440.75,-96.58,34.98
2370,-24.01,-537.49,-97.45,34.27
2371,-26.77,-501.94,-101.03,29.99
2372,17.87,-436.96,-99.1,27.76
2373,-3.03,-439.87,-101.69,30.56
2374,-14.57,-441.11,-91.77,35.05
2375,-5.88,-411.83,-101.47,27.03
2376,-9.94,-399.67,-112.34,17.15
2377,-11.23,-561.25,-107.92,20.97
2378,-29.8,-463.53,-93.07,32.05
2379,-29.64,-398.88,-111.83,13.86
2380,-30.26,-573.56,-97.77,34.97
2381,-68.52,-517.92,-100.06,27.17
2382,25.6,-434.94,-97.33,26.07
2383,-16.42,-493.62,-98.94,26.09
2384,-5.82,-390.26,-100.91,28.2
2385,-18.93,-508.9,-105.1,26.65
2386,-23.56,-507.01,-103.6,23.86
2387,-5.51,-329.36,-96.28,30.81
2388,27.42,-371.14,-102.65,24.22
2389,2.98,-435.55,-108.04,28.77
2390,-9.31,-527.21,-100.37,31.39
2391,-20.52,-487.23,-94.63,28.2
2392,-15.16,-459.71,-109.09,27.64
2393,-38.53,-564.78,-100.59,41.26
2394,-14.91,-440.89,-104.31,30.49
2395,1.41,-463.32,-110.95,22.43
2396,-23.47,-551.61,-104.65,29.78
2397,-39.81,-508.57,-103.74,27.83
2398,-23.07,-512.47,-104.75,30.76
2399,-17.31,-474.87,-101.23,33.18
2400,-24.27,-372.3,-102.46,32.01
2401,-20.74,-471.85,-101.37,29.84
2402,-63.42,-464.02,-106.0,29.58
2403,55.47,-304.04,-105.63,30.06
2404,-18.77,-591.25,-106.09,38.85
2405,-16.6,-492.87,-96.17,35.13
2406,-28.58,-404.72,-106.86,25.09
2407,12.24,-462.3,-106.39,31.86
2408,6.96,-496.16,-105.96,29.31
2409,-29.96,-534.33,-102.26,23.79
2410,7.13,-420.15,-102.59,38.29
2411,-15.28,-489.51,-99.43,33.37
2412,-18.26,-492.68,-99.81,32.68
2413,-0.31,-480.43,-91.65,37.27
2414,-28.92,-494.25,-101.28,34.47
2415,-3.87,-405.79,-110.8,18.6
2416,-16.78,-518.54,-102.63,34.35
2417,-34.14,-382.09,-106.42,28.87
2418,-27.38,-454.89,-105.72,34.52
2419,-45.23,-541.55,-112.08,23.01
2420,-12.35,-484.49,-115.7,31.36
2421,-19.64,-403.26,-102.96,32.29
2422,-7.31,-534.97,-101.77,33.95
2423,16.16,-458.07,-108.03,27.06
2424,-5.44,-441.76,-98.74,34.32
2425,-10.11,-403.09,-100.08,27.25
2426,-29.83,-525.96,-106.11,25.54
2427,-30.66,-519.82,-102.65,29.82
2428,-13.32,-496.07,-88.31,32.73
2429,63.1,-271.2,-101.27,34.43
2430,-57.15,-514.3,-115.39,24.43
2431,-30.45,-516.15,-105.67,34.69
2432,-21.81,-450.34,-99.96,36.94
2433,-5.87,-541.4,-112.81,16.4
2434,-35.92,-477.9,-105.2,32.45
2435,-13.74,-464.27,-105.58,26.28
2436,-16.93,-447.22,-97.42,34.91
2437,-17.42,-463.96,-84.56,40.48
2438,-27.12,-479.75,-103.79,30.11
2439,-2.2,-328.15,-120.56,19.6
2440,25.72,-327.77,-108.18,27.9
2441,-34.25,-580.77,-110.95,31.89
2442,-14.1,-511.06,-112.3,26.66
2443,-5.46,-512.55,-101.83,38.76
2444,-23.93,-463.36,-103.86,35.23
2445,-49.93,-472.67,-104.09,23.53
2446,-64.71,-567.64,-100.35,33.64
2447,40.8,-262.62,-114.01,10.33
2448,34.98,-420.52,-99.34,28.62
2449,22.24,-357.1,-92.41,37.55
2450,-57.47,-617.1,-111.73,27.13
2451,-8.05,-376.45,-103.45,29.18
2452,-22.02,-530.73,-105.2,20.0
2453,-20.24,-542.9,-99.51,29.25
2454,-33.05,-497.37,-104.26,22.74
2455,-33.85,-493.64,-98.17,29.84
2456,7.88,-433.39,-102.11,28.08
2457,0.86,-424.48,-96.6,28.61
2458,-37.86,-540.43,-105.22,15.45
2459,-27.86,-489.82,-109.76,20.47
2460,3.01,-346.92,-105.85,24.99
2461,3.11,-426.6,-107.19,25.76
2462,-10.76,-459.88,-95.38,25.05
2463,26.1,-417.23,-94.34,25.13
2464,-31.94,-466.0,-94.02,23.45
2465,-10.63,-421.43,-97.31,30.32
2466,-23.45,-484.04,-101.97,24.61
2467,19.49,-365.54,-94.89,27.33
2468,-52.93,-561.61,-90.37,29.57
2469,-19.38,-414.57,-97.4,28.93
2470,-18.09,-494.67,-111.03,23.48
2471,-51.73,-564.16,-100.88,20.66
2472,8.75,-504.44,-105.04,12.07
2473,15.67,-299.23,-104.22,24.96
2474,-1.04,-436.96,-92.88,42.99
2475,-27.79,-517.53,-103.6,24.61
2476,-9.5,-487.1,-107.62,20.76
2477,-17.08,-444.58,-99.98,20.87
2478,-10.56,-347.5,-102.15,24.36
2479,2.4,-477.92,-96.04,36.02
2480,-65.42,-621.25,-106.27,18.66
2481,-30.92,-500.93,-108.91,18.49
2482,-8.99,-308.99,-103.51,27.63
2483,4.17,-424.67,-98.64,37.13
2484,-37.95,-479.92,-93.54,33.14
2485,-18.44,-501.41,-107.73,16.49
2486,17.32,-460.51,-102.73,27.75
2487,8.82,-405.24,-105.19,23.33
2488,-30.56,-507.38,-104.67,23.28
2489,-17.27,-481.76,-104.16,28.17
2490,-12.39,-460.58,-103.81,33.65
2491,5.7,-434.93,-93.57,30.61
2492,-46.82,-386.28,-97.37,27.12
2493,-22.33,-541.02,-115.41,15.95
2494,-35.74,-460.39,-104.73,24.3
2495,-21.7,-579.42,-101.39,28.16
2496,-11.32,-336.38,-106.75,25.97
2497,-9.38,-436.31,-104.12,26.08
2498,-11.42,-455.94,-105.92,25.21
2499,-15.95,-544.38,-106.22,22.51
2500,-13.76,-456.45,-104.18,26.8
2501,-13.92,-436.57,-102.96,21.89
2502,-19.14,-430.75,-102.58,20.12
2503,-11.45,-492.94,-105.81,27.04
2504,-12.53,-421.29,-103.61,27.12
2505,-7.07,-555.58,-97.55,35.09
2506,-52.04,-456.6,-105.47,31.73
2507,6.21,-272.47,-112.67,26.35
2508,-21.91,-533.24,-105.32,28.86
2509,-34.03,-505.28,-108.66,27.16
2510,-21.92,-482.91,-105.72,25.32
2511,-29.45,-494.22,-102.04,21.65
2512,14.21,-391.5,-112.94,23.63
2513,1.6,-468.13,-102.55,30.72
2514,-24.56,-395.23,-92.2,35.94
2515,-23.75,-545.98,-89.4,43.48
2516,-11.1,-446.83,-112.11,19.79
2517,-3.21,-450.29,-112.82,18.65
2518,-17.74,-481.06,-107.66,25.85
2519,-7.31,-477.18,-110.19,25.36
2520,4.16,-344.79,-111.77,22.64
2521,-30.18,-552.95,-107.71,29.65
2522,-9.9,-386.94,-100.27,32.68
2523,-14.78,-445.61,-104.25,46.22
2524,-41.63,-504.81,-107.96,31.44
2525,-7.65,-457.01,-98.25,25.81
2526,-12.95,-502.21,-107.58,29.23
2527,-18.41,-489.75,-108.95,32.95
2528,-25.44,-479.46,-109.41,28.65
2529,-6.3,-415.69,-106.28,32.12
2530,-33.19,-435.59,-96.22,41.98
2531,11.11,-405.26,-100.64,33.45
2532,-28.57,-546.67,-101.19,32.82
2533,-7.49,-478.91,-103.94,26.88
2534,-13.07,-451.33,-103.52,32.61
2535,-23.4,-526.33,-104.24,24.63
2536,-3.8,-483.73,-107.41,24.01
2537,8.72,-332.65,-105.07,24.75
2538,-49.34,-338.24,-93.2,42.67
2539,8.21,-440.29,-108.31,30.9
2540,-1.2,-529.34,-100.22,30.62
2541,-30.24,-513.5,-99.4,36.79
2542,-24.36,-482.49,-109.73,30.89
2543,-25.64,-526.04,-112.98,26.49
2544,-16.0,-438.77,-110.1,22.01
2545,44.1,-347.14,-104.72,35.52
2546,-30.72,-462.51,-93.68,41.03
2547,-34.29,-474.64,-106.23,23.63
2548,-33.98,-491.03,-100.35,26.2
2549,-15.42,-475.35,-105.59,26.93
2550,-12.8,-446.1,-108.48,29.95
2551,-11.51,-433.86,-102.67,21.2
2552,-3.05,-426.29,-90.1,36.7
2553,-32.04,-476.26,-107.9,26.05
2554,4.95,-433.03,-104.78,27.11
2555,-13.96,-429.98,-101.11,26.96
2556,5.91,-517.44,-97.53,31.15
2557,-11.69,-464.76,-104.46,25.94
2558,-26.27,-466.01,-99.1,30.92
2559,-6.2,-524.45,-101.59,35.2
2560,-7.92,-431.78,-112.16,22.84
2561,-13.21,-443.92,-108.11,25.93
2562,-15.42,-409.33,-103.27,33.39
2563,-6.83,-479.09,-105.76,34.15
2564,-17.39,-467.18,-101.6,30.98
2565,-26.76,-518.49,-100.26,29.48
2566,10.53,-460.75,-95.23,34.86
2567,16.52,-354.42,-99.89,30.51
2568,-50.29,-507.25,-95.49,35.0
2569,-18.65,-457.88,-105.99,28.22
2570,0.89,-324.48,-96.26,37.11
2571,-43.52,-470.24,-105.27,31.71
2572,4.18,-536.02,-103.0,34.37
2573,-6.94,-432.32,-101.63,24.32
2574,-8.18,-431.28,-105.8,20.84
2575,-36.9,-495.04,-96.56,28.39
2576,-1.34,-514.32,-99.02,28.06
2577,-14.51,-460.36,-101.74,29.33
2578,-7.9,-452.69,-102.9,33.72
2579,1.05,-478.68,-103.64,29.44
2580,-0.17,-446.95,-95.82,33.47
2581,-5.2,-421.18,-105.05,28.5
2582,-12.54,-443.08,-101.08,36.15
2583,-12.25,-475.53,-99.69,30.36
2584,-23.06,-500.3,-101.43,30.74
2585,6.47,-337.08,-107.44,27.15
2586,-5.8,-356.45,-108.06,30.79
2587,-34.65,-590.75,-98.59,38.65
2588,-12.27,-493.37,-96.79,33.42
2589,-32.27,-533.58,-106.54,34.43
2590,11.32,-427.49,-102.97,36.44
2591,-0.53,-388.9,-110.18,25.13
2592,-31.46,-448.43,-106.83,29.94
2593,-23.77,-470.35,-103.87,32.92
2594,-1.16,-446.91,-97.1,34.08
2595,-21.47,-483.52,-93.91,39.17
2596,-29.29,-521.98,-121.13,15.0
2597,0.24,-506.03,-111.54,14.25
2598,20.82,-370.38,-97.12,32.08
2599,0.95,-369.44,-103.18,31.81
2600,-5.97,-463.73,-110.14,22.08
2601,-5.3,-465.01,-102.76,24.52
2602,-24.15,-465.88,-107.79,22.56
2603,-41.17,-577.87,-107.43,20.37
2604,1.92,-390.55,-95.32,27.09
2605,-4.61,-446.99,-105.1,24.18
2606,41.23,-372.29,-100.49,32.05
2607,-41.6,-538.99,-106.61,25.07
2608,-63.27,-503.98,-104.86,24.97
2609,-10.43,-490.91,-100.84,17.43
2610,-3.21,-382.33,-106.07,19.77
2611,14.28,-382.92,-103.92,26.11
2612,0.59,-458.79,-112.14,22.44
2613,-30.99,-534.47,-108.32,30.13
2614,-8.45,-201.02,-108.37,22.58
2615,-0.79,-629.52,-105.68,35.51
2616,-29.63,-560.47,-111.62,18.38
2617,-10.1,-446.09,-101.54,33.94
2618,6.47,-396.78,-112.88,23.09
2619,-6.93,-444.76,-105.84,22.54
2620,2.93,-470.27,-98.51,21.22
2621,-46.83,-465.88,-90.42,23.04
2622,-22.54,-477.63,-102.81,15.59
2623,10.2,-464.82,-106.96,31.09
2624,-7.96,-454.87,-93.14,31.77
2625,-16.81,-436.0,-109.31,22.32
2626,-51.05,-533.86,-112.86,20.89
2627,-1.1,-417.98,-111.63,22.79
2628,-22.68,-403.89,-86.43,29.12
2629,-77.49,-612.17,-110.37,18.84
2630,43.13,-280.09,-94.52,31.68
2631,-7.11,-437.89,-98.33,23.2
2632,31.76,-335.16,-105.27,16.27
2633,-44.25,-465.8,-98.89,34.18
2634,-10.93,-533.99,-107.29,19.46
2635,19.56,-446.98,-106.5,19.72
2636,-25.59,-479.71,-106.0,24.99
2637,1.99,-470.68,-106.0,20.89
2638,9.1,-425.5,-104.57,26.11
2639,13.17,-462.68,-105.06,20.88
2640,-57.29,-477.82,-109.0,21.36
2641,-12.67,-469.79,-105.3,34.36
2642,-39.78,-464.83,-117.87,19.99
2643,-8.06,-464.93,-100.18,24.62
2644,-12.48,-420.09,-105.04,26.47
2645,4.91,-387.41,-109.4,14.65
2646,-27.93,-411.96,-111.94,17.16
2647,-59.16,-526.35,-108.77,27.28
2648,23.9,-495.72,-107.36,20.4
2649,3.34,-452.72,-107.05,25.99
2650,-6.71,-477.07,-106.86,25.99
2651,17.63,-334.87,-102.92,25.85
2652,-16.7,-506.1,-112.95,22.06
2653,-1.63,-525.85,-100.07,23.14
2654,-27.95,-459.08,-112.01,16.68
2655,5.73,-395.59,-99.2,22.32
2656,9.51,-414.8,-109.98,20.78
2657,-7.61,-455.95,-102.09,21.04
2658,-14.45,-436.94,-94.44,26.5
2659,-28.93,-568.3,-91.09,31.45
2660,-42.96,-483.23,-119.62,11.98
2661,-20.69,-442.33,-107.87,19.7
2662,10.84,-430.86,-109.03,12.34
2663,-14.0,-492.0,-104.54,21.42
2664,-11.73,-367.16,-107.61,12.55
2665,-6.99,-449.23,-107.22,16.33
2666,-18.4,-566.19,-98.58,17.45
2667,-20.17,-466.06,-102.29,20.56
2668,1.08,-451.86,-107.51,23.77
2669,0.27,-466.99,-96.09,27.79
2670,-21.79,-452.7,-99.88,21.4
2671,-29.28,-456.34,-114.62,17.56
2672,-4.03,-416.93,-106.71,25.49
2673,17.59,-422.47,-102.14,25.36
2674,-21.52,-390.0,-86.93,27.9
2675,-40.2,-519.89,-70.72,39.27
2676,-26.86,-548.86,-128.93,8.2
2677,-1.96,-412.13,-105.94,22.1
2678,-5.04,-431.5,-104.56,15.26
2679,-8.28,-503.1,-96.49,31.61
2680,-4.07,-460.67,-105.21,24.47
2681,-6.73,-451.85,-104.21,20.16
2682,-1.26,-423.45,-111.65,20.93
2683,-11.95,-409.91,-116.42,19.2
2684,-4.31,-457.37,-103.48,30.5
2685,-48.5,-547.56,-126.88,7.16
2686,-36.18,-497.09,-109.89,34.82
2687,41.83,-232.26,-93.77,42.12
2688,4.94,-436.35,-94.65,44.45
2689,-48.25,-550.07,-112.18,15.72
2690,-33.7,-536.7,-93.31,25.33
2691,-8.77,-484.92,-91.98,26.58
2692,-26.47,-463.81,-98.82,35.5
2693,-12.72,-461.14,-99.08,29.4
2694,-1.87,-465.74,-107.01,23.67
2695,-54.48,-578.27,-116.23,14.89
2696,12.65,-356.16,-108.4,23.65
2697,-53.62,-560.76,-79.21,23.58
2698,-1.34,-427.69,-106.45,33.79
2699,-1.8,-430.57,-110.93,31.21
2700,-35.97,-506.23,-111.89,13.88
2701,-27.52,-497.74,-109.39,16.01
2702,-23.6,-445.51,-107.64,27.3
2703,-8.83,-196.62,-98.35,18.56
2704,6.27,-365.67,-111.55,9.76
2705,-54.67,-639.81,-90.19,40.27
2706,35.59,-421.96,-98.67,40.03
2707,13.4,-476.1,-99.67,32.09
2708,-54.82,-549.81,-101.92,19.82
2709,-8.48,-446.93,-102.66,26.32
2710,26.93,-437.08,-90.89,24.93
2711,-25.98,-521.23,-109.85,17.26
2712,-5.88,-423.69,-112.11,23.15
2713,-29.86,-500.27,-66.68,26.27
2714,-5.59,-477.61,-104.49,27.88
2715,-16.21,-468.73,-124.71,13.33
2716,-34.81,-450.14,-112.62,19.52
2717,-17.04,-568.31,-107.67,18.35
2718,10.08,-336.77,-102.44,26.41
2719,-29.2,-489.95,-115.83,25.54
2720,-3.17,-377.59,-109.06,22.16
2721,16.99,-422.74,-98.61,36.25
2722,-39.54,-545.69,-113.92,12.02
2723,-17.28,-460.08,-103.7,19.38
2724,-31.75,-493.57,-109.56,17.27
2725,-17.83,-439.28,-101.23,21.74
2726,-0.66,-480.28,-98.19,19.87
2727,-26.91,-523.68,-109.58,12.09
2728,1.12,-436.49,-102.81,22.89
2729,5.09,-414.85,-114.16,13.12
2730,-20.29,-470.84,-99.06,27.21
2731,-11.12,-461.56,-106.47,28.17
2732,-40.71,-527.48,-107.6,15.06
2733,-17.66,-465.86,-120.94,22.45
2734,-17.14,-350.12,-111.07,17.79
2735,9.04,-341.25,-105.77,22.9
2736,-22.51,-596.08,-104.27,27.82
2737,-34.48,-578.75,-105.33,24.42
2738,-34.61,-462.04,-102.45,23.4
2739,-6.47,-447.44,-100.55,25.94
2740,-11.27,-459.48,-97.65,25.91
2741,-39.44,-521.09,-104.52,21.11
2742,2.24,-377.34,-105.39,27.98
2743,-8.39,-435.67,-105.09,20.79
2744,-2.61,-480.46,-109.96,20.99
2745,-2.04,-469.18,-99.78,30.97
2746,-22.9,-481.11,-100.5,19.18
2747,0.83,-437.73,-101.52,26.83
2748,-15.91,-455.3,-109.47,24.07
2749,-31.32,-470.97,-105.76,28.89
2750,-24.84,-460.31,-110.77,22.51
2751,-11.85,-436.12,-107.06,25.14
2752,-31.91,-549.86,-108.43,28.06
2753,-24.07,-519.29,-108.55,24.57
2754,-1.39,-436.9,-101.05,37.11
2755,-14.15,-450.7,-97.84,28.28
2756,-30.82,-510.12,-100.74,29.13
2757,5.31,-412.35,-103.95,33.81
2758,-28.69,-431.14,-99.77,33.07
2759,-22.83,-390.04,-99.06,29.53
2760,-5.96,-415.15,-103.19,30.13
2761,4.19,-478.27,-108.22,29.88
2762,-13.18,-509.94,-109.32,27.82
2763,-34.91,-558.94,-105.99,26.46
2764,-20.64,-428.22,-103.78,25.83
2765,-28.01,-484.14,-102.99,24.44
2766,17.25,-461.6,-102.42,35.24
2767,-21.57,-414.26,-109.45,29.82
2768,-30.03,-438.99,-111.82,26.32
2769,-17.61,-516.5,-115.85,25.13
2770,-12.26,-434.13,-109.07,29.32
2771,-6.46,-469.81,-107.4,32.23
2772,-33.05,-468.49,-105.76,26.05
2773,-38.11,-418.74,-95.7,27.72
2774,22.88,-360.51,-114.29,22.4
2775,25.73,-417.84,-112.59,20.46
2776,-59.97,-596.45,-106.26,20.4
2777,-9.45,-429.83,-102.36,29.6
2778,-29.74,-466.17,-103.99,29.7
2779,4.3,-511.6,-98.36,33.1
2780,-28.84,-438.72,-116.73,16.43
2781,-3.26,-405.95,-110.04,17.65
2782,-24.91,-528.56,-98.41,21.33
2783,25.61,-339.55,-98.09,25.4
2784,-30.08,-483.28,-101.25,24.87
2785,-37.66,-458.04,-99.99,19.37
2786,-24.28,-448.71,-104.93,24.53
2787,19.71,-460.08,-101.06,28.42
2788,-30.92,-500.02,-104.63,26.55
2789,-7.79,-449.07,-94.0,26.81
2790,-19.45,-529.74,-112.56,19.87
2791,-3.61,-455.79,-99.84,21.83
2792,-45.06,-455.3,-99.3,23.86
2793,-32.32,-443.62,-93.71,29.04
2794,2.61,-412.34,-109.16,13.39
2795,-33.37,-424.91,-99.55,21.4
2796,-64.83,-439.8,-93.42,26.55
2797,4.3,-521.2,-95.04,31.64
2798,-7.25,-440.08,-106.74,22.7
2799,38.92,-422.35,-106.99,25.35
2800,-112.56,-414.69,-104.57,28.86
2801,37.84,-464.32,-98.03,34.72
2802,-11.19,-500.9,-101.48,23.12
2803,24.14,-481.63,-96.48,24.23
2804,13.47,-443.88,-94.04,20.93
2805,7.71,-483.1,-100.59,20.75
2806,0.04,-466.64,-100.94,26.49
2807,-13.66,-468.25,-98.18,15.76
2808,22.35,-287.12,-95.15,16.0
2809,-8.62,-487.41,-110.41,27.24
2810,-24.11,-507.22,-98.49,26.05
2811,-33.65,-533.01,-101.94,25.5
2812,-10.94,-472.44,-105.09,21.03
2813,-16.78,-518.94,-108.1,20.84
2814,8.12,-309.33,-102.11,17.7
2815,-24.47,-521.46,-101.37,23.38
2816,-32.6,-544.19,-100.91,31.3
2817,-71.19,-389.28,-98.32,25.71
2818,31.99,-504.37,-107.83,19.23
2819,47.09,-436.57,-112.26,11.94
2820,5.28,-445.28,-103.65,27.56
2821,7.07,-475.43,-107.73,21.48
2822,-21.7,-477.91,-99.85,24.8
2823,-35.98,-467.89,-108.19,15.27
2824,11.51,-376.56,-107.56,19.08
2825,-1.01,-490.93,-97.71,25.06
2826,6.43,-457.83,-98.91,22.64
2827,6.55,-437.04,-106.71,26.43
2828,-33.6,-570.35,-108.69,24.06
2829,-7.54,-406.34,-108.33,22.64
2830,-25.5,-482.24,-108.2,16.51
2831,-36.98,-464.49,-110.08,13.11
2832,-18.09,-483.37,-103.18,19.07
2833,-28.4,-441.51,-97.27,25.95
2834,-9.12,-401.09,-107.85,9.66
2835,9.76,-419.27,-108.48,10.7
2836,3.64,-495.76,-98.33,17.76
2837,12.86,-434.2,-106.25,10.75
2838,-6.51,-415.07,-110.42,10.67
2839,8.46,-485.21,-104.4,15.08
2840,-92.53,-510.56,-100.22,21.07
2841,24.35,-446.26,-103.11,15.1
2842,0.3,-469.99,-108.6,13.6
2843,28.87,-357.77,-111.86,15.61
2844,-6.61,-433.63,-107.72,18.77
2845,-31.75,-568.73,-106.78,13.36
2846,-22.86,-519.2,-109.18,10.77
2847,-16.61,-462.58,-101.03,12.26
2848,-6.74,-368.79,-106.82,17.47
2849,-8.69,-458.98,-114.02,14.08
2850,-23.73,-546.79,-108.19,12.91
2851,-19.72,-444.37,-103.37,15.63
2852,-38.35,-410.71,-97.99,23.05
2853,3.06,-435.92,-105.86,6.61
2854,-7.27,-444.35,-102.91,18.6
2855,-57.42,-499.05,-102.98,16.87
2856,21.44,-436.65,-109.3,18.94
2857,6.62,-430.71,-106.67,10.33
2858,-14.56,-486.45,-100.62,16.28
2859,16.24,-483.34,-111.56,15.75
2860,-14.28,-464.7,-104.35,13.98
2861,7.3,-517.43,-96.56,20.81
2862,-43.47,-438.64,-104.54,18.79
2863,-27.63,-457.6,-106.49,16.84
2864,12.88,-454.67,-106.06,17.02
2865,-28.76,-495.34,-97.62,21.15
2866,-23.44,-447.13,-102.88,16.1
2867,-27.63,-478.04,-94.75,21.24
2868,-14.54,-433.73,-100.64,17.45
2869,-9.86,-438.46,-106.45,13.98
2870,-42.34,-475.72,-108.04,12.61
2871,15.61,-396.67,-101.42,19.12
2872,-64.6,-547.39,-92.45,29.11
2873,7.83,-426.28,-97.65,16.91
2874,41.25,-397.21,-98.12,8.25
2875,-13.23,-515.12,-106.74,20.19
2876,-26.75,-481.2,-104.36,16.23
2877,-46.44,-488.0,-96.49,15.03
2878,-38.19,-266.33,-105.97,7.67
2879,-7.25,-466.48,-104.91,21.11
2880,45.27,-437.09,-102.08,22.39
2881,-40.97,-495.3,-101.41,17.09
2882,-16.03,-511.98,-95.76,19.68
2883,9.85,-442.46,-98.3,22.18
2884,-2.17,-466.65,-96.88,18.65
2885,-22.52,-483.52,-98.93,14.73
2886,-33.14,-500.68,-94.45,16.99
2887,-22.78,-487.0,-97.24,16.32
2888,-30.11,-497.66,-97.97,14.04
2889,-28.99,-496.96,-107.37,4.8
2890,-24.32,-508.15,-98.82,18.26
2891,-48.19,-449.15,-99.52,14.08
2892,17.37,-390.83,-102.76,12.17
2893,-25.93,-451.4,-84.15,30.29
2894,9.14,-338.83,-103.8,11.84
2895,-51.63,-500.9,-93.81,22.61
2896,-53.7,-501.47,-100.15,13.54
2897,18.42,-359.53,-105.45,15.36
2898,-19.23,-374.54,-106.85,12.05
2899,-9.97,-548.04,-110.7,12.98
2900,19.61,-503.64,-105.4,16.61
2901,-36.73,-528.95,-106.91,21.14
2902,8.91,-463.6,-111.83,22.09
2903,24.21,-410.96,-106.69,20.09
2904,-18.25,-474.13,-97.47,26.03
2905,-19.13,-481.79,-102.33,20.89
2906,-25.29,-527.9,-108.37,20.78
2907,-22.02,-461.05,-101.95,20.2
2908,-59.29,-457.95,-100.11,28.46
2909,12.58,-482.56,-101.22,21.32
2910,-41.66,-481.45,-100.29,19.92
2911,-26.6,-504.03,-104.54,20.57
2912,-6.48,-333.56,-111.19,22.2
2913,13.79,-485.68,-104.59,26.76
2914,-96.21,-367.62,-90.2,29.17
2915,-11.71,-484.06,-102.54,25.2
2916,7.62,-565.8,-109.19,9.69
2917,57.95,-357.12,-110.98,16.33
2918,24.91,-448.99,-106.12,18.23
2919,-4.83,-487.27,-102.32,23.62
2920,-0.59,-460.42,-113.09,22.07
2921,51.32,-397.71,-180.4,-4.62
2922,0.07,-441.81,-127.25,14.34
2923,-17.94,-396.98,-83.94,23.27
2924,-35.19,-553.93,-83.34,30.61
2925,-41.54,-507.73,-92.45,16.92
2926,-87.49,-466.41,-88.05,20.61
2927,4.15,-383.53,-83.55,21.42
2928,-152.83,-434.62,-123.3,18.01
2929,-11.98,-569.28,-110.57,10.75
2930,-111.16,-466.53,-78.86,34.58
2931,140.78,-506.95,-105.35,7.8
2932,-2.65,-508.14,-101.6,16.45
2933,-10.65,-459.16,-97.54,27.81
2934,-21.66,-462.35,-96.51,19.22
2935,14.35,-458.19,-100.09,14.09
2936,-2.57,-477.55,-105.08,18.42
2937,12.88,-426.4,-107.95,14.18
2938,-20.59,-450.51,-105.41,12.46
2939,-22.41,-515.54,-104.33,18.12
2940,-8.33,-434.4,-111.58,15.83
2941,-42.52,-450.05,-100.44,13.8
2942,-3.22,-503.34,-114.77,12.47
2943,-3.57,-409.48,-106.17,20.12
2944,-52.96,-654.05,-113.22,15.27
2945,-48.41,-362.54,-106.22,15.64
2946,23.11,-317.11,-99.7,18.47
2947,-23.97,-487.74,-106.73,13.13
2948,-76.67,-469.92,-106.78,7.26
2949,20.02,-414.65,-107.73,10.5
2950,-5.91,-575.38,-101.12,24.98
2951,12.93,-410.32,-102.23,26.57
2952,-14.54,-497.45,-103.91,14.86
2953,-32.83,-486.76,-98.56,18.45
2954,-23.1,-468.11,-107.51,10.99
2955,-6.16,-495.66,-98.03,19.46
2956,-10.03,-481.81,-101.19,19.92
2957,-11.69,-448.63,-101.41,16.82
2958,-30.72,-477.13,-99.09,25.25
2959,-40.91,-530.42,-104.73,13.24
2960,-52.0,-554.92,-107.88,15.41
2961,-35.12,-359.63,-104.15,19.0
2962,37.27,-440.98,-109.63,20.31
2963,-7.48,-494.41,-108.48,15.91
2964,-25.27,-349.48,-106.53,10.59
2965,-47.56,-458.06,-92.52,32.27
2966,5.14,-406.61,-107.33,19.02
2967,-4.25,-513.25,-104.38,17.1
2968,-7.69,-509.63,-104.87,19.28
2969,-27.44,-496.54,-108.09,22.75
2970,-4.75,-474.69,-112.25,15.39
2971,-49.53,-485.4,-102.09,30.56
2972,-10.3,-490.4,-117.59,18.68
2973,-28.28,-478.6,-110.37,5.03
2974,-3.63,-396.94,-109.08,15.04
2975,12.17,-435.88,-102.01,30.56
2976,-14.52,-477.37,-104.83,20.57
2977,-17.97,-474.64,-102.61,24.63
2978,-70.08,-469.93,-104.02,11.25
2979,-142.29,-596.08,-100.66,11.86
2980,97.39,-304.66,-116.81,15.31
2981,29.26,-403.72,-103.51,23.78
2982,-5.31,-550.34,-104.07,17.08
2983,-48.73,-548.1,-103.45,19.9
2984,-17.22,-509.15,-93.35,23.39
2985,10.13,-334.86,-96.14,14.19
2986,23.35,-357.64,-104.61,11.05
2987,-28.74,-446.64,-97.67,13.31
2988,-0.52,-526.23,-100.43,12.97
2989,-13.58,-477.2,-99.24,12.15
2990,-50.1,-507.92,-101.88,8.52
2991,23.19,-343.72,-104.62,7.35
2992,-27.19,-509.28,-110.17,8.41
2993,-82.05,-571.42,-101.89,14.77
2994,-37.81,-457.87,-95.2,15.48
2995,-59.77,-497.77,-103.51,13.07
2996,62.01,-393.27,-103.76,20.35
2997,-35.46,-548.58,-88.04,30.43
2998,-33.37,-441.99,-107.88,15.17
2999,5.36,-413.08,-108.73,5.11
