,ch1,ch2,ch3,ch4
0,-6.57,-465.94,-123.56,20.78
1,-11.26,-470.91,-121.69,9.54
2,7.95,-428.17,-59.74,17.29
3,-10.0,-487.23,-58.98,45.56
4,-10.59,-450.84,-108.95,37.27
5,-21.81,-475.44,-174.8,-9.96
6,-21.63,-498.91,-112.19,20.44
7,-29.38,-499.75,-50.89,10.98
8,-14.93,-478.9,-25.85,8.94
9,-21.19,-484.25,-212.17,-31.8
10,-7.92,-474.77,-109.79,0.99
11,-23.49,-460.35,-144.9,28.09
12,-19.56,-480.79,13.39,63.49
13,-4.36,-452.45,-156.32,18.02
14,-30.91,-480.45,-67.68,31.47
15,-18.3,-487.41,-152.54,35.56
16,-8.72,-467.81,-174.27,-34.1
17,-16.7,-460.37,-70.53,35.63
18,-25.8,-478.84,-119.27,61.21
19,-17.68,-474.65,-117.09,-3.39
20,-20.77,-476.85,-115.39,26.56
21,-18.09,-466.87,-96.61,13.33
22,-21.0,-485.1,-126.65,7.32
23,-20.7,-472.29,9.64,2.98
24,-10.62,-468.31,-193.87,-22.01
25,7.42,-458.35,-84.89,42.49
26,-8.53,-457.23,103.44,10.99
27,-8.65,-471.59,-371.51,-4.96
28,-22.2,-503.61,-29.72,35.35
29,-25.06,-470.33,-132.75,59.72
30,-18.8,-482.67,-116.03,30.39
31,-23.59,-466.15,-79.77,-3.65
32,-25.36,-486.77,-140.93,21.36
33,-23.07,-490.93,-115.82,20.86
34,-22.79,-478.79,-112.43,21.5
35,-21.69,-476.04,-90.33,18.87
36,-18.24,-468.27,-126.29,9.49
37,-17.95,-464.47,-110.13,22.25
38,-13.81,-466.63,-64.35,24.55
39,-19.04,-466.23,-111.4,36.02
40,4.04,-459.13,-102.16,-28.42
41,-19.41,-466.35,-38.48,21.33
42,-26.86,-494.73,-217.82,18.75
43,-19.43,-485.37,-76.1,51.43
44,-12.15,-467.63,-161.65,33.55
45,-27.51,-469.29,-21.38,41.45
46,-17.72,-478.98,-140.05,5.67
47,-19.59,-472.23,-135.73,-30.63
48,-20.14,-463.66,-83.37,29.38
49,-14.77,-460.29,-88.58,50.22
50,-4.01,-463.84,-83.81,59.86
51,-12.5,-469.48,-131.12,-14.3
52,-26.54,-469.66,-131.26,-14.91
53,-23.6,-472.22,-102.97,47.45
54,-14.32,-467.33,-110.14,15.97
55,-20.51,-475.46,-104.75,34.03
56,-22.35,-473.19,-104.97,9.91
57,-25.05,-477.02,-104.47,19.25
58,-7.29,-466.29,-171.73,-28.51
59,-13.43,-459.45,-8.35,90.99
60,-22.79,-483.01,-181.9,5.28
61,-14.11,-442.37,-131.12,-64.53
62,-9.98,-482.42,-29.03,187.46
63,-30.12,-466.55,-128.04,-63.11
64,-23.15,-478.35,-113.61,31.21
65,-19.2,-471.32,-117.87,29.66
66,-20.56,-479.19,-130.85,13.7
67,-31.91,-475.57,-99.39,23.64
68,-23.09,-464.94,-112.87,-11.04
69,12.09,-453.02,-97.42,13.65
70,14.81,-463.95,178.35,-27.83
71,2.19,-417.72,-316.8,141.84
72,-39.54,-497.0,-132.14,-37.18
73,-25.63,-488.48,-98.53,5.3
74,16.44,-436.1,-173.03,-5.68
75,-38.81,-491.7,-132.04,57.18
76,-26.86,-485.62,-106.31,-11.63
77,-22.54,-484.02,-106.44,13.16
78,-31.61,-469.49,-102.07,23.39
79,-30.0,-475.35,-105.56,20.31
80,-17.22,-469.12,-111.8,14.87
81,-12.75,-461.83,-111.2,15.57
82,-12.29,-460.62,-119.0,14.5
83,-13.82,-469.66,-124.72,5.96
84,-5.16,-447.22,26.47,15.26
85,29.46,-397.48,-106.29,-30.04
86,-26.81,-507.29,-144.3,44.68
87,-21.21,-470.85,-174.42,3.08
88,-24.47,-472.65,-55.26,60.8
89,-26.03,-480.92,-123.5,62.92
90,-38.01,-493.82,-136.22,-30.51
91,-38.47,-475.45,-110.84,5.28
92,-14.05,-476.41,-113.28,5.29
93,8.91,-465.96,-6.42,16.94
94,-12.41,-460.07,-225.35,-103.75
95,-10.42,-456.25,-93.36,35.43
96,13.19,-429.16,-24.34,43.7
97,-15.17,-493.85,-175.12,92.62
98,-14.56,-436.53,-99.4,-22.56
99,-18.82,-475.54,-87.44,33.62
100,-22.69,-492.76,-110.32,-3.31
101,-11.01,-462.44,-145.48,-14.89
102,-28.28,-479.84,-132.28,12.97
103,-17.57,-481.46,-85.43,56.75
104,-19.26,-474.19,-116.15,32.15
105,-24.87,-470.18,-120.91,10.11
106,-22.97,-471.49,-123.14,-21.89
107,-26.13,-475.69,-99.48,-37.33
108,-21.99,-464.77,-102.6,46.24
109,-13.23,-466.97,-116.74,51.42
110,-6.37,-459.52,-109.35,-10.67
111,-28.37,-465.86,-97.17,25.46
112,-22.72,-475.4,-117.7,-23.23
113,-2.0,-466.05,-30.5,31.46
114,-17.21,-480.54,-193.54,35.33
115,-17.67,-477.29,-116.62,15.1
116,-12.27,-471.74,-68.54,0.51
117,-9.17,-470.62,-61.95,27.47
118,-19.56,-466.23,-185.97,-3.24
119,-24.98,-484.37,-134.91,54.65
120,-20.1,-474.71,-45.01,-7.11
121,-7.63,-451.51,-132.66,26.09
122,-28.57,-473.34,-140.43,-15.41
123,-20.43,-485.24,-9.49,48.99
124,-17.58,-465.68,-136.53,31.17
125,-30.33,-485.57,-129.01,-22.42
126,-27.55,-460.64,-55.0,59.77
127,-25.09,-487.06,-149.88,13.46
128,-20.86,-476.29,-141.63,-32.75
129,-6.07,-444.95,43.81,51.79
130,-15.74,-482.42,-187.9,8.16
131,-20.01,-495.33,-167.15,22.12
132,-24.86,-475.97,-110.51,14.54
133,-10.0,-459.16,-107.92,16.99
134,-18.93,-453.09,-111.08,10.14
135,-19.56,-468.83,-91.04,31.54
136,-26.87,-493.39,-80.19,46.74
137,-22.3,-472.89,-139.54,-5.7
138,-10.72,-466.99,-119.97,19.8
139,-10.68,-476.46,-60.51,27.07
140,-27.6,-465.95,-111.55,26.52
141,-13.69,-446.01,-104.32,-13.89
142,-20.34,-481.69,-48.76,31.24
143,-27.97,-490.16,-165.77,18.79
144,15.48,-424.06,-39.16,27.53
145,-16.18,-480.55,-145.39,25.95
146,-26.76,-492.34,-99.9,16.9
147,-12.58,-471.86,-81.64,-0.06
148,-20.17,-465.08,-83.57,53.07
149,-19.42,-481.2,-86.95,-15.06
150,-25.02,-481.4,-244.49,-4.49
151,-0.1,-454.81,26.26,3.24
152,-16.3,-493.69,-56.11,31.88
153,-16.71,-471.51,-185.92,52.48
154,-31.83,-469.62,-109.14,1.66
155,1.08,-474.28,29.59,10.28
156,-22.68,-477.04,-54.01,69.47
157,-29.62,-496.36,-193.55,43.57
158,-28.19,-457.1,-128.26,36.96
159,-17.93,-472.47,-77.25,-7.52
160,-12.14,-485.77,-120.77,99.12
161,-20.14,-459.52,-156.05,-34.18
162,-20.4,-477.16,-99.51,18.28
163,-29.23,-482.82,-127.18,1.02
164,-7.57,-444.41,-97.13,-4.02
165,-17.28,-477.2,-176.3,35.18
166,-24.46,-477.93,-98.71,-6.5
167,-15.72,-463.39,78.56,65.07
168,-43.18,-497.5,-226.96,5.01
169,-23.95,-486.12,-67.64,59.43
170,-23.93,-475.48,-94.14,31.17
171,-29.1,-473.25,-155.86,-12.02
172,-15.9,-467.96,-89.61,49.23
173,-13.76,-471.03,-60.42,55.77
174,-17.58,-469.56,-142.13,56.45
175,-24.48,-478.95,-143.57,-36.48
176,-12.73,-462.97,-104.17,-7.3
177,-18.46,-461.07,-110.18,-12.76
178,-25.25,-468.3,130.93,82.78
179,-26.58,-487.34,-241.19,43.21
180,-21.98,-483.77,-147.88,-38.01
181,-13.8,-440.68,-152.15,57.98
182,-20.91,-484.9,-77.29,4.35
183,-18.63,-467.34,-98.4,42.33
184,-23.18,-487.38,-105.42,-24.64
185,-25.0,-469.01,-88.93,67.51
186,-32.72,-490.53,-169.67,-8.88
187,-21.75,-468.06,-150.19,15.62
188,-15.91,-461.21,-72.04,7.33
189,-2.62,-459.52,-32.96,68.32
190,-15.14,-483.45,-64.83,63.42
191,-24.74,-466.76,-161.81,41.22
192,-29.25,-479.44,-135.58,-2.43
193,-27.57,-480.04,-114.5,-8.79
194,-23.15,-459.17,-75.5,48.22
195,-12.44,-463.06,-108.72,-13.01
196,-23.24,-486.89,26.86,78.35
197,-18.67,-476.6,-278.65,-36.51
198,-17.76,-450.08,-111.82,4.12
199,-30.15,-494.73,-132.38,-0.51
200,-25.64,-491.55,-138.11,9.56
201,-19.99,-446.77,-77.14,38.59
202,-8.74,-465.65,-81.28,37.75
203,-23.94,-479.88,-129.14,55.16
204,-15.9,-470.73,-129.8,15.72
205,-9.44,-461.07,-85.22,6.34
206,-11.74,-461.6,-52.0,88.25
207,-33.82,-479.67,-153.96,18.9
208,-32.47,-483.61,-124.2,16.43
209,-16.76,-494.47,-107.27,67.06
210,-11.2,-473.74,-140.0,56.88
211,-18.96,-470.14,-39.65,-2.29
212,-22.72,-486.97,-135.46,-21.18
213,-23.77,-488.88,-141.72,32.93
214,-15.14,-462.17,-64.68,-4.02
215,-11.02,-446.42,-202.58,5.84
216,-50.24,-498.8,-83.38,28.29
217,-7.59,-473.6,-113.36,28.08
218,-18.92,-474.81,-100.05,9.87
219,-13.91,-466.26,-50.16,16.53
220,-29.73,-479.72,-172.49,32.46
221,-32.52,-465.88,-108.12,21.42
222,-7.75,-450.81,-88.21,-7.24
223,-16.1,-482.63,-147.14,50.46
224,-17.87,-476.82,-116.06,35.0
225,-21.34,-469.88,-136.27,18.63
226,-22.19,-469.22,-111.6,27.87
227,-22.81,-471.03,-109.8,15.91
228,-13.31,-472.9,-120.54,37.7
229,-19.69,-483.79,-123.1,90.53
230,-23.18,-463.55,-108.46,-22.67
231,-31.11,-470.53,-114.93,23.09
232,-15.15,-465.76,-101.8,19.83
233,-14.05,-460.75,-99.85,24.8
234,-13.24,-457.79,-93.77,17.47
235,-19.64,-474.98,-182.37,-17.71
236,-21.8,-475.36,-90.25,49.87
237,-18.38,-466.51,-48.35,34.46
238,-35.91,-481.52,-148.83,56.12
239,-12.8,-484.47,-121.55,15.28
240,-20.05,-472.46,-120.2,27.27
241,-28.6,-466.74,-116.51,23.37
242,-13.27,-475.54,-82.75,30.23
243,-13.24,-478.25,-138.06,23.78
244,-14.88,-468.62,-107.16,28.25
245,-25.49,-474.52,-117.43,28.35
246,-31.95,-485.32,-114.41,36.26
247,-17.49,-475.54,-114.45,31.93
248,-17.99,-470.14,-112.7,30.97
249,-12.03,-478.16,-115.11,29.76
250,-11.07,-474.15,-110.62,24.99
251,-19.91,-468.76,-116.09,23.56
252,-18.62,-474.25,-112.42,23.48
253,-26.41,-483.59,-105.85,18.4
254,-16.95,-471.47,-114.88,22.99
255,-12.19,-468.89,-117.58,20.54
256,-14.74,-475.11,-116.93,18.58
257,-15.24,-472.39,-117.95,17.81
258,-16.74,-471.17,-121.47,18.15
259,-19.96,-477.98,-114.37,14.8
260,-11.95,-474.82,-115.44,16.49
261,-13.61,-469.35,-114.14,17.27
262,-19.22,-473.0,-115.4,19.28
263,-23.99,-475.92,-111.68,16.84
264,-16.65,-470.79,-113.13,21.04
265,-10.56,-469.45,-117.25,19.17
266,-15.76,-477.27,-113.35,18.42
267,-17.34,-473.42,-115.24,13.98
268,-13.37,-464.94,-118.37,13.22
269,-15.06,-470.37,-122.72,12.09
270,-22.46,-470.02,-111.3,15.36
271,-15.75,-460.16,-114.24,14.15
272,-15.51,-467.54,-116.88,13.16
273,-11.39,-468.3,-118.47,14.22
274,-9.35,-462.18,-123.93,12.36
275,-20.86,-459.03,-120.24,18.47
276,-31.88,-467.39,-122.0,13.96
277,-11.78,-460.81,-118.04,9.02
278,-17.71,-460.3,-117.94,10.87
279,-27.44,-438.17,-119.58,15.89
280,-29.32,-440.71,-113.05,14.94
281,15.06,-475.16,-119.99,6.56
282,-27.53,-469.1,-115.63,5.18
283,-18.95,-473.75,-121.01,8.97
284,-1.13,-459.83,-119.51,11.77
285,-18.11,-464.35,-115.48,6.88
286,-15.34,-473.25,-117.06,8.22
287,-12.06,-459.5,-118.97,0.81
288,0.68,-452.31,-119.87,4.47
289,-10.43,-463.13,-121.53,6.87
290,-42.77,-472.37,-114.67,6.75
291,-73.27,-440.32,-113.52,6.56
292,35.39,-445.41,-120.31,2.64
293,1.16,-468.15,-119.68,-0.54
294,-7.47,-447.95,-118.61,-0.67
295,-26.74,-446.69,-117.63,-0.47
296,-30.07,-473.06,-116.16,1.92
297,-35.54,-456.86,-117.98,3.49
298,22.69,-450.83,-114.01,0.05
299,-11.11,-461.24,-118.78,1.97
300,-53.14,-451.43,-118.24,0.84
301,-33.3,-441.8,-116.62,4.33
302,-21.84,-467.47,-117.99,0.58
303,3.7,-469.14,-115.19,-5.14
304,-2.13,-462.98,-118.39,0.76
305,9.15,-459.64,-120.09,-0.55
306,2.78,-448.99,-119.24,-2.16
307,-20.39,-448.47,-116.99,-1.05
308,-12.88,-463.29,-118.36,2.07
309,-40.1,-475.07,-120.28,1.68
310,-22.13,-453.82,-116.14,0.76
311,-43.08,-449.68,-116.23,-2.43
312,-62.59,-467.99,-115.36,-0.86
313,-19.71,-444.1,-113.37,1.77
314,19.81,-432.86,-113.91,3.23
315,-8.52,-472.4,-117.39,0.33
316,-0.37,-465.91,-113.77,5.64
317,7.75,-446.63,-118.4,6.28
318,-115.9,-441.83,-111.59,3.43
319,-84.84,-491.28,-109.76,8.54
320,30.21,-475.95,-122.55,3.35
321,21.25,-460.15,-117.51,2.76
322,-9.79,-468.84,-125.05,-7.21
323,-9.11,-474.18,-117.58,4.06
324,-10.69,-435.09,-120.98,-7.32
325,-36.85,-400.36,-107.5,10.66
326,23.71,-503.21,-120.32,3.86
327,-9.34,-472.46,-117.05,1.8
328,-35.28,-469.68,-118.29,-1.37
329,4.83,-459.83,-114.82,-1.18
330,-144.93,-394.08,-107.83,-2.5
331,-87.46,-482.46,-106.58,10.94
332,48.14,-498.1,-120.19,1.53
333,23.06,-463.79,-112.92,7.74
334,-9.64,-478.67,-108.3,7.15
335,36.31,-468.85,-110.42,6.75
336,1.05,-481.03,-106.51,9.43
337,-8.63,-465.31,-110.1,6.78
338,-17.12,-457.63,-111.41,10.2
339,-14.07,-449.74,-106.68,11.42
340,-17.31,-465.21,-108.94,9.49
341,-18.05,-452.08,-104.82,7.21
342,-16.55,-449.27,-109.14,11.09
343,-7.7,-419.21,-108.09,14.31
344,-22.73,-453.59,-108.26,12.54
345,-23.82,-459.17,-110.07,8.48
346,-136.14,-441.56,-101.39,11.69
347,-74.32,-450.29,-106.85,17.24
348,89.12,-473.21,-116.62,0.13
349,13.14,-494.41,-113.29,10.08
350,13.21,-471.71,-109.5,10.99
351,-11.67,-465.57,-109.46,8.07
352,-57.38,-479.57,-111.61,10.25
353,-67.02,-402.76,-103.99,12.49
354,-82.9,-439.99,-113.07,10.6
355,-11.41,-477.41,-112.64,4.95
356,45.43,-472.57,-107.54,0.82
357,16.17,-476.18,-114.53,0.49
358,12.04,-429.53,-109.68,4.83
359,6.89,-433.42,-118.21,-3.18
360,20.93,-449.15,-114.42,-11.54
361,-18.13,-475.32,-105.76,5.56
362,-31.26,-477.92,-110.73,10.62
363,-28.25,-529.04,-111.33,8.64
364,-9.88,-466.41,-115.4,6.28
365,-16.09,-415.86,-112.82,7.3
366,-56.27,-449.5,-113.08,9.72
367,-54.15,-425.65,-105.28,13.93
368,-169.89,-456.08,-112.64,5.99
369,100.14,-424.07,-119.51,-0.63
370,38.38,-357.31,-117.03,5.94
371,19.81,-589.71,-116.59,9.31
372,4.2,-469.6,-116.22,1.97
373,10.65,-269.82,-110.41,8.58
374,-5.64,-399.37,-112.0,6.95
375,-38.42,-440.41,-112.31,3.74
376,-5.19,-379.05,-116.97,1.18
377,-59.45,-462.75,-111.84,14.01
378,-39.01,-394.35,-105.77,12.07
379,61.52,-429.28,-122.1,-1.76
380,5.16,-425.25,-112.4,0.17
381,-9.47,-334.89,-115.78,-10.33
382,-236.09,-690.48,-125.97,-6.06
383,-103.32,-314.8,-119.9,1.9
384,145.52,-155.48,-107.94,8.26
385,24.93,-479.12,-109.73,9.13
386,31.89,-390.66,-112.9,2.19
387,-36.75,-507.06,-104.31,9.47
388,-74.93,-572.1,-109.71,-6.1
389,58.12,-310.77,-121.7,-16.53
390,55.5,-311.68,-106.78,6.76
391,-22.5,-358.0,-96.93,21.46
392,0.37,-484.69,-85.71,26.87
393,-60.55,-423.4,-84.28,15.54
394,-90.76,-369.61,-120.88,-23.88
395,-36.63,-648.58,-107.97,6.27
396,52.05,-380.26,-76.08,6.01
397,-37.52,-284.51,-47.77,21.51
398,71.85,-421.58,-142.91,-3.12
399,-125.46,-316.19,-104.94,-0.77
400,-21.28,-338.62,-129.74,-25.85
401,73.73,-306.47,-70.56,2.92
402,84.6,-303.57,-38.68,35.56
403,-17.15,-462.56,-133.76,4.83
404,-42.81,-343.39,-105.71,5.66
405,-31.3,-525.02,-104.09,10.79
406,10.15,-367.22,-101.8,17.96
407,26.7,-388.99,-94.13,15.43
408,-41.54,-343.09,-51.49,14.7
409,-53.42,-482.36,-117.78,13.55
410,-54.37,-567.57,-90.83,17.88
411,4.26,-540.63,-76.55,12.09
412,35.76,-394.62,-55.3,12.24
413,14.4,-251.02,-130.66,4.64
414,-1.81,-370.72,-94.62,16.05
415,-37.58,-526.03,66.93,23.88
416,14.76,-302.37,-130.74,20.29
417,-17.19,-504.98,-112.95,34.9
418,-55.99,-469.21,-102.83,26.5
419,-1.1,-387.08,-119.56,23.22
420,-117.88,-551.4,-107.25,22.87
421,-79.94,-582.53,-129.72,4.93
422,51.11,-114.74,-108.22,31.71
423,-8.09,-364.01,-114.15,24.92
424,-139.69,-429.85,-108.8,24.33
425,85.71,-433.74,-118.8,12.85
426,8.98,-477.24,-111.54,10.73
427,25.78,-382.94,-113.41,24.08
428,-33.75,-536.61,-90.09,38.85
429,-104.51,-405.73,-112.11,22.69
430,98.95,-289.27,-104.54,27.87
431,5.71,-502.71,-82.89,37.35
432,-24.49,-414.92,-123.21,22.51
433,7.66,-293.2,-112.39,27.17
434,9.3,-479.35,-117.09,25.92
435,-54.59,-569.84,-114.1,21.08
436,-37.48,-536.99,-106.22,19.61
437,-0.51,-398.02,-107.76,23.34
438,-35.59,-419.17,-109.77,15.07
439,-6.66,-312.03,-111.22,20.9
440,-67.94,-525.39,-108.65,19.81
441,-0.48,-415.05,-108.49,19.12
442,51.45,-498.56,-109.66,21.35
443,-0.1,-358.91,-108.98,25.17
444,-19.42,-493.34,-95.83,27.5
445,44.39,-325.3,-82.42,21.44
446,-30.17,-582.39,-116.0,16.46
447,23.86,-479.62,-92.55,25.64
448,-11.29,-420.17,-108.21,27.94
449,-59.44,-567.72,-118.14,11.58
450,-48.45,-558.1,-91.92,21.15
451,50.48,-299.88,-137.31,23.02
452,-26.71,-465.23,-121.18,25.71
453,-34.07,-466.72,-115.49,20.49
454,-62.36,-400.37,-112.34,21.88
455,21.21,-472.43,-116.34,9.42
456,11.7,-242.16,-116.95,19.29
457,-12.93,-563.61,-108.12,29.07
458,10.1,-356.63,-118.41,15.18
459,-10.08,-652.48,-107.58,34.63
460,-21.0,-459.04,-118.01,24.53
461,-14.84,-499.79,-118.84,22.54
462,3.87,-493.29,-115.66,21.25
463,16.33,-422.89,-103.34,35.42
464,-15.03,-431.23,-116.76,34.36
465,-16.44,-471.99,-103.6,33.11
466,0.36,-321.78,-113.15,25.34
467,-54.38,-551.11,-118.75,23.33
468,-49.59,-540.43,-113.67,24.64
469,-24.72,-388.72,-124.38,13.83
470,-25.43,-433.42,-102.37,35.85
471,-13.04,-482.22,-102.88,39.33
472,-4.54,-519.13,-112.75,32.36
473,-27.18,-487.27,-114.11,28.7
474,-47.38,-545.03,-108.0,25.76
475,-2.08,-431.43,-107.16,31.46
476,-25.3,-509.47,-115.42,26.2
477,39.12,-312.5,-116.55,23.11
478,-21.56,-475.48,-108.77,23.86
479,11.53,-407.94,-110.31,35.99
480,3.24,-468.06,-102.63,30.04
481,-9.26,-426.99,-111.51,29.51
482,-28.23,-451.27,-103.97,24.43
483,-14.18,-529.05,-108.4,37.07
484,-18.13,-534.56,-73.74,30.57
485,-37.01,-507.86,-119.92,27.99
486,-19.76,-455.73,-121.2,25.21
487,-8.69,-491.98,-116.88,31.47
488,-63.98,-569.79,-134.98,23.75
489,11.76,-370.46,-118.46,28.84
490,-48.93,-460.77,-108.11,29.36
491,-17.28,-447.16,-110.3,33.16
492,-45.62,-562.33,-105.11,28.3
493,23.62,-378.43,-126.05,15.81
494,-19.99,-476.63,-123.45,13.01
495,-18.91,-419.54,-111.98,23.96
496,4.7,-432.49,-118.14,35.15
497,19.01,-456.51,-125.08,14.13
498,-40.76,-553.05,-102.43,38.42
499,5.71,-376.73,-113.48,27.79
500,-9.91,-509.81,-122.83,25.44
501,10.44,-442.0,-121.55,22.69
502,-35.31,-503.78,-92.68,29.78
503,-33.24,-551.25,-125.41,27.29
504,-52.25,-480.31,-122.44,25.7
505,10.59,-279.12,-129.23,19.87
506,-14.83,-439.13,-128.34,18.88
507,-9.69,-444.35,-117.03,38.03
508,-38.47,-532.09,-109.12,37.3
509,1.5,-504.27,-109.49,33.01
510,-14.51,-453.82,-112.55,36.46
511,-21.92,-517.74,-119.71,30.02
512,-64.62,-512.27,-112.79,32.08
513,2.67,-507.4,-120.19,25.96
514,-10.81,-482.7,-113.12,28.23
515,14.51,-412.12,-107.73,32.74
516,14.18,-460.97,-119.22,29.42
517,4.08,-387.34,-107.56,38.98
518,-21.1,-439.64,-116.88,22.62
519,-18.53,-484.66,-110.8,31.99
520,-33.27,-517.64,-122.58,25.67
521,-40.09,-555.71,-116.61,28.29
522,-8.97,-475.02,-114.9,26.68
523,10.74,-449.52,-111.44,34.89
524,-39.1,-501.25,-117.63,35.33
525,-39.87,-451.23,-107.19,30.27
526,2.9,-322.04,-118.46,22.48
527,-18.19,-498.86,-116.07,26.17
528,-45.13,-577.13,-106.22,40.45
529,-13.38,-431.69,-119.68,33.68
530,45.74,-369.04,-123.7,25.94
531,-18.87,-527.93,-106.83,47.46
532,-16.85,-511.86,-116.58,25.32
533,-25.55,-480.74,-103.48,39.06
534,5.16,-456.62,-126.15,23.68
535,-39.86,-508.42,-117.75,28.94
536,-35.7,-467.87,-97.12,38.6
537,27.35,-369.59,-100.87,40.5
538,-26.77,-473.64,-107.11,39.3
539,-13.75,-477.09,-133.54,38.14
540,-42.24,-490.76,-115.37,42.32
541,-30.36,-465.29,-127.84,31.16
542,-13.64,-480.48,-113.35,40.07
543,-37.13,-533.41,-116.03,33.69
544,-25.66,-407.62,-104.67,46.89
545,-44.05,-505.28,-109.07,32.08
546,-27.79,-500.07,-102.92,47.55
547,-11.8,-481.33,-118.56,36.12
548,-19.57,-555.98,-117.85,34.35
549,11.12,-374.96,-115.62,36.93
550,-12.04,-408.46,-117.41,36.57
551,3.81,-490.43,-113.26,33.14
552,9.96,-299.7,-108.52,38.61
553,-32.2,-556.89,-99.13,47.65
554,-22.07,-571.71,-126.61,40.34
555,13.36,-373.5,-105.5,36.95
556,-17.78,-480.17,-111.26,25.61
557,-9.46,-454.89,-111.8,31.7
558,-20.3,-516.78,-122.94,19.59
559,-18.21,-538.95,-95.9,26.84
560,-1.98,-436.85,-115.28,27.35
561,-35.71,-459.45,-118.47,29.78
562,-44.75,-509.5,-120.28,30.99
563,6.17,-419.72,-102.44,44.04
564,7.58,-403.15,-114.85,26.98
565,-20.04,-564.1,-115.99,23.88
566,-23.65,-481.52,-102.09,29.63
567,-6.01,-502.3,-99.88,33.97
568,-10.54,-503.6,-108.84,34.13
569,-5.23,-475.74,-106.58,29.45
570,-63.2,-449.13,-104.63,32.2
571,-51.39,-447.74,-97.83,32.77
572,-34.13,-501.54,-102.1,33.19
573,-15.9,-465.97,-108.22,31.9
574,-17.8,-498.85,-115.34,25.93
575,-12.36,-419.85,-107.97,32.91
576,-18.13,-525.9,-118.51,33.28
577,-15.23,-482.93,-120.51,31.11
578,-8.23,-384.48,-117.66,25.38
579,-15.61,-532.53,-87.75,35.51
580,-31.33,-546.8,-119.14,38.28
581,-41.98,-359.32,-120.95,25.63
582,-1.14,-432.23,-124.83,17.73
583,-27.03,-567.9,-99.75,54.38
584,-33.56,-493.8,-116.43,20.77
585,30.42,-360.14,-117.25,24.73
586,2.92,-528.25,-107.8,36.9
587,-3.64,-450.53,-110.03,29.4
588,-16.57,-473.76,-106.59,30.48
589,-21.01,-484.14,-97.2,31.57
590,-23.78,-509.09,-105.29,32.07
591,27.63,-410.71,-109.97,24.1
592,-33.14,-540.35,-97.03,32.4
593,-5.55,-475.0,-117.92,20.29
594,-24.26,-440.14,-96.13,34.99
595,21.31,-416.47,-112.46,19.37
596,-2.89,-475.81,-115.8,18.59
597,-14.9,-398.27,-92.95,37.14
598,-8.28,-463.02,-124.36,18.09
599,-38.94,-604.22,-120.65,19.54
600,-14.85,-482.43,-108.94,36.53
601,2.3,-339.91,-112.11,27.59
602,-8.72,-487.02,-108.14,21.81
603,-21.31,-457.69,-103.77,33.72
604,-48.48,-475.39,-100.15,28.33
605,22.95,-466.76,-109.11,29.57
606,13.44,-470.27,-108.4,23.94
607,-50.99,-509.37,-103.85,36.68
608,-20.57,-502.41,-91.96,33.93
609,-14.71,-490.22,-103.36,27.68
610,2.88,-435.74,-112.93,25.63
611,34.12,-352.3,-100.51,27.39
612,-20.01,-525.42,-102.21,19.78
613,-29.44,-503.2,-116.83,18.28
614,-30.11,-480.32,-86.81,33.89
615,-34.38,-536.73,-121.18,17.97
616,-17.6,-455.71,-113.8,31.79
617,0.33,-392.61,-99.0,40.5
618,-0.15,-485.96,-112.95,29.23
619,-38.32,-456.66,-119.25,27.79
620,-28.21,-428.64,-110.46,30.85
621,-87.95,-540.56,-108.75,35.34
622,19.11,-432.31,-89.99,37.56
623,27.3,-435.97,-108.15,34.73
624,27.82,-397.25,-95.24,34.65
625,-35.76,-502.74,-91.55,28.81
626,-29.26,-492.4,-88.98,37.61
627,-19.09,-455.63,-88.05,35.18
628,-25.11,-418.64,-121.72,19.88
629,-28.05,-504.52,-109.29,27.04
630,-2.6,-485.11,-92.65,44.22
631,-17.69,-469.46,-101.09,37.77
632,5.32,-448.86,-101.38,33.48
633,-3.01,-438.53,-108.35,42.0
634,-21.4,-519.58,-120.93,21.84
635,-47.67,-502.15,-97.55,38.14
636,5.03,-372.33,-90.16,35.47
637,-25.45,-506.2,-98.81,35.52
638,-8.36,-446.18,-109.31,39.0
639,-31.41,-486.0,-110.99,18.49
640,-46.85,-453.55,-108.95,21.12
641,53.37,-352.46,-103.76,36.25
642,21.44,-398.31,-109.08,26.99
643,-47.51,-565.82,-105.15,28.83
644,-5.36,-447.73,-92.77,30.22
645,-32.28,-499.83,-90.89,21.27
646,17.26,-414.25,-93.85,36.0
647,14.13,-473.53,-111.07,27.34
648,-24.8,-502.58,-104.29,29.91
649,-23.45,-528.05,-94.85,28.39
650,-43.6,-489.87,-123.72,17.23
651,-0.84,-432.2,-74.97,24.69
652,-83.84,-537.29,-115.14,33.55
653,-22.08,-551.63,-119.83,39.54
654,-31.51,-483.42,-116.16,17.37
655,14.55,-464.97,-110.89,28.74
656,-4.52,-490.04,-116.13,27.37
657,-28.21,-451.71,-98.29,38.99
658,-17.52,-536.24,-89.61,35.08
659,7.23,-432.27,-119.42,32.47
660,-0.71,-383.16,-136.92,22.85
661,25.01,-388.25,-146.09,14.05
662,-22.72,-539.6,-69.64,40.72
663,-37.95,-499.07,-84.82,47.69
664,5.67,-483.74,-97.01,39.3
665,-40.37,-529.24,-90.91,38.86
666,1.0,-483.33,17.23,43.18
667,-15.14,-465.71,42.7,64.77
668,-47.12,-504.37,-227.45,28.14
669,-2.45,-453.85,-136.51,33.55
670,-38.09,-457.38,-116.82,31.94
671,10.16,-337.2,-122.17,16.51
672,8.52,-548.84,-83.28,49.99
673,-24.29,-526.96,-110.32,38.22
674,-14.34,-497.25,-109.09,44.53
675,-2.08,-468.77,-94.53,39.74
676,-24.11,-498.89,-40.93,69.21
677,-4.62,-485.05,-120.91,36.41
678,-10.68,-456.31,-102.36,36.81
679,-46.83,-522.08,-120.42,30.08
680,-19.85,-509.04,-76.08,39.41
681,26.5,-427.48,199.19,72.18
682,-26.97,-499.03,-231.02,31.47
683,-38.9,-491.54,-167.13,43.73
684,-3.82,-439.18,-141.05,11.88
685,32.96,-429.91,-99.52,27.48
686,-72.51,-515.08,-118.37,68.81
687,-8.04,-522.6,-104.58,73.14
688,-17.64,-480.25,-112.83,39.49
689,-12.76,-424.72,-105.37,54.44
690,-31.54,-439.33,-116.79,54.99
691,-59.52,-521.95,-98.83,56.42
692,24.51,-524.21,-96.59,48.59
693,7.81,-517.05,-82.9,46.05
694,-8.57,-473.83,-86.23,51.38
695,-25.82,-389.54,-125.15,40.11
696,11.22,-413.07,-83.38,33.13
697,-13.04,-551.37,-76.54,67.92
698,1.5,-466.02,-124.41,52.75
699,-21.78,-479.65,-94.24,45.56
700,-32.82,-478.4,-114.1,25.78
701,-1.49,-435.58,-90.6,39.64
702,-12.14,-508.12,-35.56,55.67
703,-4.65,-491.33,-142.02,35.8
704,-52.04,-525.02,-78.53,45.1
705,-20.19,-508.1,129.55,52.02
706,-7.6,-485.8,-80.69,48.34
707,-36.63,-480.2,-197.82,27.56
708,-1.13,-464.91,-132.83,42.61
709,-85.18,-479.44,-122.38,36.1
710,10.57,-486.97,-136.51,12.29
711,22.93,-462.94,-92.14,33.76
712,4.05,-435.19,-102.02,35.68
713,-38.74,-348.01,-113.92,24.86
714,-3.27,-404.38,-94.2,53.45
715,10.9,-508.13,-101.52,59.85
716,5.15,-539.96,-93.17,30.98
717,-21.93,-513.08,-95.17,47.54
718,-24.62,-475.25,-105.11,49.67
719,-56.37,-547.26,-93.95,35.43
720,-40.92,-520.26,-21.02,44.94
721,4.44,-474.9,18.9,66.68
722,6.41,-473.12,-222.9,2.17
723,-8.62,-477.83,-117.93,27.28
724,-24.18,-475.34,-110.55,48.78
725,-25.36,-494.03,-106.64,32.54
726,-8.4,-492.77,-98.5,37.73
727,-34.21,-475.21,-105.63,45.81
728,-25.21,-457.59,-97.16,26.12
729,-8.28,-489.15,-108.06,31.5
730,17.94,-506.51,-149.29,11.09
731,-25.52,-445.67,-90.16,45.6
732,-129.03,-465.47,-88.37,44.03
733,55.34,-448.59,-110.02,15.01
734,40.16,-389.87,-91.38,41.88
735,14.24,-437.47,-66.66,33.99
736,-32.45,-504.73,-93.07,41.21
737,-16.95,-524.79,-118.31,28.94
738,-6.92,-468.56,-91.19,30.04
739,-2.62,-504.43,-90.24,24.09
740,-38.23,-524.41,-62.87,46.34
741,-7.34,-446.38,-94.86,29.26
742,-21.98,-495.15,2.36,50.3
743,-23.2,-497.74,-50.43,51.24
744,-17.08,-477.01,-121.52,27.58
745,-59.25,-523.58,-135.81,35.4
746,-12.95,-474.98,-127.97,26.42
747,-17.96,-452.15,-143.11,21.42
748,-36.43,-415.55,-146.32,20.65
749,4.92,-496.27,-118.01,25.54
750,-44.94,-434.18,-103.8,25.03
751,-0.6,-462.73,-88.59,41.92
752,-19.84,-499.34,-96.87,27.65
753,-23.65,-492.65,-119.13,29.24
754,-11.4,-470.56,-108.79,32.01
755,-9.27,-410.15,-97.67,22.97
756,-12.81,-531.38,-100.3,37.71
757,-5.53,-498.62,-104.25,35.43
758,-13.6,-497.84,-121.29,24.86
759,-10.01,-496.44,-104.17,40.1
760,-44.74,-529.92,-86.4,29.32
761,-12.97,-502.37,-36.13,36.33
762,16.82,-447.66,-62.35,33.23
763,1.59,-457.56,-176.02,16.64
764,-8.92,-498.59,-123.42,26.13
765,-29.33,-496.75,-111.99,27.72
766,5.75,-424.55,-81.11,12.85
767,-29.82,-496.81,-41.5,25.19
768,-3.74,-448.3,-131.48,13.12
769,-25.56,-483.79,-158.0,-3.21
770,4.04,-458.56,-131.74,-2.52
771,9.91,-394.21,-141.83,-17.18
772,-33.53,-500.74,-71.49,25.41
773,-22.88,-495.34,-107.37,23.4
774,-51.73,-472.29,-120.6,7.77
775,-62.48,-456.52,-81.42,29.15
776,5.29,-492.6,-124.54,10.33
777,23.72,-444.73,-109.67,19.84
778,-6.33,-420.79,-104.92,29.0
779,-31.76,-499.11,-96.67,35.41
780,-27.65,-450.64,-107.92,21.62
781,-49.87,-491.97,-104.58,22.53
782,-17.19,-536.65,-77.14,34.84
783,-16.54,-489.78,-131.06,33.47
784,-25.35,-522.36,-86.66,30.33
785,-4.45,-505.56,-12.4,37.83
786,-1.28,-499.14,-151.41,17.73
787,-7.76,-501.77,-134.1,40.58
788,-0.53,-459.03,-89.61,34.25
789,-32.75,-472.93,-132.26,32.22
790,-61.14,-438.56,-112.98,32.54
791,2.13,-448.97,-108.4,38.92
792,27.17,-406.97,-118.48,30.08
793,-4.34,-486.12,-132.82,21.61
794,-22.02,-491.28,-123.34,28.64
795,4.22,-466.97,-103.4,21.81
796,-57.38,-523.7,-88.8,38.43
797,4.48,-466.11,-122.9,14.06
798,0.51,-439.27,-110.76,22.07
799,-13.65,-477.74,-84.87,36.9
800,-16.52,-468.62,-35.53,35.71
801,-19.19,-474.29,-127.32,16.54
802,-22.69,-422.02,-101.42,25.83
803,-26.45,-488.75,-109.71,29.68
804,-39.13,-445.07,-89.59,18.36
805,-23.38,-528.53,-109.14,22.97
806,-37.89,-480.35,-107.91,27.56
807,-78.58,-442.34,-104.63,29.52
808,-23.04,-487.23,-101.19,27.29
809,17.97,-457.25,-100.03,25.34
810,1.22,-434.44,21.5,26.28
811,-0.32,-475.06,-155.91,-0.31
812,-35.8,-505.04,-160.92,0.67
813,-14.06,-451.77,-117.34,34.46
814,-41.89,-508.16,-5.34,34.09
815,-16.86,-495.67,-134.52,30.92
816,-59.52,-574.92,-169.6,4.02
817,-16.13,-400.63,-178.15,-6.36
818,-39.15,-467.09,-186.1,-10.69
819,-26.17,-466.78,-145.62,4.2
820,-62.05,-484.89,-68.75,34.5
821,-0.89,-439.81,-122.48,15.93
822,-83.53,-514.07,-222.11,-4.3
823,-13.46,-520.24,-99.53,13.24
824,-2.56,-471.01,-14.82,19.72
825,29.86,-311.11,-109.94,34.12
826,9.15,-412.96,-7.84,26.56
827,-36.87,-469.15,37.21,52.35
828,-10.39,-439.1,-18.37,53.78
829,-55.75,-640.7,-72.65,18.0
830,-29.86,-470.77,-220.07,16.43
831,-3.96,-325.98,-147.16,31.15
832,-29.87,-468.33,-96.07,25.14
833,-5.76,-428.66,-50.73,34.57
834,-21.54,-492.1,-184.81,8.97
835,-38.9,-564.66,-131.72,20.6
836,-19.98,-447.15,-73.98,34.96
837,-12.44,-451.25,-103.91,41.04
838,-32.34,-491.93,-127.81,19.8
839,-53.73,-496.74,-121.4,31.34
840,-30.7,-514.82,-85.13,29.34
841,-24.89,-405.28,-21.12,44.93
842,13.25,-428.24,-83.19,35.83
843,-19.67,-330.96,-150.3,16.32
844,-54.56,-573.48,-57.62,29.78
845,-10.74,-516.08,-98.23,32.39
846,-30.33,-419.99,-67.79,25.98
847,-33.1,-489.83,-103.53,24.06
848,-19.84,-434.73,-107.52,49.29
849,-58.73,-491.53,-91.0,26.72
850,41.37,-381.76,-51.64,37.24
851,-54.2,-565.25,-154.62,32.55
852,-62.15,-570.74,-47.97,31.77
853,-2.0,-459.88,-181.91,2.37
854,1.21,-450.63,-68.51,9.01
855,-2.79,-465.76,-132.3,26.92
856,-48.41,-506.25,-71.46,44.84
857,-19.53,-426.07,-68.76,46.12
858,-12.13,-403.1,-23.04,21.79
859,-42.85,-550.94,-126.66,29.56
860,-29.61,-444.71,-146.0,20.96
861,-13.45,-483.44,-122.36,24.86
862,-14.25,-406.02,-113.49,19.54
863,-35.73,-458.15,-112.25,30.8
864,-76.8,-575.3,-118.36,31.94
865,28.58,-431.98,-104.18,35.05
866,-15.94,-469.97,-98.46,29.27
867,-15.19,-376.61,-57.61,6.36
868,-44.99,-338.7,-110.06,44.11
869,-17.64,-584.31,-104.93,31.52
870,11.55,-425.87,-122.84,27.39
871,-32.54,-502.86,10.17,36.45
872,-34.41,-519.81,-127.33,24.2
873,-10.68,-470.67,-186.23,24.14
874,-28.5,-469.33,-83.71,16.25
875,-17.53,-470.77,-108.65,36.82
876,-26.37,-472.74,-94.94,18.8
877,-56.1,-542.5,-135.05,16.57
878,-72.95,-436.26,-123.53,21.55
879,-27.65,-487.18,-111.47,22.39
880,17.9,-338.34,-89.28,24.84
881,-6.15,-441.96,-71.05,40.48
882,-15.01,-484.41,-115.93,23.67
883,-23.61,-477.53,-105.61,28.34
884,2.54,-461.33,-91.91,28.59
885,-12.16,-451.82,-110.31,29.3
886,-42.78,-510.48,-118.74,22.13
887,-38.69,-512.53,-86.4,14.19
888,-13.67,-470.3,-29.33,31.84
889,-7.44,-401.59,-166.52,15.37
890,-8.46,-461.72,-104.06,17.9
891,-61.48,-481.72,-102.56,47.09
892,-9.02,-525.11,-96.59,33.4
893,-25.54,-441.57,-108.53,32.48
894,-20.43,-481.67,-91.53,25.55
895,-12.09,-424.6,-131.72,31.34
896,-21.18,-511.57,-121.63,18.3
897,-25.21,-461.69,-154.87,29.75
898,-17.27,-416.73,-176.74,20.65
899,-65.51,-452.1,-127.07,10.72
900,-12.8,-546.51,-54.26,35.03
901,-29.29,-485.8,-98.27,14.6
902,-2.46,-426.77,-131.69,8.57
903,-27.82,-489.67,-96.11,33.35
904,-17.94,-393.79,-97.92,27.5
905,19.95,-336.78,-87.84,11.44
906,-57.82,-552.56,-26.14,44.21
907,-20.36,-494.27,-151.0,20.05
908,-18.82,-485.07,-64.58,38.01
909,6.74,-434.24,-126.44,11.22
910,-7.83,-490.27,-136.51,25.15
911,-14.53,-489.42,-114.98,24.12
912,-30.17,-471.47,-101.56,21.51
913,-26.45,-509.57,-114.51,20.66
914,-29.13,-484.92,-128.84,21.94
915,-2.51,-475.65,-97.63,25.41
916,-32.47,-450.5,-111.31,19.13
917,-31.5,-390.4,-105.81,14.08
918,7.75,-464.11,-111.41,21.55
919,-34.54,-500.1,-93.27,21.11
920,-7.62,-456.19,-108.88,22.61
921,-27.03,-502.41,-133.39,26.78
922,-2.46,-388.5,-109.15,21.35
923,-27.12,-429.12,-66.58,33.06
924,-32.28,-562.48,-118.4,25.99
925,12.7,-387.02,-109.39,27.35
926,-21.83,-520.36,-16.6,45.54
927,-75.36,-536.75,-132.93,13.99
928,-0.89,-313.18,-171.9,24.24
929,-36.19,-470.0,-148.84,29.24
930,-18.08,-514.75,-98.56,31.75
931,-6.41,-506.27,-151.72,19.73
932,-52.55,-548.75,-149.0,21.39
933,-30.98,-487.15,-59.94,39.57
934,6.68,-432.96,-90.04,23.6
935,-5.91,-447.61,-115.85,9.11
936,-11.95,-399.25,-117.64,19.3
937,-57.04,-533.17,-98.73,35.47
938,-27.85,-432.71,-94.27,40.07
939,18.63,-487.33,-148.4,20.34
940,-13.03,-494.35,-151.3,7.3
941,-3.88,-380.41,71.54,38.11
942,-21.5,-359.18,-156.86,34.2
943,-45.16,-574.66,-162.65,22.76
944,-7.0,-517.4,-129.33,32.62
945,9.4,-459.09,-92.54,40.06
946,-28.07,-515.45,-3.06,47.56
947,-21.36,-469.93,-105.76,37.13
948,-4.48,-489.47,-157.09,21.47
949,-34.64,-505.82,-91.81,37.51
950,-21.92,-406.62,-105.04,17.97
951,-7.37,-413.12,-110.84,17.59
952,-37.73,-521.37,-107.94,30.23
953,-31.07,-496.17,-109.69,34.83
954,-33.81,-423.71,-115.33,15.64
955,-10.07,-456.39,-191.75,-3.95
956,-74.29,-535.85,-100.81,33.17
957,-54.8,-485.37,-54.87,36.12
958,37.69,-472.62,-165.41,-3.32
959,-6.08,-490.71,-119.6,-10.14
960,-65.55,-579.68,5.76,58.01
961,6.3,-385.25,-131.55,40.17
962,11.62,-429.11,-123.44,28.29
963,-7.33,-446.8,-115.84,28.0
964,-28.1,-476.58,-115.06,27.25
965,-35.13,-554.59,-124.93,22.29
966,-2.73,-466.79,-127.86,24.7
967,-22.58,-433.78,-105.0,15.08
968,-39.4,-469.84,-8.59,33.31
969,-44.63,-517.5,-152.37,30.8
970,-26.96,-439.87,-117.68,20.98
971,1.71,-358.01,-119.29,19.62
972,-26.27,-509.95,-135.65,15.14
973,-40.83,-493.77,-106.4,23.16
974,-52.28,-586.79,-107.99,33.67
975,38.06,-306.77,-106.26,25.85
976,-21.99,-528.95,-53.24,28.41
977,-91.0,-489.22,-101.22,24.14
978,2.21,-439.27,-123.39,35.46
979,-2.46,-511.43,-118.88,18.09
980,-9.35,-459.81,-98.51,17.31
981,-9.56,-414.5,-116.85,22.85
982,-41.79,-549.2,-165.84,4.84
983,-47.25,-547.6,-180.97,-8.5
984,-18.4,-348.59,20.09,41.72
985,-36.17,-467.93,-144.63,23.26
986,-24.52,-509.51,-102.32,23.66
987,-38.25,-486.89,-101.81,22.13
988,-30.09,-484.93,-114.94,15.97
989,-5.04,-483.68,-112.32,19.7
990,-38.21,-509.96,-106.38,25.22
991,-30.56,-494.63,-125.46,14.65
992,-10.38,-361.73,-155.01,-1.84
993,-51.9,-391.55,-94.51,27.94
994,-28.67,-567.28,-72.94,28.32
995,-21.0,-477.61,-104.56,22.37
996,-31.42,-490.71,-109.63,16.57
997,-5.36,-430.75,-112.29,12.87
998,-23.93,-470.17,-114.47,24.27
999,-13.07,-522.03,-109.57,16.3
1000,-30.04,-427.74,-59.53,31.75
1001,-25.22,-471.9,-131.07,26.66
1002,-37.11,-491.3,-119.93,29.66
1003,-21.58,-442.03,-105.76,19.74
1004,-22.97,-462.17,-116.41,20.74
1005,-41.16,-473.03,-116.18,18.11
1006,-23.6,-479.16,-119.92,16.83
1007,-42.28,-489.29,-92.47,19.45
1008,-34.25,-482.66,-134.93,9.06
1009,-43.76,-511.95,-185.58,-6.57
1010,-50.83,-453.5,-79.47,25.94
1011,-67.34,-517.11,-75.19,33.3
1012,-31.24,-428.06,-71.56,30.51
1013,-11.6,-432.26,-87.28,26.48
1014,-11.96,-493.46,-99.87,17.19
1015,-7.82,-461.32,-109.36,17.89
1016,-10.17,-416.22,-118.56,20.97
1017,-31.42,-484.88,-72.29,31.89
1018,-31.47,-453.89,-86.58,31.56
1019,-3.91,-459.19,3.5,38.22
1020,-50.37,-547.41,-191.41,18.95
1021,-32.64,-406.4,-132.54,17.23
1022,-12.91,-474.32,-122.58,19.26
1023,-25.54,-463.53,-114.47,21.88
1024,-27.94,-434.42,-97.93,21.35
1025,-29.47,-509.08,-114.21,26.69
1026,-34.12,-500.19,-114.83,24.5
1027,-41.3,-502.19,-113.22,23.1
1028,-37.46,-492.46,-114.63,19.94
1029,-48.51,-474.6,-113.85,19.18
1030,-89.32,-507.25,-91.76,36.83
1031,-28.32,-455.46,-97.13,31.22
1032,93.69,-250.71,-104.22,12.93
1033,-9.79,-381.35,-102.37,13.77
1034,-28.09,-509.49,-100.71,26.59
1035,-56.89,-684.66,-113.26,31.92
1036,-21.09,-461.0,-122.11,18.96
1037,-7.18,-421.35,-133.84,13.76
1038,-25.07,-466.97,-96.34,29.52
1039,-30.67,-481.6,-93.77,33.72
1040,-27.83,-474.27,-102.38,29.01
1041,-24.2,-468.81,-197.8,-24.13
1042,-21.71,-488.63,-73.83,-13.75
1043,-37.35,-503.61,-56.91,33.17
1044,-14.21,-353.24,-4.62,47.36
1045,-40.49,-456.38,-99.89,34.17
1046,6.01,-402.53,-143.5,29.84
1047,-26.53,-555.78,-117.46,24.72
1048,-21.11,-491.51,-108.54,23.81
1049,-14.34,-449.47,-113.27,25.85
1050,-16.77,-478.24,-115.78,25.11
1051,-31.75,-535.97,-119.31,14.67
1052,-56.89,-437.83,-92.19,28.14
1053,-5.38,-397.85,-105.65,25.92
1054,-12.79,-518.93,-102.23,21.96
1055,-36.07,-490.3,-109.69,20.61
1056,-18.16,-442.6,-104.88,23.78
1057,-4.46,-408.75,-96.14,25.71
1058,-32.68,-355.53,-34.39,23.69
1059,-59.01,-532.61,-206.69,-7.03
1060,-24.11,-516.88,-43.1,50.63
1061,-1.21,-516.85,-78.44,17.51
1062,-31.85,-502.36,-106.09,34.58
1063,5.61,-410.59,-75.46,25.78
1064,-11.26,-451.35,-221.26,4.82
1065,-22.53,-440.76,-130.41,8.65
1066,5.47,-400.98,-85.04,22.46
1067,-45.79,-543.85,-81.04,36.52
1068,-13.74,-475.52,-120.5,24.87
1069,-20.33,-513.14,-120.54,17.35
1070,-81.17,-568.24,-82.04,30.13
1071,-15.91,-452.19,-89.84,35.02
1072,-8.86,-398.3,-138.7,21.8
1073,11.38,-457.91,-110.99,28.32
1074,-29.18,-441.59,-120.15,9.53
1075,-34.22,-440.7,-185.2,10.91
1076,-25.51,-431.63,-127.96,29.65
1077,-40.13,-412.92,-69.17,39.91
1078,7.86,-434.2,-95.45,12.08
1079,-26.25,-563.53,-21.32,27.66
1080,-45.96,-536.5,-125.8,25.4
1081,-14.64,-481.14,-147.11,13.26
1082,3.7,-347.13,-100.54,31.65
1083,-33.84,-533.38,-81.04,20.36
1084,-58.76,-564.56,-136.45,15.54
1085,-32.36,-474.45,-128.8,27.25
1086,-16.57,-485.75,-91.05,30.84
1087,-15.25,-453.33,-147.99,12.35
1088,-18.81,-445.79,-141.3,23.97
1089,-21.92,-461.69,-119.63,24.33
1090,-32.75,-448.9,-113.29,20.99
1091,-37.33,-444.68,-120.41,27.03
1092,-44.03,-484.23,-144.24,14.72
1093,-0.2,-373.47,-52.85,31.86
1094,11.87,-474.21,-91.89,31.68
1095,-58.5,-571.69,-89.53,28.57
1096,-24.0,-506.67,-83.13,32.32
1097,-38.76,-503.94,-96.05,24.61
1098,-57.61,-583.49,-67.32,26.53
1099,-25.8,-472.26,-87.38,33.48
1100,-6.1,-399.72,-151.32,32.05
1101,-4.37,-366.07,-6.41,35.61
1102,-19.21,-390.28,-132.5,24.37
1103,-17.71,-419.44,-127.96,6.84
1104,-42.98,-605.33,-179.99,-5.16
1105,-32.93,-453.47,-102.81,32.7
1106,-37.18,-485.97,-96.27,33.54
1107,-22.16,-494.24,-112.59,25.46
1108,-21.07,-515.28,-108.54,27.28
1109,-22.33,-414.98,-136.12,11.66
1110,-44.78,-529.92,-136.63,20.71
1111,-15.72,-467.38,-87.95,23.48
1112,-56.77,-532.94,-69.61,25.04
1113,-31.51,-497.75,-110.36,16.13
1114,-2.06,-414.48,-83.6,15.5
1115,3.52,-436.75,-79.0,23.89
1116,-6.51,-501.26,-138.89,20.12
1117,-8.28,-323.89,-50.03,20.29
1118,-32.57,-467.61,-141.46,18.12
1119,-31.75,-520.58,-127.83,-3.5
1120,-27.99,-467.97,-221.8,-6.42
1121,-35.26,-456.88,-23.85,48.64
1122,-6.05,-440.68,-75.48,31.13
1123,-13.04,-532.3,-96.9,20.69
1124,-50.89,-524.44,-132.44,13.83
1125,-36.25,-468.89,-105.61,16.63
1126,-8.21,-433.88,-113.34,15.51
1127,-69.69,-486.05,-142.76,24.26
1128,0.67,-457.83,-114.72,21.51
1129,-7.21,-478.79,-93.08,22.89
1130,-32.73,-476.66,-103.48,27.88
1131,-35.84,-435.94,-81.96,23.14
1132,-2.91,-359.41,-60.35,23.74
1133,-21.72,-490.01,-138.57,3.1
1134,-31.86,-390.71,-149.67,19.17
1135,-28.81,-580.33,-82.27,33.11
1136,-3.12,-481.11,40.72,42.75
1137,-25.31,-426.36,-228.02,-4.77
1138,-43.27,-467.65,-116.7,12.05
1139,-54.97,-583.13,-115.05,28.83
1140,3.16,-398.96,-113.94,27.45
1141,-18.09,-502.66,-137.19,14.31
1142,-37.65,-477.71,-129.9,5.09
1143,-25.4,-450.82,-143.04,16.37
1144,-31.09,-474.49,-60.09,40.39
1145,-36.39,-482.63,-87.9,37.36
1146,-18.12,-450.96,-95.31,33.53
1147,12.09,-439.5,-105.46,22.57
1148,-44.82,-517.39,-111.33,15.48
1149,-22.4,-461.1,-131.35,6.73
1150,-5.03,-353.63,-69.65,41.81
1151,-2.52,-501.11,10.88,50.13
1152,-30.71,-510.7,-191.65,18.82
1153,22.28,-413.09,-43.8,20.89
1154,-41.51,-543.69,-114.87,22.77
1155,-0.31,-451.28,-102.4,16.91
1156,-62.89,-521.05,-81.22,35.32
1157,-28.32,-453.6,35.79,39.47
1158,-6.13,-420.52,-130.88,9.64
1159,-22.39,-430.13,-94.92,11.47
1160,-1.15,-421.71,-104.76,2.73
1161,13.05,-371.99,-199.81,-12.95
1162,-28.23,-408.62,-130.7,12.47
1163,-87.38,-576.7,-104.15,23.78
1164,-50.87,-652.73,-123.76,7.43
1165,25.41,-281.22,-77.92,40.55
1166,8.76,-437.14,-65.44,18.54
1167,15.29,-394.42,-123.65,31.83
1168,-48.07,-492.57,73.55,50.14
1169,-40.49,-501.92,-125.62,23.74
1170,-2.6,-390.51,-114.26,24.76
1171,-40.03,-578.09,-155.78,3.02
1172,-21.11,-464.85,-109.05,23.78
1173,-31.82,-528.5,-169.01,23.72
1174,-22.7,-468.96,-107.58,19.2
1175,-29.49,-490.34,-131.04,17.32
1176,-59.84,-515.96,-88.98,44.43
1177,-30.61,-468.86,-107.16,24.34
1178,-12.27,-424.86,-101.91,20.33
1179,-0.25,-397.93,-116.59,15.86
1180,-9.23,-458.98,-119.57,16.17
1181,-61.38,-580.5,-124.64,17.54
1182,-46.35,-489.18,-143.2,17.74
1183,-22.81,-452.11,-91.17,25.38
1184,13.71,-425.39,-72.89,26.47
1185,-3.36,-333.72,-46.41,16.73
1186,-17.36,-516.95,-161.21,21.87
1187,-38.7,-498.5,-80.14,32.31
1188,-43.34,-533.45,-153.19,12.37
1189,-13.44,-478.51,-46.49,21.5
1190,-24.55,-516.48,-134.75,23.6
1191,-14.64,-370.37,-101.37,20.44
1192,-18.75,-411.71,-92.61,36.57
1193,-22.47,-527.55,-98.69,18.95
1194,-18.32,-472.05,-41.76,27.16
1195,-35.36,-493.02,-187.37,-19.23
1196,-59.17,-568.54,-165.04,4.09
1197,-33.03,-451.31,-102.88,12.15
1198,1.42,-445.86,-109.83,6.04
1199,-30.45,-449.9,-186.34,-1.57
1200,3.68,-445.57,-117.95,25.89
1201,-46.81,-524.41,43.48,36.43
1202,-33.52,-516.89,-157.61,14.34
1203,-5.52,-427.03,-110.81,5.94
1204,-5.17,-483.39,-89.13,20.43
1205,-36.57,-466.43,-39.32,30.18
1206,0.94,-426.21,-142.85,-2.1
1207,-45.66,-498.25,-150.07,-0.18
1208,-38.83,-471.51,-105.37,40.88
1209,-22.2,-429.22,-117.41,26.63
1210,-30.84,-427.8,-110.52,29.48
1211,21.54,-402.67,-110.8,19.41
1212,-61.9,-573.24,-119.28,15.37
1213,-42.02,-529.31,-112.76,13.93
1214,-37.08,-529.28,-112.87,21.39
1215,-2.23,-457.57,-113.83,16.75
1216,-10.57,-454.23,-110.12,22.69
1217,-28.31,-478.84,-105.72,15.98
1218,-8.57,-456.13,-82.43,-1.9
1219,-23.52,-473.89,-45.14,36.85
1220,-28.21,-511.98,-144.57,21.09
1221,-9.14,-367.14,-93.4,13.9
1222,-0.43,-396.94,-98.82,15.06
1223,-36.34,-537.25,-110.37,13.79
1224,-32.26,-504.64,-187.64,2.24
1225,-17.42,-467.34,-103.4,19.6
1226,-13.96,-483.45,-98.28,22.93
1227,-24.72,-462.0,-109.53,8.8
1228,-22.32,-430.76,-118.64,9.22
1229,-30.7,-490.18,-141.89,5.14
1230,2.21,-447.03,-130.85,8.46
1231,-32.19,-473.22,-85.37,21.86
1232,-14.79,-485.68,-105.86,13.72
1233,-3.19,-425.92,-100.97,9.79
1234,-46.11,-521.78,-113.95,5.02
1235,9.66,-437.11,-97.9,13.54
1236,-19.8,-429.73,-130.49,-3.55
1237,-46.31,-472.86,-142.75,-1.88
1238,-22.59,-413.42,-73.72,28.25
1239,11.4,-479.27,-11.36,21.63
1240,-31.06,-452.56,-122.04,13.18
1241,-37.69,-518.04,-184.58,1.62
1242,-19.15,-501.97,-73.58,22.35
1243,-37.0,-496.34,-126.49,11.8
1244,-18.12,-476.11,-113.41,14.49
1245,-16.86,-488.94,-109.33,12.18
1246,-24.33,-468.44,-160.34,-7.49
1247,-28.13,-478.35,-162.84,5.68
1248,-16.34,-431.64,-119.46,12.65
1249,-23.68,-552.02,-144.89,1.84
1250,-21.17,-474.34,-129.12,-8.12
1251,-9.44,-375.34,-94.69,27.58
1252,-30.83,-422.16,-73.08,12.84
1253,19.39,-312.26,-100.93,5.62
1254,-60.89,-592.39,-107.34,14.04
1255,-23.25,-474.24,-102.65,2.76
1256,-25.41,-464.86,-79.93,33.94
1257,-13.33,-477.58,-101.59,32.56
1258,-5.52,-431.74,-130.4,14.59
1259,-43.45,-551.01,-152.47,11.96
1260,-5.88,-501.45,-4.61,46.43
1261,-8.24,-401.23,-66.37,30.44
1262,6.85,-371.97,-82.62,10.41
1263,-33.38,-529.24,-137.23,17.42
1264,-72.64,-558.49,-142.86,12.7
1265,-11.26,-459.07,-131.76,15.99
1266,-31.02,-473.74,-96.66,24.76
1267,-14.26,-452.87,-98.42,26.17
1268,-9.36,-428.1,-105.04,18.5
1269,-52.16,-495.17,-106.91,13.46
1270,4.99,-232.05,-99.84,24.38
1271,-28.97,-602.18,-101.09,15.59
1272,-33.82,-638.41,-111.89,8.87
1273,-3.58,-439.58,-115.22,3.97
1274,-37.1,-377.56,-117.31,21.32
1275,15.99,-238.43,-152.79,13.04
1276,-23.05,-561.2,-103.12,22.52
1277,-34.82,-534.8,-127.79,7.12
1278,-22.39,-477.69,-85.89,20.11
1279,-0.14,-542.68,-290.12,-36.62
1280,11.87,-433.62,-54.7,4.37
1281,-40.76,-405.82,-76.63,22.76
1282,-37.96,-579.27,-43.02,41.59
1283,-21.24,-494.47,12.55,34.02
1284,-26.99,-450.94,-171.09,14.59
1285,-22.2,-469.6,-116.77,18.31
1286,-17.03,-451.51,-104.51,22.35
1287,-14.19,-402.08,-102.7,20.45
1288,-14.17,-475.04,-106.98,18.3
1289,-47.73,-539.59,-99.93,14.44
1290,12.35,-439.94,-113.61,10.26
1291,-23.69,-530.69,-118.24,18.17
1292,-33.58,-449.6,-123.85,13.12
1293,-21.78,-402.53,-115.05,14.31
1294,-5.4,-341.71,-187.39,-14.28
1295,6.52,-448.7,-168.64,-14.49
1296,-31.52,-524.5,-27.77,52.18
1297,-31.06,-506.22,-35.24,33.38
1298,-34.21,-467.33,-99.64,32.99
1299,-31.45,-468.02,-105.66,27.39
1300,-14.24,-404.94,-17.33,21.72
1301,-11.75,-446.09,-97.92,25.06
1302,-6.8,-536.75,-176.23,4.0
1303,-42.69,-467.33,-118.01,21.63
1304,-42.2,-475.29,-76.89,34.76
1305,-25.0,-489.37,-161.14,10.13
1306,-5.81,-506.11,-162.77,-8.23
1307,-16.88,-451.1,-141.93,18.41
1308,-10.16,-423.81,-53.58,33.78
1309,5.52,-470.34,-88.84,18.04
1310,-53.73,-575.14,-102.13,21.21
1311,-21.44,-475.53,-78.16,25.68
1312,-11.89,-304.81,-131.51,13.12
1313,2.75,-404.6,-136.7,11.93
1314,-24.22,-517.76,-122.03,12.98
1315,10.38,-396.46,-65.1,19.11
1316,-31.87,-572.49,-103.4,20.09
1317,-4.64,-397.45,-85.98,19.42
1318,-62.99,-531.42,-70.65,24.0
1319,-27.25,-506.37,-34.94,31.95
1320,-16.42,-499.77,-173.21,9.41
1321,13.52,-391.81,-199.79,-29.37
1322,-18.35,-462.14,-220.4,-31.53
1323,-53.74,-552.09,-135.5,18.46
1324,-22.38,-446.3,-11.08,45.77
1325,11.8,-460.81,-78.46,29.64
1326,-54.92,-436.52,-77.83,39.7
1327,-12.14,-387.98,-95.02,19.82
1328,-4.05,-478.28,-93.74,18.96
1329,-28.61,-552.77,-124.22,9.24
1330,-19.29,-362.76,-82.98,22.59
1331,-15.51,-437.66,-103.09,15.61
1332,-7.53,-511.53,-114.07,9.47
1333,-18.86,-507.7,-96.3,4.6
1334,-8.11,-524.79,-106.29,20.78
1335,-53.17,-450.53,-63.77,15.05
1336,-9.66,-417.39,-115.86,6.74
1337,-5.44,-462.25,-127.56,6.77
1338,-9.27,-479.63,-112.7,6.17
1339,-8.99,-406.38,-97.36,39.07
1340,-2.09,-396.61,0.25,12.99
1341,-25.47,-422.78,-219.94,4.62
1342,-15.65,-505.0,-164.91,-8.44
1343,-49.79,-589.68,-79.03,36.74
1344,-37.7,-508.62,-131.28,6.16
1345,-16.65,-479.74,-115.33,16.2
1346,-11.66,-471.88,-62.48,33.2
1347,-28.41,-525.91,-121.41,12.32
1348,-11.5,-402.76,-106.15,14.11
1349,-16.95,-390.75,-96.97,22.31
1350,-38.2,-516.52,-97.29,24.41
1351,-32.58,-534.28,-127.68,17.03
1352,15.43,-389.07,-94.08,12.68
1353,-27.66,-410.64,-60.1,25.15
1354,-7.68,-398.0,-139.36,7.61
1355,-21.05,-478.93,-120.52,-1.84
1356,-24.66,-499.8,-109.61,6.14
1357,-29.06,-505.52,-102.98,23.8
1358,-31.19,-467.79,-109.13,11.36
1359,-19.04,-448.24,-122.44,-8.19
1360,-0.45,-316.48,-133.54,-13.64
1361,-34.67,-558.48,-102.1,34.12
1362,-58.16,-594.8,-105.14,15.56
1363,-31.8,-518.62,-237.66,-27.74
1364,10.33,-443.78,-146.6,-4.83
1365,-36.5,-378.48,-10.38,45.44
1366,-3.83,-495.93,-75.9,15.94
1367,-39.49,-589.85,-78.95,19.07
1368,-9.53,-409.99,-82.41,26.98
1369,-31.44,-469.12,-101.64,21.92
1370,-20.88,-453.95,-93.08,5.69
1371,-11.97,-460.62,66.76,24.34
1372,-2.08,-419.27,-203.6,-4.47
1373,-48.3,-538.06,-129.67,-2.07
1374,-23.75,-392.21,-118.25,-4.51
1375,-10.26,-464.56,-128.22,-22.64
1376,-20.75,-479.44,-92.12,24.38
1377,-30.46,-510.0,-144.92,1.3
1378,-4.83,-440.4,-192.99,-31.34
1379,-32.03,-487.38,-51.49,29.07
1380,-33.5,-356.09,-80.34,23.53
1381,-10.45,-489.42,-83.23,15.03
1382,-17.44,-483.73,-93.91,15.03
1383,-8.96,-450.42,-99.08,8.87
1384,-46.8,-581.43,-121.43,5.16
1385,-50.46,-465.07,-115.32,3.2
1386,0.22,-269.02,-82.07,13.21
1387,-37.71,-613.33,-99.16,7.01
1388,-14.89,-450.74,-81.26,10.33
1389,-17.02,-480.26,-117.66,-1.46
1390,-9.25,-486.86,-125.45,-4.27
1391,-29.52,-505.7,-138.33,-30.22
1392,-17.25,-376.11,-89.55,-0.47
1393,-22.17,-329.59,-91.29,10.4
1394,-28.58,-584.39,-96.11,15.03
1395,-18.59,-502.31,-105.19,6.24
1396,-9.36,-430.78,-18.56,7.58
1397,-17.5,-487.87,-130.73,7.0
1398,2.78,-344.75,-134.15,-3.52
1399,-42.63,-529.62,-109.68,7.55
1400,-27.78,-413.63,-116.86,-2.09
1401,-12.38,-513.49,-117.95,5.22
1402,-15.16,-489.11,-103.23,16.91
1403,-9.4,-359.22,-105.94,15.07
1404,-31.03,-488.23,-112.72,-0.45
1405,-47.74,-555.56,-130.85,13.54
1406,-31.28,-529.43,-124.14,21.37
1407,-44.57,-459.96,-103.55,10.0
1408,10.98,-408.32,-105.85,12.81
1409,-11.3,-457.85,-103.98,16.58
1410,-26.76,-480.3,-115.7,8.37
1411,-33.94,-508.44,-106.52,-9.95
1412,-9.13,-361.13,-122.04,12.17
1413,0.11,-431.86,-87.73,17.07
1414,-24.92,-522.13,-102.29,19.18
1415,-31.38,-529.25,-110.04,15.51
1416,-31.8,-472.95,-129.07,-1.71
1417,-19.6,-452.53,-115.5,14.83
1418,-18.93,-359.95,-65.22,11.66
1419,-29.12,-519.26,-95.82,11.88
1420,-18.6,-471.24,-157.61,4.92
1421,-39.48,-477.05,-128.63,-13.45
1422,-24.36,-449.2,-141.47,-25.59
1423,-10.48,-427.94,-92.31,10.71
1424,-24.94,-466.44,-90.76,3.93
1425,-23.19,-481.8,-115.73,30.05
1426,-31.18,-528.1,-94.99,13.63
1427,-45.98,-553.51,-103.6,17.05
1428,-37.76,-429.97,-105.04,11.63
1429,-11.12,-448.22,-112.39,10.27
1430,16.99,-386.22,-127.48,-6.44
1431,-29.54,-389.37,-93.98,6.16
1432,-43.23,-517.19,-38.38,15.05
1433,-25.89,-548.94,-133.94,4.73
1434,3.96,-450.02,-124.79,10.53
1435,-34.62,-415.83,-98.58,14.65
1436,0.57,-516.91,-36.88,21.73
1437,-43.7,-480.58,-160.49,10.5
1438,-28.26,-384.73,-132.52,12.82
1439,-23.93,-526.02,-134.35,-0.39
1440,-14.5,-462.44,-89.44,18.5
1441,-21.42,-511.93,-123.02,-6.23
1442,-30.23,-478.14,-154.97,-21.33
1443,-2.27,-374.23,-71.16,25.88
1444,-28.37,-404.77,-104.17,20.73
1445,-37.09,-495.95,-110.85,10.37
1446,16.96,-364.24,-104.87,17.33
1447,-45.75,-473.86,-81.82,29.6
1448,-51.56,-611.26,-106.22,4.62
1449,-25.64,-509.28,-107.65,11.14
1450,-15.26,-484.04,-106.27,12.9
1451,-21.5,-501.02,-97.31,17.29
1452,-8.16,-409.29,-74.34,20.26
1453,11.37,-323.53,-127.56,9.43
1454,-43.45,-557.37,-110.95,22.51
1455,-36.35,-485.81,-78.68,16.65
1456,-14.6,-364.49,-98.03,9.48
1457,-11.5,-467.73,-130.46,10.77
1458,-31.17,-537.86,-116.1,12.25
1459,-11.84,-497.9,-112.55,19.62
1460,-42.98,-509.39,-107.09,15.82
1461,-20.4,-493.79,-108.11,15.12
1462,-32.89,-444.19,-112.72,22.01
1463,-23.6,-436.85,-120.5,5.97
1464,-29.03,-514.81,-109.28,15.84
1465,-23.19,-455.34,-116.73,7.58
1466,-15.57,-439.03,-112.95,2.43
1467,-54.86,-518.21,-134.81,10.22
1468,-10.09,-477.14,-92.59,13.7
1469,5.95,-395.84,-100.33,-11.56
1470,-17.62,-472.38,-182.99,-40.45
1471,-28.36,-464.36,-71.82,15.24
1472,-8.23,-329.35,-64.95,30.8
1473,-41.37,-594.67,-66.41,33.12
1474,-31.69,-531.12,-103.65,7.2
1475,-26.8,-496.94,-111.12,6.64
1476,-30.57,-455.24,-107.3,18.53
1477,-20.87,-451.84,-90.99,23.55
1478,-18.26,-505.22,10.93,28.98
1479,-7.48,-381.36,-167.65,8.71
1480,-4.95,-269.24,-122.42,11.46
1481,-21.13,-564.72,-110.93,15.16
1482,-13.9,-432.76,-102.83,10.93
1483,-71.74,-586.95,-104.74,21.84
1484,-7.47,-403.96,-105.81,19.5
1485,-41.02,-496.98,-108.74,18.68
1486,-14.02,-492.23,-107.52,13.44
1487,-24.22,-447.09,-103.19,21.74
1488,-15.94,-477.07,-107.45,26.44
1489,-29.97,-485.81,-103.24,16.19
1490,-11.12,-480.85,-86.06,23.91
1491,-28.81,-420.49,-89.82,17.01
1492,-33.73,-509.19,-108.36,20.27
1493,1.37,-422.15,-111.8,11.84
1494,1.68,-375.41,-122.97,20.33
1495,-32.33,-518.09,-111.99,24.15
1496,-41.73,-522.69,-106.84,20.8
1497,-30.46,-480.15,-102.44,20.56
1498,-10.98,-464.41,-102.07,15.54
1499,-22.91,-452.17,-94.55,11.27
1500,-74.91,-557.39,-87.77,20.94
1501,-19.05,-501.42,-95.23,8.47
1502,-13.71,-349.51,-107.57,20.06
1503,5.24,-313.19,-88.3,29.93
1504,-11.89,-525.48,-112.71,13.85
1505,-23.27,-484.91,-104.02,16.54
1506,-21.16,-485.32,-110.08,13.11
1507,-25.38,-483.12,-94.82,19.96
1508,-23.05,-484.57,-97.59,26.44
1509,-17.02,-478.05,-99.45,18.87
1510,-21.85,-470.53,-100.44,20.25
1511,-21.77,-469.18,-103.34,18.16
1512,-24.32,-474.86,-101.0,17.03
1513,-24.64,-475.63,-101.48,20.37
1514,-36.07,-472.33,-92.88,25.14
1515,-31.98,-473.03,-92.28,23.18
1516,-0.67,-463.08,-106.99,17.83
1517,-9.77,-462.29,-92.5,22.5
1518,-27.71,-455.61,-103.15,23.14
1519,-19.38,-494.49,-111.44,14.57
1520,-8.17,-422.15,-65.87,22.31
1521,-7.84,-433.36,-31.71,28.68
1522,-3.93,-424.24,-170.74,10.26
1523,-45.47,-475.43,-103.3,19.21
1524,-42.39,-534.53,-112.64,16.88
1525,-26.85,-472.78,-104.94,15.14
1526,-24.88,-463.33,-101.09,23.7
1527,-22.61,-463.72,-110.53,20.5
1528,-26.39,-488.52,-192.81,-19.52
1529,-12.94,-490.67,-77.37,23.9
1530,-12.74,-441.07,-36.15,36.84
1531,8.18,-430.7,-130.22,8.8
1532,-10.29,-459.16,-138.51,19.65
1533,-34.89,-482.79,-62.56,38.74
1534,-19.92,-404.28,-76.5,30.59
1535,-17.32,-405.41,-84.27,30.31
1536,-12.93,-508.35,-91.85,22.69
1537,-16.79,-426.1,-89.41,26.58
1538,-11.92,-395.85,-96.05,21.62
1539,-27.26,-558.73,-94.62,21.5
1540,-20.32,-458.3,-89.39,20.98
1541,-27.85,-468.62,-101.33,29.59
1542,-33.75,-433.91,-86.17,31.55
1543,-12.87,-374.07,-75.04,33.34
1544,3.56,-476.75,-126.59,22.5
1545,-16.17,-491.36,-141.64,14.74
1546,-27.28,-574.85,-76.9,30.65
1547,-27.02,-454.73,-100.8,28.29
1548,-14.41,-430.72,-99.63,21.92
1549,-22.42,-470.01,-102.56,26.23
1550,-27.33,-499.85,-98.36,26.24
1551,-38.39,-510.31,-97.66,19.68
1552,-24.03,-413.42,-95.81,21.03
1553,4.6,-304.65,-98.44,28.78
1554,-25.67,-529.81,-94.54,3.5
1555,-17.06,-446.93,-139.05,-3.87
1556,-9.91,-470.16,-83.3,28.36
1557,-29.41,-528.47,-84.78,41.73
1558,-18.73,-473.65,-93.17,18.7
1559,-19.12,-476.8,-129.01,10.6
1560,-20.73,-467.69,-85.3,26.78
1561,-28.3,-473.28,-86.49,23.25
1562,-56.84,-570.21,-93.76,10.08
1563,2.76,-358.37,-96.29,11.92
1564,22.7,-295.73,-85.94,31.28
1565,-23.12,-443.8,-91.27,32.97
1566,-25.9,-533.35,-109.1,24.06
1567,-30.55,-470.12,-93.19,19.78
1568,-21.0,-523.45,-106.81,22.04
1569,-21.97,-481.79,-101.63,22.49
1570,-22.95,-475.94,-101.36,21.88
1571,-20.42,-454.24,-99.02,19.49
1572,-34.76,-471.99,-101.16,23.43
1573,-34.57,-526.56,-105.34,19.13
1574,-20.63,-547.41,-82.62,10.77
1575,10.43,-291.53,-80.39,32.04
1576,9.56,-367.19,-103.68,26.15
1577,-16.79,-412.88,-116.74,14.52
1578,-25.17,-481.74,-108.98,24.57
1579,-32.35,-546.66,-103.85,24.42
1580,-22.3,-448.37,-98.94,22.09
1581,-28.28,-497.4,-97.65,18.3
1582,-18.62,-426.5,-103.8,16.54
1583,-44.65,-533.32,-104.94,9.4
1584,-28.31,-482.32,-114.24,21.94
1585,-8.83,-467.19,-90.03,30.57
1586,-5.9,-474.83,-72.96,35.13
1587,-14.84,-427.37,-99.66,28.08
1588,-24.69,-491.52,-98.14,32.05
1589,-21.51,-487.05,-100.07,26.07
1590,-21.43,-473.46,-103.14,22.15
1591,-16.14,-447.85,-97.33,23.62
1592,-26.76,-495.68,-106.07,18.5
1593,-38.75,-535.74,-115.37,13.63
1594,-41.04,-461.0,-106.16,15.39
1595,-19.71,-360.46,-87.6,22.62
1596,6.13,-419.74,-101.17,29.86
1597,-4.74,-439.67,-106.4,24.84
1598,-9.94,-450.64,-104.65,22.58
1599,-21.92,-499.04,-105.06,22.34
1600,-28.29,-473.48,-100.79,22.14
1601,-17.66,-469.1,-101.12,23.91
1602,-24.55,-486.81,-100.09,20.23
1603,-24.36,-493.13,-95.65,21.93
1604,-18.03,-515.58,-105.93,17.48
1605,-1.88,-349.33,-100.45,23.32
1606,-12.49,-398.59,-83.73,29.34
1607,-4.76,-469.68,-102.49,25.18
1608,-8.78,-471.59,-110.36,17.23
1609,-22.68,-491.22,-98.56,21.22
1610,-25.82,-475.81,-98.74,20.56
1611,-34.94,-476.47,-98.18,14.26
1612,-29.87,-498.24,-98.92,15.1
1613,-11.5,-465.16,-121.14,-8.27
1614,-1.49,-462.78,-125.13,4.69
1615,-35.74,-444.38,-110.46,29.22
1616,10.06,-409.27,-96.97,31.63
1617,-17.9,-490.67,-77.14,30.49
1618,-14.93,-445.6,-94.43,22.23
1619,-15.88,-465.6,-97.06,23.85
1620,-23.68,-462.68,-99.7,22.18
1621,-32.68,-462.8,-95.46,23.8
1622,-36.37,-481.84,-95.08,17.28
1623,-10.95,-527.21,-106.48,11.22
1624,-3.75,-411.07,-98.71,13.39
1625,-5.29,-381.14,-113.08,15.23
1626,4.75,-347.49,-84.07,20.4
1627,-1.41,-495.9,-112.7,17.58
1628,-26.81,-491.06,-100.95,24.27
1629,-25.15,-497.43,-99.51,21.17
1630,-35.32,-479.75,-97.68,15.87
1631,-16.43,-493.0,-86.02,22.46
1632,-18.22,-440.45,-111.66,15.97
1633,-7.2,-399.05,-108.93,13.93
1634,-21.81,-517.3,-103.25,16.92
1635,-28.07,-529.51,-92.32,19.29
1636,-13.73,-429.5,-119.3,17.39
1637,-8.52,-454.54,-105.42,20.53
1638,-17.82,-470.08,-101.19,17.09
1639,-24.08,-467.41,-101.86,17.21
1640,5.48,-457.34,-104.5,17.37
1641,-13.78,-527.48,-108.68,6.99
1642,-25.11,-381.19,-107.32,11.25
1643,-29.1,-424.72,-91.77,24.88
1644,4.55,-437.32,-110.17,14.07
1645,-11.65,-443.61,-108.6,22.04
1646,-32.79,-544.28,-102.98,18.74
1647,-17.62,-455.47,-100.39,26.27
1648,-37.43,-526.93,-110.5,9.18
1649,-22.22,-520.24,-113.26,23.94
1650,-5.4,-411.69,-110.89,26.29
1651,-24.42,-430.94,-90.0,29.07
1652,-15.78,-475.8,-93.97,25.49
1653,0.64,-432.83,-111.29,24.22
1654,-5.59,-399.75,-102.55,19.91
1655,-8.48,-438.14,-102.73,16.14
1656,-24.66,-484.41,-101.65,20.52
1657,-24.74,-437.09,-97.21,16.52
1658,-6.35,-459.15,-99.25,21.71
1659,-24.64,-496.63,-102.58,24.51
1660,-16.56,-431.54,-91.47,20.21
1661,-20.32,-470.83,-104.27,10.92
1662,-32.89,-528.71,-97.76,20.03
1663,5.81,-402.71,-102.91,14.01
1664,-1.54,-464.33,-94.51,24.49
1665,-30.13,-489.95,-111.63,19.41
1666,-17.48,-457.08,-88.75,33.79
1667,-6.62,-435.11,-78.67,29.29
1668,-11.02,-464.57,-127.44,12.99
1669,-12.35,-499.05,-102.07,21.14
1670,-16.09,-486.96,-84.69,18.81
1671,-14.26,-463.04,-114.88,5.02
1672,-2.24,-395.43,-98.44,14.35
1673,-30.2,-500.62,-99.31,21.55
1674,-28.18,-472.72,-108.17,12.81
1675,-20.84,-444.55,-105.24,22.64
1676,-4.59,-438.5,-110.41,21.35
1677,-30.94,-520.56,-98.52,23.47
1678,-7.4,-457.04,-108.0,18.5
1679,-1.35,-453.52,-108.97,37.81
1680,-37.89,-473.87,-105.08,29.03
1681,-12.4,-439.89,-107.97,27.8
1682,-18.65,-491.62,-108.37,26.23
1683,-32.9,-495.55,-94.57,30.06
1684,-25.31,-467.62,-99.1,22.34
1685,-11.44,-478.49,-109.52,19.02
1686,-16.79,-472.58,-122.39,18.39
1687,-31.69,-486.98,-105.54,12.95
1688,-19.86,-473.88,-95.12,17.51
1689,-7.53,-459.99,-105.19,20.32
1690,-12.64,-420.34,-102.82,21.68
1691,-14.86,-445.11,-113.12,15.66
1692,-21.81,-451.92,-105.27,18.25
1693,-6.51,-436.63,-111.14,33.24
1694,-23.16,-456.45,-117.44,21.44
1695,-4.58,-365.52,-114.71,15.22
1696,-41.85,-549.74,-98.68,32.78
1697,-20.29,-485.78,-100.82,25.98
1698,-29.45,-498.04,-112.55,21.32
1699,-36.62,-528.7,-109.92,16.22
1700,-17.97,-474.62,-118.32,14.82
1701,-28.41,-479.34,-104.72,26.52
1702,-5.34,-441.44,-104.37,24.53
1703,-29.8,-471.81,-86.55,23.57
1704,-60.84,-481.67,-99.53,17.7
1705,5.78,-436.86,-120.53,15.58
1706,22.51,-422.02,-111.51,8.81
1707,-1.01,-445.26,-95.88,22.98
1708,-51.97,-481.79,-101.92,26.47
1709,-36.16,-445.93,-77.11,27.31
1710,-4.42,-507.33,-126.43,14.98
1711,1.82,-465.6,-28.82,18.09
1712,-26.79,-459.7,-129.88,15.2
1713,-7.98,-416.28,-94.6,12.38
1714,6.83,-447.15,-54.83,27.59
1715,-21.09,-505.34,-141.18,16.93
1716,-16.11,-433.1,-156.6,-2.13
1717,-45.38,-545.18,-208.3,-0.57
1718,-22.88,-486.06,-169.71,0.25
1719,-19.75,-486.97,-60.6,27.07
1720,-50.47,-533.7,-61.54,44.89
1721,1.16,-390.16,-98.24,26.18
1722,0.06,-349.82,-92.1,25.92
1723,-14.18,-439.43,-87.93,31.06
1724,-15.46,-508.68,-82.69,37.7
1725,-2.88,-492.74,-95.28,20.49
1726,-11.86,-484.81,-110.11,19.55
1727,-62.79,-498.47,-109.48,8.84
1728,-10.37,-421.53,-63.96,-9.29
1729,-10.49,-464.88,-66.12,13.18
1730,-14.2,-492.6,-47.18,51.23
1731,-16.13,-475.96,-137.34,22.93
1732,-27.16,-466.8,-29.55,27.97
1733,-37.27,-437.63,-128.69,22.2
1734,13.05,-366.07,-129.75,16.82
1735,-22.33,-517.98,-144.17,19.7
1736,-18.87,-495.87,-137.05,20.37
1737,2.83,-418.95,-120.59,21.54
1738,-24.01,-455.94,-78.03,29.55
1739,-21.81,-390.0,-98.46,33.38
1740,-51.7,-481.61,-121.27,21.02
1741,-27.69,-476.58,-91.57,29.59
1742,-4.86,-416.44,-105.67,23.91
1743,-4.79,-516.69,-92.39,23.28
1744,-1.44,-468.54,-89.46,20.09
1745,-28.66,-476.28,-90.04,35.92
1746,-29.45,-507.81,-41.49,33.13
1747,-14.6,-441.05,-108.8,27.8
1748,-20.32,-451.3,-39.36,41.64
1749,0.56,-458.31,-120.81,21.28
1750,-14.94,-467.56,-80.81,32.11
1751,-52.23,-532.28,-97.53,30.7
1752,-22.17,-540.18,-115.25,28.21
1753,-32.35,-511.67,-110.05,24.11
1754,-28.92,-454.52,-192.87,5.8
1755,-20.4,-433.97,-128.8,14.76
1756,-3.11,-301.4,-58.4,45.54
1757,-4.19,-462.9,-91.46,28.08
1758,-0.61,-496.09,-110.34,24.85
1759,-12.98,-478.31,-104.22,28.74
1760,-35.97,-459.8,-84.86,43.05
1761,-8.33,-489.9,-110.24,28.43
1762,15.74,-445.4,-122.83,21.01
1763,-28.02,-494.76,-94.32,25.54
1764,3.75,-419.93,-51.46,20.72
1765,-57.75,-572.98,-108.63,34.57
1766,-27.03,-463.26,-107.31,18.58
1767,20.25,-353.02,13.47,44.33
1768,-48.85,-649.5,-143.14,32.54
1769,-28.39,-471.97,-124.02,23.41
1770,9.92,-317.8,-143.74,23.2
1771,-1.71,-505.21,-69.79,27.53
1772,-11.81,-409.84,-107.82,36.67
1773,-48.31,-608.3,-151.86,10.97
1774,-22.76,-476.09,-136.98,9.57
1775,-18.84,-445.87,-100.26,42.05
1776,-0.22,-486.06,-105.62,22.29
1777,-25.79,-467.54,-77.85,34.31
1778,-54.41,-491.28,-86.83,35.13
1779,-81.26,-560.1,-106.75,27.73
1780,49.38,-354.72,-95.38,28.62
1781,18.99,-373.5,-109.06,26.1
1782,-5.29,-539.05,-120.83,16.32
1783,15.65,-337.46,-84.49,25.1
1784,-3.61,-505.26,-81.44,30.62
1785,-9.39,-505.74,-49.42,26.26
1786,-39.89,-500.78,-198.93,-1.06
1787,24.39,-427.19,-47.18,26.21
1788,-28.95,-513.67,-126.52,41.68
1789,-43.22,-524.24,-77.88,40.56
1790,-25.35,-478.46,-120.9,28.02
1791,-42.75,-477.39,-107.54,30.54
1792,-30.24,-478.31,-105.69,28.66
1793,-15.27,-329.43,-109.97,28.09
1794,-46.35,-589.45,-107.94,18.74
1795,-10.56,-468.3,-106.45,28.97
1796,8.71,-435.77,-103.06,32.73
1797,-25.18,-480.09,-98.38,26.61
1798,-2.2,-461.04,-102.28,24.87
1799,2.63,-514.41,-91.51,19.13
1800,-27.66,-510.72,-100.86,22.94
1801,-25.59,-470.34,-84.89,21.23
1802,-35.93,-499.01,-99.99,28.19
1803,-21.09,-492.41,-139.16,1.89
1804,-0.94,-461.85,-81.77,27.28
1805,2.67,-454.69,-95.31,24.1
1806,-8.64,-466.15,-88.29,21.01
1807,-36.01,-445.42,-104.72,30.5
1808,-34.1,-443.98,-107.01,28.51
1809,1.17,-456.83,-68.82,24.41
1810,4.01,-468.57,-93.07,30.51
1811,-8.56,-489.42,-112.6,27.19
1812,-35.54,-486.48,-119.48,27.5
1813,-40.5,-493.31,-107.26,27.52
1814,1.2,-446.47,-102.93,27.65
1815,-32.93,-543.24,-110.6,23.15
1816,-27.45,-477.14,-111.43,23.21
1817,-19.45,-456.87,-93.44,24.89
1818,10.14,-448.29,-113.29,26.2
1819,-18.29,-489.26,-88.87,28.34
1820,-21.24,-457.37,-93.18,31.96
1821,-9.41,-421.4,-72.71,25.31
1822,7.01,-493.58,-88.33,30.62
1823,-13.75,-472.7,-124.69,21.56
1824,-11.35,-516.5,-131.02,22.86
1825,-14.88,-486.6,-104.76,26.0
1826,-20.32,-427.56,-64.94,39.92
1827,-39.16,-481.53,-110.65,25.87
1828,-9.22,-380.03,-122.44,20.37
1829,-29.44,-540.68,-119.51,20.63
1830,-7.25,-501.47,-139.63,18.36
1831,-10.27,-455.56,-182.13,1.04
1832,-30.3,-561.48,-146.77,1.46
1833,-4.45,-395.18,-83.72,36.58
1834,-12.19,-496.26,-57.19,40.66
1835,11.91,-463.66,-84.47,34.23
1836,-37.94,-441.11,-85.34,21.01
1837,-86.46,-545.31,-89.11,34.04
1838,57.23,-389.81,-89.34,14.31
1839,16.86,-352.49,-123.86,22.03
1840,-22.19,-569.82,-81.25,29.19
1841,-25.12,-433.92,-111.34,29.13
1842,-21.79,-466.37,-118.33,18.77
1843,-10.29,-520.24,-107.18,21.34
1844,1.53,-469.1,-103.91,19.68
1845,-21.47,-485.32,3.61,21.85
1846,6.5,-517.74,-100.42,24.38
1847,-56.58,-567.82,-177.03,13.65
1848,-39.06,-515.56,-146.55,4.0
1849,16.76,-376.0,-109.1,13.4
1850,3.67,-426.12,-88.06,25.05
1851,-2.11,-419.28,-135.8,0.79
1852,-17.19,-454.4,-128.16,18.63
1853,-40.45,-514.32,-93.73,16.22
1854,-105.27,-435.43,-61.81,47.76
1855,79.22,-351.66,-130.14,12.78
1856,10.91,-383.35,-120.68,14.0
1857,-10.98,-620.94,-119.15,10.63
1858,-34.71,-672.16,-106.91,22.15
1859,21.72,-425.56,-101.64,18.94
1860,-12.82,-429.11,-93.52,19.37
1861,-6.27,-474.51,-23.08,11.1
1862,11.14,-456.93,-37.0,34.46
1863,-8.42,-467.7,-228.14,3.62
1864,-26.22,-387.99,-123.43,13.49
1865,5.21,-484.74,-101.16,12.38
1866,-25.84,-521.42,-86.75,18.92
1867,-31.89,-398.32,-111.25,14.96
1868,-43.11,-515.99,-112.55,13.86
1869,-42.65,-598.25,-107.86,14.16
1870,-54.56,-502.26,-118.71,4.44
1871,29.59,-464.44,-123.43,18.13
1872,22.65,-340.41,-101.41,19.1
1873,-73.01,-454.09,-90.65,38.46
1874,-13.28,-515.92,-103.14,23.35
1875,33.37,-477.67,-108.82,12.85
1876,25.07,-465.61,-94.39,19.86
1877,-15.8,-456.74,-86.18,26.07
1878,-18.99,-493.26,-118.78,15.03
1879,-19.95,-518.99,-99.94,13.69
1880,-5.31,-490.35,33.16,36.48
1881,0.83,-430.49,-269.07,-13.86
1882,-17.01,-506.95,-190.56,-3.44
1883,17.54,-334.99,-45.42,37.41
1884,-9.6,-451.72,-74.36,18.4
1885,-34.26,-492.16,-105.23,28.3
1886,-68.49,-421.69,-98.81,25.18
1887,-25.51,-497.51,-108.5,27.66
1888,-25.44,-507.28,-105.33,21.49
1889,32.22,-445.4,-109.4,17.48
1890,-110.78,-560.33,-131.73,9.22
1891,23.52,-422.79,-99.25,26.1
1892,121.75,-300.47,-100.97,22.84
1893,13.09,-493.48,-99.77,31.7
1894,-31.07,-497.82,-108.15,14.23
1895,-32.43,-509.91,-93.93,20.98
1896,16.95,-414.7,-98.01,9.36
1897,-26.26,-341.32,-78.21,21.07
1898,8.83,-496.71,-124.52,13.59
1899,4.77,-379.41,-130.8,-1.72
1900,13.25,-411.12,-83.27,11.3
1901,-29.81,-543.93,49.24,41.46
1902,-33.16,-466.21,-145.03,26.34
1903,4.42,-485.48,-170.32,17.49
1904,-84.98,-552.42,-135.69,13.74
1905,-21.18,-401.16,-123.2,16.67
1906,5.11,-490.55,-121.47,4.17
1907,-34.33,-551.96,-149.95,11.58
1908,-23.13,-394.71,-100.7,18.25
1909,21.08,-511.58,-81.15,29.56
1910,-36.37,-426.78,-111.62,13.98
1911,8.23,-439.9,-102.47,27.71
1912,15.1,-389.79,-97.34,27.61
1913,10.25,-435.73,-112.02,11.09
1914,-23.38,-538.56,-78.54,23.74
1915,16.39,-462.96,-137.3,3.8
1916,-44.32,-497.66,-108.96,31.45
1917,-31.56,-453.95,-102.65,26.87
1918,12.49,-451.34,-158.45,1.44
1919,-33.78,-472.9,-23.57,15.93
1920,-58.83,-410.66,-141.61,38.88
1921,-16.8,-636.53,-121.4,25.41
1922,-31.31,-470.87,-80.09,30.9
1923,-13.76,-379.66,-106.33,21.68
1924,-31.03,-473.56,-110.41,24.36
1925,-14.5,-477.79,-122.15,18.51
1926,2.47,-387.24,-109.97,21.66
1927,-16.2,-482.59,-78.92,36.14
1928,1.17,-492.49,-92.25,27.39
1929,-18.04,-514.74,-101.87,15.4
1930,27.06,-387.86,-102.54,19.6
1931,-25.93,-494.75,-113.35,21.76
1932,-11.48,-511.6,-136.03,8.26
1933,-0.34,-448.18,-76.35,13.13
1934,14.23,-432.26,-97.45,29.52
1935,-34.98,-481.93,-82.06,7.46
1936,-8.23,-338.62,61.82,52.15
1937,-68.07,-636.44,-230.99,4.02
1938,-1.47,-562.22,-121.35,14.94
1939,-19.23,-471.69,-100.67,11.23
1940,-7.4,-413.18,-115.97,32.3
1941,-83.53,-398.76,-107.56,30.57
1942,45.94,-484.95,-123.42,5.04
1943,24.99,-433.02,-113.75,21.31
1944,-38.23,-517.16,-112.09,23.75
1945,-25.76,-504.26,-106.25,22.5
1946,-39.45,-522.23,-106.29,19.05
1947,2.95,-404.65,-112.08,16.67
1948,-0.19,-423.39,-116.37,28.09
1949,-15.23,-536.78,-148.19,5.69
1950,16.69,-475.1,-80.06,18.97
1951,-44.32,-482.4,-82.66,30.71
1952,-45.23,-531.35,-121.2,3.25
1953,-7.0,-489.8,-109.13,23.85
1954,1.88,-374.01,-84.21,29.63
1955,6.33,-468.92,-111.29,8.49
1956,-45.77,-539.67,-118.37,25.82
1957,7.12,-440.49,-44.36,27.62
1958,-19.09,-461.48,-136.01,22.17
1959,-15.68,-476.31,-96.13,35.72
1960,-61.94,-534.42,-101.26,22.96
1961,-52.83,-435.07,-123.99,11.29
1962,39.14,-387.41,-124.15,19.25
1963,-46.54,-346.13,-97.81,32.05
1964,-12.11,-568.71,-116.09,22.56
1965,-23.45,-614.45,-103.03,14.66
1966,-2.55,-454.01,-103.17,20.69
1967,17.04,-426.66,-110.32,26.34
1968,-8.63,-460.91,-106.95,24.86
1969,4.65,-432.25,-102.63,25.61
1970,-6.82,-503.45,-109.28,30.78
1971,-16.16,-495.04,-116.39,17.95
1972,-15.66,-478.54,-79.76,23.34
1973,-20.23,-491.77,-186.85,-6.36
1974,-6.94,-466.48,-86.8,25.94
1975,-4.55,-462.38,-72.96,32.76
1976,-28.2,-483.83,-100.62,26.63
1977,-35.7,-579.03,-113.54,31.0
1978,-15.42,-344.74,-106.65,24.38
1979,-50.0,-442.07,-101.51,21.4
1980,-20.38,-488.62,-91.46,25.79
1981,-5.8,-423.29,-115.56,23.13
1982,-37.38,-474.72,-107.18,24.53
1983,5.36,-487.46,-115.67,26.9
1984,-71.61,-492.78,-97.88,29.41
1985,40.47,-475.3,-113.08,19.91
1986,29.75,-404.82,-117.81,16.39
1987,10.15,-405.91,-103.45,21.96
1988,9.52,-558.59,-110.68,29.71
1989,-70.9,-614.06,-115.43,21.89
1990,-23.59,-417.52,-90.58,24.92
1991,19.13,-363.62,-89.05,26.49
1992,-14.34,-450.06,-149.3,6.2
1993,-34.5,-574.92,-144.12,17.4
1994,-5.36,-507.58,-157.23,5.66
1995,-18.67,-417.11,-57.01,34.3
1996,-24.42,-399.11,-103.51,6.84
1997,-18.36,-492.25,-94.67,16.92
1998,-5.78,-406.85,-89.17,34.26
1999,-36.24,-552.5,-92.5,29.67
2000,-5.07,-390.63,-100.01,13.95
2001,-33.45,-523.52,-102.72,36.85
2002,20.03,-338.67,-105.29,33.21
2003,-67.88,-534.1,-100.46,28.53
2004,25.69,-427.94,-107.59,20.35
2005,2.67,-526.41,-112.65,28.05
2006,-13.73,-514.42,-95.02,31.49
2007,-43.75,-516.94,-85.94,38.53
2008,-23.09,-412.9,-113.67,31.39
2009,-9.62,-439.69,-101.09,29.95
2010,-1.77,-499.94,-92.36,31.42
2011,-9.87,-486.57,-111.35,21.47
2012,-23.66,-486.25,-79.65,36.03
2013,8.2,-466.36,-143.31,24.34
2014,-50.37,-601.8,-111.12,28.1
2015,-12.51,-370.04,-110.46,27.94
2016,-24.88,-347.17,-105.96,10.55
2017,-8.92,-450.01,-124.83,13.36
2018,-42.9,-494.22,-107.5,37.63
2019,-16.27,-487.27,-79.61,40.52
2020,14.65,-483.21,-103.58,30.95
2021,-33.23,-500.24,-87.76,35.45
2022,-13.24,-489.47,-111.55,24.4
2023,-11.7,-322.79,-121.31,23.7
2024,-0.35,-454.23,-148.26,18.05
2025,-29.37,-626.13,-85.18,27.38
2026,-12.6,-458.67,-74.13,35.33
2027,24.59,-367.93,-86.35,25.15
2028,-16.86,-484.55,-89.18,28.4
2029,-29.61,-516.32,-116.17,22.97
2030,-57.16,-522.21,-134.55,19.06
2031,-29.78,-472.31,-112.85,27.95
2032,9.1,-473.71,-82.49,31.97
2033,7.28,-532.71,-101.09,18.67
2034,-16.72,-412.57,-139.09,13.08
2035,-22.81,-444.52,-73.4,46.65
2036,-17.26,-479.58,-58.43,48.02
2037,-26.77,-408.99,-126.25,21.32
2038,-22.01,-514.86,-102.3,28.58
2039,2.97,-404.31,-109.25,24.58
2040,-6.57,-427.39,-106.75,24.73
2041,0.91,-554.49,-105.42,28.76
2042,-12.35,-455.71,-106.41,30.82
2043,-59.26,-495.22,-94.47,27.85
2044,20.06,-498.12,-100.89,28.08
2045,-24.0,-503.22,-105.41,28.39
2046,48.91,-344.35,-157.64,31.9
2047,-33.86,-521.36,-117.53,16.28
2048,-35.95,-512.95,-71.0,31.34
2049,-4.66,-449.46,-99.54,31.11
2050,-8.6,-439.56,-103.67,20.26
2051,9.4,-475.2,-70.22,29.73
2052,-7.02,-462.67,-68.57,37.05
2053,-66.38,-563.71,-140.83,20.96
2054,-29.69,-515.68,-130.92,13.23
2055,-2.12,-354.16,-86.12,23.83
2056,-20.47,-518.04,-102.76,28.38
2057,-17.34,-488.83,-156.21,5.41
2058,12.87,-462.85,-123.75,16.38
2059,-76.42,-478.5,-73.6,40.73
2060,-83.95,-421.99,-86.2,38.12
2061,26.31,-604.46,-104.36,25.9
2062,20.12,-406.42,-99.49,23.98
2063,30.18,-424.07,-105.26,26.49
2064,-1.97,-437.47,-105.46,25.98
2065,-3.2,-507.81,-94.64,26.32
2066,-29.08,-503.05,-103.54,28.16
2067,-14.81,-493.5,-110.3,29.04
2068,3.08,-372.07,-113.34,25.56
2069,-48.74,-482.6,-106.92,22.64
2070,-1.5,-432.56,-103.75,26.14
2071,-21.99,-487.54,-106.86,21.3
2072,-38.34,-525.96,-114.9,14.82
2073,-45.57,-521.8,-90.26,32.22
2074,8.14,-391.84,-72.58,17.14
2075,-69.38,-548.15,-203.25,-6.36
2076,-73.2,-491.71,-129.94,9.02
2077,16.16,-410.5,-59.18,37.33
2078,20.08,-395.9,-96.39,27.72
2079,2.17,-383.95,-97.69,24.42
2080,-41.47,-522.89,-105.47,21.33
2081,-9.32,-536.4,-101.53,20.44
2082,-67.05,-563.73,-101.22,24.1
2083,59.09,-432.32,-112.36,19.75
2084,1.65,-432.48,-127.11,14.22
2085,-41.66,-476.54,-109.75,9.13
2086,0.13,-458.75,-86.69,28.99
2087,-44.43,-497.27,-97.34,26.28
2088,-0.98,-468.35,-101.68,25.31
2089,-23.69,-499.98,-104.87,27.11
2090,-10.71,-478.74,-97.5,30.17
2091,-33.46,-488.93,-116.23,16.65
2092,2.74,-469.54,-108.62,29.63
2093,-38.31,-526.32,-98.59,25.81
2094,-21.43,-315.3,-116.46,16.35
2095,-13.42,-491.3,-104.93,34.6
2096,-20.31,-446.85,-109.58,22.68
2097,-13.37,-519.69,-107.3,21.15
2098,-33.7,-509.79,-103.28,22.62
2099,-29.69,-363.83,-109.64,16.79
2100,-3.48,-473.63,-115.08,22.06
2101,-16.79,-533.17,-106.74,28.56
2102,-15.96,-495.08,-115.29,17.63
2103,-32.09,-472.52,-103.34,23.92
2104,-42.8,-457.2,-122.14,21.45
2105,-1.17,-456.13,-56.02,27.14
2106,29.23,-464.19,-126.81,18.78
2107,-11.3,-501.28,-153.61,15.91
2108,-25.23,-508.38,-113.22,18.07
2109,-36.94,-517.28,-84.67,22.15
2110,-23.62,-445.87,-90.7,27.36
2111,6.87,-439.31,-71.52,26.06
2112,-12.39,-423.84,-119.04,21.1
2113,-0.28,-455.98,-102.69,35.47
2114,-40.66,-500.35,-106.1,38.49
2115,-35.88,-498.96,-114.2,8.5
2116,-18.92,-470.34,-87.37,28.39
2117,-4.69,-396.91,-102.1,25.0
2118,-14.39,-485.5,-94.11,31.6
2119,-59.75,-480.1,-90.66,31.83
2120,2.51,-500.61,-101.78,22.35
2121,-5.86,-479.07,-78.67,18.04
2122,-9.09,-486.28,-131.98,5.7
2123,-10.76,-473.91,-101.71,19.98
2124,-27.68,-469.62,-91.74,22.56
2125,-11.25,-533.63,-96.31,20.38
2126,-14.77,-510.54,-119.52,18.66
2127,-17.17,-420.76,-107.14,25.42
2128,-29.95,-478.03,-126.62,23.72
2129,-26.17,-433.05,-117.89,10.3
2130,-16.03,-484.43,-117.34,13.13
2131,-16.69,-452.99,-132.49,2.65
2132,-63.96,-497.44,-108.44,26.84
2133,-49.3,-523.82,-46.91,37.99
2134,68.45,-351.85,-104.92,23.74
2135,14.7,-412.49,-101.27,26.8
2136,5.96,-360.18,-125.57,13.72
2137,-24.5,-452.47,-111.6,17.62
2138,-62.82,-600.59,-88.02,32.56
2139,1.84,-479.38,-79.74,31.37
2140,-3.06,-490.88,-70.18,32.05
2141,13.27,-428.39,-120.94,12.68
2142,-25.77,-505.11,-93.5,25.35
2143,-24.25,-495.68,-105.53,28.48
2144,-40.38,-391.19,-116.02,25.12
2145,-20.64,-548.01,-108.15,27.76
2146,-23.47,-506.65,-120.09,26.06
2147,-25.55,-500.27,-109.2,17.72
2148,-17.31,-527.17,-123.17,16.24
2149,-17.27,-550.26,-104.94,17.04
2150,-9.93,-306.47,-108.36,19.06
2151,-19.05,-407.86,-118.88,21.11
2152,-0.79,-538.07,-106.75,25.31
2153,-21.91,-466.94,-134.29,24.42
2154,-39.21,-453.36,-91.24,29.43
2155,-25.1,-479.29,-86.4,33.09
2156,-3.42,-469.68,-99.65,24.75
2157,-7.21,-422.04,-125.61,25.93
2158,-21.83,-403.96,-103.31,34.52
2159,-2.08,-497.85,-98.9,19.83
2160,-21.17,-495.37,-136.5,21.76
2161,-46.33,-509.8,-90.23,28.2
2162,8.39,-455.41,-87.8,31.3
2163,0.28,-480.9,-118.13,26.52
2164,-15.25,-514.48,-91.04,21.81
2165,-2.97,-424.18,-119.92,9.69
2166,-62.11,-544.14,-126.65,33.12
2167,-2.23,-445.09,-105.92,33.63
2168,-37.63,-516.46,-98.96,32.5
2169,-3.36,-388.04,-111.92,28.83
2170,-35.73,-481.45,-118.76,23.95
2171,-45.91,-501.84,-98.45,24.84
2172,-33.16,-489.42,-102.66,27.64
2173,19.45,-431.67,-100.4,21.97
2174,-1.13,-469.78,-115.89,16.38
2175,-25.95,-481.11,-107.75,21.26
2176,-22.25,-562.04,-114.36,24.9
2177,7.9,-358.04,-112.12,20.17
2178,10.87,-358.35,-106.2,22.4
2179,-26.63,-598.23,-109.76,28.88
2180,-20.56,-439.0,-80.43,35.03
2181,-11.29,-463.61,-133.17,22.26
2182,-46.6,-552.72,-125.6,18.92
2183,-5.09,-459.54,-98.69,35.08
2184,-21.74,-470.49,-98.35,30.66
2185,-23.29,-483.46,-108.94,23.76
2186,4.65,-449.37,-96.29,14.24
2187,-8.75,-439.76,-88.43,26.41
2188,-63.02,-464.82,-140.68,13.95
2189,-13.97,-533.25,-128.18,8.6
2190,-33.03,-516.78,-119.99,29.56
2191,-25.05,-455.58,-113.48,27.36
2192,-1.14,-509.95,-80.9,22.96
2193,-18.82,-474.0,-100.61,21.02
2194,-57.55,-439.57,-95.76,36.33
2195,-4.32,-512.7,-110.59,16.66
2196,39.77,-379.1,-109.03,19.38
2197,-19.4,-502.78,-104.02,38.01
2198,-7.24,-433.27,-95.86,39.46
2199,-17.18,-491.59,-108.68,19.18
2200,-20.4,-474.22,-109.5,19.15
2201,-34.01,-485.71,-114.7,18.55
2202,-65.56,-527.39,-92.79,16.55
2203,-11.06,-479.23,-101.49,27.42
2204,18.24,-322.18,-71.11,17.28
2205,-14.87,-508.73,-108.75,21.29
2206,-23.31,-503.74,-116.31,19.83
2207,-14.62,-470.14,-111.1,21.75
2208,8.18,-425.77,-105.39,25.82
2209,-29.19,-475.12,-113.24,12.21
2210,-55.28,-566.43,-104.75,22.89
2211,-45.24,-490.62,-111.17,22.22
2212,-31.38,-572.54,-115.94,15.3
2213,-35.29,-430.13,-106.33,16.08
2214,-62.91,-326.54,-88.7,25.42
2215,28.5,-466.58,-113.81,15.34
2216,-6.33,-460.18,-106.01,24.92
2217,7.68,-477.3,-109.47,14.22
2218,-28.64,-480.82,-115.29,15.61
2219,-22.35,-509.44,-109.27,18.08
2220,-11.83,-488.28,-97.89,22.96
2221,-22.1,-482.95,-106.7,17.33
2222,-47.62,-477.52,-103.07,21.5
2223,-115.37,-524.66,-41.45,46.78
2224,58.82,-475.46,-124.1,5.35
2225,15.61,-401.86,-130.64,18.64
2226,3.22,-432.28,-109.32,17.22
2227,-8.53,-474.43,-105.6,19.23
2228,-11.82,-438.68,-112.58,19.3
2229,-29.42,-514.41,-109.7,21.04
2230,-20.35,-476.6,-106.99,21.56
2231,-16.06,-492.17,-92.87,35.45
2232,-27.1,-508.89,-116.78,15.27
2233,-17.55,-360.68,-117.24,14.23
2234,-20.6,-479.28,-124.58,17.95
2235,-23.79,-482.83,-107.57,24.52
2236,-16.88,-504.95,-92.03,27.02
2237,-25.91,-477.34,-98.99,20.38
2238,-23.46,-482.48,-110.54,24.14
2239,-26.98,-509.42,-90.97,24.02
2240,-42.58,-571.24,-110.98,14.18
2241,-52.47,-487.78,-152.43,-9.88
2242,-35.61,-395.04,-104.69,33.78
2243,28.72,-419.41,-67.49,29.36
2244,32.66,-390.5,-83.79,15.18
2245,-20.09,-462.36,-95.56,23.1
2246,-11.79,-491.65,-101.72,19.25
2247,-24.02,-493.7,-105.16,20.58
2248,-21.77,-485.11,-104.06,19.41
2249,-30.76,-500.25,-111.38,22.62
2250,-32.1,-483.59,-80.98,27.27
2251,-6.22,-452.4,-89.5,16.05
2252,-47.54,-596.82,-121.59,6.54
2253,20.59,-276.67,-100.06,25.23
2254,-3.67,-451.53,-95.25,23.71
2255,-24.76,-481.6,-99.05,24.82
2256,-48.61,-499.45,-98.88,25.28
2257,-2.23,-487.99,-101.58,22.51
2258,-25.34,-481.36,-101.9,21.35
2259,-90.88,-478.77,-89.13,23.56
2260,-13.47,-428.94,-110.82,22.58
2261,55.35,-458.38,-103.41,20.07
2262,-4.57,-441.93,-95.29,22.44
2263,5.95,-445.32,-92.87,20.0
2264,-41.63,-540.39,-105.87,28.17
2265,-15.87,-492.24,-101.79,25.95
2266,-23.03,-500.16,-106.26,21.5
2267,-26.44,-474.93,-102.67,25.22
2268,-30.5,-485.96,-99.51,24.6
2269,-21.58,-477.28,-97.55,28.06
2270,-3.6,-446.76,-105.44,29.35
2271,-31.59,-529.27,-104.55,20.59
2272,-78.43,-571.95,-97.09,17.16
2273,22.43,-317.31,-106.99,30.79
2274,-25.7,-432.82,-123.25,15.71
2275,22.83,-440.03,-116.73,21.65
2276,-18.08,-499.56,-81.09,29.72
2277,-32.13,-489.04,-95.18,25.19
2278,-25.75,-483.89,-99.04,23.23
2279,-25.16,-474.76,-100.87,23.63
2280,-31.76,-491.8,-103.27,16.49
2281,-20.51,-503.49,-83.27,38.14
2282,-41.44,-472.73,-90.79,28.73
2283,-25.32,-439.02,-92.85,23.04
2284,-32.51,-545.23,-110.35,19.19
2285,-53.47,-463.27,-110.94,20.83
2286,20.08,-364.72,-94.82,15.07
2287,10.64,-422.78,-111.58,29.56
2288,1.99,-418.84,-119.32,17.78
2289,-98.11,-505.94,-83.12,38.27
2290,25.65,-474.71,-106.84,31.17
2291,12.67,-485.64,-120.45,6.37
2292,-10.98,-495.49,-156.03,-5.13
2293,-22.41,-475.33,-121.13,20.93
2294,-33.79,-538.96,-79.59,38.71
2295,-23.02,-429.99,-103.24,21.9
2296,-5.99,-455.42,-88.34,26.15
2297,-19.32,-479.54,-106.2,22.62
2298,-30.42,-506.35,-104.86,22.38
2299,-24.17,-442.4,-100.47,18.39
2300,-15.67,-430.81,-99.49,18.73
2301,-8.72,-460.97,-119.04,16.58
2302,-42.51,-514.25,-122.87,20.07
2303,7.24,-457.2,-88.02,27.86
2304,-30.4,-483.61,-114.18,14.92
2305,-5.67,-460.89,-108.11,23.93
2306,-12.21,-434.64,-101.54,19.77
2307,-20.95,-477.59,-104.47,18.36
2308,-25.81,-494.58,-105.77,16.24
2309,-25.55,-513.46,-104.13,19.12
2310,-40.49,-490.98,-102.2,21.48
2311,-35.1,-482.53,-100.52,26.52
2312,7.03,-493.79,-104.06,25.29
2313,-35.75,-435.8,-102.69,19.69
2314,-16.82,-438.36,-101.95,21.97
2315,15.71,-477.19,-106.19,20.84
2316,5.34,-453.1,-105.01,16.27
2317,-14.76,-475.73,-110.33,14.15
2318,-31.7,-478.21,-104.91,14.3
2319,-8.24,-505.85,-110.53,9.85
2320,-14.49,-423.21,-108.94,19.74
2321,-7.33,-476.35,-108.5,12.11
2322,-20.5,-465.65,-108.57,14.93
2323,-15.59,-472.93,-110.05,22.16
2324,-26.58,-475.89,-108.14,17.06
2325,-26.45,-539.22,-109.45,15.95
2326,-29.73,-508.79,-107.21,21.34
2327,-17.0,-468.79,-105.8,22.39
2328,3.47,-394.66,-103.08,20.5
2329,-26.12,-476.58,-100.62,18.82
2330,1.24,-429.87,-103.14,17.57
2331,-23.47,-456.52,-100.09,17.46
2332,-15.56,-459.53,-104.54,15.62
2333,-10.33,-479.08,-111.48,21.43
2334,-14.82,-456.14,-109.11,9.19
2335,-18.32,-478.57,-112.19,-1.61
2336,-16.25,-467.8,-106.92,6.45
2337,-13.21,-446.95,-107.44,10.88
2338,-11.42,-428.1,-110.33,5.75
2339,-17.77,-466.81,-107.67,5.54
2340,-11.89,-465.32,-111.25,6.09
2341,-21.49,-484.07,-108.19,8.71
2342,-19.23,-489.21,-108.69,9.84
2343,-20.47,-455.31,-107.65,14.1
2344,-35.3,-503.34,-94.28,41.25
2345,-24.3,-404.67,-105.07,34.41
2346,-17.19,-550.6,-110.31,24.03
2347,-36.97,-511.1,-97.29,20.56
2348,-7.78,-236.72,-105.81,20.92
2349,28.51,-500.55,-106.66,23.1
2350,1.38,-438.97,-106.05,22.15
2351,-35.59,-562.78,-102.17,22.72
2352,-89.19,-519.89,-101.12,27.8
2353,15.54,-524.72,-112.04,17.3
2354,26.8,-461.17,-113.01,13.04
2355,3.92,-448.28,-103.72,22.22
2356,-7.7,-471.54,-100.67,26.26
2357,-36.07,-460.78,-100.36,19.32
2358,47.79,-313.14,-115.21,18.63
2359,-9.64,-504.02,-112.09,17.95
2360,-7.41,-409.03,-98.41,21.48
2361,-13.34,-476.06,-91.59,33.4
2362,-33.02,-560.04,-124.53,7.0
2363,-6.18,-454.07,-111.44,13.67
2364,-6.16,-481.28,-103.37,18.14
2365,-15.08,-451.86,-102.58,24.83
2366,-30.68,-493.82,-104.81,22.16
2367,-41.39,-534.99,-112.06,12.65
2368,-9.39,-475.76,-107.71,25.98
2369,-1.61,-392.28,-100.1,25.4
2370,-17.04,-412.7,-109.51,15.49
2371,-41.76,-407.61,-101.65,9.09
2372,5.88,-508.68,-97.66,30.25
2373,-14.69,-408.08,-137.66,14.28
2374,-42.88,-576.28,-103.0,16.3
2375,2.71,-531.39,-103.9,26.98
2376,0.88,-413.6,-100.9,27.12
2377,2.99,-430.87,-96.12,27.47
2378,-4.77,-423.2,-101.44,19.11
2379,-49.19,-444.49,-105.59,16.46
2380,-41.86,-529.87,-111.76,16.71
2381,-6.95,-504.27,-112.77,24.03
2382,-30.24,-489.72,-96.55,16.59
2383,8.12,-392.86,-29.65,30.87
2384,-16.07,-464.49,-138.1,16.41
2385,-7.64,-493.57,-116.88,18.59
2386,-11.82,-466.76,-39.08,35.6
2387,-19.8,-364.49,-34.29,34.16
2388,-30.38,-502.68,-162.65,19.53
2389,-31.11,-510.49,-123.15,28.72
2390,13.03,-360.98,-115.08,18.5
2391,-2.14,-461.53,-115.17,18.65
2392,-41.23,-492.95,-109.7,26.49
2393,-18.54,-502.42,-104.8,31.12
2394,26.83,-414.54,-116.44,18.79
2395,-1.02,-405.21,-110.39,29.14
2396,-44.06,-509.1,-105.82,25.51
2397,1.32,-546.81,-106.81,19.57
2398,12.51,-395.99,-101.78,25.17
2399,-9.01,-465.11,-99.85,32.39
2400,-7.24,-479.35,-111.67,28.2
2401,-32.02,-506.22,-107.55,23.75
2402,-23.71,-472.33,-108.7,21.27
2403,-42.04,-451.43,-109.75,24.59
2404,-39.56,-472.19,-98.32,17.58
2405,5.18,-381.92,-112.44,28.04
2406,-10.25,-438.12,-112.77,25.41
2407,11.08,-435.23,-108.03,33.79
2408,-13.56,-494.45,-107.46,28.17
2409,-55.63,-517.59,-120.26,15.76
2410,-1.44,-443.12,-92.75,35.83
2411,4.52,-506.2,-104.23,20.9
2412,-40.95,-529.37,-97.7,29.98
2413,-39.84,-466.96,-106.86,18.29
2414,-7.46,-472.58,-110.66,26.52
2415,-31.9,-463.2,-105.54,28.8
2416,-72.72,-557.58,-101.12,25.18
2417,-25.35,-496.8,-103.67,25.2
2418,68.58,-239.91,-127.43,20.51
2419,16.68,-462.46,-118.96,22.92
2420,-39.1,-409.3,-80.88,34.06
2421,-34.44,-553.35,-84.37,30.38
2422,12.97,-504.74,-96.27,32.63
2423,-28.26,-533.03,-104.39,34.13
2424,19.16,-460.84,-97.2,29.66
2425,-47.32,-554.5,-86.44,32.65
2426,-2.09,-443.53,-122.42,23.45
2427,-17.01,-432.12,-103.06,31.42
2428,8.8,-418.94,-97.79,23.8
2429,-37.39,-491.61,-65.75,34.13
2430,-38.79,-523.46,-116.28,23.15
2431,-53.95,-403.36,-108.07,26.99
2432,-22.13,-437.58,-116.75,14.63
2433,-13.27,-531.2,-108.4,25.24
2434,24.55,-434.14,-105.86,30.05
2435,-21.57,-475.45,-99.2,34.31
2436,-10.67,-495.49,-114.65,27.36
2437,-27.86,-455.95,-98.96,35.41
2438,7.95,-555.49,-107.86,34.64
2439,-43.64,-559.96,-115.64,20.01
2440,12.72,-341.59,-100.43,28.72
2441,-10.85,-473.06,-110.42,26.89
2442,-15.61,-452.15,-106.36,27.73
2443,-5.97,-455.29,-103.26,32.9
2444,-20.78,-494.06,-101.62,28.79
2445,39.6,-420.21,-100.26,42.1
2446,-74.38,-586.62,-92.33,24.36
2447,-46.12,-533.4,-92.32,28.44
2448,18.1,-294.08,-109.01,22.16
2449,-18.19,-432.2,-116.6,26.17
2450,-51.09,-675.32,-110.39,25.68
2451,17.47,-428.02,-111.58,33.97
2452,-18.97,-456.74,-102.02,35.63
2453,1.88,-459.12,-111.54,30.03
2454,-19.08,-503.67,-106.13,25.91
2455,-17.55,-491.94,-104.89,32.25
2456,-40.65,-494.42,-109.86,24.88
2457,-58.09,-464.78,-89.51,39.87
2458,-5.71,-443.27,-108.12,26.33
2459,19.11,-492.07,-112.35,29.58
2460,46.02,-431.18,-117.19,18.36
2461,48.43,-312.02,-105.99,29.12
2462,-50.79,-551.77,-106.58,31.45
2463,-37.35,-508.35,-103.84,38.03
2464,-14.52,-505.15,-108.61,25.32
2465,-3.53,-479.16,-102.15,25.06
2466,-32.44,-506.62,-104.2,26.35
2467,-16.27,-505.53,-102.43,29.34
2468,-34.16,-479.09,-110.62,28.97
2469,4.22,-374.99,-113.74,21.52
2470,-18.53,-532.89,-98.82,32.56
2471,-4.33,-475.0,-113.34,31.27
2472,-30.09,-507.7,-113.5,34.87
2473,-24.74,-481.6,-104.21,29.25
2474,-28.76,-483.67,-111.58,19.64
2475,-21.57,-484.81,-100.14,36.56
2476,-56.59,-492.63,-91.99,45.29
2477,-48.18,-426.78,-110.26,22.77
2478,101.9,-354.93,-121.99,16.09
2479,48.73,-324.16,-110.54,34.97
2480,12.98,-457.75,-102.51,38.87
2481,20.42,-489.41,-120.56,21.26
2482,-62.66,-557.97,-107.1,28.79
2483,-32.49,-498.67,-105.84,25.64
2484,-29.8,-515.03,-101.6,22.96
2485,-44.86,-560.68,-105.15,20.2
2486,-31.67,-426.73,-97.53,26.44
2487,-5.7,-472.39,-109.92,19.57
2488,-10.42,-461.79,-105.76,23.16
2489,-10.46,-482.73,-103.57,26.81
2490,-8.23,-445.48,-105.34,23.03
2491,-6.07,-434.91,-98.75,31.39
2492,-24.7,-504.12,-106.27,24.07
2493,-57.26,-522.18,-107.07,16.03
2494,-92.49,-565.43,-89.13,30.03
2495,-10.57,-368.7,-105.07,24.07
2496,52.93,-314.85,-105.77,31.8
2497,-16.93,-448.69,-101.69,36.99
2498,46.32,-532.94,-108.31,31.32
2499,-1.14,-520.31,-109.34,26.88
2500,-35.11,-477.01,-108.54,40.17
2501,-33.04,-514.71,-100.73,32.63
2502,-23.14,-498.09,-105.94,22.7
2503,-3.87,-451.92,-103.61,27.46
2504,-16.76,-466.54,-102.72,27.48
2505,-34.18,-519.47,-105.26,23.14
2506,7.24,-336.5,-99.08,32.71
2507,-40.3,-515.61,-106.96,29.81
2508,-35.3,-591.87,-109.41,22.4
2509,-53.75,-546.9,-110.46,15.28
2510,13.3,-384.79,-101.65,23.79
2511,-26.58,-456.96,-103.65,23.92
2512,-33.0,-487.83,-102.27,23.5
2513,-18.92,-483.27,-104.46,24.42
2514,-21.39,-479.63,-96.16,25.1
2515,-49.3,-495.11,-109.18,17.03
2516,24.08,-398.4,-90.69,35.76
2517,-2.66,-414.36,-108.63,23.15
2518,-6.73,-370.28,-123.0,6.94
2519,-20.79,-497.69,-107.76,32.65
2520,-6.1,-535.8,-110.2,30.44
2521,-38.28,-524.39,-107.58,25.4
2522,-29.61,-524.05,-106.28,26.93
2523,-26.35,-511.35,-110.94,33.07
2524,-21.4,-497.84,-103.22,27.74
2525,-29.38,-508.1,-101.83,28.72
2526,0.78,-416.88,-91.6,34.27
2527,-32.96,-557.15,-102.17,43.24
2528,-62.61,-598.22,-129.39,1.17
2529,18.58,-387.62,-103.05,22.12
2530,37.01,-355.2,-91.65,41.85
2531,-53.22,-464.1,-99.44,28.92
2532,-12.15,-419.06,-103.97,25.35
2533,-4.26,-495.56,-98.67,31.79
2534,-26.02,-477.78,-96.54,30.52
2535,-10.62,-387.43,-92.71,33.66
2536,-50.92,-447.47,-97.74,34.67
2537,-1.94,-582.99,-113.89,15.49
2538,6.78,-480.95,-106.75,20.37
2539,-1.1,-472.37,-101.3,26.29
2540,16.34,-428.18,-97.87,23.54
2541,-55.74,-556.36,-96.22,24.54
2542,-21.55,-417.03,-92.41,25.64
2543,0.1,-356.44,-98.28,32.1
2544,-15.78,-576.68,-106.87,20.49
2545,1.13,-433.47,-104.5,25.15
2546,-16.32,-476.69,-106.66,24.4
2547,-21.95,-478.4,-99.72,26.71
2548,-24.02,-480.44,-104.86,27.4
2549,-26.62,-453.89,-105.73,28.57
2550,-24.2,-494.75,-97.15,25.72
2551,-35.03,-554.43,-102.41,26.6
2552,-21.14,-469.0,-110.89,21.36
2553,1.99,-403.59,-103.88,22.95
2554,-24.88,-444.9,-105.53,19.94
2555,-16.6,-496.52,-100.81,22.02
2556,17.1,-492.45,-112.75,15.33
2557,-15.69,-468.91,-109.26,20.52
2558,-26.5,-494.18,-103.81,29.03
2559,-35.96,-488.64,-107.98,25.1
2560,9.95,-305.84,-114.8,11.01
2561,27.97,-405.24,-106.84,24.77
2562,-16.56,-451.62,-101.83,28.39
2563,-20.3,-566.72,-106.86,30.01
2564,-0.96,-515.6,-109.26,25.32
2565,-29.5,-502.42,-105.07,27.08
2566,-28.47,-500.35,-110.48,23.97
2567,14.79,-432.78,-106.14,27.87
2568,-17.71,-514.01,-102.81,32.44
2569,-80.56,-636.71,-111.73,19.82
2570,0.58,-405.74,-110.15,30.0
2571,-12.02,-384.15,-109.17,23.8
2572,-13.19,-472.72,-100.66,33.52
2573,-20.27,-437.1,-106.83,25.22
2574,-17.59,-492.32,-105.63,24.73
2575,-26.35,-493.2,-102.13,17.0
2576,-56.99,-493.27,-94.52,25.29
2577,-24.04,-414.79,-105.26,27.49
2578,44.53,-489.35,-111.23,23.66
2579,-12.1,-367.38,-109.51,19.58
2580,-0.25,-436.79,-112.03,13.87
2581,-12.29,-531.67,-102.92,27.37
2582,-26.75,-533.44,-101.77,25.45
2583,-17.95,-488.84,-105.53,24.78
2584,-23.64,-476.67,-105.32,26.16
2585,-23.04,-486.1,-106.09,27.2
2586,-26.29,-483.56,-107.78,27.79
2587,-29.25,-477.36,-100.71,23.51
2588,-32.34,-486.21,-95.93,27.8
2589,62.14,-339.19,-97.48,33.01
2590,-81.86,-519.18,-111.75,32.08
2591,-37.66,-599.51,-113.14,20.27
2592,33.93,-381.27,-123.4,16.4
2593,-8.56,-431.01,-106.53,22.08
2594,-34.01,-550.65,-103.94,34.01
2595,-24.16,-501.95,-114.18,22.43
2596,16.68,-396.42,-104.26,29.65
2597,-39.02,-497.34,-105.27,24.03
2598,-35.79,-502.95,-103.53,23.67
2599,-4.03,-404.1,-100.9,17.67
2600,-0.92,-407.14,-105.69,21.58
2601,-28.48,-513.41,-107.96,23.65
2602,-20.61,-517.39,-107.77,22.05
2603,-15.85,-440.86,-106.68,25.78
2604,-28.45,-523.03,-105.59,26.26
2605,-28.2,-494.83,-103.49,21.83
2606,-40.17,-491.45,-93.27,25.93
2607,-61.4,-432.92,-95.31,21.54
2608,19.8,-451.81,-110.67,18.99
2609,22.19,-478.45,-121.82,9.11
2610,11.16,-517.74,-107.45,24.62
2611,21.77,-320.28,-96.22,29.35
2612,-26.62,-519.88,-105.63,24.29
2613,-26.78,-506.11,-104.67,23.38
2614,-15.12,-456.89,-110.99,25.31
2615,-32.13,-498.95,-101.41,34.12
2616,-35.4,-538.24,-105.4,23.3
2617,2.52,-434.6,-105.95,21.82
2618,-9.94,-447.45,-105.58,24.62
2619,-23.6,-506.61,-106.62,30.21
2620,-3.95,-450.39,-104.37,33.57
2621,-23.22,-474.22,-104.31,27.19
2622,-53.0,-481.29,-98.2,32.45
2623,-15.79,-407.72,-104.79,27.6
2624,12.11,-498.15,-114.91,31.84
2625,5.46,-475.88,-108.18,32.97
2626,10.23,-469.37,-107.24,30.74
2627,-33.54,-489.98,-105.83,30.39
2628,-52.24,-510.53,-99.83,26.91
2629,-15.75,-503.52,-105.96,29.61
2630,-35.2,-455.44,-107.71,27.75
2631,-0.36,-451.04,-101.8,28.25
2632,5.55,-500.6,-100.61,33.75
2633,-27.69,-495.21,-105.67,31.98
2634,-20.16,-450.14,-105.32,30.69
2635,1.75,-418.84,-101.42,33.18
2636,-28.18,-463.6,-100.09,37.72
2637,-30.72,-478.16,-105.7,23.31
2638,-12.99,-476.32,-104.59,28.17
2639,-10.85,-453.42,-99.54,31.62
2640,-50.91,-494.07,-108.34,26.95
2641,-5.21,-441.9,-102.22,31.3
2642,-112.39,-511.12,-97.7,32.31
2643,5.45,-497.66,-118.46,22.35
2644,63.75,-351.87,-113.68,21.62
2645,34.94,-423.67,-105.43,28.0
2646,-64.39,-544.84,-97.04,30.55
2647,-21.45,-545.44,-96.3,33.34
2648,-19.88,-487.22,-106.86,24.12
2649,7.54,-280.84,-109.86,32.94
2650,-4.13,-414.04,-108.37,31.98
2651,-41.84,-550.55,-104.87,34.87
2652,-46.76,-525.2,-107.86,25.82
2653,2.29,-459.61,-105.81,25.09
2654,37.55,-422.89,-109.51,22.57
2655,-29.09,-556.44,-105.57,30.05
2656,-24.58,-466.58,-120.54,26.05
2657,-43.13,-458.15,-110.35,27.32
2658,12.27,-423.7,-104.68,36.51
2659,-83.19,-518.72,-106.6,28.1
2660,26.99,-432.83,-116.62,23.11
2661,-27.55,-556.09,-113.69,31.0
2662,16.67,-432.64,-109.97,32.83
2663,-30.52,-500.37,-105.99,32.32
2664,7.35,-287.15,-84.9,27.18
2665,-41.96,-554.22,-119.34,25.06
2666,-5.49,-444.7,-102.16,38.48
2667,-7.54,-492.53,-103.62,36.54
2668,-18.78,-516.29,-104.82,29.42
2669,-14.78,-444.87,-103.16,28.73
2670,-52.67,-517.24,-106.31,26.69
2671,-54.89,-453.48,-105.5,29.07
2672,1.6,-486.97,-113.38,18.2
2673,-20.46,-490.01,-108.48,25.36
2674,-9.03,-486.07,-111.72,24.98
2675,14.39,-452.35,-110.9,27.13
2676,-22.26,-503.69,-104.14,28.77
2677,-46.71,-499.3,-107.42,28.56
2678,-26.15,-464.55,-106.74,26.47
2679,-16.85,-499.88,-105.45,37.25
2680,-20.95,-467.44,-105.61,33.88
2681,-6.91,-446.56,-109.15,27.99
2682,-11.58,-426.17,-112.09,29.81
2683,-2.9,-469.97,-112.13,27.09
2684,-25.65,-478.61,-102.06,36.64
2685,-66.97,-470.33,-102.65,28.38
2686,-66.12,-525.35,-93.0,41.13
2687,40.84,-482.65,-114.5,25.39
2688,15.23,-431.16,-109.97,34.02
2689,-75.57,-496.49,-109.6,33.76
2690,-8.41,-472.14,-107.28,34.84
2691,14.53,-437.88,-113.41,28.51
2692,-3.76,-468.79,-111.08,33.5
2693,-45.96,-550.6,-110.33,33.45
2694,15.25,-417.32,-109.13,33.84
2695,-11.53,-480.14,-110.11,36.34
2696,-34.01,-532.91,-106.83,34.71
2697,-30.24,-483.1,-111.33,26.55
2698,25.95,-455.16,-109.38,35.88
2699,-32.52,-472.2,-102.79,35.3
2700,-16.0,-486.07,-106.67,27.97
2701,-16.65,-464.99,-110.02,26.52
2702,-31.47,-480.5,-105.77,30.94
2703,0.83,-426.55,-106.75,34.17
2704,-29.92,-435.5,-113.57,20.68
2705,-56.62,-602.75,-110.47,26.43
2706,-19.2,-379.49,-107.07,44.77
2707,-12.64,-461.57,-107.57,22.53
2708,-11.73,-504.02,-109.9,22.47
2709,-77.26,-499.63,-98.93,39.1
2710,28.07,-320.53,-106.19,35.43
2711,0.88,-567.89,-103.19,29.25
2712,8.91,-459.97,-108.57,30.18
2713,27.47,-433.2,-99.06,37.44
2714,-30.55,-535.49,-102.66,36.44
2715,-10.74,-489.38,-104.29,32.81
2716,-12.14,-421.59,-98.06,33.66
2717,-15.76,-492.2,-95.94,30.25
2718,-82.76,-538.94,-95.58,28.07
2719,0.21,-492.93,-108.09,26.14
2720,4.71,-437.87,-105.22,30.47
2721,5.13,-363.25,-100.52,29.76
2722,-70.71,-599.83,-102.54,29.41
2723,-24.61,-491.48,-104.59,31.3
2724,-16.72,-460.83,-108.58,26.35
2725,-24.68,-529.85,-98.6,26.37
2726,-60.8,-529.34,-103.19,24.4
2727,-8.92,-407.06,-108.97,25.19
2728,7.32,-414.29,-105.87,21.26
2729,14.99,-499.5,-104.95,31.13
2730,-16.49,-493.64,-103.36,25.75
2731,-25.0,-478.89,-99.03,25.17
2732,-16.9,-464.38,-108.32,18.88
2733,-15.84,-460.25,-101.67,19.97
2734,-46.1,-496.64,-94.06,25.2
2735,-18.62,-455.06,-103.99,15.93
2736,-3.23,-462.0,-104.89,27.74
2737,-25.54,-492.76,-103.12,24.14
2738,-4.84,-448.54,-102.21,23.47
2739,-37.14,-497.26,-92.69,29.37
2740,-9.06,-440.71,-96.32,31.56
2741,-20.77,-422.39,-101.15,25.83
2742,-35.18,-540.41,-98.8,26.36
2743,-58.51,-523.39,-98.21,25.29
2744,-34.67,-550.83,-104.38,21.06
2745,-9.93,-500.1,-103.88,20.05
2746,15.98,-328.35,-98.85,30.74
2747,-9.0,-467.96,-92.28,28.83
2748,-34.36,-467.93,-99.12,23.76
2749,4.65,-499.21,-101.82,23.84
2750,-25.63,-461.08,-98.09,20.29
2751,12.43,-440.56,-98.42,28.9
2752,-26.5,-459.88,-99.32,24.64
2753,-52.48,-473.43,-95.37,25.59
2754,9.65,-438.28,-105.3,24.25
2755,-38.99,-525.99,-106.54,25.5
2756,-21.87,-485.04,-100.97,31.09
2757,-30.18,-495.7,-102.18,26.56
2758,-23.05,-431.18,-100.59,26.64
2759,-3.3,-446.9,-97.51,32.5
2760,-47.67,-533.67,-105.97,22.96
2761,-12.06,-450.32,-99.08,24.58
2762,-24.47,-513.71,-96.11,25.74
2763,-27.66,-515.37,-102.69,25.39
2764,-35.58,-486.36,-93.54,31.75
2765,-15.9,-467.23,-94.37,26.84
2766,0.02,-458.68,-102.13,21.45
2767,-31.72,-403.23,-95.61,31.97
2768,13.48,-472.33,-107.98,22.78
2769,-18.66,-418.56,-103.16,27.67
2770,-41.25,-531.95,-95.75,29.91
2771,-33.65,-508.66,-97.26,28.71
2772,-30.34,-502.58,-97.51,29.55
2773,3.13,-389.02,-86.67,32.01
2774,-26.14,-471.46,-106.57,22.75
2775,18.07,-407.39,-111.38,19.62
2776,-18.33,-459.38,-102.29,30.92
2777,-32.06,-527.69,-101.26,29.63
2778,-25.92,-502.48,-99.8,26.74
2779,-24.9,-485.84,-98.97,24.09
2780,-22.75,-488.65,-100.05,28.7
2781,-27.52,-485.17,-98.17,29.09
2782,-0.36,-463.08,-99.14,32.5
2783,-27.69,-476.39,-95.52,42.01
2784,-31.81,-484.66,-96.87,26.27
2785,-14.16,-414.61,-106.36,25.3
2786,-13.62,-492.91,-105.81,23.69
2787,-25.99,-446.67,-100.22,25.84
2788,-15.76,-449.3,-97.85,33.34
2789,-7.01,-542.03,-104.37,21.79
2790,-17.92,-503.41,-98.66,27.56
2791,-5.92,-468.91,-97.13,29.58
2792,14.27,-421.05,-93.56,34.24
2793,-33.14,-461.37,-94.19,32.77
2794,-20.84,-510.84,-111.75,18.68
2795,-13.51,-395.62,-109.57,22.47
2796,3.88,-395.67,-110.69,22.35
2797,-8.13,-502.9,-93.09,35.85
2798,-15.73,-482.19,-100.35,29.75
2799,-44.06,-526.99,-100.66,26.29
2800,-23.96,-471.98,-102.55,21.67
2801,-48.29,-534.43,-93.1,25.48
2802,-64.69,-532.78,-97.73,22.96
2803,25.52,-481.86,-104.3,37.56
2804,-6.25,-509.25,-106.92,16.15
2805,7.47,-324.23,-99.24,29.52
2806,-23.8,-446.51,-108.45,22.22
2807,20.48,-387.14,-103.32,24.64
2808,-39.55,-483.32,-97.72,28.07
2809,-28.38,-535.34,-102.03,24.74
2810,-26.74,-511.01,-100.76,26.65
2811,-12.5,-480.77,-99.69,30.97
2812,-17.43,-477.3,-95.32,27.61
2813,-27.11,-472.7,-93.92,31.03
2814,-16.89,-470.88,-104.95,32.56
2815,-0.79,-434.68,-107.53,20.44
2816,-8.94,-465.84,-106.99,28.34
2817,-48.35,-457.8,-109.62,15.5
2818,-16.88,-491.75,-103.43,24.65
2819,-19.06,-495.71,-104.29,25.69
2820,-27.26,-508.16,-102.42,25.43
2821,-38.18,-565.0,-109.72,26.54
2822,-31.02,-488.8,-108.09,28.6
2823,5.17,-335.22,-98.92,37.22
2824,-10.92,-472.94,-108.41,27.87
2825,28.13,-422.77,-107.47,29.37
2826,-38.62,-504.01,-109.77,26.08
2827,-37.86,-497.23,-105.15,25.5
2828,-29.61,-479.63,-104.43,26.71
2829,-13.24,-458.55,-104.79,26.66
2830,-38.47,-485.95,-97.8,25.25
2831,-15.18,-472.26,-103.48,24.35
2832,-6.47,-424.4,-81.45,26.78
2833,-39.83,-421.7,-101.65,37.39
2834,9.51,-512.7,-106.72,26.89
2835,-17.98,-463.93,-104.05,23.67
2836,18.83,-465.17,-105.26,24.09
2837,-38.75,-518.61,-106.64,27.44
2838,-35.28,-491.34,-105.65,23.26
2839,-16.27,-453.63,-105.48,25.72
2840,7.83,-404.66,-100.17,28.54
2841,-54.56,-466.26,-90.64,37.47
2842,-6.69,-544.5,-111.02,19.19
2843,-34.46,-363.09,-118.21,18.21
2844,12.08,-390.77,-105.65,25.25
2845,-23.53,-517.97,-108.54,29.73
2846,-22.41,-486.58,-108.6,21.24
2847,-17.55,-494.64,-97.07,26.49
2848,-24.86,-509.0,-102.04,23.39
2849,-21.9,-488.37,-108.98,25.3
2850,-10.11,-468.76,-91.97,39.41
2851,-95.54,-469.61,-102.49,34.41
2852,-15.28,-527.33,-116.05,12.94
2853,40.53,-407.48,-108.11,26.02
2854,-4.83,-414.05,-99.06,29.98
2855,-18.89,-503.19,-107.03,23.92
2856,-30.34,-524.03,-100.23,22.38
2857,-17.13,-472.14,-98.47,21.63
2858,-8.02,-453.4,-88.27,28.25
2859,-8.13,-489.27,-87.61,31.4
2860,3.31,-393.2,-117.09,20.32
2861,-20.1,-496.05,-109.12,14.81
2862,0.66,-487.71,-105.71,28.71
2863,-27.1,-480.99,-105.23,26.96
2864,-35.64,-466.87,-103.47,16.34
2865,-14.74,-454.13,-106.0,25.22
2866,-34.25,-473.22,-97.26,33.83
2867,-32.18,-402.15,-102.5,24.12
2868,36.04,-536.05,-109.24,18.5
2869,22.13,-429.65,-98.57,31.88
2870,-50.87,-530.29,-98.64,23.02
2871,-6.13,-459.17,-104.22,29.23
2872,39.33,-421.86,-97.97,37.61
2873,-33.37,-501.94,-103.06,22.73
2874,0.06,-373.49,-95.71,32.72
2875,-12.95,-384.4,-97.25,30.71
2876,-22.08,-546.74,-108.92,28.72
2877,-2.73,-495.73,-104.2,27.99
2878,-51.94,-527.95,-107.03,21.37
2879,-2.27,-461.97,-108.37,21.91
2880,2.52,-402.32,-102.25,17.43
2881,-40.74,-527.74,-104.31,23.19
2882,-15.44,-514.93,-101.91,23.12
2883,-18.84,-502.8,-104.31,19.84
2884,-30.18,-485.28,-103.03,27.69
2885,-8.23,-451.8,-101.09,13.71
2886,6.92,-423.48,-103.09,20.61
2887,-28.7,-476.28,-93.48,24.91
2888,-42.3,-418.25,-95.64,15.86
2889,-27.88,-477.56,-96.98,31.37
2890,34.59,-465.39,-100.99,30.15
2891,-32.93,-495.84,-104.68,24.4
2892,-4.05,-477.02,-100.86,21.87
2893,-2.48,-479.75,-99.3,19.53
2894,7.47,-455.28,-101.29,26.09
2895,-9.57,-461.66,-100.0,25.18
2896,-73.52,-540.28,-97.76,18.81
2897,-12.43,-451.09,-103.18,25.48
2898,17.93,-387.07,-104.59,20.22
2899,-34.29,-508.72,-106.09,30.73
2900,-12.69,-477.63,-104.37,25.92
2901,-58.63,-509.97,-105.07,22.53
2902,-39.25,-538.73,-103.86,24.69
2903,-37.17,-528.56,-98.3,25.2
2904,-20.67,-332.45,-93.73,30.21
2905,-27.67,-506.09,-108.53,19.8
2906,27.52,-431.37,-108.69,24.01
2907,8.39,-498.33,-108.15,21.33
2908,-13.85,-500.87,-101.29,30.29
2909,-12.39,-466.89,-105.86,25.66
2910,-43.77,-513.15,-110.65,23.39
2911,6.65,-470.35,-110.53,21.75
2912,-20.08,-488.26,-104.35,22.34
2913,-0.28,-428.92,-102.35,19.29
2914,1.9,-405.56,-100.75,29.13
2915,-35.79,-503.25,-104.26,26.53
2916,-22.03,-460.53,-110.13,20.78
2917,-28.87,-512.34,-104.95,19.95
2918,-15.93,-480.84,-100.93,23.18
2919,-13.88,-478.4,-105.59,19.28
2920,-7.72,-464.05,-103.11,21.38
2921,-4.22,-478.8,-98.27,30.12
2922,-104.37,-463.06,-82.5,24.64
2923,-50.55,-506.98,-98.84,21.87
2924,-17.05,-522.64,-95.87,22.68
2925,5.13,-478.58,-102.91,24.05
2926,25.33,-427.76,-103.55,32.45
2927,1.68,-459.99,-96.83,22.67
2928,5.79,-455.32,-98.94,26.2
2929,-9.49,-447.58,-106.32,19.7
2930,-25.71,-459.93,-102.77,22.15
2931,-32.93,-443.79,-96.09,22.46
2932,-24.58,-477.62,-91.13,23.95
2933,-1.47,-484.45,-113.54,19.77
2934,-10.26,-475.63,-111.87,16.35
2935,-10.11,-481.42,-108.12,26.61
2936,-10.18,-496.28,-103.21,24.34
2937,-49.1,-497.6,-96.08,18.59
2938,-24.79,-458.49,-105.22,19.88
2939,-38.3,-510.63,-96.38,22.5
2940,-42.53,-446.96,-96.49,24.91
2941,-23.03,-445.49,-100.05,24.52
2942,-21.72,-490.76,-104.07,31.58
2943,14.46,-452.03,-97.9,27.7
2944,7.46,-457.47,-95.68,29.95
2945,-32.96,-503.76,-107.77,16.59
2946,-18.64,-461.49,-107.27,20.44
2947,-80.59,-486.24,-98.33,17.89
2948,27.48,-492.73,-109.13,13.36
2949,-11.73,-466.53,-100.19,21.42
2950,-8.97,-479.83,-96.78,31.16
2951,35.6,-356.86,-104.46,19.78
2952,-42.92,-533.54,-101.52,18.3
2953,-33.48,-505.94,-104.48,16.85
2954,7.53,-459.51,-101.46,18.22
2955,-33.17,-499.21,-99.83,13.79
2956,-11.97,-361.47,-96.06,23.05
2957,-45.87,-520.15,-102.08,20.49
2958,3.82,-526.3,-99.58,27.3
2959,-32.07,-471.9,-111.26,15.43
2960,-6.8,-458.21,-105.63,16.92
2961,-18.38,-443.86,-103.7,18.68
2962,-27.58,-499.34,-95.24,24.08
2963,-16.9,-479.72,-97.57,14.42
2964,7.57,-453.2,-100.08,25.21
2965,-63.97,-429.62,-102.35,17.01
2966,0.82,-488.03,-105.11,14.95
2967,-12.67,-326.17,-103.4,26.29
2968,22.95,-438.46,-102.43,14.33
2969,-48.8,-634.38,-105.51,21.7
2970,-30.78,-431.32,-99.93,26.15
2971,6.45,-456.87,-102.77,21.81
2972,-5.88,-453.86,-98.94,21.84
2973,-32.28,-444.86,-107.35,24.84
2974,-30.87,-520.65,-99.82,24.06
2975,-18.05,-470.62,-103.18,19.2
2976,-37.48,-499.34,-94.94,27.88
2977,-36.38,-487.85,-107.72,23.95
2978,-10.85,-497.87,-110.91,19.97
2979,5.34,-402.38,-102.16,25.14
2980,-8.82,-475.13,-98.83,30.94
2981,-38.52,-469.69,-101.36,23.24
2982,-22.06,-486.76,-103.58,26.8
2983,-44.11,-409.87,-98.84,30.19
2984,-17.54,-520.03,-100.55,20.04
2985,-15.38,-521.61,-96.41,25.41
2986,-11.5,-401.69,-100.3,31.92
2987,-32.09,-496.23,-102.14,24.98
2988,-9.44,-525.23,-103.14,26.49
2989,11.07,-449.34,-105.99,28.43
2990,-14.58,-470.71,-102.86,25.61
2991,-14.35,-462.78,-99.8,24.85
2992,-29.21,-504.1,-98.53,24.05
2993,-24.29,-490.71,-100.21,33.88
2994,-30.21,-482.35,-104.98,25.33
2995,-36.16,-456.66,-113.89,23.77
2996,14.39,-363.72,-111.48,25.54
2997,-29.9,-528.81,-111.87,23.02
2998,-31.48,-513.19,-104.83,30.96
2999,-22.37,-480.14,-104.73,25.97
