,ch1,ch2,ch3,ch4
0,2.72,-4.19,26.06,-6.78
1,-32.11,24.12,30.36,-0.63
2,-1.58,25.38,28.36,-1.03
3,48.96,45.46,34.75,4.56
4,-79.41,31.67,34.37,3.65
5,-42.16,5.82,30.7,2.75
6,-23.96,58.25,27.02,5.72
7,-23.29,-21.71,27.66,1.86
8,0.87,-12.58,32.96,0.24
9,26.93,74.35,29.2,-0.37
10,9.6,-12.41,31.49,-2.03
11,-17.02,17.2,33.05,-2.84
12,71.24,40.92,31.43,6.38
13,-104.76,-11.54,30.83,2.52
14,-46.63,5.74,30.48,0.98
15,6.94,-11.07,32.27,6.7
16,37.66,7.99,31.97,4.08
17,-65.96,63.69,31.05,1.92
18,-14.84,25.26,33.17,2.62
19,-19.02,20.58,29.15,0.44
20,-14.52,63.96,35.23,8.47
21,5.04,37.61,31.55,3.57
22,59.46,7.69,41.41,7.1
23,-63.95,8.56,34.5,-0.62
24,-41.53,29.11,36.06,3.76
25,-23.95,39.07,33.48,0.68
26,-0.61,29.2,34.23,-1.69
27,16.36,41.6,36.7,5.86
28,25.61,-30.86,33.1,2.95
29,-73.88,-2.86,30.28,3.73
30,-26.55,-2.02,31.61,5.24
31,-28.37,36.4,30.54,-1.08
32,3.49,58.01,31.66,0.66
33,-0.91,23.78,34.84,0.22
34,48.2,-13.74,33.81,1.34
35,-21.56,8.98,34.47,-4.15
36,40.93,73.36,34.71,-2.43
37,-77.7,-9.39,35.83,2.01
38,-58.34,-8.04,36.69,0.91
39,-22.97,-7.65,29.9,-8.85
40,18.56,27.11,30.31,-10.07
41,-8.81,24.12,37.8,3.18
42,-70.58,20.81,32.61,7.76
43,86.57,14.58,29.04,2.13
44,35.42,-19.08,26.13,-0.91
45,-59.91,28.14,37.09,7.36
46,-29.4,26.3,33.54,7.82
47,0.33,51.86,35.78,-0.62
48,2.88,-16.24,28.61,-8.21
49,-19.92,29.95,34.82,-3.88
50,-7.08,15.27,28.94,-2.74
51,-4.93,1.04,31.55,3.03
52,-0.95,3.18,32.36,-1.69
53,7.75,24.94,36.12,-3.21
54,111.33,16.17,34.92,1.18
55,-116.17,12.03,38.63,-0.41
56,-72.94,35.69,36.35,-1.94
57,-18.42,7.38,28.88,-3.87
58,-6.9,-1.9,34.41,3.53
59,6.9,3.67,38.15,2.55
60,-5.97,7.93,37.07,0.48
61,31.15,29.5,34.22,4.74
62,-30.39,26.23,31.85,-0.53
63,-2.53,26.18,33.23,-6.27
64,26.83,36.39,34.58,1.69
65,20.5,-9.76,35.64,7.42
66,6.68,46.0,31.91,-3.83
67,15.15,-3.4,30.97,-5.57
68,-60.42,8.02,29.32,-0.86
69,26.21,17.85,36.23,2.68
70,5.54,10.4,32.62,0.04
71,33.44,15.09,35.2,3.9
72,-90.14,21.83,38.62,2.73
73,-11.59,0.74,36.89,-3.72
74,-23.99,38.45,35.25,2.76
75,-30.74,-5.13,38.16,0.91
76,32.3,-8.04,33.58,-2.9
77,4.91,20.05,35.25,-2.83
78,2.31,20.58,36.08,1.2
79,2.71,17.87,33.26,2.01
80,6.39,103.29,38.17,7.41
81,-5.19,-7.31,35.7,-2.82
82,-20.06,-57.74,31.5,-4.58
83,-1.54,17.16,26.59,-0.58
84,70.91,0.89,32.15,1.76
85,-133.39,-14.56,31.67,2.14
86,27.98,20.78,34.17,3.23
87,-16.62,23.52,34.62,-1.8
88,-16.2,7.84,37.67,1.9
89,-42.6,4.12,39.62,3.17
90,0.94,20.9,39.56,3.4
91,-28.35,-27.32,39.99,3.92
92,0.87,9.75,34.13,2.81
93,54.37,62.96,36.94,-0.51
94,-39.81,36.75,34.15,2.4
95,-31.96,19.2,41.62,1.68
96,0.71,46.06,35.41,0.16
97,-42.2,-42.66,31.81,0.5
98,-29.37,-38.37,36.56,4.81
99,68.2,102.43,34.76,0.57
100,-62.14,0.66,34.95,4.77
101,-60.53,28.49,38.37,7.99
102,-27.96,21.48,39.63,6.53
103,-4.27,6.66,36.21,3.62
104,-15.7,22.2,33.92,8.68
105,-10.09,11.85,37.41,6.9
106,-51.06,0.05,33.15,10.07
107,-18.66,52.95,31.96,8.15
108,11.78,70.39,34.49,5.13
109,2.52,29.84,38.12,7.62
110,-18.38,-14.31,34.47,7.95
111,-25.78,-16.05,30.47,3.24
112,-12.99,94.15,32.77,5.91
113,-21.38,-31.77,27.54,0.94
114,-27.77,31.87,31.05,2.09
115,-27.71,-7.73,34.06,5.79
116,-4.16,7.14,32.24,0.82
117,-12.77,-20.8,29.6,4.04
118,-1.17,81.94,29.45,9.59
119,39.57,46.17,29.2,3.6
120,-101.05,31.9,28.19,-0.19
121,-24.68,4.23,33.39,1.2
122,-13.79,-12.36,37.33,4.57
123,-1.46,16.98,30.12,0.52
124,-24.61,17.55,30.77,5.47
125,-5.74,43.08,27.04,2.3
126,13.52,17.23,24.56,1.14
127,-29.89,-38.23,28.85,0.16
128,-19.49,31.47,31.38,10.13
129,-2.06,58.13,23.83,1.72
130,-27.23,11.86,24.52,-0.53
131,-12.61,-0.16,26.49,2.1
132,6.98,53.93,27.0,2.32
133,-10.44,-12.18,29.6,-2.29
134,-19.37,25.52,31.34,1.11
135,-17.44,-9.86,27.46,-4.49
136,10.1,3.5,26.43,-6.01
137,-14.81,-0.78,26.59,-7.16
138,-22.43,-26.3,29.09,0.22
139,21.98,10.1,29.09,0.17
140,-12.65,31.45,8.7,-6.19
141,-21.19,46.16,31.76,2.38
142,-15.71,-1.08,22.19,-6.97
143,-16.61,-9.93,27.89,-3.37
144,-33.54,3.59,30.06,0.91
145,-22.65,11.72,30.19,1.27
146,-4.28,23.24,26.48,-2.43
147,-2.0,34.21,25.47,-4.37
148,-10.71,92.3,23.45,1.78
149,-47.22,-18.79,28.68,0.71
150,-53.89,-12.94,28.24,1.89
151,10.56,64.75,33.92,5.63
152,22.07,-2.44,31.73,1.2
153,-46.26,-31.42,28.02,0.82
154,-11.55,28.13,31.88,11.4
155,62.46,74.78,15.52,-5.38
156,-1.08,-29.61,22.9,-5.54
157,27.81,143.99,28.48,-1.04
158,-47.67,30.51,32.57,4.05
159,-22.36,-62.97,26.76,-3.45
160,-19.23,13.26,27.31,-0.63
161,-18.04,-16.11,30.08,1.91
162,11.57,-1.95,27.18,-1.08
163,-4.59,18.27,25.73,-2.92
164,-17.8,27.54,26.55,1.23
165,-20.84,30.93,27.68,-1.35
166,-8.17,25.42,29.59,-3.01
167,-14.76,6.79,25.6,0.5
168,-32.69,7.06,30.15,0.56
169,-9.77,13.15,30.53,-2.7
170,6.82,33.02,28.25,-4.19
171,-7.03,42.2,28.77,-1.21
172,-50.07,-33.16,32.83,-0.51
173,-10.4,42.88,29.66,-1.86
174,27.65,29.42,25.17,-5.7
175,-31.06,-12.41,32.93,-8.1
176,-24.78,-24.59,33.52,-9.06
177,-31.75,-48.54,38.83,-6.33
178,-12.39,-27.28,39.11,-5.07
179,69.87,5.69,34.01,-5.43
180,-78.57,6.14,36.42,-7.35
181,-37.72,-24.15,36.92,-6.44
182,-17.02,-16.35,35.68,-5.2
183,-14.07,17.17,36.79,-7.75
184,-10.32,17.26,34.6,-2.27
185,-14.57,13.7,38.68,-2.26
186,-5.51,6.11,34.7,-8.89
187,47.0,10.12,31.47,-6.54
188,-68.65,-15.01,34.57,-3.4
189,-37.67,15.11,33.14,1.06
190,-4.06,8.67,31.24,2.66
191,-39.33,-3.29,32.2,6.53
192,-42.06,0.47,32.23,4.08
193,-0.91,40.01,27.34,6.17
194,-9.86,-9.7,29.72,4.01
195,-27.16,0.85,27.49,6.33
196,11.4,50.54,30.35,4.13
197,-43.76,-59.28,26.95,6.49
198,-12.52,18.68,25.49,7.55
199,-41.98,-9.52,30.87,10.96
200,-19.37,-7.43,30.79,9.95
201,29.58,13.05,22.09,6.08
202,-9.09,11.97,29.24,8.68
203,-6.94,15.36,26.73,4.33
204,-19.35,13.72,28.55,4.6
205,-16.72,18.86,29.04,8.3
206,-4.09,25.24,30.33,5.36
207,-47.29,-1.94,26.28,10.04
208,-31.52,31.5,27.91,14.16
209,9.74,60.31,27.07,8.88
210,-28.2,-58.33,26.92,2.23
211,-26.63,-16.09,31.54,3.55
212,0.5,-18.97,31.11,3.36
213,-15.61,5.11,29.61,-1.04
214,-22.26,40.51,32.19,7.04
215,-27.24,42.46,29.49,5.35
216,-49.71,-94.22,30.66,-1.15
217,-5.17,-5.42,32.04,0.77
218,-12.59,5.43,26.96,4.85
219,-24.97,-6.14,27.05,3.35
220,-31.49,-6.55,31.61,3.7
221,37.55,21.02,26.67,1.97
222,-8.13,12.19,29.86,-2.11
223,0.74,26.35,30.2,-0.37
224,-9.82,-19.28,29.65,3.1
225,-16.68,-11.98,36.04,0.39
226,4.24,9.13,35.19,5.72
227,2.69,32.6,36.66,7.49
228,-20.12,16.92,29.51,3.61
229,-24.98,-4.64,32.47,1.41
230,-13.54,14.26,35.07,2.12
231,-51.92,-15.51,32.83,6.68
232,-0.15,-36.72,30.7,-3.16
233,-3.84,34.56,31.43,-2.67
234,12.05,-28.51,32.12,0.26
235,-4.97,-3.22,33.01,3.08
236,6.5,5.65,31.12,-1.91
237,-5.69,10.2,35.27,-0.73
238,-17.93,11.18,35.5,-0.15
239,2.04,40.03,35.17,1.17
240,-15.15,-5.64,35.7,3.28
241,-21.04,-7.43,33.76,3.86
242,-22.7,-9.32,34.07,2.16
243,8.93,4.41,31.06,0.73
244,-11.67,17.56,29.53,-0.32
245,-44.55,7.78,33.34,5.26
246,-4.99,-1.77,38.79,1.32
247,20.43,10.21,36.67,2.89
248,-31.06,19.88,30.5,4.29
249,-23.01,21.23,36.91,5.41
250,0.28,-7.77,33.29,-1.19
251,-25.36,-6.31,29.57,1.55
252,-0.65,-2.57,36.82,5.64
253,-2.07,5.84,34.66,-0.72
254,-8.55,23.0,38.11,5.36
255,-15.09,2.42,30.99,5.18
256,4.47,24.59,34.3,6.25
257,-60.69,-23.0,35.6,4.89
258,53.67,13.19,35.66,5.85
259,10.78,15.03,31.3,6.63
260,9.7,23.03,31.74,2.87
261,-39.26,-4.83,26.79,3.45
262,-101.29,13.36,36.42,7.01
263,1.43,33.28,37.09,2.98
264,-16.48,50.27,36.17,5.3
265,-30.37,-52.79,36.97,4.44
266,-3.33,9.05,30.79,5.16
267,-24.36,7.86,29.35,0.49
268,-24.37,31.5,31.48,4.5
269,-10.9,-15.89,30.32,-0.43
270,-19.81,-1.01,33.58,2.87
271,-18.26,-5.04,32.17,5.07
272,-12.39,6.08,30.67,-1.28
273,6.9,-0.46,30.23,3.21
274,-27.11,14.79,28.69,7.04
275,-11.39,-3.4,29.06,4.29
276,5.25,11.43,23.32,-5.71
277,-14.35,41.2,29.57,-0.22
278,13.67,-12.97,31.0,4.73
279,16.37,5.58,28.57,0.8
280,-53.03,6.57,36.97,0.87
281,-22.85,25.37,31.29,-0.33
282,-25.25,-3.95,26.51,-0.89
283,-12.18,-11.06,31.72,-4.16
284,-32.24,27.25,31.02,3.25
285,-11.63,2.15,30.65,-1.48
286,20.25,-10.45,23.98,-9.68
287,-43.13,0.37,31.33,-3.35
288,73.82,22.1,34.95,5.53
289,-74.45,16.66,34.13,-1.88
290,-17.16,-17.7,37.24,-4.44
291,23.11,48.29,42.44,-0.62
292,-11.27,14.08,37.82,0.04
293,-26.93,2.13,31.31,-10.06
294,-4.23,17.71,37.73,-0.32
295,-13.56,-8.25,37.31,0.94
296,15.4,9.05,29.57,-4.88
297,-71.43,20.92,33.99,1.99
298,-63.89,-2.67,40.39,6.02
299,24.76,-17.56,29.64,-5.03
300,79.99,60.62,29.36,-4.84
301,-1.57,44.5,30.68,0.03
302,-33.92,14.02,41.17,11.51
303,-19.2,-4.01,27.58,-5.57
304,-30.59,-4.96,26.31,2.23
305,-11.27,71.71,31.97,5.72
306,52.67,-9.66,32.68,6.87
307,-72.77,-35.01,34.48,-0.18
308,-127.44,42.93,31.65,5.0
309,58.49,-14.62,29.69,5.2
310,14.72,71.9,30.24,8.81
311,-39.46,25.17,31.3,10.22
312,4.44,-72.47,29.25,0.77
313,12.45,28.67,28.31,-1.85
314,13.1,57.3,28.91,5.87
315,-56.78,2.11,32.43,6.53
316,-39.16,0.91,29.62,7.74
317,-13.54,-32.89,27.02,5.81
318,-13.07,16.32,27.38,6.79
319,23.87,3.05,30.87,6.38
320,-3.18,47.79,34.96,9.21
321,-61.37,22.75,33.14,15.41
322,-47.52,-44.23,30.29,6.27
323,-23.97,14.1,28.1,7.58
324,-25.85,29.0,27.88,7.72
325,39.8,69.39,28.86,4.29
326,13.78,34.09,34.67,4.02
327,-30.07,-68.1,28.3,-0.33
328,-30.72,-19.51,31.25,4.8
329,14.19,28.12,34.33,4.73
330,44.98,-26.06,29.99,4.18
331,-115.51,-30.06,29.66,5.51
332,0.76,29.75,31.11,7.03
333,3.47,12.89,33.83,-0.39
334,5.19,41.7,32.51,4.1
335,-38.66,109.19,34.53,10.81
336,11.33,-55.87,27.91,-3.92
337,-1.21,-27.96,34.64,0.62
338,-31.3,-2.22,34.03,2.5
339,82.39,-17.63,31.14,4.08
340,-32.55,-6.07,33.32,-3.23
341,-111.1,51.11,39.42,9.84
342,14.41,55.98,37.46,4.0
343,-19.94,-70.16,31.92,-3.2
344,5.8,-56.41,32.5,-5.14
345,-2.43,31.91,31.4,-5.84
346,-1.53,1.82,27.18,-3.75
347,-12.97,17.75,29.76,-1.18
348,-46.21,53.2,35.22,9.24
349,-19.07,61.7,34.66,14.61
350,32.49,-57.9,26.63,-3.28
351,-6.0,-25.09,33.67,3.78
352,-44.0,75.14,36.56,7.44
353,32.51,-7.69,33.55,5.4
354,51.89,-23.93,36.68,9.38
355,-94.16,191.35,43.37,30.32
356,10.91,-65.98,22.19,-1.84
357,10.59,-1.3,29.29,2.62
358,83.68,-65.2,32.01,-0.95
359,-4.08,-12.97,27.39,-4.72
360,-5.47,0.3,30.29,1.24
361,-41.09,60.26,31.83,11.99
362,-75.85,37.49,38.02,17.59
363,-26.13,-36.58,27.45,7.46
364,-70.39,-19.61,24.01,-3.21
365,75.11,77.63,31.67,-1.44
366,33.18,-36.44,29.05,-3.77
367,1.37,1.8,31.28,8.34
368,20.63,128.83,38.41,17.1
369,-54.88,99.27,39.93,30.18
370,-87.04,-16.3,31.47,-3.28
371,125.59,-18.02,24.09,-2.71
372,-58.02,-29.67,17.24,-4.85
373,2.38,-12.25,28.58,8.32
374,42.33,28.8,39.56,25.33
375,-52.44,252.39,31.26,13.27
376,-70.3,-49.9,25.34,-2.22
377,3.2,-147.11,116.43,17.79
378,-18.17,-23.18,46.25,-0.79
379,23.34,62.4,-19.68,-4.28
380,20.8,3.51,16.57,9.87
381,-19.04,71.93,29.68,19.63
382,-104.67,74.63,36.24,-12.44
383,-29.68,-41.95,39.07,-27.7
384,13.69,72.37,25.01,-2.48
385,-21.22,44.27,36.92,23.14
386,-18.63,-8.09,64.63,13.72
387,-17.63,-35.89,383.64,33.42
388,9.57,131.23,199.39,28.2
389,-0.3,56.59,-170.66,11.01
390,11.04,-38.44,-104.66,-12.47
391,5.02,61.87,-26.49,-0.88
392,-59.33,133.01,-6.31,16.29
393,39.39,26.62,77.05,14.33
394,-32.35,47.3,226.91,-2.86
395,-2.46,144.06,60.42,28.23
396,-39.17,-65.56,4.98,-7.21
397,-17.22,-62.56,106.03,7.1
398,-38.84,-43.52,291.09,18.64
399,-7.03,20.1,-44.04,-2.26
400,6.5,98.52,-168.85,8.26
401,-27.06,33.03,175.58,54.58
402,-28.19,30.7,-43.5,-12.89
403,-34.87,168.14,-109.32,-46.07
404,-19.09,-19.51,-7.29,-13.3
405,26.2,92.3,82.21,37.65
406,17.55,-3.46,130.11,20.16
407,8.56,-13.97,202.61,19.11
408,-42.88,58.2,235.14,38.57
409,-82.34,-31.8,-64.0,-10.46
410,-6.39,47.66,-105.32,12.71
411,-43.7,50.69,-25.92,11.78
412,-26.98,106.18,69.61,14.48
413,34.05,167.45,-41.15,28.97
414,-43.77,-91.67,-41.03,-7.38
415,14.94,45.66,7.07,20.78
416,-56.93,16.88,20.86,20.24
417,-17.89,1.79,17.61,8.74
418,-27.53,92.67,30.62,22.14
419,3.25,170.25,34.42,27.22
420,-31.91,-88.9,31.98,-2.08
421,-21.87,-4.54,24.84,15.93
422,-35.54,30.15,31.45,12.74
423,-14.2,16.5,112.37,13.97
424,10.97,33.93,125.28,33.34
425,-31.22,22.27,40.39,40.29
426,-13.29,102.05,151.16,-11.65
427,-25.19,-25.75,12.05,6.5
428,17.19,-19.13,361.83,42.3
429,-34.14,141.22,-181.11,3.88
430,-38.09,57.67,-41.23,-3.97
431,-3.15,-49.09,-106.16,11.51
432,-15.69,31.95,8.66,11.4
433,13.47,83.18,73.03,15.6
434,-19.39,100.86,-7.41,-2.55
435,-41.73,-37.62,-30.55,9.43
436,-17.04,-95.18,5.36,7.61
437,-23.71,38.42,27.06,13.12
438,-20.85,93.92,31.81,14.39
439,1.26,36.41,159.96,18.67
440,29.5,136.55,290.85,28.83
441,-68.08,-159.29,-117.56,-12.76
442,-17.28,61.0,17.47,12.51
443,7.41,116.28,-66.84,11.27
444,-10.42,2.25,143.89,10.86
445,-18.33,41.91,144.3,-2.67
446,10.43,56.17,-138.93,14.86
447,-29.24,26.21,20.85,2.26
448,-21.44,110.87,-33.22,18.61
449,-19.88,-70.01,0.31,1.54
450,28.5,-37.25,17.89,5.63
451,-11.36,110.58,63.83,19.39
452,-49.21,-39.11,48.42,7.12
453,13.94,-1.45,18.28,11.19
454,-45.48,-8.58,119.26,2.95
455,-19.34,149.83,177.35,7.61
456,-19.11,-39.45,-53.19,4.57
457,17.09,216.73,-50.82,11.92
458,-26.15,38.2,113.84,8.2
459,-30.26,-101.15,-35.18,-9.42
460,8.23,-8.17,-29.82,16.36
461,-43.9,-18.92,34.14,22.84
462,-15.42,-23.72,77.41,23.51
463,-12.06,86.37,137.61,2.14
464,-5.92,150.07,96.14,9.13
465,-23.41,-33.08,-24.89,17.21
466,28.31,150.81,11.09,19.56
467,-51.91,-4.36,45.03,0.99
468,-36.0,-87.21,-30.04,6.56
469,4.68,106.05,35.18,24.87
470,-34.39,-42.98,73.42,-5.42
471,48.84,152.08,-31.3,22.39
472,6.87,-15.72,20.27,15.56
473,-89.81,-4.68,17.98,1.64
474,-9.93,120.69,46.48,13.96
475,-48.64,-53.41,98.85,6.25
476,35.14,52.05,9.96,17.04
477,-48.14,-50.98,104.14,7.47
478,-26.85,6.7,-27.48,-1.61
479,-5.76,64.12,107.43,6.7
480,-10.95,88.49,271.62,22.93
481,-5.47,166.33,-107.04,7.7
482,-33.43,-55.25,-105.62,10.65
483,-28.02,-33.06,3.31,-2.85
484,-4.46,87.77,26.23,7.77
485,-25.21,-114.96,126.27,17.74
486,-19.39,56.09,9.27,-1.93
487,-23.86,47.01,-24.2,6.78
488,-17.22,38.08,11.37,9.01
489,-0.53,21.16,23.17,12.09
490,-9.78,16.79,33.92,8.21
491,-13.35,36.28,46.16,0.34
492,-5.07,67.95,46.84,7.28
493,61.09,58.54,22.21,7.26
494,-70.93,112.97,49.48,19.0
495,-71.68,-48.28,8.47,-2.22
496,-18.29,-76.35,190.83,13.93
497,-15.08,42.65,42.44,-11.82
498,-3.57,112.2,-57.15,15.03
499,-17.12,81.37,44.28,2.99
500,-5.28,-3.55,2.97,3.26
501,-21.71,31.03,171.7,14.56
502,-5.6,-11.45,-59.4,3.83
503,35.63,-134.48,61.12,-6.46
504,10.68,57.05,-49.2,15.23
505,-83.38,79.7,12.84,10.18
506,-41.53,51.2,26.28,7.26
507,-32.37,49.3,27.3,-3.35
508,-17.1,39.38,98.59,14.83
509,-4.2,80.47,31.16,3.81
510,19.66,111.76,2.89,12.74
511,-24.39,-19.31,75.35,-7.95
512,-27.31,-59.59,-30.88,8.22
513,0.07,9.44,76.08,1.5
514,-25.19,-20.38,5.74,2.49
515,-32.07,71.89,1.65,3.81
516,11.33,119.14,24.7,0.95
517,79.97,-64.18,58.17,7.53
518,-92.56,-69.24,138.27,-5.24
519,-29.71,70.54,-45.75,-4.92
520,29.23,151.74,-12.99,17.06
521,-44.62,-93.39,15.48,8.54
522,3.35,-9.5,21.95,-1.45
523,-8.69,37.84,107.0,4.4
524,-25.25,62.79,45.37,-0.21
525,-0.1,182.06,-5.94,24.78
526,-20.36,-133.4,1.17,-5.5
527,-10.6,-39.61,17.95,6.46
528,-20.31,94.13,60.59,13.24
529,-16.58,-38.76,14.44,-6.62
530,-20.24,2.5,15.41,4.01
531,-32.32,4.5,24.47,4.78
532,-9.97,61.18,31.62,6.47
533,114.69,123.95,35.05,13.38
534,-56.36,-102.02,32.39,0.16
535,-68.64,74.87,109.95,7.77
536,8.63,-31.48,103.69,3.15
537,-24.91,95.02,-41.69,11.79
538,-26.63,-26.56,23.16,1.99
539,-15.05,-7.14,1.73,-2.87
540,-11.67,30.52,74.96,6.51
541,-0.61,67.05,-22.82,11.3
542,-27.53,-8.71,6.84,4.33
543,-10.75,-38.69,34.35,0.83
544,-23.2,10.9,7.55,2.9
545,-17.6,31.36,49.48,5.01
546,11.26,115.85,57.53,1.13
547,-31.75,-72.35,3.44,2.85
548,-2.3,19.29,22.4,7.67
549,-10.26,6.02,68.92,-2.02
550,-22.82,32.44,91.86,-3.55
551,11.82,23.59,-47.95,4.95
552,-15.39,67.64,54.68,-2.5
553,8.51,-14.6,-6.21,-0.6
554,45.35,63.99,17.94,9.28
555,-95.1,0.03,24.91,6.25
556,-22.85,-27.46,40.13,-3.9
557,-16.44,72.67,204.65,5.42
558,-52.61,-104.16,-14.48,-4.38
559,5.94,78.84,8.47,-1.47
560,-9.26,-43.84,-0.29,0.75
561,-2.71,121.14,-18.59,10.0
562,-34.21,-119.61,32.05,5.88
563,20.6,192.43,86.74,7.56
564,-44.65,-29.6,-0.78,-8.51
565,64.55,-35.53,36.2,-2.01
566,-48.39,-27.53,47.51,-14.79
567,-12.02,14.08,20.63,7.9
568,-40.94,54.43,2.61,5.39
569,-12.59,33.37,22.03,4.65
570,-7.11,-0.52,31.86,-0.72
571,-2.49,64.25,41.38,9.38
572,-9.86,-14.33,59.55,8.1
573,-13.12,25.84,195.66,-2.36
574,-34.15,-81.17,-91.39,-7.79
575,-2.18,49.22,8.95,7.42
576,-12.53,-28.5,30.18,-0.33
577,-7.89,-2.39,27.96,3.57
578,-17.92,35.52,165.52,22.01
579,-13.66,47.91,-68.68,-5.53
580,-3.28,-23.57,28.23,-3.57
581,4.2,165.87,58.93,17.96
582,-25.14,-102.18,-4.84,0.46
583,3.35,-28.3,44.21,-8.18
584,-12.62,-14.21,2.27,1.74
585,-14.57,38.92,32.41,5.72
586,-14.74,-7.62,24.32,6.72
587,4.23,69.47,29.75,11.69
588,-42.9,-62.22,30.04,6.38
589,67.88,65.77,39.98,12.38
590,-5.6,-30.48,65.03,-6.39
591,-108.19,-64.78,76.57,2.74
592,-28.31,67.77,173.69,8.8
593,-7.25,35.65,-26.67,-2.42
594,-19.47,2.55,-81.56,10.6
595,-15.0,47.37,4.7,10.71
596,-9.23,-22.79,18.57,5.15
597,33.75,183.44,38.45,8.48
598,-9.31,-13.55,85.72,14.97
599,-28.46,-69.51,27.59,-10.09
600,-30.05,-37.38,7.18,-2.6
601,-27.2,-26.61,105.48,-6.18
602,14.23,-45.24,-13.69,9.49
603,0.97,49.48,5.3,0.2
604,26.1,87.99,32.29,5.89
605,9.53,-23.62,82.21,0.1
606,-76.03,-37.33,53.65,-0.21
607,-13.57,-4.69,21.82,6.51
608,-14.19,43.77,184.81,2.27
609,-13.76,96.98,-112.15,1.77
610,0.21,-16.41,27.49,0.47
611,-23.84,54.42,2.82,13.15
612,-14.58,-70.97,21.94,0.61
613,2.77,38.03,48.56,-7.54
614,-23.74,-22.26,69.17,-3.74
615,7.1,77.23,18.89,11.62
616,6.95,-26.2,68.63,-0.59
617,-37.02,-16.63,25.15,5.85
618,-18.41,58.09,8.31,4.68
619,78.02,-11.89,8.63,4.89
620,-38.17,81.72,80.23,2.93
621,-73.81,-92.76,3.25,-6.24
622,-19.75,39.5,19.64,1.58
623,1.68,-1.37,175.51,10.86
624,-18.04,13.71,4.42,-7.92
625,-9.54,77.54,-31.4,9.61
626,5.45,38.58,15.82,4.59
627,-8.25,45.94,21.41,7.75
628,-32.64,-77.88,88.21,8.22
629,-8.59,-23.71,109.62,-8.13
630,-5.57,12.81,-34.55,1.39
631,-7.5,-24.73,1.28,6.22
632,-4.04,68.52,38.57,7.26
633,61.84,9.1,25.48,8.34
634,-27.3,-15.32,30.92,1.23
635,-48.91,129.93,37.33,8.11
636,-42.2,-128.59,61.43,-2.9
637,-5.26,43.77,17.09,3.06
638,-48.31,43.47,34.36,2.76
639,-14.32,-37.92,120.78,12.1
640,24.14,40.98,4.25,1.3
641,-28.69,-47.89,-5.6,-1.61
642,-14.48,23.49,26.12,1.75
643,10.19,43.79,91.97,-0.17
644,0.54,106.82,61.09,8.54
645,-17.54,4.95,-42.53,7.23
646,-18.45,-70.29,14.05,-3.87
647,-15.85,19.8,83.82,1.63
648,10.16,71.45,209.46,15.55
649,-25.72,-20.5,-135.33,-4.73
650,11.46,79.64,-6.64,14.39
651,-45.12,-77.56,16.81,-3.56
652,-25.35,-36.45,96.58,2.1
653,-3.89,-4.5,-7.35,7.03
654,-23.15,4.52,14.6,4.97
655,-4.8,19.28,33.38,1.21
656,-17.89,15.63,24.95,-4.67
657,-20.2,-24.96,33.92,-8.18
658,-4.81,96.01,49.04,4.29
659,6.86,125.53,84.38,11.02
660,-46.26,-103.67,13.71,-2.74
661,3.29,31.41,15.59,-0.23
662,-6.01,-13.66,30.49,6.75
663,-18.28,-17.25,84.25,-15.76
664,-16.4,18.82,150.57,-5.53
665,-18.87,54.73,-17.35,0.65
666,-15.08,43.77,117.57,4.07
667,-21.06,-24.18,-118.05,7.89
668,7.07,63.85,7.74,9.64
669,-22.36,-81.35,26.32,12.93
670,19.22,0.42,39.0,-7.2
671,-53.28,-58.19,38.54,-27.29
672,-20.8,90.92,93.43,16.3
673,1.23,-80.05,43.55,-9.28
674,-12.97,51.03,-4.37,9.51
675,-24.52,-1.34,8.06,6.97
676,25.86,113.91,88.45,7.82
677,-42.15,1.25,161.27,-4.75
678,-14.45,2.92,-87.58,-0.38
679,-18.63,-70.23,107.97,32.64
680,-2.5,16.91,-50.13,0.24
681,67.51,-19.78,16.36,-20.87
682,-42.92,-3.6,34.58,1.04
683,-16.5,98.37,30.55,7.21
684,-50.4,-42.41,62.65,-2.22
685,-12.64,71.02,72.24,7.26
686,60.02,45.97,95.2,6.16
687,-56.14,-92.29,-50.95,-6.59
688,-81.54,-27.78,29.79,3.58
689,-19.67,13.51,147.53,-5.49
690,16.78,27.33,-71.32,8.55
691,-31.39,-3.93,9.82,-6.52
692,47.17,175.2,60.63,0.05
693,-1.9,77.16,41.77,17.64
694,-44.4,-118.85,2.22,-3.59
695,-23.26,-46.15,23.97,5.38
696,7.55,-34.22,54.65,1.03
697,-19.95,7.78,135.07,-1.54
698,-22.85,-12.03,-36.38,6.86
699,7.42,89.82,33.52,8.3
700,-4.53,-0.08,32.17,-8.1
701,5.06,120.47,-14.36,6.88
702,-30.62,-25.79,115.86,15.19
703,-14.11,22.82,-21.82,-3.39
704,-13.18,-28.75,-6.44,2.5
705,-29.31,-110.01,75.04,-5.32
706,54.28,16.48,1.55,5.75
707,6.71,75.18,9.3,3.55
708,-67.45,15.78,31.03,6.23
709,-27.29,8.08,27.22,-3.44
710,-5.97,28.31,33.27,3.24
711,-24.36,27.98,34.73,0.94
712,8.92,29.26,36.12,3.63
713,-0.03,5.6,231.98,-2.91
714,-20.67,-2.35,-60.39,7.33
715,-21.42,-35.3,-46.26,6.51
716,4.7,32.62,83.74,15.24
717,31.34,-10.76,-20.04,0.9
718,-13.47,66.07,63.66,8.41
719,-44.64,-6.31,7.11,-10.92
720,3.41,-8.27,18.69,0.13
721,-21.84,-30.25,33.18,4.65
722,59.12,-6.51,109.41,-6.03
723,-36.24,7.12,17.11,-4.25
724,-69.28,-7.35,-7.83,6.3
725,-22.74,3.81,18.18,3.33
726,-14.9,14.07,82.16,-6.18
727,14.26,186.76,11.94,6.42
728,-23.56,-160.4,-2.66,2.95
729,6.29,7.59,38.51,3.06
730,40.43,222.36,64.56,15.33
731,-62.68,-161.96,23.34,-8.4
732,-32.6,-30.73,-5.21,-1.06
733,-12.88,-15.51,82.11,2.83
734,-6.0,49.47,27.94,0.79
735,-20.51,-31.62,-14.19,2.87
736,42.21,16.34,16.69,3.4
737,8.3,111.23,33.66,11.59
738,-48.96,-44.44,53.7,0.46
739,18.12,74.57,16.81,1.94
740,-25.64,-58.83,15.59,-8.66
741,-24.6,-23.36,27.48,2.6
742,5.43,60.79,30.07,7.91
743,-13.16,79.2,24.65,4.17
744,-17.69,4.64,26.38,-9.45
745,-22.98,-69.87,93.3,-2.58
746,20.48,35.48,21.39,-0.9
747,-11.8,36.87,0.59,4.19
748,-24.76,-13.81,6.44,6.78
749,-6.07,32.97,15.29,-0.76
750,10.84,71.25,70.83,11.2
751,-1.82,10.75,120.06,6.71
752,-54.6,-68.96,-37.74,0.01
753,7.04,37.31,53.68,-11.01
754,-15.86,36.08,64.52,0.85
755,26.92,124.68,-33.37,17.4
756,-34.61,-130.9,-1.37,-16.36
757,67.88,20.13,70.22,-1.77
758,-5.03,129.63,48.09,7.99
759,-45.01,-45.5,-10.52,-14.31
760,-95.87,-41.32,79.52,-4.91
761,-15.3,67.41,108.55,9.09
762,-4.75,37.25,-91.17,3.1
763,-11.65,-67.04,10.24,-8.32
764,-0.77,24.36,24.06,-1.53
765,6.46,57.04,53.47,1.14
766,-22.23,-53.8,47.66,-8.32
767,-12.31,62.81,21.2,5.42
768,-11.52,0.92,51.9,-1.31
769,-12.58,52.48,235.26,-7.22
770,-1.63,56.45,-123.75,-2.4
771,-27.58,-90.36,-14.16,0.71
772,-10.95,1.47,135.34,-4.68
773,13.58,2.95,-21.62,7.03
774,-22.25,-70.53,42.14,4.1
775,-18.4,73.6,-32.67,0.75
776,-6.98,30.45,13.79,-1.19
777,-1.87,-1.51,25.97,-7.42
778,-20.07,43.27,38.86,1.45
779,-17.86,19.59,52.42,7.77
780,20.17,73.94,48.92,1.32
781,-58.46,-89.48,27.86,-11.68
782,-26.04,-32.09,-1.37,-1.5
783,43.81,16.46,66.22,7.42
784,-29.59,22.81,170.16,-3.57
785,-35.3,-43.06,-112.35,5.83
786,-1.28,44.49,54.19,9.62
787,61.02,131.52,113.45,12.36
788,-100.64,-93.94,-23.98,-16.52
789,78.06,49.37,-12.39,3.06
790,-91.84,-15.92,22.55,-4.54
791,-36.83,28.63,99.4,-2.01
792,-32.64,-43.3,206.45,-26.67
793,15.08,15.96,-125.64,2.26
794,-5.06,5.94,-4.23,22.31
795,-8.05,35.36,16.05,14.43
796,9.04,-2.31,24.17,0.12
797,-36.8,-48.31,28.23,-12.09
798,-29.38,36.29,181.17,3.66
799,-7.07,-17.01,-20.32,-8.16
800,-18.05,-0.2,-12.55,6.89
801,-18.41,68.81,14.79,4.24
802,9.88,25.55,26.45,1.68
803,-15.59,-61.21,33.29,-0.74
804,-9.07,21.5,28.71,-5.02
805,-13.47,56.61,43.01,2.6
806,-9.02,-42.75,34.82,-0.22
807,14.97,79.7,39.97,3.77
808,-28.48,-57.44,198.19,-25.36
809,-15.34,54.87,-51.49,-3.09
810,-4.12,11.7,-46.33,5.25
811,-34.62,-28.77,21.58,11.0
812,-11.19,48.48,45.66,2.22
813,27.95,-78.03,92.35,-10.17
814,-5.64,15.51,43.96,2.85
815,3.46,6.83,-40.83,5.28
816,41.4,112.01,10.66,8.71
817,-98.45,9.61,28.73,-4.81
818,-36.56,-58.43,64.23,-12.02
819,-13.32,8.12,8.81,3.34
820,-8.03,1.4,89.02,6.14
821,-31.42,2.06,92.76,-0.31
822,-0.22,-12.57,-78.09,1.03
823,18.96,10.01,15.98,0.88
824,0.03,25.06,39.99,4.22
825,-12.38,52.16,27.74,2.68
826,12.85,69.61,26.86,6.0
827,-46.11,-93.55,13.8,-11.33
828,-8.18,2.56,121.59,-11.34
829,-11.26,69.17,132.01,2.15
830,21.52,-32.89,-109.84,3.9
831,-32.8,3.21,64.6,0.8
832,26.42,110.46,8.65,2.17
833,26.78,-118.26,79.62,-10.21
834,-99.28,-15.17,6.34,10.9
835,-21.48,40.85,-27.26,4.13
836,-21.99,106.67,10.51,-5.38
837,-18.42,-9.71,36.12,2.58
838,-19.13,-73.31,27.51,-3.25
839,18.05,94.6,32.82,8.39
840,9.61,74.64,30.44,3.45
841,-33.19,-85.27,29.23,0.06
842,13.16,-42.08,34.59,-6.53
843,-14.34,-19.39,32.01,-7.81
844,-17.36,55.93,81.97,-4.09
845,-20.12,5.25,102.36,0.96
846,-17.3,8.35,-27.81,-0.62
847,25.07,108.79,141.53,15.11
848,-59.84,-88.9,54.77,-10.73
849,-6.93,18.67,-82.17,4.34
850,-10.9,-23.38,1.99,-0.64
851,8.97,141.44,62.16,8.37
852,20.02,-26.73,2.56,-7.24
853,17.53,8.39,28.49,3.6
854,-91.91,11.03,43.68,-4.95
855,-63.75,-98.46,26.94,-6.96
856,0.5,47.26,37.08,-8.87
857,15.89,89.21,229.38,-16.2
858,0.41,-36.71,2.0,-4.16
859,-42.0,-30.15,-76.21,6.23
860,6.23,42.95,12.83,-0.35
861,-17.06,-16.75,46.57,3.03
862,-10.61,35.78,69.67,-0.71
863,11.44,-30.22,5.3,2.0
864,-34.88,-14.26,49.42,1.54
865,-8.33,128.81,107.18,6.48
866,-12.98,-95.99,-8.15,-2.95
867,-24.79,14.85,2.52,-7.85
868,-16.43,12.95,55.51,2.88
869,92.77,33.21,20.22,-0.54
870,-84.69,-18.87,34.31,-0.32
871,-55.31,11.64,20.32,1.96
872,-36.21,18.21,42.78,4.42
873,29.33,55.02,254.55,-3.71
874,-14.48,-23.57,-87.19,-6.3
875,-19.6,70.47,-34.01,15.51
876,-31.13,-66.42,9.81,-5.57
877,-17.88,-5.41,101.15,-3.15
878,8.31,12.78,-25.17,4.7
879,3.25,-72.27,32.4,-5.82
880,8.3,133.31,10.61,6.25
881,-56.96,-84.78,36.18,-2.87
882,-22.26,57.73,82.03,-1.17
883,6.78,16.26,85.75,-4.08
884,-23.04,53.67,-52.58,4.32
885,-5.74,-61.62,11.94,-0.73
886,44.62,9.78,46.89,-3.93
887,-67.76,-32.86,158.82,5.99
888,-35.62,16.8,-23.43,0.66
889,9.35,134.54,81.61,-5.45
890,-19.97,-89.22,-76.6,3.97
891,-47.83,-64.47,32.94,-1.18
892,-16.96,28.77,8.16,-7.08
893,6.25,-8.75,20.87,5.06
894,2.85,10.56,45.48,2.72
895,-13.6,79.87,103.7,-6.94
896,65.02,11.35,1.79,11.24
897,-50.61,-15.52,45.33,3.65
898,-79.94,4.13,216.65,-6.27
899,1.95,18.15,-166.45,3.41
900,-24.79,-56.96,-11.4,-12.29
901,7.93,64.34,42.12,0.75
902,-39.55,-34.19,158.32,-12.57
903,27.53,98.95,144.8,7.17
904,-27.92,-26.86,87.75,-11.61
905,13.05,-49.27,82.5,13.83
906,-20.95,-22.99,-58.99,-4.44
907,10.52,26.56,-85.02,0.95
908,9.94,99.82,38.32,-2.7
909,-46.32,72.74,47.7,0.75
910,-15.79,-75.89,11.59,6.54
911,-20.07,-12.36,-5.91,12.88
912,-17.17,-6.72,16.81,-2.44
913,28.46,43.14,145.04,-8.94
914,-17.21,-6.54,-28.53,6.27
915,-51.76,-35.41,-6.72,0.96
916,17.44,54.79,37.24,1.29
917,-3.58,-11.66,38.02,-6.02
918,-9.3,43.03,70.61,-0.48
919,5.11,15.14,14.48,0.08
920,47.09,-31.81,-4.87,1.4
921,-71.03,31.11,113.38,6.46
922,14.46,-5.38,18.33,-8.25
923,-63.1,24.56,32.73,-0.83
924,-20.34,-91.93,182.55,-4.83
925,-21.1,63.31,-93.3,6.25
926,2.69,-3.63,85.45,4.06
927,-6.91,91.85,-58.1,-0.85
928,11.8,-50.03,9.9,3.47
929,-23.76,-22.07,53.27,-10.01
930,52.74,78.41,12.99,1.93
931,-61.98,-61.71,27.06,-0.07
932,-45.19,-21.36,34.52,-2.58
933,19.15,21.35,34.11,-2.48
934,20.5,48.48,91.89,6.52
935,-24.4,66.88,183.84,-7.96
936,-24.17,-69.34,-104.91,1.54
937,1.58,12.56,41.68,4.58
938,41.54,-10.75,191.71,-1.71
939,0.4,69.32,-134.65,9.48
940,-73.5,-15.91,17.33,-2.86
941,-7.91,-3.41,1.68,5.41
942,-25.65,-11.65,24.47,-6.6
943,0.25,58.87,28.54,1.82
944,-8.12,-18.22,35.66,0.04
945,-18.68,21.83,30.48,7.95
946,-18.99,12.63,62.31,-5.13
947,-1.33,27.79,111.61,11.77
948,-9.54,25.51,87.67,14.72
949,-23.62,-15.12,-36.27,-8.3
950,7.29,32.56,-1.87,13.79
951,-27.25,39.18,141.0,-13.44
952,48.95,-30.88,-59.23,9.8
953,-32.65,40.92,-5.33,0.45
954,-40.82,48.72,8.94,7.78
955,-4.33,138.54,26.36,16.31
956,-32.11,-109.64,20.37,-11.92
957,-11.23,-0.88,32.82,4.52
958,-5.01,-36.91,25.29,-5.61
959,-6.33,64.16,32.28,6.37
960,31.38,96.53,32.85,10.32
961,22.05,-7.56,46.92,-4.31
962,-66.01,13.6,122.44,8.74
963,-50.89,-23.14,97.05,-2.64
964,-19.6,-34.85,55.63,-1.7
965,-11.59,15.24,-133.53,-6.06
966,-8.87,12.32,25.3,0.88
967,28.19,190.29,47.55,8.35
968,-50.05,-92.94,-4.28,-8.07
969,21.81,60.58,23.34,7.38
970,-24.05,-14.97,31.47,6.03
971,-32.57,-3.94,104.65,6.4
972,-8.35,-13.07,-4.73,-5.26
973,2.43,-16.13,23.11,1.57
974,-21.32,36.83,44.55,-1.0
975,5.03,57.22,143.45,4.22
976,-6.54,17.12,-37.22,-6.51
977,-22.3,-23.36,-28.16,-0.8
978,36.93,-11.13,78.03,13.31
979,18.79,42.51,147.46,0.45
980,-34.47,116.54,-83.78,-0.96
981,-54.84,-87.52,17.75,-6.38
982,-31.97,-25.99,15.11,-0.13
983,-6.57,18.16,28.9,-1.13
984,-2.21,30.73,30.87,1.68
985,-27.52,-26.6,30.13,3.45
986,43.67,61.33,39.18,-3.04
987,-13.71,41.66,31.07,14.73
988,-51.04,-17.99,25.17,-5.25
989,3.09,-30.64,25.41,5.43
990,9.66,58.06,73.33,2.22
991,49.37,-77.72,180.23,-2.87
992,-104.38,-40.54,-65.29,-4.81
993,2.11,123.31,-36.93,14.61
994,-29.94,-77.78,90.3,14.52
995,-28.32,-15.63,47.18,-3.12
996,-1.29,21.42,-42.71,-1.7
997,-8.05,13.23,25.23,1.2
998,18.74,137.74,64.22,2.02
999,-3.24,114.1,28.21,9.25
1000,-48.15,-159.7,20.77,-7.06
1001,-7.88,40.02,30.27,7.02
1002,4.52,34.73,42.89,19.92
1003,-16.01,-23.1,161.53,-15.19
1004,-2.45,-14.3,-6.42,5.19
1005,21.67,6.48,-34.47,1.3
1006,30.96,44.14,64.98,-7.75
1007,-79.56,115.11,-30.76,2.75
1008,-34.14,-54.75,8.18,11.63
1009,-14.1,6.6,44.05,-0.49
1010,-6.31,-18.16,24.68,4.12
1011,-37.0,-76.8,95.83,2.22
1012,-9.22,45.24,-7.84,1.36
1013,2.99,29.72,15.66,2.85
1014,-9.57,35.91,44.22,1.16
1015,0.86,39.77,35.52,4.19
1016,-16.15,40.01,12.14,4.24
1017,-8.43,-14.64,149.37,9.86
1018,-22.76,86.8,86.47,-14.39
1019,-3.58,-0.65,-42.08,-3.94
1020,3.1,-22.22,-39.22,9.76
1021,63.5,-8.34,13.4,-0.43
1022,-94.7,-50.88,42.94,-2.68
1023,-28.32,34.67,58.14,-3.16
1024,2.58,150.44,2.62,8.34
1025,-25.11,-67.87,21.11,-2.97
1026,35.45,186.72,32.37,5.47
1027,-38.51,-146.61,29.77,-2.78
1028,-38.96,-25.53,31.46,-3.87
1029,0.89,53.89,25.26,4.0
1030,9.78,18.84,31.81,-4.23
1031,-28.02,-30.75,39.75,-0.93
1032,-3.36,-0.59,21.94,-2.36
1033,2.82,7.38,159.29,3.89
1034,-11.57,28.04,18.86,-8.13
1035,70.94,42.73,22.4,-0.78
1036,-58.14,119.7,26.15,0.89
1037,-28.84,-10.21,-31.62,3.17
1038,-37.64,8.93,1.06,2.52
1039,-13.3,-35.71,21.65,2.49
1040,-12.18,-16.97,72.92,1.2
1041,-25.68,1.28,-5.16,6.69
1042,-16.12,29.62,14.65,-3.22
1043,6.15,8.22,27.08,7.8
1044,5.23,95.9,30.87,17.07
1045,-29.5,-41.91,51.78,-8.77
1046,11.33,23.82,42.42,1.51
1047,-19.01,-5.21,86.81,-1.24
1048,-32.77,25.75,-14.17,10.46
1049,0.82,103.13,-12.57,9.16
1050,19.88,-32.47,12.46,4.2
1051,43.17,-6.87,168.91,-7.24
1052,-85.36,62.29,-77.97,2.09
1053,-11.9,39.01,14.65,5.84
1054,-17.71,-25.87,83.21,-7.35
1055,-27.76,-28.24,-25.88,11.58
1056,14.28,116.79,26.13,17.42
1057,-29.77,-106.87,38.21,-17.2
1058,-28.27,12.41,8.91,8.54
1059,0.18,57.79,134.56,-2.76
1060,-8.22,-73.09,-55.6,-0.55
1061,-4.53,48.53,74.13,14.12
1062,2.83,13.4,-15.77,-1.18
1063,-4.96,77.29,29.4,14.77
1064,-31.21,-5.23,125.49,1.1
1065,-34.39,-24.04,-60.23,1.74
1066,34.94,113.43,30.43,8.95
1067,65.46,17.96,0.16,-3.18
1068,-120.84,-94.24,29.63,-8.03
1069,-46.8,21.88,89.54,-9.0
1070,-0.79,118.29,-11.41,8.82
1071,-4.3,-60.9,9.81,-0.37
1072,-6.71,-12.8,28.46,0.92
1073,10.6,58.44,50.86,-0.89
1074,-11.23,-4.87,93.6,1.96
1075,-27.03,-21.63,52.77,-3.0
1076,16.45,88.74,-24.57,6.24
1077,8.4,-4.28,44.21,-1.11
1078,-70.77,-34.45,-11.21,-9.99
1079,-9.97,68.61,25.42,-2.83
1080,-22.53,44.98,37.72,-6.77
1081,62.51,35.68,60.63,4.75
1082,-81.91,-25.39,131.86,-9.46
1083,-36.76,49.22,-50.03,4.94
1084,17.2,32.18,0.33,8.64
1085,-21.93,-69.89,20.75,4.06
1086,-12.0,25.49,23.51,-2.17
1087,11.6,72.98,75.9,0.5
1088,-18.78,20.1,7.53,2.78
1089,-27.93,-65.26,14.74,2.45
1090,-8.63,-0.82,23.25,-4.41
1091,-15.84,19.96,27.35,2.12
1092,-9.04,26.21,32.0,0.54
1093,13.76,27.26,31.41,-6.4
1094,-18.16,15.58,90.03,2.24
1095,-2.17,140.52,87.64,1.53
1096,-26.8,-62.98,-67.78,-6.29
1097,-2.37,66.97,-2.13,0.32
1098,-29.09,-32.53,17.43,-3.26
1099,-12.14,-37.49,26.96,-4.74
1100,-19.05,0.9,28.17,-4.99
1101,-1.25,19.41,31.59,2.53
1102,-14.02,24.0,31.32,0.74
1103,97.54,6.02,49.78,4.46
1104,-19.53,168.39,93.77,-0.04
1105,-50.94,10.0,17.85,7.26
1106,-0.81,12.93,-2.25,-5.67
1107,-26.11,-107.16,10.79,-14.1
1108,2.1,66.56,62.33,4.93
1109,-46.88,-50.43,168.66,-8.97
1110,-8.47,1.7,-73.29,-2.15
1111,-18.47,-12.22,17.13,-2.85
1112,-19.42,21.57,8.51,-2.56
1113,-2.08,65.16,41.91,-0.79
1114,11.57,50.29,48.3,2.89
1115,-4.09,10.53,86.87,-7.35
1116,78.14,16.59,-22.21,-12.08
1117,-25.86,100.43,10.87,2.54
1118,-68.38,-12.33,11.5,1.25
1119,-29.58,-28.94,37.52,-9.36
1120,13.34,7.02,20.38,-6.75
1121,8.66,110.41,33.82,4.34
1122,-18.83,-5.7,9.45,-3.62
1123,-39.46,-28.15,24.38,-1.94
1124,-22.3,-63.19,28.34,0.34
1125,-12.13,53.25,24.22,1.83
1126,-2.95,23.6,50.96,-2.47
1127,4.69,106.72,129.54,-3.16
1128,-30.09,-72.4,39.19,1.97
1129,-20.8,-39.74,-7.99,-6.69
1130,2.25,36.5,-27.8,-10.22
1131,-10.34,60.88,7.8,2.74
1132,-9.06,77.18,25.21,2.58
1133,59.62,2.59,84.6,-4.38
1134,21.55,-0.42,22.29,-8.21
1135,-86.67,0.95,-2.55,5.58
1136,-13.84,45.62,15.58,3.45
1137,-26.09,-37.45,25.15,2.1
1138,-21.3,68.28,43.05,5.87
1139,2.99,72.97,43.87,-5.32
1140,-6.26,12.9,-7.51,-1.69
1141,-33.45,-36.42,21.48,2.34
1142,-7.48,39.71,128.03,1.25
1143,14.07,-14.65,12.99,-7.61
1144,-2.81,14.96,-42.08,-5.13
1145,40.66,3.99,15.37,-3.45
1146,-22.0,-16.76,20.59,-6.19
1147,-40.26,83.62,56.81,0.79
1148,1.69,49.94,100.42,4.92
1149,3.28,-79.8,-43.14,-10.05
1150,-9.23,19.51,23.79,-1.0
1151,-44.16,-3.42,42.48,3.56
1152,-16.69,66.52,35.8,9.77
1153,3.1,19.6,5.77,2.05
1154,-4.85,16.77,27.58,-1.07
1155,-3.98,-20.21,27.84,-5.86
1156,0.54,135.59,142.98,6.08
1157,-19.74,-32.92,51.24,-5.08
1158,-13.28,12.52,-65.96,3.93
1159,-8.88,-24.99,10.58,-2.35
1160,43.13,28.85,22.45,4.35
1161,-23.67,79.54,28.75,6.31
1162,-52.69,-79.86,31.06,-3.25
1163,-24.99,9.07,67.77,-8.71
1164,12.73,32.2,91.29,0.47
1165,-16.07,44.86,-15.94,3.93
1166,-16.42,-5.63,7.32,-1.09
1167,1.36,55.39,23.31,-2.2
1168,-22.42,-25.63,34.33,2.77
1169,-7.91,-29.61,44.21,2.76
1170,0.92,125.73,45.18,1.95
1171,-27.41,-59.83,19.93,-7.25
1172,-17.69,93.27,24.91,0.95
1173,-0.27,-63.82,30.95,0.46
1174,-29.13,-39.24,23.86,-7.16
1175,-16.08,0.84,34.05,-0.33
1176,-9.28,-1.39,74.83,3.1
1177,-5.28,76.34,54.37,2.43
1178,-28.0,-18.42,-3.62,-0.25
1179,88.62,71.41,39.58,8.53
1180,-62.65,-48.06,22.4,1.06
1181,-88.62,-27.24,5.48,0.81
1182,-7.9,-6.96,28.16,2.35
1183,6.44,65.86,31.41,5.38
1184,-0.67,50.54,125.08,-1.67
1185,-24.84,-60.43,43.15,-10.96
1186,-11.07,19.55,-39.29,9.62
1187,-17.18,6.55,25.58,8.25
1188,-21.71,36.35,33.72,1.29
1189,-9.57,-1.3,12.02,-0.07
1190,-9.23,42.72,26.47,-1.73
1191,-28.03,-11.09,41.32,2.41
1192,50.82,-8.95,87.06,0.48
1193,-13.88,18.51,49.03,-4.73
1194,-73.46,22.15,31.64,7.54
1195,-25.74,2.29,-17.87,5.66
1196,16.18,70.07,12.61,1.69
1197,-3.61,5.95,22.29,4.52
1198,-22.91,13.38,34.16,7.42
1199,-14.51,14.96,32.71,-1.33
1200,-17.54,-71.64,23.55,-2.91
1201,-23.78,12.8,44.36,-1.48
1202,-11.95,29.31,42.69,-2.11
1203,9.27,47.12,27.46,3.51
1204,-15.84,63.13,71.02,-2.16
1205,14.35,-8.16,30.38,-3.65
1206,48.53,58.46,79.4,4.92
1207,-91.63,-40.0,-27.61,-4.27
1208,-39.68,-22.05,-7.2,16.71
1209,-20.67,34.65,17.0,-3.72
1210,19.02,32.06,23.74,-1.7
1211,-14.07,1.44,47.38,2.34
1212,-38.2,-72.95,73.3,-5.87
1213,9.97,14.72,-0.19,2.98
1214,-22.24,67.26,27.14,0.97
1215,-18.52,40.96,87.35,-0.28
1216,27.03,41.9,1.58,-3.52
1217,-27.3,-70.52,17.72,5.35
1218,-21.74,25.15,51.21,1.52
1219,5.25,11.03,5.66,-0.42
1220,64.36,10.92,23.26,1.51
1221,-53.04,86.31,29.28,0.23
1222,-41.46,68.67,35.42,6.38
1223,-1.32,-22.87,39.63,2.36
1224,-22.63,-40.97,27.16,-4.77
1225,-40.03,0.31,55.53,0.78
1226,-0.78,8.32,11.87,2.23
1227,-16.88,18.31,60.63,-8.22
1228,-7.48,-2.24,82.87,0.56
1229,8.83,89.34,32.51,4.24
1230,-17.92,39.93,-13.24,-9.33
1231,-32.92,-22.29,8.37,7.09
1232,-19.81,-4.05,89.77,5.51
1233,3.73,49.96,42.67,-1.02
1234,-13.13,-25.77,-29.21,0.51
1235,-28.89,-26.49,17.88,-5.21
1236,12.5,-13.76,20.68,-9.45
1237,-11.33,-14.35,39.49,0.05
1238,68.77,73.61,26.45,4.52
1239,-32.64,51.25,143.9,-15.64
1240,-72.12,20.85,-32.98,-2.91
1241,-35.27,-28.72,3.96,-5.02
1242,-11.93,-18.24,24.31,-1.83
1243,1.91,56.34,20.74,-1.23
1244,-25.63,-8.76,26.85,-2.31
1245,-25.8,14.04,37.05,0.09
1246,4.44,15.23,37.59,-2.12
1247,-10.55,-17.5,28.29,-0.38
1248,-7.49,95.89,47.34,8.82
1249,-13.46,41.93,29.1,-7.75
1250,-22.98,-114.05,35.2,-0.17
1251,-16.03,89.24,50.68,-10.93
1252,-5.35,73.37,59.39,5.1
1253,-13.33,-39.76,80.88,-4.71
1254,-16.47,39.15,-21.94,4.06
1255,-3.21,4.08,50.23,3.53
1256,-0.27,-52.09,-16.3,0.17
1257,81.65,16.88,31.65,-5.88
1258,-88.77,0.47,60.45,0.0
1259,-42.69,15.99,5.92,-5.23
1260,4.39,59.08,-0.16,2.66
1261,-27.97,-43.91,27.95,1.56
1262,13.34,46.08,32.46,4.58
1263,-12.26,33.02,26.68,-5.41
1264,-33.38,-55.43,27.44,-3.74
1265,-30.1,43.9,34.59,-0.75
1266,13.93,-6.09,49.41,-1.48
1267,1.63,-21.67,62.19,-0.78
1268,5.48,1.06,8.38,4.3
1269,-16.96,33.47,27.19,3.39
1270,-17.43,92.55,20.64,-4.98
1271,-24.84,2.73,41.54,4.86
1272,0.4,-14.03,69.15,2.56
1273,-12.87,-27.78,-11.8,-3.41
1274,45.64,-60.89,28.27,3.25
1275,-26.5,54.65,27.45,8.21
1276,-63.79,-2.99,26.25,-5.58
1277,-13.29,31.2,65.84,-1.43
1278,-6.42,-12.51,9.86,5.24
1279,-23.23,-42.71,99.72,-2.97
1280,-12.45,69.09,40.26,-5.99
1281,-17.62,15.29,4.69,5.21
1282,-21.9,-29.72,-1.21,1.02
1283,-2.28,23.17,32.75,3.58
1284,-2.18,56.97,84.75,9.34
1285,-36.57,-29.43,6.16,-2.2
1286,8.92,20.88,81.75,4.24
1287,5.29,136.91,6.73,10.15
1288,-44.66,-70.18,-10.02,-9.33
1289,-0.78,20.6,15.05,2.37
1290,-4.72,-51.03,31.45,-3.59
1291,-28.29,-10.91,44.62,2.0
1292,-23.35,11.12,50.45,1.87
1293,71.78,44.74,101.25,-5.51
1294,12.77,8.2,-22.55,16.28
1295,-126.14,-61.27,21.71,-3.38
1296,-14.66,53.82,6.28,-3.62
1297,-17.7,0.55,22.85,-1.22
1298,-9.7,5.9,66.42,2.17
1299,3.97,26.24,39.23,2.4
1300,-2.07,-2.59,-4.57,1.38
1301,-25.38,13.41,22.65,-0.08
1302,-16.73,12.89,28.11,2.02
1303,1.36,35.62,26.32,2.17
1304,-16.33,66.74,66.36,9.13
1305,-25.34,-35.83,49.56,2.88
1306,-0.13,-7.94,-10.23,-4.52
1307,-12.28,20.55,49.35,-0.88
1308,51.36,65.69,29.25,5.51
1309,-25.6,0.33,21.84,0.11
1310,-75.22,-24.1,64.37,5.93
1311,-31.61,-18.99,108.18,3.81
1312,3.45,16.9,-25.48,-2.13
1313,-18.22,16.09,-11.23,-0.67
1314,-6.67,-38.52,65.58,2.21
1315,-17.53,17.19,-13.26,3.69
1316,-1.75,12.28,19.02,-0.72
1317,-4.28,-33.79,33.6,3.72
1318,-7.07,122.3,27.93,11.0
1319,-23.4,-28.81,27.92,-4.39
1320,-1.15,62.95,31.73,-2.56
1321,83.08,-17.88,106.64,-0.04
1322,-94.14,-19.58,-11.49,2.37
1323,-64.25,2.28,49.96,-5.36
1324,-4.08,12.29,2.66,6.21
1325,-16.81,-1.7,49.32,-8.01
1326,-10.84,4.8,-14.22,-4.84
1327,-5.75,108.86,19.85,7.99
1328,-10.81,-57.43,23.69,0.11
1329,9.48,-45.77,40.65,-2.23
1330,-18.97,14.84,191.4,6.81
1331,-33.4,-9.16,-99.33,2.48
1332,-12.94,11.43,2.69,1.29
1333,-6.65,5.71,23.04,-1.48
1334,-11.87,49.11,27.57,-2.11
1335,17.83,21.55,37.23,6.68
1336,2.34,-27.84,90.58,-9.61
1337,14.04,30.26,-3.33,-0.74
1338,14.09,-0.61,21.5,-1.22
1339,-112.61,-44.79,41.5,2.6
1340,-9.6,44.82,12.75,-3.81
1341,0.9,9.71,41.04,-0.31
1342,2.94,41.81,20.94,-0.64
1343,-7.19,-4.08,42.39,-2.01
1344,-11.2,1.97,21.78,-0.22
1345,-12.36,57.62,66.74,0.86
1346,19.23,-51.58,85.9,3.37
1347,-31.62,45.51,-10.99,-0.28
1348,-19.49,61.7,54.74,4.14
1349,2.79,-1.52,-7.41,2.82
1350,-16.7,-66.49,14.77,-2.7
1351,-25.78,-27.54,60.9,2.09
1352,-2.43,27.0,88.86,6.1
1353,13.8,61.5,-21.4,-9.37
1354,18.33,10.86,32.17,7.31
1355,-99.08,-25.44,51.52,1.54
1356,0.08,17.81,9.11,-8.12
1357,-0.27,6.89,27.05,-1.74
1358,-27.23,0.86,26.79,2.84
1359,7.78,64.79,52.2,2.68
1360,4.43,59.23,153.85,1.94
1361,-9.81,-36.93,-44.76,9.6
1362,-43.98,-19.71,42.93,-10.69
1363,1.16,55.01,-23.91,0.78
1364,-13.47,-29.27,18.59,6.8
1365,-16.32,5.01,29.35,3.68
1366,-4.21,25.56,31.8,-2.41
1367,6.5,20.52,38.79,-0.67
1368,-9.48,-13.84,101.13,-0.5
1369,27.17,15.54,17.61,-1.53
1370,-89.39,31.81,20.12,0.22
1371,-21.09,121.2,13.62,11.55
1372,-18.23,-42.22,19.59,1.44
1373,-4.22,-15.08,28.67,-7.94
1374,-19.88,-55.87,33.21,-0.3
1375,-17.85,39.99,122.87,0.34
1376,-3.12,40.24,-36.77,-6.72
1377,2.8,64.05,36.34,3.89
1378,-23.95,29.25,37.91,4.11
1379,8.04,-3.77,3.64,0.39
1380,-14.16,-11.25,21.32,-3.33
1381,-19.28,38.79,26.76,10.28
1382,-27.58,-8.63,30.14,6.54
1383,2.89,4.46,43.77,-1.0
1384,23.12,30.78,134.07,4.6
1385,-27.57,-6.48,6.38,0.71
1386,40.38,30.05,0.32,-1.95
1387,-78.01,-33.83,0.56,3.11
1388,-24.6,45.68,19.96,18.53
1389,-3.13,36.33,33.46,0.42
1390,7.24,-0.92,36.24,6.41
1391,-32.6,-15.48,78.98,3.55
1392,-16.54,46.33,11.53,6.04
1393,-5.9,-26.34,36.41,-6.55
1394,-5.91,71.48,35.98,4.77
1395,-28.74,-20.18,92.35,1.74
1396,7.89,60.22,-27.28,2.83
1397,-8.14,-17.26,20.83,1.72
1398,-17.08,41.35,30.71,6.25
1399,-3.09,35.25,50.95,7.19
1400,1.79,-8.61,88.25,-6.25
1401,44.65,38.02,-2.56,9.44
1402,-66.82,11.43,13.14,3.42
1403,-50.99,-21.24,54.31,7.96
1404,-25.8,60.2,40.21,0.03
1405,-12.66,70.71,70.15,5.48
1406,10.87,-20.96,-1.96,-5.51
1407,-11.78,36.75,84.31,6.03
1408,-27.82,8.09,-15.86,-0.43
1409,-12.96,-62.68,39.58,4.49
1410,-19.76,16.22,67.42,-9.74
1411,-25.32,22.94,-12.42,1.68
1412,-25.03,27.56,43.12,-5.05
1413,28.9,24.13,76.66,-0.46
1414,103.28,61.76,-17.55,10.35
1415,-112.63,83.54,23.19,2.43
1416,-29.4,-47.89,33.42,-4.3
1417,-22.31,25.99,49.28,1.03
1418,-30.91,-18.8,58.05,2.68
1419,0.99,-10.22,8.56,3.1
1420,3.11,12.76,29.54,6.44
1421,-15.34,7.45,34.8,1.73
1422,-13.74,25.39,32.62,1.2
1423,-4.23,7.97,33.77,-2.48
1424,-3.98,76.48,67.41,5.6
1425,-18.49,-32.1,105.95,-1.82
1426,1.5,7.25,-49.34,6.34
1427,12.52,-42.83,25.52,10.04
1428,-3.06,95.66,29.6,3.06
1429,-20.39,-23.13,16.08,-0.13
1430,-4.77,-1.6,25.74,1.64
1431,33.69,39.96,90.31,12.11
1432,31.82,-14.34,64.05,-6.06
1433,-94.07,12.72,-23.93,1.14
1434,-23.91,81.23,11.18,8.54
1435,-23.91,-23.96,65.5,13.0
1436,-4.34,-41.47,14.29,-2.78
1437,-6.34,44.88,19.37,-1.24
1438,-5.83,32.57,30.85,5.34
1439,-22.59,-26.24,41.19,0.08
1440,5.11,85.22,131.5,-5.42
1441,-15.1,42.18,2.27,5.7
1442,-1.19,-15.85,-11.39,1.27
1443,7.93,14.54,19.61,10.37
1444,-20.21,-58.44,87.57,-2.28
1445,-15.76,34.65,-10.26,6.99
1446,1.16,31.23,42.73,9.07
1447,94.19,0.48,50.94,0.31
1448,-100.74,14.47,-5.02,2.44
1449,-49.31,10.83,28.55,1.78
1450,-27.37,-17.24,48.35,5.97
1451,-13.36,47.3,29.89,1.87
1452,-2.67,0.89,36.28,2.8
1453,-3.84,76.34,54.9,2.01
1454,-14.38,24.63,26.38,4.17
1455,-8.99,87.2,110.54,-0.52
1456,5.66,14.4,-21.21,6.7
1457,2.98,18.36,5.19,2.95
1458,-25.99,51.83,26.69,5.54
1459,-18.4,-15.17,50.58,-1.32
1460,-10.08,23.53,54.34,1.14
1461,-6.9,-47.61,0.25,7.37
1462,0.36,-10.35,49.41,5.97
1463,-39.27,12.49,79.92,-1.59
1464,-11.05,34.32,24.63,-4.34
1465,-17.76,-6.57,-1.94,1.2
1466,60.03,21.53,34.04,7.33
1467,-8.89,40.23,53.41,1.58
1468,-77.95,-15.41,21.6,5.14
1469,-28.52,23.66,4.06,3.54
1470,0.09,36.11,23.22,2.52
1471,-11.9,24.83,39.01,7.28
1472,-2.51,70.28,27.08,8.06
1473,4.59,43.53,29.64,-1.25
1474,-18.63,-82.73,48.25,-2.19
1475,-19.02,1.78,88.95,6.29
1476,16.39,55.32,-8.3,8.24
1477,-27.1,-25.15,8.81,-4.39
1478,-21.79,18.99,24.66,2.25
1479,3.32,89.43,29.38,1.9
1480,9.27,-31.22,30.44,7.53
1481,-27.56,17.79,34.0,0.01
1482,13.62,36.64,121.56,5.31
1483,33.07,13.73,49.67,-0.06
1484,-66.86,-42.91,-39.65,10.79
1485,-51.72,-22.83,22.64,-1.63
1486,0.3,17.47,25.86,0.8
1487,-5.54,20.12,70.29,-5.22
1488,-16.16,46.93,11.6,3.6
1489,7.82,16.93,55.91,4.77
1490,10.42,38.39,36.31,6.64
1491,-39.09,51.22,0.17,-1.71
1492,-7.79,-30.16,56.11,0.99
1493,8.49,-24.12,75.09,-2.14
1494,1.17,-21.97,19.23,-3.76
1495,-28.95,61.57,9.16,12.49
1496,-0.95,98.11,37.98,8.23
1497,-15.65,-13.5,74.72,-3.3
1498,-15.32,7.12,46.43,8.3
1499,24.38,-102.61,28.9,-3.63
1500,1.82,66.59,-20.3,-3.8
1501,-75.34,42.13,23.3,4.08
1502,-22.83,-15.95,26.14,-0.06
1503,-0.9,28.7,40.09,2.33
1504,-13.83,2.72,49.84,2.53
1505,-6.23,117.05,14.34,5.72
1506,1.97,29.45,32.15,-1.77
1507,-33.96,-61.28,25.77,-4.56
1508,-29.34,-13.31,42.53,0.48
1509,5.75,-3.2,55.54,-0.31
1510,-14.42,63.71,75.22,5.27
1511,-9.43,58.38,-32.8,6.82
1512,-15.95,-68.22,31.64,0.33
1513,59.41,-9.54,4.76,-4.41
1514,-105.77,17.7,19.78,2.33
1515,-28.15,25.65,25.54,3.91
1516,5.08,61.98,72.34,2.0
1517,-8.2,-0.34,56.66,0.43
1518,-30.83,-17.94,34.97,-1.57
1519,3.35,-24.42,4.84,2.46
1520,-7.95,3.37,-2.23,5.41
1521,-14.51,71.51,49.38,6.05
1522,-18.22,9.16,20.66,0.9
1523,-2.59,13.41,33.96,0.62
1524,-17.21,64.22,31.33,8.14
1525,-2.88,-22.29,39.8,-7.83
1526,9.91,-3.33,82.8,9.41
1527,-24.72,-25.05,-14.19,-2.53
1528,-26.73,13.72,56.81,8.49
1529,13.06,42.37,5.87,3.51
1530,-33.67,0.84,19.58,1.34
1531,-33.55,-42.33,80.26,0.27
1532,-16.33,-4.48,-5.69,1.95
1533,39.61,47.55,19.31,6.42
1534,41.87,6.64,31.46,-3.78
1535,-99.06,-24.7,50.75,0.07
1536,-24.25,-13.33,36.19,1.36
1537,-17.38,35.67,71.04,-1.42
1538,-20.28,21.82,-8.1,6.37
1539,-2.42,31.46,29.38,1.86
1540,-2.0,-2.47,66.94,7.75
1541,-18.2,21.49,10.35,-2.47
1542,-43.19,48.4,26.5,3.4
1543,8.37,-18.06,33.81,-8.58
1544,-22.46,-34.38,20.79,-4.35
1545,-17.45,-15.01,34.42,-0.62
1546,-4.89,3.52,31.57,-1.17
1547,-17.2,-0.01,37.33,0.0
1548,-1.66,56.45,154.46,-1.64
1549,-18.25,-28.83,68.81,0.09
1550,-12.08,-19.91,-72.22,-4.6
1551,65.83,19.74,5.23,2.61
1552,-78.47,-26.98,17.46,5.15
1553,-32.9,50.19,68.96,-6.39
1554,-28.26,27.9,26.15,1.83
1555,-24.14,0.07,37.95,0.98
1556,-6.2,-42.49,12.8,-1.88
1557,-8.54,49.93,28.33,2.29
1558,-22.52,-40.54,53.58,-4.23
1559,-0.77,30.29,17.85,-3.06
1560,4.62,5.35,30.87,2.51
1561,-14.4,18.28,21.95,6.4
1562,-26.94,-76.16,43.24,-4.28
1563,-21.1,-26.52,146.05,-2.62
1564,-7.94,-23.65,-55.72,7.4
1565,-20.34,8.89,62.52,-0.62
1566,12.43,81.69,-22.04,10.24
1567,-13.86,-18.24,12.28,1.41
1568,28.42,-54.41,37.02,8.18
1569,15.3,34.62,46.22,0.33
1570,-82.09,17.41,111.3,-3.8
1571,-36.42,-3.32,11.27,4.99
1572,-24.06,-21.8,-17.26,5.98
1573,4.5,99.57,23.74,2.31
1574,3.41,49.02,34.37,10.98
1575,-35.93,14.41,30.27,4.46
1576,-11.46,-49.15,36.76,1.18
1577,-16.71,8.88,38.67,4.28
1578,-14.48,-3.78,76.69,4.79
1579,-21.96,-4.3,12.63,3.34
1580,-16.02,6.27,28.88,4.01
1581,-6.2,12.22,78.71,4.07
1582,-7.46,81.4,-1.31,8.52
1583,-8.85,-53.26,7.61,-2.16
1584,-20.9,6.36,51.63,-11.21
1585,41.39,53.05,16.3,-8.66
1586,5.51,38.39,122.69,9.8
1587,-75.24,-40.53,-9.55,4.49
1588,-36.09,-52.32,-12.74,3.45
1589,-23.74,36.7,19.8,3.25
1590,6.63,61.63,34.44,-12.83
1591,-22.33,49.79,36.97,-1.51
1592,-10.83,-16.98,23.4,15.54
1593,-7.06,-7.92,34.06,6.7
1594,-11.22,9.33,35.25,5.34
1595,-11.44,62.09,83.98,-2.55
1596,-12.34,-21.52,9.76,5.56
1597,4.58,6.88,49.39,15.46
1598,-26.4,6.77,80.96,36.79
1599,-1.83,72.54,-21.87,-9.67
1600,-12.5,-3.15,25.72,1.3
1601,-45.77,-9.97,88.0,-3.81
1602,-16.1,-7.42,40.17,-16.37
1603,14.36,100.3,-5.73,3.96
1604,-17.17,-40.57,16.55,24.33
1605,-24.21,28.81,30.44,-0.45
1606,-7.62,29.76,12.15,1.41
1607,-13.84,-70.76,26.13,0.89
1608,45.15,45.47,69.16,-0.09
1609,6.7,54.27,28.27,-1.18
1610,-60.36,-7.48,93.85,-6.74
1611,-6.31,55.06,-8.13,6.5
1612,-40.69,-10.34,-2.12,3.43
1613,-11.96,-0.29,21.4,-2.34
1614,-21.66,-25.47,83.29,1.32
1615,-26.57,22.92,32.19,-2.57
1616,-0.67,18.92,0.14,0.89
1617,13.2,94.48,26.64,0.41
1618,-19.17,13.86,38.26,10.72
1619,-13.89,-16.42,30.85,-0.85
1620,-19.47,-13.35,34.22,-2.86
1621,-4.31,20.46,43.07,5.87
1622,-9.91,-14.75,120.54,-4.41
1623,76.87,25.44,12.1,-9.24
1624,-45.98,6.66,20.18,-0.78
1625,-59.33,-16.24,-6.39,4.4
1626,-28.8,22.08,29.84,4.6
1627,-16.35,67.86,26.34,0.75
1628,-19.87,-81.05,57.66,0.09
1629,-11.61,-66.04,47.84,-1.51
1630,12.82,60.06,8.74,-3.65
1631,-12.96,72.6,65.81,-3.47
1632,-11.65,3.58,23.24,-3.0
1633,2.83,97.46,0.1,4.79
1634,-15.26,-55.65,24.28,4.67
1635,-21.5,49.73,24.6,-0.65
1636,-8.19,-14.07,27.21,-0.3
1637,-20.07,-42.26,33.69,5.52
1638,-6.65,12.98,96.98,-3.44
1639,-12.46,-31.0,-3.57,-1.98
1640,11.6,8.1,10.66,-6.85
1641,-25.08,16.19,27.0,0.14
1642,-5.14,6.02,22.19,-0.64
1643,97.84,139.84,29.73,6.14
1644,-107.19,-110.01,59.74,-12.61
1645,-45.48,11.06,78.2,-0.94
1646,-5.19,25.52,-21.2,-11.48
1647,15.17,58.53,12.13,4.78
1648,-28.82,-38.56,55.57,0.55
1649,-29.75,-4.96,27.73,-1.61
1650,3.94,88.53,8.86,-0.15
1651,-26.75,-89.81,23.27,0.54
1652,-8.19,-7.52,65.33,-8.75
1653,0.01,11.76,35.06,-8.39
1654,-11.27,44.93,78.86,1.56
1655,-11.54,33.78,-14.45,1.81
1656,-13.02,-12.55,19.92,-3.03
1657,-3.99,-1.57,45.82,3.31
1658,-28.31,12.63,26.56,-3.99
1659,-5.82,-1.0,34.73,-5.32
1660,51.71,140.4,116.2,13.27
1661,15.64,-68.47,-48.7,0.6
1662,-90.82,-26.11,7.46,-6.24
1663,-28.09,12.67,17.59,-2.82
1664,-18.45,-20.15,32.08,-0.51
1665,-11.45,16.69,37.41,-1.05
1666,-16.71,-17.51,38.67,-6.81
1667,-12.12,39.36,24.41,-2.67
1668,-3.99,22.85,31.08,-2.25
1669,-10.68,7.87,58.31,3.04
1670,18.92,7.99,125.48,0.09
1671,-17.46,-23.49,-35.78,4.53
1672,1.16,87.62,32.04,1.54
1673,14.42,62.68,-4.95,9.14
1674,32.47,-90.43,28.4,4.26
1675,-30.09,-52.11,28.14,-5.31
1676,-64.33,16.79,32.28,0.17
1677,-18.59,-4.08,33.37,-2.66
1678,-20.41,-21.49,54.8,-1.51
1679,-9.68,52.59,143.86,1.8
1680,5.48,25.18,-46.02,-1.05
1681,-20.43,-10.51,3.41,0.59
1682,-14.65,6.53,16.25,3.73
1683,0.04,-4.84,45.59,-2.97
1684,-3.54,34.46,107.74,-0.11
1685,21.12,98.72,-22.39,15.31
1686,-24.71,-32.78,11.14,-5.47
1687,-18.76,-15.58,66.77,-10.22
1688,56.38,-41.46,21.82,9.05
1689,-97.84,-2.93,4.88,1.63
1690,-15.89,55.07,19.08,-0.93
1691,-19.91,-13.3,23.81,4.81
1692,-12.48,-45.28,31.2,2.13
1693,3.5,-40.6,33.29,0.99
1694,-7.69,56.72,41.74,0.04
1695,-0.45,99.54,108.54,8.43
1696,-6.98,4.7,-23.64,0.37
1697,-30.49,-43.39,14.11,1.95
1698,-15.66,54.57,35.38,8.69
1699,-13.01,-5.63,28.91,-0.89
1700,-11.73,-7.43,128.07,-0.35
1701,-9.69,2.28,7.38,8.04
1702,-3.98,-41.91,-12.7,8.64
1703,-9.23,2.75,18.03,-4.09
1704,-14.01,22.59,23.35,6.32
1705,-12.88,23.9,65.36,3.98
1706,3.81,40.07,42.98,3.96
1707,-34.0,42.9,-3.17,1.63
1708,22.83,65.29,33.69,10.85
1709,37.63,-88.12,33.69,-1.12
1710,-83.48,-10.44,39.88,-3.34
1711,-32.93,28.52,34.06,12.64
1712,-8.8,-17.04,89.46,-1.52
1713,-11.42,-27.6,16.52,-6.07
1714,-14.18,53.44,11.98,7.65
1715,-16.38,10.35,115.4,9.79
1716,17.28,30.14,50.14,4.34
1717,-25.22,-39.46,-46.55,-2.15
1718,-27.62,17.28,41.54,4.37
1719,-5.95,-15.7,84.12,-1.95
1720,2.0,22.93,-9.31,0.1
1721,5.23,-8.26,13.04,3.6
1722,-21.03,-57.38,31.25,3.68
1723,-20.51,100.08,29.23,-5.25
1724,-16.17,-18.0,31.79,-1.22
1725,-10.0,-16.35,38.11,1.49
1726,-10.73,6.04,35.87,0.25
1727,-20.89,14.24,118.8,-5.11
1728,-28.4,-26.9,-24.61,3.64
1729,8.93,77.39,19.88,5.64
1730,78.99,-6.18,27.1,0.24
1731,-74.98,-20.2,26.14,5.8
1732,-39.78,-26.3,104.36,-5.0
1733,-4.41,72.36,25.89,-0.12
1734,-25.63,-28.08,-2.5,-5.14
1735,-14.91,17.18,57.75,0.57
1736,4.1,-5.39,5.99,7.08
1737,-15.48,47.28,51.1,-8.56
1738,-18.37,32.17,-8.84,-2.1
1739,-2.97,2.06,29.98,1.89
1740,-8.23,-23.49,22.79,-4.21
1741,-27.24,16.5,40.33,5.18
1742,6.84,77.23,33.59,2.31
1743,-1.54,-25.1,28.92,2.82
1744,50.31,13.99,31.13,7.91
1745,-61.07,12.83,31.0,-1.53
1746,-65.72,15.89,31.69,-3.63
1747,-25.65,-0.16,26.0,0.02
1748,-17.87,-51.84,47.81,5.37
1749,-2.61,70.84,71.11,8.5
1750,1.0,111.04,24.38,2.82
1751,-17.61,17.93,165.93,-3.63
1752,-13.16,28.77,-19.49,0.59
1753,-1.94,21.29,-58.43,5.01
1754,-30.09,-5.85,8.1,3.0
1755,-1.89,-37.88,21.2,3.51
1756,-4.24,-42.72,26.3,-5.73
1757,-6.86,91.77,30.16,-2.36
1758,-25.38,-40.99,23.87,1.09
1759,-12.22,10.82,66.41,2.31
1760,41.08,93.96,12.3,3.91
1761,15.18,-14.66,39.45,0.04
1762,-75.25,-27.5,26.73,3.33
1763,-28.1,11.34,24.93,-4.39
1764,-19.94,34.41,40.67,3.7
1765,-5.67,35.18,37.31,7.42
1766,-17.27,-43.29,35.43,0.62
1767,-10.64,17.0,40.28,2.06
1768,-4.66,0.19,91.45,6.16
1769,-21.21,37.54,100.16,10.39
1770,4.28,-22.53,-28.86,6.07
1771,-7.38,79.03,18.65,5.92
1772,-20.04,19.25,20.34,3.89
1773,-4.59,31.32,23.08,1.19
1774,-5.02,-42.34,39.7,8.11
1775,-14.65,48.55,19.39,3.53
1776,-4.43,-51.75,28.23,2.37
1777,-17.1,34.06,39.76,9.76
1778,-31.45,66.11,71.94,3.84
1779,21.58,-7.41,-12.83,-1.73
1780,7.16,-13.25,28.12,9.77
1781,57.57,20.11,103.25,6.83
1782,-92.15,14.18,1.09,0.37
1783,-31.59,-54.69,108.1,1.02
1784,-19.25,-51.7,-4.49,6.07
1785,-36.95,39.25,13.52,-2.69
1786,2.48,41.61,-6.97,9.23
1787,12.37,15.67,22.07,7.39
1788,-27.25,43.21,25.08,6.92
1789,-3.78,13.66,59.02,5.45
1790,-8.66,-35.51,29.45,0.42
1791,0.21,116.09,22.42,12.31
1792,-26.0,-91.5,20.24,5.59
1793,-7.82,-13.49,27.87,3.05
1794,-21.08,9.72,53.95,8.71
1795,-9.13,48.83,54.13,1.8
1796,76.21,106.84,-1.52,5.67
1797,-82.66,-20.51,29.98,10.16
1798,-38.62,-34.79,56.64,2.38
1799,-2.07,14.82,61.74,8.74
1800,-11.17,2.66,-7.66,-3.87
1801,-27.33,-2.8,32.82,4.14
1802,-13.42,-59.03,43.65,0.64
1803,25.39,2.37,59.84,2.55
1804,-17.87,34.35,4.16,5.5
1805,-13.82,57.35,103.56,6.23
1806,-8.25,60.13,-48.1,2.27
1807,-13.54,-26.22,16.37,3.45
1808,4.41,39.61,29.42,6.97
1809,-24.53,-61.25,36.2,-4.01
1810,54.77,3.36,117.33,-7.39
1811,-86.48,2.59,-1.16,4.34
1812,-30.97,25.42,-3.63,8.81
1813,-14.64,-2.34,23.99,4.45
1814,-15.63,111.28,79.63,-1.62
1815,-32.98,-16.53,7.31,-1.51
1816,-8.28,0.46,47.13,10.85
1817,36.02,43.56,16.73,-6.71
1818,-16.18,81.24,-0.16,2.59
1819,-44.57,-135.87,20.2,-5.02
1820,-2.05,48.63,26.55,0.12
1821,-16.36,34.37,36.73,1.54
1822,4.14,70.76,55.64,-0.29
1823,-2.96,-30.04,34.84,-3.95
1824,-12.25,18.46,125.96,1.72
1825,-33.53,-20.13,-45.36,-3.09
1826,-15.45,-1.03,1.08,1.33
1827,-6.14,64.47,19.51,10.42
1828,57.92,33.84,87.57,5.36
1829,-37.72,-87.13,31.42,-9.29
1830,-55.91,45.02,43.12,-2.57
1831,-37.16,-45.72,-21.74,5.28
1832,-30.81,-0.05,8.15,0.58
1833,34.74,64.09,17.65,-0.93
1834,-12.87,-34.95,34.28,4.42
1835,-12.68,48.33,24.19,5.82
1836,26.21,1.94,30.35,-1.94
1837,-25.29,26.72,34.38,1.11
1838,-24.49,30.68,24.78,5.46
1839,81.0,37.8,53.27,-1.6
1840,-61.39,4.76,81.42,-1.56
1841,-68.61,-33.43,59.52,2.8
1842,-21.66,-40.24,30.81,-2.31
1843,-6.22,6.88,-45.13,7.13
1844,-17.17,-3.46,12.19,4.55
1845,-7.23,-12.23,72.23,4.51
1846,5.1,-8.9,12.17,0.81
1847,-1.38,14.13,-2.12,0.58
1848,-23.15,8.0,21.3,0.89
1849,6.22,53.29,26.21,6.92
1850,-27.19,23.24,40.51,1.35
1851,-17.41,13.03,61.48,3.23
1852,-32.17,61.59,3.9,-0.61
1853,3.98,-40.15,15.32,2.53
1854,-17.79,-63.69,25.43,-3.15
1855,-26.02,14.2,47.35,0.16
1856,55.63,2.09,160.14,3.56
1857,-8.09,-25.87,-61.7,-3.38
1858,-77.21,65.23,38.98,11.83
1859,-38.95,-67.66,-17.3,-6.33
1860,-16.01,-43.28,56.52,9.22
1861,-12.56,66.89,23.11,-6.08
1862,1.05,5.86,-17.14,-1.11
1863,0.65,5.71,19.07,-4.2
1864,-27.15,-54.21,28.17,1.39
1865,-19.47,14.26,35.23,-0.24
1866,-4.49,88.91,23.91,-2.26
1867,3.74,4.43,24.26,2.34
1868,0.16,6.03,21.84,5.33
1869,-3.36,-13.1,20.97,-4.47
1870,33.62,-20.36,25.33,-1.15
1871,-87.3,4.01,30.38,0.58
1872,-30.85,-15.51,30.57,2.06
1873,8.71,110.01,40.8,10.66
1874,-24.62,-61.83,49.75,-1.51
1875,-15.85,31.02,101.09,-2.74
1876,-7.6,-58.95,10.07,-4.34
1877,-11.86,-13.53,-27.66,-0.91
1878,-30.12,21.68,12.23,1.79
1879,8.78,69.01,25.18,4.3
1880,12.76,74.9,57.23,8.33
1881,-28.13,-41.31,49.3,-0.68
1882,-15.2,17.31,127.9,-5.02
1883,3.52,-44.62,-68.95,-0.43
1884,27.77,23.85,13.5,5.92
1885,-45.03,-20.27,21.96,4.97
1886,-27.57,-8.71,21.56,3.87
1887,-16.32,8.09,32.18,2.1
1888,-18.16,-6.23,98.39,4.59
1889,0.56,116.77,101.71,-4.0
1890,-4.87,33.62,-58.31,7.64
1891,-33.16,-26.0,18.73,4.84
1892,3.0,42.08,21.32,10.25
1893,-18.88,2.15,23.57,-2.02
1894,-27.02,-47.4,30.27,0.17
1895,-20.0,37.29,37.46,1.31
1896,-12.71,-14.71,27.91,4.56
1897,-11.38,-26.11,58.56,1.42
1898,-22.96,17.93,23.25,8.37
1899,96.24,90.44,53.62,13.14
1900,-38.66,-95.33,153.53,-4.24
1901,-72.28,91.74,-68.81,6.99
1902,-43.62,-65.63,5.97,4.76
1903,-20.07,55.02,34.07,0.77
1904,-26.02,16.28,95.91,4.02
1905,-9.56,11.76,-15.8,0.68
1906,-5.66,20.59,14.15,-0.38
1907,-17.8,-27.96,28.61,3.97
1908,-21.81,59.85,44.69,5.14
1909,20.62,120.55,57.23,6.96
1910,-41.26,-63.76,9.29,-1.82
1911,-30.79,8.56,23.25,-0.59
1912,4.38,24.75,23.79,1.92
1913,1.44,-11.59,22.62,-0.36
1914,3.3,69.32,37.15,8.73
1915,-8.06,66.83,85.43,2.28
1916,-24.86,-79.5,48.91,-3.38
1917,-19.06,18.98,-22.96,10.07
1918,-28.78,-27.75,22.13,4.72
1919,35.62,83.73,92.62,-0.46
1920,39.43,-54.63,85.0,-4.17
1921,-95.02,-1.47,-20.72,5.7
1922,10.54,76.63,4.88,-0.15
1923,-43.77,-26.43,45.75,8.38
1924,-18.73,36.21,15.61,2.58
1925,-24.07,92.38,23.46,3.84
1926,5.9,1.89,56.85,11.59
1927,-41.22,-12.24,37.89,-11.1
1928,-17.46,7.46,18.79,7.44
1929,14.57,71.01,27.1,-1.79
1930,-5.89,8.13,35.02,1.78
1931,-51.55,-15.41,30.26,2.91
1932,-0.96,18.88,38.97,12.12
1933,24.78,-18.14,35.71,-2.81
1934,-5.7,2.17,46.36,-10.42
1935,-20.49,83.03,114.45,2.2
1936,-11.0,-39.35,-36.13,-4.59
1937,-1.54,-0.77,13.86,1.28
1938,53.51,43.96,65.09,1.95
1939,-90.34,-57.18,15.63,1.29
1940,-28.06,80.79,10.62,-4.87
1941,-7.49,64.82,31.13,6.07
1942,-3.6,40.01,34.67,3.94
1943,-27.16,-19.57,37.29,-11.44
1944,-24.01,-26.69,22.42,0.16
1945,-38.51,-27.01,32.08,-4.25
1946,-18.88,-3.03,28.61,-7.72
1947,12.42,49.99,41.8,1.48
1948,-16.01,-22.54,25.83,0.83
1949,8.84,77.41,29.78,6.57
1950,-35.19,-51.4,27.28,-1.57
1951,33.95,133.22,37.36,9.18
1952,-35.04,-101.25,23.94,-9.25
1953,-9.37,22.55,62.09,2.56
1954,-25.85,2.27,67.91,-1.63
1955,72.51,71.47,27.06,8.51
1956,-89.03,-28.4,-13.43,0.95
1957,-45.52,27.97,24.78,0.46
1958,-32.88,-38.47,28.82,-0.18
1959,-16.34,12.75,46.94,-1.68
1960,5.81,113.91,57.46,8.32
1961,-4.41,4.95,113.46,11.93
1962,-45.03,-121.19,-5.35,-1.65
1963,-8.48,15.04,-28.34,2.26
1964,-3.02,87.44,24.34,6.96
1965,-55.5,-72.79,41.38,5.46
1966,13.17,83.55,23.23,0.24
1967,-3.45,-29.14,24.07,3.71
1968,-33.48,18.6,30.0,3.87
1969,0.4,125.06,32.5,5.39
1970,-20.66,-75.54,126.1,-4.48
1971,0.75,-21.45,-9.02,1.23
1972,41.73,40.43,0.82,1.52
1973,-80.33,80.65,18.23,3.98
1974,-58.34,-79.62,28.48,-2.8
1975,-23.4,27.19,32.08,4.36
1976,-17.88,-0.41,31.83,-1.01
1977,3.51,57.25,54.2,7.12
1978,-24.12,74.67,27.84,10.61
1979,-14.57,50.38,78.32,-0.65
1980,-31.38,-85.07,8.17,4.35
1981,-24.72,-7.75,12.42,-4.11
1982,3.07,36.98,53.93,5.72
1983,-14.55,9.88,30.87,-0.48
1984,-28.29,116.59,96.24,3.58
1985,50.66,-10.55,-15.81,6.64
1986,23.02,32.15,38.34,4.0
1987,-92.66,-116.37,2.38,1.99
1988,-51.79,7.45,47.19,-0.69
1989,-25.78,-30.74,26.64,-3.88
1990,-7.35,100.91,79.27,3.74
1991,-9.09,15.17,-11.18,9.28
1992,-21.63,46.72,40.24,-1.27
1993,7.69,0.92,60.85,-2.7
1994,-35.94,-47.01,76.59,-2.12
1995,-12.01,128.01,-38.12,2.88
1996,7.66,-61.61,25.26,11.4
1997,-31.52,-55.39,49.72,-6.77
1998,-23.02,31.65,11.26,-1.25
1999,9.51,35.96,35.74,-1.14
2000,6.77,51.98,35.19,10.09
2001,-22.85,-20.94,25.94,-2.89
2002,-29.22,127.53,35.13,13.9
2003,-44.85,-134.92,82.65,-13.17
2004,-6.48,-1.84,103.37,9.24
2005,-7.65,56.77,-28.33,-1.38
2006,4.35,-23.47,16.64,0.67
2007,-12.51,17.73,101.65,0.87
2008,-18.64,-30.53,10.76,3.86
2009,46.18,61.77,-25.69,1.6
2010,51.63,61.3,10.48,2.95
2011,-107.45,7.39,23.97,3.53
2012,-37.61,44.29,31.1,4.3
2013,-18.26,-22.7,60.64,-1.72
2014,-32.47,-83.84,23.64,-6.42
2015,14.61,36.1,19.82,10.07
2016,35.88,156.81,30.46,7.81
2017,-42.86,-92.02,28.68,2.69
2018,-44.92,-16.85,28.97,-4.82
2019,-24.02,-51.79,30.54,-1.09
2020,-13.52,42.45,31.36,-0.53
2021,-0.58,4.58,39.93,5.5
2022,-16.13,39.38,73.49,-2.73
2023,35.74,111.3,158.58,13.93
2024,-44.58,7.19,-75.49,1.67
2025,-11.02,-47.39,129.27,-2.66
2026,-18.99,0.96,-56.75,-3.08
2027,-25.09,-37.45,5.17,-0.73
2028,-20.2,10.28,23.45,6.33
2029,-6.7,60.41,27.05,3.15
2030,28.75,17.97,34.39,5.57
2031,68.63,144.98,41.47,8.51
2032,-119.68,-72.99,47.17,-5.82
2033,-33.33,-66.21,39.71,0.26
2034,-24.93,-14.3,32.2,0.13
2035,-33.9,11.25,14.77,-1.5
2036,-19.82,3.71,30.55,1.21
2037,-20.89,36.34,28.41,0.76
2038,-16.89,50.58,32.26,5.64
2039,-7.33,7.83,41.98,3.37
2040,-14.18,16.58,31.91,2.99
2041,21.78,89.65,100.95,16.13
2042,-38.39,-33.43,106.62,3.86
2043,-24.52,-4.64,-89.3,2.35
2044,-22.12,-18.24,0.32,-3.83
2045,-20.81,-12.51,36.16,6.48
2046,-3.73,28.61,95.46,3.34
2047,-33.74,-20.25,-4.1,-11.71
2048,-13.29,62.9,17.67,4.46
2049,-8.18,24.18,22.94,3.16
2050,31.02,127.23,38.87,11.49
2051,-62.43,-113.44,42.27,-6.08
2052,-4.95,8.16,33.86,-3.54
2053,-17.28,-9.75,13.65,0.49
2054,-15.84,-18.41,18.04,4.57
2055,-31.71,6.84,31.95,6.81
2056,-8.98,5.06,32.16,-1.02
2057,-5.61,74.7,36.72,4.04
2058,-31.84,-18.24,46.31,-3.12
2059,-17.44,-9.04,123.92,3.02
2060,10.54,78.87,14.42,5.15
2061,-25.96,-28.03,-36.16,-5.88
2062,49.23,2.39,18.91,0.4
2063,-33.67,-25.51,26.48,-2.92
2064,-54.09,40.19,38.45,5.29
2065,-34.28,0.59,51.99,-4.66
2066,-10.74,4.88,21.53,0.47
2067,-19.25,-24.1,21.72,-1.71
2068,-11.26,47.51,49.68,2.6
2069,30.78,36.42,47.65,4.93
2070,-32.6,54.97,22.95,-6.76
2071,-6.14,4.43,23.24,6.76
2072,-23.37,-44.53,30.38,-3.55
2073,-12.65,51.44,81.63,-2.03
2074,-11.42,-48.02,24.03,8.48
2075,-10.02,9.78,1.44,-2.23
2076,45.68,18.14,24.95,-0.32
2077,12.92,47.87,29.81,4.59
2078,-92.16,19.24,96.43,2.36
2079,-15.44,-13.07,44.13,1.12
2080,-23.73,-13.81,14.56,2.26
2081,-18.28,84.36,26.53,-4.2
2082,-20.68,-25.79,-10.25,1.63
2083,42.37,70.12,28.0,3.23
2084,-43.78,-71.02,27.54,-0.03
2085,-17.65,47.91,31.86,-0.96
2086,-21.97,-12.59,32.86,-2.63
2087,-1.77,21.33,54.42,1.71
2088,10.54,72.44,12.58,7.74
2089,43.26,20.87,49.12,8.11
2090,-10.57,-36.28,40.84,-17.94
2091,4.64,68.14,23.36,15.58
2092,-113.07,-114.82,17.89,-5.64
2093,-2.52,67.12,188.05,-6.31
2094,-8.57,28.14,26.9,12.96
2095,-47.43,-87.45,-66.29,-8.12
2096,26.24,56.68,-2.32,6.23
2097,13.33,11.7,18.83,0.81
2098,-43.89,10.94,36.26,-0.73
2099,-36.54,-25.5,73.51,0.62
2100,-29.67,-51.86,-2.05,-4.46
2101,-5.31,64.22,25.9,1.53
2102,11.89,-14.19,30.15,5.52
2103,22.74,105.74,36.94,0.58
2104,-9.33,-60.53,33.63,-0.74
2105,32.26,-53.63,50.19,-4.94
2106,11.23,199.01,21.46,4.3
2107,-99.26,-117.15,34.02,6.45
2108,-44.78,9.64,35.44,-5.86
2109,-14.35,-47.14,88.34,-10.79
2110,-7.06,-3.16,133.57,-9.22
2111,-14.89,14.34,-50.71,7.36
2112,-15.85,3.12,-12.32,-2.02
2113,14.55,-32.23,17.93,1.13
2114,-45.16,31.44,34.68,1.0
2115,5.3,126.7,86.92,0.27
2116,-31.46,-64.09,22.24,-4.23
2117,-41.22,19.67,38.8,-1.03
2118,-11.02,0.79,11.7,13.48
2119,-8.54,0.1,17.03,-12.32
2120,-14.38,-22.43,17.05,-6.16
2121,-17.36,82.66,22.5,4.98
2122,9.54,26.22,44.08,2.47
2123,88.35,44.32,26.79,0.3
2124,-91.41,-28.64,30.12,-5.17
2125,-59.14,-14.25,25.29,-1.83
2126,-10.43,-35.6,26.41,-4.54
2127,-8.27,44.44,37.14,3.94
2128,-9.76,9.16,26.93,-6.33
2129,-34.47,-24.28,73.77,-3.53
2130,-21.49,23.2,16.44,-5.23
2131,-17.28,50.14,13.23,-0.43
2132,-13.27,-12.25,20.8,2.07
2133,6.72,80.02,29.9,0.24
2134,-23.0,-70.44,30.73,-5.72
2135,-4.25,88.36,36.9,5.05
2136,-8.41,13.16,33.09,-2.29
2137,-15.1,96.61,42.38,7.0
2138,-29.05,-55.0,67.72,-8.86
2139,4.49,9.13,65.14,-0.02
2140,-12.61,-28.68,-16.05,-7.95
2141,-18.84,24.76,39.83,-0.59
2142,0.84,74.24,111.77,-2.6
2143,-20.38,-109.67,5.47,-1.84
2144,6.94,71.93,9.01,3.84
2145,-27.31,0.74,33.17,-5.73
2146,-17.54,29.58,19.7,3.12
2147,-7.38,29.03,91.74,6.66
2148,-21.39,-9.18,-12.05,0.18
2149,-10.2,68.7,18.04,7.72
2150,-12.08,8.86,46.27,-0.61
2151,8.45,26.71,18.95,-0.92
2152,51.83,92.87,54.84,-0.34
2153,-101.67,-112.14,100.06,-2.51
2154,-35.21,50.39,-28.48,2.81
2155,-13.18,16.18,15.11,-0.54
2156,-1.99,21.42,26.04,-2.02
2157,-17.28,-12.79,65.11,-6.28
2158,-18.26,21.76,14.74,3.92
2159,-0.42,36.41,25.85,1.87
2160,0.92,17.74,126.05,-0.74
2161,-2.16,31.23,-37.6,4.95
2162,-34.62,-28.92,69.05,-2.18
2163,-7.15,-18.12,-6.08,-0.55
2164,-10.46,8.44,-2.98,0.62
2165,-24.1,1.15,20.49,3.53
2166,98.76,35.73,44.86,4.87
2167,-83.61,22.55,21.22,8.84
2168,-53.83,61.71,26.04,-0.85
2169,-6.93,-2.84,23.89,3.18
2170,-26.15,-41.37,28.26,-5.12
2171,-23.77,39.7,31.23,-1.83
2172,7.03,67.44,115.11,8.55
2173,13.46,-4.54,-14.03,-7.61
2174,-29.54,13.52,-0.3,-2.56
2175,-18.39,-22.95,38.5,0.94
2176,14.4,3.81,17.77,0.1
2177,-11.6,-12.65,83.53,4.75
2178,-45.01,3.82,129.93,-2.02
2179,-0.82,34.12,-82.68,1.61
2180,18.16,130.24,-2.93,4.24
2181,-38.09,-101.86,14.94,1.25
2182,42.22,-33.96,25.06,-2.11
2183,-11.17,124.4,56.87,7.74
2184,-66.07,-65.48,33.93,-8.07
2185,-9.38,25.52,9.19,-2.22
2186,12.25,79.44,49.13,8.08
2187,-30.77,-51.02,77.61,-8.73
2188,-47.38,37.34,26.96,-8.79
2189,20.87,19.22,-2.34,5.48
2190,-10.66,-16.71,23.79,-4.76
2191,-22.36,44.04,51.62,-4.58
2192,6.86,-56.02,86.43,-1.78
2193,-22.39,28.59,-23.82,5.21
2194,-19.38,-17.36,17.11,-0.6
2195,-7.1,70.58,80.64,3.64
2196,-9.4,-26.67,16.0,-3.16
2197,-32.4,-18.73,9.82,-5.41
2198,-3.66,96.44,15.82,11.59
2199,-7.28,-20.08,31.15,-6.05
2200,-10.48,4.97,19.3,-1.35
2201,61.87,47.87,37.7,4.74
2202,-66.84,4.33,136.82,12.07
2203,-11.53,70.78,3.65,-6.9
2204,-3.38,0.05,-18.58,1.74
2205,-40.17,14.62,18.73,2.31
2206,-17.83,-14.9,23.57,1.37
2207,-18.81,-21.24,27.77,-0.96
2208,-8.42,28.5,85.78,-1.29
2209,10.15,39.37,54.16,-5.31
2210,-9.51,31.42,-23.19,7.06
2211,-16.58,-37.04,59.05,1.15
2212,-4.3,-59.2,84.53,2.78
2213,7.78,100.71,-38.43,-0.49
2214,38.31,13.97,9.55,-1.16
2215,4.5,167.16,24.83,10.48
2216,-75.13,-103.78,27.83,-4.64
2217,0.8,42.38,76.19,4.05
2218,-29.19,14.86,27.26,0.0
2219,-13.9,12.06,24.77,3.13
2220,-2.44,-10.79,61.38,7.53
2221,-29.06,-44.67,40.37,0.64
2222,-17.04,46.75,-4.02,3.15
2223,12.42,75.4,53.45,-8.04
2224,-23.54,-5.22,1.17,-3.8
2225,-20.74,-4.21,8.92,9.15
2226,12.05,15.26,22.72,0.48
2227,-7.64,29.45,61.12,8.03
2228,-13.36,32.02,95.87,0.59
2229,62.87,89.05,-27.79,6.09
2230,9.3,-3.12,7.56,2.06
2231,-118.32,-72.58,39.54,0.78
2232,-13.9,8.06,82.36,6.63
2233,-10.8,62.18,12.67,-1.34
2234,-33.69,0.45,62.84,4.99
2235,-11.32,-37.09,50.89,-10.36
2236,16.68,15.79,129.91,6.6
2237,-15.4,76.64,-85.89,2.81
2238,-6.36,41.35,-0.59,9.28
2239,-7.84,-43.25,11.62,-1.1
2240,-17.39,-24.76,77.03,-5.03
2241,-2.06,80.01,37.7,3.94
2242,-17.79,-32.05,47.13,7.42
2243,-11.32,-3.53,-12.41,-1.67
2244,-14.83,26.33,29.94,1.43
2245,-11.16,-8.56,78.08,11.34
2246,-3.86,26.54,-5.8,-6.0
2247,-12.73,10.14,18.95,-0.83
2248,-33.04,-14.09,13.33,-3.14
2249,-3.67,40.61,19.71,-1.65
2250,-2.91,-3.7,29.86,0.94
2251,-21.03,13.96,42.33,-2.8
2252,-11.7,-15.05,35.85,-1.34
2253,2.68,46.01,25.2,0.8
2254,70.33,175.4,35.82,11.12
2255,-32.14,-25.72,17.01,-4.41
2256,-66.46,-9.84,25.01,-0.02
2257,-41.49,-118.85,28.61,-6.52
2258,-35.2,-4.89,37.82,3.88
2259,2.99,34.23,29.35,-0.58
2260,27.7,25.36,50.37,2.08
2261,-36.51,64.87,211.69,-7.84
2262,-22.6,-44.68,14.63,2.53
2263,21.09,44.38,-89.84,-7.38
2264,-13.79,73.98,-8.59,2.59
2265,-33.21,-78.9,17.84,-4.19
2266,-2.65,-1.53,24.54,-5.84
2267,-5.81,58.34,32.22,9.57
2268,37.84,0.82,33.23,0.21
2269,-25.36,-38.74,76.32,-3.13
2270,-65.48,18.22,-6.97,-1.73
2271,-15.77,-9.66,32.08,7.29
2272,-17.91,25.72,34.21,3.38
2273,-4.31,-14.97,39.5,-6.74
2274,-25.4,16.44,65.02,5.17
2275,-15.52,12.11,126.99,4.34
2276,16.85,107.31,78.29,-2.42
2277,-19.33,2.87,-101.91,2.43
2278,-26.07,-33.51,11.62,6.28
2279,2.07,8.49,30.13,-0.48
2280,-8.28,-12.69,21.96,-2.47
2281,17.73,32.77,75.92,16.34
2282,47.28,-58.78,119.3,0.07
2283,-91.49,2.31,-36.91,-3.86
2284,-27.48,21.58,41.45,7.17
2285,-27.88,62.88,-5.05,1.57
2286,-3.07,-5.02,16.7,0.78
2287,-0.36,53.84,53.2,0.28
2288,-12.1,-43.09,74.08,8.32
2289,-10.4,-19.58,-14.47,2.58
2290,-9.65,62.42,30.51,0.51
2291,-25.46,-37.42,88.85,5.71
2292,-11.9,31.63,100.48,0.53
2293,17.3,31.94,29.14,4.46
2294,-28.02,-41.36,-41.19,0.49
2295,-21.54,-0.73,13.14,5.41
2296,-6.73,17.11,15.6,1.2
2297,-27.82,3.05,21.95,1.72
2298,-3.92,3.54,31.86,-1.93
2299,6.54,63.53,34.89,7.44
2300,-5.7,-100.84,32.6,3.75
2301,-30.97,9.48,44.83,6.74
2302,-11.6,29.32,137.3,-0.81
2303,3.7,65.84,42.25,-6.0
2304,-13.67,41.49,-15.54,9.18
2305,13.5,69.18,84.01,5.56
2306,76.4,-81.45,-37.32,-0.39
2307,-118.53,69.09,93.08,-8.48
2308,-45.07,-21.45,-33.06,4.26
2309,-7.69,-16.48,4.48,-2.74
2310,-17.26,2.56,28.45,-2.65
2311,-24.86,39.78,53.34,1.21
2312,-8.24,70.67,27.13,3.34
2313,11.6,58.57,19.67,2.13
2314,-18.85,-26.32,29.25,5.54
2315,-28.98,-19.81,26.63,2.07
2316,-7.25,20.73,48.57,-3.34
2317,-4.19,10.0,70.37,0.63
2318,-8.79,84.28,70.43,7.85
2319,1.76,7.8,-0.95,-0.04
2320,-8.07,-33.29,-9.49,2.19
2321,-5.7,113.49,34.81,9.59
2322,5.43,-18.11,52.25,0.04
2323,91.53,166.08,110.85,-3.99
2324,-127.58,-154.99,132.25,-7.94
2325,-39.05,23.3,-120.81,3.81
2326,-3.27,8.03,10.8,5.56
2327,-16.24,-10.85,15.76,5.49
2328,-23.0,-21.44,40.76,2.33
2329,-5.37,73.68,20.38,2.78
2330,-4.56,18.98,25.35,1.27
2331,-19.04,-10.57,27.53,4.35
2332,-1.2,-9.41,72.18,8.42
2333,-3.61,15.94,99.28,-3.28
2334,-5.21,19.9,-13.48,6.01
2335,-0.07,111.83,-7.02,0.56
2336,-17.37,-83.78,57.59,-4.76
2337,-6.97,34.95,30.51,1.36
2338,-16.01,34.56,5.81,6.52
2339,0.5,-31.7,25.7,1.87
2340,-20.71,41.84,31.62,2.28
2341,61.83,41.34,33.49,0.73
2342,-70.03,54.02,40.84,5.57
2343,61.21,44.8,130.85,2.54
2344,-79.3,-140.84,17.36,-5.23
2345,-67.16,-10.57,136.71,9.91
2346,6.1,85.55,-18.73,-8.67
2347,-8.8,6.87,-27.07,11.0
2348,-18.67,-48.08,-4.42,0.76
2349,-0.64,20.74,23.51,5.17
2350,-7.54,-5.26,29.74,4.17
2351,-18.6,10.97,47.73,8.42
2352,25.07,3.41,56.55,-0.01
2353,-2.07,29.17,67.69,7.59
2354,-28.11,87.63,-10.11,8.33
2355,-12.23,-1.71,29.47,10.79
2356,-32.63,-64.36,22.04,-4.91
2357,-22.28,-39.67,26.3,3.25
2358,3.86,76.74,116.22,4.81
2359,-18.88,-35.71,-44.57,1.67
2360,16.7,0.58,28.84,13.07
2361,-24.44,8.31,51.58,0.16
2362,-2.08,12.75,61.92,7.48
2363,10.22,86.07,-23.13,4.6
2364,-11.84,-14.17,13.41,6.71
2365,-15.99,-4.0,25.91,3.2
2366,9.45,50.89,34.22,10.54
2367,62.04,-21.9,82.76,8.18
2368,-30.93,-25.55,52.81,0.06
2369,-95.87,25.66,9.46,2.69
2370,-14.84,-23.39,2.53,5.51
2371,-22.53,-0.69,29.16,5.36
2372,-8.4,-0.63,32.92,5.16
2373,5.73,10.1,29.31,6.45
2374,-21.53,19.27,65.12,4.14
2375,-15.03,0.93,165.07,3.09
2376,0.63,38.77,-18.06,4.49
2377,4.9,-20.01,64.2,0.99
2378,-10.35,30.99,-26.24,17.26
2379,-28.87,-14.89,113.76,-14.36
2380,2.18,37.62,-7.96,8.2
2381,-4.51,30.54,15.77,9.51
2382,93.45,-59.89,-31.28,1.21
2383,-73.25,-6.74,15.57,5.73
2384,-61.14,12.82,22.71,4.57
2385,-25.0,18.2,26.81,5.71
2386,5.78,42.37,29.1,2.21
2387,18.97,51.04,32.98,8.24
2388,-24.12,-70.72,41.22,14.78
2389,-20.58,-22.89,69.48,-2.67
2390,-12.87,113.0,104.1,3.66
2391,-25.58,-38.35,-2.25,6.05
2392,-9.82,-55.19,-24.67,1.61
2393,1.92,61.92,28.74,6.33
2394,-22.32,16.1,51.36,5.13
2395,-24.51,-22.38,-1.88,3.35
2396,9.88,22.01,25.11,5.15
2397,1.12,63.45,29.23,5.5
2398,49.59,6.71,32.59,5.54
2399,19.09,28.96,43.42,0.0
2400,-89.79,-13.41,117.93,8.77
2401,-49.67,-28.1,50.47,-3.36
2402,0.83,-3.31,-8.34,-5.58
2403,-11.25,7.45,6.31,8.26
2404,-6.68,94.63,108.41,9.61
2405,-34.45,-116.65,-2.99,-0.85
2406,5.28,41.49,-0.46,7.78
2407,8.89,94.52,37.67,6.14
2408,7.02,12.12,-0.36,7.05
2409,-38.35,-100.19,15.8,-7.19
2410,1.79,79.28,29.99,3.38
2411,-13.6,13.44,35.29,4.56
2412,41.24,-22.82,32.86,-1.67
2413,16.67,12.13,25.09,-5.26
2414,-97.31,20.2,35.68,4.62
2415,-11.68,140.46,52.32,12.32
2416,-15.25,-68.88,25.73,-6.85
2417,-18.06,-47.52,15.87,2.39
2418,20.1,25.79,29.85,9.39
2419,-12.81,35.07,29.2,-3.02
2420,-27.04,-15.44,61.25,1.32
2421,-16.86,29.76,40.97,0.33
2422,-5.59,21.32,108.6,9.37
2423,8.88,24.82,49.93,7.18
2424,-11.61,96.83,-70.26,3.45
2425,-25.98,-60.36,15.79,-2.4
2426,12.61,25.14,111.34,-3.21
2427,-23.59,-22.41,15.83,4.23
2428,-16.35,21.59,-12.4,4.04
2429,-10.15,12.32,4.33,-2.25
2430,-9.27,75.84,18.55,0.16
2431,-41.7,-57.9,28.73,2.03
2432,-9.97,74.95,33.21,8.41
2433,2.48,-15.5,53.42,-4.23
2434,-5.8,36.25,17.67,6.39
2435,6.7,32.85,30.37,9.44
2436,54.95,-8.47,76.47,3.05
2437,-9.25,6.2,30.22,-6.98
2438,-101.48,-2.13,45.56,1.63
2439,-17.63,48.54,-1.11,4.91
2440,-11.73,160.39,6.87,4.04
2441,-40.36,-57.89,31.01,3.45
2442,1.42,-22.22,34.11,1.16
2443,1.33,54.95,29.51,6.83
2444,-22.63,-9.75,28.74,2.63
2445,-12.93,-26.74,34.2,3.12
2446,-5.14,23.85,27.69,-0.23
2447,-19.71,19.64,50.81,1.14
2448,-12.29,101.12,123.09,18.65
2449,0.86,11.86,-20.73,3.47
2450,-21.73,-42.63,-4.56,-3.75
2451,-31.16,7.84,22.44,7.41
2452,-45.3,-22.61,30.87,8.47
2453,108.09,72.64,33.68,7.23
2454,-31.61,61.08,31.27,0.11
2455,-98.21,9.21,51.66,-3.36
2456,-13.58,14.94,93.15,3.12
2457,-23.85,-10.18,88.15,1.56
2458,-16.58,29.52,-32.57,0.37
2459,-2.01,29.38,-10.14,10.93
2460,-6.22,48.27,15.58,4.01
2461,-35.87,-12.09,22.17,-1.42
2462,2.28,-14.67,47.54,-2.71
2463,-13.07,-15.91,20.28,1.23
2464,-28.76,56.66,33.62,5.29
2465,-19.46,26.75,27.62,2.95
2466,-5.72,67.0,38.59,6.0
2467,-43.45,-63.7,20.31,-6.92
2468,43.44,60.78,67.54,5.35
2469,22.71,17.51,124.86,8.98
2470,-78.72,-52.38,-56.53,-3.97
2471,-41.49,39.91,8.72,-0.67
2472,-12.83,34.91,30.39,1.0
2473,-11.16,-5.98,57.36,-2.61
2474,-22.11,26.48,253.04,-0.82
2475,-2.22,64.77,-109.81,4.32
2476,-11.35,-6.83,-47.58,2.41
2477,1.32,92.63,12.96,3.96
2478,-35.85,-104.52,28.23,-3.11
2479,-0.63,105.18,11.69,4.18
2480,-5.99,-12.73,30.31,-4.77
2481,-37.12,-17.23,29.61,-0.59
2482,-4.76,10.39,34.63,1.35
2483,0.73,-34.59,42.01,2.07
2484,-10.33,45.95,109.86,1.45
2485,-23.91,26.48,64.88,-6.33
2486,6.71,38.57,-60.44,0.44
2487,-44.55,43.21,7.73,-1.59
2488,-19.11,-15.16,23.88,4.65
2489,91.61,131.45,77.0,7.52
2490,-24.75,30.6,68.78,-0.8
2491,-91.44,-33.47,6.82,5.23
2492,-32.44,-37.48,14.25,-8.85
2493,-1.15,11.95,101.56,10.32
2494,-17.25,35.42,-49.9,-6.26
2495,-9.3,29.74,29.32,-1.66
2496,0.46,-3.18,13.24,-8.79
2497,-6.75,12.98,39.3,6.51
2498,-23.59,11.49,23.95,-1.29
2499,6.87,77.17,46.87,8.52
2500,0.09,29.68,162.03,-6.66
2501,-6.77,-4.35,-75.61,-0.43
2502,-42.77,-50.46,0.8,-6.68
2503,-16.43,-48.89,14.64,-2.23
2504,-17.94,54.38,79.58,0.87
2505,-11.92,-28.62,76.95,-4.85
2506,-16.81,25.57,-22.18,0.8
2507,-4.51,68.76,0.19,5.19
2508,-16.73,15.18,11.7,3.46
2509,1.16,-44.53,27.71,3.68
2510,82.63,14.54,29.77,-3.18
2511,-85.68,73.49,39.09,3.0
2512,-12.85,153.78,169.99,17.93
2513,-45.34,-152.82,-7.78,-12.15
2514,-19.11,-39.46,-20.9,-6.94
2515,-12.01,48.3,10.67,3.05
2516,-3.91,-13.71,71.48,-4.43
2517,2.75,43.88,73.8,0.0
2518,-9.59,-16.94,8.31,-3.88
2519,-33.68,33.74,-31.86,1.82
2520,-14.07,-33.26,14.44,0.07
2521,-14.14,6.27,43.51,-1.33
2522,6.75,75.37,45.03,-1.9
2523,14.48,53.79,5.69,9.2
2524,-19.75,-96.81,41.28,-4.7
2525,-15.89,19.65,23.54,2.06
2526,-7.05,-3.42,20.57,4.86
2527,-16.38,-39.91,23.18,-5.13
2528,-25.33,-27.03,45.62,10.58
2529,75.52,59.92,46.43,3.61
2530,-67.63,13.12,11.33,-7.49
2531,-43.42,54.3,29.07,7.95
2532,0.04,-6.33,161.78,10.32
2533,-12.7,8.87,48.98,-0.79
2534,-21.03,2.16,-18.88,-8.12
2535,-9.53,40.94,-50.81,-1.15
2536,1.83,42.26,10.58,2.2
2537,-16.55,-28.67,13.59,8.43
2538,-23.11,-55.14,23.68,-2.29
2539,1.45,-26.97,42.09,-0.72
2540,17.54,40.08,26.62,5.61
2541,-45.51,-9.62,35.54,7.22
2542,-5.14,26.87,33.21,6.24
2543,-9.97,15.16,19.21,9.51
2544,-23.17,57.55,48.11,-1.02
2545,47.02,86.22,25.01,5.23
2546,13.52,-61.62,102.4,-12.58
2547,-65.15,5.05,13.92,9.33
2548,-36.27,-64.44,43.61,-2.36
2549,-8.29,105.21,-50.85,4.06
2550,1.95,31.02,9.1,4.01
2551,-15.25,-54.37,29.4,12.46
2552,-13.41,48.53,24.61,-2.66
2553,-8.17,13.53,23.27,-3.06
2554,-2.41,40.74,40.76,5.05
2555,-25.8,-107.29,30.02,-2.5
2556,19.1,107.27,28.4,3.23
2557,1.38,6.16,34.97,-3.09
2558,-15.23,92.27,79.94,0.02
2559,-22.84,-38.99,154.24,16.37
2560,-23.56,-38.04,-83.65,-11.87
2561,-25.91,47.37,2.89,9.41
2562,1.16,26.66,28.24,7.79
2563,-5.42,-53.36,85.83,-6.33
2564,-8.1,36.55,71.62,9.46
2565,-4.24,27.99,31.41,2.85
2566,-12.84,27.45,-45.19,-0.83
2567,66.84,33.84,1.42,4.28
2568,-63.86,-23.18,20.84,0.97
2569,-26.01,-23.5,32.81,1.78
2570,-0.21,95.67,35.78,5.85
2571,-21.05,-40.0,31.41,4.37
2572,-21.67,-13.35,32.96,2.84
2573,-7.7,-6.9,31.13,3.65
2574,-8.85,2.01,31.17,-2.86
2575,-13.86,26.26,29.1,-1.77
2576,1.42,-5.12,26.57,-4.54
2577,-24.88,-4.56,37.32,3.52
2578,-27.28,-15.19,43.87,3.51
2579,0.28,47.06,52.16,2.7
2580,34.48,33.07,30.66,12.47
2581,21.09,33.51,64.34,-8.46
2582,-87.64,44.88,19.03,6.74
2583,-19.32,-68.69,-4.64,-1.82
2584,-18.73,30.27,44.64,5.68
2585,-21.07,25.65,38.13,8.4
2586,-3.65,-4.25,13.24,-1.9
2587,-8.95,7.92,139.49,-0.29
2588,-11.03,40.05,18.04,12.55
2589,18.02,60.96,72.36,-0.59
2590,-11.56,-75.65,-53.79,0.06
2591,-29.92,3.7,10.58,2.48
2592,5.56,140.11,21.11,4.19
2593,24.33,-2.85,27.19,3.09
2594,-56.35,-66.85,29.58,-4.87
2595,-29.84,105.26,36.61,-2.86
2596,-6.69,-93.84,61.2,1.51
2597,-9.31,35.76,12.33,0.03
2598,-7.7,4.69,29.45,4.6
2599,2.32,37.28,32.94,1.28
2600,-2.6,41.65,78.9,3.58
2601,-16.79,16.32,24.02,3.62
2602,-16.22,-14.89,26.54,-2.26
2603,-16.22,13.35,61.0,-7.32
2604,-12.93,23.8,32.45,1.74
2605,14.88,63.8,0.73,7.32
2606,-10.11,-65.93,25.32,0.55
2607,-19.5,34.52,80.13,0.02
2608,11.09,-10.19,82.77,-1.01
2609,16.24,-64.32,23.75,-1.97
2610,-89.55,56.95,-12.77,-0.13
2611,-12.43,101.14,33.2,0.34
2612,-17.07,33.69,42.57,1.46
2613,-3.53,-38.83,50.34,0.01
2614,-6.93,99.87,15.11,3.91
2615,-31.1,-136.35,60.33,-2.83
2616,-0.1,32.93,65.37,-3.95
2617,-26.9,20.44,-3.9,7.08
2618,-0.5,45.48,34.27,-1.45
2619,-30.44,-26.57,74.23,-3.46
2620,-11.86,-0.46,32.41,3.59
2621,-11.24,12.0,83.49,2.75
2622,17.07,61.29,138.34,9.61
2623,-3.67,71.1,-70.81,-10.06
2624,11.42,-38.74,-22.56,2.51
2625,25.55,28.08,37.41,-0.7
2626,-54.83,48.11,27.3,3.55
2627,-74.83,-50.25,65.0,-10.02
2628,-33.93,-25.62,32.38,3.32
2629,14.39,60.97,2.83,1.26
2630,-1.92,-41.56,28.97,1.61
2631,-15.55,0.82,55.27,-2.09
2632,-16.3,17.67,18.01,-6.17
2633,7.18,66.09,55.68,-0.73
2634,-19.63,44.57,51.85,3.46
2635,-18.88,-44.71,7.44,1.35
2636,6.66,66.85,21.08,4.17
2637,-13.24,39.04,52.23,-1.61
2638,-19.64,27.1,73.56,2.48
2639,-13.94,-63.01,-10.05,-4.55
2640,95.4,140.79,20.27,1.92
2641,-82.43,-29.39,94.57,-0.23
2642,-57.47,-75.47,83.84,-5.46
2643,17.52,-47.08,27.67,-7.84
2644,-33.35,63.64,-40.4,10.69
2645,-10.22,-25.38,5.11,-2.14
2646,-4.45,6.1,32.41,-6.5
2647,-7.54,63.17,43.33,5.85
2648,-12.28,4.5,30.42,17.6
2649,-13.92,-53.71,28.9,-6.22
2650,-15.8,-11.58,23.79,-1.6
2651,-2.3,105.67,47.39,5.8
2652,-17.16,-49.61,58.04,-2.8
2653,20.41,117.49,46.39,3.75
2654,-28.76,-34.51,-3.38,5.74
2655,-18.02,-25.07,61.38,-4.51
2656,12.37,1.67,33.69,-5.37
2657,-24.64,0.05,-1.13,-0.27
2658,-23.18,8.16,53.89,3.4
2659,19.77,95.14,71.28,15.39
2660,-32.26,-57.27,78.07,-15.11
2661,-38.55,-33.16,-19.78,-3.35
2662,-15.9,21.74,-8.0,1.5
2663,37.01,148.87,20.33,8.62
2664,-31.19,-7.25,31.13,1.1
2665,-17.03,59.25,29.69,-3.73
2666,-7.33,-71.33,34.08,6.04
2667,23.27,-69.77,30.44,-3.81
2668,17.68,27.8,19.41,2.75
2669,-69.99,68.83,35.21,2.09
2670,-38.43,-61.76,26.55,-5.94
2671,-40.19,79.78,40.86,-2.07
2672,12.75,14.36,50.94,2.53
2673,14.27,22.65,49.16,-3.55
2674,-5.3,-28.06,63.82,5.9
2675,-5.49,24.83,-8.27,7.42
2676,-16.96,-5.99,64.66,1.41
2677,2.73,37.01,127.18,7.2
2678,0.64,113.96,-66.99,8.3
2679,-27.64,-23.72,-8.84,-5.65
2680,-31.65,-25.41,61.01,-1.0
2681,2.25,140.17,0.62,9.49
2682,-7.78,-104.76,11.48,-1.49
2683,-31.94,-17.15,28.78,-4.23
2684,1.71,59.17,31.22,6.4
2685,-1.25,33.05,36.21,-4.3
2686,40.77,-0.83,30.04,-0.47
2687,17.39,79.16,38.75,4.0
2688,-107.0,-51.52,27.62,7.31
2689,-21.1,86.4,56.57,5.65
2690,7.61,0.9,181.37,-6.13
2691,6.81,60.92,-43.81,12.37
2692,-29.2,-79.24,-8.17,1.24
2693,3.83,-46.53,2.04,-3.08
2694,-31.35,-17.06,16.53,3.24
2695,-0.47,135.82,33.56,12.52
2696,-4.63,1.44,30.03,-4.59
2697,-11.22,-66.66,40.13,-2.83
2698,-6.67,5.03,50.12,1.51
2699,14.43,37.54,41.57,-5.17
2700,-11.89,45.53,49.1,4.2
2701,-44.9,-33.52,174.58,-2.21
2702,-12.49,2.76,-101.5,-5.77
2703,8.56,45.07,16.24,5.05
2704,-17.24,5.83,35.49,8.98
2705,41.17,10.26,31.25,3.15
2706,-5.4,-33.49,20.42,-9.5
2707,-89.29,61.2,69.9,-1.47
2708,-7.52,60.1,68.8,3.43
2709,4.15,31.85,15.8,-0.42
2710,-39.24,-66.05,58.87,1.34
2711,-32.86,-11.04,-5.2,-1.07
2712,19.03,86.08,7.96,12.99
2713,-3.84,-89.33,42.17,-6.28
2714,-25.5,95.87,42.25,6.78
2715,-2.33,88.18,55.93,6.27
2716,4.92,-12.31,3.47,-4.95
2717,-25.52,-42.73,23.39,0.93
2718,-17.02,2.43,31.59,6.06
2719,-2.06,24.68,49.52,0.3
2720,-15.04,43.38,72.93,-0.05
2721,-4.92,30.29,7.26,6.47
2722,-3.98,47.31,31.97,1.58
2723,-14.22,-30.31,16.89,-12.3
2724,2.08,70.52,31.87,7.47
2725,-33.4,16.49,37.14,6.58
2726,49.2,-72.15,34.07,-1.24
2727,-37.82,14.43,32.16,-0.19
2728,-71.32,-7.34,99.16,2.47
2729,6.53,70.88,18.56,4.17
2730,12.32,-0.13,17.61,8.34
2731,-42.03,31.12,100.82,-2.55
2732,3.55,127.86,-8.65,-5.35
2733,-22.43,-123.36,19.44,-6.58
2734,-11.46,-1.88,25.49,7.32
2735,-5.8,2.33,38.51,2.53
2736,6.28,19.74,75.72,5.48
2737,-14.19,32.99,42.28,2.26
2738,-22.75,26.65,33.36,-2.28
2739,-24.65,-36.83,88.08,-7.71
2740,-10.86,4.45,-46.14,-2.23
2741,-8.7,62.99,25.61,4.45
2742,28.62,108.59,29.4,3.26
2743,-57.15,-96.72,30.69,-8.22
2744,-4.81,48.54,37.08,3.18
2745,-26.36,-38.85,29.66,-0.33
2746,27.3,136.76,41.88,13.45
2747,-21.77,42.55,37.34,-3.01
2748,-13.21,8.78,39.95,3.04
2749,64.26,-128.92,39.59,-16.91
2750,-68.29,5.16,154.53,2.55
2751,-59.84,-16.39,18.3,-0.64
2752,-37.77,20.25,-24.49,-0.62
2753,-3.57,49.76,10.79,-1.46
2754,0.39,-25.63,101.77,6.13
2755,-8.32,29.24,28.52,-0.97
2756,-12.74,-18.57,-12.29,-1.82
2757,21.18,139.58,47.08,3.92
2758,-8.6,-50.03,34.07,-7.29
2759,-21.8,-28.18,16.95,1.4
2760,-4.92,37.7,36.55,5.91
2761,-13.98,102.19,43.59,10.64
2762,-24.03,-14.41,38.94,3.95
2763,12.44,-12.36,34.81,-2.31
2764,-44.64,-41.33,31.71,-6.38
2765,21.73,165.8,40.83,16.21
2766,6.83,17.76,136.16,6.34
2767,9.16,-124.49,57.79,-8.1
2768,-5.77,-38.21,-59.9,-4.67
2769,-69.11,-12.4,13.56,-0.24
2770,-17.29,97.17,30.17,4.78
2771,-21.82,1.0,50.89,0.39
2772,5.54,89.92,152.7,4.11
2773,-9.97,-33.95,-28.31,-2.39
2774,-37.26,-27.44,-9.51,0.44
2775,25.39,118.23,22.18,5.31
2776,-41.98,-117.34,26.93,-4.89
2777,-19.14,34.24,46.68,-8.2
2778,-22.02,-5.89,21.78,3.26
2779,-14.66,-0.68,28.53,-4.03
2780,5.89,60.81,49.15,6.93
2781,14.25,32.05,43.07,9.11
2782,-41.3,-25.01,49.05,-6.96
2783,-9.39,-1.42,28.26,4.01
2784,-14.14,15.88,102.62,-1.98
2785,-0.16,193.16,27.66,8.95
2786,-13.67,-111.97,3.03,-6.58
2787,69.28,-28.22,18.03,-2.19
2788,-69.74,-38.3,59.41,-0.2
2789,-29.83,73.91,31.04,5.55
2790,-29.08,28.04,3.84,-4.47
2791,-37.06,-1.84,30.07,0.17
2792,-5.37,55.1,30.99,-0.21
2793,1.8,26.04,32.62,6.18
2794,-25.42,15.73,47.99,1.04
2795,-15.44,29.74,105.52,1.78
2796,13.38,-13.53,-10.9,6.03
2797,-25.75,13.02,12.76,-4.36
2798,-29.57,-71.69,34.81,5.44
2799,-6.59,51.77,42.13,-1.62
2800,3.72,39.43,174.35,10.77
2801,-11.69,20.4,-30.1,1.69
2802,-12.05,-36.65,-19.51,-0.0
2803,-1.07,43.95,25.86,9.23
2804,-0.19,66.22,66.12,9.32
2805,-12.45,-25.38,6.88,-5.73
2806,-2.1,-44.51,26.38,-2.45
2807,-7.69,86.53,56.86,5.82
2808,24.83,-8.8,32.63,5.91
2809,50.33,-9.29,29.06,3.66
2810,-70.08,116.28,35.94,4.48
2811,-81.3,-77.84,56.39,2.85
2812,-13.9,-21.42,204.0,7.07
2813,-3.86,39.81,-7.98,-1.57
2814,-24.67,-31.71,-26.46,-4.86
2815,-12.87,60.72,14.15,1.59
2816,11.83,44.01,14.3,5.75
2817,-18.0,19.99,19.1,12.61
2818,-11.63,38.17,28.28,-2.57
2819,-28.09,-98.13,33.83,-5.48
2820,-22.83,-3.86,35.83,-1.57
2821,-8.93,-1.57,98.67,11.73
2822,-1.85,-2.17,69.98,-6.89
2823,27.37,85.67,-17.9,5.63
2824,-26.87,-8.62,20.67,-3.07
2825,-8.8,48.09,30.25,1.88
2826,5.05,-71.59,29.06,-1.76
2827,-4.75,21.42,64.04,-4.9
2828,-1.17,5.57,57.61,0.08
2829,64.04,51.98,78.99,3.47
2830,-100.67,-55.98,-31.44,6.39
2831,-60.37,7.49,22.42,0.79
2832,-6.1,49.36,30.77,0.46
2833,-2.95,72.54,59.59,7.99
2834,-13.71,-13.33,80.94,6.43
2835,-43.44,-33.93,-22.11,-3.6
2836,13.21,53.67,20.63,0.86
2837,3.85,-34.43,33.8,7.86
2838,1.48,79.32,34.26,8.17
2839,-21.83,-22.79,31.53,-7.89
2840,-18.12,40.99,35.44,-0.81
2841,-7.27,43.01,43.28,7.62
2842,-42.61,-90.68,27.8,-13.31
2843,47.86,100.03,50.88,9.25
2844,-20.5,-38.99,93.97,-3.81
2845,-14.31,41.18,6.77,-0.41
2846,55.5,-13.89,17.44,-3.98
2847,2.81,39.47,68.5,10.62
2848,-103.35,-52.87,5.03,2.43
2849,-24.63,32.28,31.01,-4.49
2850,-11.34,44.96,17.3,-2.12
2851,-30.08,-55.65,68.06,0.51
2852,2.26,39.21,86.32,4.32
2853,-10.08,-21.55,9.87,4.1
2854,-14.76,63.26,75.61,3.14
2855,-27.34,-10.76,97.51,5.4
2856,2.64,34.34,-83.24,1.69
2857,26.36,138.06,-8.95,11.8
2858,-35.59,-76.43,15.5,3.86
2859,-21.78,9.95,22.89,-6.35
2860,-1.25,6.12,28.66,5.35
2861,-2.08,-31.91,28.72,6.21
2862,5.48,76.49,36.32,5.82
2863,-39.59,-72.08,51.71,-4.85
2864,-18.92,26.15,19.58,3.65
2865,8.16,60.09,37.16,16.12
2866,10.13,61.93,25.48,-6.06
2867,53.16,-18.16,35.45,-1.83
2868,-100.58,52.92,124.65,3.45
2869,-24.72,-47.14,75.26,-4.02
2870,-22.7,-25.77,-21.77,-9.94
2871,-6.86,29.94,-15.14,5.08
2872,-8.91,40.38,102.91,-1.76
2873,-9.28,-9.52,-10.25,4.77
2874,-21.04,-1.14,-5.32,4.5
2875,-16.6,68.22,32.57,0.66
2876,26.94,66.47,17.62,9.13
2877,-53.19,-66.16,26.99,-5.08
2878,-34.88,-5.86,30.93,0.68
2879,9.18,2.23,32.03,3.99
2880,6.15,5.66,38.3,0.33
2881,-18.56,61.58,36.4,3.92
2882,-33.71,-21.87,35.21,-0.28
2883,62.83,47.9,36.75,0.56
2884,2.02,-62.23,32.53,-6.29
2885,-73.53,7.01,34.66,-0.7
2886,-21.79,-25.08,110.37,2.49
2887,-10.59,15.84,22.41,-3.64
2888,-34.32,12.86,24.08,5.83
2889,-14.3,0.97,11.98,-4.53
2890,2.4,52.19,38.24,5.48
2891,-20.92,-9.39,49.6,-5.32
2892,5.0,91.59,85.86,2.79
2893,-28.67,-48.79,100.41,-4.82
2894,-15.29,-89.77,-69.0,6.37
2895,2.13,112.02,10.01,-3.18
2896,-13.49,-17.73,27.47,3.17
2897,-22.08,9.03,122.02,-3.61
2898,-33.59,-11.81,8.64,3.94
2899,4.8,73.55,27.34,-3.32
2900,-4.94,48.87,81.23,8.98
2901,-55.88,-103.77,3.74,-7.06
2902,-9.56,25.6,12.96,-1.44
2903,88.39,19.42,17.61,7.87
2904,-76.84,2.98,76.69,-10.12
2905,-65.08,-90.76,-13.62,-0.92
2906,-3.28,73.25,23.87,5.58
2907,-3.75,92.22,28.5,12.29
2908,-22.26,-95.4,32.28,1.06
2909,-3.97,1.05,28.68,-2.13
2910,4.81,2.95,33.89,-0.39
2911,-40.32,-6.02,120.27,2.69
2912,-26.04,-9.14,32.72,-1.43
2913,-19.97,-28.91,-33.54,-3.98
2914,-28.4,-7.64,37.32,-5.16
2915,-7.88,5.09,192.62,6.22
2916,15.69,40.14,-17.37,-3.16
2917,-17.26,30.66,-30.43,-6.07
2918,-22.14,-21.9,50.56,2.74
2919,-14.16,56.5,-3.03,-6.25
2920,16.9,116.72,34.73,3.49
2921,-17.53,-97.05,5.77,-0.9
2922,-13.97,-78.21,91.75,2.66
2923,13.66,139.17,25.35,8.26
2924,-50.53,-93.43,-13.93,-6.38
2925,-25.0,-76.99,23.54,-1.13
2926,-3.29,23.55,33.17,-1.86
2927,-12.27,83.53,30.48,4.41
2928,-23.28,29.61,40.49,0.87
2929,1.96,61.19,55.48,7.16
2930,-12.95,9.61,114.57,3.69
2931,-6.45,-32.85,39.56,0.85
2932,18.96,47.22,81.87,0.42
2933,-51.08,-103.37,-21.02,-7.93
2934,-9.85,66.76,-6.23,14.88
2935,-18.51,-49.05,6.98,0.98
2936,21.67,110.62,60.65,8.56
2937,-49.78,-67.94,8.61,-12.46
2938,-16.3,45.45,63.84,-1.19
2939,11.89,60.38,-8.36,2.17
2940,-19.46,34.61,15.76,-9.91
2941,-14.93,-12.72,31.36,5.27
2942,0.61,77.54,36.41,2.33
2943,-16.63,-70.44,46.45,-6.01
2944,62.94,44.86,114.67,5.74
2945,-64.94,-53.46,-16.15,-0.79
2946,-47.0,-6.38,-3.19,-1.92
2947,-15.06,1.5,26.57,1.23
2948,-27.87,-5.28,40.19,6.65
2949,-4.37,73.66,31.61,-0.2
2950,-2.92,71.55,50.47,-5.0
2951,-22.54,-36.08,79.67,-6.08
2952,20.46,80.7,-7.35,11.95
2953,-11.48,27.54,123.59,8.65
2954,-32.97,-74.55,-11.35,-5.3
2955,18.67,86.54,20.3,15.02
2956,63.02,-21.42,27.64,-2.32
2957,-109.21,-46.64,71.97,1.94
2958,-19.4,203.83,-28.1,10.96
2959,-21.62,-122.43,22.02,4.31
2960,-14.21,-65.44,45.39,1.71
2961,-22.64,19.71,0.22,8.34
2962,4.3,103.33,29.5,12.7
2963,4.22,-64.36,34.64,-1.87
2964,-24.64,-35.77,48.23,5.68
2965,-8.41,91.37,28.11,5.62
2966,-22.28,-2.16,36.22,11.63
2967,-7.06,43.7,48.33,5.94
2968,-12.12,-76.69,65.3,-12.05
2969,25.16,43.49,71.23,8.81
2970,-20.56,-25.08,123.04,-5.16
2971,10.58,80.79,-103.82,12.83
2972,-34.08,14.1,-2.82,0.27
2973,37.95,14.94,21.29,5.85
2974,3.68,-29.9,87.8,-0.46
2975,-91.55,-25.12,38.83,-1.84
2976,-22.48,-1.15,-7.02,-4.13
2977,3.94,86.96,21.64,4.41
2978,-11.24,19.7,29.2,5.52
2979,-18.45,-17.29,62.07,-2.35
2980,-9.47,1.22,3.37,9.84
2981,-25.4,17.73,45.73,-2.1
2982,-7.34,27.02,21.71,6.19
2983,1.29,-10.36,28.12,1.85
2984,-7.95,2.4,40.06,10.82
2985,-28.88,-2.45,135.66,-8.4
2986,17.73,28.86,187.55,4.27
2987,6.58,43.14,-132.55,6.03
2988,-9.81,59.45,-22.66,11.56
2989,10.79,102.94,61.07,5.31
2990,29.0,-173.28,12.22,-11.36
2991,-90.26,29.46,5.22,3.49
2992,-34.61,55.05,31.64,3.26
2993,-0.87,-33.22,31.98,-4.65
2994,4.82,165.63,54.98,16.64
2995,-44.39,-87.07,22.47,-0.47
2996,3.49,-49.09,36.05,-3.18
2997,-24.73,5.43,47.62,1.83
2998,-33.0,2.17,141.95,1.76
2999,0.05,10.66,-43.38,3.67
