,ch1,ch2,ch3,ch4
0,-3.83,-369.04,-97.35,23.48
1,-9.33,-506.39,-92.64,30.2
2,-16.19,-443.77,-94.44,25.88
3,-19.71,-482.44,-97.07,21.47
4,-31.76,-439.68,-95.99,26.34
5,-53.97,-567.47,-96.76,26.1
6,-31.2,-460.74,-97.49,27.96
7,-20.7,-473.21,-80.16,44.83
8,54.98,-333.33,-94.24,25.7
9,-29.58,-454.3,-100.24,11.45
10,-39.97,-514.58,-102.58,22.03
11,-12.22,-546.82,-88.14,33.89
12,6.45,-399.0,-90.41,29.05
13,-19.85,-438.2,-98.41,18.02
14,-22.25,-527.41,-90.28,23.87
15,-15.61,-489.55,-94.31,34.75
16,-37.3,-435.24,-99.07,18.95
17,-2.27,-437.61,-100.38,17.53
18,-12.17,-466.57,-95.6,29.16
19,-17.43,-494.49,-92.59,26.46
20,-1.94,-399.63,-95.14,24.22
21,-33.07,-513.37,-89.71,26.69
22,-60.11,-576.38,-90.39,27.08
23,19.89,-467.53,-99.94,23.76
24,-1.51,-365.65,-103.75,22.03
25,33.55,-341.73,-102.19,22.76
26,-25.55,-509.46,-93.82,28.6
27,-41.03,-548.03,-94.41,19.88
28,-20.55,-506.24,-94.41,26.41
29,-20.03,-479.89,-99.93,20.92
30,-0.32,-408.05,-75.6,26.61
31,-40.24,-499.19,-99.76,21.52
32,-23.73,-472.43,-106.63,14.91
33,-4.35,-411.82,-101.58,17.6
34,-4.2,-568.12,-101.29,19.0
35,-10.58,-427.87,-99.65,20.29
36,-14.86,-451.9,-96.37,21.55
37,-13.5,-488.43,-97.44,22.5
38,-15.78,-486.83,-98.84,18.84
39,-20.83,-476.96,-99.49,21.71
40,-54.39,-475.85,-90.94,19.44
41,-48.72,-466.76,-85.72,26.81
42,17.19,-498.74,-102.03,25.01
43,11.71,-289.17,-108.61,10.45
44,-14.18,-521.3,-101.14,32.71
45,-3.9,-478.69,-93.93,28.75
46,-6.0,-448.16,-88.52,28.61
47,-7.0,-473.37,-95.21,19.88
48,-28.96,-591.42,-103.92,16.36
49,-4.92,-398.29,-94.76,23.65
50,-35.71,-435.7,-95.13,25.01
51,-57.53,-459.09,-84.35,20.64
52,-31.24,-458.76,-113.36,8.78
53,16.95,-448.65,-84.76,29.22
54,10.73,-483.11,-106.2,11.15
55,6.56,-453.27,-88.84,24.84
56,-20.58,-465.49,-98.31,29.95
57,-35.19,-493.74,-97.01,27.0
58,-26.66,-473.54,-97.61,28.71
59,-27.32,-476.78,-95.42,27.44
60,-20.5,-498.46,-98.91,22.06
61,-58.3,-521.35,-88.99,21.49
62,9.14,-336.55,-85.64,27.18
63,-0.21,-448.01,-88.02,35.75
64,-58.22,-511.45,-101.16,20.92
65,-36.45,-534.62,-92.46,24.01
66,12.97,-448.69,-88.69,26.95
67,-15.65,-443.97,-90.98,20.65
68,-6.48,-448.87,-96.04,22.61
69,-10.42,-349.76,-96.52,26.5
70,-52.04,-586.66,-103.12,19.05
71,8.52,-428.03,-97.12,29.89
72,-4.47,-436.45,-93.02,25.18
73,-10.78,-442.88,-94.14,27.22
74,-21.96,-480.69,-103.09,18.5
75,-33.62,-482.49,-93.59,22.34
76,-25.1,-475.53,-94.77,26.56
77,-42.44,-535.62,-82.68,31.64
78,-59.13,-554.32,-97.34,22.95
79,8.04,-413.83,-98.24,18.14
80,5.83,-417.5,-96.64,24.78
81,-21.02,-513.77,-96.33,29.95
82,-3.85,-436.92,-98.94,30.94
83,-34.09,-542.23,-97.74,18.06
84,-11.95,-421.41,-100.83,26.38
85,-17.51,-420.68,-93.51,31.34
86,-19.43,-460.35,-96.07,21.12
87,-21.24,-472.55,-100.72,30.4
88,-20.22,-470.11,-98.52,24.88
89,-24.26,-469.3,-96.62,27.62
90,-29.48,-475.53,-95.29,26.55
91,-27.08,-469.87,-101.06,25.45
92,-8.87,-452.27,-106.32,19.4
93,-31.05,-471.42,-100.54,26.81
94,-21.96,-473.88,-101.45,19.15
95,-4.09,-441.93,-108.0,10.45
96,-28.44,-503.01,-106.84,18.05
97,-5.0,-446.44,-109.64,19.39
98,-11.56,-411.46,-98.94,21.13
99,-10.68,-445.03,-110.38,-3.7
100,-6.38,-451.16,-115.95,-0.45
101,-1.0,-422.74,-112.31,17.41
102,-19.7,-465.54,-101.08,45.29
103,-30.09,-488.12,-100.7,32.86
104,-28.75,-480.69,-100.12,29.99
105,-23.23,-452.99,-101.54,19.08
106,-17.87,-428.52,-107.03,13.67
107,-20.34,-479.98,-103.74,13.42
108,-0.36,-422.82,-107.2,13.32
109,-0.54,-406.28,-120.39,-28.31
110,-12.32,-444.55,-118.4,-29.81
111,-21.45,-435.39,-94.73,44.5
112,-28.62,-420.24,-98.77,21.27
113,-27.39,-429.7,-93.41,22.08
114,-8.87,-443.97,-126.28,-24.37
115,-42.48,-535.71,-86.84,51.43
116,-39.99,-483.25,-102.72,36.34
117,15.51,-377.54,-97.91,15.37
118,-40.51,-485.26,-107.62,16.81
119,-5.47,-489.14,-108.44,6.79
120,-6.19,-389.2,-98.42,25.64
121,-21.68,-419.53,-98.05,37.87
122,-8.54,-392.77,-104.6,33.63
123,-4.81,-464.95,-104.65,11.61
124,-27.26,-461.48,-94.07,30.23
125,-30.72,-544.97,-108.24,-6.1
126,-46.09,-473.3,-97.33,39.31
127,-2.77,-351.14,-106.56,18.58
128,-14.87,-503.93,-98.46,10.4
129,17.01,-337.68,-90.7,35.85
130,1.48,-419.75,-97.79,10.3
131,-24.96,-436.3,-84.71,48.45
132,-21.52,-419.7,-105.34,2.56
133,-8.68,-420.51,-105.46,18.21
134,-52.34,-564.83,-90.45,43.35
135,-10.94,-389.71,-95.86,21.39
136,1.32,-257.99,-98.53,20.21
137,-20.6,-443.64,-120.64,-31.91
138,-14.86,-537.39,-96.55,34.96
139,-26.97,-462.95,-93.4,47.21
140,-29.88,-404.13,-99.29,19.25
141,-31.97,-545.32,-104.55,-3.87
142,-23.09,-343.37,-96.72,3.78
143,22.28,-406.85,-118.77,-37.47
144,6.92,-256.44,-88.77,29.75
145,-33.47,-431.29,-90.86,39.15
146,-21.6,-505.44,-97.49,7.04
147,-30.6,-484.38,-109.24,-37.65
148,-71.51,-596.1,-78.64,62.92
149,6.46,-325.59,-99.46,-8.85
150,-14.87,-535.34,-86.5,31.68
151,-56.07,-520.81,-91.11,20.3
152,0.56,-350.18,-99.82,2.03
153,-20.51,-456.95,-80.91,35.15
154,-10.11,-492.7,-101.57,-9.46
155,-1.83,-313.79,-95.27,-4.01
156,-21.45,-490.47,-93.34,19.6
157,-46.48,-553.43,-88.0,23.02
158,-30.66,-496.72,-109.29,-18.59
159,-27.93,-439.52,-113.27,-29.39
160,-22.73,-397.51,-78.13,60.31
161,-2.54,-436.85,-113.27,-35.58
162,-51.0,-525.35,-83.9,36.11
163,-45.71,-495.32,-72.28,51.58
164,-32.71,-549.59,-90.33,12.54
165,-15.3,-466.4,-105.9,-24.76
166,-28.69,-468.56,-79.52,23.76
167,-41.32,-507.3,-66.04,63.95
168,-25.15,-441.3,-101.38,-14.59
169,-20.52,-524.7,-72.02,3.23
170,-31.66,-493.76,-77.08,78.99
171,-25.06,-505.39,-76.42,-21.13
172,14.8,-342.49,-177.13,-36.17
173,-42.21,-460.63,-37.17,136.18
174,-41.82,-527.05,-11.17,67.37
175,-2.57,-527.88,-182.23,4.28
176,-61.38,-468.83,-157.93,-4.62
177,-7.35,-530.42,183.94,96.86
178,-18.43,-467.79,-35.55,29.58
179,-9.35,-420.61,-186.37,-68.47
180,-38.55,-524.49,-164.24,-27.94
181,-55.43,-534.8,-265.63,-97.63
182,7.49,-249.78,-71.25,48.19
183,-17.14,-409.9,-86.49,-21.04
184,-16.55,-414.37,-99.81,-19.62
185,0.91,-420.19,-99.78,4.07
186,-38.89,-501.35,-86.69,30.55
187,-23.26,-404.35,-105.64,-20.92
188,-38.84,-421.41,-93.08,15.38
189,-40.28,-515.46,-88.24,16.13
190,-37.61,-513.9,-91.26,18.94
191,-26.42,-530.61,-95.59,10.56
192,-6.63,-334.26,-116.02,-33.88
193,-41.28,-450.83,-84.98,5.52
194,-28.89,-327.83,-89.28,37.94
195,0.52,-390.89,-102.97,26.61
196,-9.73,-389.48,-87.11,-3.13
197,-50.72,-572.72,-80.48,17.39
198,-50.43,-513.23,-97.87,18.4
199,-62.44,-610.98,-187.13,61.58
200,3.23,-406.67,-154.43,-48.48
201,-1.82,-280.51,-71.91,23.16
202,-2.6,-489.33,-71.33,25.67
203,-22.74,-472.11,-103.14,-46.26
204,-36.47,-456.76,-89.52,83.76
205,-19.67,-472.82,-107.94,0.46
206,-7.92,-425.52,-136.13,-86.11
207,-17.14,-501.59,-96.54,59.65
208,-32.12,-470.83,-78.18,32.43
209,-31.57,-538.31,-83.87,28.38
210,-41.06,-506.07,-93.83,28.15
211,-11.02,-364.99,-67.28,-31.17
212,-20.96,-437.22,-86.38,81.13
213,-26.13,-475.29,-104.41,-19.84
214,-45.78,-420.47,-92.19,67.17
215,-25.18,-504.61,-92.61,39.23
216,-10.08,-351.72,-80.16,62.57
217,7.71,-427.18,-216.5,-27.77
218,-49.83,-575.14,-70.37,30.17
219,-25.18,-290.58,-51.53,87.37
220,-14.77,-343.89,-87.29,6.81
221,-31.09,-575.55,-88.16,-17.44
222,-17.87,-449.29,-110.75,37.67
223,-16.69,-509.82,-92.58,60.09
224,-13.07,-443.19,-100.95,-11.05
225,-23.41,-516.09,-129.41,-34.26
226,-21.29,-464.53,-70.7,87.46
227,-10.95,-397.27,-71.9,56.66
228,-9.24,-513.8,-95.1,-5.43
229,-29.43,-464.14,-85.46,18.61
230,-10.72,-381.7,-68.2,48.54
231,-17.74,-337.63,-130.32,40.9
232,-26.65,-508.32,-124.95,24.82
233,-22.73,-565.85,-110.72,83.73
234,-34.52,-466.25,-86.17,15.42
235,-7.21,-280.05,-175.64,-84.1
236,-28.74,-522.4,-129.64,66.53
237,6.09,-462.66,-78.35,20.47
238,-26.24,-485.31,-37.36,135.06
239,-18.91,-467.95,-77.14,12.17
240,-5.07,-279.01,-106.64,3.13
241,-55.77,-668.77,-83.69,70.21
242,-27.8,-455.99,-87.52,24.73
243,-6.35,-453.37,-81.81,37.51
244,-19.78,-466.11,-101.96,41.34
245,-5.93,-469.7,-90.54,11.42
246,0.89,-378.96,-92.49,20.77
247,-0.13,-313.46,-53.67,84.96
248,-21.01,-546.98,-89.45,71.52
249,-20.36,-484.47,-108.46,10.03
250,-27.99,-420.64,-93.7,29.48
251,-27.19,-501.42,-91.34,35.01
252,-3.8,-442.46,-102.13,44.01
253,-17.39,-515.56,-139.51,72.76
254,-13.9,-420.87,-104.71,12.15
255,-39.95,-400.21,-98.57,4.84
256,-19.39,-477.8,-115.11,48.08
257,10.04,-344.0,-67.07,86.48
258,-2.38,-495.02,-79.07,31.43
259,-18.72,-511.32,-75.23,55.01
260,2.77,-471.99,-87.51,-0.45
261,-12.65,-422.27,-86.36,41.39
262,-44.82,-581.74,-93.41,63.42
263,-2.05,-346.52,-119.06,15.49
264,-18.35,-463.43,-77.73,66.96
265,-18.48,-468.5,-90.06,24.66
266,-4.3,-443.48,-99.66,59.66
267,-23.02,-519.75,-88.46,28.05
268,-11.81,-394.22,-132.39,76.37
269,-19.37,-480.78,-49.45,53.91
270,-14.51,-428.04,-83.57,18.85
271,9.08,-308.73,-99.82,-29.17
272,-23.6,-582.28,-43.63,98.18
273,-30.95,-480.04,-84.96,29.13
274,-21.57,-479.78,-141.99,23.85
275,-12.21,-447.58,-60.59,65.47
276,2.37,-462.65,-94.71,9.45
277,-4.65,-413.67,-89.2,37.54
278,-40.8,-420.25,-163.23,29.98
279,-25.55,-396.45,-102.73,-1.54
280,-14.74,-585.2,-78.09,92.24
281,-16.98,-548.89,-199.3,-18.84
282,41.03,-210.09,-68.05,55.66
283,-16.16,-460.71,-73.92,-22.72
284,-41.35,-567.95,-63.35,96.78
285,-9.84,-459.08,-100.91,-9.01
286,8.09,-401.81,-70.65,44.1
287,2.84,-423.56,-175.46,-42.83
288,-39.87,-523.04,-30.94,174.4
289,-22.02,-420.08,-73.04,41.54
290,-8.77,-437.33,-115.35,87.23
291,-28.2,-486.99,-61.44,10.57
292,-31.47,-407.77,-108.67,41.17
293,7.85,-427.77,-93.26,24.61
294,-14.74,-551.03,-86.88,35.54
295,-21.06,-444.8,-149.29,66.18
296,3.62,-460.85,-88.9,8.44
297,8.05,-426.65,-196.26,-87.39
298,-38.82,-461.26,-97.55,174.01
299,-1.07,-492.46,-86.92,8.02
300,-2.71,-480.48,-110.33,-47.52
301,-48.59,-529.82,-43.79,120.7
302,-23.88,-414.11,-68.81,97.06
303,-14.16,-342.94,-125.67,1.15
304,11.33,-487.46,-104.05,58.69
305,-0.35,-432.2,-154.22,44.3
306,-29.84,-512.32,-62.95,57.73
307,-3.53,-510.9,-80.05,50.76
308,-21.56,-462.17,-100.26,19.1
309,-15.28,-425.57,-90.03,45.65
310,18.19,-347.04,-156.08,-57.71
311,-23.91,-384.54,-77.54,80.38
312,2.0,-523.64,-133.8,97.08
313,-36.61,-541.0,-55.3,33.46
314,-17.33,-466.38,-103.13,34.35
315,-1.99,-465.68,-115.21,-4.76
316,-39.11,-313.07,-94.0,86.72
317,3.6,-541.75,-110.65,-21.23
318,-4.57,-439.8,-167.43,101.19
319,-25.83,-541.66,-100.38,23.87
320,2.76,-469.35,-98.33,6.55
321,8.21,-335.37,-100.73,9.67
322,-38.03,-488.73,-41.29,148.4
323,-36.22,-476.9,-149.95,23.41
324,-23.76,-402.37,-114.47,45.16
325,-5.83,-497.98,-73.4,52.7
326,-5.53,-447.13,-110.98,53.78
327,-28.28,-477.48,-84.76,61.1
328,-23.32,-494.52,-115.06,-37.58
329,7.52,-454.67,-114.73,21.53
330,-47.24,-558.68,-111.59,71.18
331,-4.28,-430.86,-108.91,39.84
332,-20.5,-426.36,16.73,168.18
333,-16.13,-445.12,-140.46,60.66
334,-38.44,-488.01,-152.56,52.12
335,14.98,-408.17,-172.24,-42.19
336,-39.65,-498.03,-87.65,100.95
337,-21.22,-497.21,-76.63,32.44
338,11.21,-378.64,-99.19,25.94
339,-41.83,-386.26,-84.86,67.21
340,-41.77,-618.58,-115.57,34.55
341,-4.46,-441.68,-120.39,71.03
342,-13.65,-468.2,-70.25,61.34
343,-7.71,-470.98,-97.53,43.43
344,-30.2,-523.64,-100.81,29.67
345,7.03,-382.02,-114.74,-43.07
346,-3.35,-373.79,-72.69,125.71
347,-34.57,-525.22,-119.31,27.68
348,-20.57,-535.49,-145.05,52.19
349,13.9,-297.82,-99.9,20.78
350,-23.95,-556.96,-87.53,51.82
351,-27.06,-490.75,-72.44,67.26
352,-21.44,-463.5,-101.49,38.84
353,-3.87,-492.38,-90.04,60.16
354,-18.63,-365.03,-96.64,48.93
355,-14.49,-490.57,-93.56,113.96
356,-21.51,-523.75,-98.22,6.08
357,13.07,-402.21,-159.27,36.8
358,-17.96,-466.77,-108.06,80.16
359,-25.7,-524.54,-157.62,5.14
360,-5.66,-518.68,-90.95,44.71
361,-11.34,-425.71,-114.13,-1.21
362,-28.47,-430.83,-90.01,94.18
363,-28.7,-483.51,-80.23,16.76
364,-22.25,-463.13,-105.57,35.07
365,-23.1,-485.33,-106.15,70.38
366,-5.97,-445.74,-101.37,41.53
367,-11.77,-507.34,-111.76,23.37
368,-5.29,-420.11,-95.45,54.21
369,-20.29,-519.62,-85.7,59.74
370,-31.84,-503.1,-107.32,32.27
371,-11.2,-369.53,-95.3,70.08
372,-3.87,-500.27,-99.81,34.87
373,-1.91,-476.19,-111.36,24.98
374,-12.05,-386.31,-118.47,-1.1
375,-1.11,-452.88,-140.43,18.12
376,-42.61,-521.4,-84.44,113.04
377,-10.95,-491.32,-94.14,40.02
378,-1.84,-462.39,-126.65,77.92
379,-9.5,-521.31,-136.56,5.54
380,-16.21,-504.21,-135.32,21.71
381,-22.98,-404.58,-100.97,61.95
382,-27.88,-473.65,-61.69,47.77
383,-8.36,-442.25,-94.19,25.13
384,9.85,-477.39,-200.47,-11.63
385,-39.47,-480.38,-52.33,101.59
386,-9.13,-496.0,-102.02,39.51
387,-19.37,-495.7,-104.94,3.52
388,-3.13,-380.61,-113.86,59.51
389,-27.32,-426.39,-91.9,31.22
390,-12.31,-417.59,-82.89,85.4
391,-18.22,-500.49,-113.49,70.27
392,9.55,-494.04,-120.57,-0.97
393,-22.02,-504.58,-103.24,58.09
394,-52.97,-630.03,-130.66,39.59
395,-5.94,-442.12,-85.51,-2.4
396,-0.03,-414.52,-90.67,119.55
397,-13.37,-453.17,-156.05,10.58
398,9.79,-430.24,-88.76,20.52
399,-28.95,-522.53,-98.77,72.3
400,-40.68,-520.9,-89.73,39.81
401,-19.2,-317.15,-82.8,13.63
402,-14.54,-396.68,-150.46,4.32
403,21.58,-467.75,-77.33,65.24
404,-22.33,-533.09,-120.18,61.77
405,-10.81,-497.34,-136.45,23.45
406,-6.89,-455.33,-99.67,12.03
407,-30.45,-456.62,-101.1,50.07
408,-12.57,-408.43,-83.87,38.03
409,-6.9,-462.36,-105.5,-30.55
410,2.15,-438.13,-193.64,43.88
411,-40.9,-558.65,-69.33,73.43
412,-11.77,-520.77,-100.64,15.21
413,-8.57,-416.75,-140.87,51.26
414,-10.4,-352.67,-122.32,75.96
415,-19.94,-425.6,-79.81,1.94
416,-16.78,-479.8,-78.09,55.92
417,-10.73,-444.33,-105.38,12.11
418,-28.99,-488.23,-111.89,10.72
419,-6.46,-436.48,-94.43,36.61
420,-16.0,-489.42,-102.52,25.59
421,-7.84,-467.11,-112.27,45.38
422,-25.35,-455.47,-74.08,17.08
423,-21.47,-409.47,-130.71,12.96
424,0.94,-372.8,-107.83,32.1
425,-18.53,-570.83,-149.9,20.61
426,-9.11,-508.21,-123.32,2.58
427,1.94,-416.42,-91.5,74.26
428,-56.81,-552.11,-115.26,99.4
429,-50.71,-591.1,-89.58,9.53
430,5.14,-367.18,-84.25,39.66
431,5.94,-426.55,-172.74,-1.41
432,-4.26,-427.2,-114.53,42.63
433,-38.61,-557.81,-85.06,61.24
434,-27.08,-457.84,-124.17,23.73
435,-0.28,-410.09,-135.0,45.55
436,-8.24,-481.72,-67.97,64.25
437,8.11,-437.12,-125.37,-20.59
438,-36.97,-442.01,-112.01,42.12
439,-36.64,-453.26,-110.79,63.85
440,-30.71,-473.15,-101.1,54.32
441,3.56,-466.99,-167.04,-10.57
442,-2.23,-458.13,-89.07,30.86
443,-14.6,-488.69,-113.51,-17.87
444,-10.92,-441.17,-79.7,59.78
445,-8.01,-385.14,-92.91,70.96
446,-31.72,-540.06,-139.13,46.92
447,-14.29,-500.86,-98.89,26.85
448,-3.65,-420.08,-151.94,23.19
449,-15.15,-448.99,-86.19,80.13
450,-34.28,-329.21,-102.41,14.94
451,-8.43,-533.57,-180.4,43.72
452,1.68,-479.68,-81.8,55.42
453,-32.85,-533.42,-83.97,65.09
454,-2.65,-481.2,-134.1,45.93
455,-14.16,-490.37,-146.19,-66.95
456,-25.14,-457.73,-86.43,55.1
457,-17.43,-463.25,-137.84,-105.37
458,-20.73,-523.31,-70.75,151.97
459,6.71,-389.03,-86.63,50.27
460,-23.45,-478.81,-117.67,92.82
461,-17.25,-457.76,-100.36,-1.43
462,-20.83,-469.95,-109.55,11.99
463,-13.22,-460.01,-115.72,49.03
464,0.41,-327.04,-112.93,22.18
465,-1.69,-538.32,-108.18,54.14
466,-14.17,-486.85,-116.81,33.59
467,-24.98,-572.85,-134.64,4.84
468,-19.45,-377.42,-193.31,6.51
469,-27.59,-491.98,-91.98,71.5
470,-18.51,-463.83,-83.58,37.53
471,9.11,-397.66,-99.32,19.3
472,9.74,-460.07,-118.52,51.3
473,-20.28,-449.51,-101.2,35.03
474,-43.21,-511.34,-151.09,47.81
475,-25.75,-523.01,-83.54,0.34
476,-9.83,-425.5,-127.41,-4.66
477,-13.59,-430.48,-73.54,102.92
478,7.84,-429.19,-100.27,30.27
479,-0.46,-420.97,-141.41,106.82
480,-9.16,-493.89,-132.64,-26.45
481,-14.43,-456.52,-71.14,89.62
482,-13.66,-365.78,-105.58,38.96
483,6.6,-479.3,-125.42,-2.86
484,-40.09,-530.05,-94.83,31.42
485,-23.42,-506.31,-102.85,78.68
486,-3.27,-475.58,-117.6,17.46
487,1.27,-438.26,-126.09,5.97
488,-12.12,-433.59,-112.22,-8.0
489,-16.75,-405.67,-152.92,129.42
490,-27.09,-480.26,-97.53,-7.58
491,-22.65,-486.34,-152.15,3.97
492,-5.59,-499.29,-70.71,52.52
493,-17.64,-486.3,-90.82,62.22
494,-11.88,-449.98,-160.03,23.19
495,0.85,-405.17,-108.51,34.34
496,-19.85,-449.38,-97.79,41.62
497,-24.26,-509.91,-78.61,129.33
498,-28.07,-513.11,-109.22,-19.2
499,6.25,-399.67,-95.45,70.76
500,-17.77,-501.04,-108.76,13.08
501,-11.09,-458.4,-107.8,57.15
502,-9.98,-430.28,-95.02,48.44
503,8.16,-418.88,-117.82,30.55
504,2.68,-374.4,-120.39,15.0
505,-20.72,-504.14,-90.2,51.63
506,-26.02,-522.12,-99.43,26.43
507,-28.41,-480.98,-127.73,40.69
508,-29.25,-531.32,-112.31,43.41
509,-29.25,-440.42,-87.09,45.93
510,-28.68,-552.32,-89.26,49.62
511,-6.9,-428.09,-170.37,-5.6
512,-12.52,-432.33,-157.97,19.1
513,11.61,-296.11,-81.02,34.6
514,-32.99,-509.17,-94.43,22.88
515,-21.54,-435.26,-98.33,33.52
516,-6.01,-513.6,-81.92,61.45
517,8.24,-409.82,-117.6,75.99
518,-17.56,-543.47,-101.79,67.24
519,-14.34,-441.67,-102.91,-4.74
520,-15.48,-507.77,-106.04,51.42
521,-2.17,-464.4,-139.62,32.76
522,-22.53,-473.56,-122.03,-21.96
523,-12.17,-474.99,-91.97,47.12
524,-11.32,-432.93,-113.32,-12.11
525,-32.38,-540.31,-77.67,62.16
526,-15.26,-458.81,-89.99,58.89
527,0.9,-410.18,-173.47,30.86
528,-14.22,-440.1,-109.54,15.89
529,-16.3,-528.83,-121.43,-28.68
530,-18.35,-397.03,-134.67,56.4
531,-23.68,-494.62,-69.11,74.48
532,-0.79,-440.71,-103.95,71.55
533,-23.23,-418.41,-84.75,45.07
534,-10.01,-510.93,-89.74,86.7
535,-39.53,-500.09,-110.86,-29.61
536,-15.88,-521.43,-115.08,33.73
537,-6.34,-432.32,-119.56,94.95
538,-7.8,-437.72,-93.79,34.59
539,-11.26,-450.09,-99.13,28.85
540,-10.95,-483.04,-104.75,-5.85
541,-23.93,-440.51,-86.3,99.75
542,-30.43,-486.45,-115.49,33.87
543,-17.21,-490.2,-114.24,10.78
544,-11.76,-471.81,-110.44,31.83
545,10.5,-314.57,-101.5,31.42
546,-25.78,-470.66,-125.46,-43.87
547,0.24,-458.2,-151.08,87.16
548,-37.62,-549.59,-119.81,-44.45
549,-17.98,-372.94,-88.17,77.2
550,-16.57,-341.23,-99.26,52.24
551,-24.28,-559.84,-186.97,8.78
552,-16.29,-520.37,-137.63,56.34
553,-31.99,-514.62,-50.91,62.42
554,-9.12,-457.4,-89.09,30.84
555,17.4,-391.4,-126.47,-70.87
556,-13.32,-470.99,-127.15,76.51
557,-41.48,-463.93,-98.43,75.44
558,-39.85,-550.53,-115.82,-4.82
559,-32.68,-605.36,-96.97,63.83
560,16.66,-278.5,-84.91,-7.08
561,6.94,-399.65,-95.24,91.02
562,-16.89,-511.25,-100.91,-7.36
563,-2.08,-383.58,-121.42,-6.63
564,-29.21,-438.14,-88.3,76.05
565,-29.42,-526.94,-153.19,-5.88
566,-21.05,-459.98,-70.34,101.72
567,-14.64,-476.66,-121.81,2.8
568,1.73,-456.56,-128.18,-6.3
569,-26.98,-510.97,-119.37,29.76
570,-10.06,-457.03,-107.67,26.48
571,-5.67,-395.38,-107.73,27.13
572,-28.44,-481.3,-109.24,40.33
573,-24.24,-454.1,-147.81,62.55
574,1.02,-395.12,-97.91,-1.09
575,-25.73,-509.33,-143.57,38.08
576,-5.29,-458.01,-67.17,38.73
577,-9.96,-486.21,-106.77,42.42
578,-32.94,-550.19,-98.06,35.79
579,-7.33,-462.65,-113.04,16.49
580,-27.29,-547.2,-70.87,80.07
581,-19.55,-423.17,-146.52,14.38
582,-18.45,-403.97,-112.13,39.17
583,-20.39,-460.92,-79.98,57.78
584,-19.79,-385.56,-120.96,34.37
585,-10.44,-526.29,-99.58,26.5
586,-27.79,-490.72,-109.71,9.24
587,-4.53,-447.0,-107.39,19.74
588,-1.71,-461.56,-187.08,-42.29
589,-3.03,-373.09,-99.96,58.3
590,-23.36,-498.24,-110.39,93.94
591,-37.29,-579.21,-102.69,-9.41
592,3.3,-341.8,-98.46,11.31
593,-23.85,-504.01,-95.72,48.2
594,-30.82,-498.29,-103.52,32.55
595,-21.07,-475.31,-107.94,16.48
596,-23.82,-453.29,-103.66,31.1
597,-14.14,-498.24,-110.1,19.07
598,5.89,-454.89,-122.73,-5.39
599,12.19,-371.33,-163.12,112.54
600,-16.08,-466.77,-73.58,16.27
601,-70.12,-703.55,-124.7,13.53
602,-20.33,-403.02,-86.5,57.29
603,5.0,-359.14,-123.42,34.75
604,-5.65,-454.28,-123.42,58.36
605,-0.55,-447.2,-169.11,50.11
606,10.05,-330.74,-89.71,-64.09
607,-21.82,-526.58,-108.73,48.76
608,-27.3,-538.12,-89.07,46.06
609,-29.79,-527.28,-135.05,4.29
610,-5.1,-356.32,-92.74,52.14
611,-26.78,-524.75,-116.33,-15.07
612,-10.76,-412.72,-86.97,104.13
613,-13.37,-495.39,-100.8,77.54
614,-22.15,-499.23,-95.98,26.41
615,-22.43,-469.91,-125.93,8.07
616,-17.17,-482.22,-139.89,-5.89
617,-12.71,-525.13,-154.75,77.73
618,-18.24,-414.48,-79.39,21.01
619,-7.11,-389.67,-91.73,35.37
620,-5.23,-403.37,-95.03,34.18
621,-25.43,-529.59,-102.78,21.8
622,-17.54,-563.71,-160.91,47.05
623,-30.51,-472.05,-90.28,46.88
624,11.95,-362.7,-76.96,48.31
625,-2.57,-485.54,-97.07,-54.98
626,-10.3,-442.76,-165.43,129.09
627,-2.76,-464.09,-113.54,12.01
628,-15.84,-324.6,-91.2,38.34
629,-44.48,-614.91,-98.49,16.49
630,-10.57,-471.59,-109.39,15.47
631,4.96,-351.52,-121.09,89.97
632,-3.89,-468.59,-185.13,-3.29
633,-30.81,-618.13,-76.05,44.39
634,-10.16,-508.96,-19.18,49.82
635,-8.63,-337.16,-132.68,95.49
636,-22.46,-544.43,-154.78,82.83
637,-9.04,-498.85,-148.92,-93.74
638,-12.45,-461.25,-66.53,46.02
639,-14.28,-466.2,-59.38,79.1
640,1.54,-455.33,-99.44,68.8
641,-5.1,-493.28,-122.89,-3.25
642,-20.1,-425.72,-128.73,-59.92
643,6.29,-279.39,-107.55,145.93
644,-10.34,-598.83,-91.08,-63.21
645,-11.98,-422.39,-174.48,12.01
646,-16.7,-527.36,-150.5,-33.68
647,0.08,-413.78,-169.58,-38.76
648,-42.05,-576.2,-206.04,-5.45
649,-20.42,-486.09,-47.04,101.61
650,-11.61,-446.94,-63.74,16.29
651,-11.95,-477.02,-81.48,19.98
652,4.72,-408.32,-71.28,59.48
653,8.75,-383.26,-105.1,40.16
654,1.22,-479.37,-107.61,11.32
655,-8.93,-323.33,-105.2,48.79
656,-2.75,-517.35,-120.74,-45.98
657,-32.22,-566.33,-115.19,140.27
658,-0.54,-518.31,-126.58,-32.06
659,-12.64,-511.06,-73.53,126.27
660,-23.19,-513.23,-102.36,84.36
661,-18.81,-503.14,-122.38,-53.2
662,-7.41,-412.41,-117.32,42.58
663,-7.49,-417.92,-111.68,-38.66
664,-8.3,-393.45,-97.53,80.9
665,-14.0,-398.6,-79.35,11.1
666,-12.25,-464.36,-226.72,19.27
667,-7.89,-432.17,-77.06,6.32
668,-31.0,-616.62,-225.45,87.29
669,-8.34,-469.05,-48.7,39.96
670,-4.5,-506.01,-70.54,2.32
671,-20.29,-505.61,-91.71,15.17
672,-1.67,-467.83,-136.4,88.12
673,-17.79,-446.33,-73.57,-11.7
674,-13.86,-551.74,-87.65,-9.28
675,1.92,-422.65,-74.87,81.51
676,4.19,-173.43,-149.08,-43.63
677,-36.02,-628.29,-135.44,87.5
678,-28.29,-468.32,-61.72,5.14
679,-1.07,-484.03,-99.05,40.23
680,4.58,-393.01,-101.85,56.07
681,2.25,-437.39,-101.29,34.48
682,-24.2,-378.69,-89.06,132.96
683,-10.28,-596.49,-159.86,-76.31
684,1.19,-447.3,-140.55,132.2
685,-19.29,-479.97,-186.87,-47.82
686,-17.95,-514.18,-79.22,-44.36
687,-27.13,-462.26,-57.15,46.54
688,-1.72,-462.24,-76.4,115.05
689,5.82,-424.56,-119.55,-28.14
690,-53.05,-558.81,-116.0,58.34
691,-25.08,-511.02,-67.91,73.35
692,21.14,-388.22,-106.36,7.63
693,13.62,-438.15,-97.7,33.53
694,-22.61,-456.37,-140.02,15.63
695,-11.18,-384.63,-86.57,-3.78
696,-15.98,-522.22,-82.8,63.71
697,-26.57,-554.03,-125.15,75.78
698,3.01,-443.83,-93.6,147.99
699,13.46,-299.57,-156.46,-57.82
700,-16.36,-447.4,-106.27,-26.3
701,-25.48,-572.98,-65.02,51.44
702,-0.41,-435.09,-87.42,56.51
703,-13.45,-534.28,-104.18,15.75
704,-6.87,-478.48,-144.52,67.91
705,-43.27,-469.2,-169.88,31.29
706,-18.82,-504.84,-41.9,56.02
707,-2.7,-455.85,-83.73,48.72
708,-6.47,-416.02,-69.86,73.14
709,-23.12,-479.02,-107.6,37.52
710,-15.81,-445.9,-107.82,-5.49
711,-37.54,-409.03,-103.54,50.35
712,-28.03,-503.95,-94.97,39.98
713,-46.99,-530.26,-93.45,54.09
714,-31.97,-510.07,-109.35,20.27
715,25.83,-408.3,-140.33,-14.17
716,14.98,-423.99,-95.66,127.38
717,-20.37,-545.41,-90.45,47.58
718,-21.04,-487.14,-103.0,36.18
719,36.6,-302.62,-92.69,52.87
720,7.18,-329.46,-190.48,-20.35
721,-16.01,-552.99,-68.14,137.96
722,-6.33,-514.55,-142.39,36.48
723,-4.62,-430.0,-116.13,47.72
724,-15.25,-478.24,-87.39,1.34
725,-17.2,-464.79,-91.08,67.96
726,-31.08,-573.21,-98.91,10.95
727,-8.25,-463.66,-100.14,29.01
728,5.12,-432.1,-84.19,78.28
729,-6.07,-470.43,-81.84,52.44
730,-26.79,-491.33,-108.61,107.9
731,2.61,-358.59,-91.64,7.79
732,-15.89,-490.54,-96.26,21.73
733,-8.29,-467.39,-102.08,17.95
734,4.76,-495.88,-88.72,38.72
735,-13.21,-421.72,-100.51,34.15
736,6.98,-366.75,-104.25,26.83
737,-33.63,-566.82,-99.47,51.16
738,-28.91,-435.82,-87.7,65.72
739,16.09,-444.65,-122.54,33.45
740,3.57,-406.76,-168.89,-8.56
741,-32.19,-568.83,-85.36,89.13
742,6.56,-429.01,-78.92,47.54
743,4.9,-487.64,-157.42,-42.0
744,-7.98,-463.77,-130.61,113.66
745,-0.54,-468.25,-88.29,8.05
746,4.47,-457.41,-77.78,33.69
747,-8.22,-479.15,-95.59,97.69
748,-8.86,-464.75,-82.33,51.39
749,-6.04,-414.11,-88.06,101.13
750,-10.23,-240.41,-134.42,-32.95
751,-21.54,-716.49,-107.72,42.36
752,-11.39,-405.86,-104.15,20.86
753,-9.7,-529.04,-102.1,15.25
754,1.41,-479.05,-93.16,56.31
755,-9.11,-528.93,-113.48,26.04
756,-23.98,-514.94,-105.64,52.99
757,-23.59,-526.76,-115.1,24.33
758,-10.54,-460.77,-83.77,51.13
759,7.07,-327.76,-96.61,52.65
760,-21.75,-501.8,-95.57,31.54
761,-19.55,-493.01,-101.33,33.22
762,16.18,-382.24,-120.37,-10.43
763,-2.33,-254.17,-145.59,-0.39
764,-30.68,-612.66,-79.0,25.23
765,3.58,-527.5,-34.83,151.68
766,-17.68,-521.84,-227.14,-79.68
767,-17.35,-489.22,-64.78,174.3
768,-28.88,-407.13,-103.21,-22.77
769,-7.41,-438.76,-91.61,30.36
770,-10.06,-474.23,-92.24,30.65
771,3.49,-477.59,-112.63,11.57
772,-27.81,-497.91,-96.42,36.88
773,-1.06,-429.93,-111.03,24.73
774,-19.12,-442.58,-110.01,22.44
775,-8.38,-340.72,-104.88,33.52
776,9.41,-427.75,-104.95,27.12
777,-17.35,-551.12,-108.7,31.63
778,-37.26,-640.42,-97.33,46.9
779,-26.81,-485.09,-121.25,22.19
780,-14.2,-436.11,-90.51,10.23
781,-21.0,-412.58,-135.53,-19.35
782,2.47,-389.93,-76.7,75.65
783,-12.8,-515.4,-96.88,45.89
784,-11.38,-470.66,-95.64,17.08
785,-10.34,-440.41,-118.69,-25.62
786,-24.58,-439.26,-102.22,53.05
787,-17.35,-472.85,-95.04,47.18
788,-17.51,-461.76,-157.25,15.57
789,-27.25,-511.3,-158.38,51.72
790,-25.66,-510.23,-93.08,13.96
791,-29.07,-472.13,-91.92,9.69
792,6.0,-288.03,-120.49,7.6
793,-22.77,-459.56,-81.66,14.44
794,-32.74,-547.69,-82.29,34.31
795,-16.24,-514.9,-104.0,32.4
796,-8.74,-464.61,-93.9,33.04
797,-22.52,-519.8,-104.55,16.7
798,-4.62,-430.01,-97.62,26.52
799,-10.4,-377.38,-118.51,51.18
800,-25.98,-548.79,-109.71,48.59
801,-3.0,-468.61,-112.43,-76.7
802,-21.9,-445.07,-102.09,28.49
803,-28.74,-506.29,-92.77,48.04
804,1.37,-410.28,-105.07,30.78
805,-29.12,-491.62,-99.43,38.43
806,-15.78,-436.3,-107.11,59.73
807,3.45,-387.79,-121.63,-8.16
808,-7.93,-458.21,-121.08,37.89
809,-20.76,-478.63,-193.7,47.2
810,-20.04,-476.91,-69.46,-7.33
811,-13.84,-467.1,-83.58,35.58
812,-11.7,-473.75,-113.07,39.15
813,-10.85,-453.4,-112.47,38.42
814,-39.68,-579.1,-105.13,43.09
815,-13.65,-337.08,-123.8,25.6
816,-14.62,-474.26,-120.23,15.67
817,-9.07,-463.41,-93.05,29.59
818,-11.14,-425.41,-110.27,11.51
819,-45.59,-584.49,-108.28,22.73
820,-0.88,-328.84,-108.25,18.96
821,-11.28,-374.5,-104.93,35.74
822,-46.03,-615.36,-115.65,19.53
823,-37.04,-546.76,-124.22,-1.91
824,-32.01,-508.88,-100.16,36.6
825,-6.28,-396.46,-116.77,-23.48
826,10.87,-400.84,-121.68,30.52
827,-11.29,-459.84,-86.92,32.54
828,-27.43,-529.34,-116.08,12.56
829,-17.5,-473.23,-96.55,53.66
830,-0.11,-423.18,-101.34,39.94
831,-17.13,-401.57,-120.31,31.58
832,-9.34,-442.88,-105.44,-2.14
833,-6.56,-536.96,-120.14,-5.2
834,-24.93,-527.13,-178.68,21.7
835,-5.56,-315.13,-84.36,-1.1
836,-13.32,-386.95,-148.6,13.82
837,-25.53,-571.24,-94.71,49.69
838,-3.87,-449.29,-120.43,-7.69
839,-14.41,-498.05,-105.86,6.38
840,-16.15,-435.23,-95.03,43.53
841,-24.33,-436.87,-119.04,1.07
842,-24.45,-478.88,-85.41,43.66
843,-27.92,-613.58,-121.26,23.73
844,0.23,-342.23,-102.13,26.64
845,-21.89,-430.49,-101.28,46.98
846,-17.02,-440.86,-120.14,26.17
847,-18.66,-489.51,-105.8,28.6
848,-3.58,-418.17,-115.42,0.6
849,-29.3,-496.59,-120.48,-4.15
850,-43.72,-632.21,-110.04,43.12
851,12.39,-295.45,-98.03,39.06
852,-14.33,-342.24,-106.57,36.03
853,-30.2,-582.54,-118.6,24.3
854,-20.36,-533.69,-191.65,-63.04
855,-13.61,-358.96,-85.15,69.02
856,-5.85,-440.9,-99.46,34.37
857,-13.17,-476.52,-115.34,40.78
858,-12.03,-495.79,-134.39,33.64
859,-13.6,-433.85,-110.2,-40.01
860,-9.23,-479.98,-88.85,119.37
861,-23.83,-445.72,-105.67,43.53
862,-27.7,-433.08,-101.45,-8.02
863,-4.0,-467.32,-122.16,6.17
864,-15.36,-490.55,-118.34,18.11
865,-12.85,-448.36,-121.85,39.7
866,-22.64,-502.29,-122.88,66.21
867,-18.62,-372.14,-97.0,1.88
868,-17.04,-508.21,-88.04,52.23
869,-18.5,-505.26,-115.96,6.24
870,-28.5,-530.59,-240.58,2.44
871,-11.67,-426.94,-96.71,3.66
872,-4.13,-357.28,-78.84,56.07
873,-25.27,-582.13,-100.11,29.78
874,-4.82,-392.07,-111.17,25.75
875,-6.67,-429.16,-109.29,8.83
876,-15.64,-449.97,-117.7,0.67
877,-1.06,-371.26,-119.04,58.51
878,-24.66,-500.23,-128.51,85.19
879,-24.29,-482.99,-100.36,70.64
880,-21.44,-421.9,-116.98,1.67
881,-35.31,-605.54,-131.26,-20.25
882,-18.78,-405.27,-126.07,7.4
883,-20.23,-448.08,-101.38,44.16
884,-10.32,-447.17,-109.48,12.8
885,-12.0,-369.44,-171.01,2.88
886,-45.42,-550.85,-79.8,47.47
887,-23.3,-502.72,-88.46,42.31
888,-10.89,-417.72,-151.7,-50.3
889,-28.32,-478.84,-153.04,84.91
890,-13.62,-466.05,-93.3,43.96
891,-12.79,-454.86,-95.44,-23.88
892,-5.68,-408.51,-113.52,4.52
893,-22.23,-494.16,-114.85,29.47
894,-24.54,-492.81,-102.62,36.61
895,-25.89,-479.82,-103.7,29.94
896,-9.71,-385.95,-183.6,18.97
897,-18.13,-457.17,-59.7,94.24
898,-10.32,-542.62,-107.19,-6.68
899,-24.36,-507.67,-108.26,5.91
900,-38.67,-401.7,-161.08,13.14
901,14.32,-390.45,-92.9,48.86
902,-11.61,-445.66,-87.18,107.2
903,-38.92,-531.38,-107.46,-27.52
904,-28.77,-506.55,-100.79,14.79
905,1.6,-347.67,-113.9,11.2
906,-35.76,-539.79,-111.73,-10.44
907,2.09,-345.74,-128.73,-5.83
908,-29.49,-497.57,-98.5,34.76
909,6.48,-424.89,-125.39,-5.99
910,-32.64,-488.73,-146.63,-24.88
911,-36.88,-514.51,-163.62,73.28
912,-32.2,-536.11,-68.97,36.08
913,-1.71,-444.83,-102.55,13.11
914,-8.02,-476.39,-164.87,-11.53
915,-19.45,-390.51,-105.11,93.73
916,-29.82,-565.2,-83.7,61.07
917,-11.46,-437.7,-100.72,-8.82
918,-4.87,-388.84,-121.4,-25.55
919,-27.54,-293.76,-84.15,128.48
920,-26.61,-515.27,-109.54,-0.02
921,-5.94,-534.46,-117.32,-24.19
922,-1.24,-412.68,-127.98,-119.96
923,-28.3,-530.88,-85.78,116.41
924,-29.12,-528.07,-114.65,-5.87
925,-4.68,-389.27,-119.43,59.45
926,-29.84,-512.2,-96.22,22.27
927,-3.11,-445.4,-97.5,51.22
928,-20.18,-407.88,-163.45,33.03
929,-32.51,-513.54,-139.78,49.81
930,-20.14,-487.36,-126.17,8.46
931,-19.71,-422.48,-130.13,-9.15
932,-36.11,-522.8,-81.92,-9.95
933,-22.26,-414.38,-103.74,57.93
934,-13.2,-393.38,-88.19,19.62
935,-21.29,-563.64,-77.17,95.51
936,-17.41,-425.4,-134.87,-11.33
937,-13.07,-464.97,-131.88,-34.69
938,-19.33,-476.89,-105.88,55.32
939,-18.42,-490.36,-139.74,-25.21
940,-1.76,-403.65,-106.98,38.87
941,-18.64,-426.87,-93.21,22.54
942,-28.88,-561.83,-99.23,46.45
943,-2.92,-455.83,-96.76,20.59
944,1.49,-356.95,-143.99,-16.05
945,-29.3,-562.88,-176.96,46.05
946,-12.81,-413.98,-102.36,98.57
947,-7.81,-451.45,-64.46,-62.3
948,-28.91,-512.01,-140.41,47.98
949,-18.61,-446.45,-101.86,39.9
950,-7.55,-404.9,-94.29,-7.38
951,-21.28,-376.42,-95.92,53.66
952,-59.57,-697.73,-129.69,-23.88
953,3.86,-420.48,-111.77,11.69
954,-19.12,-423.51,-129.01,31.1
955,-18.59,-464.01,-89.19,8.45
956,-10.4,-479.34,-94.76,9.68
957,-16.33,-489.72,-100.73,28.81
958,-50.43,-561.28,-90.95,42.58
959,-4.17,-325.74,-97.77,4.65
960,-8.69,-394.83,-107.18,28.92
961,1.01,-429.91,-91.76,24.67
962,-27.86,-508.59,-117.14,36.46
963,-15.67,-475.01,-116.83,-14.52
964,-10.87,-495.5,-138.65,-3.64
965,-21.62,-447.5,-170.66,58.11
966,-31.16,-515.96,-101.44,73.48
967,-24.52,-512.69,-60.15,-15.09
968,-12.02,-419.45,-86.88,-8.35
969,0.51,-360.25,-121.54,37.92
970,-21.41,-517.65,-100.47,18.14
971,-22.22,-522.74,-98.27,4.66
972,-23.09,-500.8,-98.58,46.2
973,-5.58,-402.27,-104.03,18.95
974,-17.89,-538.31,-121.07,165.11
975,-32.06,-484.18,-118.83,-55.72
976,4.2,-326.05,-115.56,-27.47
977,-19.16,-378.25,-118.2,-37.48
978,-31.3,-516.42,-82.2,91.7
979,-19.32,-489.76,-89.78,40.14
980,-17.0,-477.89,-97.03,25.68
981,-2.12,-494.0,-116.18,-9.17
982,7.06,-401.96,-310.81,-72.25
983,-53.02,-500.89,17.1,166.65
984,-49.73,-566.36,-66.2,29.99
985,-9.26,-445.83,-83.36,29.7
986,-6.15,-456.8,-95.87,29.47
987,-15.5,-465.15,-108.09,24.46
988,-13.33,-431.89,-94.66,29.9
989,-20.56,-475.69,-102.56,15.74
990,-18.15,-303.11,-121.21,-28.81
991,-29.48,-604.59,-91.46,69.88
992,-7.75,-460.4,-100.18,59.74
993,-13.82,-455.45,-84.43,49.42
994,-27.09,-487.56,-128.3,36.7
995,-23.73,-509.54,-102.91,3.06
996,-16.98,-461.31,-115.9,-41.95
997,20.27,-343.57,-124.83,52.27
998,-27.53,-478.15,-105.79,70.91
999,-42.14,-515.94,-84.96,34.51
1000,-12.27,-398.55,-100.87,31.9
1001,-16.84,-487.17,-105.56,37.43
1002,-10.66,-465.07,-114.5,-1.36
1003,-25.34,-455.16,-112.2,3.34
1004,-52.98,-598.1,-157.68,42.89
1005,-35.47,-537.46,-89.43,65.05
1006,-2.18,-429.33,-144.27,10.88
1007,-5.89,-426.92,-76.82,42.73
1008,-29.31,-470.09,-72.0,54.0
1009,-3.73,-442.2,-105.13,-34.46
1010,15.42,-319.33,-118.09,32.16
1011,-30.88,-546.92,-94.87,27.78
1012,1.28,-470.47,-96.93,-3.83
1013,-9.61,-421.91,-96.61,71.92
1014,-29.32,-502.84,-153.57,33.83
1015,-53.52,-580.88,-87.89,43.25
1016,-4.28,-450.78,-103.43,28.08
1017,-6.36,-432.92,-110.25,42.9
1018,-9.5,-473.34,-83.43,44.64
1019,-19.64,-439.54,-99.92,33.88
1020,-15.55,-446.1,-107.11,22.72
1021,-4.1,-432.49,-112.72,3.59
1022,-33.06,-476.12,-89.7,37.47
1023,0.3,-437.75,-109.29,2.15
1024,-10.11,-380.33,-118.26,16.04
1025,-25.16,-550.19,-167.12,33.12
1026,-28.59,-536.92,-80.06,49.91
1027,2.12,-316.46,-93.52,61.3
1028,-1.96,-458.41,-103.7,-23.31
1029,-17.58,-534.57,-140.16,12.84
1030,0.91,-459.81,-163.45,38.29
1031,-2.59,-474.82,-73.12,14.27
1032,-7.44,-459.9,-100.62,47.23
1033,-18.85,-428.42,-106.38,39.95
1034,-23.27,-507.3,-111.48,80.47
1035,-17.09,-484.29,-127.86,-41.0
1036,-16.87,-471.56,-95.02,68.07
1037,-40.53,-466.59,-115.84,16.53
1038,-11.56,-443.81,-81.82,66.68
1039,-8.18,-506.04,-131.99,-2.33
1040,-8.05,-482.63,-109.16,24.01
1041,-7.88,-412.58,-110.04,34.03
1042,-13.81,-496.3,-119.65,15.76
1043,-19.74,-394.47,-133.85,63.52
1044,-14.06,-512.24,-70.2,70.56
1045,-35.9,-445.04,-162.33,24.39
1046,-31.9,-455.33,-123.51,-16.1
1047,31.51,-426.11,-102.06,21.48
1048,-3.95,-448.75,-116.37,105.28
1049,-24.42,-498.29,-94.72,-6.9
1050,-12.31,-414.9,-107.04,-1.88
1051,-8.64,-450.91,-165.57,-32.45
1052,-22.66,-493.47,-111.72,41.81
1053,-31.29,-461.97,-77.43,68.13
1054,-9.26,-474.35,-124.88,32.54
1055,-9.31,-476.48,-101.13,56.26
1056,-10.7,-495.72,-107.32,11.4
1057,-10.91,-462.25,-114.9,23.73
1058,-22.86,-604.31,-120.71,43.8
1059,1.13,-339.95,-132.23,61.28
1060,-19.48,-359.32,-122.9,51.74
1061,-26.22,-482.75,-99.8,3.37
1062,-17.22,-461.82,-111.36,20.07
1063,-0.74,-378.31,-165.68,-36.94
1064,-32.91,-621.51,-155.23,22.46
1065,-4.37,-436.71,-56.7,82.2
1066,-14.42,-480.97,-80.14,41.58
1067,-36.51,-536.64,-108.46,12.01
1068,-0.71,-403.58,-99.29,51.9
1069,-2.8,-430.39,-97.92,56.86
1070,-26.1,-480.22,-95.92,52.42
1071,14.09,-322.57,-143.81,18.71
1072,2.37,-393.62,-128.18,45.1
1073,-56.08,-673.79,-143.21,-20.58
1074,-22.75,-443.68,-94.27,49.29
1075,-17.11,-456.01,-106.5,55.66
1076,-0.99,-452.71,-116.17,38.13
1077,-2.32,-474.17,-103.77,29.66
1078,-15.14,-486.54,-109.23,4.48
1079,-38.15,-612.06,-178.74,-19.57
1080,4.18,-255.13,-71.96,17.58
1081,-8.67,-532.24,-133.08,26.86
1082,-2.73,-419.0,-126.25,2.4
1083,-11.94,-448.15,-107.36,75.66
1084,-23.46,-487.7,-99.04,-4.44
1085,-9.4,-517.29,-89.74,71.49
1086,-16.57,-460.7,-107.72,47.07
1087,-12.87,-448.06,-87.49,43.73
1088,-21.23,-565.76,-135.59,52.51
1089,6.52,-340.58,-110.76,44.1
1090,-6.84,-422.74,-107.6,53.02
1091,-6.0,-486.28,-182.69,-49.15
1092,-13.24,-508.51,-52.28,87.72
1093,-5.26,-408.44,-101.99,10.59
1094,-8.5,-469.99,-142.7,-38.34
1095,-3.22,-389.46,-147.14,26.58
1096,-22.17,-531.24,-59.03,90.34
1097,-16.4,-446.18,-75.35,83.04
1098,-26.41,-545.5,-118.99,-14.32
1099,22.75,-324.32,-150.14,6.77
1100,-49.2,-512.67,-94.46,28.77
1101,-14.73,-478.07,-105.48,20.11
1102,0.48,-388.89,-203.11,8.35
1103,-9.64,-475.6,-27.78,71.86
1104,-16.07,-498.92,-103.78,40.13
1105,-10.58,-468.59,-107.34,24.2
1106,-26.02,-478.93,-130.91,29.76
1107,-25.73,-490.16,-96.71,33.94
1108,-6.17,-502.73,-101.63,47.02
1109,-12.13,-461.11,-127.46,57.79
1110,-24.7,-366.39,-73.27,121.9
1111,-16.49,-448.06,-115.96,-48.52
1112,-14.11,-409.36,-110.44,12.12
1113,-6.92,-479.85,-124.28,28.16
1114,-15.5,-531.78,-149.84,-52.88
1115,-14.4,-415.92,-167.07,21.6
1116,10.33,-381.96,-153.57,79.29
1117,-30.52,-538.47,-113.48,-20.09
1118,-25.23,-488.56,-68.17,68.96
1119,-24.06,-554.86,-89.38,21.96
1120,20.93,-319.22,-107.15,10.47
1121,0.9,-379.5,-87.58,41.73
1122,-18.06,-593.63,-89.25,72.7
1123,38.48,-348.04,-190.84,2.09
1124,-21.17,-557.66,-152.76,1.2
1125,-27.82,-441.63,-60.04,23.32
1126,-11.08,-426.09,-112.07,-36.32
1127,-11.94,-445.96,-90.2,65.86
1128,-9.37,-489.93,-73.82,85.08
1129,-5.44,-434.48,-127.67,33.27
1130,-14.14,-482.4,-149.73,20.87
1131,-17.01,-520.96,-116.23,70.32
1132,-23.1,-432.82,-58.21,28.3
1133,-21.04,-485.92,-133.06,-29.51
1134,-13.57,-394.87,-119.53,37.79
1135,-17.52,-545.45,-91.16,49.83
1136,-8.49,-510.15,-115.23,53.68
1137,5.87,-439.33,-247.56,-46.25
1138,17.6,-364.49,-34.03,37.47
1139,-13.01,-450.85,-88.19,59.29
1140,-11.42,-454.15,-81.6,18.77
1141,-8.34,-448.43,-121.2,9.99
1142,-9.67,-526.25,-141.55,4.71
1143,-16.94,-398.25,-149.54,62.56
1144,-38.15,-553.91,-48.8,56.24
1145,1.38,-420.46,-96.99,75.04
1146,35.7,-352.49,-119.42,-17.0
1147,-31.7,-498.64,-97.94,39.3
1148,-13.89,-465.0,-94.01,92.78
1149,10.48,-305.35,-108.86,-10.05
1150,-2.62,-566.13,-250.49,-57.41
1151,-28.89,-582.15,-98.0,43.53
1152,-29.28,-522.66,-43.29,69.89
1153,-1.37,-413.3,-76.87,47.13
1154,13.49,-372.62,-100.24,58.14
1155,0.92,-461.51,-124.41,-27.02
1156,-26.25,-493.54,-172.29,48.13
1157,-19.13,-501.95,-94.81,-14.68
1158,-15.76,-419.07,-116.4,28.07
1159,-13.7,-479.14,-121.71,56.16
1160,-6.8,-469.21,-88.79,77.84
1161,-1.52,-443.52,-99.05,13.67
1162,-9.61,-487.92,-112.16,-4.83
1163,-3.09,-448.59,-128.73,-3.27
1164,-6.03,-355.94,-138.78,90.17
1165,-9.48,-499.7,-49.55,105.83
1166,-7.38,-446.0,-132.49,-61.03
1167,-31.07,-514.91,-59.34,33.55
1168,2.51,-547.54,-117.22,-0.79
1169,-9.13,-403.02,-222.43,194.18
1170,-14.47,-465.08,-77.25,-5.16
1171,-13.43,-496.29,-65.81,15.37
1172,-0.46,-415.94,-106.96,3.74
1173,0.37,-411.71,-146.39,-28.42
1174,-21.19,-373.52,-74.12,58.85
1175,-1.68,-457.05,-118.02,-0.91
1176,-15.4,-550.53,-65.14,36.82
1177,-23.46,-514.27,-85.37,69.29
1178,-13.39,-472.61,-56.08,117.57
1179,-11.58,-464.59,-105.42,-9.46
1180,-12.57,-505.2,-167.01,-18.15
1181,-18.88,-482.74,-128.57,40.55
1182,-4.23,-422.41,-73.48,53.68
1183,-8.42,-489.69,-75.42,14.82
1184,-44.7,-550.44,-91.06,101.81
1185,9.87,-355.46,-99.83,26.1
1186,-2.23,-391.47,-107.69,6.18
1187,-17.94,-458.53,-152.88,114.28
1188,-24.91,-469.98,-47.06,-19.32
1189,-16.49,-498.41,-121.58,44.13
1190,-6.81,-513.08,-109.7,74.63
1191,3.6,-352.9,-63.15,70.24
1192,-22.9,-568.75,-121.27,-75.86
1193,5.53,-388.63,-82.41,-2.07
1194,-39.9,-493.32,-108.87,146.13
1195,-19.86,-484.09,-137.43,48.15
1196,-10.63,-460.58,-84.82,36.05
1197,-14.91,-469.41,-134.92,-1.83
1198,-17.89,-506.53,-54.57,18.71
1199,-16.92,-470.34,-81.86,67.19
1200,-29.49,-462.6,-86.08,16.71
1201,-7.63,-356.17,-91.69,18.42
1202,9.59,-457.02,-110.48,146.47
1203,-26.15,-580.98,-100.02,0.21
1204,-28.48,-394.16,-82.7,24.62
1205,-15.01,-447.08,-99.13,77.98
1206,-17.86,-507.32,-160.34,-53.26
1207,-14.99,-473.22,-68.12,86.05
1208,-21.33,-474.27,-94.94,16.56
1209,-8.65,-450.3,-95.38,13.39
1210,-30.91,-515.08,-83.7,40.01
1211,-5.28,-399.63,-92.28,55.82
1212,-2.61,-402.14,-96.39,-4.56
1213,-42.7,-569.04,-187.43,-9.35
1214,-23.37,-442.5,-75.42,83.05
1215,1.57,-418.46,-79.99,29.86
1216,7.83,-461.49,-93.91,0.1
1217,10.88,-425.7,-190.16,137.51
1218,-19.15,-356.89,-123.86,19.44
1219,-49.63,-622.88,-37.31,41.46
1220,-10.98,-450.3,-95.2,-5.65
1221,-15.51,-477.06,-95.74,10.57
1222,-23.0,-481.39,-136.41,32.76
1223,-19.54,-499.83,-82.32,36.05
1224,-6.58,-514.04,-85.48,30.61
1225,-33.55,-510.32,-95.94,46.86
1226,24.37,-353.98,-122.59,0.07
1227,-28.22,-484.39,-54.09,94.98
1228,-24.58,-426.67,-105.65,10.7
1229,-27.47,-581.79,-86.35,33.39
1230,-11.68,-421.93,-100.61,23.45
1231,-12.97,-440.12,-92.44,43.41
1232,-5.3,-441.35,-139.16,-8.92
1233,6.51,-362.68,-118.04,58.54
1234,-35.49,-485.08,-83.65,30.45
1235,-19.51,-430.23,-70.59,53.48
1236,-18.62,-461.83,-108.66,32.63
1237,-23.16,-571.37,-124.19,11.59
1238,-6.57,-441.82,-112.77,51.89
1239,-18.51,-520.68,-86.08,17.63
1240,-9.73,-522.57,-83.41,36.08
1241,-5.6,-476.15,-91.92,33.57
1242,3.24,-432.7,-114.53,-16.09
1243,-43.98,-445.64,-124.05,-27.79
1244,5.04,-354.4,-123.65,99.8
1245,-24.04,-534.47,-89.05,81.44
1246,4.17,-385.25,-76.19,53.47
1247,0.26,-468.9,-100.37,-7.64
1248,-8.24,-523.81,-166.58,8.73
1249,-17.71,-504.45,-92.15,37.27
1250,-3.9,-427.03,-75.57,35.21
1251,-17.54,-498.53,-84.73,19.03
1252,-15.6,-559.32,-100.95,1.39
1253,-20.83,-510.92,-99.44,13.93
1254,-14.28,-342.16,-82.54,48.26
1255,-7.65,-423.34,-124.97,36.18
1256,-13.0,-458.41,-73.31,33.75
1257,-19.95,-523.2,-97.86,35.24
1258,-25.49,-497.25,-105.86,30.24
1259,-9.65,-461.66,-91.74,46.72
1260,7.53,-253.19,-95.82,17.67
1261,14.56,-442.71,-118.72,14.35
1262,-42.31,-493.99,-94.02,29.28
1263,-23.24,-477.5,-68.47,91.35
1264,-29.99,-610.48,-104.66,14.96
1265,-32.57,-696.84,-153.91,19.48
1266,6.76,-286.7,-79.41,36.06
1267,-15.5,-435.59,-92.2,43.27
1268,5.62,-326.78,-115.33,-6.4
1269,-8.02,-428.42,-119.94,13.66
1270,-18.28,-461.06,-99.19,73.55
1271,-30.01,-533.84,-90.18,48.34
1272,-19.44,-488.65,-200.23,-22.32
1273,-21.53,-477.02,-100.75,37.22
1274,5.79,-444.59,-79.21,42.21
1275,-6.02,-486.06,-92.96,38.03
1276,-12.6,-473.27,-98.49,53.13
1277,-19.15,-504.54,-120.41,-6.93
1278,-22.33,-501.2,-86.42,29.94
1279,-36.32,-541.52,-98.34,32.25
1280,-20.29,-355.29,-104.34,3.53
1281,-10.62,-354.77,-105.47,32.23
1282,-12.57,-570.11,-96.33,47.75
1283,-4.16,-399.56,-102.3,8.4
1284,-10.51,-439.8,-54.74,85.6
1285,-5.02,-462.22,-117.14,28.9
1286,-11.44,-465.63,-99.05,-14.72
1287,-14.93,-471.9,-98.05,67.45
1288,-16.07,-350.37,-108.8,44.62
1289,-26.53,-591.45,-91.77,11.64
1290,-11.97,-413.96,-129.53,17.36
1291,-11.57,-399.68,-192.85,33.85
1292,-31.85,-562.73,-177.88,48.79
1293,-50.16,-577.72,-8.96,27.77
1294,6.95,-475.56,-129.2,-24.4
1295,-7.27,-528.96,-56.04,114.11
1296,3.86,-305.8,-97.17,-48.72
1297,-26.41,-466.45,-86.04,116.6
1298,-28.83,-471.27,-98.55,34.06
1299,-11.42,-457.71,-120.37,16.76
1300,11.3,-452.22,-136.27,94.01
1301,-9.89,-440.52,-93.39,-17.83
1302,-44.33,-580.89,-93.99,33.01
1303,-14.69,-452.57,-103.81,18.04
1304,16.66,-306.97,-114.09,10.5
1305,-38.59,-504.42,-129.75,39.31
1306,-17.99,-480.78,-93.16,66.17
1307,2.66,-435.48,-97.19,10.28
1308,-18.27,-514.15,-96.38,24.14
1309,-11.72,-421.7,-99.58,39.45
1310,-35.53,-551.69,-103.99,32.8
1311,-4.75,-423.83,-102.72,39.26
1312,6.25,-440.6,-150.94,73.23
1313,-22.36,-520.85,-169.35,-3.25
1314,-18.33,-453.52,-72.49,34.19
1315,0.67,-379.63,-102.68,-50.84
1316,-9.86,-489.16,-122.81,90.98
1317,-4.45,-458.02,-96.8,21.97
1318,-8.41,-378.43,-117.57,21.61
1319,-21.89,-526.35,-99.86,39.65
1320,-24.26,-543.03,-105.85,-4.99
1321,-22.61,-482.74,-99.16,64.6
1322,-1.53,-390.1,-98.73,44.96
1323,-14.89,-488.11,-92.98,52.52
1324,-24.04,-533.24,-107.35,11.86
1325,-26.11,-542.38,-105.66,25.04
1326,-19.46,-411.93,-108.6,18.86
1327,-1.76,-417.49,-105.78,17.64
1328,-19.32,-430.91,-96.22,35.69
1329,-5.57,-331.61,-99.09,46.38
1330,-16.84,-541.9,-104.02,38.06
1331,-19.64,-444.1,-96.59,22.04
1332,8.82,-416.13,-124.49,35.16
1333,-9.99,-437.29,-113.29,9.55
1334,-10.46,-493.64,-126.3,-26.18
1335,-18.37,-487.44,-62.22,62.47
1336,-14.74,-464.91,-186.58,43.18
1337,-18.82,-513.35,-180.59,16.76
1338,-3.57,-473.18,-64.41,27.96
1339,-21.68,-525.58,-89.06,10.73
1340,-9.53,-449.26,-71.2,27.1
1341,-4.79,-430.66,-108.16,128.24
1342,-14.36,-472.08,-100.09,27.27
1343,-18.7,-505.19,-84.6,5.42
1344,-19.17,-440.5,-113.59,28.31
1345,-4.64,-482.95,-104.2,33.82
1346,5.19,-397.38,-106.69,3.14
1347,-18.92,-492.2,-112.14,36.31
1348,-31.04,-509.51,-124.59,-15.57
1349,-13.88,-414.53,-152.86,43.14
1350,7.2,-289.41,-73.55,21.99
1351,-26.35,-582.73,-102.51,66.42
1352,-2.08,-440.55,-86.6,43.09
1353,-31.5,-533.15,-262.9,-39.26
1354,-3.76,-350.97,-59.93,89.31
1355,-15.57,-462.52,-93.8,94.68
1356,-16.78,-491.81,-89.67,54.31
1357,-16.81,-493.83,-139.71,1.25
1358,-20.26,-474.89,-65.61,50.66
1359,-3.16,-418.19,-122.1,-39.87
1360,-5.19,-471.55,-105.96,63.54
1361,-13.67,-461.0,-97.75,-16.79
1362,-0.58,-441.96,-142.77,22.45
1363,-42.93,-528.15,-107.79,93.19
1364,-41.01,-522.49,-89.6,15.81
1365,-15.05,-388.45,-165.26,-24.56
1366,-6.08,-509.43,-95.01,83.49
1367,1.09,-463.45,-80.07,78.88
1368,-16.98,-459.83,-93.92,-8.13
1369,-3.73,-441.16,-111.52,5.49
1370,-6.43,-476.63,-108.28,37.56
1371,-31.27,-476.73,-118.31,70.12
1372,-12.48,-393.89,-96.06,4.31
1373,15.31,-371.9,-108.5,36.73
1374,-27.08,-489.81,-99.51,-14.25
1375,-25.81,-482.67,-115.4,41.68
1376,-21.48,-554.79,-132.85,98.83
1377,-16.56,-429.35,-76.49,2.54
1378,-15.47,-506.34,-144.18,28.51
1379,-3.93,-443.77,-91.28,13.7
1380,-17.33,-499.33,-90.05,62.5
1381,-7.29,-437.84,-222.07,-2.83
1382,-8.27,-467.52,-30.01,82.77
1383,-19.71,-457.04,-97.05,58.19
1384,-10.81,-434.05,-106.21,14.79
1385,-10.06,-445.58,-92.96,77.54
1386,1.61,-360.48,-99.89,-38.28
1387,-6.1,-535.69,-150.47,138.55
1388,-26.1,-489.53,-78.77,64.42
1389,-25.6,-579.44,-95.26,-8.54
1390,1.43,-327.5,-102.83,13.55
1391,-18.72,-480.45,-119.6,4.18
1392,-20.88,-562.12,-121.86,78.88
1393,5.19,-386.49,-96.98,24.77
1394,-14.73,-512.01,-99.08,10.31
1395,-13.28,-361.8,-91.94,52.4
1396,-22.07,-463.73,-192.89,-32.22
1397,-30.36,-567.46,-74.8,46.8
1398,7.37,-401.58,-123.63,-69.62
1399,-7.44,-444.87,-63.77,102.37
1400,-28.44,-504.23,-100.76,86.28
1401,-23.43,-468.21,-89.22,50.77
1402,6.22,-442.49,-96.19,57.25
1403,-6.16,-499.98,-93.42,22.96
1404,0.2,-372.38,-110.37,29.75
1405,-10.35,-429.76,-99.36,10.62
1406,-0.01,-420.2,-145.94,14.85
1407,-27.9,-524.25,-115.36,59.13
1408,-22.32,-477.47,-125.75,1.95
1409,3.93,-467.94,-110.3,26.91
1410,-20.4,-492.79,-76.76,14.02
1411,-32.76,-538.16,-83.46,35.75
1412,2.9,-396.61,-131.33,-45.02
1413,-6.86,-421.74,-123.4,66.56
1414,-20.09,-497.92,-64.9,64.92
1415,-13.27,-434.05,-97.76,72.8
1416,-9.22,-510.38,-125.75,-29.18
1417,-26.93,-491.19,-129.39,5.58
1418,-16.54,-402.49,-78.44,67.13
1419,-22.43,-463.44,-104.02,40.37
1420,12.68,-368.44,-134.99,55.57
1421,8.92,-334.42,-128.41,17.54
1422,-8.73,-580.62,-110.36,-24.01
1423,-28.77,-409.34,-115.55,66.83
1424,-23.38,-520.75,-69.45,4.58
1425,-6.75,-416.45,-63.95,85.21
1426,-55.46,-708.04,-135.8,-20.34
1427,11.15,-350.42,-119.67,56.17
1428,-5.44,-460.7,-106.1,-39.02
1429,-1.62,-388.49,-129.5,12.6
1430,-20.02,-425.18,-81.59,41.8
1431,-15.03,-489.96,-98.9,32.65
1432,13.62,-486.31,-137.3,-14.4
1433,-19.09,-387.26,-92.91,41.86
1434,-26.55,-539.0,-119.3,28.3
1435,-4.27,-427.97,-135.86,17.26
1436,-13.21,-425.83,-109.49,41.32
1437,-18.82,-500.42,-67.9,40.88
1438,-18.7,-494.29,-96.98,6.87
1439,-3.7,-448.73,-95.76,39.3
1440,-5.95,-424.72,-120.32,25.45
1441,-27.42,-560.29,-171.22,-50.42
1442,-13.49,-405.2,-89.86,46.17
1443,-32.41,-445.08,-84.34,83.14
1444,-32.65,-538.4,-111.39,-5.86
1445,-12.57,-463.75,-97.24,13.82
1446,-16.99,-362.78,-89.5,30.78
1447,-28.29,-501.69,-151.39,6.51
1448,-18.73,-516.78,-118.45,49.28
1449,-9.5,-357.92,-85.85,16.01
1450,-24.28,-497.59,-93.9,10.53
1451,-8.09,-472.59,-92.11,26.73
1452,13.05,-348.72,-115.1,1.65
1453,-8.83,-534.44,-106.74,28.04
1454,0.4,-458.49,-103.58,30.54
1455,-25.46,-546.98,-103.75,39.62
1456,-8.44,-418.2,-130.34,-32.3
1457,-12.23,-494.54,-112.27,101.05
1458,-3.71,-440.07,-77.86,42.5
1459,-3.49,-390.32,-97.21,-45.17
1460,-22.97,-435.9,-129.69,37.72
1461,-14.74,-603.96,-105.22,63.12
1462,4.95,-347.11,-111.48,12.96
1463,-14.7,-468.09,-138.94,-7.2
1464,-13.22,-452.41,-125.66,105.5
1465,-11.77,-446.94,-57.33,31.3
1466,-10.65,-491.02,-113.93,2.65
1467,-9.94,-469.94,-104.6,1.0
1468,-36.29,-518.41,-101.44,26.6
1469,-11.9,-475.4,-109.25,9.84
1470,-0.24,-427.28,-124.71,-13.32
1471,13.45,-384.57,-101.71,21.09
1472,-16.47,-401.07,-113.37,19.77
1473,-13.19,-512.17,-98.16,33.46
1474,-8.27,-501.67,-107.19,37.35
1475,-24.03,-443.03,-109.26,44.35
1476,-7.92,-415.31,-84.03,15.2
1477,-15.65,-528.86,-121.65,-5.91
1478,-16.01,-547.12,-246.6,-18.81
1479,-14.42,-463.28,-97.01,90.06
1480,-21.83,-430.97,-54.15,12.99
1481,5.63,-410.85,-88.39,17.66
1482,-14.85,-472.92,-150.67,-149.92
1483,-4.12,-456.26,-83.39,113.4
1484,-9.4,-465.47,-98.15,54.16
1485,1.41,-469.18,-94.8,16.07
1486,-26.21,-549.38,-106.05,-7.86
1487,-29.78,-379.5,-110.94,1.59
1488,1.65,-370.99,-110.18,31.45
1489,4.27,-365.03,-67.14,74.32
1490,-21.9,-548.06,-116.93,-13.36
1491,2.04,-494.61,-101.03,48.8
1492,-8.03,-465.74,-125.02,43.38
1493,-16.47,-471.11,-100.42,2.52
1494,-1.23,-510.59,-121.05,-12.56
1495,-21.5,-458.39,-123.63,-3.58
1496,-36.71,-338.89,-109.33,21.96
1497,-0.5,-548.03,-111.19,12.5
1498,-8.76,-395.31,-126.57,-26.73
1499,-6.84,-430.29,-99.66,45.42
1500,-5.2,-437.19,-142.58,14.41
1501,-13.25,-540.16,-91.89,19.8
1502,9.97,-437.04,-128.64,-50.56
1503,-22.91,-469.0,-149.79,5.02
1504,-20.7,-512.54,-112.09,176.72
1505,-2.28,-510.82,-105.82,-0.33
1506,-1.65,-371.04,-87.66,-3.97
1507,-15.07,-377.47,-109.39,29.06
1508,-31.61,-438.61,-99.74,54.08
1509,9.36,-500.8,-104.66,-12.38
1510,-32.89,-626.72,-154.71,20.44
1511,-28.0,-442.2,-92.19,18.1
1512,-24.82,-442.93,-109.24,10.33
1513,10.26,-427.24,-102.3,22.72
1514,9.32,-467.54,-112.44,6.53
1515,-10.34,-474.06,-110.88,5.02
1516,-5.42,-440.12,-101.54,37.46
1517,-30.56,-557.57,-101.18,35.82
1518,-5.71,-379.23,-108.34,-0.22
1519,-11.81,-314.1,-112.95,-2.85
1520,-10.5,-515.39,-100.48,27.33
1521,-5.96,-508.09,-117.26,-10.23
1522,-11.02,-523.0,-105.47,49.08
1523,-4.51,-460.77,-120.47,3.97
1524,-38.98,-561.49,-94.84,-14.09
1525,-14.06,-342.02,-176.53,27.73
1526,16.49,-374.13,-88.53,0.02
1527,-19.66,-501.06,-89.62,34.37
1528,-8.92,-498.96,-113.14,46.99
1529,-5.16,-396.57,-127.11,-23.94
1530,-11.36,-391.97,-179.26,65.86
1531,-33.4,-593.77,-57.84,9.74
1532,-18.67,-501.28,-103.66,14.05
1533,-10.14,-454.42,-105.09,16.58
1534,-16.27,-509.15,-109.4,11.79
1535,-15.35,-455.43,-108.89,0.36
1536,-23.87,-472.62,-112.09,-12.89
1537,-31.83,-535.33,-111.16,39.29
1538,-22.41,-541.44,-110.36,18.78
1539,-9.22,-334.45,-88.6,-0.73
1540,1.57,-349.92,-126.11,25.18
1541,-10.42,-529.11,-153.98,-46.45
1542,-25.87,-526.58,-82.32,91.84
1543,-17.26,-402.32,-127.87,36.77
1544,-18.96,-446.66,-126.81,-2.36
1545,-5.23,-387.99,-77.57,21.29
1546,-21.5,-545.9,-85.94,40.92
1547,-3.95,-514.31,-98.99,38.72
1548,-17.72,-478.71,-102.62,6.48
1549,-11.28,-470.27,-110.93,3.79
1550,-13.41,-543.82,-103.84,10.85
1551,-24.47,-314.3,-149.18,17.98
1552,-28.99,-513.26,-94.79,1.9
1553,10.4,-454.13,-161.93,22.85
1554,-15.08,-476.01,-79.3,33.24
1555,-5.06,-483.26,-92.35,-11.32
1556,-6.05,-448.14,-106.16,24.4
1557,-13.3,-473.76,-109.91,-8.03
1558,-12.34,-492.72,-100.75,23.56
1559,-12.11,-447.65,-106.75,8.13
1560,-34.15,-490.18,-103.2,25.98
1561,-21.29,-498.84,-120.43,24.38
1562,-12.43,-495.42,-154.85,-54.64
1563,-1.32,-420.29,-70.28,64.29
1564,-11.45,-310.71,-103.38,25.69
1565,-34.62,-567.24,-100.76,16.7
1566,-22.12,-534.46,-108.14,7.21
1567,-23.75,-475.8,-109.61,-1.12
1568,-9.82,-367.51,-98.39,12.35
1569,-11.12,-472.69,-84.62,48.39
1570,-12.33,-453.85,-126.77,8.15
1571,-4.19,-504.39,-118.47,49.88
1572,-11.85,-479.8,-98.08,-8.31
1573,-16.87,-489.49,-107.6,3.22
1574,-30.55,-638.14,-117.52,-17.71
1575,-33.25,-341.42,-154.61,54.52
1576,2.09,-265.47,-85.26,30.67
1577,-23.61,-522.51,-102.44,5.66
1578,-7.45,-429.42,-97.71,20.81
1579,-10.97,-506.29,-107.71,19.91
1580,-18.17,-507.35,-104.49,24.21
1581,-13.93,-487.17,-108.41,23.39
1582,-40.67,-483.09,-104.22,19.92
1583,-40.37,-491.36,-101.72,5.12
1584,5.31,-505.8,-216.43,-110.46
1585,13.79,-307.92,-116.19,124.9
1586,3.09,-373.56,-130.11,24.73
1587,-35.95,-616.05,-59.64,40.89
1588,-7.22,-489.64,-95.0,52.24
1589,-8.7,-498.71,-118.29,34.12
1590,-12.31,-478.21,-88.37,2.2
1591,-24.73,-485.68,-104.92,20.23
1592,-11.14,-437.02,-103.75,17.98
1593,-16.88,-464.5,-104.8,16.37
1594,-21.85,-473.87,-108.52,22.98
1595,-20.48,-462.71,-106.1,20.6
1596,-27.58,-453.51,-104.19,18.27
1597,-31.14,-485.99,-112.0,6.08
1598,-36.06,-449.79,-133.57,-73.37
1599,1.83,-474.26,-143.34,7.37
1600,-23.09,-385.2,-107.52,52.29
1601,-37.17,-510.91,-96.38,19.22
1602,15.21,-477.25,-75.04,68.29
1603,-8.13,-489.75,-154.15,14.41
1604,-19.26,-471.81,-81.05,46.58
1605,-45.28,-528.15,-99.03,7.43
1606,-12.35,-445.27,-101.97,15.39
1607,18.77,-340.56,-145.18,42.78
1608,20.86,-319.54,-193.56,-0.01
1609,-18.8,-527.43,-111.79,-35.96
1610,-39.93,-568.16,-69.79,55.42
1611,-12.25,-435.2,-93.49,14.36
1612,-12.29,-457.66,-101.1,8.54
1613,-10.71,-502.3,-108.63,-2.93
1614,-22.14,-466.64,-116.34,33.3
1615,-17.05,-476.98,-108.08,21.22
1616,-14.74,-466.33,-88.1,17.28
1617,-9.34,-464.49,-106.09,4.54
1618,-15.66,-471.31,-109.17,1.96
1619,-22.02,-469.16,-126.1,7.1
1620,-36.45,-516.69,-117.8,67.39
1621,-22.3,-439.37,-97.1,-31.59
1622,3.28,-315.13,-131.06,-4.59
1623,-39.8,-585.01,-81.42,52.19
1624,-13.58,-427.02,-222.73,-87.17
1625,-13.29,-574.8,-81.28,70.6
1626,-25.83,-465.62,-61.78,17.91
1627,-19.16,-493.56,-79.62,16.04
1628,-1.53,-423.48,-114.47,-2.95
1629,-13.73,-384.49,-90.66,63.14
1630,-13.73,-504.1,-144.86,-23.49
1631,-21.56,-540.58,-120.42,-27.49
1632,-6.43,-408.37,-110.13,73.24
1633,-4.47,-445.31,-43.81,19.45
1634,-14.04,-431.34,-129.54,4.17
1635,-24.77,-445.54,-145.46,7.91
1636,-4.86,-493.02,-119.91,48.76
1637,-48.98,-548.4,-108.66,23.91
1638,-9.08,-440.8,-84.96,-1.67
1639,-28.34,-512.48,-76.21,14.7
1640,-4.12,-499.55,-91.78,25.48
1641,-31.39,-418.97,-100.82,7.42
1642,-21.13,-429.36,-112.97,13.42
1643,-1.62,-448.72,-91.48,-1.22
1644,-21.67,-460.0,-84.66,44.34
1645,-24.67,-499.83,-96.48,-25.62
1646,-18.73,-444.08,-131.91,-7.43
1647,-3.22,-498.9,-92.76,43.62
1648,-18.72,-467.83,-68.44,45.13
1649,-32.18,-511.46,-93.57,41.23
1650,-25.31,-422.02,-119.51,-2.21
1651,-16.66,-553.71,-140.26,43.03
1652,1.04,-312.81,-83.3,-37.31
1653,-15.88,-469.84,-83.47,5.51
1654,-3.74,-414.14,-91.13,29.78
1655,-7.38,-409.93,-131.76,29.57
1656,-54.64,-639.41,-121.62,18.92
1657,-20.14,-511.14,-87.29,-14.71
1658,-10.25,-430.47,-131.4,19.41
1659,-17.92,-456.19,-118.62,-81.19
1660,-8.36,-449.89,-91.87,61.76
1661,-34.33,-512.17,-75.28,24.44
1662,-25.77,-468.95,-99.85,3.95
1663,5.84,-456.86,-118.75,42.26
1664,-18.72,-470.31,-70.81,83.2
1665,-8.65,-478.75,-75.2,41.42
1666,-24.23,-448.15,-122.16,-48.57
1667,-26.5,-450.3,-106.85,23.54
1668,-16.26,-386.63,-140.96,45.37
1669,-10.88,-411.62,-58.76,23.97
1670,12.39,-467.84,-95.38,20.69
1671,-22.36,-571.98,-87.93,49.43
1672,-29.13,-558.58,-149.11,-67.48
1673,-9.92,-444.21,-70.15,63.47
1674,-0.79,-388.58,-159.18,-75.57
1675,-6.58,-430.55,-77.03,83.11
1676,-18.46,-496.09,-113.24,-28.04
1677,8.81,-483.39,-127.1,44.55
1678,-5.66,-361.78,-117.85,71.46
1679,-34.64,-546.38,-85.13,-23.03
1680,-28.15,-492.15,-74.64,55.76
1681,-12.89,-317.65,-103.68,0.68
1682,-15.15,-548.7,-94.15,25.19
1683,17.12,-455.81,-99.51,16.36
1684,-26.52,-501.27,-175.85,42.97
1685,-33.28,-541.07,-68.78,19.02
1686,-17.47,-401.11,-79.13,-0.26
1687,-4.96,-344.94,-137.53,-65.88
1688,-22.97,-512.44,-84.38,58.07
1689,-12.9,-474.2,-81.14,29.27
1690,-9.35,-522.9,-99.4,0.91
1691,-21.63,-494.75,-96.01,32.87
1692,-5.65,-438.94,-167.17,9.07
1693,-28.87,-400.81,-61.96,34.09
1694,-13.21,-419.27,-79.06,58.0
1695,-12.47,-497.34,-99.86,22.5
1696,-5.05,-542.19,-138.83,46.13
1697,7.41,-367.87,-100.47,18.07
1698,-11.46,-390.44,-103.19,20.71
1699,-27.83,-433.76,-83.83,21.05
1700,-11.14,-533.21,-131.35,-3.75
1701,-17.05,-449.67,-85.98,20.1
1702,-18.45,-502.8,-102.61,8.9
1703,-9.52,-484.93,-117.36,-6.99
1704,-8.3,-410.86,-126.79,32.91
1705,-20.89,-474.05,-80.53,18.53
1706,-22.62,-483.65,-118.15,-2.4
1707,-29.9,-476.17,-99.49,48.34
1708,-21.72,-463.57,-77.58,18.47
1709,0.99,-418.84,-86.37,36.76
1710,9.43,-433.9,-72.15,15.5
1711,-15.57,-481.44,-92.2,44.12
1712,-12.0,-490.71,-105.89,6.05
1713,-8.18,-362.32,-104.75,22.44
1714,-30.95,-514.43,-174.01,6.55
1715,-29.61,-499.65,-100.9,39.83
1716,-12.31,-521.88,-71.33,69.99
1717,0.64,-435.24,-82.13,73.23
1718,-9.32,-442.74,-84.54,-8.26
1719,-25.1,-570.66,-131.13,-68.12
1720,-19.86,-382.27,-104.47,103.06
1721,-34.12,-405.26,-73.82,17.43
1722,3.15,-352.94,-147.81,21.06
1723,0.72,-502.41,-99.07,37.93
1724,-27.45,-494.98,-73.87,19.78
1725,3.61,-461.27,-116.06,-9.55
1726,-12.0,-463.55,-122.05,35.41
1727,-18.46,-525.42,-84.13,46.22
1728,-28.51,-524.16,-92.01,40.36
1729,-24.5,-523.82,-120.15,-4.42
1730,-19.49,-321.01,-96.06,-0.71
1731,-6.09,-445.04,-149.05,67.51
1732,-5.59,-428.35,-57.29,72.88
1733,-10.43,-469.25,-184.53,-48.68
1734,-19.71,-504.68,-105.74,25.9
1735,-1.32,-439.85,-71.14,4.1
1736,-16.99,-255.5,-110.66,35.06
1737,-61.47,-671.49,-62.48,40.58
1738,26.24,-428.15,-101.38,25.94
1739,-24.73,-514.74,-108.44,17.9
1740,-5.26,-516.35,-120.7,28.81
1741,-0.28,-444.68,-106.77,37.71
1742,-13.23,-490.42,-111.95,47.16
1743,-39.59,-589.15,-95.34,-31.34
1744,-12.21,-308.26,-100.34,19.38
1745,5.38,-389.04,-122.09,58.13
1746,-18.69,-524.78,-159.92,-87.44
1747,5.35,-341.83,-32.47,94.37
1748,-34.53,-580.41,-91.94,30.39
1749,2.52,-335.11,-167.26,46.58
1750,-6.58,-492.77,-52.74,8.04
1751,-6.26,-497.66,-107.15,-57.73
1752,-10.58,-424.5,-112.03,-21.64
1753,-33.14,-491.04,-104.02,60.78
1754,-15.84,-492.82,-80.75,6.86
1755,3.1,-433.03,-125.77,45.01
1756,-20.54,-486.89,-96.27,72.03
1757,-44.1,-544.79,-149.33,-114.63
1758,19.05,-274.83,-101.84,75.87
1759,12.39,-394.1,-135.65,-24.42
1760,-21.3,-462.7,-150.44,0.76
1761,19.36,-451.67,-144.27,22.9
1762,-52.7,-543.57,-228.5,-50.75
1763,-37.13,-447.26,-113.47,22.27
1764,1.66,-395.91,-148.35,41.84
1765,6.29,-468.08,-71.09,18.1
1766,-16.65,-466.85,-76.62,-9.54
1767,-17.13,-528.6,-106.1,-59.2
1768,-55.71,-634.9,-96.68,74.96
1769,-12.98,-239.76,-32.92,-9.12
1770,6.41,-564.54,-100.21,54.25
1771,-15.89,-393.01,-325.13,-194.28
1772,-13.67,-429.89,-89.91,-5.46
1773,-21.1,-510.2,-46.21,64.92
1774,-10.56,-436.79,-36.44,137.96
1775,-14.99,-500.14,-99.07,-40.86
1776,1.23,-417.64,-101.02,-45.07
1777,-36.29,-463.22,-61.2,73.61
1778,-44.82,-579.06,-83.36,32.63
1779,-46.55,-660.05,-95.8,15.77
1780,7.93,-215.71,-99.9,19.28
1781,-29.35,-498.77,-76.6,29.01
1782,-22.33,-463.76,-98.63,50.46
1783,-3.7,-333.81,-116.67,23.22
1784,-23.75,-522.57,-129.42,-1.0
1785,-19.98,-359.89,-177.77,-23.68
1786,-9.98,-513.21,-58.2,33.05
1787,-14.56,-503.02,-85.34,-30.41
1788,-1.66,-499.85,-80.61,40.26
1789,-26.16,-509.94,-67.49,60.35
1790,-14.69,-485.95,-123.11,9.95
1791,-23.79,-523.97,-90.69,24.48
1792,-37.94,-523.96,-123.9,-1.62
1793,16.36,-321.29,-94.03,30.33
1794,-12.64,-362.43,-54.66,88.82
1795,-25.01,-499.76,-92.44,17.65
1796,-0.93,-457.51,-112.29,20.26
1797,-7.22,-480.34,-61.49,139.66
1798,-19.83,-498.66,-101.58,-33.53
1799,-14.4,-494.53,-92.99,17.75
1800,12.6,-354.84,-157.53,-107.56
1801,-64.99,-534.6,-114.87,88.15
1802,-20.35,-435.33,-28.05,72.8
1803,-17.63,-521.79,-104.75,26.41
1804,-12.05,-533.39,-155.36,50.47
1805,-25.22,-486.86,-34.55,69.65
1806,-19.36,-460.48,-98.85,-10.5
1807,-23.19,-443.15,-110.58,-22.31
1808,-7.92,-448.58,-177.99,52.58
1809,-7.49,-371.05,-46.72,53.47
1810,-19.68,-553.38,-108.02,-39.02
1811,-10.91,-488.8,-141.85,0.58
1812,-14.05,-405.47,-103.26,27.46
1813,-41.22,-504.3,-69.72,38.76
1814,-17.35,-480.03,-98.91,66.09
1815,-1.75,-432.67,-163.56,-8.46
1816,-7.2,-480.55,-61.7,-45.55
1817,-23.56,-412.36,-85.05,114.63
1818,-14.13,-473.42,-95.32,65.83
1819,-27.41,-525.11,-77.57,19.24
1820,-23.75,-517.57,-168.32,59.49
1821,-10.09,-474.26,-131.1,-9.9
1822,9.3,-421.81,-162.27,24.1
1823,-17.68,-505.17,-212.43,12.84
1824,-28.63,-516.85,-46.77,-13.31
1825,-13.86,-457.79,-138.64,-8.66
1826,-7.87,-443.92,-53.73,17.82
1827,-14.28,-502.11,-136.82,117.17
1828,-23.87,-515.32,-381.42,-151.38
1829,-14.1,-497.37,85.51,86.76
1830,0.02,-361.04,-102.21,22.43
1831,-30.29,-514.46,-58.02,25.92
1832,0.85,-389.39,-170.27,-65.23
1833,-10.07,-446.13,-50.07,46.45
1834,-11.23,-480.3,-211.52,-120.75
1835,8.42,-392.41,-17.88,125.23
1836,-23.59,-485.12,-95.0,3.15
1837,-56.24,-566.01,-103.28,101.09
1838,-26.8,-474.72,-76.72,21.64
1839,-13.48,-459.34,-77.34,41.89
1840,-4.89,-416.05,-127.52,-32.88
1841,-17.65,-558.02,-153.81,46.91
1842,-11.3,-332.8,-72.58,-56.33
1843,-16.89,-531.03,-84.19,43.78
1844,-22.01,-471.12,-47.35,113.35
1845,-28.45,-484.28,-146.58,-15.62
1846,-8.39,-482.24,-59.43,35.03
1847,4.78,-494.77,-387.72,-28.55
1848,-22.44,-489.12,25.95,6.07
1849,-17.33,-424.1,-73.05,18.87
1850,-1.54,-432.28,-121.35,-75.81
1851,-25.12,-581.14,-78.91,90.33
1852,3.56,-244.38,-66.42,24.46
1853,-16.72,-395.84,-88.62,45.0
1854,-24.17,-588.42,-90.23,74.24
1855,-24.97,-483.56,-73.71,31.53
1856,-12.6,-525.96,-127.43,10.83
1857,-14.19,-471.56,-109.0,-26.55
1858,-16.89,-468.83,-105.44,101.2
1859,-23.57,-502.18,-98.15,-49.87
1860,13.18,-421.68,-86.68,29.85
1861,-22.32,-428.39,-83.07,43.24
1862,-3.14,-390.06,-109.93,17.72
1863,-18.6,-504.65,-182.46,-17.58
1864,-8.59,-470.52,-36.85,95.49
1865,-21.84,-476.96,-77.45,-22.73
1866,-18.01,-419.47,-114.68,156.45
1867,-12.43,-493.79,-117.24,-29.71
1868,-15.34,-523.4,-65.76,5.12
1869,8.85,-484.89,-102.55,-14.44
1870,-28.02,-523.09,-85.86,37.17
1871,-47.72,-560.55,-192.07,61.94
1872,-32.71,-483.63,-58.02,122.56
1873,6.57,-353.15,-58.97,15.14
1874,1.82,-420.5,-84.29,67.54
1875,-2.08,-463.62,-135.23,16.33
1876,1.08,-437.9,-52.56,-25.47
1877,-8.96,-500.08,-88.84,65.26
1878,-7.22,-346.51,-180.8,-74.15
1879,-3.53,-301.75,-56.44,38.13
1880,-42.56,-672.78,-125.92,93.09
1881,-23.75,-526.32,-66.23,39.95
1882,-20.23,-472.22,-70.59,40.53
1883,-54.01,-615.6,-85.56,36.66
1884,1.77,-276.15,-104.51,49.07
1885,4.79,-460.11,-138.19,9.37
1886,-17.01,-459.03,-141.67,-42.41
1887,-12.53,-505.2,-34.35,137.22
1888,-11.7,-424.16,-110.87,33.14
1889,-13.42,-472.67,-104.75,59.48
1890,-25.32,-498.04,-118.35,48.81
1891,-18.17,-511.59,-314.89,-34.99
1892,-9.27,-422.92,-0.27,-29.79
1893,-29.19,-551.78,-101.54,51.29
1894,-10.32,-259.72,-84.43,43.52
1895,-10.12,-490.55,-65.04,12.94
1896,-7.34,-415.15,-88.78,2.62
1897,-16.9,-501.37,-84.79,122.8
1898,-25.0,-599.36,-127.13,-53.25
1899,-17.81,-441.33,-105.83,54.25
1900,4.21,-432.61,-73.43,63.69
1901,7.26,-440.79,-324.77,7.89
1902,-44.77,-506.72,-46.0,-10.36
1903,-10.5,-502.69,-104.57,-2.92
1904,-15.52,-367.69,-77.02,100.91
1905,-11.32,-505.21,-196.31,-72.41
1906,-31.84,-481.58,-128.54,26.05
1907,-11.89,-357.4,-33.94,21.94
1908,-14.16,-509.0,-96.03,82.34
1909,-7.8,-435.82,-151.74,59.1
1910,-29.38,-523.24,-90.62,26.93
1911,-12.91,-390.14,-221.89,-23.25
1912,-10.52,-510.42,-48.62,-38.23
1913,-34.44,-542.47,-111.62,54.34
1914,-22.58,-449.37,-63.91,72.31
1915,-9.87,-490.36,-128.8,27.3
1916,16.64,-241.86,-41.82,24.19
1917,-14.51,-465.05,-212.11,0.01
1918,-29.95,-687.4,-135.21,-4.91
1919,-34.7,-463.62,-28.77,41.27
1920,-18.04,-514.89,-77.99,64.4
1921,-4.47,-398.05,-106.13,106.88
1922,-40.03,-588.26,-83.84,-40.8
1923,-33.19,-544.21,-106.75,3.19
1924,-13.37,-378.44,-146.96,29.43
1925,-5.39,-469.24,-88.98,56.24
1926,-11.05,-472.75,-106.75,-5.48
1927,-4.85,-469.43,-127.29,165.85
1928,-15.54,-496.21,-47.55,3.42
1929,-4.93,-448.48,-176.43,-124.19
1930,-20.32,-524.12,-38.72,151.79
1931,14.85,-300.31,-78.52,31.12
1932,-10.33,-557.45,-107.02,-9.65
1933,-13.45,-362.01,-85.37,33.17
1934,-24.71,-460.88,-81.34,46.09
1935,-33.75,-633.33,-82.83,26.49
1936,-6.32,-466.31,-147.39,78.69
1937,-27.67,-509.3,-88.6,1.75
1938,-9.95,-395.1,-86.63,25.69
1939,-14.19,-414.22,-111.33,74.11
1940,-3.53,-296.33,-88.5,62.89
1941,-36.49,-694.09,-94.52,94.57
1942,-24.64,-449.51,-94.12,44.94
1943,21.47,-347.53,-176.71,-35.9
1944,-36.99,-626.38,-30.54,92.96
1945,-11.38,-438.43,-97.73,9.35
1946,-23.64,-475.57,-183.89,30.79
1947,-8.96,-528.21,-41.66,19.11
1948,-20.4,-540.05,-77.33,45.93
1949,6.03,-418.15,-198.51,98.19
1950,-26.76,-499.98,-63.59,-12.61
1951,5.2,-382.34,-77.1,26.48
1952,-13.14,-495.11,-75.36,59.55
1953,-38.8,-607.04,-173.06,-38.18
1954,-15.97,-370.9,-58.92,135.67
1955,6.78,-330.77,-86.1,29.0
1956,-10.47,-472.83,-58.75,66.11
1957,-19.88,-461.65,-150.94,24.71
1958,-31.14,-529.24,-79.2,43.79
1959,-5.11,-422.49,-74.63,43.13
1960,-35.65,-631.81,-93.68,19.86
1961,-24.89,-489.49,-90.16,78.52
1962,-19.19,-426.92,-138.01,2.24
1963,-13.94,-447.83,-64.69,60.7
1964,2.38,-512.45,-161.9,23.98
1965,-8.63,-394.09,-77.35,105.04
1966,-11.97,-491.37,-65.83,29.86
1967,-8.33,-474.2,-115.49,8.33
1968,-11.17,-474.52,-120.22,55.78
1969,4.56,-453.84,-171.26,103.22
1970,-27.68,-493.35,-38.09,-39.23
1971,-23.28,-526.65,-82.96,24.2
1972,-10.28,-467.26,-129.34,46.74
1973,-2.06,-412.21,-108.05,66.15
1974,14.58,-295.41,-136.59,1.27
1975,-1.62,-476.3,-61.8,49.48
1976,-23.46,-433.43,-102.27,-16.44
1977,-28.08,-632.54,-65.29,107.87
1978,-28.5,-492.3,-82.12,30.22
1979,3.45,-458.82,-91.8,42.43
1980,-1.48,-481.16,-91.13,53.14
1981,-21.29,-498.7,-90.82,57.63
1982,-2.03,-259.08,-98.7,33.27
1983,-20.19,-509.57,-88.04,53.03
1984,-14.85,-525.29,-137.71,108.8
1985,4.59,-468.44,-177.8,17.05
1986,-6.8,-472.78,-87.29,42.15
1987,-12.12,-478.11,-134.83,31.11
1988,-0.42,-444.26,-99.64,71.82
1989,-32.04,-510.48,-70.49,32.05
1990,-35.89,-508.05,-86.84,-59.5
1991,-11.03,-456.89,-79.99,122.76
1992,-12.82,-484.9,-117.26,35.0
1993,-1.62,-403.31,-111.9,26.82
1994,-16.0,-536.5,-134.88,13.61
1995,2.68,-481.88,-106.77,34.06
1996,-20.78,-442.92,-100.29,50.28
1997,6.07,-314.22,-90.35,67.98
1998,0.44,-324.34,-96.9,71.24
1999,-31.33,-484.29,-94.24,48.03
2000,-33.83,-642.75,-72.65,81.94
2001,-15.32,-505.15,-110.99,45.78
2002,-4.88,-416.75,-193.12,-93.05
2003,-5.33,-519.63,-123.18,85.81
2004,-34.38,-559.02,-84.98,44.04
2005,2.06,-347.04,-141.5,89.79
2006,14.71,-375.52,-128.1,58.33
2007,3.38,-350.33,-122.09,-16.9
2008,-30.33,-494.12,-53.06,126.08
2009,7.12,-468.42,-239.2,-43.14
2010,-35.5,-589.83,-61.04,40.06
2011,-14.19,-450.32,-71.68,-11.48
2012,-9.71,-420.66,-138.28,63.52
2013,-42.78,-582.21,-65.99,29.79
2014,-42.87,-633.87,-120.07,5.83
2015,18.94,-316.16,-162.41,87.58
2016,1.09,-410.75,-117.74,-10.01
2017,-2.07,-436.46,-90.67,100.02
2018,-31.93,-514.67,-92.79,74.75
2019,-18.2,-478.15,-69.04,30.75
2020,-2.27,-388.36,-86.83,-27.99
2021,-21.15,-489.65,-107.96,13.95
2022,-1.38,-301.72,-90.63,79.18
2023,-11.59,-554.54,-105.87,41.29
2024,-11.98,-524.61,-108.09,8.26
2025,-18.74,-446.61,-150.56,52.45
2026,-16.67,-472.95,-53.97,103.73
2027,-18.43,-572.66,-86.96,-16.15
2028,-15.31,-444.0,-91.41,134.32
2029,8.14,-342.95,-113.04,-65.58
2030,-8.94,-496.3,-320.69,-9.48
2031,-17.99,-514.11,-73.61,45.74
2032,-14.74,-469.35,-39.73,48.86
2033,-10.44,-449.59,-76.37,97.3
2034,-17.66,-477.8,-175.38,50.01
2035,-32.96,-540.17,-46.31,13.74
2036,8.63,-287.35,-111.21,-51.37
2037,-2.31,-493.62,-103.63,57.42
2038,-0.36,-398.82,-90.47,70.36
2039,-7.36,-383.22,-47.86,87.16
2040,-22.71,-612.23,-131.29,-20.87
2041,-13.72,-481.02,-89.88,71.99
2042,-28.59,-551.15,-155.26,10.13
2043,-0.62,-399.66,-198.89,-68.33
2044,-20.5,-534.51,-141.02,128.34
2045,-9.5,-373.21,-26.82,27.54
2046,-10.59,-459.92,-82.56,22.86
2047,-7.87,-450.74,-53.67,137.39
2048,1.72,-383.52,-123.61,38.59
2049,-5.06,-299.18,-145.8,-89.61
2050,-24.01,-612.76,-86.78,45.77
2051,-21.06,-470.7,-96.98,38.14
2052,-6.44,-461.15,-68.37,149.29
2053,-26.28,-489.69,-95.54,-8.52
2054,-12.95,-498.11,-75.73,52.21
2055,-12.04,-501.23,-155.11,44.44
2056,-53.37,-670.28,-109.65,7.84
2057,9.43,-267.62,-158.31,28.34
2058,-13.86,-457.81,-83.82,38.19
2059,19.4,-384.85,-192.2,20.84
2060,-29.62,-531.97,-62.81,76.04
2061,-7.21,-474.27,-80.4,-11.6
2062,-10.17,-312.3,-157.37,9.48
2063,-16.4,-444.61,-90.48,87.94
2064,4.36,-481.54,-100.44,4.32
2065,-9.66,-430.39,-86.1,17.4
2066,-27.32,-508.89,-75.54,83.32
2067,-3.06,-470.07,-81.06,53.07
2068,-5.96,-491.26,-108.41,16.37
2069,-7.48,-490.95,-106.34,69.75
2070,-3.77,-448.76,-109.92,19.26
2071,-31.88,-541.64,-84.31,92.1
2072,-21.91,-407.46,-117.05,-34.78
2073,19.78,-291.89,-156.91,39.23
2074,-3.8,-550.0,-113.73,8.17
2075,-15.7,-529.92,-135.22,120.22
2076,-15.87,-483.74,-67.1,22.89
2077,-12.05,-468.77,-122.64,9.04
2078,-6.27,-304.57,-88.33,11.38
2079,-33.83,-552.8,-57.56,58.66
2080,-9.21,-516.83,-195.88,-4.55
2081,-17.67,-496.85,-87.3,28.39
2082,14.18,-391.81,-89.09,3.25
2083,-0.77,-434.52,-106.32,27.06
2084,-28.98,-420.52,-76.86,45.16
2085,-20.66,-490.69,-121.66,29.11
2086,-6.91,-465.84,-61.07,76.52
2087,-2.91,-421.6,-150.89,-18.89
2088,-29.82,-512.53,-319.95,37.72
2089,-10.21,-507.51,2.62,-4.68
2090,-5.29,-397.42,-55.56,40.45
2091,-35.21,-489.47,-72.71,35.77
2092,-7.06,-486.37,-82.99,35.73
2093,-6.18,-421.99,-94.47,40.44
2094,-13.55,-472.27,-93.54,38.66
2095,-14.24,-472.69,-122.49,-19.13
2096,-41.01,-563.77,-85.69,-19.33
2097,20.14,-338.62,-108.46,114.46
2098,-8.3,-358.04,-93.71,28.57
2099,-36.19,-529.18,-92.7,38.7
2100,-10.54,-486.19,-90.63,50.64
2101,-11.11,-480.41,-99.47,40.2
2102,-11.54,-466.4,-96.59,25.49
2103,-19.24,-479.38,-134.21,13.05
2104,-26.61,-463.21,-87.83,35.33
2105,-11.51,-449.83,-97.72,23.54
2106,22.38,-497.69,-188.56,-41.03
2107,-53.41,-514.61,-233.01,10.37
2108,-2.77,-208.67,-15.82,72.12
2109,1.83,-422.51,-73.64,53.18
2110,-4.39,-480.5,-82.49,33.5
2111,-18.89,-543.14,-91.87,30.82
2112,-16.64,-476.19,-98.15,35.74
2113,-17.96,-479.06,-99.45,30.4
2114,-11.39,-471.21,-108.42,16.27
2115,-12.86,-448.34,-88.47,0.2
2116,-12.92,-553.02,-115.75,80.1
2117,-25.95,-493.92,-143.62,30.16
2118,5.85,-229.72,-132.04,15.22
2119,0.54,-447.27,-115.82,-82.47
2120,-24.87,-526.53,-87.71,97.53
2121,-17.57,-478.24,-48.5,58.01
2122,-38.13,-498.73,-120.27,-11.98
2123,-8.23,-468.21,-165.46,21.39
2124,28.54,-380.83,-158.34,22.36
2125,-12.49,-452.93,-50.48,38.48
2126,-27.14,-573.49,-93.28,8.13
2127,-19.1,-458.78,-118.16,33.27
2128,-14.8,-435.59,-97.27,25.73
2129,-20.0,-469.93,-79.13,56.6
2130,-38.19,-550.79,-98.47,-3.85
2131,-30.68,-539.75,-91.89,33.19
2132,-10.01,-521.62,-97.39,23.44
2133,20.88,-96.12,-168.57,-14.79
2134,-7.7,-486.87,-61.87,58.34
2135,-13.91,-492.51,-80.79,40.0
2136,-26.94,-456.83,-85.89,36.92
2137,-19.22,-530.61,-89.33,38.43
2138,-24.77,-521.38,-91.37,21.7
2139,11.53,-437.0,-133.17,-14.5
2140,-3.56,-338.89,-197.37,94.08
2141,-31.76,-504.12,-42.05,6.73
2142,-12.05,-480.84,-84.64,-5.17
2143,0.49,-406.0,-167.77,18.95
2144,6.9,-400.97,-70.21,58.98
2145,4.47,-404.76,-97.25,24.57
2146,-23.49,-562.97,-130.78,-24.69
2147,-13.73,-516.69,-62.29,64.49
2148,-22.22,-483.21,-110.2,59.49
2149,-22.39,-543.63,-83.47,18.23
2150,9.59,-338.7,-89.53,79.68
2151,-15.37,-446.82,-166.46,-44.5
2152,-36.75,-579.99,-70.79,64.9
2153,-4.47,-356.55,-74.1,62.21
2154,0.84,-341.44,-199.21,19.33
2155,-3.15,-494.9,-143.32,32.62
2156,-36.58,-496.56,-62.65,-33.42
2157,1.48,-489.42,-186.88,-18.57
2158,-33.83,-657.49,-112.32,42.85
2159,-2.4,-373.06,-40.45,49.68
2160,-24.57,-442.13,-91.9,31.23
2161,-14.66,-310.19,-91.03,18.22
2162,-28.33,-430.82,-110.43,-14.03
2163,-8.13,-569.64,-79.86,71.33
2164,2.46,-490.96,-116.79,-1.11
2165,-6.09,-472.24,-114.2,104.98
2166,-8.54,-481.14,-141.27,29.92
2167,-36.06,-463.07,-118.42,19.14
2168,-16.17,-459.61,-76.4,10.9
2169,17.38,-290.62,-165.69,-61.93
2170,-16.05,-508.8,-113.51,72.7
2171,-18.24,-438.38,-60.9,38.84
2172,-13.17,-423.56,-152.51,-9.34
2173,-16.94,-510.59,-109.48,18.48
2174,-24.95,-489.42,-37.86,77.01
2175,-32.42,-491.46,-86.76,15.61
2176,-21.83,-519.87,-127.09,31.92
2177,1.27,-439.11,-101.83,-14.77
2178,-18.19,-475.21,-116.89,99.33
2179,-40.24,-447.98,-83.23,-32.21
2180,-24.14,-550.67,-94.05,0.69
2181,11.51,-322.36,-106.45,45.75
2182,33.27,-186.45,-90.29,45.65
2183,-32.34,-635.18,-113.2,36.37
2184,-9.03,-482.77,-126.0,1.01
2185,-44.67,-570.25,-235.53,38.47
2186,-2.29,-422.75,-48.88,52.15
2187,-13.96,-460.36,-64.42,50.77
2188,-31.3,-517.54,-130.79,-11.53
2189,-8.65,-381.65,-65.76,42.2
2190,3.07,-467.88,-89.36,40.74
2191,7.93,-453.82,-94.99,13.93
2192,-3.21,-430.56,-144.47,16.65
2193,-15.39,-453.2,-70.34,-9.86
2194,-17.22,-482.99,-94.3,65.49
2195,-16.9,-469.97,-121.2,13.83
2196,-32.84,-451.59,-87.13,85.06
2197,3.23,-434.07,-141.78,-16.95
2198,-36.41,-531.18,-93.06,60.88
2199,-25.98,-488.89,-74.92,53.28
2200,4.29,-436.38,-164.84,72.96
2201,-13.41,-426.56,-52.74,-5.77
2202,-19.34,-507.9,-152.29,-27.4
2203,-14.82,-432.71,-76.11,46.14
2204,3.61,-376.42,-79.0,88.04
2205,-33.71,-525.06,-92.96,82.13
2206,-17.64,-412.09,-88.93,-4.93
2207,-4.15,-474.95,-110.73,-0.4
2208,-15.03,-510.12,-105.96,69.57
2209,0.3,-383.07,-129.33,-63.84
2210,-10.88,-477.34,-94.01,50.41
2211,-35.0,-566.07,-206.93,-57.61
2212,-19.99,-397.75,-47.12,88.57
2213,-11.12,-457.91,-74.32,19.37
2214,-36.73,-485.99,-126.17,211.06
2215,-29.93,-502.77,-71.81,-4.13
2216,-11.25,-369.49,-94.35,7.34
2217,8.68,-483.22,-97.54,82.11
2218,1.87,-455.77,-153.4,-5.48
2219,-16.16,-423.86,-153.16,100.46
2220,-35.07,-401.93,-153.02,-41.37
2221,-17.12,-568.63,-53.12,39.53
2222,-7.84,-430.14,-74.29,26.12
2223,-9.35,-427.58,-114.28,-35.4
2224,-30.49,-565.89,-117.2,97.31
2225,-6.24,-360.69,-86.75,33.44
2226,-7.6,-471.49,-104.08,-0.65
2227,-17.43,-473.42,-129.64,-17.52
2228,-15.25,-480.62,-92.58,107.62
2229,-38.59,-587.29,-70.63,58.75
2230,-11.76,-383.11,-127.05,25.49
2231,4.62,-394.38,-143.34,50.67
2232,-9.42,-410.07,-74.26,43.13
2233,-22.07,-570.05,-101.11,60.76
2234,-19.13,-487.52,-91.81,48.37
2235,-12.88,-467.99,-116.15,64.77
2236,-2.98,-479.32,-149.24,-13.42
2237,-11.64,-383.01,-78.75,29.23
2238,-46.41,-532.14,-85.68,54.45
2239,-25.14,-439.78,-112.95,43.8
2240,-3.31,-476.24,-146.66,42.16
2241,2.67,-521.85,-97.81,-8.56
2242,-1.91,-300.3,-103.91,60.59
2243,-5.02,-375.44,-90.54,27.77
2244,-14.33,-477.99,-87.59,39.04
2245,-8.37,-463.8,-107.03,65.26
2246,-36.94,-600.68,-139.89,-83.25
2247,-18.82,-437.23,-92.28,60.55
2248,-11.43,-391.73,-96.64,42.27
2249,-11.38,-440.47,-88.95,74.14
2250,-16.72,-490.75,-102.96,20.88
2251,-42.4,-613.42,-142.12,79.15
2252,1.42,-406.26,-139.86,-20.26
2253,-19.13,-432.17,-59.04,57.63
2254,-12.12,-406.95,-113.1,26.99
2255,-44.91,-545.31,-107.39,81.02
2256,11.86,-269.97,-120.44,9.7
2257,-5.23,-503.47,-149.76,19.04
2258,-24.3,-535.64,-72.22,57.45
2259,-25.17,-467.27,-97.85,0.15
2260,-10.45,-372.53,-98.74,20.92
2261,-20.64,-560.15,-124.4,13.9
2262,-39.81,-529.45,-112.07,-6.43
2263,-10.2,-480.22,-77.52,62.83
2264,4.11,-368.23,-124.45,70.95
2265,-27.92,-477.02,-75.76,31.38
2266,-21.13,-479.78,-95.54,34.36
2267,-13.46,-429.5,-130.72,-0.98
2268,-3.28,-415.85,-122.29,9.5
2269,11.38,-342.15,-109.12,23.38
2270,-49.38,-540.02,-85.15,62.52
2271,-23.48,-417.74,-96.86,56.08
2272,-38.2,-523.69,-78.28,89.88
2273,-31.95,-540.38,-173.53,45.11
2274,-13.32,-509.39,-92.25,42.19
2275,-14.64,-442.98,-89.2,-12.31
2276,6.02,-443.84,-102.28,35.77
2277,-4.76,-391.95,-173.55,23.18
2278,-15.37,-510.86,-59.75,37.03
2279,-35.2,-485.16,-114.58,24.09
2280,-4.33,-454.7,-85.67,-2.17
2281,-35.29,-421.2,-133.8,26.64
2282,1.24,-449.68,-68.11,84.92
2283,-12.76,-445.26,-130.61,-1.9
2284,11.75,-326.53,-92.16,7.17
2285,-3.52,-471.64,-108.03,18.39
2286,-33.5,-563.84,-103.1,46.2
2287,-26.05,-519.79,-101.92,72.94
2288,-42.57,-579.1,-125.49,14.03
2289,-22.83,-425.79,-132.17,125.3
2290,-13.65,-414.99,-61.83,-42.84
2291,-17.95,-491.73,-121.37,-18.13
2292,-10.1,-426.36,-213.52,23.39
2293,-27.48,-488.72,-49.18,54.48
2294,-33.89,-508.25,-117.56,-5.72
2295,-20.78,-560.37,-82.86,50.96
2296,33.0,-197.06,-96.47,0.1
2297,-4.29,-360.46,-61.56,137.92
2298,-14.64,-370.2,-122.13,-27.93
2299,-22.76,-384.57,-108.28,40.23
2300,-46.39,-591.41,-109.7,51.95
2301,-16.0,-625.89,-167.79,-82.92
2302,-2.84,-459.42,-269.48,-28.28
2303,-17.5,-422.73,-63.32,32.12
2304,-24.01,-564.03,-101.81,132.94
2305,-28.97,-501.17,-96.23,-37.81
2306,-8.76,-454.61,-50.01,25.52
2307,5.68,-304.71,-96.9,35.81
2308,-12.11,-489.16,-100.98,59.93
2309,-10.94,-329.65,-92.37,31.11
2310,-45.74,-537.1,-97.14,44.89
2311,-9.39,-534.18,-93.39,33.36
2312,-19.91,-538.38,-191.18,6.44
2313,-32.94,-487.94,-251.64,65.73
2314,-10.25,-402.58,-37.61,15.28
2315,-8.29,-445.58,-53.63,35.34
2316,-6.43,-499.48,-68.17,11.47
2317,-23.4,-475.35,-78.23,55.04
2318,-29.28,-517.75,-84.51,51.57
2319,-21.08,-415.51,-118.09,-6.68
2320,3.54,-286.43,-88.08,69.72
2321,-8.74,-523.96,-82.4,52.07
2322,-2.52,-476.28,-96.23,43.79
2323,-10.77,-487.77,-195.1,-77.45
2324,4.65,-229.31,-61.6,125.32
2325,-18.87,-621.11,-66.32,42.95
2326,-26.6,-489.03,-89.8,35.91
2327,-21.0,-452.93,-103.06,60.45
2328,-10.28,-418.55,-135.44,-27.2
2329,-29.73,-513.18,-81.48,130.42
2330,-14.51,-485.82,-98.57,21.95
2331,-5.83,-376.78,-105.37,33.84
2332,-2.55,-536.51,-72.92,10.02
2333,-27.45,-524.01,-192.5,-89.84
2334,-37.66,-548.97,-25.89,116.45
2335,-25.3,-429.91,-69.16,103.77
2336,-11.24,-420.31,-73.38,20.58
2337,9.13,-411.49,-156.81,8.85
2338,-35.75,-469.17,-110.62,43.64
2339,-18.35,-384.28,-64.47,-22.53
2340,-20.38,-552.24,-97.32,53.37
2341,-1.01,-480.84,-68.92,41.74
2342,-15.12,-482.64,-98.34,45.15
2343,-17.54,-493.18,-65.42,41.98
2344,-11.01,-428.19,-94.35,10.28
2345,-50.14,-624.54,-146.91,-37.5
2346,-36.42,-435.72,-73.17,57.97
2347,26.68,-256.46,-74.47,74.68
2348,-13.07,-473.19,-63.84,120.28
2349,-8.02,-483.11,-131.03,38.22
2350,-20.83,-448.75,-79.35,-4.65
2351,-24.32,-492.13,-84.72,23.09
2352,-26.99,-491.25,-84.97,20.19
2353,-0.99,-474.27,-146.31,-100.78
2354,-6.96,-400.01,-55.89,108.13
2355,-12.67,-359.23,-117.26,52.63
2356,-11.87,-365.83,-141.71,-56.66
2357,-27.93,-645.97,-60.41,58.42
2358,-17.03,-427.51,-87.02,37.0
2359,-20.59,-508.34,-71.65,43.01
2360,-24.98,-496.8,-80.83,37.23
2361,-18.11,-433.27,-94.03,12.87
2362,1.82,-432.58,-99.98,-8.85
2363,-21.97,-508.59,-149.99,34.62
2364,-32.43,-515.03,-59.71,102.88
2365,-17.01,-429.22,-82.9,4.68
2366,-15.16,-436.29,-83.57,25.47
2367,-24.69,-504.97,-89.03,30.22
2368,-22.3,-459.64,-86.46,36.28
2369,-18.76,-462.18,-89.59,41.16
2370,-42.03,-702.35,-104.18,9.33
2371,50.86,35.96,-128.68,-85.62
2372,-68.28,-567.23,-67.27,73.54
2373,-27.55,-523.57,-113.55,121.77
2374,-16.0,-484.39,-72.52,21.83
2375,-12.52,-486.58,-83.07,49.49
2376,1.85,-481.49,-197.78,84.0
2377,-2.72,-468.02,-128.21,-67.07
2378,-26.68,-524.72,-32.41,68.99
2379,-10.23,-451.38,-73.7,31.02
2380,-14.58,-501.02,-86.68,38.44
2381,-3.99,-430.57,-88.69,31.7
2382,-4.83,-456.93,-92.36,16.67
2383,-1.47,-430.41,-71.23,25.5
2384,-17.82,-482.27,-134.86,17.54
2385,-18.32,-352.44,-105.32,14.28
2386,-21.05,-430.15,-49.27,62.22
2387,-36.84,-554.12,-101.76,22.29
2388,-13.87,-487.69,-134.63,66.72
2389,5.96,-459.6,-124.98,27.95
2390,-42.32,-510.0,-90.13,-18.3
2391,-6.95,-380.37,-227.31,7.22
2392,5.54,-394.7,-69.74,137.32
2393,-4.25,-463.35,-66.91,0.22
2394,5.31,-490.42,-143.09,65.65
2395,-39.03,-509.21,-143.92,-8.82
2396,-2.17,-437.71,-240.55,-34.17
2397,-10.75,-464.03,-66.6,45.6
2398,13.07,-414.09,-144.01,13.21
2399,-20.43,-467.16,-163.76,15.13
2400,-35.69,-540.92,-170.61,114.39
2401,-36.41,-543.26,-16.49,-37.4
2402,1.98,-253.6,-87.32,-33.53
2403,-42.66,-568.43,-145.15,-53.09
2404,-12.72,-519.58,-103.8,39.83
2405,1.98,-368.15,-31.53,124.3
2406,-5.46,-367.72,-128.01,25.26
2407,-1.99,-484.3,-139.4,-26.38
2408,-18.34,-512.32,-205.8,46.31
2409,-4.71,-345.57,-95.91,39.09
2410,-48.53,-671.38,-103.98,-25.69
2411,-13.59,-384.4,-75.77,109.23
2412,-22.16,-448.7,-79.27,-13.43
2413,-27.96,-427.19,-152.82,17.61
2414,-11.63,-460.02,-132.25,-4.79
2415,-7.92,-558.11,-62.88,11.26
2416,-22.17,-527.48,-200.23,41.01
2417,-10.79,-457.97,-71.05,-8.38
2418,-9.42,-420.4,-193.93,3.32
2419,-0.4,-415.21,-17.09,75.91
2420,0.18,-450.23,-74.75,46.95
2421,-19.88,-489.03,-176.32,67.97
2422,-22.68,-509.89,-130.51,51.83
2423,-2.85,-426.65,-89.57,8.59
2424,-39.0,-647.03,-95.97,8.41
2425,4.85,-243.86,-130.89,-16.25
2426,-9.48,-477.6,-107.79,83.16
2427,-35.16,-511.67,-87.16,-45.6
2428,-1.41,-379.27,-79.99,21.84
2429,-11.41,-504.17,-120.34,-102.4
2430,-2.72,-568.57,-83.13,116.35
2431,-12.91,-325.27,-88.01,19.25
2432,-21.44,-518.6,-95.21,47.93
2433,-38.89,-517.53,-51.2,70.2
2434,-13.42,-488.41,-284.88,-40.73
2435,-4.95,-440.64,12.88,62.93
2436,-7.03,-468.48,-63.25,32.74
2437,-12.86,-454.32,-93.69,41.22
2438,-34.51,-444.87,-121.57,55.61
2439,-27.39,-511.82,-53.79,13.11
2440,-16.57,-490.88,-103.07,-19.68
2441,-15.46,-456.02,-107.97,64.33
2442,-11.35,-464.58,-86.72,-3.08
2443,-33.64,-514.0,-100.86,10.24
2444,-26.83,-351.82,-183.34,-51.72
2445,-8.91,-361.84,-26.1,76.75
2446,-19.12,-561.61,-92.33,33.57
2447,2.5,-477.44,-71.87,56.56
2448,0.17,-444.47,-69.59,66.04
2449,-5.85,-368.57,-98.74,-0.2
2450,-36.55,-539.5,-86.59,29.37
2451,-20.87,-566.56,-151.1,76.75
2452,-24.11,-456.8,-99.48,29.82
2453,-27.8,-513.95,-63.35,22.44
2454,-16.46,-406.9,-105.48,24.08
2455,-14.67,-445.1,-99.36,39.18
2456,-53.04,-602.88,-135.81,94.75
2457,-6.55,-356.24,-60.09,-50.6
2458,18.15,-220.63,-90.66,36.42
2459,-34.26,-541.21,-94.59,7.67
2460,-22.79,-560.16,-84.18,103.4
2461,-18.01,-459.56,-100.27,10.13
2462,-12.42,-477.66,-88.4,28.18
2463,-17.9,-494.27,-166.99,-36.41
2464,-31.22,-496.39,-34.8,105.8
2465,-28.43,-484.13,-115.08,117.13
2466,2.85,-467.93,-125.26,-50.66
2467,-10.68,-448.06,-105.7,-9.18
2468,-1.61,-438.79,-87.31,137.07
2469,-41.21,-585.0,-62.1,-11.38
2470,-23.89,-531.38,-82.91,29.01
2471,-11.83,-304.52,-99.46,4.62
2472,-3.09,-426.03,-218.31,33.76
2473,1.46,-456.32,-97.45,25.53
2474,-19.43,-351.59,-47.89,46.77
2475,-24.3,-573.68,-71.65,24.65
2476,-12.14,-513.63,-85.36,67.82
2477,-13.74,-464.06,-70.79,50.29
2478,-22.93,-474.01,-77.23,28.43
2479,-43.3,-591.6,-78.63,20.41
2480,-38.26,-479.04,-108.73,16.6
2481,34.58,-284.3,-89.42,44.49
2482,-1.35,-426.76,-150.19,-6.13
2483,-6.38,-477.16,-63.4,42.17
2484,-10.08,-478.43,-84.72,51.68
2485,2.4,-461.18,-99.26,51.31
2486,-9.97,-323.28,-123.06,99.01
2487,-50.27,-600.23,-91.2,-1.3
2488,2.85,-398.8,-73.08,49.51
2489,9.31,-441.23,-88.11,7.72
2490,-8.95,-479.17,-175.79,25.15
2491,-20.01,-535.64,-110.5,63.6
2492,-22.97,-539.83,-40.67,4.3
2493,-16.43,-468.45,-74.17,85.33
2494,-29.93,-516.73,-95.79,12.08
2495,20.4,-226.04,-96.98,5.52
2496,-4.73,-496.29,-103.7,-8.92
2497,-13.9,-499.28,-96.71,48.55
2498,-34.38,-500.71,-88.5,42.74
2499,-20.96,-455.63,-90.46,34.41
2500,-7.2,-467.16,-111.33,-9.32
2501,-17.76,-438.12,-155.81,55.07
2502,-16.97,-493.65,-85.28,5.09
2503,-9.07,-437.52,-86.99,19.93
2504,-15.71,-427.01,-89.61,42.81
2505,-18.97,-392.69,-98.83,15.97
2506,-17.44,-529.57,-133.25,20.64
2507,0.39,-361.23,-30.77,100.56
2508,-25.46,-534.83,-102.38,39.04
2509,-5.55,-473.27,-112.57,128.25
2510,-13.7,-482.15,-72.6,-17.4
2511,-15.09,-458.28,-126.08,-60.78
2512,-24.46,-517.04,-109.48,83.75
2513,-34.95,-464.88,-98.86,11.21
2514,-35.31,-556.81,-83.16,23.56
2515,-26.97,-565.82,-97.37,7.96
2516,28.76,-180.42,-104.64,0.87
2517,-9.31,-493.32,-158.45,57.8
2518,2.64,-357.82,-80.34,-9.3
2519,-27.4,-501.04,-89.48,33.23
2520,-7.86,-400.3,-150.12,113.65
2521,-22.69,-445.4,-84.64,2.63
2522,-10.37,-475.57,-60.72,-43.18
2523,-15.47,-547.1,-108.33,85.55
2524,-14.11,-502.84,-85.76,24.58
2525,-41.84,-683.68,-96.11,24.17
2526,-43.19,-522.43,-110.76,-4.34
2527,23.77,-278.2,-110.55,38.51
2528,-11.58,-345.61,-111.84,26.37
2529,-13.94,-475.3,-99.3,29.65
2530,-9.62,-461.34,-173.32,-11.31
2531,-9.59,-437.29,-76.96,21.73
2532,-0.06,-351.94,-87.24,41.31
2533,-32.94,-625.39,-103.0,31.96
2534,-27.91,-475.55,-165.92,15.51
2535,-5.24,-343.0,-101.81,-1.67
2536,-12.63,-421.84,-168.99,18.33
2537,-21.89,-479.74,-42.09,33.42
2538,-48.78,-708.46,-79.17,63.74
2539,19.95,-304.36,-81.97,53.76
2540,5.72,-372.02,-84.94,3.77
2541,-24.86,-482.14,-84.4,31.07
2542,-27.97,-459.2,-103.82,32.82
2543,-13.3,-464.11,-112.66,19.58
2544,12.53,-495.75,-148.52,9.22
2545,-13.65,-408.55,-123.04,-4.74
2546,-43.28,-555.11,-83.17,57.2
2547,-8.53,-488.11,-94.69,-5.23
2548,-14.75,-475.65,-84.83,31.81
2549,-16.42,-465.1,-131.75,13.52
2550,8.94,-392.83,-90.08,104.06
2551,-10.94,-445.3,-109.36,-39.58
2552,-8.22,-341.3,-151.03,6.78
2553,-28.37,-481.92,-124.79,8.15
2554,-28.25,-517.27,-63.9,8.92
2555,5.74,-390.17,-100.5,-14.64
2556,-6.52,-416.46,-87.2,38.12
2557,-29.68,-572.95,-120.45,132.14
2558,-22.49,-435.97,-97.47,-23.38
2559,-31.65,-570.81,-82.69,13.92
2560,-19.68,-507.16,-162.09,36.23
2561,-28.54,-491.09,-120.31,0.76
2562,-55.2,-602.61,-62.95,35.16
2563,-13.44,-328.8,-80.9,32.49
2564,40.42,-221.0,-95.39,20.4
2565,-17.64,-495.87,-98.11,25.91
2566,0.97,-453.14,-122.87,9.23
2567,4.09,-410.95,-154.82,25.09
2568,-25.41,-417.72,-65.01,17.1
2569,-37.7,-589.63,-141.34,-32.92
2570,8.02,-371.66,-92.93,46.42
2571,-57.6,-717.0,-107.0,-11.74
2572,5.83,-309.63,-57.22,62.11
2573,-0.07,-404.21,-122.75,-17.18
2574,-14.73,-491.23,-131.95,125.45
2575,-19.76,-553.08,-153.74,-10.46
2576,4.15,-409.37,-84.8,17.29
2577,-27.43,-423.09,-71.62,20.27
2578,-28.5,-602.18,-99.0,26.16
2579,-4.33,-394.42,-106.6,-17.13
2580,-9.21,-395.24,-241.55,-2.56
2581,-29.49,-460.46,-57.8,-1.66
2582,-23.14,-467.08,-66.33,54.94
2583,-10.14,-491.99,-108.77,-29.66
2584,-32.4,-488.37,-79.02,51.09
2585,-23.31,-547.34,-107.32,33.97
2586,16.94,-253.77,-99.77,-7.75
2587,-19.37,-428.61,-88.11,52.14
2588,-9.25,-471.93,-74.26,75.55
2589,-9.82,-411.27,-114.69,21.09
2590,-12.1,-483.65,-101.61,20.77
2591,-23.48,-536.49,-108.07,35.23
2592,-28.41,-524.43,-126.8,-25.5
2593,-22.55,-529.06,-138.51,-6.36
2594,-17.13,-502.46,-108.56,-5.35
2595,15.67,-367.49,-130.29,66.91
2596,-4.82,-396.7,-62.77,88.07
2597,-6.71,-401.58,-91.86,-22.18
2598,-28.07,-493.61,-102.13,21.09
2599,-16.55,-472.19,-86.98,25.54
2600,-14.25,-470.78,-95.09,14.66
2601,-13.58,-471.8,-101.18,31.07
2602,-21.87,-464.18,-93.7,25.65
2603,-13.34,-468.66,-94.48,25.55
2604,1.97,-445.98,-223.34,-88.78
2605,6.48,-416.33,-128.67,20.19
2606,-6.26,-372.59,-56.86,36.23
2607,-21.68,-566.02,-132.75,69.52
2608,-18.52,-376.96,-62.94,5.0
2609,-17.3,-458.66,-85.1,42.74
2610,-17.93,-494.8,-106.54,72.52
2611,-8.41,-469.42,-92.57,-0.73
2612,-9.82,-464.16,-100.85,23.18
2613,-24.34,-475.26,-104.9,25.33
2614,-39.71,-460.76,-102.73,23.01
2615,-40.09,-479.21,-94.88,22.41
2616,7.5,-457.44,-111.21,30.25
2617,0.34,-462.68,-113.35,26.32
2618,-4.79,-460.62,-116.9,2.21
2619,-7.92,-431.22,-110.89,29.54
2620,-7.15,-483.43,-100.2,-23.69
2621,-51.97,-627.22,-163.96,41.51
2622,-24.81,-328.63,-141.71,21.89
2623,-10.09,-447.21,-86.15,77.3
2624,-7.94,-423.61,-103.44,34.88
2625,14.66,-354.84,-126.02,-25.57
2626,1.66,-526.63,-114.81,86.9
2627,-6.88,-344.26,-81.73,-35.22
2628,-14.82,-455.05,-107.12,26.79
2629,-30.88,-528.35,-88.32,46.81
2630,-27.67,-579.07,-122.08,10.59
2631,-28.79,-450.83,-117.55,18.61
2632,-7.46,-377.49,-103.2,44.85
2633,-4.61,-378.43,-107.01,34.83
2634,-20.39,-494.74,-105.1,22.65
2635,-18.7,-511.2,-100.09,-1.19
2636,-15.58,-474.44,-123.71,39.38
2637,-21.51,-456.2,-122.41,33.08
2638,-25.38,-544.74,-101.42,29.4
2639,-20.72,-497.78,-121.03,65.94
2640,-8.02,-413.14,-97.32,5.72
2641,-26.2,-491.47,-141.39,9.64
2642,-28.92,-539.25,-248.31,-35.39
2643,3.38,-310.52,-8.66,59.84
2644,-4.35,-470.37,-92.56,115.32
2645,-8.35,-482.47,-145.34,-82.42
2646,-4.83,-419.21,-103.9,65.83
2647,-1.8,-344.96,-90.62,-36.76
2648,-48.93,-666.04,-113.48,68.63
2649,-23.25,-465.93,-71.08,37.5
2650,4.64,-324.4,-100.09,26.85
2651,12.4,-399.06,-117.33,-2.41
2652,-7.5,-496.24,-127.19,15.07
2653,-19.71,-507.2,-92.46,97.85
2654,-17.49,-331.19,-113.44,50.06
2655,-37.2,-631.9,-80.45,21.86
2656,-24.97,-546.25,-103.17,3.32
2657,-18.59,-438.99,-104.22,4.79
2658,6.7,-408.31,-131.67,25.1
2659,-22.8,-508.43,-147.8,39.59
2660,-52.29,-509.65,-65.85,18.45
2661,-44.73,-611.62,-137.41,-44.64
2662,44.72,-94.83,-134.9,53.07
2663,8.73,-343.34,-70.06,59.84
2664,-22.38,-585.24,-97.24,35.27
2665,-24.47,-537.9,-117.94,-6.16
2666,-5.7,-402.45,-108.61,-5.85
2667,-5.91,-451.82,-102.39,103.82
2668,-11.57,-533.83,-96.35,7.96
2669,-18.0,-489.53,-102.99,11.03
2670,-12.54,-446.28,-123.51,34.88
2671,1.57,-432.5,-70.93,51.53
2672,-14.52,-477.42,-97.44,-5.76
2673,-31.59,-516.18,-108.26,-7.93
2674,-30.31,-428.24,-90.51,76.02
2675,5.34,-453.14,-123.44,-30.81
2676,12.93,-399.85,-153.68,49.93
2677,-22.68,-521.78,-137.27,28.8
2678,-20.87,-363.91,-76.56,38.96
2679,-24.17,-519.8,-81.03,22.33
2680,-17.6,-418.38,-100.41,22.04
2681,7.92,-380.47,-106.01,29.56
2682,-11.88,-523.16,-113.15,1.83
2683,-13.57,-495.29,-164.01,25.25
2684,-21.98,-524.3,-88.04,-20.08
2685,-6.01,-337.23,-109.78,77.29
2686,-25.21,-540.88,-103.62,41.46
2687,3.66,-398.52,-90.4,24.23
2688,-11.6,-477.4,-89.83,46.72
2689,-18.53,-508.3,-96.4,31.93
2690,-13.39,-487.0,-76.46,56.6
2691,-23.47,-507.91,-126.25,-1.28
2692,-13.64,-361.64,-144.37,-117.84
2693,-30.55,-451.61,-128.75,113.59
2694,-6.96,-465.77,-108.79,-13.42
2695,4.11,-487.44,-82.54,58.41
2696,-5.35,-463.78,-161.95,45.23
2697,-6.11,-424.1,-90.34,20.88
2698,-8.61,-472.57,-82.29,23.6
2699,0.41,-461.21,-98.68,-29.56
2700,-9.5,-511.63,-190.19,50.14
2701,14.36,-201.75,-85.81,-22.56
2702,-62.19,-732.01,-83.27,77.17
2703,-18.45,-423.77,-109.42,25.35
2704,-13.15,-475.87,-96.79,24.06
2705,-10.81,-458.44,-88.26,23.51
2706,-20.21,-603.71,-114.88,2.85
2707,-22.8,-418.4,-103.57,35.14
2708,0.77,-323.02,-98.52,15.53
2709,-8.43,-399.93,-101.67,16.6
2710,-19.2,-556.56,-98.31,22.26
2711,-7.26,-412.26,-117.55,-27.69
2712,-4.48,-454.31,-112.07,24.23
2713,-18.39,-519.1,-106.82,44.34
2714,-19.81,-556.26,-148.43,-32.75
2715,-36.05,-438.62,-133.28,24.23
2716,-26.64,-548.59,-74.71,46.66
2717,10.27,-369.03,-178.43,31.98
2718,12.93,-390.71,-83.47,13.54
2719,-31.62,-507.81,-79.39,33.12
2720,-16.18,-480.9,-123.2,14.23
2721,-13.67,-492.2,-100.57,29.53
2722,-34.32,-558.33,-111.44,74.76
2723,-1.78,-393.54,-135.76,-3.96
2724,10.07,-418.96,-124.46,-55.21
2725,-11.02,-241.8,-82.53,18.31
2726,-10.28,-436.44,-109.41,51.59
2727,-19.54,-605.36,-105.37,15.56
2728,-40.46,-682.4,-101.98,32.28
2729,-3.01,-351.32,-130.09,64.71
2730,-0.22,-373.97,-75.05,-34.96
2731,-36.48,-485.51,-109.18,17.92
2732,8.71,-220.54,-181.71,34.73
2733,-9.19,-514.54,-71.27,-5.89
2734,-23.84,-554.55,-103.75,52.09
2735,-19.19,-477.11,-80.31,35.07
2736,-19.58,-526.21,-101.63,-2.8
2737,-9.87,-512.12,-123.08,77.2
2738,-22.82,-504.04,-84.92,5.19
2739,-1.85,-437.83,-90.1,36.27
2740,-9.6,-445.52,-141.49,11.5
2741,-19.02,-508.2,-85.28,21.73
2742,-12.06,-454.8,-108.19,5.78
2743,-5.4,-463.23,-114.67,16.23
2744,-13.66,-493.69,-171.01,53.26
2745,-7.97,-454.73,-80.02,-9.75
2746,-26.08,-543.42,-105.1,14.38
2747,-33.23,-601.43,-101.13,26.2
2748,-6.28,-342.69,-90.59,32.37
2749,-12.98,-449.25,-95.88,11.16
2750,2.49,-277.61,-153.03,22.4
2751,-3.36,-551.05,-97.5,40.95
2752,-10.37,-459.79,-82.4,1.53
2753,-21.09,-510.42,-81.66,47.2
2754,-9.67,-409.9,-125.21,-36.28
2755,0.6,-507.28,-247.14,-10.54
2756,-39.56,-504.14,-29.45,64.59
2757,-43.36,-583.9,-100.05,28.1
2758,-0.64,-390.11,-88.4,17.12
2759,-3.29,-433.27,-95.44,33.52
2760,-12.93,-455.38,-96.51,38.96
2761,-14.35,-462.92,-95.42,29.44
2762,-17.01,-436.52,-106.32,2.99
2763,2.4,-389.51,-114.8,74.06
2764,-13.21,-532.95,-106.35,-25.46
2765,-6.2,-419.96,-94.51,22.71
2766,-13.96,-481.35,-92.17,23.92
2767,-11.75,-483.83,-117.25,28.96
2768,-17.64,-477.91,-95.8,17.9
2769,-23.11,-483.36,-114.58,15.52
2770,-21.59,-488.3,-112.47,16.84
2771,-4.2,-427.25,-98.15,4.77
2772,-24.24,-538.73,-82.21,21.84
2773,-21.62,-501.51,-120.99,72.37
2774,-8.48,-452.28,-95.18,-14.12
2775,-6.35,-322.74,-97.07,18.99
2776,-31.28,-528.45,-92.4,-6.17
2777,-56.64,-614.76,-102.34,26.21
2778,-5.91,-316.51,-94.89,34.9
2779,3.13,-445.66,-147.85,3.2
2780,-15.47,-502.54,-53.03,60.34
2781,-14.22,-503.54,-187.3,-26.98
2782,6.26,-377.91,-63.93,46.96
2783,-4.87,-463.51,-162.58,0.33
2784,-12.27,-492.23,-70.82,22.7
2785,6.03,-422.79,-87.99,69.7
2786,-16.36,-492.27,-110.79,-23.21
2787,-12.35,-416.66,-126.43,25.67
2788,-28.42,-576.61,-87.44,5.15
2789,-20.17,-448.75,-126.03,-2.48
2790,-8.85,-468.73,-74.5,9.02
2791,-10.4,-467.02,-106.45,48.73
2792,-24.16,-550.15,-97.64,19.37
2793,-39.12,-469.7,-115.23,-18.46
2794,-20.12,-491.85,-105.64,34.39
2795,1.74,-422.07,-102.23,24.51
2796,25.0,-236.23,-94.18,25.27
2797,-11.08,-577.53,-93.73,31.59
2798,-24.66,-519.42,-101.2,27.08
2799,6.14,-383.05,-150.73,-21.2
2800,8.37,-486.48,-100.32,115.15
2801,-45.25,-550.54,-42.16,30.81
2802,-35.27,-472.55,-168.5,-51.86
2803,5.44,-296.7,-74.31,61.96
2804,-14.22,-581.73,-140.09,40.12
2805,-24.65,-523.41,-96.22,21.94
2806,1.58,-434.45,-86.04,43.76
2807,4.55,-421.05,-93.01,73.21
2808,-13.86,-484.33,-120.18,19.27
2809,-10.5,-459.35,-161.73,-61.63
2810,-28.34,-525.84,-115.64,-23.57
2811,-28.1,-473.18,-101.34,43.0
2812,-29.57,-491.03,-81.47,43.13
2813,-1.45,-447.61,-99.55,-1.54
2814,2.22,-374.58,-98.55,43.47
2815,-11.96,-519.65,-112.89,32.67
2816,-14.18,-465.14,-113.66,25.71
2817,0.71,-364.61,-79.62,103.14
2818,-4.77,-442.66,-174.82,-37.89
2819,-30.12,-518.05,-54.96,54.29
2820,-30.32,-465.44,-88.37,35.97
2821,-14.2,-522.42,-103.96,13.27
2822,-9.71,-460.7,-102.58,18.87
2823,-10.24,-459.66,-104.59,16.16
2824,-8.89,-464.76,-101.25,39.6
2825,-12.89,-637.3,-104.11,-1.55
2826,10.28,-194.16,-129.46,-53.79
2827,-20.47,-335.34,-155.78,66.47
2828,-7.7,-516.15,-60.71,55.11
2829,-9.95,-489.98,-85.9,32.48
2830,-20.66,-476.96,-78.18,31.99
2831,-12.0,-465.65,-113.32,8.5
2832,-11.54,-514.81,-98.53,64.23
2833,-30.22,-472.15,-120.97,8.37
2834,-24.04,-415.05,-146.09,49.63
2835,-5.16,-596.79,-194.26,-18.51
2836,-19.83,-527.63,-53.9,6.06
2837,20.05,-303.14,-76.88,29.62
2838,-3.78,-401.6,-83.96,28.87
2839,-29.16,-548.24,-88.6,28.63
2840,-16.61,-471.03,-85.79,36.5
2841,-10.14,-457.35,-97.11,33.26
2842,-17.03,-464.07,-98.25,20.65
2843,-21.33,-475.34,-93.3,21.34
2844,-36.98,-479.17,-91.62,20.08
2845,-13.76,-467.18,-100.69,14.46
2846,8.48,-356.11,-107.19,-67.75
2847,6.26,-477.55,-160.78,26.34
2848,-30.57,-449.94,-134.33,84.93
2849,-3.53,-371.75,-101.91,16.51
2850,-24.15,-518.57,-49.65,66.09
2851,-18.59,-524.18,-103.97,24.89
2852,15.11,-395.0,-81.64,69.89
2853,-16.29,-480.72,-95.93,-37.32
2854,-32.84,-556.59,-142.63,15.36
2855,-18.7,-474.24,-98.16,-64.48
2856,8.06,-351.26,-125.73,28.45
2857,-4.04,-537.18,-85.68,27.38
2858,-27.28,-445.57,-97.77,42.85
2859,-25.76,-536.12,-95.54,35.26
2860,3.71,-412.62,-80.51,-13.17
2861,-16.22,-413.33,-90.59,59.56
2862,-18.69,-505.94,-109.3,16.72
2863,1.97,-471.36,-149.04,44.62
2864,-14.06,-468.2,-62.92,30.64
2865,-12.26,-453.59,-147.88,-12.64
2866,-10.02,-489.55,-111.06,-15.32
2867,-12.2,-489.17,-83.64,70.98
2868,-18.54,-515.4,-96.32,6.42
2869,4.44,-320.91,-95.16,9.79
2870,-4.5,-450.47,-185.64,-52.99
2871,-9.33,-489.03,-45.66,114.11
2872,-9.46,-494.73,-108.09,-12.33
2873,-20.17,-474.67,-94.93,23.94
2874,-47.4,-582.97,-142.25,20.8
2875,2.18,-327.87,-64.33,39.18
2876,4.12,-409.74,-139.5,1.86
2877,5.58,-456.29,-109.54,69.8
2878,-28.76,-468.94,-220.91,37.47
2879,-32.32,-490.15,-46.17,-45.27
2880,-17.11,-434.83,-150.31,-152.22
2881,-36.45,-490.77,-179.11,121.39
2882,-11.14,-493.33,-143.28,-14.66
2883,-2.78,-479.36,-31.91,81.11
2884,7.76,-499.01,-361.8,-142.99
2885,-29.44,-443.59,-10.03,251.77
2886,-22.19,-351.75,-42.54,-34.39
2887,14.41,-461.45,-75.84,11.34
2888,-20.05,-459.41,-145.32,-46.57
2889,-6.57,-367.53,-82.33,25.07
2890,1.28,-542.07,-99.81,22.31
2891,-7.67,-429.24,-105.05,1.98
2892,-7.77,-494.85,-100.65,24.46
2893,-12.37,-355.6,-98.8,18.89
2894,0.11,-440.26,-124.71,27.56
2895,-10.6,-406.75,-93.6,13.0
2896,-49.31,-587.96,-97.85,34.47
2897,-20.06,-472.5,-99.57,2.78
2898,-15.79,-456.79,-176.24,13.97
2899,-20.42,-380.9,-87.26,-53.61
2900,16.18,-419.78,-118.26,35.27
2901,1.5,-519.06,-118.41,52.12
2902,-1.47,-263.91,-108.88,65.5
2903,-43.21,-599.08,-55.59,87.33
2904,-18.28,-533.82,-119.5,-59.82
2905,-12.72,-501.47,-131.82,-52.17
2906,-13.92,-522.19,-93.01,42.83
2907,26.79,-348.37,-116.35,-12.41
2908,-14.11,-424.82,-99.69,64.43
2909,-2.28,-481.45,-65.64,27.12
2910,-18.81,-477.41,-130.46,11.85
2911,-33.0,-561.0,-105.47,-20.96
2912,-18.71,-511.68,-92.45,39.23
2913,-23.25,-475.29,-89.91,11.03
2914,12.15,-351.65,-95.7,13.93
2915,-19.87,-454.28,-85.13,30.48
2916,-12.03,-463.67,-90.68,20.93
2917,-14.39,-462.79,-97.41,8.7
2918,-10.1,-479.89,-106.57,-4.97
2919,-28.09,-464.98,-101.48,6.27
2920,-31.22,-383.26,-115.11,8.75
2921,-3.17,-371.88,-126.32,32.94
2922,-0.45,-427.76,-88.82,42.22
2923,-33.14,-608.49,-141.55,2.52
2924,-26.55,-538.81,-94.15,25.79
2925,5.1,-450.26,-120.77,61.23
2926,-19.23,-473.85,-104.02,1.35
2927,-9.37,-482.4,-66.71,6.56
2928,-9.79,-472.96,-92.88,-1.65
2929,5.45,-469.86,-89.09,12.3
2930,-2.24,-392.15,-114.84,60.6
2931,-33.94,-493.78,-89.56,-21.53
2932,-8.67,-425.31,-92.77,35.85
2933,-15.02,-508.48,-104.99,14.84
2934,-11.79,-408.73,-96.46,10.13
2935,-19.59,-450.44,-103.74,-5.55
2936,-2.85,-407.98,-96.88,-5.56
2937,-39.01,-661.95,-84.58,36.26
2938,-22.71,-418.73,-93.14,16.9
2939,-7.12,-395.88,-113.18,2.92
2940,-12.93,-487.52,-82.09,40.12
2941,-14.06,-526.03,-93.23,23.33
2942,-0.78,-446.86,-103.07,6.9
2943,-18.51,-517.18,-137.56,7.62
2944,-6.47,-395.05,-155.84,42.83
2945,-20.03,-399.33,-88.12,-48.05
2946,-22.29,-487.65,-111.87,57.74
2947,-5.95,-425.92,-122.91,19.97
2948,-30.66,-605.28,-80.71,2.3
2949,-4.76,-420.36,-85.24,22.37
2950,-9.22,-465.98,-108.82,26.04
2951,-27.94,-493.11,-92.93,7.2
2952,-6.8,-471.86,-117.94,9.3
2953,-6.82,-443.68,-91.53,66.68
2954,-17.47,-510.81,-86.04,21.91
2955,-23.87,-276.57,-126.14,44.79
2956,-20.36,-499.26,-126.4,12.54
2957,-12.32,-533.82,-70.08,17.57
2958,-3.0,-468.99,-93.53,22.61
2959,-9.99,-471.75,-101.79,9.35
2960,-29.48,-586.15,-98.83,3.52
2961,-0.03,-400.28,-124.19,-33.28
2962,-20.3,-401.05,-89.89,66.44
2963,-25.52,-492.48,-127.75,55.15
2964,-29.44,-592.61,-124.96,-16.47
2965,-0.9,-387.77,-127.96,39.0
2966,6.57,-355.68,-54.56,19.73
2967,-11.09,-483.31,-83.61,19.26
2968,-18.74,-461.31,-112.2,-6.5
2969,28.24,-112.18,-161.5,-57.87
2970,-44.81,-675.6,-110.28,131.16
2971,-18.93,-512.77,-56.74,42.5
2972,-5.72,-484.12,-92.83,7.1
2973,-16.71,-508.63,-97.72,5.79
2974,-2.18,-493.5,-94.41,38.54
2975,-21.31,-502.47,-94.25,23.86
2976,-32.6,-607.13,-103.54,2.12
2977,14.47,-298.75,-108.49,-26.27
2978,-4.44,-420.86,-146.98,39.05
2979,-27.92,-440.87,-63.26,76.81
2980,-38.69,-581.73,-97.52,17.92
2981,-5.21,-428.48,-96.42,13.89
2982,-2.89,-447.16,-94.34,41.26
2983,-25.47,-473.96,-95.34,22.37
2984,-1.59,-489.32,-120.7,-13.72
2985,-19.01,-447.71,-101.27,17.31
2986,-47.96,-516.87,-158.43,83.32
2987,-18.23,-320.61,-66.79,72.0
2988,-13.5,-422.03,-88.1,-13.67
2989,5.09,-477.07,-121.77,24.92
2990,-9.44,-481.39,-113.91,57.84
2991,-11.48,-460.9,-135.35,-2.26
2992,-24.56,-475.12,-78.6,33.48
2993,-45.37,-504.97,-94.07,29.04
2994,-41.65,-466.89,-105.91,10.38
2995,13.84,-521.44,-197.89,-66.57
2996,3.91,-424.07,-94.96,95.5
2997,-29.97,-546.75,-78.55,70.23
2998,-14.53,-423.63,-86.37,24.22
2999,-19.28,-452.81,-93.11,11.29
