,ch1,ch2,ch3,ch4
0,-15.78,-702.91,-260.23,-34.8
1,-29.41,-848.67,-229.25,-1.52
2,-30.88,-672.49,-233.74,-11.13
3,-52.86,-769.55,-242.26,-25.18
4,-59.74,-556.89,-253.85,-26.96
5,-54.16,-805.71,-245.32,-17.73
6,-77.1,-909.34,-246.48,-6.68
7,-157.72,-648.56,-235.93,-21.18
8,-8.63,-788.7,-261.36,-41.38
9,6.18,-720.94,-238.13,-5.3
10,-92.09,-838.59,-243.38,-3.24
11,-34.19,-698.71,-252.22,-24.36
12,-186.2,-892.86,-243.22,-20.03
13,7.02,-704.68,-242.67,-18.24
14,-15.91,-795.09,-252.51,-15.1
15,-40.07,-771.17,-243.19,-12.05
16,-70.46,-781.86,-246.84,-17.05
17,-60.33,-794.65,-251.0,-20.16
18,-72.05,-754.24,-255.94,-20.32
19,-46.72,-802.69,-255.86,-26.23
20,-41.08,-624.12,-265.26,-39.59
21,-53.74,-808.99,-245.4,-18.85
22,-74.78,-890.22,-242.75,-18.79
23,-62.97,-675.02,-241.8,-0.72
24,-65.22,-735.2,-252.12,-25.44
25,1.37,-632.16,-250.94,-29.31
26,-46.46,-877.35,-242.44,-21.18
27,-74.99,-777.15,-238.77,-7.96
28,-31.82,-498.39,-238.81,-15.21
29,-105.96,-844.51,-235.75,-7.82
30,-31.63,-772.79,-248.02,-19.49
31,-98.31,-843.55,-234.36,5.11
32,-47.92,-798.39,-250.48,-25.73
33,-29.96,-694.07,-251.14,-17.18
34,2.55,-818.25,-245.93,-13.63
35,-65.22,-809.62,-241.85,-19.65
36,-9.64,-607.35,-231.63,-20.53
37,-47.32,-807.91,-235.48,-10.43
38,-41.45,-728.72,-244.54,-18.17
39,-61.27,-803.72,-242.58,-27.78
40,-20.04,-774.24,-258.05,-36.86
41,-33.31,-485.72,-238.87,-2.0
42,-121.71,-925.92,-237.45,-5.48
43,-40.94,-769.6,-237.09,-12.61
44,-21.51,-710.84,-239.77,-14.24
45,-40.39,-786.55,-238.97,-14.83
46,-50.09,-669.29,-240.09,-14.57
47,-79.79,-640.58,-251.4,-37.37
48,-229.44,-649.51,-252.33,-51.08
49,60.29,-891.79,-224.88,25.55
50,12.81,-776.91,-239.77,-7.68
51,-19.16,-761.14,-246.71,-16.05
52,-18.5,-649.87,-233.4,-6.51
53,-30.18,-639.58,-251.59,-34.28
54,-67.08,-793.27,-241.01,-17.76
55,-25.07,-607.88,-273.59,-59.16
56,-111.46,-727.52,-229.44,26.09
57,-43.01,-875.9,-233.79,13.65
58,-54.66,-790.54,-236.0,-8.0
59,-50.97,-739.23,-249.58,-15.99
60,-37.49,-755.97,-251.38,-18.97
61,-43.24,-765.95,-236.87,-1.79
62,-54.78,-699.74,-244.74,-15.46
63,-41.82,-753.42,-244.12,-13.01
64,-136.72,-355.9,-244.41,-16.98
65,37.78,-929.9,-237.37,3.41
66,-21.71,-906.47,-245.0,-6.84
67,-37.57,-783.99,-252.5,-10.8
68,-26.55,-675.44,-248.36,-19.09
69,-27.12,-564.4,-252.55,-21.38
70,-49.71,-765.05,-263.49,-28.73
71,-38.84,-718.93,-245.0,-12.92
72,-78.64,-753.87,-230.6,3.45
73,-84.33,-751.59,-233.6,-7.56
74,-22.23,-681.4,-240.36,-15.66
75,-59.22,-771.78,-236.49,-3.13
76,-111.03,-864.16,-252.41,-19.9
77,-17.9,-734.29,-247.42,-13.79
78,-46.72,-651.73,-240.89,-1.85
79,-22.03,-823.38,-235.41,-9.39
80,-73.72,-596.21,-237.75,-24.03
81,9.53,-792.51,-244.19,-13.53
82,-30.26,-783.02,-230.69,-6.28
83,-52.82,-771.47,-232.73,-1.33
84,-59.14,-747.07,-239.76,-9.45
85,-52.7,-753.49,-238.36,-19.22
86,-56.79,-793.37,-240.63,-14.39
87,-44.28,-684.91,-240.74,-12.98
88,-21.06,-693.24,-249.03,-27.52
89,-64.69,-629.22,-240.54,-20.22
90,-71.98,-780.38,-230.3,-1.19
91,-2.45,-727.75,-241.43,-18.62
92,-87.32,-832.79,-235.17,-8.15
93,-51.93,-642.08,-245.13,-15.6
94,-102.14,-844.76,-239.97,-14.3
95,-4.51,-588.61,-251.05,-31.81
96,-6.46,-714.54,-263.51,-30.62
97,-13.7,-752.6,-235.18,14.55
98,-97.66,-753.91,-225.71,12.04
99,-13.5,-646.36,-241.63,-2.67
100,-33.31,-819.88,-246.55,-2.48
101,-61.63,-806.95,-249.09,-6.4
102,-34.09,-626.95,-250.08,-16.64
103,-74.43,-785.87,-248.54,-13.42
104,-46.91,-777.46,-242.02,-2.19
105,-57.94,-760.53,-241.65,-4.89
106,-54.87,-750.97,-230.58,-8.71
107,-43.84,-746.63,-248.91,-10.93
108,-47.49,-751.62,-248.71,-11.86
109,-49.47,-704.93,-254.9,-17.88
110,-106.51,-749.46,-250.93,-3.93
111,-36.11,-684.15,-253.81,-24.12
112,-13.53,-677.84,-244.05,-4.43
113,-8.44,-703.62,-242.05,-10.14
114,-72.85,-797.32,-240.69,-8.66
115,-95.05,-683.28,-241.75,-13.36
116,2.26,-718.51,-247.24,-10.88
117,-39.15,-707.79,-243.41,-3.85
118,-55.38,-816.32,-247.22,-11.41
119,-71.94,-774.03,-250.79,-10.58
120,-75.97,-742.23,-254.48,-16.18
121,-44.52,-753.45,-248.07,-13.53
122,-52.15,-749.58,-243.56,-5.49
123,-33.62,-730.4,-252.73,-14.24
124,-56.62,-742.05,-247.73,-7.32
125,-70.65,-725.65,-250.57,-10.34
126,-86.91,-732.89,-241.02,-7.96
127,-1.91,-748.07,-253.99,-15.6
128,-66.69,-716.63,-255.47,-12.41
129,-48.81,-770.01,-247.09,-9.96
130,-12.09,-750.85,-248.35,-11.36
131,-41.95,-742.15,-253.54,-9.64
132,-38.45,-743.37,-254.53,-19.25
133,-103.44,-737.92,-251.87,-16.01
134,-76.13,-732.7,-260.6,-13.22
135,2.61,-760.41,-256.83,-33.71
136,-37.42,-758.28,-253.54,-31.84
137,-18.96,-750.88,-255.61,-46.21
138,-56.85,-754.24,-251.46,-19.3
139,-66.66,-753.8,-247.92,10.91
140,-8.26,-777.72,-242.78,-9.59
141,-70.44,-770.87,-255.65,-14.53
142,-23.57,-749.57,-272.14,-31.0
143,-65.46,-752.61,-276.58,-89.95
144,-1.81,-751.63,-282.39,-78.96
145,-52.91,-743.3,-243.88,1.71
146,-65.63,-748.26,-240.03,31.02
147,-20.73,-772.64,-251.92,4.53
148,-27.18,-747.46,-252.9,29.93
149,-50.12,-741.91,-259.85,-17.15
150,-29.74,-740.07,-277.94,-46.73
151,-53.18,-727.56,-291.83,-89.16
152,-24.72,-783.49,-270.17,-74.76
153,-49.94,-649.11,-228.18,48.52
154,-32.35,-601.65,-239.91,46.09
155,-30.1,-666.11,-252.28,23.11
156,-45.89,-689.32,-252.13,-1.82
157,-51.71,-686.64,-258.73,-2.73
158,-33.11,-670.95,-257.21,-38.3
159,-27.99,-696.29,-259.02,-4.78
160,-49.57,-704.56,-247.9,21.07
161,-41.15,-703.68,-253.01,15.24
162,-38.64,-688.72,-255.02,-10.09
163,-39.33,-691.0,-254.57,-8.3
164,-38.74,-680.8,-266.21,-8.03
165,-40.15,-670.32,-266.38,8.33
166,-46.62,-680.91,-256.16,-15.25
167,-34.13,-660.86,-269.27,-26.79
168,-34.96,-646.02,-273.9,-96.3
169,-32.35,-666.49,-255.82,5.55
170,-50.07,-773.91,-269.07,-12.98
171,-36.6,-584.57,-253.19,8.86
172,-35.65,-589.48,-247.84,3.87
173,-32.17,-651.3,-260.18,-22.06
174,-43.04,-695.53,-256.11,-6.26
175,-20.37,-517.82,-250.23,2.96
176,-6.98,-549.94,-250.99,-19.47
177,-41.77,-596.03,-249.61,-1.62
178,-33.61,-568.76,-252.85,-16.29
179,-40.91,-628.14,-256.56,-21.24
180,-59.37,-666.96,-255.54,-5.91
181,-48.78,-619.99,-267.77,-31.04
182,-42.3,-587.39,-268.61,-73.87
183,-71.77,-581.43,-262.36,-34.81
184,-24.51,-595.2,-252.49,16.85
185,-48.23,-597.96,-255.84,6.41
186,-22.7,-587.81,-260.24,-26.73
187,-49.99,-566.62,-266.51,-33.53
188,-54.95,-601.92,-278.61,-52.53
189,-11.19,-629.02,-267.17,-8.28
190,-53.17,-704.96,-251.86,3.14
191,-91.3,-652.37,-269.07,-10.51
192,6.64,-623.45,-272.18,-26.77
193,-46.53,-679.26,-268.4,-14.62
194,-56.25,-719.87,-268.27,-23.94
195,-53.69,-687.02,-266.77,-8.87
196,-38.59,-658.06,-283.33,-67.8
197,-40.69,-660.03,-280.04,-53.28
198,-74.07,-697.71,-255.61,29.42
199,-52.1,-693.82,-266.04,-16.81
200,-59.62,-673.27,-269.11,-25.71
201,-45.93,-671.12,-276.03,-19.24
202,-41.36,-687.69,-273.28,-27.65
203,-75.29,-691.58,-278.07,-28.08
204,-89.72,-673.73,-266.67,-10.84
205,-21.49,-690.28,-270.88,-20.01
206,-66.05,-713.63,-271.02,-21.05
207,-56.81,-686.94,-283.41,-38.39
208,-46.15,-694.95,-289.54,-62.84
209,-66.73,-699.19,-274.64,-50.22
210,-45.28,-733.12,-288.24,-67.02
211,-77.55,-739.71,-270.01,-4.12
212,-59.63,-789.93,-273.91,-10.96
213,-15.14,-565.98,-269.54,4.55
214,-23.26,-609.86,-264.79,-18.51
215,-53.26,-662.36,-262.63,-8.33
216,-51.5,-681.39,-265.94,-12.13
217,-53.87,-683.42,-268.42,-20.97
218,-56.13,-676.86,-270.83,-24.02
219,-64.6,-684.22,-268.02,-19.92
220,-53.91,-685.83,-274.23,-34.59
221,-62.45,-678.66,-270.95,-36.6
222,-94.86,-685.57,-272.24,-24.83
223,-24.92,-679.5,-272.98,-29.89
224,-59.26,-658.84,-273.47,-21.52
225,-126.53,-695.92,-268.81,-27.37
226,-3.41,-676.88,-268.97,-31.71
227,-49.68,-677.37,-264.47,-33.34
228,-52.75,-691.71,-276.57,-62.94
229,-66.04,-679.65,-275.12,-58.25
230,-69.89,-659.62,-266.67,-40.56
231,-105.15,-703.24,-265.23,-15.98
232,-33.29,-774.32,-265.2,-24.11
233,-71.67,-678.24,-264.93,-23.24
234,-8.78,-724.17,-265.88,-18.81
235,-58.0,-711.14,-267.6,-33.0
236,-44.67,-581.35,-271.86,-36.56
237,-44.31,-655.31,-251.59,-10.64
238,-79.19,-778.9,-269.58,-62.77
239,-63.12,-666.72,-274.76,-91.24
240,-42.3,-675.66,-248.97,-23.65
241,-61.7,-672.96,-239.81,43.81
242,-54.15,-631.96,-261.85,-55.55
243,-56.01,-688.7,-262.13,-41.65
244,-41.66,-669.07,-262.29,-7.36
245,-31.27,-644.68,-262.11,-21.55
246,-84.95,-716.57,-254.62,-21.78
247,-95.61,-712.96,-269.67,-53.72
248,-82.53,-675.71,-256.78,-50.34
249,-59.57,-648.11,-254.28,-25.01
250,-60.11,-656.84,-251.85,-41.64
251,-69.78,-657.33,-251.86,-27.35
252,-70.99,-734.93,-261.23,-51.85
253,-75.25,-783.48,-274.12,-68.46
254,-50.2,-626.0,-255.23,-12.47
255,-46.16,-571.8,-263.18,-91.75
256,-75.11,-669.67,-250.1,-35.77
257,-86.01,-734.13,-287.49,-63.49
258,0.42,-683.47,-320.01,-110.36
259,-78.89,-740.72,-224.31,-70.96
260,-64.53,-612.19,-225.03,14.33
261,-77.99,-767.23,-272.93,-51.99
262,-85.52,-736.7,-237.53,28.6
263,-72.92,-555.05,-259.52,-43.2
264,-13.54,-631.15,-285.65,-62.81
265,-79.64,-742.04,-253.82,-2.69
266,-34.41,-583.79,-335.91,-119.23
267,-78.77,-671.36,-432.93,-138.74
268,-67.27,-702.17,-382.9,-100.12
269,-49.98,-726.7,-215.29,-27.85
270,-62.68,-724.25,-278.38,-53.19
271,-47.51,-714.16,-185.88,4.88
272,-91.23,-714.34,-262.19,-84.31
273,-29.98,-712.19,-399.15,-163.34
274,-57.41,-699.78,-195.09,-2.59
275,-106.39,-679.28,-299.05,-65.45
276,-76.58,-688.04,-318.25,-117.24
277,-43.84,-688.94,-270.68,-21.09
278,-66.72,-658.38,-248.65,15.48
279,-65.96,-664.6,-360.65,-99.58
280,-141.49,-680.5,-344.64,-104.08
281,-5.88,-660.65,-318.55,-78.69
282,-83.83,-638.21,-261.19,-32.53
283,-15.69,-674.5,-237.32,-84.91
284,-62.62,-670.32,-265.04,-54.62
285,-193.36,-655.88,-311.4,-86.01
286,-82.75,-719.95,-266.56,11.06
287,-138.99,-699.91,-226.35,-81.88
288,-13.11,-683.9,-385.0,-84.87
289,-11.06,-694.75,-410.45,-191.63
290,-58.35,-728.75,-314.6,-27.44
291,-0.56,-615.33,-314.7,-60.87
292,-192.53,-606.55,-332.34,-117.19
293,51.86,-790.18,-351.71,-1.93
294,-69.34,-676.91,-203.07,-139.46
295,-19.24,-702.21,-311.03,-72.2
296,-48.16,-709.74,-277.97,-58.39
297,-107.3,-724.23,-304.69,-63.69
298,-139.44,-694.6,-240.96,-112.67
299,-6.77,-686.03,-246.42,-57.11
300,-13.4,-707.01,-346.22,-149.24
301,-56.97,-719.38,-274.3,-7.62
302,-90.31,-700.7,-273.2,-83.41
303,-101.82,-694.59,-253.78,-35.96
304,-25.18,-683.61,-268.36,-48.36
305,-150.79,-660.48,-404.32,-242.58
306,-73.53,-653.71,-225.71,-60.93
307,18.53,-720.32,-308.91,-91.34
308,-60.41,-722.19,-231.7,20.24
309,-123.94,-679.35,-300.39,-205.93
310,-8.74,-746.13,-242.44,3.79
311,-47.15,-715.44,-278.38,32.06
312,-229.58,-707.5,-267.14,-87.07
313,54.37,-690.33,-219.23,-149.67
314,-105.42,-717.4,-298.2,-25.48
315,-24.04,-666.46,-289.98,-100.16
316,-31.75,-650.91,-325.72,-79.4
317,-52.13,-672.26,-340.36,-89.98
318,-68.11,-681.39,-361.21,-142.8
319,-86.51,-657.38,-172.64,-21.41
320,-45.88,-651.71,-236.18,-85.87
321,-80.64,-686.06,-241.86,-63.22
322,-75.87,-703.88,-280.5,-33.5
323,-83.19,-722.26,-225.32,-13.92
324,-18.93,-714.08,-284.81,-43.67
325,-109.81,-713.6,-366.64,-99.84
326,-82.64,-715.53,-240.68,-101.85
327,-72.28,-712.98,-203.1,-12.55
328,-55.2,-657.83,-230.42,-53.88
329,14.34,-709.85,-261.48,-69.18
330,-37.45,-699.01,-276.7,-76.74
331,-57.83,-682.01,-265.59,-53.46
332,-78.62,-630.19,-251.1,-53.79
333,-109.67,-645.78,-228.63,-15.68
334,-26.04,-667.64,-249.23,-82.26
335,-28.09,-669.56,-280.12,-61.68
336,-34.52,-664.38,-203.55,-89.71
337,-45.02,-676.57,-270.61,-36.92
338,-73.06,-680.81,-249.87,-73.34
339,-34.12,-661.69,-267.49,-67.21
340,-101.81,-694.04,-365.07,-42.37
341,-117.42,-652.49,-179.91,-34.87
342,17.41,-669.44,-320.2,-36.95
343,-98.95,-680.92,-255.05,-151.13
344,-16.73,-667.11,-174.92,16.57
345,5.71,-660.03,-209.07,-35.48
346,-36.21,-646.83,-250.41,-52.23
347,-98.43,-659.9,-240.12,-50.88
348,-8.79,-673.55,-151.36,-34.9
349,-130.75,-657.68,-353.53,-142.22
350,-66.0,-708.2,-252.36,2.13
351,-20.89,-671.38,-185.12,4.53
352,-3.19,-656.29,-280.4,-17.9
353,-40.24,-656.34,-265.51,-45.15
354,-109.96,-659.1,-191.93,2.31
355,-5.82,-677.02,-243.44,-76.62
356,-18.6,-658.7,-268.43,-27.64
357,-50.15,-614.71,-230.86,-97.94
358,-41.45,-648.45,-206.56,-26.2
359,-64.58,-658.89,-246.44,-27.08
360,-154.02,-680.52,-162.09,-12.99
361,-9.87,-623.05,-245.72,-76.53
362,-5.1,-666.6,-353.54,-58.65
363,-72.05,-645.06,-253.34,-54.19
364,-36.46,-659.62,-259.02,-9.95
365,-106.59,-662.01,-204.41,-30.78
366,-40.92,-619.78,-177.4,-53.46
367,-21.41,-631.67,-273.06,-79.89
368,-21.51,-635.75,-207.73,35.51
369,-26.15,-635.76,-215.08,-9.96
370,-136.03,-634.76,-234.46,-34.16
371,37.84,-641.4,-288.8,-107.85
372,-41.55,-661.46,-289.36,-7.06
373,-67.86,-657.57,-189.91,-53.83
374,-55.67,-662.79,-187.61,20.26
375,-75.13,-621.58,-191.79,-38.11
376,-3.4,-658.0,-225.12,-10.29
377,-31.44,-657.37,-223.5,-60.92
378,-42.73,-613.33,-230.15,18.92
379,-56.13,-674.07,-237.47,-23.39
380,-80.31,-670.74,-276.79,-32.13
381,-84.88,-631.52,-240.46,-23.7
382,-4.59,-642.03,-207.77,-78.43
383,2.3,-630.06,-230.48,-72.03
384,-60.79,-619.39,-325.86,-115.15
385,-129.2,-651.54,-162.46,48.04
386,14.58,-613.59,-226.89,12.22
387,-132.1,-632.67,-227.02,-59.15
388,-23.88,-563.75,-185.4,-41.94
389,-8.94,-652.79,-204.6,20.09
390,6.08,-627.62,-230.97,-26.58
391,-57.04,-627.34,-227.79,18.7
392,-103.14,-629.37,-222.38,-23.91
393,-56.71,-608.86,-306.55,-87.05
394,-1.77,-664.24,-254.52,-14.96
395,-31.12,-657.34,-186.74,-23.23
396,-40.82,-640.16,-330.94,-106.6
397,-76.28,-660.4,-189.16,-6.47
398,-15.11,-654.01,-156.27,52.71
399,-32.91,-651.23,-170.96,-23.99
400,-67.35,-651.19,-259.39,-18.01
401,-79.17,-651.98,-232.75,12.1
402,-44.59,-611.22,-178.8,-47.45
403,-96.29,-657.45,-195.61,-26.95
404,-25.4,-652.52,-182.48,-8.77
405,-12.52,-633.53,-237.63,8.38
406,-174.64,-570.92,-297.88,-42.0
407,30.92,-686.03,-340.95,-57.24
408,-15.49,-643.32,-102.47,39.6
409,-61.06,-605.51,-190.78,-38.68
410,-80.34,-662.53,-195.41,-32.53
411,-47.87,-641.7,-277.59,5.86
412,-72.61,-640.81,-183.73,-9.56
413,-11.72,-641.53,-289.58,-60.69
414,-32.75,-666.57,-140.19,18.25
415,-64.22,-640.08,-185.67,0.6
416,-56.03,-636.11,-207.41,-60.85
417,-63.38,-672.57,-190.34,12.39
418,-229.77,-611.5,-241.94,-56.47
419,46.43,-700.24,-345.42,-113.38
420,23.19,-716.49,-124.73,77.22
421,-25.48,-674.58,-232.3,7.86
422,-123.44,-658.5,-208.89,-22.01
423,-3.28,-684.53,-249.6,-67.11
424,-40.26,-689.16,-179.14,35.97
425,-48.05,-651.87,-269.93,-49.1
426,-51.78,-662.89,-200.47,-12.64
427,-62.28,-665.45,-225.28,2.78
428,-50.62,-636.0,-235.45,-79.33
429,-131.92,-640.67,-235.39,-15.07
430,-34.59,-614.67,-198.29,-3.54
431,-35.89,-643.61,-192.98,3.77
432,-106.34,-609.07,-195.67,-68.95
433,-16.47,-652.18,-228.17,-7.34
434,-60.08,-645.48,-169.47,40.01
435,-121.66,-642.75,-337.47,-65.77
436,-26.3,-633.16,-159.67,-17.5
437,-1.25,-624.17,-238.3,-42.98
438,-57.84,-628.66,-165.42,0.51
439,-86.3,-610.7,-194.4,-11.72
440,-34.9,-630.23,-272.55,-29.81
441,-31.78,-672.84,-201.19,-28.98
442,-56.02,-623.0,-179.69,8.32
443,-116.7,-681.91,-204.69,-46.1
444,-24.58,-660.36,-260.88,0.62
445,-64.01,-656.03,-185.43,-23.66
446,-94.99,-668.5,-272.21,-51.81
447,-38.08,-692.46,-253.19,-30.19
448,-4.24,-633.51,-148.36,-70.33
449,-61.94,-692.17,-169.96,19.39
450,-51.04,-673.6,-161.47,25.44
451,-82.96,-662.81,-312.32,-22.14
452,-59.08,-664.31,-195.11,-4.73
453,-65.26,-655.82,-186.34,-29.52
454,-50.77,-630.43,-256.12,-3.22
455,-53.7,-645.05,-190.75,-5.79
456,-114.1,-668.95,-181.25,-1.61
457,-4.84,-658.24,-198.92,-36.69
458,-53.58,-650.85,-204.16,1.57
459,-70.27,-650.6,-249.63,-57.39
460,-85.73,-638.3,-234.71,-73.45
461,-95.55,-605.37,-190.1,15.01
462,-65.94,-648.52,-193.24,-29.96
463,-2.92,-635.68,-226.55,-7.05
464,-89.9,-639.6,-200.18,-8.53
465,-86.53,-619.98,-187.17,-65.31
466,-21.77,-640.59,-172.88,29.08
467,-51.72,-630.62,-204.12,-25.54
468,-29.66,-640.2,-210.79,10.16
469,-103.14,-616.17,-333.92,-52.91
470,-99.4,-674.26,-143.59,-13.75
471,7.84,-656.51,-198.01,-73.36
472,-60.69,-620.42,-245.24,-25.4
473,-41.9,-666.39,-145.88,31.19
474,-100.73,-667.94,-174.55,-3.64
475,-23.29,-665.58,-196.81,-5.83
476,-123.33,-654.58,-209.67,12.41
477,-70.11,-671.42,-231.23,-82.39
478,21.42,-664.56,-178.85,-18.38
479,-43.02,-655.96,-182.63,21.75
480,-48.53,-651.72,-219.18,-1.96
481,-66.68,-643.23,-234.39,-19.13
482,-105.22,-630.55,-183.34,6.08
483,-38.02,-639.61,-172.35,7.12
484,-64.52,-637.15,-186.75,9.94
485,-116.42,-604.58,-197.67,-20.83
486,-189.28,-614.84,-245.93,-60.15
487,19.4,-676.11,-280.52,-29.32
488,16.06,-654.19,-176.05,-14.28
489,-17.3,-661.26,-231.96,-32.05
490,-33.72,-665.33,-153.87,37.28
491,-45.83,-650.63,-148.35,8.13
492,-55.51,-639.2,-194.32,-2.93
493,-66.85,-633.52,-187.98,-0.24
494,-111.23,-626.83,-197.63,2.17
495,-59.35,-629.48,-225.99,-13.12
496,-47.27,-655.68,-159.89,-3.67
497,-110.19,-632.61,-219.37,11.86
498,-126.3,-617.27,-294.61,-52.16
499,58.63,-656.43,-182.55,-120.97
500,-21.67,-692.96,-142.52,80.22
501,-40.18,-667.06,-172.28,12.06
502,-91.09,-669.15,-184.9,2.79
503,-35.03,-651.83,-226.18,-6.88
504,-59.53,-645.21,-181.71,-2.15
505,-71.23,-637.89,-189.43,-12.43
506,-31.95,-639.76,-188.26,-3.76
507,-60.14,-644.57,-197.0,3.47
508,-56.25,-654.02,-202.98,-26.4
509,-122.72,-647.0,-316.93,-78.64
510,-28.4,-622.24,-218.83,-58.82
511,21.92,-683.85,-186.05,27.0
512,-31.83,-649.73,-133.48,73.37
513,-51.44,-635.79,-186.3,-29.45
514,-124.93,-631.32,-183.46,-0.86
515,2.1,-618.75,-188.09,1.74
516,-101.53,-630.67,-202.14,-5.84
517,-21.42,-645.41,-179.47,-3.42
518,-58.19,-629.21,-201.18,-3.18
519,-65.24,-625.9,-187.64,-21.32
520,-25.89,-662.11,-225.2,-17.11
521,-74.48,-651.63,-193.07,-7.27
522,-29.24,-626.16,-318.21,-41.29
523,-30.81,-675.78,-112.59,-6.04
524,-61.31,-637.33,-178.71,14.98
525,-37.6,-634.62,-250.73,-13.29
526,-134.14,-616.05,-263.61,-103.68
527,6.77,-650.65,-118.99,43.75
528,-130.18,-629.6,-224.92,58.95
529,-89.22,-619.06,-220.49,-31.72
530,37.77,-668.27,-182.94,14.92
531,-38.4,-628.23,-226.56,14.34
532,-75.43,-626.54,-170.75,4.85
533,-7.75,-639.55,-182.4,-4.34
534,-48.82,-606.98,-220.14,-42.63
535,-108.45,-615.23,-160.53,5.07
536,-43.06,-615.65,-209.17,-35.36
537,-53.44,-646.77,-229.65,12.36
538,-46.88,-628.2,-182.53,-10.73
539,-100.18,-615.73,-159.34,-1.6
540,-100.54,-646.67,-259.23,-28.56
541,62.17,-617.61,-188.0,9.39
542,-35.85,-620.33,-181.47,2.85
543,-103.63,-608.7,-241.41,-8.62
544,-135.0,-570.46,-159.88,-61.05
545,52.01,-645.73,-162.96,25.89
546,-34.85,-637.94,-171.58,10.78
547,-86.36,-629.08,-207.71,-44.2
548,-127.43,-620.6,-194.2,-54.94
549,-20.78,-668.34,-165.03,41.37
550,-10.84,-659.99,-199.67,-30.26
551,-130.78,-686.37,-216.69,-13.17
552,-75.92,-652.82,-208.99,-2.33
553,-3.21,-693.41,-164.26,10.29
554,-73.43,-658.46,-245.34,2.11
555,-160.88,-631.39,-325.42,-140.0
556,30.43,-697.04,-70.34,65.53
557,-89.57,-653.45,-183.31,-0.19
558,-169.23,-656.7,-209.59,-81.83
559,44.64,-663.71,-167.48,10.22
560,-45.11,-646.71,-224.28,21.43
561,-33.89,-620.07,-157.29,-21.27
562,-82.48,-660.49,-178.71,32.1
563,-25.25,-647.5,-270.38,-59.86
564,-150.93,-635.88,-137.11,-12.06
565,-48.53,-642.11,-194.8,50.24
566,-113.26,-638.18,-320.22,-109.9
567,33.52,-647.8,-56.92,54.49
568,-28.55,-650.92,-324.85,-47.25
569,-134.53,-698.6,-329.86,-57.25
570,1.88,-649.8,-50.04,-19.06
571,-84.42,-645.75,-195.74,65.94
572,-74.8,-615.17,-218.35,-28.83
573,0.04,-685.6,-177.85,-13.26
574,-141.75,-623.24,-191.85,-22.71
575,-91.7,-582.52,-228.28,-66.31
576,27.16,-675.64,-243.09,-87.55
577,-44.68,-653.61,-135.65,50.74
578,-57.69,-649.74,-298.23,27.88
579,-109.15,-642.69,-118.06,-11.81
580,-93.69,-644.62,-171.85,-10.81
581,-38.89,-671.62,-266.0,-67.19
582,-13.99,-650.74,-168.33,-9.88
583,-119.78,-618.82,-215.7,2.43
584,-19.0,-673.79,-216.31,-50.65
585,-45.66,-645.32,-261.51,-85.22
586,-2.28,-652.25,-180.77,25.49
587,-90.72,-664.96,-296.41,-102.79
588,-98.72,-662.35,-83.3,5.16
589,-8.26,-644.46,-165.18,47.26
590,-47.88,-611.15,-161.8,-37.45
591,-99.48,-601.15,-196.93,-6.16
592,-35.05,-643.13,-273.02,-40.56
593,-71.71,-634.45,-152.12,-38.13
594,-133.07,-665.09,-266.89,-68.79
595,22.82,-641.89,-105.67,16.84
596,-35.86,-642.64,-197.47,49.28
597,-142.54,-676.52,-213.91,-15.08
598,15.89,-663.71,-209.01,-38.89
599,-144.44,-648.71,-204.57,-55.3
600,-68.87,-656.57,-213.85,9.79
601,-78.16,-632.86,-255.5,-31.61
602,16.88,-598.34,-97.13,2.78
603,-35.06,-691.99,-185.6,-1.14
604,-176.87,-620.91,-498.06,-109.81
605,3.01,-648.08,-197.89,25.38
606,1.33,-629.57,-74.26,-28.55
607,-66.01,-662.75,-245.54,-3.22
608,-126.13,-638.15,-173.74,-1.91
609,-63.54,-649.28,-267.17,-124.18
610,-123.37,-580.0,-179.45,3.8
611,-6.27,-652.24,-155.7,-34.28
612,-13.5,-650.3,-313.96,-31.82
613,-144.06,-619.05,-92.21,-21.17
614,-42.37,-653.01,-302.4,-36.32
615,13.93,-657.91,-143.5,-30.53
616,-76.05,-636.43,-93.06,37.22
617,-56.52,-624.5,-235.04,49.94
618,-168.38,-645.89,-342.99,-62.55
619,-33.89,-660.15,-399.73,-57.17
620,-33.31,-603.55,-78.5,-46.5
621,-61.23,-635.96,-188.58,-48.5
622,-51.53,-653.45,-313.39,-26.36
623,-60.52,-670.35,-352.08,-74.66
624,-26.6,-681.36,-421.52,-114.47
625,-197.06,-616.24,96.85,75.35
626,28.92,-639.46,-370.94,-45.06
627,-181.52,-711.03,-966.09,-277.31
628,51.86,-663.45,-950.81,30.57
629,22.49,-628.26,-961.93,63.06
630,-67.5,-634.28,-1030.56,4.38
631,-110.16,-603.04,-1324.95,-142.21
632,-35.93,-649.94,-1078.44,-120.71
633,-28.4,-669.37,-1033.79,-16.19
634,-43.48,-656.45,-1104.55,40.07
635,-183.1,-631.78,-1313.66,-78.45
636,-26.76,-616.63,-1254.54,20.69
637,-116.31,-649.4,-1312.19,-47.67
638,-91.91,-658.06,-1250.9,-72.41
639,-16.04,-652.55,-1025.63,35.75
640,7.95,-653.56,-1097.29,-6.09
641,-78.95,-643.71,-1088.15,24.12
642,-22.91,-638.17,-1208.84,9.43
643,-87.09,-658.53,-1120.47,-14.04
644,-79.46,-650.77,-1210.7,-30.43
645,-64.41,-634.38,-1115.33,-1.85
646,5.74,-660.46,-1438.73,-123.54
647,-62.32,-630.95,-1152.05,30.26
648,-131.85,-667.66,-950.46,55.24
649,-95.54,-640.59,-1181.8,-8.01
650,35.9,-639.37,-1277.91,-161.22
651,-69.52,-608.9,-1058.92,94.34
652,-62.66,-605.86,-1410.41,-85.18
653,-44.68,-660.79,-1195.45,-60.42
654,-86.06,-586.3,-1026.36,78.67
655,-103.79,-618.2,-1109.8,-12.82
656,-66.88,-571.17,-1402.66,-67.56
657,-60.76,-665.89,-1021.03,-8.16
658,43.4,-631.85,-1166.53,-3.05
659,-69.84,-640.59,-1253.47,-30.45
660,-92.24,-594.56,-1123.27,33.95
661,-12.29,-624.62,-1261.28,-41.43
662,-44.84,-647.6,-1131.01,-40.3
663,-103.45,-599.16,-1068.59,36.48
664,-91.09,-620.89,-1243.76,-1.94
665,-50.22,-589.12,-1153.13,-37.41
666,19.48,-642.19,-1091.19,30.06
667,-112.02,-592.49,-1210.71,-45.2
668,-95.26,-687.72,-1253.23,-18.18
669,-70.25,-626.77,-1324.65,-41.63
670,6.3,-617.29,-1026.36,7.34
671,-93.47,-585.39,-1083.43,13.95
672,-108.11,-577.92,-1105.99,-10.98
673,-109.34,-600.23,-1131.27,34.08
674,-255.92,-605.27,-1133.87,-2.15
675,203.79,-625.85,-1137.68,13.91
676,56.49,-647.03,-1302.43,-40.37
677,-156.94,-618.56,-1368.85,-38.93
678,-228.41,-576.37,-1129.3,-33.76
679,13.91,-664.85,-1069.9,24.54
680,82.04,-607.81,-1043.9,20.26
681,-70.55,-602.97,-1151.58,-4.93
682,-82.64,-600.19,-1163.97,27.89
683,-45.94,-635.24,-1155.62,-60.56
684,-148.89,-591.18,-1231.54,-33.72
685,-57.99,-556.06,-1105.64,41.8
686,-60.01,-604.43,-1136.42,10.1
687,-142.13,-630.02,-1246.27,-25.64
688,112.05,-638.04,-1212.05,-28.64
689,-128.93,-603.14,-1208.5,3.81
690,-7.94,-632.61,-1085.59,-10.65
691,13.98,-581.64,-1094.39,51.4
692,-89.54,-602.88,-1192.58,-6.22
693,-86.23,-597.55,-1085.59,26.89
694,-142.87,-615.23,-1111.9,33.03
695,-153.59,-561.9,-1295.52,-6.18
696,98.01,-644.82,-1076.2,-9.59
697,-66.39,-630.6,-1112.81,51.34
698,4.52,-614.9,-1200.64,-8.27
699,-29.01,-639.12,-1196.75,-19.64
700,-73.14,-626.95,-1107.74,36.92
701,-77.82,-614.45,-1284.46,-52.07
702,-102.23,-642.66,-1137.58,-16.16
703,-7.05,-612.81,-1083.41,60.59
704,-43.31,-564.56,-1115.37,31.74
705,-119.04,-572.18,-1138.94,-6.44
706,37.87,-625.01,-1085.51,25.66
707,-94.13,-627.1,-1211.0,-5.23
708,-183.48,-558.85,-1096.38,79.57
709,28.64,-635.49,-1145.82,6.38
710,-49.83,-631.5,-1327.22,-77.03
711,13.37,-608.35,-1054.02,67.38
712,-17.47,-622.38,-1088.66,14.35
713,-63.06,-607.8,-1125.38,41.18
714,-61.23,-604.42,-1337.83,-87.11
715,-90.11,-602.36,-981.98,53.56
716,-3.34,-616.7,-1261.28,27.48
717,-250.26,-541.77,-1020.39,60.28
718,41.84,-639.94,-1118.76,-0.55
719,-39.27,-593.15,-1146.14,9.96
720,-26.25,-618.81,-1148.65,33.23
721,-53.57,-614.19,-1286.82,2.35
722,-8.7,-611.28,-1196.99,-42.04
723,-80.48,-616.71,-1037.58,8.49
724,15.26,-614.13,-1108.78,-9.62
725,-88.49,-592.62,-1352.32,-0.16
726,-157.98,-605.35,-974.56,46.93
727,-2.68,-580.53,-1146.88,25.49
728,-47.42,-601.73,-1118.15,46.39
729,-30.01,-640.49,-1311.13,-39.0
730,-35.28,-652.37,-1116.07,31.49
731,15.45,-578.34,-1080.7,15.26
732,-36.7,-609.03,-1119.91,32.59
733,-48.76,-611.43,-1274.54,4.01
734,-57.31,-614.95,-1129.53,15.9
735,-86.53,-584.12,-1073.3,12.04
736,-28.83,-615.24,-1115.51,23.93
737,-193.44,-574.04,-1177.08,-22.49
738,-133.36,-569.06,-1114.05,-48.38
739,37.77,-636.42,-1229.75,53.43
740,-37.2,-590.19,-1061.78,58.53
741,26.69,-617.1,-1127.73,35.29
742,-14.27,-615.53,-1137.51,50.91
743,-26.64,-594.38,-1120.28,19.35
744,-56.48,-610.12,-1276.27,16.7
745,-53.35,-618.21,-1217.3,-35.01
746,-87.12,-568.81,-1011.38,53.83
747,-278.54,-548.82,-1089.34,16.21
748,112.74,-597.79,-1227.34,-16.94
749,31.91,-627.62,-1078.86,30.64
750,-49.69,-610.79,-1164.86,35.14
751,-23.96,-608.86,-1185.79,20.39
752,-47.99,-605.16,-1225.04,4.84
753,-82.41,-577.27,-1134.35,13.32
754,-110.9,-588.65,-1273.51,-34.55
755,12.47,-615.28,-1002.3,77.56
756,-27.54,-586.69,-1108.63,46.99
757,-107.81,-576.17,-1139.63,19.25
758,-116.59,-565.64,-1117.06,70.8
759,24.28,-584.22,-1131.42,31.02
760,-36.43,-611.99,-1271.8,9.85
761,-141.28,-598.38,-1134.57,28.85
762,-18.63,-588.08,-1113.3,-40.72
763,23.32,-603.34,-1105.03,64.97
764,-30.18,-579.95,-1242.57,-32.91
765,-169.14,-549.22,-135.31,20.61
766,30.7,-633.86,-156.87,54.69
767,-32.85,-601.38,-148.52,17.51
768,-48.15,-584.01,-163.95,68.96
769,-50.34,-577.17,-141.93,23.6
770,-120.11,-619.92,-443.62,23.22
771,-385.76,-577.52,-239.46,-108.44
772,258.5,-608.19,5.13,25.64
773,38.81,-576.05,-109.4,71.11
774,-47.51,-601.73,-147.65,48.98
775,-29.22,-594.57,-147.2,50.3
776,-53.48,-595.24,-190.73,18.0
777,-45.93,-589.36,-146.89,32.43
778,-45.8,-594.03,-150.29,40.56
779,-53.19,-592.03,-158.8,22.27
780,-52.17,-595.64,-162.66,32.43
781,-48.66,-585.68,-156.42,30.38
782,-46.32,-585.65,-165.62,23.84
783,-45.61,-602.36,-156.87,39.31
784,-40.68,-588.24,-187.19,6.13
785,-205.02,-575.13,-294.88,15.68
786,-264.13,-558.66,-203.49,-50.3
787,156.55,-657.36,-177.82,-65.87
788,-81.17,-580.71,-258.68,87.6
789,12.02,-587.99,-77.71,56.52
790,99.88,-604.19,-204.36,8.59
791,-15.82,-603.39,-84.9,27.4
792,-79.08,-594.24,-143.04,71.0
793,-123.98,-556.63,-157.36,12.95
794,27.12,-587.86,-157.98,31.1
795,-38.28,-612.03,-166.09,37.61
796,-41.09,-613.67,-168.8,35.84
797,-95.32,-609.24,-153.42,46.19
798,-44.78,-604.55,-156.01,13.43
799,-52.82,-606.48,-179.86,59.23
800,-45.76,-611.01,-213.95,-13.98
801,-78.97,-576.6,-212.12,12.12
802,-16.29,-592.93,-176.56,54.19
803,-299.87,-523.58,-241.49,-18.59
804,156.05,-644.66,-185.68,54.05
805,-3.48,-627.5,-142.09,22.03
806,-66.15,-615.3,-100.58,33.19
807,-53.42,-612.24,-121.94,60.68
808,-96.23,-609.15,-171.01,8.67
809,-22.48,-622.32,-192.4,38.94
810,-105.21,-553.56,-160.15,40.25
811,47.28,-622.98,-156.94,2.42
812,-121.17,-609.03,-377.21,-17.69
813,-75.28,-569.01,-45.72,53.88
814,28.61,-615.18,-124.87,25.76
815,-203.18,-608.67,-221.78,47.03
816,4.28,-588.27,-161.21,51.26
817,51.16,-626.56,-107.7,4.64
818,-47.78,-618.72,-146.22,74.89
819,-101.36,-608.18,-184.32,23.16
820,-31.48,-561.04,-279.45,-15.38
821,-166.48,-637.67,-340.96,-38.5
822,51.73,-604.96,-8.96,2.23
823,-154.58,-584.24,-119.23,64.59
824,12.19,-627.62,-270.71,45.3
825,-118.79,-587.87,-86.57,-1.26
826,21.55,-577.08,-202.57,-31.91
827,-11.4,-647.83,-136.75,69.08
828,-111.92,-636.85,-167.41,57.58
829,-42.56,-623.51,-360.62,-12.62
830,-58.5,-646.72,-11.51,59.91
831,-59.03,-596.84,-215.49,15.72
832,-22.68,-564.82,-122.98,7.92
833,-44.9,-618.97,-323.36,-54.63
834,-189.96,-555.05,-97.62,45.39
835,29.04,-614.84,-210.11,34.27
836,-14.75,-639.41,-144.64,17.24
837,-22.74,-619.2,-143.72,59.93
838,-101.37,-608.14,-201.28,16.67
839,-13.95,-620.77,-178.89,-27.39
840,-6.21,-630.43,-147.45,57.5
841,-83.95,-623.8,-137.65,60.7
842,-39.79,-612.33,-147.63,37.61
843,-82.63,-624.59,-321.77,59.33
844,-34.88,-597.43,-88.06,-50.62
845,-17.41,-594.57,-180.26,37.08
846,-123.47,-598.46,-283.2,-24.61
847,-280.05,-581.78,-135.18,57.23
848,166.18,-654.92,-109.08,50.18
849,-49.56,-634.31,-161.19,51.4
850,-0.78,-607.15,-158.31,37.68
851,-35.45,-623.09,-163.82,11.73
852,-44.11,-612.91,-177.72,22.32
853,-42.52,-609.66,-125.61,37.69
854,-322.31,-483.76,-179.27,15.97
855,141.01,-649.96,-155.1,58.72
856,23.75,-625.8,-211.73,27.16
857,-93.11,-624.97,-404.24,-33.9
858,-3.56,-597.82,-43.88,24.28
859,-83.82,-610.33,-234.8,20.49
860,-33.79,-595.47,-50.58,37.04
861,-40.72,-592.19,-147.11,-33.3
862,-20.06,-582.58,-158.56,93.07
863,-51.29,-606.09,-231.22,25.47
864,-121.47,-579.41,-115.3,2.0
865,-198.14,-586.8,-160.79,48.28
866,26.46,-617.18,-382.09,17.37
867,45.61,-610.7,-40.14,36.71
868,-66.91,-559.33,-122.81,61.92
869,-118.32,-686.33,-207.03,11.16
870,29.07,-612.56,-269.94,-86.9
871,-59.11,-629.07,-81.83,100.83
872,-179.37,-556.06,-155.5,26.55
873,33.96,-629.91,-146.63,69.72
874,33.76,-586.09,-163.11,56.85
875,-30.71,-583.95,-192.29,12.37
876,-103.99,-650.58,-232.98,20.36
877,-11.36,-607.45,-186.57,-2.17
878,-69.9,-608.32,-158.43,-6.14
879,-9.78,-595.48,-204.84,18.02
880,-103.84,-588.19,-100.08,69.24
881,-45.74,-630.5,-165.69,47.68
882,-84.17,-616.91,-169.67,17.53
883,-38.85,-584.62,-124.45,22.22
884,-4.98,-606.97,-173.22,63.39
885,-44.86,-600.82,-228.58,-2.08
886,-255.51,-580.2,-194.1,-13.45
887,39.05,-562.02,-96.75,84.02
888,-18.5,-629.94,-201.47,15.08
889,-78.24,-611.28,-156.32,35.72
890,-69.88,-567.67,-217.63,41.2
891,26.85,-624.36,-306.38,-1.22
892,-44.45,-608.2,-181.9,41.66
893,-45.05,-607.73,-136.31,-0.99
894,-64.79,-537.94,-125.16,46.48
895,-59.21,-595.74,-174.79,27.98
896,-18.41,-607.6,-140.12,24.09
897,-51.84,-580.4,-158.41,60.32
898,-114.03,-582.94,-212.92,13.4
899,-96.2,-614.71,-198.07,36.77
900,-18.1,-581.46,-142.72,27.07
901,-73.56,-609.53,-145.51,25.3
902,-155.99,-600.13,-268.64,7.55
903,-176.29,-582.9,-228.05,23.11
904,112.34,-598.33,-156.72,24.19
905,-65.22,-549.37,-149.84,41.42
906,-39.87,-583.5,-198.55,-18.07
907,7.16,-585.25,-143.48,42.18
908,-37.25,-578.18,-175.92,51.91
909,-120.39,-536.23,-203.06,29.11
910,-126.32,-570.59,-194.9,59.83
911,38.3,-581.68,-240.45,-6.7
912,-1.52,-598.79,-164.35,-5.02
913,-31.83,-596.39,-129.79,44.72
914,-70.11,-595.15,-241.6,31.45
915,-183.56,-575.56,-180.65,43.12
916,9.26,-592.23,-114.24,35.03
917,-73.15,-580.61,-178.79,42.5
918,-218.58,-534.18,-259.3,8.22
919,115.18,-635.8,-110.66,20.21
920,-9.45,-616.53,-140.72,65.23
921,-155.89,-579.31,-254.47,11.17
922,7.16,-603.43,-278.86,-17.66
923,-92.82,-606.9,-116.7,30.73
924,-80.56,-593.85,-159.24,88.93
925,-150.08,-588.27,-140.54,58.0
926,99.24,-598.51,-172.55,10.83
927,-43.39,-601.39,-187.11,58.92
928,-36.37,-569.05,-274.43,-13.58
929,-129.97,-578.47,-139.23,67.28
930,-19.96,-624.4,-195.18,10.18
931,-44.24,-611.01,-121.92,64.4
932,-125.36,-594.4,-313.72,11.78
933,7.47,-622.81,-152.6,39.62
934,-30.67,-575.54,-97.63,60.06
935,-201.09,-571.89,-278.33,24.72
936,-13.82,-574.01,-163.74,-3.69
937,-4.67,-630.24,-101.68,79.11
938,-20.69,-585.71,-213.19,40.79
939,-66.91,-598.41,-152.02,36.32
940,-144.85,-586.71,-188.51,31.28
941,-13.3,-619.43,-276.98,11.2
942,-11.37,-593.68,-85.66,69.66
943,-32.13,-593.86,-182.62,58.37
944,-111.44,-617.86,-125.18,57.76
945,-15.23,-600.29,-217.51,39.07
946,-141.22,-581.32,-237.5,26.45
947,48.73,-597.29,-167.37,-20.02
948,-21.35,-605.8,-139.85,63.17
949,-51.44,-606.32,-153.03,76.02
950,-54.03,-602.8,-177.05,37.09
951,-113.96,-586.67,-197.33,52.97
952,-77.14,-586.3,-187.14,43.87
953,-161.32,-601.62,-315.01,-15.26
954,15.1,-618.04,-59.13,82.64
955,-16.49,-599.46,-314.35,-7.72
956,-45.52,-619.4,-120.27,102.78
957,-62.21,-601.49,-100.26,52.59
958,-32.05,-577.73,-168.12,36.4
959,-87.94,-579.13,-195.26,19.24
960,-51.67,-606.11,-195.94,95.19
961,-10.26,-601.07,-112.26,39.07
962,-50.6,-592.88,-172.23,45.88
963,-119.64,-568.16,-250.31,22.52
964,-123.27,-598.46,-184.31,36.16
965,38.31,-595.96,-142.32,21.11
966,-124.7,-579.93,-153.93,60.86
967,-10.54,-588.0,-179.64,60.9
968,-88.55,-616.39,-196.23,45.13
969,16.43,-623.72,-170.6,39.11
970,-36.52,-621.66,-250.56,23.89
971,-104.74,-623.2,-239.32,29.7
972,-29.6,-582.29,-72.33,48.14
973,-50.71,-594.34,-154.55,65.94
974,-90.24,-577.34,-274.74,38.61
975,-50.86,-563.87,-124.83,37.77
976,-32.54,-604.12,-149.9,19.48
977,-82.24,-585.62,-176.22,71.65
978,-144.45,-601.61,-160.63,47.81
979,-62.57,-599.98,-150.73,48.67
980,-18.59,-595.71,-187.1,20.74
981,-1.97,-585.07,-188.92,20.59
982,-51.14,-588.53,-187.14,46.32
983,-74.62,-570.93,-191.67,36.62
984,-159.1,-574.28,-98.98,51.16
985,43.92,-604.82,-157.65,47.53
986,-27.62,-614.6,-156.47,-14.03
987,-85.24,-574.58,-330.07,17.04
988,-30.22,-586.52,-76.83,32.47
989,-18.49,-614.42,-157.29,63.99
990,-63.46,-588.9,-176.51,19.05
991,-148.53,-580.81,-200.46,50.3
992,-48.86,-596.79,-179.58,40.33
993,-61.44,-599.17,-325.63,-14.58
994,-43.76,-618.43,-3.99,50.94
995,12.18,-587.07,-150.19,45.52
996,-36.84,-588.62,-166.96,39.55
997,-91.67,-599.52,-174.68,25.83
998,-46.21,-543.95,-194.01,27.92
999,-35.46,-617.48,-138.89,9.78
1000,-208.05,-575.92,-226.72,51.92
1001,26.74,-615.46,-331.73,-54.42
1002,-157.41,-596.8,-19.1,52.41
1003,55.15,-604.38,-135.72,61.21
1004,-2.25,-571.27,-180.39,38.51
1005,-108.16,-598.65,-197.95,11.17
1006,-41.69,-565.13,-145.96,53.27
1007,-18.37,-616.1,-129.0,49.59
1008,-31.17,-583.17,-175.51,59.6
1009,-153.47,-594.43,-198.54,24.38
1010,-15.57,-600.33,-139.98,26.9
1011,-33.8,-583.78,-159.22,42.58
1012,-30.5,-587.67,-254.18,-11.17
1013,-254.67,-610.68,-166.32,64.17
1014,53.99,-562.39,-221.3,-61.06
1015,-12.81,-577.05,-100.07,56.94
1016,-24.66,-630.47,-116.84,46.57
1017,-29.28,-585.08,-160.92,13.36
1018,-71.62,-589.37,-212.42,28.14
1019,-28.57,-595.02,-144.27,52.43
1020,-49.14,-578.76,-139.83,32.36
1021,-76.07,-603.05,-166.91,19.35
1022,-301.3,-575.61,-148.47,23.72
1023,52.54,-596.77,-245.34,65.62
1024,72.03,-578.3,-392.9,-52.95
1025,-30.4,-604.56,-1.29,6.07
1026,-101.42,-604.54,-100.64,71.2
1027,5.0,-588.04,-229.84,13.46
1028,-70.13,-590.26,-138.97,47.29
1029,-48.02,-566.19,-151.14,36.72
1030,0.46,-600.65,-205.11,39.93
1031,-67.36,-584.55,-142.44,34.71
1032,-105.9,-553.24,-167.28,46.04
1033,-28.23,-618.92,-286.61,0.9
1034,-156.88,-578.32,-101.92,61.38
1035,15.2,-585.16,-156.02,37.89
1036,6.29,-628.21,-124.16,55.45
1037,-27.11,-573.19,-167.89,29.63
1038,-148.75,-534.92,-157.56,13.07
1039,5.63,-621.26,-169.49,51.65
1040,-226.79,-604.7,-288.42,-9.16
1041,-2.84,-561.4,-196.26,-64.01
1042,50.04,-618.85,-165.59,67.82
1043,-21.37,-567.9,-96.62,55.88
1044,-98.68,-600.3,-209.62,43.39
1045,22.54,-595.97,-178.07,64.34
1046,-28.61,-592.22,-129.57,17.76
1047,-64.86,-558.94,-251.33,27.62
1048,-80.02,-581.78,-124.39,57.84
1049,-78.73,-600.17,-143.54,29.34
1050,3.88,-573.23,-151.95,9.31
1051,-31.16,-536.27,-168.06,40.22
1052,-139.84,-599.05,-307.74,-11.98
1053,-96.35,-521.48,-176.73,21.59
1054,57.84,-587.33,-199.94,-12.98
1055,-84.7,-578.81,-111.97,21.29
1056,-67.38,-673.07,-110.06,-13.91
1057,-95.0,-621.44,-337.53,-48.1
1058,-13.27,-594.82,-136.63,59.97
1059,-11.97,-601.98,-197.58,53.47
1060,-98.1,-587.77,-428.47,-34.19
1061,6.56,-507.49,-81.96,41.4
1062,3.25,-518.02,-107.74,36.66
1063,-80.26,-585.8,-209.23,6.66
1064,-69.04,-604.71,-203.39,-27.49
1065,-32.96,-567.2,-107.16,55.02
1066,-231.53,-520.35,-129.27,45.6
1067,44.88,-605.1,-188.18,-32.25
1068,5.05,-567.17,-157.93,22.76
1069,-96.14,-599.84,-217.36,56.37
1070,-100.65,-594.93,-226.27,-0.53
1071,58.59,-594.69,-91.27,33.56
1072,-63.44,-609.17,-155.81,22.84
1073,-44.72,-595.75,-179.36,7.66
1074,-48.32,-570.58,-178.14,48.69
1075,-186.17,-527.45,-236.11,-1.23
1076,41.92,-623.27,-100.56,17.31
1077,20.87,-632.04,-171.04,18.37
1078,-131.44,-573.34,-160.56,13.43
1079,-125.75,-570.33,-311.83,18.94
1080,-3.74,-619.0,-170.42,-4.65
1081,-58.65,-571.28,-110.38,42.13
1082,35.37,-575.74,-160.72,49.97
1083,-83.69,-590.41,-138.06,10.38
1084,-179.38,-581.29,-275.82,-21.21
1085,89.01,-643.61,-166.1,-11.09
1086,-58.83,-553.92,-104.38,65.73
1087,-119.47,-552.15,-180.36,48.46
1088,-13.07,-594.9,-165.01,46.94
1089,-64.35,-578.3,-204.15,-2.2
1090,-126.0,-588.13,-113.26,30.63
1091,-47.69,-590.18,-186.4,27.62
1092,41.25,-609.1,-238.05,39.15
1093,2.24,-549.05,-44.57,53.04
1094,-37.16,-595.51,-352.91,-34.4
1095,-38.88,-581.46,-134.12,24.86
1096,-140.15,-559.03,-126.77,36.32
1097,-94.1,-578.33,-184.54,5.75
1098,-18.1,-636.19,-176.48,23.93
1099,-17.03,-590.89,-155.19,-2.77
1100,-102.15,-544.22,-127.45,72.22
1101,-4.03,-598.27,-192.8,23.78
1102,-26.96,-563.05,-95.74,46.0
1103,-84.18,-587.58,-283.07,-24.0
1104,-9.93,-548.82,-131.17,-3.54
1105,-93.95,-591.96,-194.52,34.75
1106,3.75,-574.79,-163.15,74.27
1107,-143.21,-585.92,-212.68,25.45
1108,-125.45,-627.7,-121.2,7.7
1109,1.88,-621.45,-338.2,-5.82
1110,-91.88,-564.13,-28.09,22.46
1111,80.37,-543.65,-120.53,28.96
1112,-24.26,-543.86,-126.18,44.26
1113,-102.2,-574.7,-165.95,43.19
1114,-62.55,-553.19,-171.03,0.75
1115,-29.05,-603.79,-161.65,7.21
1116,-52.61,-576.13,-275.44,-12.82
1117,-116.98,-536.34,-139.42,28.73
1118,2.75,-604.43,-164.07,20.52
1119,-41.35,-550.58,-69.25,43.09
1120,-252.4,-588.1,-172.04,16.84
1121,28.52,-614.85,-299.52,12.69
1122,-25.94,-536.98,-78.46,6.95
1123,22.11,-573.83,-51.3,38.68
1124,-19.15,-606.64,-157.14,20.78
1125,-59.46,-562.9,-143.44,16.27
1126,-67.29,-584.6,-112.31,46.81
1127,-43.67,-596.34,-255.39,-3.07
1128,-31.84,-577.48,-237.41,-24.51
1129,-107.04,-539.91,-102.19,30.41
1130,-448.29,-586.49,-115.88,10.69
1131,289.42,-560.12,-97.24,54.85
1132,23.06,-597.49,-156.56,25.01
1133,-34.01,-579.38,-146.58,25.77
1134,-89.04,-553.91,-164.72,3.33
1135,-62.15,-537.22,-170.78,37.96
1136,-23.78,-609.3,-137.43,17.42
1137,-98.52,-625.97,-206.41,0.88
1138,-89.16,-577.13,-182.2,-3.54
1139,33.85,-545.65,-119.42,36.96
1140,-36.64,-580.3,-401.06,-22.79
1141,-163.95,-594.52,-118.52,-34.35
1142,-76.23,-589.97,-7.45,70.21
1143,61.47,-566.68,-144.17,36.18
1144,-27.26,-578.64,-164.91,21.84
1145,-133.42,-589.42,-156.72,11.6
1146,-84.95,-496.11,-250.86,-8.59
1147,-0.67,-583.23,-247.05,-26.61
1148,-58.67,-534.79,-36.33,95.43
1149,-13.75,-622.43,-123.33,22.87
1150,-45.25,-595.61,-162.37,40.26
1151,-28.4,-586.09,-129.69,30.81
1152,-48.22,-587.15,-136.21,39.23
1153,-161.72,-608.99,-272.12,-24.61
1154,-396.72,-566.55,-144.29,-8.99
1155,291.9,-628.45,-104.68,-29.87
1156,-15.28,-539.09,-143.6,81.83
1157,-14.97,-609.33,-135.84,30.53
1158,-43.43,-628.99,-304.62,17.01
1159,-54.09,-548.23,-267.47,-6.51
1160,-37.65,-546.2,-7.9,39.91
1161,-50.86,-560.68,-116.54,40.03
1162,-62.57,-586.54,-132.8,38.53
1163,-64.6,-652.54,-169.51,22.69
1164,-137.91,-584.39,-242.22,-8.58
1165,-331.9,-488.06,-86.66,48.08
1166,155.65,-552.25,-189.94,-55.75
1167,13.35,-673.49,-201.97,50.85
1168,-30.58,-535.56,-97.1,29.04
1169,-24.63,-565.17,-166.69,32.15
1170,-39.87,-572.08,-161.94,18.4
1171,-46.2,-569.29,-128.46,30.42
1172,-74.17,-595.78,-157.17,19.1
1173,-132.46,-542.76,-162.61,0.84
1174,-73.44,-491.25,-229.82,13.66
1175,14.48,-634.34,-174.54,-4.86
1176,-51.08,-678.01,-118.1,-3.07
1177,-181.4,-599.0,-322.61,-4.53
1178,36.33,-539.57,-18.33,61.41
1179,15.29,-496.4,-95.22,26.23
1180,-33.09,-517.28,-148.02,31.65
1181,-142.69,-523.82,-169.06,30.77
1182,-22.78,-575.78,-224.74,-4.38
1183,-6.48,-580.0,-89.15,20.99
1184,-71.43,-568.71,-176.16,25.11
1185,-86.97,-612.35,-143.33,49.45
1186,-113.06,-620.81,-190.45,-1.97
1187,-52.01,-572.78,-149.46,11.44
1188,14.15,-612.89,-141.21,41.68
1189,-26.32,-588.98,-309.36,-50.28
1190,-70.33,-561.39,-58.54,46.9
1191,-159.16,-525.53,-122.72,18.58
1192,21.8,-560.57,-167.77,36.92
1193,-31.08,-614.69,-137.06,54.6
1194,-43.54,-618.44,-310.95,-77.18
1195,-49.05,-501.82,-22.49,55.58
1196,-41.29,-560.93,-100.71,67.85
1197,-47.08,-561.53,-157.85,17.26
1198,-67.22,-578.05,-161.21,27.05
1199,-377.75,-554.2,-195.65,6.47
1200,140.9,-546.01,-203.15,-11.76
1201,-54.88,-580.81,-135.25,11.78
1202,11.71,-638.6,-229.63,27.89
1203,-26.71,-556.25,-147.19,23.51
1204,-42.79,-534.63,-83.06,24.72
1205,-29.65,-578.7,-136.97,27.66
1206,-36.56,-555.89,-167.88,33.42
1207,-51.38,-559.49,-136.32,31.7
1208,-82.61,-565.25,-144.69,16.83
1209,-399.89,-515.38,-128.1,35.6
1210,126.46,-561.27,-196.23,-2.26
1211,92.24,-689.14,-374.57,-6.23
1212,-40.55,-767.63,-170.54,-61.59
1213,-41.79,-559.18,-27.38,32.08
1214,-30.75,-473.72,-101.37,76.39
1215,-34.87,-478.66,-149.34,46.21
1216,-55.01,-575.63,-139.82,46.92
1217,-53.98,-563.57,-159.09,19.07
1218,-50.91,-555.29,-284.59,1.38
1219,-77.66,-644.07,-72.87,58.44
1220,-95.03,-567.35,-138.46,12.35
1221,-66.7,-523.01,-147.07,13.4
1222,-94.71,-518.7,-150.66,26.77
1223,-218.48,-534.34,-142.87,31.55
1224,161.23,-607.22,-157.81,20.75
1225,-116.36,-562.56,-161.85,13.8
1226,5.56,-637.73,-204.71,1.5
1227,-28.23,-691.13,-423.19,-23.55
1228,-71.39,-681.58,-87.45,3.7
1229,-26.46,-603.38,-79.3,60.21
1230,-71.47,-448.22,-285.98,23.05
1231,-60.07,-490.01,17.02,44.72
1232,-25.7,-601.41,-167.59,22.39
1233,-24.32,-532.86,-161.48,13.79
1234,-26.21,-500.76,-138.85,25.47
1235,-54.1,-600.62,-148.3,40.85
1236,-52.8,-599.41,-178.17,-13.14
1237,-166.34,-587.04,-204.97,43.4
1238,-74.75,-585.9,-96.22,36.71
1239,51.07,-706.31,-140.12,45.19
1240,-45.87,-544.12,-203.06,-7.1
1241,-207.88,-590.78,-171.35,7.48
1242,93.79,-637.46,-136.25,34.79
1243,-52.74,-450.37,-246.16,4.49
1244,-105.86,-568.66,-195.91,55.19
1245,-0.81,-595.1,-103.21,33.59
1246,-16.0,-549.75,-133.86,-0.8
1247,-22.89,-561.43,-133.75,12.17
1248,-47.06,-581.4,-136.37,45.47
1249,-75.51,-575.97,-158.54,21.19
1250,-122.84,-641.92,-148.16,22.62
1251,-125.99,-549.65,-187.77,-50.96
1252,34.29,-596.0,-204.54,-15.79
1253,-50.36,-586.87,-317.81,-67.34
1254,-23.02,-562.69,-37.89,91.96
1255,-8.14,-563.4,-76.5,89.62
1256,-43.68,-565.69,-139.19,-21.14
1257,-71.2,-618.06,-151.47,19.3
1258,-87.72,-570.71,-190.32,26.21
1259,24.68,-506.34,-330.78,-73.78
1260,-48.05,-597.99,-205.73,-38.16
1261,-82.73,-496.24,-175.27,14.04
1262,-1.25,-573.8,-132.78,57.1
1263,-119.25,-538.18,-105.74,16.64
1264,-292.1,-453.72,-111.41,32.08
1265,276.04,-540.88,-244.92,-11.09
1266,-21.19,-602.39,-115.23,17.42
1267,-191.58,-568.16,-207.46,2.7
1268,9.11,-580.3,-155.51,-56.12
1269,-9.84,-569.96,-127.62,56.63
1270,-15.21,-544.7,-218.28,-9.6
1271,-67.49,-521.5,-145.37,57.01
1272,-65.23,-578.39,-123.45,73.73
1273,-50.44,-623.43,-227.87,7.68
1274,-32.37,-638.89,-179.16,-45.27
1275,-17.63,-476.04,-100.1,78.78
1276,-39.86,-522.42,-147.65,35.44
1277,-100.31,-555.79,-135.63,50.83
1278,-8.58,-595.04,-168.99,-38.14
1279,-69.74,-570.94,-272.08,-9.14
1280,-158.36,-588.21,-90.81,7.35
1281,-62.88,-505.47,-140.54,31.17
1282,104.28,-610.97,-146.99,25.76
1283,-153.06,-690.07,-191.78,15.4
1284,-35.17,-444.5,-292.68,-13.06
1285,45.53,-571.57,-162.39,8.6
1286,-29.69,-612.49,-119.28,12.62
1287,-22.13,-610.48,-149.86,-4.36
1288,-52.98,-528.97,-114.23,67.69
1289,-113.84,-585.28,-213.54,12.5
1290,-33.84,-645.48,-106.84,6.54
1291,-56.29,-562.76,-195.87,11.13
1292,17.13,-571.46,-113.51,23.77
1293,-154.32,-565.32,-182.43,32.19
1294,31.62,-587.71,-273.99,-68.22
1295,-54.94,-699.38,-183.47,-6.29
1296,-171.35,-623.4,-83.09,-4.68
1297,76.52,-446.9,-121.37,70.48
1298,-38.02,-572.71,-147.78,42.73
1299,-7.87,-598.01,-193.26,-6.22
1300,-5.38,-574.21,-180.77,17.86
1301,-62.57,-588.53,-164.81,40.04
1302,-106.64,-624.37,-295.83,-105.02
1303,-19.68,-655.22,-4.15,100.58
1304,-35.94,-470.79,-133.02,28.0
1305,-5.56,-522.1,-181.88,20.42
1306,-19.7,-546.34,-109.08,11.98
1307,-39.89,-628.53,-156.51,-7.94
1308,-203.8,-544.36,-241.16,-47.56
1309,35.12,-637.48,-125.58,49.74
1310,2.31,-586.96,-126.07,26.07
1311,-26.51,-527.13,-240.26,24.87
1312,-25.99,-581.81,-152.63,-18.35
1313,-35.01,-580.99,-82.06,68.22
1314,-30.25,-554.69,-180.44,28.53
1315,-56.37,-582.08,-101.49,13.81
1316,-101.25,-611.91,-122.84,36.65
1317,-13.11,-613.08,-242.09,-0.62
1318,-86.76,-587.57,-64.31,40.71
1319,-95.81,-620.94,-143.39,13.52
1320,-34.34,-477.97,-156.89,56.29
1321,34.27,-482.85,-175.88,20.15
1322,-145.59,-656.73,-233.22,-19.02
1323,35.11,-512.8,-180.7,-82.68
1324,27.55,-540.25,-143.28,98.28
1325,-16.34,-522.91,-142.5,39.54
1326,-147.49,-569.44,-291.51,23.55
1327,33.62,-600.66,-6.98,36.5
1328,-25.05,-586.55,-144.57,20.21
1329,-56.24,-640.31,-187.36,-45.64
1330,-22.72,-516.05,-117.4,58.83
1331,-43.23,-500.94,-126.35,50.29
1332,-198.57,-524.88,-387.02,3.35
1333,-24.57,-625.39,-156.55,-144.85
1334,79.23,-531.76,-23.67,123.33
1335,2.33,-524.39,-125.97,63.54
1336,-22.46,-565.95,-134.44,56.8
1337,-37.26,-563.6,-149.27,13.65
1338,-50.54,-535.59,-174.6,-13.62
1339,-67.26,-560.43,-135.72,33.85
1340,-202.42,-567.02,-295.13,-13.09
1341,-286.62,-665.22,-178.63,-8.23
1342,198.5,-682.6,-87.29,37.0
1343,81.25,-497.02,-108.26,44.94
1344,12.27,-418.4,-110.5,58.81
1345,-34.89,-556.93,-184.0,45.67
1346,-42.03,-554.48,-134.02,22.62
1347,-32.19,-536.02,-195.96,-21.03
1348,-28.81,-529.15,-150.42,-34.4
1349,-46.9,-553.85,-141.58,24.58
1350,-41.31,-562.68,-207.69,65.11
1351,-98.08,-543.22,-223.61,-7.43
1352,-191.55,-574.89,-234.63,-108.67
1353,113.5,-591.31,-63.47,41.57
1354,-83.67,-586.22,-139.29,41.66
1355,27.81,-517.56,-126.37,7.06
1356,-36.3,-560.08,-143.61,62.45
1357,-53.99,-556.37,-271.83,34.97
1358,-10.54,-551.98,-270.43,-157.46
1359,-85.44,-603.85,-13.64,61.84
1360,-50.71,-567.51,-119.89,31.32
1361,-33.43,-432.76,-117.29,40.72
1362,-96.37,-568.65,-172.15,23.41
1363,-96.87,-590.91,-163.18,9.88
1364,109.8,-638.7,-282.46,-75.3
1365,-30.06,-556.29,-68.34,97.97
1366,-39.61,-500.24,-111.26,40.85
1367,-107.96,-584.98,-166.94,-8.12
1368,-29.07,-533.89,-188.92,41.65
1369,-3.52,-583.39,-342.14,-45.71
1370,-104.87,-566.31,-19.28,24.56
1371,-117.38,-567.76,-148.76,53.25
1372,-25.32,-574.28,-179.66,-53.35
1373,33.02,-509.35,-173.86,46.79
1374,-0.98,-599.12,-152.93,5.79
1375,-8.37,-654.24,-180.56,5.42
1376,-30.85,-584.01,-145.59,34.66
1377,-160.56,-538.05,-72.08,58.65
1378,1.08,-550.53,-143.11,38.26
1379,25.26,-615.73,-142.06,26.62
1380,-245.73,-505.98,-311.66,-102.04
1381,72.75,-664.4,-34.48,97.72
1382,3.27,-608.2,-190.55,53.93
1383,-7.18,-495.11,-107.69,25.21
1384,-44.4,-538.86,-139.17,9.87
1385,-60.26,-427.21,-215.52,-70.6
1386,-15.38,-589.62,-121.46,69.84
1387,-78.29,-593.85,-84.49,35.76
1388,-23.75,-611.55,-349.75,42.97
1389,-85.58,-556.16,-67.7,-42.18
1390,-27.87,-607.2,-161.06,-22.94
1391,-91.89,-567.08,-166.78,18.83
1392,54.31,-462.6,-118.42,21.95
1393,-125.09,-641.36,-102.86,70.03
1394,-53.97,-584.51,-166.05,21.96
1395,-3.58,-530.59,-150.47,42.49
1396,-42.28,-552.44,-145.45,-16.61
1397,10.87,-537.76,-142.29,17.41
1398,-34.31,-558.75,-285.79,-40.36
1399,-17.74,-581.63,-56.12,71.05
1400,-41.27,-568.76,-63.04,28.83
1401,-198.4,-550.35,-285.97,-30.72
1402,76.05,-556.57,-92.22,-12.59
1403,-10.23,-561.82,-115.21,68.85
1404,-32.34,-513.47,-126.3,57.95
1405,-23.62,-542.2,-217.29,50.05
1406,-113.8,-618.64,-127.0,-9.62
1407,-87.46,-497.82,-160.34,29.31
1408,-59.84,-557.55,-298.73,-0.47
1409,11.35,-521.25,-74.73,51.75
1410,24.1,-525.72,-100.75,12.6
1411,-18.77,-531.44,-191.86,21.2
1412,-28.74,-596.46,-238.51,1.15
1413,-41.53,-571.37,-85.99,20.82
1414,-31.12,-559.78,-88.42,61.68
1415,-65.7,-566.97,-129.8,34.17
1416,-381.86,-646.69,-255.15,-74.67
1417,137.37,-641.11,-87.82,42.8
1418,97.68,-428.29,-160.22,50.34
1419,18.43,-513.44,-190.86,-11.75
1420,-28.14,-511.3,-79.1,59.55
1421,-18.1,-561.31,-146.46,11.28
1422,-40.41,-572.78,-139.8,40.32
1423,-46.48,-584.87,-134.63,38.49
1424,-47.68,-578.1,-151.84,24.18
1425,-46.36,-519.47,-140.0,20.92
1426,-195.25,-567.31,-233.54,39.06
1427,-168.72,-565.35,-430.68,-169.02
1428,125.34,-517.45,-10.04,57.2
1429,29.26,-542.7,-37.42,97.31
1430,30.87,-554.33,-162.25,8.97
1431,-15.28,-553.8,-168.53,53.41
1432,-16.91,-534.18,-93.42,32.72
1433,-36.07,-561.87,-128.38,25.7
1434,-51.48,-580.17,-249.08,26.14
1435,-31.2,-540.02,-156.88,12.28
1436,-53.81,-546.13,-68.17,36.86
1437,-129.9,-567.55,-158.69,7.76
1438,-12.68,-570.62,-118.26,67.4
1439,-183.49,-485.08,-242.37,-29.54
1440,65.97,-514.41,-175.54,41.07
1441,87.6,-583.15,-220.38,-7.49
1442,-20.28,-620.28,-130.46,-7.8
1443,-112.94,-561.35,-15.39,10.78
1444,9.43,-528.66,-177.15,94.3
1445,-24.4,-531.43,-180.52,-28.38
1446,-44.02,-605.58,-144.02,33.55
1447,-40.2,-523.6,-117.85,6.91
1448,-22.25,-545.1,-171.37,8.22
1449,-62.82,-531.37,-263.41,81.97
1450,-199.11,-512.86,-303.4,-96.76
1451,74.64,-577.86,3.89,36.15
1452,19.6,-543.47,-92.43,29.28
1453,-16.55,-573.17,-151.48,-28.96
1454,-113.71,-556.16,-207.26,14.92
1455,-84.95,-639.82,-219.31,46.98
1456,10.46,-418.97,-105.26,-5.87
1457,-4.49,-516.53,-97.56,37.54
1458,-25.15,-604.87,-82.47,86.15
1459,-65.32,-595.4,-363.2,5.71
1460,-12.06,-622.17,-73.71,-3.51
1461,-19.67,-472.21,-109.64,-14.23
1462,-180.53,-528.55,-149.45,7.98
1463,10.57,-531.24,-134.21,6.23
1464,21.6,-551.99,-275.81,-76.98
1465,-30.22,-537.06,-89.0,105.71
1466,8.57,-593.45,-104.59,34.41
1467,-61.41,-510.59,-203.44,-5.4
1468,-41.59,-539.01,-239.54,24.58
1469,-47.24,-648.47,-86.2,41.31
1470,-71.77,-522.1,-95.11,42.48
1471,-69.93,-544.53,-125.9,29.13
1472,29.99,-485.77,-176.65,1.65
1473,-123.93,-595.18,-155.6,-8.42
1474,-96.4,-600.85,-211.92,-15.94
1475,79.19,-500.66,-120.22,58.81
1476,-38.92,-533.18,-251.22,-2.36
1477,-11.32,-522.36,-62.02,14.97
1478,-38.89,-530.88,-88.33,61.47
1479,-47.19,-546.78,-155.11,19.21
1480,-107.64,-525.25,-242.39,-11.83
1481,-40.57,-450.71,-156.27,39.42
1482,-51.03,-528.4,-98.05,80.22
1483,12.5,-550.35,-165.79,-28.14
1484,17.17,-541.19,-153.23,-30.12
1485,-45.45,-535.41,-182.04,33.18
1486,-67.08,-559.15,-71.19,70.53
1487,-125.61,-532.18,-207.51,10.32
1488,-0.01,-565.24,-187.78,12.28
1489,-145.33,-633.78,-96.94,22.89
1490,13.43,-537.16,-236.1,-28.67
1491,17.96,-502.34,-68.15,87.19
1492,-15.1,-538.22,-117.37,39.03
1493,-70.32,-541.22,-140.79,33.64
1494,-44.05,-501.37,-191.62,-32.27
1495,-82.1,-595.77,-175.47,-9.87
1496,-148.12,-575.99,-98.25,38.83
1497,45.35,-489.35,-154.38,64.03
1498,29.94,-556.07,-134.59,25.42
1499,-55.34,-556.32,-144.9,69.23
1500,-9.07,-526.1,-266.31,-54.37
1501,-19.0,-504.04,-155.22,31.25
1502,-53.39,-561.47,-27.38,76.62
1503,-76.8,-572.89,-222.85,8.34
1504,-42.95,-524.79,-133.22,59.56
1505,-20.43,-485.29,-124.14,23.55
1506,-71.57,-585.59,-142.25,-16.33
1507,-54.59,-542.11,-201.79,-56.42
1508,-11.55,-500.11,-160.2,-47.04
1509,-76.47,-559.71,-69.91,120.73
1510,-116.24,-544.51,-344.53,14.67
1511,-24.38,-546.55,-49.36,-2.67
1512,-0.67,-475.53,-196.4,67.66
1513,-103.42,-524.09,-131.56,27.44
1514,-48.5,-506.05,-87.94,50.65
1515,11.19,-518.33,-180.26,20.0
1516,-119.59,-612.85,-152.07,-2.3
1517,-40.47,-496.37,-157.08,-74.66
1518,0.67,-531.64,-103.25,98.52
1519,-13.39,-616.87,-202.98,0.55
1520,-79.7,-584.66,-194.73,25.87
1521,-20.33,-473.11,-157.48,-5.95
1522,-37.57,-517.02,-61.49,13.18
1523,-60.04,-547.3,-241.86,-38.54
1524,-109.65,-491.94,-122.03,166.38
1525,-2.68,-614.38,-99.36,3.39
1526,-60.43,-647.77,-154.58,23.36
1527,-34.73,-518.82,-167.56,29.58
1528,-89.12,-465.76,-157.72,23.68
1529,-14.71,-590.37,-108.06,50.14
1530,-83.43,-539.33,-177.36,18.11
1531,-57.11,-583.07,-107.29,52.7
1532,-48.41,-539.91,-213.96,-32.75
1533,-2.51,-637.56,-190.24,15.37
1534,-62.98,-480.8,-135.4,-10.77
1535,-42.39,-535.27,-101.0,30.78
1536,-68.33,-536.42,-184.53,104.43
1537,-36.88,-653.7,-113.51,36.69
1538,-72.91,-531.24,-175.29,14.04
1539,-17.4,-520.07,-126.14,42.48
1540,-34.11,-534.73,-105.87,15.78
1541,-46.15,-555.47,-343.63,-52.64
1542,-25.24,-505.64,-131.18,-5.28
1543,-63.43,-568.7,-69.59,80.12
1544,-169.78,-580.17,-122.59,41.92
1545,-46.87,-505.88,-181.65,-39.75
1546,10.24,-571.79,-94.65,86.34
1547,2.5,-572.18,-155.82,36.87
1548,-71.54,-521.96,-134.46,86.46
1549,-133.29,-525.91,-302.63,-53.18
1550,24.49,-698.29,-83.84,54.43
1551,-43.93,-605.34,-106.67,53.42
1552,-28.34,-427.07,-171.09,-4.23
1553,-67.06,-499.95,-150.29,49.81
1554,-26.35,-531.48,-177.65,48.88
1555,-70.97,-541.93,-202.03,14.83
1556,-54.79,-542.79,-84.81,-31.59
1557,36.17,-519.76,-127.5,4.51
1558,-87.61,-546.62,-172.57,47.75
1559,-39.58,-606.54,-127.11,58.43
1560,-161.87,-562.8,-213.28,70.11
1561,-57.45,-522.19,-105.49,51.14
1562,8.25,-598.2,-115.88,-37.77
1563,18.48,-602.46,-227.68,-16.52
1564,-57.62,-528.95,-193.8,24.36
1565,-280.71,-545.46,-119.1,76.79
1566,26.87,-553.68,-136.66,-52.35
1567,-39.07,-615.58,-117.63,32.64
1568,28.65,-568.28,-109.54,40.36
1569,27.28,-504.56,-165.83,36.25
1570,-8.33,-565.53,-193.47,12.2
1571,-33.4,-516.98,-209.51,-31.39
1572,-56.85,-583.68,-78.35,91.3
1573,-60.35,-592.95,-106.4,41.54
1574,-40.73,-546.55,-153.28,24.13
1575,-42.89,-551.84,-141.07,4.31
1576,-58.94,-489.34,-205.71,14.38
1577,-164.99,-583.78,-125.21,85.46
1578,-70.95,-543.97,-148.95,-48.86
1579,8.44,-518.54,-167.43,67.03
1580,-125.38,-584.06,-151.01,-20.56
1581,22.64,-581.54,-161.58,36.89
1582,-29.86,-535.96,-97.57,63.71
1583,0.23,-566.49,-172.31,7.79
1584,-52.06,-613.03,-134.02,11.18
1585,-41.35,-547.41,-162.26,42.55
1586,-41.22,-523.08,-92.69,25.26
1587,-52.87,-493.62,-133.61,56.8
1588,-30.04,-602.95,-111.37,8.73
1589,-98.35,-594.6,-180.38,3.81
1590,-186.0,-387.41,-260.1,-21.5
1591,147.23,-521.67,-171.04,23.84
1592,-58.19,-607.78,-176.06,37.64
1593,-76.76,-560.43,-58.96,7.21
1594,-8.86,-601.05,-123.11,70.7
1595,-20.71,-551.64,-106.23,48.53
1596,-31.13,-551.39,-164.5,5.2
1597,-39.3,-551.71,-131.8,43.42
1598,-71.09,-528.22,-156.1,28.52
1599,-216.48,-537.3,-88.8,23.97
1600,28.35,-566.68,-118.92,19.83
1601,-39.14,-524.79,-201.76,-24.57
1602,-57.82,-488.6,-116.31,46.41
1603,33.35,-609.75,-247.23,-11.72
1604,-72.6,-541.23,-149.38,-14.28
1605,2.23,-528.83,-157.02,53.03
1606,-36.99,-597.95,-74.91,26.49
1607,-65.63,-509.66,-141.37,1.36
1608,-71.62,-552.17,-134.19,-21.01
1609,-31.07,-502.52,-130.43,115.84
1610,-76.45,-503.65,-113.36,23.84
1611,-28.2,-531.9,-131.48,33.27
1612,-33.62,-525.45,-226.96,-13.07
1613,-9.79,-553.54,-139.3,-21.86
1614,-31.61,-527.9,-84.17,96.31
1615,-42.29,-505.19,-118.66,9.51
1616,-179.99,-591.69,-133.41,34.09
1617,-18.85,-532.59,-244.8,-29.17
1618,-13.67,-491.35,-162.28,59.52
1619,-16.19,-529.13,-102.98,36.36
1620,0.73,-558.99,-142.51,-65.17
1621,-77.87,-583.45,-84.6,84.18
1622,-76.78,-470.15,-140.03,52.38
1623,-41.86,-546.25,-209.57,9.77
1624,-20.8,-591.18,-75.48,-27.88
1625,-71.39,-455.98,-138.82,40.1
1626,-40.37,-479.64,-164.46,36.98
1627,-16.76,-539.93,-122.18,53.3
1628,-37.23,-522.34,-108.48,30.2
1629,-97.35,-581.54,-215.14,-31.02
1630,-30.17,-502.26,-211.44,-0.58
1631,-7.51,-555.16,-66.26,37.94
1632,-50.93,-596.49,-106.4,54.35
1633,-98.59,-537.52,-137.39,46.65
1634,-101.2,-417.3,-335.56,-10.51
1635,-54.74,-561.24,-44.04,-22.97
1636,28.42,-570.59,-107.02,34.44
1637,-26.15,-545.18,-113.32,79.6
1638,-35.74,-501.72,-145.98,20.21
1639,-46.91,-506.93,-148.77,40.88
1640,-33.75,-548.3,-146.17,45.25
1641,-38.07,-522.63,-161.1,59.43
1642,-78.06,-545.1,-245.44,-56.8
1643,-322.72,-565.59,-88.52,-53.62
1644,-15.27,-542.92,-143.59,67.59
1645,119.45,-535.24,-162.46,41.53
1646,2.58,-580.85,-110.13,8.77
1647,-10.08,-482.14,-183.57,20.82
1648,-51.98,-548.82,-111.06,21.85
1649,-61.64,-588.31,-113.77,62.68
1650,-57.41,-504.98,-135.43,57.37
1651,-110.57,-553.54,-202.82,22.98
1652,-234.88,-509.52,-235.15,-29.28
1653,151.34,-551.38,-42.57,0.49
1654,-19.55,-510.08,-122.41,59.93
1655,-19.98,-505.98,-125.48,46.78
1656,-46.67,-513.22,-169.65,41.73
1657,-39.07,-536.61,-126.63,5.56
1658,-53.93,-535.63,-129.36,14.28
1659,-55.53,-545.92,-144.84,39.96
1660,-202.29,-597.25,-247.95,13.53
1661,-17.39,-605.74,-307.95,-166.5
1662,-17.22,-437.61,-51.64,121.72
1663,22.42,-531.22,-93.56,46.97
1664,-13.81,-548.34,-98.03,69.87
1665,-49.51,-540.33,-134.24,29.15
1666,-43.69,-549.08,-140.58,31.58
1667,-46.97,-541.21,-140.42,26.88
1668,-49.38,-543.0,-143.33,30.71
1669,-47.97,-549.8,-145.02,25.17
1670,-48.21,-549.88,-136.9,27.75
1671,-139.9,-545.11,-132.02,36.7
1672,-42.05,-528.62,-274.2,-45.01
1673,-30.47,-668.09,-374.23,-102.53
1674,-35.59,-527.55,112.81,71.87
1675,-21.67,-622.16,-153.48,92.26
1676,13.35,-457.0,-127.75,61.07
1677,-11.89,-483.31,-120.7,53.05
1678,-41.77,-542.74,-128.17,25.22
1679,-30.91,-538.25,-134.37,38.34
1680,-114.72,-571.15,-100.08,-9.42
1681,-180.2,-625.66,-254.88,-18.61
1682,11.5,-540.49,-113.14,62.33
1683,-11.77,-593.43,-119.13,17.77
1684,43.82,-489.9,-127.67,54.69
1685,-3.21,-496.23,-269.75,-14.78
1686,-40.99,-537.65,-50.95,34.99
1687,-47.82,-545.43,-91.7,75.4
1688,-43.91,-527.87,-122.41,35.34
1689,-89.12,-503.1,-128.02,35.42
1690,-7.35,-565.95,-172.95,-25.15
1691,-146.77,-570.39,-171.7,34.94
1692,32.72,-644.4,-116.24,-25.11
1693,-12.56,-524.64,-153.57,80.94
1694,-7.39,-487.1,-149.09,-23.62
1695,-10.45,-438.97,-122.67,70.98
1696,-19.57,-503.89,-123.37,44.46
1697,-47.03,-528.68,-235.67,16.68
1698,-172.61,-558.5,-164.11,-1.03
1699,-7.64,-477.54,-54.84,9.76
1700,12.82,-593.78,-131.47,42.75
1701,-127.67,-533.88,-77.72,-61.21
1702,54.49,-600.9,-203.31,74.6
1703,27.31,-550.36,-104.86,55.69
1704,4.18,-498.42,-136.72,27.35
1705,-23.31,-534.51,-182.38,23.28
1706,-33.87,-612.86,-199.99,-9.36
1707,-66.92,-588.49,-177.57,18.46
1708,-53.42,-589.45,-70.7,27.69
1709,-81.59,-480.89,-155.02,16.56
1710,18.73,-515.43,-135.44,66.3
1711,-63.31,-491.82,-94.64,28.76
1712,-109.07,-519.81,-141.31,47.86
1713,-11.31,-539.87,-130.26,-47.71
1714,-33.18,-610.36,-265.64,-56.23
1715,81.48,-544.17,-107.67,63.51
1716,-27.88,-564.25,-83.14,69.17
1717,-0.15,-521.98,-135.07,34.95
1718,-74.05,-569.56,-197.72,7.0
1719,-49.58,-544.38,-183.26,15.32
1720,3.95,-403.16,-62.6,66.08
1721,-21.07,-493.97,-138.96,-27.19
1722,-51.41,-566.77,-178.95,26.85
1723,-58.07,-530.81,-160.32,21.04
1724,-43.82,-556.27,-252.04,-1.17
1725,-55.33,-510.4,-110.68,54.19
1726,-31.1,-548.38,-80.65,61.51
1727,22.33,-536.03,-171.49,-14.73
1728,-28.88,-573.18,-265.21,-6.69
1729,-60.17,-687.93,-37.18,42.23
1730,-30.57,-444.08,-350.65,-51.1
1731,-55.43,-462.73,-35.43,35.77
1732,-126.85,-632.42,-115.48,30.63
1733,25.75,-581.19,-138.57,55.39
1734,29.02,-446.71,-146.12,55.15
1735,-14.9,-572.78,-238.36,-3.45
1736,-81.16,-559.27,-160.56,33.62
1737,-65.04,-462.58,-304.78,-58.53
1738,-50.22,-553.89,-23.6,64.41
1739,-41.61,-530.43,-168.68,22.62
1740,19.61,-528.13,-119.51,67.23
1741,-11.61,-535.62,-217.3,-57.49
1742,-26.9,-476.39,-86.91,37.98
1743,-5.58,-492.75,-85.64,58.11
1744,-40.07,-520.64,-213.6,10.16
1745,-87.7,-555.09,-216.2,5.08
1746,3.12,-553.84,-221.56,3.81
1747,-44.12,-531.84,-48.03,27.18
1748,-61.12,-528.65,-180.81,3.88
1749,-222.8,-603.28,-238.71,0.29
1750,96.35,-558.04,-315.71,-34.94
1751,-28.16,-539.68,-88.83,67.48
1752,-25.53,-560.82,-136.26,58.94
1753,-25.19,-665.1,-266.61,11.8
1754,-57.06,-580.96,15.77,48.82
1755,-16.13,-489.47,-64.74,37.73
1756,-100.87,-532.69,-159.68,51.42
1757,27.82,-514.37,-157.83,47.86
1758,-37.36,-533.92,-93.85,54.38
1759,10.54,-575.08,-104.75,13.73
1760,-61.56,-613.47,-225.75,1.52
1761,-113.51,-557.78,-102.63,43.71
1762,-27.61,-471.86,-151.41,57.44
1763,16.46,-568.72,-222.39,-29.95
1764,-49.61,-558.33,-106.76,45.31
1765,-45.77,-512.94,-144.57,34.83
1766,-50.06,-509.86,-86.06,59.3
1767,-78.93,-541.43,-154.15,45.24
1768,-43.17,-540.22,-193.01,23.37
1769,16.57,-569.42,-75.37,16.68
1770,-18.19,-560.41,-142.24,48.52
1771,-8.87,-514.68,-130.8,44.22
1772,-102.09,-531.63,-122.65,25.08
1773,-9.16,-577.26,-111.91,45.03
1774,-57.76,-592.17,-146.34,15.7
1775,-137.59,-511.83,-291.2,-6.81
1776,74.99,-539.94,-60.83,51.92
1777,-18.19,-580.22,-155.76,15.03
1778,-29.77,-527.41,-107.39,1.64
1779,-20.83,-532.21,-107.08,46.48
1780,-79.06,-572.56,-150.96,22.51
1781,-96.33,-516.4,-69.47,58.78
1782,-92.94,-487.57,-341.08,-27.48
1783,13.47,-592.54,-50.93,26.44
1784,44.12,-509.56,-65.34,85.47
1785,-20.1,-543.7,-288.57,7.12
1786,-74.41,-556.87,17.64,52.83
1787,3.15,-519.97,-109.02,23.58
1788,-44.56,-530.42,-128.74,35.55
1789,-164.74,-597.9,-205.73,-20.37
1790,-2.33,-546.93,-88.21,20.25
1791,9.43,-514.29,-100.39,76.77
1792,-22.39,-506.16,-170.12,21.5
1793,-25.09,-544.35,-124.64,20.2
1794,-34.52,-484.69,-154.28,53.36
1795,-27.09,-519.43,-175.88,-3.92
1796,-81.85,-532.0,-95.22,21.67
1797,-98.62,-521.29,-182.48,30.55
1798,-22.03,-582.45,-2.19,89.64
1799,23.3,-554.85,-177.19,-9.93
1800,0.75,-507.64,-134.76,33.22
1801,-29.33,-483.97,-138.28,44.51
1802,-37.71,-528.95,-101.05,26.47
1803,-38.78,-541.79,-116.68,38.44
1804,-51.04,-544.99,-122.16,35.05
1805,-280.03,-561.94,-201.72,23.36
1806,-94.83,-736.47,-311.78,-73.67
1807,195.0,-434.71,30.61,34.26
1808,23.03,-462.23,-89.12,90.55
1809,-9.91,-502.99,-109.78,57.49
1810,-26.48,-525.17,-128.31,39.93
1811,-33.46,-503.96,-133.78,28.97
1812,-39.62,-534.76,-125.9,34.24
1813,-46.1,-547.18,-127.59,29.16
1814,-53.08,-541.78,-123.86,33.27
1815,-53.21,-544.98,-129.25,32.4
1816,-50.66,-552.59,-335.41,-1.85
1817,-85.25,-535.57,-141.69,-40.16
1818,-12.33,-566.23,-60.41,23.95
1819,-54.91,-739.56,-129.51,34.98
1820,-21.38,-532.33,-119.35,59.99
1821,-21.75,-445.74,-136.12,14.06
1822,-2.85,-473.81,-117.57,56.69
1823,-40.07,-518.35,-117.6,35.09
1824,-88.82,-522.14,-126.2,38.58
1825,-77.66,-497.88,-128.88,36.32
1826,0.8,-555.32,-132.61,21.09
1827,-38.72,-535.33,-129.51,27.41
1828,-26.38,-500.05,-123.4,36.39
1829,-45.76,-529.71,-126.04,23.5
1830,-53.88,-537.44,-136.73,24.39
1831,-41.77,-512.54,-121.78,32.14
1832,-16.89,-528.08,-124.68,31.82
1833,-43.84,-559.99,-342.17,-2.62
1834,-183.92,-567.51,-198.7,21.57
1835,38.12,-464.15,24.11,-0.58
1836,13.64,-485.27,-109.57,24.1
1837,-105.51,-548.49,-76.31,10.72
1838,-50.23,-547.13,-201.53,26.97
1839,37.69,-516.7,-178.45,-23.56
1840,-54.89,-486.29,-95.79,51.03
1841,-41.9,-537.09,-114.6,50.85
1842,-14.96,-531.8,-324.31,-39.59
1843,-47.2,-498.66,5.08,65.39
1844,-83.51,-475.03,-269.18,14.35
1845,-14.56,-592.06,-23.24,43.7
1846,-27.67,-548.62,-106.02,33.84
1847,-37.36,-545.03,-119.78,34.59
1848,-26.54,-542.06,-125.75,44.57
1849,-27.57,-569.88,-124.7,16.24
1850,-137.91,-527.36,-117.73,40.73
1851,-112.58,-543.6,-96.47,59.08
1852,62.53,-528.52,-170.23,-3.05
1853,19.06,-509.25,-168.65,20.14
1854,-3.69,-489.69,-224.39,2.59
1855,-174.65,-572.34,-277.95,-73.76
1856,40.48,-529.63,-10.47,71.29
1857,-14.85,-522.6,-54.64,73.44
1858,-28.31,-542.11,-223.95,25.45
1859,-113.44,-552.19,-179.86,-1.79
1860,-1.31,-523.2,-42.66,29.55
1861,-1.29,-496.5,-100.28,53.87
1862,-34.41,-519.13,-149.17,-0.27
1863,-49.53,-564.25,-135.08,42.12
1864,-49.35,-557.15,-119.83,56.65
1865,-55.47,-491.56,-112.67,10.82
1866,-45.78,-571.16,-185.72,31.77
1867,-40.82,-556.59,-164.81,12.68
1868,-82.68,-537.93,-85.07,42.6
1869,-167.61,-558.58,-143.44,19.1
1870,101.04,-515.45,-172.87,39.91
1871,25.21,-515.75,-125.62,27.15
1872,-65.83,-600.62,-148.32,51.02
1873,-199.32,-508.32,-104.37,24.2
1874,72.66,-563.57,-213.29,4.38
1875,16.64,-578.61,-119.85,37.62
1876,-23.92,-520.87,-62.47,65.45
1877,-16.84,-501.98,-120.93,44.61
1878,-49.52,-536.33,-148.65,37.49
1879,-27.75,-495.73,-179.58,46.24
1880,-50.98,-517.59,-226.61,-43.93
1881,-162.18,-550.65,-160.6,28.02
1882,-79.2,-604.16,-75.85,42.66
1883,27.64,-563.32,-86.92,43.26
1884,-0.72,-457.95,-170.99,40.04
1885,-47.26,-516.61,-199.25,32.66
1886,-65.88,-512.24,-80.74,35.52
1887,22.75,-526.56,-164.57,20.82
1888,7.59,-557.14,-240.98,10.88
1889,-22.89,-527.97,-73.69,6.8
1890,-22.04,-517.77,-91.46,67.28
1891,-41.05,-591.07,-85.97,25.15
1892,-46.82,-525.03,-162.15,14.51
1893,-45.68,-552.57,-99.17,57.94
1894,-84.24,-520.33,-114.03,37.37
1895,-272.52,-513.49,-228.12,18.16
1896,79.45,-521.24,-92.61,50.23
1897,18.28,-607.59,-126.58,5.31
1898,1.52,-499.2,-126.96,51.48
1899,-12.57,-509.93,-131.26,35.14
1900,-31.03,-534.03,-128.81,37.68
1901,-28.94,-542.13,-142.85,43.55
1902,-42.99,-561.0,-193.91,18.16
1903,-83.05,-619.03,-290.32,-20.36
1904,-67.35,-482.67,-35.92,4.3
1905,-90.88,-516.27,-70.68,60.87
1906,60.75,-502.92,-125.43,49.52
1907,-4.96,-459.74,-149.48,55.24
1908,-34.12,-520.11,-291.27,-35.07
1909,-58.56,-525.5,14.39,40.91
1910,-21.75,-568.94,-131.44,23.05
1911,-65.93,-513.92,-123.14,25.86
1912,-11.24,-527.97,-151.24,30.01
1913,-97.54,-509.24,-172.44,31.82
1914,-129.55,-464.54,-174.05,11.07
1915,68.77,-511.35,-219.84,7.8
1916,-7.15,-550.18,-99.66,8.44
1917,-35.99,-542.76,-98.73,64.73
1918,11.15,-531.4,-101.47,41.39
1919,-35.17,-579.82,-114.04,35.96
1920,-49.38,-550.51,-201.9,-18.68
1921,-76.25,-555.82,-215.05,-30.81
1922,-27.55,-548.11,-38.62,59.18
1923,-91.5,-491.14,-111.17,55.41
1924,55.78,-382.22,-136.85,15.57
1925,-33.46,-547.88,-125.35,15.61
1926,-53.32,-528.68,-135.23,63.93
1927,-27.04,-500.07,-151.83,16.44
1928,-14.82,-507.6,-98.68,28.42
1929,-140.7,-529.55,-214.19,-14.82
1930,-78.77,-558.82,-102.79,49.22
1931,51.89,-529.67,-106.4,28.76
1932,-27.66,-504.77,-138.99,10.02
1933,4.54,-487.39,-160.24,16.15
1934,22.41,-494.5,-255.59,20.49
1935,-19.41,-517.3,-88.98,2.83
1936,-23.76,-535.45,-102.52,32.59
1937,-79.4,-503.96,-180.72,-4.08
1938,-103.27,-618.63,-285.57,-8.66
1939,45.17,-570.2,-50.43,21.84
1940,-59.93,-522.09,-86.52,60.99
1941,22.29,-502.94,-82.14,24.74
1942,5.71,-497.42,-205.0,44.21
1943,-57.63,-547.64,-142.61,19.77
1944,2.33,-561.15,-126.77,19.76
1945,-10.56,-527.31,-134.48,-7.65
1946,-82.69,-548.06,-163.41,45.61
1947,23.95,-613.13,-200.67,-7.54
1948,-11.81,-520.94,-86.93,43.26
1949,-2.54,-468.55,-222.63,2.69
1950,-17.51,-518.87,-84.49,-3.08
1951,-115.77,-517.74,-162.48,36.3
1952,-37.77,-542.86,-152.6,23.8
1953,53.48,-529.96,-127.83,41.15
1954,8.21,-592.56,-107.39,18.94
1955,-28.96,-557.88,-164.75,7.46
1956,-4.65,-463.71,-82.98,32.07
1957,-37.84,-488.4,-156.95,8.79
1958,38.21,-533.43,-172.01,-12.14
1959,-43.54,-532.37,-185.53,27.48
1960,25.67,-541.4,-82.73,30.86
1961,-108.85,-514.02,-95.96,45.15
1962,38.58,-537.03,-305.09,-18.0
1963,66.29,-555.08,-63.18,21.92
1964,-5.07,-593.97,-108.98,22.15
1965,-50.21,-515.63,-136.67,12.29
1966,-144.52,-534.27,-184.65,33.95
1967,86.24,-581.53,-142.32,3.63
1968,22.49,-472.62,-97.03,29.85
1969,-29.52,-513.16,-157.0,12.8
1970,7.8,-545.29,-123.4,5.93
1971,-5.68,-526.55,-121.22,24.12
1972,-103.46,-537.23,-116.09,14.53
1973,-19.55,-611.88,-210.12,-11.9
1974,42.82,-579.83,-105.58,6.88
1975,15.74,-507.1,-82.39,20.43
1976,-5.37,-502.12,-200.73,44.15
1977,-19.24,-491.11,-238.07,26.27
1978,-46.98,-510.19,-118.34,33.62
1979,-81.38,-498.35,-46.74,14.42
1980,21.79,-540.64,-138.69,41.39
1981,-70.03,-468.92,-165.71,24.76
1982,-47.18,-478.29,-122.14,15.83
1983,63.85,-519.02,-143.88,29.52
1984,-27.34,-511.97,-130.98,-0.52
1985,-11.91,-563.68,-158.48,13.64
1986,-55.3,-551.09,-217.44,-23.95
1987,32.72,-546.67,-101.63,39.24
1988,-7.37,-499.85,-103.53,41.54
1989,-85.99,-570.82,-153.6,30.67
1990,-13.72,-568.87,-141.05,-14.0
1991,10.94,-561.63,-100.22,22.05
1992,-44.06,-476.92,-126.67,34.64
1993,-171.54,-500.82,-284.23,61.74
1994,108.17,-560.79,-36.89,25.69
1995,21.81,-522.87,-112.42,-6.97
1996,-5.92,-473.25,-114.77,40.41
1997,-49.66,-501.74,-138.41,38.6
1998,-69.39,-540.25,-127.2,8.35
1999,32.12,-506.13,-140.02,5.93
2000,-2.04,-509.05,-132.66,41.27
2001,-25.96,-553.66,-277.75,-18.48
2002,-123.23,-501.21,-116.26,24.87
2003,38.0,-520.99,-62.3,41.7
2004,15.58,-502.56,-116.19,27.4
2005,-66.17,-530.85,-196.93,18.23
2006,-139.96,-505.64,-266.84,-19.96
2007,44.01,-615.05,-109.45,50.94
2008,34.48,-610.26,-61.61,12.35
2009,9.32,-452.06,-99.74,50.3
2010,-20.96,-489.0,-217.66,52.89
2011,-40.16,-527.54,-150.98,21.56
2012,-4.87,-493.65,-100.52,-4.22
2013,-176.28,-534.95,-222.05,-5.45
2014,78.75,-559.72,-101.8,6.29
2015,31.14,-563.34,-171.29,24.69
2016,-26.18,-498.01,-93.43,43.3
2017,-79.73,-524.89,-62.96,76.79
2018,-73.81,-524.44,-183.43,11.21
2019,30.38,-569.49,-131.5,37.13
2020,-15.52,-590.13,-126.81,28.94
2021,-27.51,-518.53,-132.46,20.07
2022,-140.58,-432.78,-230.68,-5.05
2023,48.26,-494.62,-109.05,47.24
2024,16.95,-503.97,-265.57,-9.82
2025,-79.27,-500.05,-44.23,66.66
2026,-99.47,-578.02,-102.84,15.22
2027,4.3,-502.75,-305.97,-29.03
2028,0.73,-518.1,-37.41,33.59
2029,-74.99,-503.52,-122.52,61.81
2030,59.19,-605.68,-162.63,41.15
2031,-92.9,-574.3,-95.2,3.27
2032,-97.38,-462.42,-91.59,35.51
2033,13.79,-507.3,-190.18,-18.97
2034,-13.39,-528.56,-229.99,37.8
2035,-36.93,-567.1,-142.93,5.92
2036,-49.45,-517.84,-177.21,18.54
2037,14.85,-549.58,-88.2,61.03
2038,-57.27,-679.7,-102.74,54.91
2039,-30.32,-585.83,-228.75,-30.08
2040,-57.46,-351.91,-127.44,46.17
2041,23.58,-351.26,-154.62,-15.78
2042,-24.32,-598.01,-178.81,-1.0
2043,-72.87,-608.12,-62.36,20.56
2044,10.76,-727.66,-135.09,45.5
2045,-65.38,-541.22,-101.67,111.98
2046,-55.22,-429.62,-171.84,73.99
2047,-50.06,-491.4,-310.18,-25.44
2048,41.24,-472.56,-79.0,-34.51
2049,-6.75,-501.99,-54.8,95.66
2050,-44.96,-597.04,-104.72,44.25
2051,-93.67,-520.66,-124.92,18.72
2052,33.21,-456.72,-165.61,13.94
2053,-9.85,-436.48,-59.63,18.28
2054,-104.18,-621.06,-308.38,16.91
2055,-110.54,-546.88,-40.21,-19.85
2056,70.31,-483.95,-195.31,7.87
2057,-155.77,-551.7,-266.68,31.58
2058,-4.94,-626.61,-11.46,77.44
2059,4.74,-539.37,-93.77,21.64
2060,-11.43,-469.84,-211.77,-15.66
2061,-126.29,-521.35,-110.46,22.87
2062,72.22,-525.28,-87.31,65.68
2063,-63.66,-548.36,-211.87,6.99
2064,3.73,-535.9,-112.41,32.78
2065,-17.05,-618.06,-166.31,37.98
2066,-61.79,-624.2,-277.76,-19.89
2067,8.14,-476.31,15.44,51.21
2068,-104.77,-508.38,-276.63,-47.63
2069,19.2,-466.4,-22.83,42.12
2070,-43.66,-526.26,-108.88,2.64
2071,-21.52,-540.97,-131.71,72.72
2072,-67.36,-502.1,-174.63,34.02
2073,-30.15,-462.58,-148.09,12.76
2074,7.29,-654.34,-95.37,20.26
2075,-40.27,-540.39,-112.28,57.91
2076,-75.27,-475.93,-276.55,-16.39
2077,-83.85,-561.9,-97.24,-45.98
2078,-100.95,-580.44,-103.52,59.89
2079,28.06,-354.99,-118.58,35.63
2080,31.42,-516.15,-83.55,16.91
2081,-7.74,-477.15,-121.22,14.32
2082,-27.86,-473.58,-186.08,29.16
2083,-36.12,-482.94,-176.79,13.99
2084,3.23,-540.72,-112.59,26.02
2085,-38.39,-568.06,-105.42,49.16
2086,-53.41,-567.73,-142.26,29.83
2087,-124.09,-582.8,-430.26,-135.37
2088,-213.96,-604.36,58.12,99.65
2089,150.13,-424.88,-124.74,30.11
2090,21.48,-413.55,-85.05,90.08
2091,-27.45,-475.5,-112.71,26.19
2092,14.98,-549.21,-156.49,-2.08
2093,-23.44,-586.02,-177.6,-1.2
2094,-23.03,-546.18,-136.62,43.06
2095,-26.97,-484.66,-80.94,40.17
2096,-67.95,-465.1,-205.74,0.05
2097,-180.93,-535.68,-139.35,33.15
2098,-78.49,-578.08,-54.82,46.07
2099,66.32,-509.83,-209.58,-6.32
2100,-7.64,-590.51,-61.11,51.16
2101,6.6,-546.13,-118.43,9.84
2102,-3.81,-378.26,-119.87,68.59
2103,-41.67,-566.13,-122.32,44.07
2104,-27.45,-516.89,-154.57,-12.44
2105,-94.91,-523.76,-176.97,28.23
2106,-117.2,-536.03,-341.75,-56.57
2107,-42.38,-624.87,-18.25,38.39
2108,-29.89,-534.25,-41.15,71.79
2109,-22.33,-373.34,-97.96,67.2
2110,-44.09,-454.14,-181.16,20.98
2111,65.11,-598.66,-184.74,13.96
2112,-22.11,-525.2,-192.99,19.03
2113,-30.1,-510.29,-50.48,69.5
2114,-27.45,-518.49,-108.23,31.78
2115,-41.66,-557.49,-108.51,44.0
2116,-52.86,-537.96,-229.25,-10.52
2117,-164.23,-532.92,-117.81,46.49
2118,-82.99,-552.34,-109.97,48.03
2119,41.4,-387.46,-156.48,47.82
2120,-24.4,-450.44,-160.28,13.2
2121,-13.57,-525.16,-155.81,9.67
2122,18.09,-526.25,-54.49,81.96
2123,-9.42,-539.1,-165.08,47.93
2124,-26.49,-565.43,-291.14,-23.01
2125,-115.26,-581.93,-70.74,26.05
2126,-120.98,-502.43,-70.6,43.86
2127,38.95,-515.08,-131.48,27.82
2128,-64.76,-491.54,-84.79,50.01
2129,-147.23,-501.43,-151.21,12.38
2130,124.02,-497.71,-156.52,46.41
2131,27.45,-569.61,-133.73,48.17
2132,-26.22,-580.58,-110.38,45.07
2133,-28.92,-488.26,-121.36,55.65
2134,-44.96,-570.56,-332.67,1.69
2135,-105.74,-497.24,-47.35,-7.02
2136,-41.08,-472.62,-58.65,49.03
2137,-37.93,-525.2,-133.24,62.43
2138,-57.61,-535.33,-142.62,8.13
2139,52.25,-486.56,-102.81,62.3
2140,11.44,-473.97,-120.71,48.9
2141,-16.03,-506.2,-126.21,31.56
2142,-29.18,-524.53,-127.4,34.47
2143,-29.0,-528.58,-125.18,37.64
2144,-38.38,-518.13,-122.58,34.7
2145,-40.79,-521.14,-127.67,34.52
2146,-97.36,-655.87,-292.54,-10.03
2147,-90.88,-649.42,-98.31,42.97
2148,-216.76,-460.07,-206.06,-26.93
2149,163.5,-375.21,-83.6,57.33
2150,98.33,-436.13,-74.19,66.05
2151,-7.84,-520.21,-194.11,21.79
2152,-0.38,-516.7,-84.83,35.58
2153,-17.2,-520.75,-98.97,58.95
2154,-55.52,-532.95,-120.51,24.56
2155,-16.34,-505.24,-127.21,19.89
2156,-10.22,-511.45,-149.81,24.52
2157,-94.18,-485.01,-254.26,-0.82
2158,76.17,-539.88,-63.74,45.62
2159,-82.95,-669.45,-101.63,66.45
2160,-61.08,-524.66,-126.79,38.96
2161,20.16,-461.38,-58.99,39.62
2162,-0.09,-436.41,-146.23,49.57
2163,-5.32,-442.43,-133.83,28.4
2164,-22.2,-469.54,-133.66,17.51
2165,-101.07,-497.24,-257.24,19.54
2166,22.84,-640.27,-199.55,-81.14
2167,11.96,-557.53,0.5,77.26
2168,30.64,-462.92,-186.72,40.14
2169,-12.99,-548.76,-199.24,11.8
2170,-43.2,-496.66,-55.7,41.54
2171,-17.59,-471.22,-123.52,47.6
2172,-17.22,-546.21,-35.39,67.38
2173,12.81,-548.08,-210.73,12.12
2174,20.64,-478.3,-211.18,31.58
2175,-21.58,-497.12,-86.32,-38.57
2176,-57.29,-525.74,-232.78,50.59
2177,45.6,-518.91,-49.47,58.04
2178,5.04,-525.77,-186.64,-2.6
2179,-38.78,-525.77,-109.25,26.65
2180,2.35,-584.9,-147.88,-22.78
2181,-35.8,-348.87,-65.69,70.2
2182,31.5,-452.66,-175.48,-0.5
2183,50.48,-608.2,-339.92,48.18
2184,-27.44,-529.66,10.34,21.27
2185,-92.13,-528.75,-117.28,102.29
2186,39.45,-603.75,-192.43,19.8
2187,-20.43,-540.09,-119.61,6.69
2188,12.2,-425.81,-192.68,30.18
2189,52.69,-460.4,-95.34,49.52
2190,-48.15,-515.47,-97.42,18.91
2191,-14.73,-553.36,-198.07,30.5
2192,-14.11,-423.0,-121.03,27.59
2193,-37.48,-490.72,-202.38,70.49
2194,24.77,-601.42,-63.8,21.92
2195,-32.4,-502.59,-120.28,29.34
2196,-31.07,-493.32,-258.79,-45.82
2197,-57.9,-491.44,-68.68,109.13
2198,42.32,-571.16,-191.65,-5.15
2199,1.11,-579.62,-80.46,35.69
2200,1.27,-491.6,-103.66,63.31
2201,-41.0,-447.02,-90.56,28.39
2202,52.97,-449.63,-161.12,23.74
2203,-38.34,-500.72,-139.6,6.57
2204,3.09,-504.11,-158.81,1.06
2205,-79.65,-523.01,-170.73,48.94
2206,-88.9,-452.18,-119.0,4.41
2207,-31.22,-508.89,-191.73,25.8
2208,94.03,-502.12,-131.97,16.63
2209,11.38,-525.25,-151.1,114.38
2210,-2.02,-525.11,-100.47,58.18
2211,-71.52,-563.1,-128.14,7.71
2212,-37.96,-584.3,-77.28,71.17
2213,-65.77,-523.02,-196.54,-33.19
2214,-41.0,-462.79,-175.84,55.35
2215,11.25,-610.5,-65.6,49.57
2216,-50.83,-568.88,-139.07,35.77
2217,23.03,-382.47,-204.55,-4.55
2218,-32.86,-496.46,-178.31,-9.72
2219,-15.14,-557.13,-24.41,75.05
2220,-117.5,-515.51,-192.72,6.92
2221,54.53,-472.56,-83.97,46.84
2222,-3.38,-548.32,-122.0,41.16
2223,-25.21,-525.9,-197.06,47.96
2224,-85.32,-528.23,-247.57,2.15
2225,-23.2,-516.15,-49.91,30.47
2226,-77.79,-550.37,-86.62,77.47
2227,-64.92,-598.82,-103.71,48.28
2228,29.27,-602.62,-107.87,40.86
2229,-67.3,-466.2,-141.01,34.96
2230,25.0,-489.8,-124.4,39.33
2231,-7.84,-489.2,-206.52,-13.24
2232,-30.74,-534.74,-233.33,-1.61
2233,-100.15,-527.92,-82.8,80.0
2234,-191.65,-545.78,-108.61,13.15
2235,57.57,-543.08,-108.08,62.54
2236,48.53,-504.74,-148.29,-0.92
2237,-11.45,-495.31,-94.5,76.34
2238,-44.82,-579.98,-169.35,32.21
2239,-48.16,-587.21,-149.75,43.32
2240,-40.15,-536.24,-72.74,56.95
2241,-99.81,-593.39,-121.18,80.39
2242,-433.49,-551.25,-225.5,-42.76
2243,218.24,-540.47,-190.97,-49.28
2244,101.54,-474.43,-76.42,89.9
2245,5.5,-502.85,-80.65,83.63
2246,-23.75,-529.34,-179.9,43.42
2247,-42.75,-508.57,-79.62,57.86
2248,-41.66,-476.5,-122.26,30.66
2249,-42.76,-525.17,-118.58,48.51
2250,-45.69,-526.43,-133.25,46.45
2251,-57.83,-566.67,-283.46,47.02
2252,-152.08,-598.32,-186.71,-86.5
2253,-12.0,-551.79,10.06,55.77
2254,-13.78,-520.66,-122.33,99.14
2255,5.06,-450.04,-138.49,64.37
2256,-24.47,-505.02,-113.3,43.6
2257,-60.27,-521.98,-132.88,42.49
2258,-30.49,-506.12,-118.03,46.24
2259,-57.29,-538.25,-126.42,40.09
2260,-66.89,-543.79,-129.71,26.45
2261,-77.47,-563.82,-162.24,4.53
2262,-210.41,-493.21,-226.82,11.75
2263,-101.09,-483.78,-197.36,21.26
2264,93.72,-483.16,-84.79,53.58
2265,64.21,-599.99,-58.13,82.2
2266,3.94,-521.7,-46.47,47.19
2267,-24.83,-490.07,-105.39,56.21
2268,-30.38,-486.55,-159.85,43.18
2269,-51.22,-500.71,-169.05,24.34
2270,-49.73,-534.8,-112.17,17.4
2271,-65.82,-594.0,-124.72,26.34
2272,-30.47,-493.97,-237.91,0.73
2273,-30.97,-488.74,-198.0,-8.57
2274,-199.99,-493.81,-296.74,-27.49
2275,10.96,-561.59,-1.34,60.98
2276,49.39,-541.82,-41.13,55.35
2277,-40.61,-529.83,-102.85,61.11
2278,-103.19,-511.09,-120.18,49.87
2279,-53.58,-480.58,-126.33,34.11
2280,9.37,-486.58,-128.21,30.6
2281,-67.92,-488.14,-160.08,-6.67
2282,-49.91,-585.86,-127.08,29.62
2283,-22.3,-579.27,-101.05,79.74
2284,-58.11,-531.2,-130.6,36.84
2285,-77.56,-483.55,-79.44,51.57
2286,-4.37,-485.95,-170.55,29.09
2287,-89.46,-505.31,-132.57,35.47
2288,-33.3,-534.97,-143.08,37.16
2289,-96.38,-489.4,-342.3,-27.56
2290,45.05,-553.76,-130.59,12.6
2291,-9.71,-555.17,-144.71,36.94
2292,-24.3,-516.72,-10.12,80.35
2293,-31.45,-503.12,-148.38,38.66
2294,-50.78,-525.11,-69.57,52.9
2295,-50.45,-498.91,-120.19,10.48
2296,-30.69,-514.12,-130.05,38.44
2297,-70.13,-529.15,-172.84,32.08
2298,-55.11,-520.54,-145.3,3.99
2299,19.96,-509.9,-154.65,36.71
2300,-82.39,-514.31,-180.85,-44.93
2301,-58.45,-478.13,-63.54,59.14
2302,-84.9,-519.04,-109.41,101.9
2303,39.69,-494.18,-133.13,45.42
2304,-11.72,-526.07,-157.29,42.6
2305,-142.73,-519.07,-145.28,45.95
2306,-6.95,-576.09,-119.96,26.02
2307,49.98,-530.49,-228.83,37.7
2308,3.5,-517.46,-102.2,21.38
2309,-22.72,-519.06,-213.16,-7.3
2310,-83.14,-488.06,-131.76,-19.3
2311,33.19,-539.2,-88.65,59.43
2312,-52.18,-531.68,-227.22,27.28
2313,-47.1,-510.04,-112.03,-54.28
2314,13.8,-556.44,-33.98,149.91
2315,-32.72,-483.26,-121.17,41.0
2316,-18.24,-504.75,-225.63,20.57
2317,-81.35,-508.5,-97.21,12.34
2318,-3.01,-554.02,-157.45,-6.37
2319,-56.33,-551.76,-186.3,37.16
2320,-57.98,-482.42,-107.14,89.13
2321,-5.79,-501.01,-43.55,33.54
2322,21.02,-528.17,-111.48,26.65
2323,8.48,-508.17,-212.09,-12.79
2324,-54.41,-502.49,-41.46,66.89
2325,-136.47,-504.98,-239.24,15.75
2326,60.94,-549.67,-90.07,32.08
2327,41.34,-545.49,-138.57,-6.19
2328,-1.02,-506.56,-155.98,0.73
2329,-134.29,-470.29,-107.48,63.71
2330,32.97,-558.58,-203.65,35.55
2331,-24.12,-557.13,-166.5,-4.01
2332,-36.85,-518.18,-115.3,31.86
2333,-66.93,-504.33,-71.32,14.19
2334,-53.62,-507.73,-206.75,64.61
2335,38.55,-562.19,-69.16,5.53
2336,-17.05,-595.48,-105.31,46.47
2337,-30.38,-462.81,-148.24,33.77
2338,-76.73,-414.39,-118.84,38.67
2339,10.98,-531.28,-118.95,19.33
2340,-30.21,-561.24,-110.0,31.33
2341,10.51,-540.1,-156.63,40.67
2342,-20.04,-520.88,-176.66,24.08
2343,-128.34,-524.38,-138.1,30.58
2344,-31.73,-471.54,-101.43,32.76
2345,-3.9,-480.4,-110.68,43.8
2346,50.41,-535.11,-88.57,57.22
2347,-6.66,-544.49,-283.5,11.43
2348,-34.42,-513.17,-86.94,55.82
2349,-41.88,-563.7,-58.88,6.38
2350,-49.7,-475.43,-88.39,39.02
2351,-81.61,-474.18,-150.66,40.13
2352,-8.6,-488.44,-132.0,29.01
2353,0.94,-545.25,-177.42,16.27
2354,-100.39,-544.6,-81.46,-4.34
2355,4.74,-502.96,-129.0,65.28
2356,-17.16,-526.37,-103.56,69.32
2357,2.37,-523.33,-130.5,12.3
2358,-107.43,-526.82,-161.68,23.61
2359,13.6,-534.18,-143.73,0.24
2360,-94.78,-509.18,-143.52,42.12
2361,13.43,-517.79,-160.26,-0.6
2362,-21.41,-544.54,-64.57,85.83
2363,-8.5,-503.48,-107.28,31.58
2364,-23.63,-473.97,-120.84,32.36
2365,-42.72,-507.21,-115.15,37.0
2366,-31.5,-529.13,-147.83,32.37
2367,-55.75,-537.35,-127.15,40.79
2368,-218.19,-474.11,-271.12,-48.13
2369,29.13,-540.27,-106.53,44.21
2370,-82.96,-486.97,-99.22,2.26
2371,91.15,-492.58,-99.81,77.9
2372,25.12,-511.13,-73.47,48.1
2373,-7.31,-504.2,-115.69,56.62
2374,-24.2,-498.92,-118.24,24.12
2375,-43.21,-521.82,-114.61,40.74
2376,-48.57,-531.51,-124.21,36.09
2377,-44.42,-520.82,-128.19,23.33
2378,-97.97,-512.47,-370.02,-67.81
2379,-183.66,-575.97,-130.56,32.13
2380,63.31,-564.17,25.98,89.03
2381,57.36,-535.85,-117.54,40.76
2382,-43.38,-458.07,-105.31,53.59
2383,13.24,-509.1,-85.76,52.32
2384,-31.2,-494.73,-140.86,27.29
2385,-43.9,-483.08,-126.32,38.17
2386,-33.33,-516.79,-136.73,17.02
2387,-32.84,-520.36,-126.85,35.54
2388,-59.45,-508.44,-122.49,43.67
2389,-187.04,-477.18,-299.59,-76.85
2390,-139.36,-531.02,-206.6,14.99
2391,111.58,-576.55,-29.01,50.2
2392,80.93,-566.03,-61.41,90.09
2393,-14.65,-512.15,-150.7,24.33
2394,-54.93,-495.76,-75.16,102.97
2395,-14.42,-514.85,-120.7,41.08
2396,-43.09,-491.38,-154.94,39.52
2397,-97.14,-470.0,-142.29,60.15
2398,12.68,-530.77,-187.57,-2.42
2399,5.73,-563.51,-55.63,37.97
2400,-26.99,-481.96,-106.48,42.44
2401,-25.97,-524.09,-113.88,45.8
2402,-38.15,-520.77,-117.34,13.21
2403,-55.69,-489.31,-184.37,9.14
2404,-137.91,-496.43,-74.33,37.01
2405,-130.03,-477.02,-244.08,21.5
2406,113.14,-559.8,-93.72,24.21
2407,-2.21,-527.77,-64.12,59.06
2408,-13.15,-478.56,-120.67,-2.76
2409,-13.93,-489.33,-99.03,77.74
2410,-69.28,-485.77,-110.76,55.37
2411,-110.31,-444.55,-111.26,50.03
2412,-11.34,-516.73,-168.21,29.98
2413,-24.41,-510.73,-356.2,-41.13
2414,-21.76,-532.43,-68.93,-13.58
2415,18.82,-473.87,-11.79,75.65
2416,-3.85,-511.75,-130.86,32.02
2417,-22.53,-453.06,-146.57,42.07
2418,-21.94,-496.79,-115.85,76.08
2419,-63.5,-504.03,-107.23,33.83
2420,-174.69,-462.95,-110.26,30.65
2421,-21.96,-464.07,-112.8,45.43
2422,9.97,-495.73,-151.38,65.11
2423,46.82,-584.4,-157.69,10.15
2424,-27.83,-503.7,-91.99,32.39
2425,-39.31,-507.62,-108.37,41.56
2426,-136.01,-518.1,-139.38,15.96
2427,42.1,-450.5,-132.71,33.02
2428,-19.75,-523.75,-121.61,54.6
2429,-5.77,-557.69,-151.79,24.83
2430,-30.12,-451.74,-137.53,32.11
2431,-51.52,-519.15,-311.41,-97.81
2432,-63.27,-458.76,-49.04,85.85
2433,-54.75,-528.53,-45.57,121.57
2434,-88.73,-522.75,-144.35,10.25
2435,27.81,-507.37,-79.95,0.72
2436,-86.12,-482.19,-94.41,55.27
2437,-2.3,-535.62,-128.82,56.88
2438,-78.54,-542.55,-146.99,26.4
2439,11.61,-511.16,-126.99,23.06
2440,3.13,-502.84,-145.04,47.21
2441,-43.92,-518.71,-106.75,52.37
2442,-32.96,-532.7,-119.76,39.96
2443,-39.48,-511.19,-146.01,28.14
2444,-58.22,-504.97,-135.63,-0.89
2445,-22.65,-507.58,-394.3,-21.11
2446,-17.31,-553.48,-79.9,69.58
2447,-21.19,-509.78,-84.75,41.53
2448,-48.01,-518.42,-73.78,9.32
2449,-49.94,-440.8,-93.51,31.22
2450,-24.43,-523.14,-122.28,28.97
2451,-150.44,-505.67,-110.62,58.23
2452,-84.66,-540.2,-79.29,133.55
2453,83.54,-528.31,-112.83,-1.77
2454,28.07,-524.52,-142.33,21.43
2455,-11.41,-505.02,-218.39,34.7
2456,-59.65,-519.65,-235.25,26.3
2457,-60.45,-537.35,-27.1,55.1
2458,-58.5,-507.92,-79.88,33.0
2459,-36.96,-475.64,-161.39,3.97
2460,-71.09,-489.55,-153.84,39.62
2461,-14.69,-543.09,-89.13,61.21
2462,25.01,-543.3,-177.19,30.71
2463,-44.62,-516.24,-201.26,8.44
2464,-80.39,-504.61,-66.9,12.82
2465,21.75,-528.76,-82.45,56.5
2466,-53.3,-539.42,-129.71,58.27
2467,-75.21,-531.95,-148.88,20.02
2468,-19.07,-527.02,-54.56,37.44
2469,21.27,-491.24,-212.17,30.2
2470,-40.27,-568.4,-159.05,33.04
2471,-21.34,-540.01,-54.99,60.95
2472,-69.09,-450.01,-105.5,14.88
2473,-38.19,-472.67,-181.57,-10.46
2474,6.08,-518.52,-153.49,70.26
2475,-77.66,-481.76,-93.63,13.64
2476,47.91,-534.03,-156.14,38.71
2477,-30.36,-536.82,-183.72,20.06
2478,-54.69,-546.06,-97.95,61.22
2479,22.53,-489.87,-89.42,55.82
2480,-13.56,-520.21,-57.98,24.32
2481,-92.79,-519.44,-237.94,-5.22
2482,-87.3,-499.0,-165.18,-34.56
2483,0.81,-523.28,-135.46,69.93
2484,36.75,-459.43,-38.77,65.12
2485,-58.32,-570.29,-107.24,41.63
2486,34.33,-550.29,-127.32,40.27
2487,-7.18,-499.32,-147.0,24.0
2488,-24.89,-522.77,-132.16,44.37
2489,-81.56,-515.96,-135.54,1.19
2490,-36.62,-500.41,-208.23,17.25
2491,-78.57,-527.1,-113.22,5.03
2492,16.78,-581.37,-64.98,76.45
2493,6.82,-455.31,-112.83,52.0
2494,-37.67,-491.62,-101.51,51.14
2495,5.26,-515.32,-182.83,27.46
2496,8.38,-539.5,-89.3,37.41
2497,-14.34,-524.49,-126.13,34.35
2498,-22.07,-519.24,-141.02,42.04
2499,-12.64,-560.01,-397.13,-34.15
2500,-51.28,-505.45,-16.44,38.28
2501,-122.38,-496.21,-53.34,26.56
2502,-58.78,-495.34,-138.41,32.1
2503,-24.87,-457.59,-45.65,14.85
2504,36.04,-526.87,-177.83,46.3
2505,44.31,-515.29,-92.1,78.29
2506,7.99,-524.61,-121.56,47.18
2507,-17.32,-522.17,-130.47,34.4
2508,-21.92,-520.39,-122.85,33.14
2509,-23.24,-521.8,-121.44,36.71
2510,-23.49,-515.52,-128.65,25.83
2511,-30.06,-533.49,-218.85,20.89
2512,-242.81,-549.97,-267.76,25.95
2513,48.23,-476.09,-66.01,-25.44
2514,2.7,-493.02,-44.68,47.96
2515,13.36,-461.34,-101.02,32.15
2516,26.13,-506.23,-103.67,46.44
2517,-10.69,-509.68,-105.86,55.74
2518,-15.9,-500.48,-126.74,29.03
2519,-23.3,-512.23,-123.34,39.96
2520,-31.47,-512.78,-124.73,35.95
2521,-32.11,-505.31,-120.17,13.4
2522,-76.05,-530.58,-142.63,5.51
2523,-104.2,-508.25,-145.12,32.73
2524,-137.36,-525.97,-463.55,-36.24
2525,109.01,-520.22,70.36,42.3
2526,29.78,-494.32,-31.31,44.21
2527,-25.71,-519.77,-91.79,76.63
2528,4.74,-500.15,-117.85,17.43
2529,-26.26,-488.57,-114.62,41.35
2530,-21.29,-506.8,-128.55,36.46
2531,-29.81,-515.21,-121.37,42.86
2532,-31.21,-533.45,-140.53,10.06
2533,-90.91,-447.99,-102.28,-0.39
2534,-135.74,-529.17,-100.07,51.62
2535,43.92,-491.99,-132.26,35.38
2536,-20.62,-553.09,-162.57,13.72
2537,22.38,-510.36,-171.22,-13.07
2538,-69.45,-551.3,-160.64,25.42
2539,32.12,-526.73,-54.77,61.5
2540,-20.47,-525.81,-106.44,55.43
2541,-35.19,-511.78,-113.26,40.52
2542,-63.81,-507.56,-122.95,33.14
2543,-56.76,-477.44,-176.86,23.99
2544,5.44,-445.1,-141.49,-9.27
2545,-45.78,-500.25,-225.06,69.0
2546,7.19,-498.32,-160.67,-6.59
2547,-6.79,-466.53,-38.11,70.38
2548,-28.04,-518.03,-96.3,42.33
2549,-41.14,-513.33,-143.42,31.86
2550,-42.34,-569.32,-111.19,22.83
2551,-47.44,-576.08,-128.24,38.23
2552,-55.73,-565.65,-144.05,42.02
2553,-59.07,-544.64,-102.95,52.86
2554,-42.94,-502.72,-120.83,34.54
2555,-68.93,-481.11,-116.84,49.81
2556,-71.22,-526.69,-107.94,38.62
2557,-63.63,-492.71,-165.24,45.68
2558,-9.39,-523.58,-217.82,-6.76
2559,28.1,-513.06,-74.51,-22.21
2560,1.34,-507.1,-110.03,61.98
2561,-46.18,-502.1,-156.66,66.88
2562,-48.37,-486.73,-53.51,74.52
2563,-95.89,-467.65,-105.88,-3.4
2564,23.9,-457.74,-91.52,57.22
2565,-24.35,-543.56,-281.84,11.41
2566,-82.0,-479.35,-55.98,48.68
2567,-81.34,-536.7,-157.63,-17.0
2568,23.13,-487.93,-97.86,35.32
2569,2.71,-490.95,-110.56,43.54
2570,-51.63,-502.16,-150.7,47.71
2571,-96.9,-479.41,-186.92,26.75
2572,34.66,-520.28,-129.31,49.55
2573,-39.07,-483.5,-94.75,37.02
2574,11.49,-491.59,-93.28,15.81
2575,-34.66,-457.4,-125.49,-8.29
2576,-45.88,-545.01,-119.23,64.69
2577,-74.3,-479.2,-138.46,-0.05
2578,-18.61,-563.05,-128.1,51.28
2579,26.94,-607.03,-165.88,24.4
2580,-86.09,-474.88,-101.41,46.36
2581,4.26,-519.05,-132.1,-12.73
2582,7.26,-583.6,-147.97,57.78
2583,-39.43,-537.05,-117.37,22.22
2584,-50.71,-537.48,-266.96,20.24
2585,-85.28,-531.28,-26.4,63.58
2586,-8.07,-534.28,-110.73,21.3
2587,-165.45,-530.47,-98.65,52.17
2588,23.62,-507.21,-103.72,22.1
2589,50.49,-508.83,-115.64,32.68
2590,-14.38,-531.43,-110.52,53.56
2591,-27.58,-531.41,-157.91,-15.9
2592,-82.71,-520.12,-162.26,3.77
2593,-4.7,-521.27,-110.04,77.57
2594,-16.06,-412.09,-122.81,24.01
2595,-40.32,-590.65,-158.0,50.63
2596,-83.99,-504.68,-77.25,22.07
2597,-26.4,-469.8,-175.62,17.72
2598,-28.4,-484.38,-158.6,-69.02
2599,-55.68,-477.58,-95.28,23.51
2600,6.77,-479.79,-73.81,100.09
2601,-48.79,-517.99,-100.05,38.75
2602,-14.23,-542.05,-147.59,9.91
2603,-232.08,-512.51,-168.44,52.22
2604,70.99,-490.55,-107.75,69.54
2605,27.24,-533.1,-122.63,-12.09
2606,-0.45,-553.32,-70.34,62.2
2607,-21.14,-470.97,-132.36,2.16
2608,-68.38,-491.21,-186.03,9.6
2609,-66.35,-573.9,-214.56,20.35
2610,9.67,-504.54,-36.27,55.0
2611,-43.0,-469.54,-131.62,-8.57
2612,-56.82,-545.2,-137.32,43.39
2613,8.22,-533.66,-257.76,-2.31
2614,-30.05,-515.73,-68.71,9.87
2615,-27.74,-514.51,-46.21,76.42
2616,-79.59,-501.81,-75.29,41.68
2617,-49.61,-513.6,-103.58,67.89
2618,0.16,-521.83,-187.92,-7.84
2619,-36.91,-515.43,-102.36,44.56
2620,17.75,-504.22,-111.4,71.33
2621,-32.55,-495.94,-80.97,47.99
2622,-21.58,-483.23,-189.1,-5.3
2623,-89.06,-511.78,-127.72,21.95
2624,-30.35,-488.2,-69.13,18.74
2625,33.44,-453.93,-186.84,23.03
2626,-20.77,-520.36,37.83,55.8
2627,-33.46,-495.87,-80.24,-4.03
2628,-71.32,-504.56,-109.66,72.64
2629,-163.73,-517.06,-293.77,-21.63
2630,30.3,-508.27,-29.21,75.66
2631,57.72,-487.45,-132.96,8.84
2632,-77.22,-510.93,-131.15,48.79
2633,-59.79,-538.55,-106.73,34.03
2634,-5.71,-483.73,-121.7,-32.31
2635,53.4,-456.24,-140.54,77.03
2636,-49.46,-581.46,-266.9,-47.85
2637,-32.06,-630.22,-50.84,69.52
2638,-26.25,-533.95,-80.28,65.93
2639,-38.75,-549.06,-164.23,23.45
2640,-145.54,-576.42,-96.77,44.78
2641,-37.32,-512.4,-121.02,14.15
2642,-13.21,-499.26,-153.45,39.47
2643,-0.67,-539.53,-123.37,-18.61
2644,6.74,-511.22,-306.87,-34.66
2645,-0.34,-448.16,-63.94,-1.89
2646,-34.42,-495.04,-57.84,60.77
2647,-63.4,-507.7,-174.75,5.07
2648,-42.55,-527.17,-154.68,48.93
2649,-11.26,-478.24,-118.94,55.08
2650,-163.74,-513.61,-67.71,60.36
2651,18.55,-467.81,-79.73,-13.45
2652,44.54,-523.95,-79.75,36.74
2653,6.2,-469.04,-123.23,51.47
2654,-104.49,-387.19,-206.18,16.51
2655,4.53,-527.33,-119.21,11.8
2656,-70.35,-619.69,-291.57,-60.66
2657,-57.82,-484.62,-52.08,-16.66
2658,-13.47,-522.26,-29.47,110.13
2659,-23.79,-521.26,-131.26,41.54
2660,-12.64,-513.82,-222.48,7.11
2661,-0.08,-518.74,-176.07,-22.12
2662,-11.32,-542.82,-61.19,63.45
2663,-49.13,-510.23,-54.84,24.59
2664,-83.69,-505.77,-99.39,54.92
2665,-80.53,-511.09,-186.49,11.67
2666,28.57,-530.1,-345.06,-60.63
2667,13.01,-482.09,45.66,74.03
2668,-3.82,-473.61,-55.41,66.65
2669,-63.7,-499.04,-98.11,48.4
2670,-13.81,-456.17,-123.46,-50.29
2671,-52.86,-502.32,-92.79,87.57
2672,-10.15,-537.53,-151.39,36.73
2673,-26.07,-542.12,-132.69,24.24
2674,-29.84,-534.88,-166.58,-15.35
2675,-46.13,-510.57,-172.15,38.03
2676,-100.8,-477.52,-53.22,39.17
2677,84.57,-474.59,-76.97,68.74
2678,-38.36,-474.85,-255.64,-31.92
2679,-9.79,-584.81,-70.2,45.66
2680,-51.35,-532.88,-93.2,61.54
2681,-49.34,-485.77,-91.9,37.33
2682,8.35,-488.74,-156.82,33.8
2683,-66.8,-507.09,-189.18,21.54
2684,-89.49,-480.53,-90.21,-30.38
2685,-10.26,-556.63,-104.19,88.27
2686,44.41,-469.31,-100.86,36.32
2687,-5.88,-502.49,-171.62,21.16
2688,-18.15,-540.45,-46.55,12.03
2689,-30.89,-567.38,-131.93,46.47
2690,-63.97,-558.75,-123.1,57.95
2691,-40.95,-535.53,-191.12,34.22
2692,-91.01,-467.4,-91.31,5.4
2693,-22.0,-511.04,-253.09,10.21
2694,18.25,-522.53,-11.02,90.22
2695,-10.88,-488.0,-95.09,25.81
2696,-0.66,-465.53,-128.83,35.38
2697,-36.78,-497.93,-89.45,33.11
2698,-36.57,-508.45,-122.75,18.0
2699,-70.18,-495.04,-197.44,-22.02
2700,-175.21,-488.86,-191.19,79.48
2701,30.76,-421.17,-127.31,-20.06
2702,91.01,-543.41,-71.7,75.12
2703,-1.16,-521.68,-153.63,46.06
2704,-12.84,-511.38,-68.47,63.24
2705,-20.12,-507.02,-80.71,55.14
2706,-28.4,-511.85,-116.7,44.74
2707,-25.58,-503.72,-124.82,40.64
2708,-33.25,-508.85,-136.43,24.13
2709,-89.11,-487.0,-63.68,46.69
2710,-72.38,-476.21,-238.63,23.17
2711,-11.56,-474.29,-64.41,44.49
2712,9.12,-542.14,-116.14,48.2
2713,32.04,-500.41,-120.1,37.04
2714,18.53,-517.13,-125.68,48.0
2715,-15.14,-526.73,-105.83,56.1
2716,-20.75,-512.59,-110.56,27.14
2717,-26.44,-513.65,-121.88,70.22
2718,-26.18,-513.39,-219.73,-6.75
2719,-59.23,-505.3,-176.62,2.61
2720,-50.78,-538.63,-13.24,81.95
2721,-16.81,-516.78,-127.08,70.3
2722,9.73,-509.29,-105.78,47.52
2723,-26.15,-493.49,-107.54,36.32
2724,-92.71,-467.02,-116.49,44.63
2725,7.69,-480.28,-126.21,42.3
2726,-72.21,-471.83,-164.04,20.34
2727,-38.13,-473.84,-174.0,23.42
2728,15.34,-490.66,-44.79,48.27
2729,4.43,-520.7,-126.84,54.28
2730,3.15,-472.42,-189.37,12.52
2731,-22.48,-463.14,-79.33,48.1
2732,-28.87,-513.19,-108.41,39.04
2733,-50.46,-534.27,-150.22,17.96
2734,-97.51,-535.08,-217.14,-17.13
2735,-126.99,-503.19,-40.09,146.07
2736,98.99,-415.32,-102.54,30.68
2737,-91.93,-553.18,-114.05,57.52
2738,48.05,-577.65,-132.07,39.88
2739,-2.86,-537.64,-89.87,36.81
2740,-15.74,-488.36,-103.94,18.39
2741,-71.3,-504.87,-247.88,54.44
2742,-11.01,-522.54,-262.18,-52.0
2743,-39.89,-461.69,-17.05,43.39
2744,-15.97,-466.56,-57.81,92.45
2745,-13.87,-413.53,-78.61,52.01
2746,-16.11,-537.85,-145.97,32.2
2747,-39.42,-524.54,-115.84,70.34
2748,-58.89,-499.29,-260.61,34.37
2749,-197.54,-483.46,-146.94,9.11
2750,58.69,-443.27,-37.66,87.56
2751,54.78,-437.09,-74.92,49.27
2752,-16.48,-581.65,-122.01,41.2
2753,-18.52,-538.16,-213.88,24.96
2754,-25.08,-509.1,-116.22,50.59
2755,0.19,-494.44,-77.74,43.47
2756,-20.37,-473.01,-221.95,-0.77
2757,-50.28,-505.42,-72.12,27.81
2758,-106.1,-534.7,-108.14,72.28
2759,-53.93,-471.03,-167.83,63.01
2760,50.0,-487.51,-99.14,52.86
2761,35.75,-541.16,-83.21,11.78
2762,-7.99,-518.24,-163.02,15.68
2763,-15.83,-514.36,-144.63,51.23
2764,-22.94,-499.31,-86.57,38.42
2765,-42.81,-481.87,-116.02,64.77
2766,-40.89,-591.28,-163.74,18.91
2767,-61.66,-509.33,-262.21,-34.29
2768,-148.95,-516.65,-52.0,-8.94
2769,88.25,-549.61,-69.31,109.75
2770,-48.75,-474.47,-140.9,61.1
2771,-18.4,-496.58,-118.4,58.46
2772,-4.01,-530.13,-106.11,34.5
2773,-33.52,-504.73,-132.56,36.12
2774,-47.82,-523.9,-146.61,31.67
2775,2.51,-518.67,-95.07,39.92
2776,-132.88,-495.51,-286.5,3.61
2777,-12.89,-429.57,-142.3,-8.69
2778,68.91,-336.72,-25.07,35.7
2779,-91.95,-633.01,-91.82,55.17
2780,18.62,-625.63,-130.02,47.52
2781,-16.29,-565.29,-110.55,3.71
2782,-54.12,-544.4,-103.69,45.8
2783,-31.16,-520.83,-95.88,98.65
2784,-29.33,-501.49,-107.29,66.19
2785,-133.59,-488.93,-216.11,21.89
2786,5.09,-507.19,-209.87,-21.67
2787,16.76,-443.81,-91.41,42.82
2788,-16.5,-398.52,-71.16,26.74
2789,18.09,-465.04,-91.74,60.51
2790,-25.84,-526.81,-161.21,43.5
2791,-34.59,-493.81,-91.44,41.87
2792,-32.81,-493.3,-116.82,17.74
2793,-24.66,-458.21,-134.39,14.35
2794,-34.42,-405.84,-213.27,9.46
2795,-106.72,-550.51,-68.6,73.86
2796,-83.93,-566.67,-57.82,72.73
2797,74.31,-553.73,-232.5,35.78
2798,-9.69,-531.06,-21.14,62.21
2799,-43.93,-529.11,-140.14,27.02
2800,-252.83,-506.07,-179.4,43.86
2801,106.63,-511.23,-159.94,-39.1
2802,41.86,-452.47,-83.85,96.66
2803,13.53,-471.55,-193.46,-15.99
2804,-17.41,-543.73,-120.93,69.02
2805,-53.59,-513.51,-71.47,61.31
2806,-16.01,-495.41,-106.57,28.95
2807,-30.36,-528.75,-110.61,58.78
2808,-22.57,-490.18,-119.55,44.64
2809,-128.48,-449.16,-284.82,-4.27
2810,7.92,-562.49,-169.69,-24.46
2811,34.07,-557.85,30.15,102.48
2812,-1.17,-501.59,-96.09,61.35
2813,-15.56,-498.03,-160.17,34.87
2814,-3.12,-521.55,-113.13,-10.94
2815,-52.27,-518.91,-119.55,62.27
2816,-36.4,-497.38,-141.02,-6.18
2817,-15.65,-498.49,-133.09,60.07
2818,-17.19,-520.09,-114.61,41.39
2819,-49.22,-498.27,-100.27,32.81
2820,-80.61,-493.1,-120.19,23.82
2821,-25.91,-439.73,-142.45,62.5
2822,-6.24,-544.74,-269.13,-68.54
2823,-66.43,-621.92,-69.89,21.25
2824,-75.98,-564.07,-148.96,75.12
2825,-18.55,-571.35,-77.35,47.56
2826,54.54,-529.15,-88.17,67.03
2827,-40.21,-481.91,-147.79,18.72
2828,-35.52,-472.5,-143.28,-44.07
2829,-11.36,-573.73,-75.44,127.36
2830,2.01,-450.28,-130.4,32.19
2831,-94.6,-394.3,-154.53,5.14
2832,-80.77,-508.86,-256.24,15.9
2833,64.76,-541.63,-15.44,53.83
2834,2.55,-476.61,-77.45,37.41
2835,-55.16,-458.48,-125.78,33.73
2836,-24.85,-510.39,-139.12,28.22
2837,-33.52,-384.82,-103.62,-29.93
2838,-57.26,-529.14,-143.97,64.11
2839,-57.15,-558.02,-140.57,83.86
2840,44.8,-538.57,-226.75,-6.25
2841,-67.01,-516.72,-58.07,28.91
2842,4.93,-502.84,-126.7,45.74
2843,-185.33,-464.1,-217.95,24.42
2844,77.49,-577.1,3.17,86.0
2845,-3.31,-564.78,-118.64,43.12
2846,20.8,-448.93,-112.21,47.41
2847,-47.55,-432.73,-170.34,9.87
2848,-14.52,-594.8,-164.22,18.95
2849,-94.57,-524.03,-171.32,-13.9
2850,19.26,-473.37,-114.55,15.0
2851,-4.32,-547.51,-54.56,126.29
2852,16.4,-521.88,-110.36,35.34
2853,-16.94,-524.47,-86.67,49.97
2854,-66.57,-486.08,-299.24,-23.23
2855,-51.64,-536.71,-53.46,78.49
2856,18.07,-493.28,-123.83,23.29
2857,-0.42,-487.86,-72.69,43.65
2858,-4.89,-503.58,-86.16,24.83
2859,-38.73,-373.6,-179.4,16.02
2860,-11.31,-479.2,-145.28,-13.46
2861,-68.01,-628.42,-144.51,57.7
2862,-87.35,-533.95,-97.17,39.19
2863,-57.65,-516.63,-113.31,49.86
2864,39.03,-534.53,-115.04,60.01
2865,7.12,-508.94,-120.46,32.8
2866,-21.56,-507.98,-123.54,-14.56
2867,-19.55,-520.52,-100.66,45.3
2868,-84.45,-491.58,-191.95,50.65
2869,-121.4,-528.71,-81.59,53.98
2870,103.08,-508.84,-130.31,3.06
2871,-34.98,-462.77,-78.88,56.19
2872,4.33,-573.65,-166.96,43.86
2873,4.73,-479.65,-135.37,53.45
2874,-14.28,-486.91,-88.68,14.55
2875,-16.18,-490.6,-136.06,23.71
2876,-42.62,-547.7,-315.21,-28.45
2877,-29.85,-467.25,-26.48,20.45
2878,-78.0,-499.14,-75.64,60.16
2879,8.98,-554.51,-97.16,69.84
2880,-14.05,-490.56,-101.39,73.58
2881,-15.56,-487.48,-278.8,-30.57
2882,-8.16,-516.15,-30.42,101.24
2883,-24.43,-489.02,-61.64,46.78
2884,-14.42,-469.02,-120.29,22.44
2885,-44.88,-524.86,-126.92,35.45
2886,-47.9,-533.3,-132.53,59.5
2887,-3.48,-469.09,-90.31,58.94
2888,-24.88,-479.24,-114.45,39.06
2889,-56.83,-527.12,-130.87,62.47
2890,-20.03,-539.7,-152.1,-0.23
2891,25.41,-511.66,-107.08,41.75
2892,23.75,-418.02,-103.12,64.42
2893,-32.53,-549.68,-128.05,22.61
2894,-7.38,-620.74,-263.11,39.57
2895,-9.18,-575.73,-155.1,6.26
2896,-13.48,-552.46,-24.45,91.89
2897,-24.2,-496.8,-75.89,25.33
2898,-46.61,-448.58,-131.79,26.08
2899,-67.18,-517.26,-133.48,38.4
2900,-4.5,-498.12,-92.08,50.36
2901,-38.76,-512.39,-95.31,48.26
2902,-39.47,-463.05,-128.69,13.76
2903,-83.22,-494.62,-135.96,38.2
2904,-29.83,-505.28,-58.35,80.25
2905,23.96,-449.3,-109.22,37.59
2906,2.33,-475.88,-126.3,29.72
2907,-49.22,-505.42,-82.6,64.82
2908,-21.09,-536.95,-394.92,-27.41
2909,-2.27,-520.64,25.87,51.97
2910,-18.47,-490.5,-60.99,34.2
2911,6.5,-500.61,-207.49,21.63
2912,-70.61,-523.71,-101.64,1.45
2913,1.69,-533.78,-70.66,26.58
2914,-13.52,-521.19,-88.1,85.37
2915,-30.79,-460.21,-162.7,11.01
2916,-5.36,-474.91,-144.88,36.38
2917,-7.72,-521.44,-41.5,55.54
2918,-24.86,-558.44,-111.21,48.26
2919,-54.46,-517.84,-199.26,22.49
2920,-41.49,-529.12,-57.3,61.63
2921,-51.34,-416.59,-99.5,42.51
2922,-53.93,-455.63,-111.55,35.72
2923,53.37,-521.93,-172.46,2.7
2924,-24.1,-492.63,-181.49,64.93
2925,-206.88,-505.8,-49.13,51.78
2926,134.73,-483.55,-206.79,-7.28
2927,32.6,-534.3,-61.92,50.53
2928,-3.12,-485.78,-96.98,74.78
2929,-46.94,-443.51,-126.63,32.19
2930,-15.79,-513.45,-106.73,8.08
2931,-36.74,-496.4,-220.92,-1.22
2932,12.83,-565.48,5.59,70.44
2933,-18.61,-546.99,-130.84,52.84
2934,1.27,-496.56,-101.43,32.36
2935,-120.09,-470.6,-142.26,10.45
2936,-35.65,-532.44,-193.31,31.94
2937,-27.47,-488.2,-218.84,18.91
2938,66.54,-491.79,-29.4,69.45
2939,-22.74,-460.85,-49.05,45.32
2940,-41.73,-492.57,-189.72,20.35
2941,-45.28,-437.5,-69.43,57.34
2942,5.24,-439.4,-77.39,14.34
2943,-41.1,-460.05,-83.05,17.32
2944,18.82,-447.43,-123.96,79.39
2945,-48.01,-568.75,-148.63,22.41
2946,14.44,-512.05,-296.47,-4.74
2947,0.99,-495.73,-15.81,44.93
2948,-40.68,-419.8,-54.8,5.75
2949,-35.98,-528.62,-72.43,-23.6
2950,-41.26,-493.39,-65.55,74.95
2951,-148.53,-517.79,-166.25,34.04
2952,-5.51,-493.49,-56.33,65.44
2953,97.98,-483.14,-90.29,25.89
2954,-21.51,-497.04,-109.09,34.53
2955,-26.98,-495.41,-134.18,21.9
2956,-1.88,-516.33,-50.06,51.9
2957,-95.55,-539.12,-299.02,51.71
2958,-5.05,-500.5,-11.08,39.02
2959,9.16,-453.95,-102.5,-10.91
2960,-16.53,-463.08,-110.37,60.88
2961,-22.48,-522.88,-61.82,60.89
2962,-18.61,-488.82,-30.45,27.63
2963,-16.48,-425.51,-70.72,36.35
2964,-136.58,-448.77,-51.61,-19.13
2965,27.81,-496.33,-138.38,75.86
2966,13.73,-481.43,-86.78,29.35
2967,-85.79,-474.9,-153.74,18.49
2968,31.59,-489.04,-44.13,3.83
2969,-9.42,-548.62,-146.45,29.64
2970,-74.69,-601.17,-99.43,66.17
2971,-114.46,-535.88,-148.29,15.92
2972,-18.91,-512.43,-141.7,11.1
2973,71.88,-529.44,-107.09,-1.45
2974,-13.31,-498.02,19.71,92.37
2975,1.11,-472.17,-23.86,55.56
2976,-44.7,-439.6,-78.79,49.7
2977,-108.39,-446.1,-83.94,1.52
2978,14.73,-389.99,-120.02,46.0
2979,-138.83,-525.82,-138.48,41.76
2980,-18.78,-476.23,-142.75,-78.32
2981,74.64,-503.2,-10.88,82.03
2982,-71.27,-488.07,-73.72,80.38
2983,-17.93,-424.9,-146.73,-24.34
2984,13.61,-471.29,-55.46,55.5
2985,-13.33,-529.39,-94.12,33.47
2986,-42.61,-474.72,-29.47,52.98
2987,-99.89,-448.36,-119.14,-22.62
2988,16.62,-514.86,-102.13,45.01
2989,-14.28,-510.63,-27.98,83.45
2990,-78.29,-452.9,-56.94,30.21
2991,2.25,-450.87,-47.62,41.98
2992,-20.42,-508.56,-88.64,19.26
2993,-61.52,-466.39,-97.43,44.52
2994,-184.66,-405.35,-207.11,1.28
2995,42.18,-466.08,60.09,19.2
2996,85.95,-516.97,-85.54,71.56
2997,-0.27,-481.22,-178.21,16.82
2998,-32.28,-507.45,-5.29,36.32
2999,-104.23,-502.96,-20.66,36.84
