,ch1,ch2,ch3,ch4
0,-14.77,7.92,35.52,13.78
1,-25.29,-93.69,28.48,7.37
2,-72.13,31.64,34.19,13.76
3,4.73,26.27,35.16,6.84
4,25.12,137.05,30.37,3.95
5,8.4,79.22,35.82,-6.05
6,-19.82,9.59,32.92,-0.3
7,-23.83,-74.51,38.94,28.08
8,-26.72,-5.32,36.32,21.61
9,-25.43,-138.86,40.85,53.82
10,-20.94,60.61,26.1,-19.95
11,-22.35,52.83,36.91,6.58
12,-25.1,23.99,34.32,5.53
13,-42.11,-17.9,34.8,6.63
14,14.54,17.12,37.34,9.67
15,-9.12,20.76,38.15,14.0
16,-10.26,48.28,37.04,11.58
17,-7.75,-134.59,46.32,35.32
18,-9.84,210.03,37.89,29.9
19,-7.43,-104.84,38.39,-4.03
20,-46.19,-7.84,28.66,8.64
21,-23.02,104.69,39.43,8.96
22,-6.44,57.36,30.72,4.54
23,-48.72,33.21,37.04,11.84
24,18.06,-89.42,36.16,9.1
25,7.35,-4.66,32.93,0.28
26,-6.56,24.42,33.49,-0.08
27,-20.51,-104.45,41.57,46.0
28,-20.72,69.67,36.34,15.97
29,-14.43,17.29,32.85,-4.51
30,-27.64,4.28,46.3,12.98
31,-15.79,61.47,31.18,12.16
32,13.97,3.03,42.04,18.0
33,-8.04,112.39,43.47,36.93
34,-66.72,-49.49,36.48,18.23
35,-12.92,-39.98,31.32,-6.83
36,1.08,25.45,29.68,20.49
37,-21.11,40.72,37.67,10.66
38,5.8,-9.39,34.58,3.35
39,-26.57,-21.36,35.89,9.22
40,-29.19,-7.59,37.01,12.38
41,-7.23,-44.7,27.53,27.64
42,-6.14,-33.07,34.34,-3.66
43,-18.52,45.46,39.5,36.22
44,-25.16,81.65,25.65,4.23
45,-63.85,-26.86,29.39,27.71
46,13.9,6.1,34.83,-2.96
47,-3.57,45.63,31.33,11.94
48,1.05,-169.0,37.65,17.92
49,-11.97,139.13,39.16,10.11
50,-7.51,102.5,33.1,9.09
51,-23.05,-14.88,29.17,7.32
52,-22.47,-44.7,30.15,11.1
53,-5.78,4.81,32.16,17.65
54,-21.08,-93.47,32.44,2.29
55,-14.26,49.74,28.44,48.91
56,-43.84,70.87,30.12,8.12
57,16.99,56.23,33.35,-23.45
58,-14.52,4.33,32.68,23.56
59,-38.41,-17.31,23.6,-12.29
60,-33.53,6.88,38.69,42.69
61,-21.55,-15.28,29.66,14.11
62,3.1,36.91,27.18,1.35
63,-8.38,-4.1,27.17,8.27
64,-15.72,21.66,31.3,8.08
65,-41.91,-66.79,32.42,17.43
66,-54.69,23.68,35.47,32.69
67,3.95,36.75,26.94,-4.59
68,2.93,-158.34,47.93,16.79
69,14.3,57.93,19.53,0.61
70,-29.32,48.04,26.37,0.21
71,-6.84,145.98,33.08,10.56
72,-21.14,-0.35,35.93,26.15
73,-53.62,-50.52,30.08,7.05
74,-14.34,-82.65,28.17,-7.93
75,8.63,40.66,27.88,37.52
76,-12.77,18.57,31.72,-31.96
77,-11.87,131.99,44.7,23.19
78,-27.05,-86.0,41.46,-5.77
79,-23.64,-23.28,28.92,23.1
80,-31.46,-14.7,31.5,15.13
81,-34.25,-51.05,34.68,3.62
82,4.13,84.81,37.54,33.24
83,-12.48,-15.13,39.68,23.78
84,-19.33,59.53,31.29,-3.06
85,-0.36,35.16,29.31,-5.89
86,-4.12,9.53,26.83,4.4
87,-16.9,80.76,42.56,16.37
88,-24.49,125.44,22.55,14.87
89,-36.36,-146.11,29.81,29.51
90,-18.35,-8.35,34.79,-9.86
91,2.89,-3.27,32.94,-7.07
92,5.08,-120.01,36.14,21.42
93,-9.8,96.89,31.53,9.54
94,-14.02,114.64,32.35,70.12
95,-15.55,-1.76,32.93,-33.76
96,-29.16,79.51,31.59,0.72
97,4.66,-23.56,36.89,21.34
98,-7.78,39.82,31.05,-36.14
99,-36.01,39.39,33.52,36.38
100,-31.4,-43.02,30.58,23.78
101,33.5,110.54,37.12,38.05
102,1.68,-64.55,30.47,-3.38
103,-0.3,-4.0,34.72,4.56
104,-52.81,-94.7,35.23,11.69
105,-15.74,44.93,36.48,9.14
106,9.14,-98.03,43.11,21.79
107,-29.78,69.83,23.8,9.8
108,-15.58,39.55,33.58,-6.89
109,-1.29,69.28,28.83,14.72
110,-11.08,-5.46,41.15,19.24
111,-2.78,22.31,32.3,13.33
112,-8.97,90.02,34.2,8.49
113,-23.82,-52.67,35.42,69.06
114,-4.92,-21.67,30.14,-39.32
115,-7.71,30.42,37.07,5.33
116,-11.34,75.52,43.93,28.35
117,-9.85,190.79,45.59,69.86
118,-44.96,18.95,41.91,-19.4
119,-10.4,94.5,36.56,29.2
120,40.68,157.61,37.28,22.88
121,3.75,60.34,36.84,17.12
122,-5.92,95.55,37.03,19.41
123,-6.55,79.25,40.29,21.93
124,0.74,91.46,44.97,28.82
125,-8.72,60.13,34.91,30.04
126,-6.62,148.29,41.15,12.5
127,-39.78,68.21,32.8,-2.01
128,-30.46,72.09,44.1,37.99
129,45.84,202.81,38.58,41.93
130,-41.08,-62.29,35.67,-0.47
131,2.04,5.4,48.82,18.8
132,-20.11,131.06,35.13,20.16
133,7.97,148.36,34.06,16.87
134,-12.24,82.66,38.81,16.13
135,0.99,43.25,37.39,17.63
136,14.59,197.45,40.85,19.7
137,-13.41,30.94,39.46,25.76
138,-16.77,33.77,44.29,32.41
139,-11.47,47.95,41.92,48.35
140,-14.25,144.54,43.51,-1.21
141,-22.8,7.39,43.53,18.39
142,6.5,98.2,40.13,6.74
143,-7.61,85.53,39.15,26.3
144,-13.28,98.25,34.98,33.67
145,-8.72,112.86,40.14,6.73
146,6.93,138.71,35.52,21.01
147,-8.36,3.16,40.28,22.3
148,-13.39,46.67,42.86,22.82
149,-38.8,95.1,44.47,24.84
150,-9.89,96.14,45.49,31.81
151,27.44,113.91,37.65,13.21
152,4.42,85.42,40.67,22.36
153,-4.27,56.75,39.3,16.14
154,-27.13,159.04,41.18,21.89
155,-19.48,-44.12,38.12,18.87
156,-3.21,100.17,39.84,18.11
157,8.84,80.79,41.34,25.42
158,-13.84,92.0,37.78,15.08
159,-5.89,97.23,34.69,20.75
160,-19.66,39.47,39.2,17.72
161,-16.74,63.42,40.53,23.39
162,-2.58,110.05,35.62,22.76
163,-17.84,81.36,37.65,18.34
164,-35.41,42.23,36.81,20.6
165,7.64,230.13,40.19,24.7
166,1.71,-23.73,36.71,11.9
167,-1.85,91.74,34.03,15.35
168,-28.93,42.71,33.96,19.0
169,-22.21,43.12,39.15,22.19
170,-37.21,106.99,40.94,22.56
171,-14.05,89.01,36.89,19.51
172,-2.58,85.29,35.35,-0.72
173,-7.65,55.34,37.87,34.29
174,15.47,142.56,37.16,27.6
175,-7.81,93.81,40.29,19.34
176,-7.18,31.79,38.29,19.23
177,-13.6,91.49,34.44,23.57
178,-6.12,55.73,36.89,19.98
179,-23.75,78.9,35.06,22.15
180,-35.44,98.67,32.55,14.94
181,-2.24,78.85,30.8,8.8
182,32.08,214.52,35.8,23.8
183,-14.7,24.82,35.94,22.4
184,-23.97,47.36,40.62,21.09
185,-38.29,96.95,35.46,24.57
186,-15.52,19.53,34.24,17.23
187,4.82,100.72,33.14,15.38
188,-25.4,68.26,36.23,20.23
189,3.85,101.0,33.1,20.08
190,-9.6,92.7,37.59,29.38
191,-16.82,103.32,33.65,10.92
192,2.6,114.38,33.55,14.44
193,3.43,229.32,38.53,24.17
194,-33.67,-1.31,36.29,21.52
195,-28.02,30.62,33.52,13.58
196,-5.27,73.04,36.55,16.94
197,-11.74,43.97,40.2,19.34
198,-15.09,146.53,39.99,21.17
199,15.3,105.63,40.73,21.37
200,-23.55,10.53,38.67,18.38
201,-33.65,92.67,39.9,16.86
202,58.99,76.72,38.34,16.01
203,-23.07,95.57,40.54,18.09
204,-42.46,98.22,43.68,21.8
205,-4.72,80.06,41.85,20.63
206,-11.52,63.26,42.14,23.41
207,8.06,76.47,38.12,18.71
208,23.2,116.16,41.87,21.33
209,-80.28,89.55,41.69,21.43
210,-5.66,48.96,46.23,29.71
211,-77.31,70.93,40.5,14.13
212,25.94,111.1,43.24,15.64
213,-3.89,86.31,37.52,19.3
214,-10.77,111.47,38.06,18.34
215,4.16,110.45,38.96,18.82
216,-1.71,117.47,39.1,19.38
217,17.59,61.69,34.88,14.67
218,-10.66,58.42,36.55,13.79
219,-53.62,93.64,38.74,16.63
220,41.06,80.98,35.63,16.48
221,24.39,85.22,32.67,22.96
222,-65.68,153.03,42.82,16.28
223,-13.53,46.15,43.42,23.1
224,-40.08,66.17,40.48,19.73
225,-0.93,78.73,42.26,21.45
226,-6.41,79.7,39.69,18.01
227,-9.72,74.04,37.45,17.96
228,4.57,76.54,44.12,16.06
229,18.46,63.47,38.57,16.19
230,-17.06,60.55,37.92,18.09
231,-21.71,83.69,39.97,19.46
232,92.13,93.87,41.08,19.99
233,-10.71,75.58,37.37,18.08
234,-108.48,69.67,38.96,17.73
235,-27.79,57.94,37.92,20.9
236,32.58,59.37,32.78,12.61
237,-1.61,73.32,36.92,18.28
238,53.88,83.28,39.59,19.94
239,-3.56,97.18,42.56,17.99
240,-89.29,89.27,38.41,17.14
241,-36.51,37.88,42.5,18.64
242,4.29,77.2,41.05,16.4
243,6.82,94.24,41.93,14.2
244,82.79,106.5,44.31,17.73
245,-50.45,90.14,36.38,17.36
246,-37.54,47.94,44.26,16.42
247,-33.52,80.21,41.41,17.73
248,-17.2,73.03,37.09,17.39
249,-22.05,65.85,41.87,16.53
250,91.11,74.12,37.89,17.25
251,-40.54,69.69,36.93,16.64
252,-76.41,36.25,39.7,17.73
253,31.37,130.48,38.36,18.68
254,-18.81,85.83,37.89,16.54
255,-20.93,59.88,30.85,15.22
256,7.81,67.56,41.5,17.43
257,75.08,86.36,40.15,18.14
258,-41.54,82.25,38.23,18.69
259,-62.35,69.43,39.64,17.97
260,37.62,78.92,38.57,16.65
261,-8.31,47.99,40.38,22.43
262,-82.11,78.98,41.83,18.72
263,15.26,32.07,41.7,18.25
264,20.78,80.69,36.51,17.04
265,-46.42,132.15,35.67,18.16
266,-46.3,-10.21,39.66,16.5
267,-12.43,59.84,34.67,17.7
268,24.36,44.5,41.15,20.51
269,79.54,68.23,39.58,23.29
270,-50.51,64.98,34.65,6.08
271,-53.58,50.15,40.51,12.86
272,17.25,64.79,38.21,17.8
273,-32.63,83.6,36.84,16.86
274,-29.79,81.4,40.62,15.47
275,-14.57,57.74,36.13,12.92
276,-17.52,65.61,36.92,15.45
277,115.82,68.83,35.29,14.35
278,11.5,67.91,36.16,15.75
279,-60.09,67.79,32.2,11.68
280,-22.98,63.32,38.83,16.58
281,-55.79,61.52,51.77,24.3
282,-18.93,80.99,44.24,15.65
283,-18.2,59.94,41.61,19.03
284,17.72,68.72,38.11,12.1
285,56.4,83.78,35.53,18.72
286,-41.03,126.81,37.7,21.0
287,-67.8,116.84,41.75,23.13
288,-35.75,19.06,38.27,15.24
289,116.19,52.55,36.84,14.5
290,-18.48,58.17,33.66,11.81
291,-168.65,48.25,39.0,15.49
292,6.23,96.24,43.63,17.62
293,116.89,72.74,38.93,16.49
294,-95.1,66.57,43.6,14.4
295,-43.99,54.37,38.65,14.59
296,-20.59,62.37,39.25,14.59
297,18.37,75.42,39.32,18.04
298,-35.99,65.59,39.23,13.15
299,-46.23,72.62,37.47,18.31
300,2.02,81.6,26.36,12.96
301,-12.54,77.47,34.77,15.83
302,181.86,87.86,39.25,19.18
303,-196.35,60.11,39.96,18.18
304,-5.29,29.26,35.6,13.9
305,-38.06,89.44,33.8,13.88
306,-59.42,-9.26,31.59,8.1
307,-12.52,-33.44,37.75,5.02
308,-7.22,-6.31,37.46,12.06
309,-14.69,-3.49,35.9,11.33
310,28.7,35.71,30.16,10.92
311,22.75,5.16,36.25,6.12
312,-120.66,-39.12,32.89,6.23
313,-33.95,-9.66,36.54,11.28
314,-15.07,-8.0,34.58,11.45
315,-63.8,-11.82,32.52,5.73
316,-4.49,-11.14,35.98,7.55
317,-23.33,-8.82,36.66,7.14
318,-31.56,-0.39,39.3,11.55
319,-21.23,-12.71,32.18,5.48
320,-2.1,-24.54,35.84,5.59
321,-48.59,-29.3,40.79,7.17
322,16.87,-19.91,35.93,5.99
323,2.18,-18.63,28.48,-1.25
324,-93.54,-8.97,38.87,10.84
325,-49.97,22.02,35.49,12.64
326,15.13,-42.85,36.02,9.34
327,-84.9,-36.19,37.29,6.47
328,-19.45,-20.31,40.12,9.72
329,-0.96,-16.83,43.37,11.39
330,-16.63,1.27,40.65,8.41
331,-13.69,-12.53,37.33,5.43
332,-10.16,0.62,38.64,9.57
333,-25.73,-43.97,34.82,7.4
334,-40.22,-24.15,41.69,6.63
335,11.38,-32.33,38.12,9.18
336,-98.37,-4.88,33.87,3.42
337,-28.92,-15.29,36.96,8.05
338,-37.83,-10.89,40.53,8.25
339,-41.39,-16.58,38.03,7.61
340,-19.06,13.93,41.11,14.43
341,-5.37,-25.87,36.03,7.06
342,-16.17,-19.53,38.29,4.78
343,-47.59,-7.64,38.03,6.93
344,9.92,-10.44,35.2,8.79
345,-30.26,-14.47,41.14,9.06
346,-24.66,-14.22,39.55,14.08
347,-37.71,18.53,39.36,9.34
348,35.57,-7.76,41.05,8.14
349,9.07,-38.79,39.5,11.08
350,-30.78,-18.38,38.73,13.29
351,-100.45,-6.58,38.83,12.3
352,-54.08,-30.61,37.3,6.47
353,-29.65,-14.45,40.77,13.27
354,-13.17,5.63,43.62,14.72
355,-12.82,-13.9,45.35,13.79
356,-41.33,-31.96,43.98,10.71
357,28.07,16.95,35.61,9.53
358,-41.91,-36.23,31.69,2.13
359,-28.18,-9.99,44.13,9.65
360,-26.66,1.86,39.22,13.68
361,-7.61,-9.85,36.85,8.49
362,57.1,-8.21,37.94,8.99
363,-148.26,-17.28,37.14,9.02
364,-49.9,5.78,39.29,11.49
365,-6.25,2.9,35.62,6.17
366,-10.9,-25.34,39.11,6.83
367,-13.99,-8.6,41.13,13.17
368,-31.22,6.54,36.77,9.61
369,-31.44,2.39,38.73,10.94
370,-19.27,-28.99,37.38,5.44
371,-14.19,-5.69,40.19,13.04
372,-23.95,30.4,38.12,9.65
373,13.82,6.85,38.04,13.57
374,-16.61,-26.11,37.6,11.62
375,-78.15,-33.92,33.37,9.63
376,-4.71,2.46,35.45,11.87
377,-13.91,-7.51,34.93,7.23
378,7.11,6.53,35.71,7.83
379,-3.77,-3.12,38.1,13.02
380,-56.06,-13.92,35.28,13.84
381,-20.32,-1.65,42.78,11.87
382,-32.71,-0.32,43.18,11.4
383,-69.71,0.53,42.12,14.53
384,-6.15,1.06,38.32,14.59
385,-0.92,-5.46,39.74,16.28
386,-22.31,-10.95,39.92,15.03
387,-13.9,11.02,36.18,15.01
388,-25.76,11.81,38.66,14.47
389,18.87,-15.39,36.57,9.94
390,34.5,4.39,37.25,12.08
391,-96.59,11.78,39.91,11.78
392,-43.22,-23.25,35.88,7.82
393,-10.34,0.36,40.14,11.99
394,-8.09,8.18,39.55,14.52
395,3.52,-7.5,41.02,13.98
396,-55.37,-28.62,41.9,14.32
397,3.07,-4.61,41.62,14.55
398,-7.06,-3.94,32.56,9.6
399,-5.88,-3.1,42.54,14.05
400,-99.25,-3.76,44.39,15.37
401,-17.58,3.39,38.2,15.02
402,52.9,-1.8,35.55,9.83
403,-41.34,2.71,35.28,15.88
404,-33.87,18.02,39.38,15.19
405,-6.64,31.73,41.73,15.3
406,0.33,-6.91,37.68,14.5
407,-57.7,28.34,39.13,17.9
408,98.02,8.58,38.4,13.43
409,-158.66,-27.97,27.54,4.15
410,5.38,-11.4,39.65,14.74
411,23.48,-6.53,37.94,6.35
412,-100.76,-1.28,43.65,13.54
413,-31.51,-11.21,39.75,9.55
414,-17.57,6.44,37.08,9.76
415,-4.21,14.14,35.94,12.82
416,-24.39,0.96,41.63,11.19
417,-16.62,16.83,43.43,10.49
418,-19.02,-1.42,38.75,5.97
419,-11.35,39.18,40.95,10.52
420,-16.83,43.12,42.32,9.82
421,-9.3,67.03,38.35,6.26
422,49.69,80.02,38.38,9.36
423,25.15,10.86,33.27,5.35
424,44.99,44.89,35.47,6.88
425,-19.74,45.24,31.65,5.03
426,88.11,56.82,43.53,10.13
427,-22.54,42.95,38.09,10.06
428,18.59,61.4,42.35,10.32
429,-9.07,22.84,39.76,5.61
430,12.7,43.85,37.99,8.98
431,49.32,70.07,39.45,7.28
432,18.25,87.96,42.52,13.85
433,7.84,24.07,36.01,6.63
434,3.09,41.1,38.41,7.7
435,13.26,33.87,41.92,10.7
436,25.52,50.91,39.53,9.47
437,15.4,55.04,35.07,8.02
438,16.81,72.48,37.54,10.97
439,-2.29,36.53,34.37,7.9
440,25.09,43.19,35.34,1.95
441,47.66,53.46,44.54,9.75
442,-1.57,66.08,41.25,12.35
443,81.88,42.9,36.96,9.21
444,-14.41,55.95,36.57,13.35
445,4.3,38.92,38.96,12.52
446,-22.92,50.12,35.41,10.0
447,7.99,56.17,34.44,10.93
448,31.9,57.1,36.39,8.74
449,11.45,62.03,37.75,13.88
450,33.91,67.19,39.73,17.36
451,23.32,50.81,34.85,14.88
452,13.42,63.38,34.98,15.94
453,29.46,33.54,38.89,17.4
454,-11.21,28.98,38.05,13.88
455,-28.02,38.64,36.03,11.61
456,52.46,55.39,38.16,12.3
457,44.03,55.24,34.42,13.08
458,41.77,55.52,34.76,8.88
459,-9.63,27.39,34.6,12.51
460,5.53,46.15,31.76,10.77
461,15.26,36.1,33.68,12.19
462,75.68,43.09,36.13,12.99
463,-41.32,46.89,35.81,13.72
464,-15.58,37.53,36.81,13.57
465,26.07,54.19,37.29,10.94
466,28.31,70.5,37.0,11.51
467,0.28,50.43,36.2,10.17
468,20.87,51.08,29.98,8.51
469,20.21,51.39,38.43,12.38
470,-7.74,23.64,30.83,10.8
471,47.0,35.03,31.4,11.76
472,54.41,45.11,34.15,12.24
473,15.66,30.53,32.58,12.05
474,91.87,38.91,32.48,12.48
475,-33.83,40.0,33.65,11.89
476,-12.12,57.93,34.0,12.17
477,11.11,42.73,33.32,10.04
478,12.01,15.78,33.45,14.6
479,23.32,62.74,33.64,14.23
480,2.0,38.67,38.78,13.3
481,23.45,17.65,34.07,13.21
482,28.23,43.3,37.84,11.62
483,24.8,35.69,37.58,10.13
484,2.03,42.57,35.48,11.78
485,-1.38,62.17,35.16,12.73
486,18.49,79.71,35.6,13.73
487,77.49,43.73,35.38,12.01
488,136.64,36.31,30.36,11.8
489,-61.26,44.61,33.6,10.26
490,-26.47,63.89,32.93,12.74
491,30.89,56.42,34.36,13.75
492,16.83,8.45,33.87,7.72
493,-16.17,22.85,30.97,6.97
494,4.29,45.19,39.66,10.36
495,22.59,53.8,37.32,14.66
496,19.08,40.77,33.83,10.6
497,16.35,39.88,35.14,10.99
498,-9.74,38.64,34.96,9.44
499,45.72,62.54,34.55,8.57
500,31.31,68.56,34.84,10.07
501,35.33,43.4,36.61,11.76
502,25.01,47.9,34.86,11.23
503,-2.21,16.8,34.96,10.99
504,-11.22,26.99,33.4,9.07
505,26.28,-1.94,32.28,9.95
506,-90.69,9.65,34.37,9.95
507,63.83,19.03,31.46,9.51
508,-57.62,4.66,29.9,7.44
509,-65.38,12.66,37.5,13.62
510,-23.46,49.55,32.74,10.69
511,-55.71,-1.56,32.42,7.79
512,0.3,6.61,32.25,8.38
513,13.53,11.01,27.53,7.56
514,-7.0,17.15,28.66,11.8
515,-6.19,25.82,29.08,9.23
516,-24.79,-18.41,33.84,10.14
517,13.7,24.63,35.09,14.98
518,-43.64,13.58,31.8,10.4
519,-21.7,24.31,34.28,15.21
520,-12.3,12.13,35.4,15.12
521,-16.7,2.31,32.8,12.25
522,52.87,28.93,31.94,10.02
523,-110.26,-18.04,28.57,10.3
524,-26.62,10.24,28.74,8.61
525,-29.11,23.39,28.76,12.13
526,3.16,21.91,29.25,13.83
527,-16.51,-11.68,30.37,10.27
528,-11.0,25.49,28.04,10.95
529,-13.61,52.03,29.38,15.52
530,-9.78,-34.63,24.49,9.99
531,-10.09,3.12,27.89,8.53
532,-15.2,3.24,36.08,15.64
533,19.09,6.05,30.95,13.27
534,-33.53,18.54,28.63,11.02
535,-46.68,14.89,31.19,9.3
536,44.9,-4.96,33.32,6.33
537,-46.47,33.68,30.34,8.64
538,-12.65,62.96,36.49,10.14
539,-38.92,-20.47,38.63,10.9
540,-29.36,-14.4,33.55,8.82
541,-6.92,6.17,34.85,7.94
542,-18.39,-13.32,30.76,8.36
543,-2.75,1.12,31.86,12.39
544,-17.7,49.55,35.16,10.72
545,-18.93,31.38,31.48,7.25
546,-8.94,-0.97,32.14,9.11
547,-12.38,0.69,36.41,12.46
548,-35.78,3.51,39.29,12.49
549,31.82,6.33,36.24,13.91
550,2.37,-0.31,34.6,14.57
551,-129.75,-8.24,33.11,10.86
552,2.94,35.68,33.52,12.94
553,-16.93,25.49,33.3,10.37
554,-3.99,38.7,33.37,13.41
555,-9.71,23.22,35.27,15.55
556,-12.29,-13.58,31.65,14.6
557,-5.31,19.43,30.27,8.8
558,-10.62,31.77,31.53,13.69
559,-5.74,19.41,32.46,12.41
560,-29.41,22.48,32.24,10.57
561,-3.24,57.35,35.25,14.68
562,10.99,-9.91,32.26,12.11
563,-46.19,-1.91,36.77,15.13
564,53.88,26.06,36.09,14.29
565,-97.79,8.47,35.32,11.12
566,-49.77,5.97,33.97,10.86
567,-37.41,15.33,32.27,12.46
568,-6.31,8.33,34.31,12.48
569,-7.92,26.32,31.01,15.45
570,-7.44,16.72,30.77,12.27
571,-0.87,8.78,35.86,17.69
572,-24.14,21.7,30.78,15.71
573,-33.4,21.82,31.99,15.67
574,0.65,8.34,34.51,7.13
575,-9.34,15.22,31.57,7.13
576,0.64,32.87,34.7,13.55
577,-27.43,20.24,34.29,14.59
578,7.15,-14.49,33.26,9.15
579,-49.15,-5.96,33.44,12.64
580,-24.21,19.98,34.8,15.41
581,41.7,2.91,35.56,16.73
582,-80.4,-2.19,35.22,14.64
583,-41.12,11.15,26.47,14.75
584,-14.67,16.33,28.88,10.08
585,-15.74,14.28,33.47,12.29
586,-9.65,12.69,32.38,13.33
587,-11.13,35.11,31.05,13.28
588,11.25,12.98,28.5,12.55
589,-61.0,-11.78,33.9,12.54
590,-24.94,8.56,35.58,14.7
591,-17.84,3.04,32.67,14.49
592,0.77,17.09,30.76,16.78
593,-34.85,24.27,28.38,14.38
594,56.99,28.49,28.99,14.66
595,-101.2,11.93,31.46,12.76
596,-44.11,19.77,32.12,15.31
597,-8.01,7.14,28.64,14.07
598,-5.85,22.62,32.58,16.73
599,-14.28,26.26,32.94,13.89
600,-22.36,30.57,30.57,13.15
601,13.08,10.14,34.8,13.53
602,-21.15,5.08,29.05,8.78
603,-47.9,15.08,33.46,12.97
604,-11.26,-5.14,32.67,13.84
605,-14.2,14.7,31.18,12.16
606,-22.48,19.86,32.85,15.25
607,-20.11,24.11,33.95,14.38
608,-19.75,29.9,37.81,17.67
609,2.89,5.75,32.39,15.69
610,-25.01,22.68,34.02,10.01
611,-12.73,26.46,31.56,9.84
612,-29.96,8.23,36.82,14.69
613,-23.53,-13.31,33.91,14.36
614,-13.76,13.63,34.24,12.03
615,78.84,6.11,34.97,10.75
616,-97.5,5.36,29.2,10.67
617,-86.5,23.49,34.38,17.07
618,-17.74,30.13,31.01,12.01
619,0.23,10.58,34.66,12.85
620,-10.24,28.03,35.58,15.42
621,-12.04,20.4,37.31,14.68
622,-50.93,5.37,33.57,10.25
623,-7.32,3.62,30.5,11.68
624,5.45,8.83,27.65,7.16
625,-7.32,9.45,31.4,14.37
626,-31.11,37.97,30.34,16.66
627,-22.31,2.16,31.78,10.37
628,-10.49,10.0,31.16,11.3
629,26.06,-3.21,32.42,13.98
630,-27.93,-13.53,31.09,11.76
631,-56.83,-0.66,29.29,13.27
632,-22.97,-0.37,31.16,13.28
633,-30.48,3.73,26.67,13.67
634,-15.52,6.75,32.97,14.52
635,-9.99,-5.6,28.98,13.71
636,-12.36,34.46,31.73,14.09
637,-28.72,23.34,30.53,13.07
638,-17.99,-8.25,28.94,10.55
639,-5.05,6.92,31.39,12.01
640,-5.5,18.75,31.35,9.46
641,-12.71,16.47,32.92,10.76
642,20.05,12.05,38.29,10.78
643,-6.77,3.39,35.85,13.53
644,11.76,12.55,32.94,12.75
645,-82.53,-5.08,35.03,16.32
646,-11.85,15.48,31.88,10.54
647,-14.24,-11.7,32.22,10.78
648,-8.73,10.72,33.91,11.88
649,-12.6,12.89,35.11,17.01
650,-24.23,12.83,34.61,13.4
651,-14.79,2.27,33.31,13.75
652,-27.83,15.98,36.05,15.92
653,-4.21,0.33,35.15,16.84
654,-13.51,36.85,35.0,11.46
655,-17.25,-22.95,34.05,8.09
656,7.15,-5.21,34.6,9.28
657,-8.04,14.84,34.33,11.19
658,-21.23,-24.7,31.84,8.88
659,-0.63,-0.28,32.09,13.04
660,-41.22,11.27,32.38,14.34
661,-14.07,13.05,30.58,10.91
662,-10.48,2.06,32.0,10.97
663,-8.71,1.55,32.59,12.39
664,63.99,20.21,34.34,12.62
665,-52.94,10.01,31.07,14.11
666,-55.65,14.09,32.6,15.08
667,-36.36,7.26,28.63,13.64
668,-9.68,31.16,33.25,11.01
669,4.86,24.33,32.75,11.85
670,-33.94,-28.53,28.29,12.08
671,14.68,2.38,32.04,11.9
672,-44.94,8.12,34.51,13.05
673,20.64,27.47,30.0,12.86
674,-17.0,4.28,29.78,10.07
675,47.69,13.64,31.2,13.88
676,-93.79,-3.32,32.74,11.28
677,-21.26,5.18,32.64,12.52
678,-20.42,29.91,34.1,11.86
679,-12.52,27.45,30.99,14.57
680,-26.96,18.8,28.74,8.95
681,-26.64,19.96,35.34,10.69
682,-2.77,16.93,35.22,12.87
683,-18.79,7.42,35.06,16.25
684,7.91,-21.38,33.18,9.95
685,-13.36,29.89,36.97,14.71
686,-24.0,30.8,32.4,12.06
687,-21.08,-11.51,31.27,9.88
688,-26.04,-8.44,36.3,10.96
689,6.08,18.88,35.66,11.0
690,-38.69,25.54,35.77,8.58
691,-28.0,-8.02,33.9,11.46
692,-12.38,13.86,35.59,9.94
693,-20.02,6.34,35.55,8.32
694,15.29,23.83,34.46,7.76
695,44.35,41.06,37.92,10.82
696,-96.81,4.28,33.44,11.91
697,-24.84,24.3,35.13,10.04
698,-6.44,17.79,29.91,7.93
699,-24.75,-10.93,33.12,10.83
700,-3.52,-6.51,29.84,10.03
701,-10.96,10.01,33.89,9.23
702,-61.1,-4.79,40.27,12.38
703,-6.56,0.25,33.27,11.31
704,-8.67,12.94,36.42,14.6
705,27.36,23.08,40.23,10.79
706,-62.9,11.49,37.63,13.7
707,-20.45,-12.88,42.47,17.57
708,-13.11,16.84,39.73,15.47
709,-13.63,13.02,33.85,12.38
710,24.76,17.63,35.15,14.09
711,-34.28,0.51,34.49,7.02
712,-70.35,-1.57,38.42,14.21
713,-16.24,14.91,35.37,10.08
714,-16.44,-6.39,37.0,13.84
715,-26.45,24.16,37.93,8.85
716,-21.97,17.52,40.01,13.38
717,-31.86,26.5,34.41,16.67
718,-5.81,7.3,36.87,12.81
719,-8.7,-0.78,36.79,10.55
720,-13.29,17.25,37.74,12.27
721,-19.9,10.55,36.69,11.27
722,-16.25,16.11,36.58,10.51
723,-23.52,6.2,37.15,10.61
724,-9.16,8.12,36.11,10.93
725,19.63,10.48,37.05,11.14
726,-34.1,3.14,36.78,11.23
727,45.32,19.62,36.4,13.21
728,-37.17,-3.21,36.82,10.69
729,-71.71,10.71,40.63,17.35
730,-34.67,26.33,37.28,14.78
731,-14.28,-5.32,37.79,11.64
732,-36.1,-1.09,42.81,11.32
733,-12.5,14.29,36.0,10.33
734,-11.75,22.47,34.26,10.68
735,-6.77,20.48,36.83,12.54
736,-11.76,28.06,38.46,11.22
737,-14.81,20.9,40.19,14.02
738,-22.11,16.71,37.36,15.24
739,-31.4,29.52,37.5,15.28
740,5.21,5.04,33.2,16.46
741,-12.27,12.4,38.31,12.98
742,63.29,9.54,32.0,13.48
743,-99.68,24.95,37.53,18.7
744,-29.39,19.84,41.78,13.15
745,-14.51,31.15,40.15,12.41
746,-42.85,-29.83,38.35,11.53
747,-13.1,12.49,40.64,15.5
748,-21.51,8.63,40.43,15.69
749,-6.03,12.07,37.08,15.8
750,-22.6,9.89,38.01,15.69
751,-28.06,41.17,36.86,14.36
752,-22.46,17.36,33.88,16.94
753,-32.97,-4.8,36.76,14.96
754,-22.58,10.59,33.76,15.49
755,-15.61,3.09,35.45,13.86
756,3.52,-1.1,31.53,11.5
757,-30.6,36.29,34.64,12.88
758,91.66,27.92,38.11,15.13
759,-116.07,18.41,36.84,14.12
760,-17.76,13.31,41.7,14.67
761,-22.63,21.89,38.69,12.61
762,-12.12,44.68,36.44,14.79
763,-27.11,13.91,33.2,15.74
764,-12.41,0.19,32.37,13.31
765,-22.06,3.62,36.34,14.21
766,-14.12,8.05,41.06,15.27
767,-18.8,5.25,38.71,12.03
768,-4.29,31.8,38.52,12.58
769,-19.7,17.93,39.38,12.94
770,-10.31,1.54,36.74,6.11
771,14.69,17.31,34.34,11.53
772,-59.21,-11.53,33.5,12.72
773,-34.64,2.83,34.89,11.6
774,-67.63,3.6,36.06,12.16
775,93.85,-0.5,33.84,15.6
776,-63.35,4.56,36.06,14.75
777,-50.29,36.75,34.51,14.1
778,-9.16,11.8,32.5,12.13
779,-10.31,10.03,31.21,10.78
780,-18.89,3.92,34.88,12.03
781,-22.19,6.64,33.36,14.76
782,-16.5,9.22,36.77,14.21
783,2.8,12.3,36.87,12.42
784,-3.85,19.16,32.67,7.64
785,-38.13,18.51,38.54,13.16
786,-47.26,12.07,39.81,13.0
787,-1.59,22.53,38.39,15.38
788,0.0,16.52,37.74,10.67
789,-24.71,24.72,36.28,11.38
790,-15.1,25.83,36.72,9.4
791,-35.22,-14.76,35.48,14.3
792,-19.0,5.61,37.05,7.61
793,64.1,13.4,38.06,12.46
794,-50.38,7.86,34.97,14.8
795,-62.0,1.49,36.44,12.93
796,-11.03,21.36,33.86,15.42
797,-14.21,22.81,36.69,13.4
798,3.8,-11.34,33.45,11.78
799,-58.22,-8.69,35.2,10.62
800,4.22,5.62,33.67,14.37
801,-11.3,40.28,31.91,8.72
802,-34.4,-12.38,29.86,11.54
803,-25.82,1.8,30.77,14.63
804,5.87,1.12,35.89,14.26
805,6.59,54.93,35.36,12.5
806,-23.6,2.07,34.07,10.92
807,-4.46,5.03,33.35,8.83
808,42.84,16.8,33.5,7.17
809,-78.6,11.52,32.42,10.25
810,-37.97,15.08,33.53,12.63
811,-9.16,9.33,35.38,11.61
812,-4.18,13.21,35.61,8.34
813,-45.27,-10.99,35.14,10.06
814,24.42,25.9,31.34,13.89
815,-42.08,2.66,29.74,11.57
816,-38.98,8.87,35.88,13.23
817,1.23,6.58,34.16,7.78
818,-23.31,10.01,32.59,11.39
819,-23.31,16.71,32.18,12.17
820,-17.1,15.97,32.12,7.54
821,24.06,20.61,31.37,9.9
822,35.82,-9.97,33.25,10.7
823,-104.14,-16.34,31.31,13.25
824,-23.24,1.95,33.72,10.71
825,-31.83,19.83,37.34,14.41
826,-34.14,17.4,32.96,14.6
827,-4.4,-1.71,29.67,10.43
828,9.6,19.63,33.35,15.23
829,-33.35,4.24,28.3,13.38
830,-28.76,30.23,33.07,16.73
831,2.6,13.93,32.18,15.88
832,0.58,3.81,29.16,12.64
833,-56.06,-7.15,35.74,12.93
834,-26.92,17.09,37.44,15.48
835,3.88,75.0,36.07,15.68
836,-5.26,-9.66,33.62,10.83
837,-32.05,0.98,34.45,12.36
838,-27.23,8.97,34.82,10.46
839,-20.92,8.87,34.38,14.85
840,16.3,5.05,33.65,8.53
841,27.33,6.18,36.53,12.48
842,-102.67,-1.53,35.72,9.45
843,-21.52,16.87,34.0,10.62
844,0.68,26.8,33.94,9.39
845,-41.02,14.18,29.37,15.12
846,-38.11,9.23,29.76,12.7
847,0.8,5.6,30.3,11.5
848,-33.44,24.21,34.71,13.22
849,-35.36,15.93,37.41,14.56
850,2.91,4.28,35.31,11.21
851,2.38,-0.52,36.65,8.73
852,48.4,16.36,36.74,12.68
853,-88.04,13.94,33.29,9.89
854,-33.89,11.75,32.75,8.47
855,-0.5,12.36,28.9,8.78
856,-31.11,16.33,32.69,10.86
857,-7.94,29.51,33.93,10.28
858,-35.31,8.64,35.22,6.5
859,-12.55,15.7,34.55,12.32
860,-19.07,13.31,38.08,12.69
861,-25.12,22.87,32.26,10.1
862,-15.09,-7.25,30.45,7.47
863,-59.21,4.95,37.66,9.48
864,-1.18,23.69,39.68,9.05
865,5.21,5.0,37.03,9.09
866,-36.59,19.03,33.05,10.17
867,-2.29,17.46,35.4,9.97
868,-15.56,24.6,33.65,12.6
869,-30.18,4.17,35.94,11.94
870,-29.38,0.65,38.02,14.16
871,-8.84,22.4,32.13,13.49
872,91.8,32.63,33.6,12.21
873,-84.18,1.74,37.85,10.28
874,-68.8,3.39,40.66,10.69
875,-28.09,9.3,34.71,11.68
876,-25.86,8.93,34.55,13.81
877,-15.09,16.02,31.34,7.97
878,-19.99,23.06,32.7,12.99
879,-18.05,25.13,34.31,14.85
880,-13.7,-32.7,32.84,12.7
881,-4.02,29.54,34.75,16.45
882,-13.51,-1.35,35.94,9.56
883,-21.83,6.09,38.19,13.64
884,-20.4,16.33,32.86,13.35
885,-25.81,16.98,31.33,12.8
886,-1.79,22.87,31.42,13.81
887,-21.72,4.57,31.12,13.49
888,-34.85,24.21,31.18,17.33
889,-13.79,-17.56,31.21,14.47
890,-17.52,30.5,31.14,16.39
891,29.69,24.22,32.45,13.67
892,3.27,24.78,29.98,17.4
893,-84.74,19.15,31.66,16.56
894,-41.13,14.59,34.41,17.36
895,-24.24,17.36,28.56,16.71
896,-39.97,-4.43,32.62,19.24
897,26.28,9.46,32.56,17.65
898,-13.65,10.62,31.81,10.26
899,-30.33,12.83,34.19,17.98
900,-21.47,23.22,31.42,17.92
901,-12.0,22.15,33.77,15.93
902,-34.46,14.21,32.4,15.97
903,-16.85,29.38,35.68,16.42
904,55.25,27.68,34.11,17.36
905,-86.75,12.8,39.17,20.26
906,-44.83,-11.18,35.52,13.95
907,-23.47,-4.66,39.04,12.49
908,-16.8,30.75,36.24,15.52
909,-34.44,25.09,35.39,19.4
910,1.77,29.76,39.7,14.65
911,-5.9,18.63,37.13,14.18
912,-3.56,14.53,29.24,14.25
913,-51.92,3.41,28.63,16.41
914,2.84,35.12,28.35,16.18
915,-16.12,26.69,30.79,10.33
916,-21.82,16.24,33.79,10.57
917,-16.37,11.76,33.02,11.82
918,-20.6,14.48,32.1,13.25
919,-20.61,11.03,33.27,15.42
920,-19.15,14.3,30.83,13.35
921,-21.05,17.56,32.07,12.28
922,13.47,16.89,31.94,11.72
923,21.15,5.97,32.63,13.63
924,-87.8,-20.83,34.88,11.21
925,-27.38,25.04,36.68,10.26
926,-31.78,-1.26,35.52,7.91
927,-25.69,0.08,37.89,9.15
928,-21.47,8.9,35.21,11.94
929,-1.5,4.23,34.1,11.73
930,-18.68,8.9,34.86,8.35
931,-24.32,4.44,40.36,10.16
932,-22.6,2.76,37.34,14.93
933,-5.22,14.25,32.49,11.17
934,-13.47,11.75,28.48,12.53
935,-18.34,-4.12,31.18,13.34
936,-20.96,11.18,32.1,11.27
937,-31.14,11.26,31.86,15.18
938,24.33,3.99,33.35,12.36
939,16.35,34.37,30.21,11.0
940,-82.13,15.62,30.54,9.59
941,-20.46,-8.86,34.39,10.44
942,-11.03,-2.21,30.36,9.29
943,-43.12,2.42,31.16,9.81
944,2.64,3.79,33.91,11.21
945,-16.27,-8.22,30.17,11.17
946,19.38,-12.02,34.87,12.88
947,-37.95,16.01,36.84,13.6
948,-12.31,35.16,39.83,13.14
949,-23.47,-10.66,34.26,11.83
950,-32.6,-6.81,30.76,3.85
951,-32.73,0.27,36.77,5.02
952,-1.2,7.75,37.2,8.66
953,-8.19,11.47,35.22,5.66
954,-2.85,7.47,30.56,11.19
955,-11.61,15.62,31.91,13.27
956,41.71,11.2,29.12,13.15
957,-89.66,-9.16,34.09,10.28
958,-38.67,-6.79,34.99,7.45
959,-14.39,31.39,35.09,8.91
960,-11.58,-2.65,36.88,13.25
961,-18.23,10.64,29.96,10.85
962,-17.17,23.73,36.2,11.31
963,-15.25,25.14,34.55,13.35
964,-19.79,-13.26,35.92,15.25
965,-24.83,-11.42,36.42,10.36
966,-22.78,9.24,31.39,8.24
967,-13.62,12.15,38.58,9.39
968,5.36,6.3,39.69,11.5
969,-17.0,1.5,34.96,9.88
970,-20.14,12.61,37.69,11.12
971,-9.9,12.1,41.77,8.44
972,0.12,-11.34,39.53,12.06
973,23.67,18.36,38.24,13.01
974,-69.29,29.6,36.46,9.77
975,-19.14,24.89,39.25,12.66
976,-25.11,4.8,38.79,10.25
977,-25.13,-8.14,39.7,12.87
978,-17.87,10.76,41.18,11.3
979,1.83,17.19,40.88,14.59
980,-38.78,-0.22,38.36,8.38
981,11.46,9.05,39.29,11.08
982,-34.22,20.83,42.92,10.76
983,-13.09,8.68,41.0,10.66
984,-13.21,14.11,37.95,12.93
985,-14.87,2.28,42.03,11.46
986,-21.61,9.25,40.79,10.66
987,-32.05,11.62,41.54,6.46
988,-35.28,5.64,41.2,12.08
989,15.97,10.38,46.1,12.42
990,75.57,10.37,40.14,13.61
991,-82.18,26.5,38.26,14.94
992,-43.29,14.67,40.66,11.97
993,-16.87,-22.37,40.36,10.79
994,-8.88,32.41,38.33,16.39
995,-17.6,13.33,37.41,10.02
996,-11.31,22.44,39.2,10.22
997,-17.5,-5.48,39.43,8.57
998,-7.48,-3.1,38.0,9.42
999,-21.09,10.31,40.22,10.91
1000,10.18,19.16,43.68,12.71
1001,-30.47,-3.54,42.78,13.76
1002,-47.33,7.1,39.31,8.96
1003,-21.04,10.47,41.37,9.15
1004,4.82,-6.73,39.01,10.33
1005,-13.58,1.17,37.89,11.58
1006,-25.58,2.33,37.16,11.64
1007,-25.53,1.27,37.01,14.83
1008,26.98,1.34,37.23,14.64
1009,22.62,3.24,36.09,8.96
1010,-75.02,3.65,37.5,13.56
1011,-5.27,0.62,37.37,12.54
1012,-45.51,-4.62,42.0,12.39
1013,-16.31,2.52,38.35,8.52
1014,-7.82,4.24,36.28,9.08
1015,-10.85,20.73,32.28,11.52
1016,-7.66,7.28,36.14,11.11
1017,15.6,11.75,35.11,10.09
1018,-26.32,14.49,37.72,11.29
1019,-32.44,43.27,37.58,17.48
1020,-1.36,47.33,37.84,11.68
1021,-18.58,-29.27,34.11,8.8
1022,9.99,-16.24,38.97,9.67
1023,-58.72,9.12,39.86,10.21
1024,-31.22,2.12,37.74,11.85
1025,-3.94,13.14,35.63,10.17
1026,0.4,-1.62,37.22,9.15
1027,50.01,16.79,32.49,8.86
1028,-52.86,28.82,36.1,13.27
1029,-56.36,-6.1,38.0,10.79
1030,-19.4,2.83,40.56,14.31
1031,-27.74,6.4,38.5,12.29
1032,-9.5,2.23,33.89,15.1
1033,-0.49,5.73,35.2,13.1
1034,-17.69,6.5,40.43,15.9
1035,-33.33,5.92,40.37,16.26
1036,24.89,0.77,36.33,14.1
1037,-19.81,-27.72,41.51,16.02
1038,-39.25,17.27,41.27,15.5
1039,-16.58,24.14,36.13,13.91
1040,-25.18,18.67,36.49,12.5
1041,0.88,16.06,32.53,15.34
1042,-19.0,4.38,36.92,14.88
1043,21.96,28.73,34.15,15.36
1044,30.96,10.08,33.2,12.98
1045,-90.54,11.04,33.25,11.55
1046,-13.65,31.99,32.82,12.77
1047,-27.6,-5.08,35.33,11.91
1048,-8.04,4.39,37.37,13.35
1049,-17.04,12.04,33.93,12.23
1050,-20.65,22.46,34.69,10.02
1051,-8.93,-16.94,30.64,6.61
1052,-19.59,-6.97,35.31,10.06
1053,-20.57,15.14,36.83,13.77
1054,-5.83,17.62,34.21,11.0
1055,20.61,20.29,33.86,11.13
1056,-8.03,31.6,31.01,12.62
1057,-50.27,-2.09,27.91,10.75
1058,-24.58,-2.67,34.27,12.2
1059,-16.59,5.11,33.46,10.15
1060,-6.29,13.16,28.54,10.52
1061,39.76,25.98,32.46,10.35
1062,10.88,16.26,34.32,10.64
1063,-108.69,-7.29,33.57,13.33
1064,-28.04,11.71,35.31,11.96
1065,-19.59,13.14,31.59,11.49
1066,-8.74,13.96,33.08,13.63
1067,-17.61,21.11,35.43,10.61
1068,-5.55,24.89,33.96,10.61
1069,-20.94,26.75,31.83,14.04
1070,-39.5,23.51,29.08,9.87
1071,-9.36,27.54,30.41,10.81
1072,-15.75,11.97,26.45,8.69
1073,-1.46,-2.1,30.64,12.88
1074,-20.9,1.06,29.76,15.19
1075,6.37,27.75,25.94,11.79
1076,44.14,35.93,33.34,12.67
1077,-74.55,-5.21,30.86,9.75
1078,-89.6,6.06,34.98,16.57
1079,-9.25,48.25,36.11,13.08
1080,-13.45,25.87,38.11,12.03
1081,-11.27,1.59,36.74,12.58
1082,-15.36,17.19,35.11,13.93
1083,-28.54,19.01,31.79,13.63
1084,-11.01,14.29,29.8,11.08
1085,-25.67,14.54,33.55,14.36
1086,-47.49,12.85,34.78,16.36
1087,8.74,28.67,38.68,11.49
1088,-11.96,20.56,36.47,12.5
1089,-1.69,25.56,30.44,10.54
1090,4.67,27.39,32.21,11.45
1091,25.14,21.46,33.38,10.58
1092,-103.37,16.96,36.51,12.56
1093,-45.38,30.95,33.61,12.84
1094,4.58,31.3,37.42,10.72
1095,-15.43,3.7,31.67,12.52
1096,-22.0,13.64,34.52,11.29
1097,-10.95,25.21,30.47,15.44
1098,-5.84,15.72,31.21,11.3
1099,-39.46,12.83,30.83,11.71
1100,-16.0,7.01,33.96,11.85
1101,-14.12,16.75,32.02,12.12
1102,-26.62,24.83,35.01,12.28
1103,-19.83,12.29,34.6,9.86
1104,-18.97,19.01,35.64,13.87
1105,-11.01,4.62,37.3,8.67
1106,-16.4,28.74,35.52,12.21
1107,-0.25,24.13,38.22,16.28
1108,27.44,16.13,35.06,13.15
1109,-68.67,28.88,32.11,13.18
1110,-32.79,39.49,34.81,17.01
1111,-14.47,22.56,33.14,14.51
1112,-8.8,21.59,32.78,11.64
1113,-26.83,12.13,36.88,12.03
1114,-27.46,9.63,38.38,13.97
1115,-21.57,12.26,35.29,12.43
1116,-6.53,37.5,37.06,13.18
1117,-3.49,-0.28,40.5,14.66
1118,-14.43,8.75,38.12,14.21
1119,-27.61,22.78,36.52,13.59
1120,-1.11,24.29,41.11,13.25
1121,-2.47,4.01,39.06,14.63
1122,-33.22,18.58,35.95,13.68
1123,-41.46,-12.3,37.78,14.77
1124,-20.25,17.43,31.85,8.94
1125,56.46,11.42,34.02,11.62
1126,58.57,0.3,35.69,11.8
1127,-129.14,23.14,36.7,11.22
1128,-32.13,14.19,38.0,10.08
1129,-13.72,19.58,39.93,10.86
1130,-30.29,16.53,39.44,10.1
1131,-14.34,14.86,38.91,12.11
1132,-10.97,8.14,37.63,12.51
1133,-0.56,22.28,39.62,12.95
1134,-11.61,22.64,34.5,11.46
1135,-29.74,1.18,31.75,12.6
1136,-23.29,-2.91,32.35,13.99
1137,-9.71,18.87,35.95,13.75
1138,-25.62,13.81,35.31,14.08
1139,-16.58,25.74,35.56,13.98
1140,-1.52,12.6,30.29,14.11
1141,41.09,-7.48,33.86,15.11
1142,39.54,38.46,31.77,8.9
1143,-139.72,16.15,32.99,12.59
1144,-25.33,19.62,37.17,13.58
1145,-14.28,-0.83,38.14,11.98
1146,-31.81,9.97,37.51,13.2
1147,-12.02,-0.33,34.49,9.16
1148,-4.52,12.26,39.33,10.49
1149,-15.02,41.59,35.93,11.98
1150,-21.99,-3.28,33.28,9.7
1151,-12.89,19.3,41.04,12.18
1152,-17.99,15.83,35.24,11.34
1153,-14.12,20.21,34.12,10.73
1154,-16.97,14.13,37.2,9.36
1155,-22.98,5.39,34.38,9.58
1156,-25.64,14.61,32.54,8.42
1157,-12.82,18.54,33.32,8.23
1158,-21.61,25.92,34.68,13.74
1159,-21.28,4.95,39.16,10.07
1160,-16.61,11.75,32.93,5.87
1161,-2.76,30.62,33.64,9.39
1162,71.07,17.98,35.32,8.12
1163,-27.34,13.33,30.69,11.96
1164,-93.7,6.87,34.53,11.14
1165,-47.29,15.59,34.47,11.92
1166,8.68,24.15,35.15,9.5
1167,-17.17,13.55,37.53,10.32
1168,-23.6,22.48,38.18,18.32
1169,11.6,-9.19,32.65,11.77
1170,-18.25,-15.04,31.17,7.19
1171,-18.27,6.28,30.62,11.78
1172,-12.21,21.35,29.8,12.97
1173,10.54,26.87,32.42,13.07
1174,-57.37,-1.8,31.67,8.96
1175,-12.02,12.72,35.0,12.34
1176,-7.28,13.84,31.57,11.9
1177,3.05,5.37,31.41,12.19
1178,43.34,10.21,31.75,10.3
1179,-95.23,19.58,29.38,9.82
1180,-38.22,10.85,29.35,10.42
1181,-10.62,22.82,30.22,10.26
1182,18.7,-2.05,32.27,12.7
1183,-39.91,-5.06,34.68,10.44
1184,-25.71,10.07,32.42,13.62
1185,-8.78,6.73,32.16,11.55
1186,0.69,6.07,31.19,7.23
1187,-35.29,3.61,33.46,8.0
1188,-7.22,16.99,33.34,11.48
1189,-20.64,14.73,37.03,12.73
1190,-28.04,17.25,36.61,11.15
1191,-0.32,33.81,31.22,7.56
1192,-11.44,7.67,25.32,6.02
1193,-17.77,10.68,32.37,11.05
1194,-9.43,13.93,34.2,10.71
1195,-19.04,10.52,35.96,9.23
1196,48.72,7.36,35.44,9.48
1197,-44.75,10.69,38.46,7.3
1198,-59.02,7.0,38.28,11.03
1199,-32.46,-2.81,39.28,7.23
1200,-27.11,-24.8,35.1,12.41
1201,-3.95,8.62,36.63,12.3
1202,-5.32,26.64,33.49,13.99
1203,-28.22,14.73,38.11,12.32
1204,-46.75,18.05,36.52,6.35
1205,-7.0,-5.32,39.68,14.39
1206,-9.57,16.24,36.66,11.62
1207,-2.6,10.63,39.55,10.64
1208,-26.81,1.69,39.76,11.93
1209,-19.26,8.07,37.68,11.91
1210,2.75,8.81,36.73,9.02
1211,52.23,20.15,41.02,10.94
1212,-109.93,4.21,43.07,10.21
1213,-31.97,16.68,37.4,8.89
1214,-11.58,11.61,36.37,6.64
1215,4.39,-1.16,34.11,10.1
1216,-24.58,7.54,39.35,8.18
1217,-38.34,13.94,36.68,12.64
1218,-20.58,2.62,39.54,9.54
1219,-32.62,-6.66,34.69,8.93
1220,-7.29,32.34,35.86,10.72
1221,4.52,-10.31,35.36,8.47
1222,-14.79,-13.9,34.14,11.89
1223,-13.64,-12.51,32.08,14.32
1224,-2.68,7.73,37.56,14.1
1225,-24.54,5.49,34.79,11.93
1226,29.94,-8.77,33.31,13.16
1227,0.3,-7.95,37.07,13.79
1228,-93.15,10.06,34.23,11.04
1229,-15.57,9.81,33.79,9.69
1230,9.66,12.65,34.33,9.2
1231,-24.55,9.9,33.86,9.42
1232,-20.87,-16.9,37.96,13.08
1233,-25.39,1.49,31.21,9.1
1234,-16.51,16.18,32.14,8.91
1235,11.02,12.05,34.43,12.13
1236,-52.75,3.72,32.14,10.76
1237,-5.61,1.54,33.14,12.21
1238,-33.12,3.99,38.46,11.92
1239,-1.88,-9.96,35.01,10.44
1240,6.58,18.5,37.15,11.66
1241,-16.68,7.75,36.5,14.14
1242,-3.88,25.94,36.84,13.33
1243,-8.7,11.92,38.98,12.04
1244,-34.95,-10.44,41.79,12.13
1245,-2.24,3.29,38.58,11.25
1246,-18.39,1.41,32.23,9.91
1247,7.41,7.69,34.62,11.57
1248,-7.58,30.48,33.02,13.33
1249,32.77,-11.36,38.67,12.29
1250,-96.77,-18.38,37.43,12.87
1251,-26.11,8.32,39.12,10.24
1252,-27.5,7.5,36.78,9.27
1253,-14.94,8.7,31.39,11.52
1254,-32.14,7.34,29.32,9.27
1255,-23.9,2.81,35.79,12.35
1256,3.89,-15.23,42.11,12.13
1257,2.31,11.0,35.14,6.45
1258,-12.44,11.02,37.11,5.36
1259,-7.44,1.68,35.84,9.83
1260,-9.35,9.57,34.38,10.4
1261,-30.53,10.48,40.13,10.76
1262,-32.09,3.35,35.98,10.48
1263,65.49,19.48,33.72,10.97
1264,-60.81,18.53,33.2,7.0
1265,-59.12,9.34,36.23,9.84
1266,-21.09,14.5,36.42,10.91
1267,-24.54,-10.96,36.75,7.54
1268,-3.38,-0.64,34.4,7.49
1269,-34.02,-24.15,30.91,7.23
1270,-7.34,7.54,32.29,7.04
1271,-16.56,33.22,36.46,9.11
1272,-27.04,0.65,33.21,5.7
1273,-25.76,8.07,36.25,10.74
1274,6.33,14.34,34.93,9.24
1275,3.58,23.76,33.09,8.21
1276,-17.06,10.15,35.67,7.55
1277,-6.0,-6.97,33.03,5.57
1278,32.12,22.96,35.62,12.02
1279,-79.37,20.73,38.91,14.64
1280,-44.81,-22.58,35.87,7.1
1281,-17.54,-3.76,36.19,10.19
1282,-19.25,1.81,38.66,11.63
1283,-31.43,9.58,37.77,11.49
1284,-17.75,12.69,35.56,8.7
1285,-29.72,22.64,33.55,11.76
1286,47.81,22.53,39.31,14.59
1287,-43.18,-8.23,33.26,12.69
1288,-42.27,7.85,33.23,9.13
1289,-20.26,0.6,33.07,13.21
1290,14.81,35.65,34.0,11.47
1291,-32.21,9.53,36.13,10.63
1292,-29.46,2.41,34.81,8.18
1293,-16.77,38.46,38.41,9.29
1294,20.3,2.04,32.4,3.84
1295,14.24,24.61,32.25,8.74
1296,-91.27,20.25,40.5,11.77
1297,-24.03,51.18,36.79,9.27
1298,-11.53,42.26,37.64,9.19
1299,-23.81,-14.43,33.21,7.09
1300,-2.28,8.63,40.14,8.12
1301,-21.35,4.02,41.46,12.19
1302,-26.97,11.05,31.46,9.2
1303,-24.54,-7.16,33.52,9.94
1304,17.46,7.79,37.99,11.5
1305,1.21,17.0,32.8,4.54
1306,-55.03,17.66,34.08,4.54
1307,-33.25,11.35,39.72,9.29
1308,-7.78,28.43,34.49,8.93
1309,-10.28,30.56,33.59,12.99
1310,-18.96,-3.11,34.68,13.24
1311,-21.38,14.89,34.21,15.56
1312,6.96,-11.31,33.09,10.34
1313,3.96,7.97,35.01,13.16
1314,-96.15,12.4,32.89,9.06
1315,-4.01,4.33,32.3,8.64
1316,-9.12,7.29,36.16,9.33
1317,-5.38,23.95,34.07,7.63
1318,-13.58,15.35,32.4,10.77
1319,-19.11,-1.56,32.28,9.86
1320,-36.4,-11.8,32.19,11.44
1321,19.75,4.19,33.88,16.53
1322,-14.45,18.26,33.98,15.7
1323,-47.99,4.12,33.31,15.7
1324,-12.51,10.54,33.97,11.55
1325,-3.21,33.14,35.8,15.9
1326,-39.88,10.41,34.31,13.24
1327,-11.29,19.38,35.36,11.0
1328,4.58,26.54,34.72,12.36
1329,28.7,11.81,32.25,9.67
1330,-121.57,-1.24,32.34,14.49
1331,-31.02,24.24,35.75,13.05
1332,-25.4,4.66,34.49,14.6
1333,2.81,0.97,36.48,12.73
1334,-8.07,44.0,31.99,12.96
1335,-29.08,0.51,35.77,10.9
1336,-16.58,-8.04,36.84,10.45
1337,24.96,28.58,35.86,12.66
1338,-45.83,16.36,33.96,10.42
1339,-16.56,25.52,39.39,15.06
1340,-36.76,1.38,33.46,12.18
1341,-19.09,8.21,29.01,13.31
1342,-9.72,1.64,30.52,11.94
1343,-14.78,-3.76,32.59,10.73
1344,-14.57,19.97,36.15,14.75
1345,14.97,4.59,33.19,8.29
1346,-63.9,4.32,34.07,6.79
1347,-34.12,10.22,31.9,9.81
1348,2.07,10.59,37.75,15.68
1349,-17.75,1.76,33.95,11.54
1350,60.84,8.1,34.89,12.45
1351,-51.59,4.76,33.99,14.0
1352,-44.49,1.09,33.83,13.85
1353,-57.51,-6.71,38.66,12.27
1354,-31.62,5.29,37.65,14.05
1355,17.31,36.09,35.11,9.33
1356,-8.03,15.06,33.07,11.09
1357,-44.71,-7.12,32.32,12.67
1358,-13.27,-15.13,35.21,11.25
1359,-21.02,-0.58,33.39,11.36
1360,-37.95,-8.69,35.98,12.99
1361,14.81,0.65,36.4,9.93
1362,6.32,8.12,33.73,11.71
1363,-9.27,10.03,35.5,9.94
1364,5.75,16.19,34.63,8.42
1365,-8.95,-2.14,29.93,12.06
1366,48.84,3.74,35.87,11.53
1367,-83.53,-2.76,35.24,13.91
1368,-40.73,-2.23,34.95,16.04
1369,-31.98,4.56,35.0,13.41
1370,-19.28,9.31,32.63,16.19
1371,-10.39,10.22,33.11,13.71
1372,-31.29,-9.35,32.81,14.98
1373,-37.12,3.85,31.7,12.44
1374,-6.21,26.15,31.22,8.76
1375,-10.98,3.29,28.77,10.97
1376,-12.0,0.28,30.8,10.65
1377,-9.9,9.06,28.05,13.15
1378,-25.55,10.71,29.75,13.1
1379,-14.75,7.77,29.81,12.11
1380,-10.08,-10.23,31.58,13.78
1381,17.84,8.55,33.95,13.78
1382,-11.46,45.6,32.92,12.23
1383,-22.28,5.03,33.94,12.81
1384,-38.39,10.26,29.84,10.63
1385,0.34,25.47,29.62,11.33
1386,-12.02,8.94,31.42,8.87
1387,84.26,7.78,26.78,11.22
1388,-84.5,2.93,27.76,9.93
1389,-74.47,5.76,32.91,15.07
1390,-23.1,10.46,28.48,13.59
1391,-9.36,-9.36,37.7,16.26
1392,-17.66,7.32,33.24,14.47
1393,-5.35,9.01,31.99,10.53
1394,-8.67,7.37,32.8,9.67
1395,-22.68,-6.14,33.37,10.62
1396,-29.76,3.69,33.92,12.58
1397,-1.01,-7.58,32.43,11.61
1398,-12.78,7.92,35.05,10.08
1399,13.46,18.89,35.75,6.56
1400,-12.1,12.79,29.82,9.53
1401,-41.24,0.01,31.89,10.52
1402,12.64,21.48,33.87,16.48
1403,17.83,1.28,28.26,15.12
1404,-87.18,5.04,30.12,11.46
1405,-26.64,11.76,32.41,12.24
1406,-22.03,13.71,32.03,14.3
1407,-12.68,26.46,32.8,18.7
1408,-33.06,18.73,29.76,13.8
1409,-5.66,8.03,26.62,15.21
1410,-12.84,5.86,27.08,14.91
1411,-23.04,18.39,29.52,12.16
1412,2.89,24.35,29.85,12.25
1413,-23.35,19.61,30.09,13.88
1414,-30.99,2.01,33.23,7.28
1415,-23.67,29.43,33.86,11.76
1416,15.06,49.97,29.39,11.46
1417,-21.59,22.19,27.41,8.52
1418,-23.07,-7.81,31.35,12.08
1419,-28.83,-11.7,29.59,10.07
1420,11.11,-5.24,28.65,12.42
1421,-11.54,1.34,29.12,6.97
1422,-86.63,-7.61,30.54,11.6
1423,-17.49,8.45,30.64,11.25
1424,-4.69,14.23,31.23,10.08
1425,-5.27,32.73,27.61,10.7
1426,-5.15,25.21,32.37,10.78
1427,-14.91,9.71,28.92,16.43
1428,9.12,17.07,28.03,13.94
1429,-40.27,-3.47,32.25,14.48
1430,-18.87,-2.75,34.33,10.92
1431,-19.06,8.81,30.54,11.04
1432,-12.77,6.35,33.65,9.67
1433,-20.42,-4.33,26.78,9.67
1434,12.06,13.99,31.08,14.08
1435,45.24,35.53,30.55,12.18
1436,-97.36,12.97,33.25,13.9
1437,-20.59,-11.4,34.33,9.88
1438,-14.39,26.24,35.4,11.29
1439,-23.84,8.97,34.6,11.25
1440,-21.54,-9.18,32.0,11.79
1441,-15.96,15.52,37.93,12.09
1442,-18.59,10.43,31.62,11.4
1443,1.85,24.45,36.32,11.24
1444,-35.24,-5.72,33.31,12.94
1445,-26.05,-7.22,36.08,10.53
1446,17.46,6.19,35.84,11.64
1447,-27.34,20.77,36.66,13.36
1448,-24.51,12.96,38.18,13.03
1449,-33.5,-3.21,33.26,13.85
1450,3.96,3.47,32.17,14.87
1451,-7.73,19.9,35.04,13.95
1452,66.57,29.84,32.1,11.52
1453,-68.79,18.06,32.85,9.15
1454,-17.21,-8.78,34.37,11.51
1455,-31.23,7.87,34.11,11.59
1456,-36.34,-2.18,34.4,12.44
1457,1.11,6.4,34.02,12.31
1458,-6.99,10.57,37.83,9.67
1459,-46.17,12.3,35.01,13.01
1460,-33.07,-7.75,39.42,11.02
1461,14.38,15.98,40.61,12.47
1462,-16.2,2.9,37.98,11.31
1463,-15.43,1.69,36.69,12.7
1464,-40.23,5.03,37.38,10.21
1465,-16.75,2.77,38.69,9.37
1466,-9.08,-19.04,35.71,9.69
1467,-20.93,1.0,38.16,11.06
1468,-10.42,17.88,36.62,9.73
1469,-11.54,13.89,36.94,10.33
1470,-18.15,8.61,34.52,13.38
1471,16.25,1.88,35.71,10.88
1472,34.63,13.73,35.05,11.04
1473,-70.48,2.54,35.37,11.86
1474,14.02,-1.31,33.55,10.13
1475,-56.42,11.45,33.69,9.88
1476,-30.18,15.58,34.24,8.93
1477,-13.74,-4.42,34.77,7.77
1478,-5.49,-3.67,34.29,7.6
1479,-4.12,8.12,35.75,9.45
1480,-16.91,4.59,34.02,8.75
1481,-14.31,10.93,37.03,8.61
1482,-14.74,5.51,34.16,8.25
1483,-4.06,19.41,40.53,12.12
1484,-24.85,9.97,38.96,12.22
1485,-8.11,12.62,38.04,13.28
1486,-17.52,-8.08,38.12,9.63
1487,-14.48,3.28,34.07,12.07
1488,-22.08,9.87,33.34,8.39
1489,-19.53,13.9,34.76,10.1
1490,84.31,15.33,36.39,8.81
1491,-54.05,18.14,39.04,9.47
1492,-84.8,16.22,35.91,14.18
1493,3.32,5.98,38.56,8.69
1494,-7.99,3.8,33.99,7.7
1495,11.55,5.73,35.03,10.98
1496,-27.28,12.41,36.87,9.1
1497,-28.97,15.3,34.96,9.83
1498,-18.53,14.01,36.2,10.32
1499,-13.99,11.3,30.95,9.31
1500,-18.59,31.65,37.09,15.41
1501,-13.55,-1.85,31.69,10.03
1502,-14.53,-2.84,32.72,9.07
1503,-9.07,11.32,32.84,7.18
1504,-13.67,14.3,32.97,7.23
1505,-24.1,-1.47,33.58,8.36
1506,-23.74,0.15,33.3,13.43
1507,-31.58,7.55,34.48,12.75
1508,67.13,7.21,33.93,9.98
1509,-70.26,-23.8,33.67,8.83
1510,-30.04,1.39,36.07,11.92
1511,-17.0,49.16,33.31,8.3
1512,-36.17,5.59,35.56,6.05
1513,-34.65,-2.46,38.67,4.52
1514,-24.45,-1.14,38.84,13.03
1515,-4.39,10.69,36.39,9.11
1516,3.72,20.68,38.72,11.89
1517,-7.4,12.4,37.35,13.38
1518,-39.26,5.9,37.14,11.01
1519,78.22,22.9,38.16,11.48
1520,-49.07,44.19,34.51,7.56
1521,-52.4,9.06,36.4,9.04
1522,-35.04,-22.95,36.68,11.37
1523,-35.49,-3.83,35.13,12.72
1524,-13.62,-5.76,32.97,9.94
1525,-14.72,-13.23,33.14,9.77
1526,-32.33,3.0,35.48,10.57
1527,-6.22,15.63,33.83,9.38
1528,-15.79,19.61,34.82,11.77
1529,-28.37,12.77,35.86,10.03
1530,29.66,13.63,35.06,10.84
1531,-33.55,26.39,34.77,13.12
1532,-34.77,7.8,35.21,13.62
1533,-27.03,-7.18,36.15,14.53
1534,-30.92,-11.05,38.2,14.11
1535,-6.02,7.49,39.65,15.46
1536,-2.47,7.44,35.49,8.85
1537,31.72,21.23,32.91,8.82
1538,18.77,38.59,31.06,12.79
1539,-101.87,3.34,38.63,11.86
1540,-22.66,-12.77,34.23,10.76
1541,-22.47,14.73,35.24,10.91
1542,-12.46,20.33,35.86,12.38
1543,-27.57,9.24,37.74,14.19
1544,-3.06,14.76,34.93,10.1
1545,-17.2,0.68,34.15,9.82
1546,-18.63,24.72,33.69,8.9
1547,-12.72,2.9,32.37,11.22
1548,-15.59,-9.59,37.36,12.81
1549,-7.46,13.74,35.78,13.63
1550,-19.21,4.56,33.37,14.62
1551,-48.59,-1.02,34.75,12.73
1552,-20.31,5.85,31.82,11.82
1553,20.92,0.22,32.39,13.77
1554,31.41,-5.09,34.7,10.91
1555,-70.1,24.29,36.77,12.32
1556,-36.62,-4.17,33.23,9.17
1557,-29.2,2.78,32.37,12.11
1558,-13.14,5.2,36.59,13.59
1559,0.17,-9.52,33.93,8.73
1560,-36.52,8.15,33.93,10.22
1561,-15.06,-8.6,33.25,9.52
1562,-4.03,2.86,32.78,8.09
1563,-9.15,18.24,36.33,15.27
1564,-6.51,13.33,35.97,13.19
1565,-17.6,-0.86,34.13,12.44
1566,-17.29,11.89,30.47,7.21
1567,-3.87,24.58,34.06,13.88
1568,-15.96,-25.47,34.42,12.43
1569,-25.9,-13.29,32.89,14.94
1570,30.97,25.13,35.07,13.86
1571,-57.68,19.95,35.65,9.91
1572,-38.75,25.2,38.57,11.53
1573,-26.71,-11.5,37.1,12.86
1574,-14.03,-10.36,33.75,10.16
1575,-2.64,-9.99,40.79,12.26
1576,-5.97,0.79,36.14,12.31
1577,-29.53,0.8,37.74,11.08
1578,-11.57,14.9,33.0,11.83
1579,-7.9,-4.49,33.2,7.1
1580,-14.12,5.37,32.76,9.04
1581,0.26,22.33,32.5,13.53
1582,55.93,15.43,34.42,13.93
1583,-81.09,-17.53,35.72,9.1
1584,-43.63,-9.43,33.14,10.52
1585,-18.19,-1.25,34.59,11.21
1586,-4.15,6.64,34.26,14.63
1587,-39.12,-7.93,31.79,10.83
1588,-9.04,5.43,30.2,12.74
1589,-6.02,-7.57,28.58,14.89
1590,-12.16,3.9,34.58,13.17
1591,-19.19,-3.89,30.21,13.25
1592,-5.02,7.72,36.4,16.49
1593,-34.44,10.22,35.88,11.8
1594,-3.54,18.12,31.08,13.55
1595,-14.77,-17.07,36.51,12.52
1596,-15.96,16.14,33.48,9.02
1597,-13.42,13.29,35.64,12.42
1598,-10.77,-15.41,31.22,6.92
1599,-35.01,0.2,34.43,12.62
1600,-41.34,0.21,33.79,13.51
1601,-16.72,-9.87,35.83,12.98
1602,-16.37,-10.02,35.9,9.62
1603,-3.46,44.61,35.83,13.82
1604,-1.68,-10.49,35.13,13.73
1605,44.57,-3.58,33.42,11.46
1606,-0.1,-1.11,30.99,10.9
1607,-68.51,10.23,36.77,11.62
1608,-28.28,13.58,33.26,10.15
1609,-19.84,14.44,34.78,10.07
1610,-28.99,5.26,33.72,6.53
1611,-14.58,7.81,37.04,8.73
1612,-1.12,21.11,37.63,13.56
1613,-21.35,-9.85,39.95,8.37
1614,-15.11,-13.51,35.62,6.84
1615,-28.36,-11.48,32.5,8.63
1616,-21.9,34.74,36.06,10.45
1617,0.33,15.49,38.89,10.7
1618,-15.54,19.2,34.43,8.83
1619,-30.31,6.19,40.59,8.69
1620,-40.82,-12.86,34.71,7.28
1621,16.25,13.89,30.39,6.29
1622,-11.26,9.46,34.99,11.18
1623,-25.09,12.69,34.12,10.3
1624,117.04,-2.31,30.62,8.22
1625,-93.2,22.82,31.6,5.34
1626,-53.88,5.28,36.29,9.8
1627,-29.19,-18.38,35.1,5.92
1628,-16.97,12.49,32.95,8.34
1629,4.82,12.8,35.85,10.27
1630,-37.35,9.49,32.36,6.05
1631,-32.65,16.84,36.24,9.61
1632,-10.75,9.05,37.41,11.0
1633,-23.87,-6.66,36.87,10.38
1634,-8.79,-10.15,35.12,7.47
1635,-6.71,35.13,32.75,8.29
1636,-21.97,10.55,33.58,11.32
1637,-9.69,10.43,34.69,9.37
1638,-13.09,4.94,33.48,8.5
1639,-19.69,16.58,35.58,12.75
1640,-6.44,30.75,31.85,14.18
1641,67.08,26.08,27.02,10.83
1642,-58.59,-5.85,33.4,13.74
1643,-78.55,-3.43,32.11,11.77
1644,-20.43,1.92,31.04,14.56
1645,2.25,10.95,28.99,13.72
1646,-19.02,7.74,34.14,10.54
1647,1.41,11.66,34.03,15.79
1648,-47.1,8.7,32.17,16.25
1649,-29.78,10.76,33.37,13.84
1650,-21.17,-6.88,33.89,11.19
1651,7.66,2.9,32.63,12.86
1652,-8.93,15.55,31.98,13.72
1653,30.65,8.38,32.34,14.48
1654,30.26,24.0,37.4,17.81
1655,-106.06,-11.91,35.6,9.98
1656,-29.74,1.78,31.86,12.98
1657,-7.06,22.81,32.78,12.88
1658,-14.36,7.98,34.76,12.42
1659,-10.05,5.59,31.26,13.91
1660,-13.44,2.78,31.0,9.15
1661,-34.73,-1.81,32.58,13.4
1662,2.19,11.48,35.1,13.54
1663,-13.92,18.49,36.86,13.98
1664,-16.05,8.88,32.81,11.95
1665,-21.11,5.95,36.19,12.26
1666,-0.22,-4.87,35.14,13.55
1667,-28.54,13.2,34.51,12.44
1668,4.2,30.44,32.28,10.06
1669,8.25,0.89,33.92,15.55
1670,-50.25,1.87,29.75,12.09
1671,-5.36,-14.87,30.12,12.27
1672,59.34,39.51,37.46,14.43
1673,-27.28,-12.39,35.43,9.0
1674,-76.76,-14.82,33.11,12.53
1675,-37.17,10.09,35.03,14.78
1676,-4.96,11.52,37.26,18.44
1677,-11.0,23.18,36.19,12.58
1678,-4.27,23.22,33.6,12.97
1679,-17.51,12.52,36.23,9.6
1680,-18.7,14.84,35.17,14.28
1681,-27.6,-6.11,32.18,8.28
1682,7.87,16.88,36.07,12.78
1683,6.03,20.78,36.83,12.38
1684,-16.71,0.13,31.95,9.97
1685,60.72,8.27,29.5,7.96
1686,-81.16,21.67,35.18,11.52
1687,-26.53,26.77,37.32,6.52
1688,-20.45,0.29,33.48,9.25
1689,-19.09,-11.97,31.03,7.76
1690,-16.09,2.67,39.21,11.79
1691,-30.75,8.54,37.31,11.3
1692,-35.28,9.0,33.69,11.62
1693,-14.79,5.75,28.79,13.21
1694,2.86,16.14,36.25,12.73
1695,-7.05,39.09,34.37,8.52
1696,-4.66,16.16,36.23,8.78
1697,-18.93,3.01,34.05,9.32
1698,-46.43,7.66,33.63,12.22
1699,-20.04,25.74,36.6,15.57
1700,-9.4,-0.3,34.59,7.28
1701,-4.39,20.74,33.05,8.05
1702,92.76,25.11,33.15,9.05
1703,-105.29,-2.5,35.44,11.39
1704,-58.01,18.2,38.99,8.88
1705,9.6,32.06,37.9,9.72
1706,8.88,56.72,35.39,12.57
1707,-37.68,-21.45,35.06,6.47
1708,-44.47,-22.15,39.22,7.93
1709,-21.82,-0.75,38.15,7.68
1710,-3.32,-6.09,36.46,6.36
1711,-2.79,-1.76,38.1,4.73
1712,-29.13,-9.07,32.33,6.5
1713,-2.31,20.67,33.92,7.52
1714,-33.17,20.46,36.69,9.93
1715,-26.39,10.98,34.69,7.34
1716,-3.72,17.68,33.85,2.95
1717,-20.91,14.34,37.88,8.11
1718,-13.19,7.5,35.81,5.98
1719,11.89,3.42,36.21,8.55
1720,43.9,4.52,33.11,9.94
1721,-106.89,-2.34,33.76,12.44
1722,-34.28,10.82,36.44,13.05
1723,-10.98,19.67,33.32,11.61
1724,-8.22,27.07,34.11,8.88
1725,-24.39,25.32,34.61,9.36
1726,-37.23,-17.68,37.04,10.92
1727,22.58,-0.43,37.99,9.13
1728,-26.19,-7.68,36.07,9.32
1729,-29.77,-5.38,35.8,7.69
1730,-29.41,22.17,36.38,9.31
1731,-19.26,11.8,32.42,6.86
1732,-4.26,20.11,33.17,8.81
1733,-28.21,9.68,36.74,10.28
1734,-17.79,6.57,36.9,9.04
1735,0.22,23.51,27.6,5.93
1736,-11.42,19.56,30.38,8.98
1737,97.64,31.36,34.89,6.55
1738,-105.57,-8.9,32.28,3.89
1739,-38.78,20.95,32.25,7.85
1740,-22.59,11.87,25.12,5.98
1741,-3.02,19.38,32.29,8.8
1742,-8.87,-2.65,32.35,7.54
1743,-34.33,-15.09,29.23,9.22
1744,-3.71,26.96,33.47,10.24
1745,-10.61,17.65,33.26,10.81
1746,-24.7,23.37,33.39,11.92
1747,-44.42,13.64,29.94,11.17
1748,-0.2,9.15,31.2,8.91
1749,-10.22,-15.87,34.18,9.86
1750,-19.03,14.38,31.92,10.2
1751,16.81,12.22,29.25,10.59
1752,22.68,4.61,28.01,13.61
1753,-73.14,4.96,30.61,11.37
1754,-27.68,13.37,30.06,9.61
1755,-18.13,1.73,33.2,11.5
1756,-47.1,2.91,35.85,17.88
1757,-2.6,20.9,36.38,12.48
1758,-2.42,28.69,33.3,8.92
1759,-16.78,1.56,29.89,11.49
1760,-12.52,3.56,31.58,10.11
1761,-15.84,23.68,29.74,9.45
1762,-43.92,19.14,28.53,14.66
1763,-1.31,11.14,31.01,12.61
1764,7.68,7.2,34.97,10.59
1765,-20.74,4.97,35.85,9.63
1766,-18.25,5.48,32.22,12.32
1767,-14.56,9.99,30.89,11.64
1768,-17.59,4.84,31.63,12.27
1769,-25.92,22.1,32.46,10.76
1770,37.55,31.93,30.11,11.86
1771,86.05,43.12,27.01,7.46
1772,-151.3,-19.99,34.68,10.37
1773,-46.44,-14.27,33.05,13.6
1774,-17.19,5.16,33.46,13.88
1775,-19.95,3.12,31.25,13.69
1776,-20.1,10.98,29.16,11.26
1777,-11.45,1.52,36.62,13.65
1778,-8.34,8.59,34.87,13.07
1779,-9.44,9.75,32.61,11.76
1780,-27.0,4.03,32.96,11.42
1781,-30.88,-2.63,35.19,12.62
1782,-26.9,8.27,36.33,14.81
1783,17.72,-5.6,34.24,11.29
1784,-16.01,24.95,41.4,12.82
1785,-15.93,24.21,36.52,13.91
1786,-15.74,1.96,34.77,12.9
1787,-18.17,-0.64,34.18,11.12
1788,87.3,4.7,32.75,10.27
1789,-86.63,29.08,32.15,11.62
1790,-68.83,24.5,34.77,11.75
1791,-16.89,2.05,27.87,8.63
1792,-18.53,-3.41,30.24,10.05
1793,-20.05,16.88,28.51,9.15
1794,-15.21,10.97,31.28,10.29
1795,-42.89,0.63,32.04,11.49
1796,-13.77,25.92,30.41,6.29
1797,1.97,16.7,36.3,9.79
1798,-9.29,16.66,31.62,11.34
1799,-12.99,-10.48,26.94,8.79
1800,-22.92,8.05,29.13,6.47
1801,-25.11,-1.88,29.66,6.88
1802,-14.48,3.34,32.83,7.09
1803,49.68,5.67,33.17,5.36
1804,-53.18,0.85,33.17,10.64
1805,-53.0,19.72,32.6,10.86
1806,-21.29,15.36,32.05,8.86
1807,-10.31,-12.13,32.32,6.46
1808,21.55,3.29,31.8,11.51
1809,-60.46,24.83,31.86,8.65
1810,-37.03,26.38,34.5,7.25
1811,-3.64,31.57,33.44,6.49
1812,-20.18,-5.27,37.0,6.3
1813,-31.51,6.79,35.48,11.83
1814,-10.76,1.02,33.99,5.67
1815,-18.3,15.44,32.69,11.98
1816,-24.85,10.86,35.36,11.01
1817,-15.48,5.17,32.51,6.38
1818,-17.59,-3.93,33.65,11.46
1819,21.41,26.45,37.06,16.08
1820,50.15,36.77,35.69,12.43
1821,-98.4,10.85,33.51,10.38
1822,-8.33,25.74,37.47,12.72
1823,-33.96,15.28,32.6,7.52
1824,-21.09,4.23,34.71,10.11
1825,8.26,23.86,33.79,8.01
1826,-30.34,6.09,33.08,8.55
1827,-29.05,-13.48,32.43,9.97
1828,-24.7,5.71,32.85,13.07
1829,-12.64,25.06,27.5,9.6
1830,-21.34,12.14,26.87,7.6
1831,-12.33,7.56,34.55,11.12
1832,-2.58,17.28,34.45,13.83
1833,-3.57,29.22,34.05,12.54
1834,-23.99,19.57,32.27,7.54
1835,-28.62,-0.44,31.62,8.38
1836,-39.84,-6.8,31.44,7.04
1837,38.62,10.75,32.7,8.13
1838,21.36,22.81,33.37,9.92
1839,-67.48,30.17,37.08,11.07
1840,-29.93,11.29,33.84,15.56
1841,-37.01,19.68,34.15,11.85
1842,-5.47,-10.66,35.36,8.08
1843,20.9,4.53,33.65,6.95
1844,-54.11,2.11,33.68,7.53
1845,-8.61,20.44,33.76,9.61
1846,-16.85,9.79,33.64,10.82
1847,-20.68,-4.28,33.2,12.47
1848,5.54,19.02,33.8,8.63
1849,-10.72,15.66,31.85,7.18
1850,-23.17,11.73,36.67,9.56
1851,30.75,12.54,34.58,10.68
1852,-8.6,8.14,32.41,10.26
1853,-74.4,7.29,33.7,10.11
1854,-27.7,-4.51,38.34,9.28
1855,-17.19,6.81,38.95,11.53
1856,-22.62,5.24,37.53,8.32
1857,-24.68,-3.86,34.11,9.18
1858,-3.28,14.36,38.82,10.54
1859,-9.12,11.3,38.48,11.33
1860,9.24,26.33,37.6,8.4
1861,-19.51,2.17,35.73,11.69
1862,4.44,14.25,33.26,9.72
1863,-34.38,0.93,35.23,10.52
1864,-6.24,27.97,35.04,8.49
1865,-42.0,-1.98,36.86,7.18
1866,-21.35,-6.88,36.22,9.39
1867,-19.66,7.52,32.92,1.84
1868,4.73,0.95,38.63,8.68
1869,22.76,12.71,34.17,4.89
1870,-78.34,13.44,38.65,6.76
1871,-7.48,13.52,39.78,8.97
1872,-13.87,13.06,35.9,6.54
1873,-7.34,15.53,36.93,9.44
1874,-14.47,9.16,36.96,11.16
1875,-20.96,13.35,32.07,10.13
1876,-34.62,11.49,33.93,11.27
1877,-4.88,14.95,36.63,14.18
1878,1.8,13.14,34.6,13.67
1879,6.72,17.36,35.16,10.5
1880,-30.0,29.16,35.05,13.08
1881,-55.91,2.52,37.98,6.14
1882,-31.3,9.33,34.95,6.73
1883,-8.34,6.17,36.4,10.49
1884,-9.95,7.52,37.91,10.7
1885,-48.68,24.56,33.11,6.82
1886,-12.85,10.59,38.57,9.97
1887,78.29,10.81,34.93,12.12
1888,-75.3,-1.18,36.38,10.52
1889,-47.51,27.17,34.52,12.2
1890,0.12,33.27,35.34,12.62
1891,-27.56,-2.13,33.37,11.4
1892,-27.23,4.47,33.81,11.0
1893,-29.67,-3.39,35.31,11.62
1894,4.32,0.47,34.3,5.01
1895,-20.76,29.37,30.68,10.66
1896,-40.94,15.79,33.32,11.43
1897,-48.91,7.82,34.7,15.37
1898,-4.99,9.24,32.16,9.36
1899,-15.15,30.75,30.27,6.6
1900,41.16,19.19,31.47,6.87
1901,-53.33,13.13,32.75,7.15
1902,-14.81,19.73,39.76,11.94
1903,-22.13,16.03,35.95,11.04
1904,-14.0,21.03,35.59,7.08
1905,47.91,11.34,33.52,8.91
1906,-84.88,10.04,33.4,11.37
1907,-19.2,32.03,38.63,12.38
1908,-28.99,-3.16,37.42,6.02
1909,-11.39,8.33,34.28,11.4
1910,-13.48,-2.78,37.57,6.1
1911,-18.75,3.07,34.77,10.83
1912,-22.48,4.52,31.45,7.78
1913,-29.7,16.33,35.97,8.56
1914,-11.46,21.57,35.15,5.5
1915,-14.97,13.03,34.76,4.7
1916,-12.62,16.79,33.09,7.05
1917,9.82,17.67,36.86,10.47
1918,-33.02,13.93,34.19,5.72
1919,-36.27,23.89,35.5,5.95
1920,-16.83,18.19,36.09,14.31
1921,-24.93,2.69,38.37,8.36
1922,9.04,3.38,35.68,4.97
1923,41.66,4.46,36.02,8.59
1924,-83.18,1.85,33.8,7.03
1925,-21.15,9.71,35.67,8.41
1926,-24.55,5.76,34.29,12.19
1927,-21.71,9.51,32.01,13.05
1928,-16.99,25.42,37.16,10.79
1929,-9.3,17.59,37.44,10.42
1930,-9.7,10.36,33.32,11.26
1931,-20.31,-21.66,29.61,6.52
1932,-21.59,-9.95,31.65,6.75
1933,-23.65,3.06,32.16,12.45
1934,-1.22,22.63,35.32,10.24
1935,-24.94,19.84,34.6,9.11
1936,-18.73,9.02,33.94,8.13
1937,21.76,21.52,36.13,12.12
1938,-43.44,6.98,34.55,12.89
1939,-30.14,9.53,34.89,15.4
1940,-26.8,15.37,34.25,10.9
1941,4.27,5.88,33.03,10.19
1942,11.59,3.29,28.85,11.12
1943,-87.76,1.3,29.5,11.42
1944,-10.06,13.87,31.65,10.08
1945,-38.46,32.49,30.77,9.95
1946,-27.81,2.52,39.59,11.4
1947,-9.32,-0.64,39.35,7.89
1948,-10.68,10.29,37.04,11.24
1949,-9.73,4.06,39.44,10.95
1950,-19.04,8.17,34.47,11.38
1951,-15.22,32.7,36.27,8.92
1952,-30.17,1.42,38.48,12.95
1953,-14.06,1.22,35.53,8.12
1954,-8.7,14.34,37.53,10.55
1955,-5.59,-6.39,34.74,8.32
1956,-15.04,21.65,36.71,12.71
1957,-22.1,5.5,39.28,12.52
1958,-21.6,-2.21,39.5,12.22
1959,28.39,18.16,37.58,9.0
1960,40.08,4.87,37.4,9.84
1961,-138.32,3.93,34.88,12.31
1962,-36.85,8.71,36.22,8.24
1963,-28.83,1.45,35.63,9.59
1964,-18.39,9.01,36.83,10.57
1965,1.55,5.32,35.3,8.57
1966,-23.58,3.4,32.34,9.39
1967,-34.22,4.91,33.03,12.67
1968,-14.16,-2.37,31.42,7.71
1969,5.23,18.68,33.83,12.84
1970,-3.84,10.16,32.65,11.94
1971,-14.38,18.08,35.2,10.5
1972,-28.54,-6.98,33.5,10.31
1973,-27.15,9.26,34.5,12.98
1974,-16.46,11.3,36.45,13.37
1975,-11.52,23.71,35.71,12.69
1976,25.46,-12.38,35.05,8.95
1977,51.83,-2.57,34.97,12.64
1978,-119.94,9.01,33.97,8.41
1979,-55.5,15.88,31.39,9.87
1980,1.74,23.09,32.74,12.01
1981,16.94,33.08,31.1,12.43
1982,-47.77,-21.82,33.59,9.65
1983,-30.15,-2.78,30.32,8.84
1984,-15.61,17.09,31.53,7.58
1985,-17.6,2.42,32.02,10.63
1986,-20.16,1.29,29.48,13.38
1987,-40.04,1.48,35.73,14.03
1988,-5.11,19.95,31.2,8.78
1989,4.2,18.41,36.41,13.55
1990,-5.34,10.63,34.26,5.11
1991,-5.1,27.73,37.3,9.22
1992,-17.37,24.25,39.97,12.19
1993,-22.31,-4.83,40.84,8.27
1994,22.15,7.91,38.06,3.19
1995,22.82,33.78,35.55,8.86
1996,-137.25,1.89,37.56,8.38
1997,-11.29,5.94,37.06,10.33
1998,22.86,11.19,38.49,7.02
1999,-18.91,20.83,38.68,9.14
2000,-42.04,1.09,39.53,9.26
2001,2.03,18.97,39.86,10.17
2002,-20.52,19.93,40.33,12.26
2003,-15.66,5.17,39.75,9.13
2004,-22.46,3.32,41.81,8.62
2005,-15.39,24.83,35.36,7.18
2006,-9.82,30.57,35.45,9.76
2007,-16.87,42.6,38.2,12.63
2008,-47.55,2.93,39.2,8.05
2009,14.88,-4.97,37.97,8.2
2010,-13.09,24.33,37.32,5.3
2011,56.24,22.39,36.91,9.11
2012,-73.23,18.6,38.56,10.14
2013,-40.69,16.43,36.57,12.04
2014,-31.09,17.19,37.78,7.26
2015,-4.26,16.3,38.08,8.93
2016,-22.32,7.32,38.64,9.6
2017,-39.86,14.01,33.99,5.74
2018,-17.94,15.07,35.85,7.04
2019,33.6,20.6,43.04,8.47
2020,-40.29,31.23,38.41,10.2
2021,-21.96,30.5,36.93,12.15
2022,-16.46,-0.92,36.41,4.97
2023,-26.59,-6.22,35.33,6.61
2024,-12.26,15.58,37.26,7.6
2025,-38.7,-2.57,40.87,9.6
2026,-11.7,13.54,41.44,9.12
2027,28.43,8.69,38.82,7.53
2028,-21.63,26.44,40.06,7.76
2029,-64.36,23.74,40.09,9.53
2030,-32.54,20.3,39.96,6.33
2031,-18.98,7.66,41.26,9.81
2032,-12.66,21.07,36.04,11.21
2033,-3.27,48.07,35.25,7.18
2034,-20.11,4.99,35.0,5.66
2035,-20.09,18.33,37.3,13.02
2036,11.75,24.1,36.15,13.44
2037,-29.5,3.12,37.77,6.68
2038,-26.82,15.89,40.88,11.31
2039,-16.16,17.06,38.6,8.63
2040,2.45,39.47,40.59,9.06
2041,-17.72,9.15,40.52,11.91
2042,-32.2,-5.53,36.12,10.34
2043,-32.98,-3.32,37.19,7.22
2044,-25.89,5.64,40.39,6.3
2045,-25.8,21.29,36.33,9.02
2046,-0.82,-6.6,38.0,12.87
2047,-14.3,14.68,42.24,11.56
2048,50.95,14.85,35.39,8.68
2049,-94.07,-2.21,36.13,6.05
2050,-19.78,-8.23,40.16,12.05
2051,-14.9,20.76,39.44,11.67
2052,-22.89,42.86,39.21,11.89
2053,-11.67,-5.28,35.1,10.05
2054,20.39,-16.52,36.51,12.12
2055,-44.53,12.02,33.36,13.01
2056,-42.91,8.77,37.12,12.17
2057,-30.98,11.72,33.95,7.78
2058,-12.11,16.48,38.29,9.96
2059,-13.5,16.06,36.67,17.09
2060,-8.2,-2.49,35.91,8.21
2061,-27.18,0.24,36.31,10.13
2062,-29.47,24.62,33.44,10.35
2063,-7.68,13.51,33.43,8.87
2064,20.09,-2.85,34.32,10.51
2065,-19.89,16.2,32.37,6.85
2066,46.02,22.55,32.75,6.12
2067,-68.54,21.58,35.38,6.66
2068,-45.11,-2.05,41.45,6.6
2069,-26.61,4.96,34.85,11.66
2070,-15.82,12.91,31.24,9.91
2071,-6.05,26.35,33.37,10.91
2072,-29.24,7.89,28.3,6.9
2073,4.38,-8.46,30.05,11.91
2074,-36.43,2.23,34.42,8.17
2075,-26.93,9.93,32.12,9.75
2076,-7.45,18.04,32.6,12.78
2077,-9.94,11.76,30.23,9.1
2078,-37.9,2.87,35.27,12.06
2079,-1.06,13.73,32.28,11.96
2080,-2.56,12.48,31.55,6.78
2081,-8.52,22.94,34.36,10.28
2082,43.3,4.79,27.83,10.64
2083,-0.71,1.85,28.41,6.83
2084,-50.62,8.34,38.02,14.78
2085,-35.5,-9.33,34.92,7.39
2086,-33.97,13.45,35.87,12.36
2087,-19.03,19.09,33.18,12.55
2088,-15.89,19.26,33.26,12.19
2089,-30.06,13.78,32.06,12.07
2090,-14.74,0.42,32.28,8.74
2091,-1.47,21.28,33.56,10.52
2092,-1.87,13.2,35.0,9.24
2093,10.22,13.6,35.56,9.76
2094,-49.19,7.06,36.36,7.99
2095,-21.49,38.04,39.77,9.19
2096,1.58,-9.36,36.28,10.38
2097,5.37,12.22,37.16,8.1
2098,-1.1,12.21,39.03,10.43
2099,-13.7,8.62,35.19,9.63
2100,84.95,9.15,32.12,8.65
2101,-104.13,12.9,36.74,9.41
2102,-44.87,17.79,34.86,7.87
2103,-17.88,14.9,38.7,10.57
2104,-21.9,18.31,32.06,8.09
2105,-15.64,14.22,35.75,5.05
2106,-13.08,13.36,34.98,6.77
2107,-12.3,9.44,33.74,8.03
2108,-23.34,8.67,36.14,9.7
2109,-16.39,9.38,35.78,9.44
2110,7.61,14.95,38.07,9.02
2111,-31.35,9.61,34.79,7.78
2112,-21.01,6.4,38.66,8.42
2113,-12.56,11.42,39.28,6.39
2114,-29.0,15.78,36.24,7.49
2115,45.51,14.41,31.66,3.69
2116,-30.76,-4.58,33.31,8.98
2117,-59.1,24.93,34.61,10.13
2118,-21.93,4.8,38.5,12.38
2119,-19.94,16.52,35.51,11.48
2120,-9.25,14.65,32.57,7.41
2121,-14.5,-0.87,37.26,9.96
2122,-25.14,-0.59,37.14,7.9
2123,-1.53,10.25,34.18,10.01
2124,-21.37,18.32,34.16,9.4
2125,-8.48,22.03,38.17,7.0
2126,-13.76,21.76,35.48,11.58
2127,-2.49,14.74,32.58,7.96
2128,-17.25,10.03,35.1,12.95
2129,-12.78,7.96,31.22,9.91
2130,-27.65,-8.32,32.59,8.94
2131,-23.1,11.73,33.37,9.1
2132,-4.95,13.46,38.44,10.97
2133,59.71,16.14,35.74,8.66
2134,-52.4,13.76,36.81,8.08
2135,-83.03,10.98,33.55,8.97
2136,-12.42,18.74,37.79,10.65
2137,8.19,18.25,38.53,10.94
2138,-14.47,29.39,38.3,12.41
2139,-17.73,7.28,35.6,8.89
2140,-14.97,-21.24,37.04,8.73
2141,-20.4,8.96,38.08,17.82
2142,10.99,26.27,32.09,13.2
2143,2.67,33.96,34.86,14.74
2144,-23.17,5.24,31.79,8.75
2145,-26.12,4.93,30.01,11.39
2146,-19.81,6.31,31.67,10.55
2147,-10.67,9.71,36.47,9.8
2148,-29.09,-3.15,36.92,10.35
2149,10.11,8.96,34.65,10.99
2150,49.38,-4.47,35.29,13.13
2151,-52.9,0.39,32.16,10.82
2152,-29.47,41.12,35.82,13.2
2153,-27.12,35.12,32.96,9.68
2154,-12.43,31.7,35.87,8.75
2155,-13.54,-4.22,34.79,11.33
2156,-20.55,9.04,30.57,11.88
2157,-5.6,8.71,30.97,11.63
2158,-12.73,0.34,29.24,11.1
2159,-21.71,21.35,30.77,17.02
2160,-28.45,13.3,29.31,14.54
2161,2.91,7.27,27.68,17.53
2162,-21.54,10.23,29.25,13.26
2163,-17.4,-9.13,31.13,15.24
2164,-7.59,0.35,29.37,11.41
2165,-22.88,15.11,29.0,14.75
2166,-6.41,11.86,31.42,15.72
2167,-11.58,10.3,31.88,11.52
2168,49.47,13.23,29.79,14.13
2169,-84.91,11.19,34.18,19.47
2170,-41.96,23.91,32.94,20.52
2171,13.19,0.07,31.52,14.55
2172,-20.01,-1.68,32.78,16.19
2173,-10.63,28.41,33.51,17.13
2174,-17.33,9.23,35.22,19.13
2175,-15.96,9.72,35.16,16.66
2176,-4.33,26.36,32.78,10.62
2177,-30.87,15.57,35.44,15.0
2178,-1.91,16.82,31.16,10.59
2179,-13.73,18.25,31.75,8.48
2180,-17.41,30.0,30.83,9.86
2181,-10.98,-1.41,37.9,11.98
2182,-9.86,6.72,35.99,13.82
2183,-35.45,-3.35,34.94,14.39
2184,56.25,11.05,32.85,13.2
2185,-47.93,22.33,34.67,12.36
2186,-70.76,14.55,34.83,16.35
2187,-10.7,14.34,37.26,15.2
2188,-13.0,-8.24,34.99,9.24
2189,-15.75,4.69,34.23,9.71
2190,-17.4,16.87,35.73,14.51
2191,-7.73,23.49,35.49,13.44
2192,10.21,16.97,36.81,12.83
2193,-53.01,-14.49,36.44,9.86
2194,-28.84,3.11,40.33,9.53
2195,-2.6,8.81,38.97,13.87
2196,-20.16,4.95,36.05,8.88
2197,-8.74,4.33,37.81,7.38
2198,8.28,18.39,37.63,8.03
2199,-38.0,-11.36,37.41,5.11
2200,-36.48,6.08,37.44,9.47
2201,-12.95,24.98,38.03,11.53
2202,53.38,13.59,36.49,12.49
2203,-1.56,6.54,31.37,9.92
2204,-78.5,23.26,37.6,9.66
2205,-23.63,15.02,38.09,9.61
2206,-13.9,19.81,32.51,8.47
2207,-17.27,-3.75,34.95,9.01
2208,-30.33,2.37,35.16,11.03
2209,-22.36,-4.4,36.55,12.77
2210,-29.98,-3.77,39.11,9.95
2211,-16.52,16.99,37.52,9.44
2212,5.16,16.18,31.31,11.6
2213,-11.47,8.9,30.24,12.42
2214,-17.4,14.18,32.6,11.13
2215,-15.85,38.02,36.94,14.59
2216,-49.68,-26.83,36.23,10.16
2217,-12.68,4.51,37.48,11.03
2218,-23.2,20.3,32.26,6.72
2219,-22.03,9.73,27.57,9.12
2220,60.76,23.9,32.88,11.31
2221,-41.62,1.44,35.52,12.45
2222,-33.16,22.66,38.22,12.81
2223,-27.55,-8.68,37.17,9.15
2224,-35.76,-7.86,36.29,11.13
2225,-20.99,-7.88,38.29,5.69
2226,-33.75,6.03,35.57,8.97
2227,-18.15,12.16,38.5,8.74
2228,0.69,2.35,35.3,7.43
2229,-15.91,12.1,38.4,10.34
2230,-18.11,10.62,38.86,13.06
2231,-29.61,6.47,38.87,10.67
2232,13.05,23.93,40.22,13.41
2233,-63.3,21.08,39.1,11.04
2234,-24.75,5.23,33.81,8.91
2235,-1.6,1.5,33.6,13.15
2236,-7.01,22.16,35.22,13.28
2237,-15.38,12.87,38.9,10.54
2238,8.52,-19.6,34.47,13.07
2239,26.58,9.22,33.38,6.53
2240,-96.25,-6.51,40.47,12.7
2241,-40.41,3.52,34.18,9.89
2242,-27.7,20.78,36.06,11.35
2243,-28.44,6.51,36.88,9.21
2244,6.39,15.29,40.55,12.91
2245,-2.06,36.12,38.18,14.95
2246,-44.09,-2.47,37.48,8.52
2247,-18.66,-13.22,35.64,9.23
2248,-20.5,-1.07,39.01,8.9
2249,5.52,8.9,33.63,12.44
2250,3.85,8.63,35.16,15.6
2251,10.04,-9.8,34.39,9.0
2252,-46.61,-5.57,34.31,6.58
2253,-58.43,-1.35,33.94,13.44
2254,-18.75,8.13,38.36,9.77
2255,-10.09,15.05,31.75,11.32
2256,-19.19,-8.79,35.05,11.39
2257,-28.95,-18.56,37.59,6.93
2258,-18.59,4.99,40.66,9.19
2259,-16.22,11.62,35.76,8.36
2260,-8.76,14.06,43.3,10.53
2261,-8.98,18.01,42.18,11.9
2262,-15.3,-9.69,40.12,9.01
2263,-11.56,9.71,38.6,11.95
2264,-15.22,0.0,40.63,7.64
2265,-26.07,6.25,39.47,10.03
2266,-28.41,8.29,37.76,11.82
2267,-15.67,0.25,38.75,8.48
2268,-17.22,-5.19,39.27,7.29
2269,4.24,8.46,37.73,7.58
2270,92.81,8.33,35.95,7.21
2271,-88.86,-18.91,37.63,9.58
2272,-43.5,15.66,36.14,11.63
2273,-48.29,-6.57,35.45,9.31
2274,-29.91,3.13,33.78,9.11
2275,3.75,21.94,36.25,11.28
2276,-8.91,-16.78,38.43,12.43
2277,-5.95,-11.86,35.35,10.57
2278,9.14,-9.64,32.98,11.82
2279,-27.5,20.7,36.03,12.11
2280,-17.96,-12.22,39.21,8.55
2281,-13.38,2.53,36.12,8.3
2282,-38.95,-0.76,30.71,12.35
2283,-30.46,-21.78,30.8,11.49
2284,8.25,-0.22,33.11,9.87
2285,-18.38,0.66,35.82,12.03
2286,-17.5,5.47,32.47,12.42
2287,1.33,4.14,32.21,7.64
2288,47.43,21.46,35.44,12.35
2289,-58.45,12.22,34.43,12.03
2290,-35.59,7.13,39.91,9.59
2291,-69.14,-0.47,39.08,9.24
2292,2.61,-3.56,38.35,10.45
2293,-14.98,0.53,39.79,10.44
2294,-7.95,23.19,33.76,8.89
2295,-25.1,6.4,36.65,8.53
2296,-3.37,7.83,34.04,7.85
2297,-15.15,-13.96,32.39,8.6
2298,-6.97,-1.78,35.7,7.9
2299,-19.47,3.76,34.18,9.8
2300,-15.15,-3.18,34.21,10.06
2301,-35.13,2.22,27.14,7.77
2302,87.37,16.9,31.65,8.85
2303,-26.3,13.11,35.42,8.44
2304,-76.07,2.44,35.19,12.95
2305,-13.24,8.23,34.6,9.09
2306,-30.78,8.81,30.59,9.33
2307,-2.65,53.7,30.05,10.68
2308,-6.03,34.01,36.89,8.84
2309,-53.2,-27.42,34.36,8.57
2310,-7.03,-14.43,32.54,9.95
2311,-12.64,6.71,31.13,6.6
2312,-12.99,3.64,30.94,8.94
2313,-15.45,17.22,28.59,7.82
2314,-17.77,13.73,31.95,10.25
2315,-10.08,-0.15,31.43,9.48
2316,4.24,26.52,32.11,8.43
2317,-9.6,10.43,28.08,5.26
2318,-19.5,2.68,31.35,5.58
2319,-28.46,2.98,37.22,13.2
2320,63.04,22.53,36.5,6.83
2321,-71.75,12.86,34.17,10.33
2322,-30.06,13.02,30.12,10.78
2323,25.8,24.21,32.62,10.64
2324,-36.04,-31.95,30.69,6.54
2325,-42.49,0.79,30.61,9.7
2326,-19.03,7.76,35.18,8.81
2327,-11.2,13.09,30.89,12.22
2328,-16.53,5.1,29.27,12.82
2329,-17.1,4.52,33.37,8.67
2330,-17.02,8.58,33.34,8.46
2331,-0.91,5.03,35.96,12.29
2332,-9.76,5.45,35.5,12.22
2333,-4.93,6.34,37.33,10.02
2334,26.7,14.59,33.95,11.25
2335,5.96,8.84,36.71,8.11
2336,-87.68,9.15,34.23,11.23
2337,-36.97,10.35,33.28,10.17
2338,-4.72,24.7,37.12,11.23
2339,-6.98,15.44,36.37,11.91
2340,2.18,28.59,34.82,13.2
2341,-5.57,-24.07,34.05,9.04
2342,-0.5,2.82,30.77,11.46
2343,-35.7,24.62,35.06,16.4
2344,-29.0,2.6,35.91,15.05
2345,-30.24,8.67,35.5,12.56
2346,-15.54,-19.98,30.42,14.81
2347,-14.08,-2.38,33.82,9.55
2348,-12.51,14.9,34.37,14.75
2349,-32.44,10.1,33.23,14.78
2350,-37.98,2.37,31.15,13.79
2351,58.88,11.38,33.23,16.35
2352,-72.48,20.69,33.87,17.3
2353,-21.81,9.74,34.54,17.19
2354,-8.29,24.73,33.56,10.38
2355,-16.29,9.13,33.2,13.55
2356,-25.53,7.92,34.53,14.52
2357,-8.85,-10.45,35.87,16.49
2358,-9.9,21.06,34.76,12.81
2359,13.52,24.21,35.6,10.9
2360,-26.04,18.02,29.66,14.3
2361,-33.42,38.75,38.04,13.42
2362,-2.04,9.05,35.98,11.02
2363,-26.18,-4.04,33.78,9.01
2364,-12.12,3.3,40.45,10.97
2365,-24.91,22.73,34.56,13.57
2366,25.34,27.54,32.56,14.07
2367,-29.39,40.74,33.95,13.33
2368,-77.29,9.88,37.6,14.35
2369,-20.84,6.56,35.7,12.32
2370,-7.58,22.08,34.61,8.95
2371,10.73,28.53,37.85,11.17
2372,-24.7,18.88,34.86,14.12
2373,-17.33,19.76,35.29,12.02
2374,-23.28,17.56,34.74,13.34
2375,-25.1,14.66,36.24,13.29
2376,-28.84,20.52,32.17,16.52
2377,-5.47,3.21,33.34,15.03
2378,29.58,20.44,35.2,16.75
2379,-46.29,12.7,30.61,9.97
2380,-42.93,24.45,30.9,12.78
2381,-30.79,-5.19,35.12,13.65
2382,-10.97,1.45,34.37,9.37
2383,1.33,16.97,32.7,10.05
2384,33.15,19.17,34.85,12.66
2385,-91.94,2.27,34.34,15.2
2386,-8.44,16.93,36.51,14.0
2387,-29.04,19.33,32.94,13.96
2388,11.22,7.15,35.26,11.31
2389,-8.36,5.9,37.03,7.41
2390,-14.22,15.85,35.22,8.14
2391,-30.48,-1.32,37.6,7.79
2392,2.53,13.93,36.97,15.97
2393,-19.56,9.22,37.46,10.6
2394,-17.97,-0.9,38.24,11.56
2395,-24.55,13.31,35.11,14.33
2396,-24.25,5.94,35.85,6.57
2397,-17.22,8.85,32.95,10.18
2398,1.81,7.98,37.11,10.96
2399,64.12,8.55,36.88,16.3
2400,-100.08,7.02,36.21,12.39
2401,-33.29,18.06,39.92,14.95
2402,-33.31,20.44,39.24,14.12
2403,-16.14,-8.3,39.94,12.82
2404,-15.24,3.07,35.56,10.77
2405,-4.87,24.01,36.56,10.12
2406,-20.98,15.55,34.94,15.51
2407,-34.33,-22.08,35.16,8.37
2408,12.11,-15.09,40.09,15.37
2409,3.28,37.73,37.85,7.71
2410,4.01,23.21,35.51,11.89
2411,-38.86,15.46,36.03,10.85
2412,-18.48,24.52,37.59,8.9
2413,-17.76,22.55,39.17,9.91
2414,-21.45,8.27,35.18,7.16
2415,66.89,24.2,37.33,14.1
2416,-38.71,21.16,36.68,11.05
2417,-76.46,-8.41,40.13,8.23
2418,-24.17,1.92,40.24,7.04
2419,-22.11,32.37,40.81,13.57
2420,-0.16,29.46,37.95,9.68
2421,-0.07,42.61,38.14,14.12
2422,-10.23,15.35,37.11,10.6
2423,-40.61,19.83,42.95,12.67
2424,-23.92,13.98,36.27,13.17
2425,-14.61,-5.17,38.77,10.87
2426,-48.99,-6.54,35.49,15.01
2427,8.18,-0.3,38.03,12.17
2428,5.23,0.34,35.19,13.05
2429,45.28,0.85,34.73,14.39
2430,-61.28,15.89,36.49,16.32
2431,-69.5,21.78,37.07,13.81
2432,34.28,1.91,33.27,10.11
2433,-32.81,7.76,32.98,12.94
2434,-22.23,12.58,33.13,10.41
2435,-18.77,5.95,34.42,12.23
2436,-15.55,1.06,32.46,12.74
2437,-12.2,7.52,33.19,9.67
2438,-24.01,32.08,32.08,13.01
2439,7.24,12.84,33.55,14.59
2440,-21.88,-7.34,28.0,11.92
2441,-17.56,5.09,30.27,12.79
2442,-23.37,15.07,32.26,12.18
2443,-27.83,16.22,34.5,13.75
2444,3.04,2.91,31.48,7.87
2445,-22.72,-4.93,34.01,9.84
2446,-21.89,11.4,28.63,13.02
2447,58.4,4.52,32.09,10.07
2448,-41.84,-7.03,29.52,13.44
2449,-49.74,15.94,31.89,16.66
2450,-13.5,2.17,30.23,12.39
2451,-1.95,0.09,30.6,14.26
2452,-7.84,-25.45,26.81,11.39
2453,-44.93,16.85,24.34,11.73
2454,-8.19,30.47,28.12,12.62
2455,13.33,21.37,30.06,15.54
2456,-32.85,-7.48,27.41,11.85
2457,-35.85,-4.95,26.4,12.53
2458,6.44,17.43,28.34,13.19
2459,-43.3,2.48,27.98,17.57
2460,-17.52,-7.81,29.41,9.69
2461,10.74,11.26,29.91,11.22
2462,46.9,13.77,26.92,11.98
2463,-87.62,45.1,29.48,11.82
2464,-4.83,16.92,32.22,12.29
2465,-22.75,-41.44,30.56,11.18
2466,-26.8,3.95,32.36,11.6
2467,-10.19,2.32,32.22,8.95
2468,-3.15,13.96,31.44,10.56
2469,-14.89,2.76,34.63,12.59
2470,-15.93,2.38,36.73,13.83
2471,-16.69,2.7,35.43,13.65
2472,-7.72,-7.27,29.48,6.23
2473,4.51,10.26,34.59,11.5
2474,-52.18,22.84,32.95,11.21
2475,-31.98,-13.93,34.04,11.69
2476,-29.45,-4.1,38.06,12.44
2477,-2.31,-3.81,33.73,10.46
2478,5.08,16.2,37.11,8.45
2479,46.67,10.18,32.97,11.58
2480,-90.25,-5.89,31.54,11.71
2481,-34.23,-0.85,39.58,14.19
2482,-9.03,-30.23,34.91,8.29
2483,-1.33,13.5,41.13,11.96
2484,-9.24,15.67,41.42,12.79
2485,-23.02,-7.22,40.95,11.96
2486,-5.08,-1.06,41.01,11.17
2487,-10.67,15.93,40.24,14.59
2488,-40.53,5.52,38.02,11.35
2489,-32.13,-15.31,41.65,12.1
2490,-9.74,15.06,42.13,10.29
2491,-2.53,-16.12,38.24,11.55
2492,-4.6,12.32,36.17,6.54
2493,-38.37,37.02,38.61,7.12
2494,39.9,-2.37,38.02,12.6
2495,-60.37,3.37,40.36,11.95
2496,-25.52,-12.19,34.48,7.19
2497,-9.16,3.99,37.62,7.69
2498,-25.54,6.54,37.07,10.41
2499,-22.88,-10.54,38.2,8.28
2500,1.77,-8.98,34.42,6.37
2501,1.61,14.44,33.78,6.39
2502,-18.62,5.49,35.47,10.51
2503,-39.04,-0.43,36.12,11.7
2504,3.84,6.16,35.7,9.73
2505,-24.23,-0.89,36.15,8.66
2506,-37.54,-12.35,34.66,11.53
2507,-0.49,16.38,40.63,10.95
2508,-8.63,14.62,38.44,13.27
2509,-9.41,-11.29,38.91,9.5
2510,42.11,11.63,39.87,5.45
2511,-39.9,-8.42,38.42,9.32
2512,-57.69,14.19,36.35,7.5
2513,-24.57,-4.31,41.81,10.76
2514,-14.02,4.39,40.79,8.53
2515,-22.88,5.88,39.45,10.15
2516,-17.54,-9.85,38.95,9.07
2517,17.3,-4.84,37.65,7.39
2518,-8.37,19.07,34.7,8.28
2519,-30.89,-0.42,36.1,11.7
2520,-7.6,-15.26,36.54,9.78
2521,-53.5,-18.23,36.19,4.68
2522,-6.35,1.56,37.5,10.26
2523,18.9,25.79,35.62,7.53
2524,-11.74,8.42,38.28,8.12
2525,-15.62,-12.15,36.73,9.15
2526,-30.22,11.3,33.22,7.06
2527,57.06,-6.08,31.5,6.77
2528,-72.06,-16.09,36.5,8.81
2529,-69.93,-0.5,40.94,5.57
2530,-3.07,17.1,36.17,7.02
2531,-0.44,11.44,35.9,2.92
2532,-14.47,19.88,38.44,7.27
2533,-28.09,-17.72,32.82,4.99
2534,2.2,3.91,38.05,7.23
2535,1.63,3.16,35.94,10.58
2536,-57.77,-12.78,32.59,3.49
2537,-22.21,-11.67,35.82,8.72
2538,-1.47,15.32,36.73,2.5
2539,-21.21,24.39,34.95,3.12
2540,-13.81,11.97,32.37,4.99
2541,0.16,22.76,37.93,5.89
2542,-1.31,15.11,37.77,6.21
2543,-19.97,-36.69,40.08,6.48
2544,-46.26,7.18,34.93,4.32
2545,-18.77,30.84,37.32,3.46
2546,-58.09,-24.37,39.46,3.75
2547,-18.89,-14.02,37.41,6.05
2548,-13.87,13.47,36.39,5.4
2549,-13.59,12.61,37.74,6.53
2550,6.77,11.92,40.9,1.96
2551,-23.57,12.04,35.46,2.27
2552,-38.96,-1.44,36.13,5.31
2553,-29.1,-6.02,38.19,5.37
2554,-13.86,0.24,37.57,2.83
2555,-21.42,7.75,39.44,8.01
2556,-24.11,8.73,37.47,6.37
2557,-20.77,12.12,33.97,1.42
2558,-20.98,3.28,39.6,5.97
2559,-6.65,8.17,35.74,8.88
2560,-4.38,7.2,36.13,6.7
2561,16.83,-1.34,36.56,8.96
2562,-8.24,-3.34,34.94,8.84
2563,-53.02,-1.94,36.94,5.8
2564,-49.19,6.14,37.62,5.22
2565,-32.92,2.77,35.85,6.84
2566,-21.73,2.0,40.8,3.27
2567,16.02,8.11,38.74,6.16
2568,-33.05,0.71,38.24,7.07
2569,-24.57,6.13,39.76,10.17
2570,-32.81,14.96,35.0,5.92
2571,-29.27,-10.36,36.78,6.76
2572,-2.13,10.28,39.66,8.0
2573,-2.75,13.34,35.27,6.98
2574,-28.49,-4.31,32.73,6.17
2575,-16.25,24.36,34.56,11.07
2576,-17.99,8.05,35.25,10.61
2577,-20.04,11.85,37.78,8.24
2578,52.58,8.89,35.73,9.17
2579,-69.51,-24.44,32.53,6.83
2580,-38.95,16.44,35.02,11.36
2581,-19.58,43.15,33.89,10.46
2582,-28.32,12.6,36.57,9.13
2583,10.89,2.32,36.75,11.59
2584,-61.03,-2.15,35.13,8.86
2585,-31.0,16.39,36.75,9.36
2586,-1.88,14.1,36.1,9.31
2587,-17.34,17.11,34.72,12.14
2588,-1.77,37.94,36.85,13.62
2589,-17.05,21.94,37.39,11.07
2590,-25.52,-4.09,36.99,8.74
2591,-30.59,21.66,32.68,9.82
2592,-26.92,13.49,34.09,13.74
2593,-15.4,11.65,34.47,11.96
2594,-20.2,8.23,34.93,7.83
2595,-21.22,17.44,41.97,13.2
2596,-22.77,-8.06,32.96,9.01
2597,0.24,41.35,35.33,12.21
2598,74.03,13.64,33.71,10.62
2599,-43.23,-6.11,36.05,6.8
2600,-79.49,-1.1,37.34,11.11
2601,-58.25,21.32,33.98,14.63
2602,-11.23,7.67,36.6,6.85
2603,-14.25,11.89,35.2,9.03
2604,-10.04,16.9,37.13,11.91
2605,-10.74,22.64,32.93,11.11
2606,-12.29,7.79,33.88,10.2
2607,-6.45,7.35,35.65,7.81
2608,-9.83,42.84,36.0,10.37
2609,-19.08,24.6,34.71,10.02
2610,43.09,-7.55,33.17,11.62
2611,-72.56,13.9,39.39,13.13
2612,-36.76,51.55,34.71,10.58
2613,-23.75,8.0,34.41,12.39
2614,-13.46,-1.35,34.83,8.81
2615,-5.58,4.83,36.21,7.65
2616,-20.84,14.94,36.68,12.46
2617,-24.38,7.65,35.66,11.2
2618,-17.11,6.39,34.89,7.35
2619,5.87,7.18,34.42,9.13
2620,-23.22,10.45,34.45,9.79
2621,-37.71,0.98,32.28,10.99
2622,-10.59,7.87,33.77,12.66
2623,-14.23,31.66,35.4,9.64
2624,-15.19,17.4,30.88,6.27
2625,-8.84,3.54,36.54,9.16
2626,-11.51,11.43,32.55,8.95
2627,-13.11,21.36,31.86,11.4
2628,-14.24,-0.65,31.75,8.21
2629,-29.67,-5.84,33.44,13.74
2630,-15.09,-4.31,33.33,11.7
2631,92.99,22.56,31.2,11.64
2632,-96.42,-12.64,35.95,10.92
2633,-34.46,0.75,33.85,8.32
2634,-34.45,9.51,31.19,7.12
2635,-25.3,11.42,33.8,11.68
2636,-2.22,14.33,35.38,12.09
2637,32.92,15.81,35.9,7.53
2638,-40.95,19.96,36.65,11.16
2639,-35.81,-2.74,37.33,16.14
2640,-41.43,2.39,33.58,12.08
2641,-26.77,10.74,32.37,9.85
2642,6.38,4.46,34.0,12.29
2643,-12.03,19.45,36.47,10.67
2644,-11.65,30.55,39.68,11.67
2645,7.09,-2.39,42.81,7.16
2646,-48.4,5.78,38.41,6.45
2647,-19.86,12.81,39.56,8.25
2648,24.58,18.53,35.87,12.42
2649,-3.1,7.8,39.28,9.8
2650,-69.68,39.02,40.48,9.56
2651,-35.39,18.52,42.88,9.85
2652,-36.12,-12.96,37.54,11.24
2653,8.24,14.44,39.7,11.57
2654,-51.66,18.95,37.04,5.25
2655,-52.0,-10.53,34.22,10.76
2656,1.51,-19.59,36.18,11.37
2657,0.51,37.24,37.89,9.92
2658,-1.06,35.91,30.85,9.76
2659,-17.83,6.37,33.57,10.76
2660,-21.55,13.52,35.55,13.79
2661,-31.19,-0.07,34.81,12.9
2662,-5.89,26.47,32.45,11.52
2663,-5.53,3.32,29.69,13.69
2664,29.58,-23.78,35.1,12.19
2665,-45.62,23.06,36.97,12.88
2666,-63.37,35.25,32.53,11.68
2667,-10.95,12.36,30.66,14.97
2668,-23.95,-2.54,32.68,11.55
2669,-23.75,5.26,33.69,11.57
2670,-21.02,9.97,35.69,9.48
2671,-13.43,20.29,31.02,8.7
2672,-12.0,19.62,37.25,14.53
2673,-17.99,-2.99,37.52,8.25
2674,0.85,-0.52,39.44,8.81
2675,-12.97,11.3,39.56,11.19
2676,-1.37,13.02,38.02,11.93
2677,-3.79,12.15,33.27,11.45
2678,-37.37,12.5,38.29,10.6
2679,-25.61,4.24,40.0,11.99
2680,-11.32,9.85,36.79,12.55
2681,-22.21,20.98,38.55,14.73
2682,28.31,16.25,36.06,13.1
2683,11.18,-3.54,33.81,12.4
2684,-75.78,1.93,35.96,14.99
2685,-25.0,7.31,37.25,15.11
2686,-29.09,-13.42,35.62,14.06
2687,-39.73,9.22,37.21,17.42
2688,-28.17,37.01,34.64,15.1
2689,7.54,5.27,30.56,11.72
2690,-3.87,-28.33,34.19,12.46
2691,-2.3,3.02,36.48,10.94
2692,15.6,-1.38,34.29,13.91
2693,-31.01,9.87,34.67,15.52
2694,-40.48,7.86,36.91,11.06
2695,-27.64,4.35,37.44,9.65
2696,-26.44,21.76,42.64,13.01
2697,-22.51,1.8,39.69,11.27
2698,-17.36,13.36,39.34,9.94
2699,-5.19,11.95,36.87,13.09
2700,57.2,9.3,37.24,13.34
2701,-60.81,-12.48,39.62,15.79
2702,-74.5,-6.27,43.01,12.62
2703,-24.56,18.12,42.54,12.48
2704,-3.25,18.53,40.93,13.23
2705,-1.97,32.6,40.78,11.45
2706,-5.27,16.37,39.53,7.08
2707,-5.19,4.76,38.98,9.61
2708,-25.46,10.76,40.36,13.16
2709,-29.71,14.19,39.17,10.18
2710,-12.25,20.67,41.6,9.4
2711,5.91,-1.28,43.46,6.51
2712,-5.93,3.13,42.64,6.53
2713,19.8,2.25,40.67,8.62
2714,-98.97,-0.64,39.7,7.59
2715,-29.32,4.03,43.62,10.17
2716,-29.24,6.44,48.95,12.95
2717,-6.9,12.63,44.36,9.56
2718,-22.0,34.26,38.57,8.85
2719,-24.9,11.96,37.4,9.0
2720,10.57,9.04,39.82,7.82
2721,-4.97,3.04,38.23,10.23
2722,-9.4,41.81,36.49,9.57
2723,-13.78,-0.27,38.31,9.35
2724,-4.04,2.53,38.04,10.93
2725,-23.12,4.64,40.72,9.97
2726,-29.28,13.99,35.08,11.96
2727,-25.83,20.01,37.73,12.95
2728,41.62,-1.3,33.47,9.75
2729,45.91,-5.65,34.21,12.56
2730,-118.56,4.09,36.53,9.08
2731,-56.08,26.08,34.29,8.63
2732,-10.26,2.73,34.58,9.72
2733,8.6,16.42,38.61,12.6
2734,-18.32,-2.58,33.98,10.26
2735,-23.14,14.08,37.41,12.09
2736,-17.06,3.72,33.72,10.59
2737,-21.41,-6.14,31.92,11.13
2738,39.83,-3.78,34.68,10.48
2739,-21.7,10.13,33.94,12.53
2740,-67.13,4.56,35.12,12.52
2741,-20.84,11.8,36.8,12.97
2742,17.78,22.48,38.45,13.04
2743,-76.64,6.28,36.33,13.13
2744,3.06,4.18,36.68,9.51
2745,-40.88,9.23,36.92,9.11
2746,42.57,29.03,36.88,11.24
2747,-70.0,-3.15,37.96,7.91
2748,-21.52,12.72,40.67,13.72
2749,-3.9,16.84,36.42,14.9
2750,-4.91,25.73,37.19,10.34
2751,-18.4,24.6,36.1,9.06
2752,-21.76,9.89,39.7,7.92
2753,-6.85,3.76,37.34,9.42
2754,-36.06,9.61,33.02,10.71
2755,-29.04,55.49,36.69,14.35
2756,-21.09,-21.61,35.3,5.1
2757,-0.43,23.96,38.08,7.8
2758,-22.65,31.72,38.75,12.64
2759,-28.52,-4.84,32.86,8.5
2760,-22.95,4.42,36.02,9.21
2761,45.43,12.11,37.35,11.83
2762,-79.72,4.53,34.41,7.93
2763,-31.07,8.62,32.4,8.69
2764,-30.78,2.95,34.98,10.2
2765,-36.09,6.93,41.63,13.78
2766,-1.7,10.22,37.96,8.47
2767,7.18,16.92,37.76,8.87
2768,-17.25,21.72,39.64,14.31
2769,5.41,7.36,38.01,9.54
2770,-18.85,4.6,34.05,9.11
2771,-47.2,15.94,33.87,11.73
2772,-35.74,4.42,36.99,12.84
2773,-39.14,-2.14,38.52,16.09
2774,-23.85,10.24,38.31,15.12
2775,-3.03,3.13,39.26,9.92
2776,55.78,8.95,37.89,14.04
2777,-90.13,12.74,42.64,9.53
2778,-47.95,6.44,39.19,8.17
2779,-30.29,31.84,39.98,11.15
2780,-6.86,-7.98,40.71,9.82
2781,0.74,10.65,40.34,8.51
2782,-26.64,-3.26,36.5,12.18
2783,-42.78,-1.11,39.83,16.26
2784,51.12,1.0,39.08,13.06
2785,-48.45,7.3,33.99,8.02
2786,-15.72,5.31,35.12,10.65
2787,-7.45,15.69,36.36,13.01
2788,-30.39,7.32,35.62,11.48
2789,-12.93,2.11,32.43,9.74
2790,-16.45,-9.43,36.07,12.38
2791,-17.76,-4.44,34.7,8.39
2792,-32.97,24.16,36.1,8.85
2793,-18.05,2.08,37.89,10.89
2794,-17.13,10.98,37.93,11.45
2795,19.08,12.91,36.24,11.33
2796,40.7,7.79,32.21,10.0
2797,-95.5,0.45,34.2,7.87
2798,-29.91,25.77,35.64,9.6
2799,-15.33,12.42,37.44,11.06
2800,-17.88,-0.48,31.04,9.91
2801,4.89,9.78,29.44,9.91
2802,-28.39,0.79,31.85,8.49
2803,-4.06,6.54,29.42,8.56
2804,-42.47,0.13,28.68,11.69
2805,-30.44,-2.83,34.58,12.19
2806,3.84,37.59,38.76,14.4
2807,-21.08,-2.69,35.07,12.38
2808,-23.35,-18.61,30.3,8.79
2809,-18.4,25.6,30.62,9.94
2810,-15.55,-7.51,32.96,9.73
2811,-22.35,-0.0,33.58,10.09
2812,-14.87,-2.81,32.32,9.49
2813,-16.16,-2.12,31.03,9.11
2814,37.82,1.38,33.34,8.36
2815,-27.77,-4.56,32.12,11.81
2816,-43.6,7.79,32.12,9.55
2817,-18.15,12.74,27.79,7.47
2818,-32.8,-7.93,33.65,10.74
2819,-16.54,0.11,31.76,12.87
2820,-12.12,7.19,33.22,9.52
2821,20.14,10.11,33.78,10.13
2822,-53.58,4.83,32.28,10.46
2823,-56.76,1.5,36.97,10.04
2824,16.93,13.78,35.67,14.51
2825,18.97,33.8,32.27,9.72
2826,-16.11,26.64,36.85,9.8
2827,-15.11,-13.7,33.48,6.54
2828,49.47,3.23,33.63,10.63
2829,-94.13,3.99,32.16,10.54
2830,-48.23,4.57,33.47,10.86
2831,1.84,-4.88,34.31,9.01
2832,-22.25,8.45,33.39,9.84
2833,-14.45,7.77,34.79,7.66
2834,-2.18,31.65,33.58,11.0
2835,-15.43,-8.53,33.31,11.0
2836,-26.83,-2.7,33.5,10.69
2837,-20.61,4.41,37.65,8.72
2838,-12.36,9.76,35.06,12.95
2839,-53.25,2.83,32.19,13.76
2840,6.55,12.71,37.47,11.08
2841,-8.41,7.4,34.05,8.35
2842,-10.35,-6.91,31.2,7.88
2843,-18.56,-18.81,35.03,7.28
2844,-20.3,5.58,35.58,8.92
2845,-26.44,15.12,32.27,11.92
2846,-9.4,6.33,33.46,13.16
2847,19.49,19.4,33.45,14.12
2848,-47.8,19.1,34.06,8.13
2849,-53.53,-3.56,33.93,9.05
2850,-25.78,0.68,36.03,11.21
2851,-23.25,2.63,36.69,10.66
2852,-27.99,2.4,36.07,11.37
2853,-38.73,2.5,36.07,11.47
2854,10.99,22.36,36.53,8.51
2855,-16.2,-1.3,34.82,11.74
2856,-25.02,-0.9,35.16,10.59
2857,-28.35,7.54,36.93,11.87
2858,12.84,16.02,35.62,11.6
2859,-10.83,6.05,33.72,7.99
2860,-26.4,16.78,34.33,10.18
2861,-25.52,1.51,34.49,11.5
2862,-20.86,4.19,34.04,15.79
2863,52.9,27.72,36.11,13.81
2864,-69.52,34.6,30.71,7.21
2865,-24.32,16.27,36.34,10.93
2866,-34.11,-13.49,33.23,8.88
2867,-22.03,44.85,37.08,12.09
2868,-10.58,17.21,34.07,7.21
2869,-7.66,3.4,34.49,8.97
2870,-16.2,5.19,30.42,9.63
2871,-7.72,19.11,30.63,9.53
2872,-17.16,24.91,32.2,9.11
2873,-24.52,-1.01,33.19,11.2
2874,1.57,9.85,38.21,9.21
2875,-37.01,11.3,39.04,7.52
2876,-31.38,-10.93,39.1,9.19
2877,50.95,15.59,32.95,7.79
2878,-74.43,-0.77,35.22,11.91
2879,-29.41,-4.95,34.64,10.76
2880,-26.07,35.62,33.65,10.02
2881,-26.61,18.2,36.95,5.72
2882,-6.06,18.3,36.45,11.56
2883,-9.39,22.94,34.26,7.82
2884,-21.01,26.63,37.58,9.1
2885,-33.01,-14.32,32.99,8.56
2886,-11.52,9.77,29.55,7.63
2887,-23.21,12.11,32.66,10.76
2888,-21.4,4.91,32.45,9.5
2889,-35.42,3.93,33.5,10.03
2890,-17.04,10.69,35.92,12.03
2891,-9.84,29.4,33.97,11.63
2892,-17.06,8.38,33.64,9.33
2893,-25.0,28.41,34.75,9.22
2894,46.81,-9.88,33.71,8.19
2895,-67.49,-5.22,38.62,9.64
2896,-58.15,11.61,36.67,10.18
2897,-28.15,5.37,34.89,8.65
2898,-21.34,10.67,30.99,7.19
2899,-10.31,16.98,35.08,10.32
2900,-13.9,15.54,33.13,10.21
2901,-18.25,3.75,36.08,8.35
2902,-31.14,18.71,35.57,9.86
2903,-20.51,0.15,31.7,8.47
2904,-13.76,14.35,34.58,7.89
2905,-5.13,23.71,35.35,9.14
2906,-21.94,-0.21,37.55,10.74
2907,-12.95,14.55,35.23,10.98
2908,-14.58,8.32,36.62,10.41
2909,-26.81,8.44,35.62,8.9
2910,9.3,25.55,36.36,8.01
2911,-4.01,26.88,33.57,7.28
2912,-8.01,1.68,34.59,11.75
2913,-31.98,14.6,34.51,12.56
2914,81.79,46.62,36.05,16.07
2915,-72.2,12.08,33.3,9.67
2916,-46.66,16.38,36.83,11.8
2917,-35.09,23.39,37.38,15.86
2918,-22.62,2.15,32.93,14.16
2919,-15.15,0.49,34.58,12.21
2920,-5.76,32.93,41.08,12.96
2921,-13.21,39.12,35.44,10.78
2922,-10.01,-9.46,34.51,10.25
2923,5.95,3.34,31.66,10.41
2924,-19.96,14.33,31.99,7.4
2925,-36.41,7.95,34.14,11.36
2926,-25.64,29.03,35.93,10.55
2927,1.25,11.16,37.33,9.94
2928,9.88,17.22,39.38,11.48
2929,-2.59,14.44,32.1,10.83
2930,-15.18,-4.77,35.24,6.44
2931,78.8,36.13,34.37,6.57
2932,-55.01,10.97,38.88,11.76
2933,-58.63,23.01,40.74,9.58
2934,-49.3,16.71,40.02,9.73
2935,-17.24,9.35,39.31,6.28
2936,-17.67,8.29,39.22,12.0
2937,-31.67,4.07,36.8,7.67
2938,40.86,23.55,41.28,6.81
2939,-25.51,21.01,40.64,7.41
2940,-12.65,-1.7,41.34,3.44
2941,-1.11,24.51,40.46,6.36
2942,-18.06,7.33,36.72,6.61
2943,-20.02,12.99,34.43,6.43
2944,-18.12,12.03,32.25,8.27
2945,10.88,22.52,36.84,5.93
2946,-16.13,13.75,39.24,8.5
2947,-1.79,21.31,40.54,9.69
2948,24.66,17.21,40.67,8.1
2949,-1.02,7.0,36.55,8.92
2950,-66.59,1.5,41.74,9.92
2951,-17.65,22.46,39.32,11.72
2952,-18.66,4.17,41.28,5.96
2953,22.8,23.95,42.87,11.42
2954,-39.54,15.0,41.37,11.29
2955,-50.0,8.46,39.76,8.07
2956,-10.45,4.92,37.74,12.32
2957,-22.8,1.6,40.1,12.19
2958,-9.96,1.44,37.51,10.02
2959,-9.25,1.64,35.74,9.59
2960,-6.55,20.25,36.59,12.57
2961,-26.65,8.07,38.42,7.28
2962,-13.13,5.0,38.49,5.4
2963,-13.05,29.31,39.01,5.36
2964,32.16,3.33,40.29,8.21
2965,8.68,23.46,42.32,7.94
2966,-70.94,0.38,39.67,8.69
2967,-21.06,12.41,43.14,9.9
2968,-30.1,11.01,35.9,3.01
2969,-20.74,21.0,37.06,4.9
2970,-9.48,15.66,40.66,7.42
2971,8.32,22.81,38.64,9.14
2972,-49.47,-14.44,37.63,8.91
2973,-27.55,1.54,37.28,7.34
2974,0.95,23.27,38.98,7.86
2975,-9.94,5.35,36.64,6.91
2976,-16.57,9.73,35.31,7.81
2977,-21.09,24.95,37.11,7.23
2978,-15.82,20.18,37.51,9.63
2979,-1.05,15.87,34.39,8.73
2980,-30.55,2.91,31.33,6.29
2981,51.74,9.87,37.22,10.71
2982,-81.43,6.19,39.11,10.38
2983,-42.28,4.04,37.26,10.28
2984,-19.9,19.34,35.84,7.5
2985,-24.7,19.66,36.28,11.67
2986,-24.38,6.91,39.8,10.56
2987,-20.62,19.39,39.75,6.71
2988,7.95,8.39,38.16,7.34
2989,-20.21,9.86,38.12,10.6
2990,7.81,14.94,35.01,8.21
2991,-45.35,21.58,38.48,5.9
2992,-25.28,22.17,34.08,9.67
2993,-24.83,10.5,36.9,5.2
2994,-23.24,-6.3,38.14,6.53
2995,-22.79,12.11,34.74,8.78
2996,-2.05,14.03,35.98,10.34
2997,-26.85,25.87,35.1,9.05
2998,-18.68,-16.53,35.69,10.08
2999,-22.31,-14.74,35.6,11.51
