,ch1,ch2,ch3,ch4
0,-44.48,-488.59,-185.4,17.96
1,10.08,-562.42,-132.78,36.09
2,-4.34,-463.43,-63.23,52.15
3,47.07,-395.87,-132.53,-5.12
4,-18.88,-565.4,-108.85,49.18
5,-44.63,-613.22,-107.23,67.54
6,25.54,-467.38,-154.59,28.16
7,1.17,-413.09,-171.52,8.15
8,-57.3,-517.13,-184.38,26.46
9,-45.45,-507.22,-65.1,63.77
10,16.36,-570.5,-240.6,18.56
11,22.06,-436.75,-70.58,18.3
12,4.6,-419.73,-85.67,31.92
13,-71.61,-625.71,-106.05,55.84
14,-55.79,-536.31,-247.48,-5.72
15,-29.75,-510.38,-42.84,58.96
16,36.21,-351.7,-121.38,11.41
17,87.7,-295.17,-118.01,-1.34
18,-18.22,-473.87,-158.91,46.95
19,-46.83,-567.91,-197.9,45.57
20,-41.58,-552.57,-94.81,29.22
21,-51.16,-557.18,-77.39,64.58
22,33.62,-345.42,-145.8,11.77
23,-8.01,-442.64,-171.68,37.44
24,-30.26,-296.89,-107.52,8.78
25,73.59,-382.84,-130.01,20.2
26,-55.16,-798.35,-105.76,104.48
27,-42.51,-619.32,-184.39,51.16
28,28.7,-408.44,-193.29,-34.55
29,-59.11,-623.66,-149.91,11.95
30,-32.89,-569.13,-181.45,-49.21
31,-2.09,-514.8,-63.63,100.57
32,-17.44,-488.68,-131.14,42.66
33,-34.49,-497.39,-95.76,19.64
34,6.09,-471.96,-168.55,14.67
35,-1.7,-516.73,-202.93,20.93
36,-106.5,-544.49,21.99,64.16
37,-142.85,-351.03,-119.9,22.46
38,203.6,-448.32,-141.97,2.23
39,-56.89,-567.35,-169.29,34.55
40,20.02,-494.2,-184.12,23.37
41,3.93,-404.98,-184.78,25.7
42,-32.79,-628.02,-50.12,71.21
43,-22.34,-488.0,-109.13,32.7
44,24.78,-421.37,-128.51,21.82
45,-49.84,-584.17,-111.56,72.66
46,-33.46,-526.94,-146.19,39.51
47,-25.41,-546.12,-182.99,41.92
48,-29.63,-472.45,-72.08,50.05
49,-139.01,-166.17,-241.21,-43.98
50,143.57,-404.02,-245.23,-3.11
51,-49.49,-825.89,-134.48,85.75
52,7.51,-525.92,-34.09,77.74
53,-10.74,-517.72,-87.28,61.63
54,-20.52,-499.2,-120.15,43.16
55,-31.15,-536.47,-125.57,41.13
56,-30.6,-505.83,-186.51,28.27
57,-0.45,-515.63,-123.72,32.07
58,-22.92,-490.42,-100.78,44.0
59,-1.36,-360.62,-132.55,31.33
60,83.45,-277.02,-154.87,-6.65
61,-45.27,-646.25,-116.45,63.53
62,-31.35,-544.89,-155.85,50.16
63,-51.31,-546.87,-160.44,32.48
64,-35.65,-517.48,-90.33,53.09
65,10.44,-525.29,-126.52,30.87
66,-11.76,-490.78,-123.84,30.81
67,-76.63,-502.75,-140.32,43.29
68,9.02,-432.87,-122.94,32.81
69,20.64,-489.99,-135.63,29.78
70,13.58,-531.77,-121.2,42.51
71,-16.49,-523.06,-136.53,30.56
72,-17.41,-458.4,-133.02,24.88
73,86.78,-207.78,-164.58,-51.02
74,-59.05,-345.7,-438.83,-76.39
75,-58.29,-671.49,-163.94,69.41
76,16.97,-614.11,-41.07,63.77
77,-21.51,-562.9,-7.69,69.79
78,-42.15,-531.9,-99.84,40.86
79,-2.02,-535.3,-109.23,51.78
80,-12.79,-495.05,-117.2,37.49
81,-42.2,-501.2,-126.35,31.49
82,-22.96,-528.69,-121.72,37.78
83,1.71,-505.5,-134.5,22.04
84,2.05,-477.85,-130.67,28.79
85,-10.92,-473.35,-131.37,32.54
86,-19.38,-437.0,-198.15,9.22
87,1.06,-480.12,-129.41,27.45
88,-7.52,-544.1,-71.41,44.27
89,-6.5,-456.93,-152.3,16.08
90,-44.94,-401.78,-130.34,15.54
91,-22.77,-559.3,-190.71,11.46
92,5.91,-430.49,-219.77,-15.97
93,-64.51,-554.42,-54.59,53.97
94,38.46,-493.22,-206.13,8.35
95,-9.69,-513.64,-214.8,-2.06
96,-9.96,-424.94,-20.65,50.42
97,-59.0,-464.36,-85.71,30.71
98,6.57,-553.08,-110.62,28.14
99,-11.86,-567.72,-135.87,41.79
100,4.19,-509.57,-118.67,32.47
101,-32.55,-500.7,-117.93,30.88
102,-20.47,-476.56,-123.64,31.08
103,-28.45,-521.73,-125.89,35.06
104,-29.55,-486.41,-121.6,32.58
105,-68.93,-489.48,-128.54,32.97
106,39.85,-517.94,-130.5,23.07
107,0.16,-504.61,-126.74,27.88
108,-35.87,-456.49,-126.89,24.87
109,-7.06,-443.42,-128.34,15.01
110,-44.8,-521.95,-137.33,12.68
111,66.2,-395.83,-135.59,22.84
112,1.4,-437.97,-131.37,32.33
113,-12.67,-583.88,-128.72,34.2
114,-25.6,-520.88,-121.53,36.76
115,-12.97,-462.26,-123.18,26.86
116,-2.12,-533.0,-129.95,32.12
117,-14.78,-547.87,-131.34,24.85
118,-43.33,-509.39,-126.05,26.85
119,-54.85,-471.89,-117.9,31.59
120,36.84,-517.36,-125.7,20.7
121,-54.76,-510.36,-124.07,27.12
122,7.74,-515.48,-127.9,31.24
123,-14.44,-466.25,-120.22,40.3
124,12.3,-516.0,-124.35,27.49
125,-32.03,-487.59,-122.22,29.02
126,2.73,-430.1,-121.01,28.96
127,4.71,-514.73,-127.78,36.24
128,-6.03,-498.66,-114.9,33.85
129,10.11,-494.33,-112.83,36.29
130,-16.19,-476.53,-113.39,35.14
131,-19.93,-482.35,-118.04,28.09
132,-39.64,-528.92,-116.24,30.84
133,-31.74,-533.49,-117.67,34.03
134,5.19,-516.52,-112.29,26.64
135,-19.62,-547.01,-105.47,32.51
136,-5.24,-533.83,-105.75,26.9
137,-43.31,-451.88,-104.6,41.19
138,7.3,-399.08,-102.73,43.99
139,28.97,-391.98,-107.11,35.37
140,-13.94,-501.22,-99.69,55.69
141,-77.01,-483.97,-106.52,46.46
142,-15.38,-490.15,-97.94,41.02
143,-97.08,-502.15,-94.45,53.83
144,70.27,-492.32,-109.63,55.39
145,6.25,-465.8,-99.35,48.26
146,7.22,-501.27,-105.25,43.39
147,-34.47,-486.17,-105.5,47.61
148,14.82,-499.6,-107.84,41.93
149,-34.18,-515.86,-111.26,35.23
150,0.28,-484.42,-106.13,37.9
151,-2.23,-436.71,-105.17,57.3
152,-39.36,-470.75,-102.07,49.88
153,-70.72,-562.39,-99.84,46.88
154,-10.97,-553.77,-102.81,43.67
155,-12.11,-549.12,-111.39,34.16
156,25.22,-513.3,-105.8,48.21
157,-52.3,-515.22,-112.07,47.28
158,16.68,-361.62,-114.69,53.65
159,21.48,-460.79,-97.42,60.55
160,-3.54,-480.67,-99.57,54.3
161,3.62,-463.29,-104.95,55.72
162,-34.88,-541.51,-98.97,52.28
163,28.41,-366.79,-99.02,48.8
164,-121.87,-583.28,-108.33,34.88
165,54.92,-605.05,-105.21,35.99
166,42.77,-418.33,-105.51,42.6
167,29.48,-544.09,-105.75,39.18
168,-6.08,-460.97,-100.21,37.52
169,-16.0,-389.3,-101.31,35.67
170,-50.68,-476.9,-97.65,35.42
171,5.54,-514.22,-102.25,31.06
172,2.61,-361.83,-101.38,28.44
173,5.28,-370.32,-99.47,24.48
174,-40.22,-671.11,-108.09,27.01
175,28.61,-234.2,-97.29,44.52
176,-165.25,-410.33,-83.59,45.82
177,54.52,-534.64,-89.45,40.44
178,14.04,-376.56,-106.45,25.38
179,-3.32,-394.71,-85.62,49.06
180,-113.31,-515.15,-81.73,51.92
181,30.3,-673.03,-88.15,31.46
182,-75.69,-533.42,-95.76,23.85
183,18.18,-381.26,-85.97,41.68
184,14.36,-368.19,-88.23,33.11
185,-84.42,-371.32,-77.98,47.34
186,-40.7,-400.54,-86.58,44.27
187,40.81,-373.09,-99.31,34.51
188,-18.38,-644.43,-99.32,24.9
189,-129.43,-496.29,-94.11,37.85
190,81.36,-253.77,-68.29,72.82
191,-58.15,-616.23,-79.01,41.28
192,-91.12,-518.45,-72.89,56.18
193,72.48,-393.56,-91.24,36.11
194,10.79,-324.09,-105.03,29.06
195,-53.48,-489.98,-86.7,67.33
196,-53.09,-565.18,-82.96,64.01
197,1.78,-565.26,-97.87,62.74
198,-92.63,-578.78,-90.43,49.0
199,123.78,-118.0,-95.64,70.34
200,23.97,-549.09,-67.0,102.77
201,4.69,-419.47,-78.95,77.8
202,-15.96,-519.35,-106.7,52.43
203,-21.63,-735.89,-88.13,91.54
204,23.77,-527.77,-102.04,84.35
205,9.56,-541.94,-84.95,99.56
206,-29.77,-434.73,-97.3,63.51
207,38.71,-403.41,-90.24,77.04
208,-37.09,-641.55,-103.11,77.58
209,-45.25,-652.09,-102.3,65.86
210,-113.66,-307.34,-94.55,76.61
211,137.85,-563.25,-88.91,86.47
212,27.72,-603.25,-98.85,66.52
213,-34.09,-544.46,-84.09,80.29
214,130.05,-82.21,-90.14,70.82
215,-64.32,-732.32,-87.1,86.55
216,-46.6,-523.75,-107.65,47.7
217,31.19,-377.3,-96.83,56.75
218,30.39,-528.01,-79.42,86.63
219,-19.25,-464.82,-92.49,57.63
220,-75.34,-448.28,-95.81,61.56
221,-27.44,-533.93,-90.01,73.89
222,-79.38,-669.21,-110.73,33.76
223,33.11,-372.93,-95.75,49.87
224,-65.74,-540.97,-106.0,29.32
225,-2.95,-302.29,-96.49,47.22
226,29.56,-322.57,-94.31,29.98
227,-84.47,-359.97,-106.51,7.91
228,-79.61,-438.99,-102.24,13.65
229,-36.5,-470.46,-106.38,42.91
230,21.52,-432.12,-97.26,60.66
231,7.21,-382.97,-140.83,-10.83
232,-35.59,-566.27,-98.24,77.82
233,-33.82,-467.96,-111.21,41.89
234,-1.2,-613.67,-102.79,56.89
235,-24.99,-580.34,-111.57,44.36
236,-8.44,-324.02,-113.67,56.72
237,-17.09,-257.68,-123.83,50.79
238,-97.2,-706.93,-127.27,58.72
239,-18.06,-578.68,-133.74,49.87
240,39.29,-254.84,-128.72,72.93
241,-41.5,-384.1,-126.56,68.83
242,-20.3,-497.38,-135.72,59.85
243,-49.73,-413.65,-143.83,34.65
244,39.14,-402.82,-107.79,80.05
245,20.16,-490.72,-113.17,83.55
246,-94.59,-644.95,-116.32,86.63
247,32.05,-406.46,-151.35,49.39
248,31.32,-441.89,-123.82,109.09
249,4.03,-146.04,-143.64,73.82
250,-19.98,-790.65,-127.01,105.16
251,-43.11,-369.99,-139.17,80.22
252,-30.64,-628.29,-128.35,106.15
253,80.88,-569.19,-141.23,85.17
254,-54.54,-544.37,-119.22,101.61
255,18.5,-612.33,-133.71,84.93
256,-30.11,-550.56,-137.11,82.06
257,23.89,-346.33,-135.78,72.37
258,-39.38,-393.87,-134.92,77.97
259,18.13,-577.46,-120.07,86.22
260,21.16,-466.81,-122.27,91.29
261,-16.35,-702.5,-128.21,75.49
262,-26.1,-497.52,-129.76,76.02
263,-52.06,-586.01,-128.42,74.01
264,31.56,-48.27,-139.36,57.16
265,3.01,-490.68,-137.19,66.49
266,-92.41,-597.14,-120.35,74.23
267,45.12,-482.49,-140.41,38.64
268,-48.43,-473.98,-139.83,52.71
269,32.95,-436.38,-126.43,64.87
270,-107.06,-601.97,-132.25,25.0
271,46.59,-131.58,-133.58,21.09
272,-41.82,-741.36,-126.6,49.59
273,-115.55,-542.95,-116.27,59.53
274,59.07,-372.84,-143.52,27.94
275,15.15,-643.75,-126.03,70.62
276,13.66,-586.16,-139.34,45.21
277,-90.08,-482.08,-140.37,42.6
278,-27.49,-502.53,-125.93,76.15
279,-76.83,-596.19,-139.53,36.21
280,65.29,-333.49,-133.1,62.71
281,-86.59,-661.8,-159.39,14.8
282,4.32,-422.3,-143.58,52.79
283,78.47,-176.29,-144.69,61.26
284,-22.2,-593.84,-132.22,71.33
285,11.84,-461.78,-137.22,63.18
286,-37.71,-532.45,-122.01,88.85
287,-160.19,-864.74,-150.13,35.63
288,100.47,-141.92,-158.08,40.71
289,-72.1,-497.31,-136.0,75.38
290,-15.72,-674.71,-134.51,66.55
291,72.66,-356.08,-143.32,67.23
292,-28.91,-228.14,-140.06,84.87
293,3.52,-634.74,-147.15,68.3
294,54.02,-403.01,-140.74,91.26
295,10.47,-683.34,-154.59,65.41
296,41.61,-284.63,-127.26,93.89
297,-58.52,-401.5,-174.36,30.85
298,14.73,-529.56,-118.18,113.03
299,22.85,-277.09,-148.55,66.71
300,-63.92,-583.22,-158.68,45.82
301,45.41,-685.06,-128.82,85.39
302,-7.24,-380.09,-140.5,67.52
303,-106.23,-563.68,-147.82,45.49
304,16.12,-300.52,-149.69,64.38
305,-16.77,-455.46,-126.21,82.06
306,45.74,-518.68,-135.89,63.6
307,-89.18,-588.32,-150.74,41.19
308,100.51,-355.3,-134.21,62.7
309,106.41,-225.85,-141.52,47.49
310,-148.55,-932.07,-160.83,31.54
311,-95.76,-204.37,-138.42,69.42
312,144.69,-520.03,-140.56,79.01
313,-123.9,-668.27,-147.72,38.22
314,-62.73,-466.92,-146.83,37.34
315,45.17,-412.69,-146.8,66.45
316,-4.27,-503.03,-133.51,71.68
317,-107.57,-873.06,-161.42,44.06
318,17.24,-388.06,-128.02,90.4
319,-19.7,-480.53,-131.85,71.72
320,79.25,-245.93,-139.06,52.6
321,-24.7,-509.96,-145.04,67.08
322,7.95,-685.25,-138.57,63.62
323,-74.05,-457.51,-166.55,22.23
324,11.88,-476.37,-131.29,94.22
325,-11.03,-658.2,-131.75,73.04
326,-165.51,-490.67,-147.63,46.7
327,121.02,-424.85,-153.9,54.45
328,38.09,-243.71,-148.96,57.02
329,15.6,-772.81,-150.8,54.74
330,-17.57,-103.06,-150.68,50.54
331,-19.29,-805.59,-113.62,105.45
332,-70.31,-428.73,-137.53,53.83
333,-61.32,-584.11,-132.08,55.74
334,-14.2,-747.44,-137.94,52.23
335,-9.64,-241.92,-129.5,48.25
336,-7.65,-549.26,-127.09,56.31
337,17.59,-417.85,-143.9,55.69
338,-84.99,-222.14,-141.87,44.17
339,-36.59,-794.19,-142.36,71.25
340,12.7,-596.87,-160.37,35.55
341,54.13,-252.51,-122.1,85.23
342,37.8,-668.42,-150.17,55.1
343,-25.25,-428.07,-141.92,64.66
344,-47.93,-611.44,-136.76,74.96
345,-59.2,-530.7,-127.78,64.86
346,-65.68,-785.59,-166.75,33.27
347,81.56,-519.11,-149.49,60.28
348,-27.36,-946.22,-121.63,107.33
349,-6.09,-627.01,-137.22,63.99
350,-24.29,-480.08,-138.03,68.54
351,-134.52,-640.24,-133.32,68.49
352,-24.69,-570.81,-142.01,59.33
353,52.54,-429.86,-135.5,74.83
354,66.5,-325.25,-131.46,70.84
355,-96.04,-386.95,-133.2,61.64
356,90.92,-473.5,-139.41,55.88
357,-65.32,-664.6,-130.35,65.95
358,-28.36,-490.87,-148.31,54.21
359,-80.22,-541.64,-122.91,84.29
360,48.66,-442.53,-136.04,62.05
361,-213.11,-312.9,-158.62,19.55
362,170.29,-540.74,-118.55,102.88
363,66.48,-513.69,-130.76,61.39
364,-87.98,-256.57,-144.17,38.27
365,58.59,-645.85,-145.6,66.16
366,-50.18,-633.85,-118.0,90.72
367,-72.84,-712.07,-143.72,40.34
368,30.71,-370.84,-135.55,61.36
369,-18.46,-417.77,-126.24,74.1
370,-41.58,-464.91,-137.09,56.44
371,16.17,-528.38,-126.59,66.36
372,-22.95,-354.72,-164.22,28.41
373,49.12,-553.87,-111.32,104.95
374,-36.56,-375.8,-137.79,52.22
375,20.32,-628.91,-139.98,53.7
376,-107.43,-503.47,-142.75,46.12
377,54.23,-369.98,-121.78,91.37
378,-14.78,-401.49,-151.38,34.02
379,-62.69,-802.75,-134.9,65.87
380,44.84,-334.33,-120.46,80.66
381,54.68,-437.35,-156.04,24.26
382,-44.76,-139.23,-110.0,90.28
383,-1.79,-675.01,-119.35,71.28
384,-156.22,-717.09,-140.43,44.9
385,69.85,-424.83,-130.01,69.58
386,-54.3,-493.01,-115.12,79.37
387,61.9,-209.61,-129.46,58.97
388,3.79,-277.04,-154.94,27.82
389,-88.67,-935.13,-123.41,81.21
390,60.54,-336.28,-125.02,83.17
391,71.13,-237.19,-138.35,40.62
392,-181.23,-655.85,-141.28,44.06
393,-56.06,-69.43,-147.46,27.54
394,137.53,-574.34,-118.91,87.55
395,24.09,-566.64,-119.52,80.72
396,-195.29,-758.1,-129.69,49.76
397,62.17,-516.2,-124.95,68.52
398,5.98,-536.86,-131.82,54.48
399,50.37,-230.44,-134.8,39.81
400,-34.42,-706.77,-111.05,82.86
401,-36.32,-455.41,-130.33,47.09
402,43.27,-344.46,-162.3,-2.57
403,-118.66,-562.41,-88.16,132.34
404,11.49,-570.03,-134.34,49.47
405,-93.69,-377.51,-165.17,14.37
406,86.44,-517.63,-115.51,95.42
407,-83.52,-616.49,-114.57,71.25
408,60.65,-223.75,-158.17,19.75
409,-25.87,-624.47,-110.73,89.41
410,-98.38,-414.93,-143.5,25.64
411,65.82,-272.54,-104.26,78.52
412,-46.41,-682.6,-117.73,71.92
413,-22.68,-572.68,-170.17,-26.73
414,29.47,-247.18,-96.08,109.67
415,12.77,-652.0,-108.56,92.9
416,-36.73,-474.96,-126.04,39.22
417,-27.48,-217.03,-144.86,20.74
418,26.94,-702.94,-116.83,97.86
419,-13.0,-632.99,-134.33,40.94
420,12.44,-556.77,-128.43,42.92
421,4.13,-436.07,-112.17,78.61
422,-78.75,-493.97,-123.46,56.08
423,10.25,-549.56,-139.04,31.4
424,-85.72,-555.36,-136.18,40.71
425,155.23,-283.62,-108.16,96.55
426,-13.8,-363.6,-134.28,38.27
427,17.82,-545.58,-156.13,19.84
428,-172.93,-522.98,-96.75,97.26
429,44.18,-647.51,-113.3,73.04
430,59.93,-613.4,-122.15,59.91
431,-40.78,-461.64,-131.46,46.2
432,-68.87,-631.2,-138.19,38.08
433,73.57,-232.1,-106.43,84.68
434,-8.82,-524.52,-134.66,41.41
435,31.62,-311.08,-134.11,45.22
436,-22.56,-712.83,-122.65,69.21
437,-121.74,-515.87,-150.58,22.83
438,48.77,-524.2,-122.46,70.34
439,38.1,-505.49,-120.74,65.52
440,-2.1,-482.65,-125.08,57.76
441,-116.4,-580.31,-135.41,49.23
442,81.03,-307.02,-147.76,38.82
443,40.89,-300.91,-128.89,66.58
444,-48.42,-749.27,-116.71,68.52
445,-9.54,-562.28,-129.32,57.83
446,-25.22,-483.45,-154.21,13.93
447,4.97,-184.2,-120.99,80.5
448,86.56,-528.95,-122.52,71.34
449,15.03,-562.31,-153.33,29.06
450,-17.71,-412.56,-109.5,101.41
451,-55.88,-587.59,-140.27,46.69
452,-38.91,-597.6,-134.64,57.16
453,6.83,-538.01,-125.88,71.93
454,-1.6,-292.13,-149.87,29.46
455,99.1,-332.18,-126.6,68.14
456,-194.82,-508.93,-164.9,20.22
457,-33.23,-382.5,-127.21,52.76
458,135.12,-553.74,-109.02,113.08
459,-123.39,-751.62,-150.66,34.35
460,-42.09,-549.39,-124.17,69.11
461,-4.76,-320.38,-124.7,60.34
462,-46.04,-586.45,-132.25,57.47
463,125.37,-431.24,-113.36,78.99
464,-133.39,-451.99,-143.44,32.17
465,-97.57,-286.0,-150.24,24.69
466,143.23,-626.76,-94.11,116.18
467,39.66,-590.39,-137.61,43.91
468,-21.25,-441.8,-131.91,45.98
469,-97.25,-577.0,-140.81,40.26
470,38.07,-252.23,-114.79,72.79
471,27.77,-524.19,-143.69,38.64
472,-17.87,-425.92,-124.91,80.53
473,10.14,-451.87,-127.24,52.47
474,-273.46,-824.47,-111.16,84.62
475,-14.07,-136.13,-145.86,36.05
476,106.27,-413.76,-99.34,97.08
477,-394.14,-877.85,-149.68,17.74
478,170.2,-185.34,-121.01,84.66
479,25.66,-544.22,-132.76,42.52
480,130.98,-421.88,-130.77,42.34
481,-129.97,-670.35,-123.9,62.28
482,59.01,-381.74,-126.61,55.53
483,3.02,-638.85,-113.52,65.21
484,-15.8,-385.13,-119.84,49.72
485,-39.12,-601.02,-125.79,17.29
486,57.45,-370.41,-143.07,25.68
487,-4.39,-504.83,-99.94,81.24
488,-73.22,-527.6,-128.15,40.88
489,-54.05,-310.32,-138.56,19.01
490,20.34,-610.47,-120.06,64.19
491,-134.23,-363.18,-131.45,24.88
492,29.52,-786.47,-141.42,26.01
493,-90.31,-479.24,-128.18,56.37
494,136.67,-169.31,-138.23,33.0
495,-14.77,-536.95,-110.58,64.59
496,-19.17,-565.54,-146.1,13.82
497,12.94,-270.29,-125.32,45.51
498,-11.37,-531.06,-138.91,40.75
499,13.32,-700.92,-131.13,47.3
500,5.1,-521.59,-129.04,44.84
501,-90.56,-428.63,-134.37,29.53
502,-1.96,-410.33,-118.82,58.93
503,27.12,-555.03,-164.69,3.6
504,7.15,-548.41,-108.9,77.11
505,-31.24,-593.18,-116.99,62.67
506,-83.26,-391.19,-129.39,43.48
507,28.37,-477.46,-130.64,50.37
508,13.98,-598.51,-142.82,38.32
509,-65.38,-492.36,-138.31,23.94
510,117.22,-267.24,-116.31,61.93
511,-116.97,-704.81,-129.51,36.46
512,77.64,-304.22,-139.57,22.23
513,-0.63,-344.88,-118.1,56.52
514,-88.61,-782.78,-130.43,51.6
515,-44.04,-614.53,-148.48,7.17
516,51.19,-308.67,-122.83,61.89
517,-7.48,-508.75,-109.48,73.13
518,-89.52,-550.63,-121.8,56.85
519,70.56,-284.69,-143.46,21.38
520,-3.74,-700.42,-116.0,68.21
521,4.76,-502.94,-109.05,58.96
522,-44.39,-453.4,-126.56,44.1
523,25.06,-369.4,-132.75,25.84
524,-77.76,-587.41,-132.52,31.59
525,62.48,-493.82,-105.53,91.13
526,-20.05,-534.01,-113.53,48.37
527,1.87,-621.81,-134.23,31.24
528,28.47,-300.07,-108.45,55.01
529,-89.93,-326.95,-128.59,25.72
530,119.41,-214.4,-133.71,26.97
531,-11.89,-918.19,-106.53,68.72
532,8.15,-412.93,-129.53,33.91
533,-120.78,-626.05,-128.18,46.43
534,59.4,-218.45,-120.17,46.14
535,-69.44,-701.24,-101.11,81.86
536,-26.87,-486.16,-139.49,22.94
537,7.63,-226.3,-137.41,32.93
538,15.41,-672.36,-99.98,95.11
539,44.9,-437.28,-131.08,38.6
540,10.12,-430.33,-124.98,39.9
541,-30.59,-617.28,-114.06,65.64
542,-36.59,-459.85,-123.61,36.69
543,-86.11,-168.47,-128.83,30.42
544,73.2,-766.13,-114.21,60.91
545,-43.5,-620.88,-140.89,22.13
546,82.62,-219.41,-120.35,48.06
547,26.54,-210.76,-141.92,11.24
548,37.53,-440.74,-130.22,39.73
549,-97.28,-807.57,-121.37,62.55
550,-47.67,-490.17,-125.7,54.5
551,111.9,2.57,-107.21,63.51
552,-8.88,-340.03,-143.06,5.16
553,-22.57,-811.12,-125.48,53.26
554,72.74,-340.41,-130.64,26.47
555,120.74,5.89,-150.52,9.24
556,-150.08,-926.62,-92.49,103.33
557,-72.84,-752.65,-107.42,64.28
558,-14.65,-458.03,-101.75,64.95
559,0.03,-332.08,-155.65,-16.92
560,5.89,-367.68,-110.06,80.56
561,7.77,-775.6,-125.1,53.51
562,-83.07,-430.18,-104.69,67.13
563,-70.46,-363.9,-125.5,43.92
564,32.08,-389.03,-130.4,29.21
565,-1.07,-669.65,-136.02,38.99
566,-164.33,-529.38,-123.21,51.47
567,160.34,-378.69,-125.32,41.84
568,-23.03,-501.5,-123.11,46.28
569,-33.15,-652.82,-113.51,77.67
570,-51.24,-675.53,-132.11,37.67
571,-12.24,-223.71,-119.02,50.77
572,26.86,-627.33,-102.82,85.04
573,10.83,-370.27,-133.68,27.82
574,-8.73,-326.36,-129.21,45.9
575,-73.03,-652.99,-104.76,84.37
576,-24.29,-830.09,-137.02,25.28
577,8.02,-124.21,-133.55,50.13
578,57.97,-583.65,-97.86,89.06
579,22.77,-466.9,-112.02,60.99
580,-74.65,-687.27,-121.17,56.61
581,-8.45,-368.05,-112.06,59.2
582,-130.94,-456.28,-142.89,16.31
583,21.81,-505.63,-124.02,59.25
584,48.23,-644.55,-110.6,74.66
585,6.89,-272.11,-127.09,33.64
586,-42.43,-831.47,-118.41,47.53
587,-27.54,-306.78,-114.79,56.49
588,40.46,-397.39,-120.62,42.17
589,-68.87,-679.84,-106.13,64.35
590,-68.16,-554.99,-117.34,49.28
591,126.35,-416.46,-131.64,48.83
592,-96.55,-674.82,-121.66,49.4
593,-2.67,-490.45,-121.74,47.8
594,-26.54,-461.99,-149.26,12.64
595,-17.92,-412.62,-126.78,51.24
596,-12.81,-501.03,-120.6,48.47
597,-4.18,-389.23,-116.62,47.77
598,26.09,-525.1,-133.02,47.57
599,-70.37,-632.24,-126.24,50.18
600,-4.67,-512.4,-151.38,10.85
601,-233.05,-343.06,-104.75,87.28
602,178.06,-516.67,-148.96,33.95
603,-5.42,-591.19,-111.99,73.98
604,3.24,-583.06,-133.01,45.81
605,-17.52,-450.35,-136.97,12.2
606,0.73,-520.85,-118.3,45.1
607,-27.74,-514.24,-113.28,73.41
608,-13.9,-497.8,-119.34,64.5
609,2.95,-611.49,-136.29,27.37
610,-36.71,-275.46,-109.04,52.36
611,-12.89,-552.38,-108.73,61.65
612,-14.78,-478.6,-124.79,46.75
613,-35.15,-348.48,-113.06,60.64
614,-53.85,-700.8,-115.53,57.11
615,23.21,-465.69,-128.63,37.9
616,39.1,-588.68,-122.0,51.36
617,-9.7,-433.21,-116.28,53.42
618,-20.25,-400.08,-108.38,66.83
619,-11.2,-403.69,-122.15,52.02
620,-20.22,-666.67,-120.49,57.75
621,69.33,-390.52,-109.57,58.33
622,-35.69,-623.37,-113.43,70.84
623,-53.4,-602.97,-111.56,56.87
624,-9.57,-478.25,-113.86,59.05
625,-103.83,-572.35,-127.95,31.99
626,61.79,-207.15,-125.91,26.66
627,38.79,-557.8,-97.79,94.45
628,-13.13,-180.77,-99.02,72.49
629,14.93,-775.08,-126.71,47.7
630,-76.59,-393.07,-140.21,13.15
631,53.1,-609.2,-92.26,96.32
632,-0.47,-558.49,-106.98,62.12
633,-32.45,-528.37,-112.18,49.55
634,-35.39,-207.62,-144.96,-2.77
635,73.63,-403.29,-132.57,42.42
636,-24.73,-683.73,-90.54,103.68
637,-13.78,-588.88,-110.74,62.48
638,-29.37,-396.14,-119.61,29.63
639,37.01,-395.38,-120.75,45.74
640,-23.76,-430.63,-111.14,49.8
641,-85.62,-643.05,-122.0,37.37
642,2.68,-403.83,-117.26,52.78
643,8.87,-639.29,-90.2,84.9
644,30.95,-456.61,-110.86,46.21
645,-80.7,-437.94,-123.9,39.15
646,52.37,-607.79,-118.31,45.48
647,-9.66,-424.79,-105.57,60.55
648,-109.89,-526.39,-96.89,67.1
649,14.28,-206.23,-139.67,-3.8
650,131.72,-464.27,-115.1,50.93
651,-87.73,-633.46,-84.05,99.28
652,17.67,-517.4,-111.52,50.52
653,-73.01,-396.03,-127.25,7.06
654,-46.51,-438.88,-106.47,68.39
655,50.17,-538.18,-116.38,41.16
656,-44.29,-646.21,-112.51,49.29
657,-55.57,-608.67,-102.47,84.05
658,-14.19,-518.94,-116.43,47.37
659,70.26,-238.53,-114.69,45.83
660,-28.83,-607.81,-110.82,54.33
661,19.89,-479.0,-114.42,45.4
662,94.09,-278.36,-135.42,24.93
663,-138.0,-618.31,-103.95,66.64
664,-42.34,-541.51,-129.11,24.47
665,-14.5,-560.92,-111.51,66.75
666,-54.17,-656.08,-127.53,18.14
667,-22.71,35.56,-93.03,73.18
668,64.65,-671.71,-118.27,50.43
669,20.23,-215.51,-121.52,31.56
670,-35.1,-756.61,-89.62,78.27
671,-173.02,-606.66,-101.64,54.05
672,9.94,-660.89,-126.91,25.16
673,26.91,-139.5,-119.74,45.35
674,40.73,-461.62,-108.35,54.25
675,-11.89,-527.41,-119.08,40.55
676,-58.86,-386.43,-122.56,15.16
677,-12.55,-474.38,-129.49,26.12
678,1.14,-486.88,-93.12,80.96
679,30.69,-418.73,-120.69,15.06
680,-42.21,-360.61,-111.19,43.96
681,-50.73,-495.1,-111.39,60.45
682,45.0,-576.87,-105.97,46.74
683,-54.03,-508.26,-126.19,24.54
684,11.85,-441.04,-125.42,35.48
685,15.15,-443.17,-103.86,75.67
686,-17.17,-569.18,-103.36,60.55
687,-45.77,-411.86,-114.77,33.41
688,31.97,-296.73,-116.63,39.56
689,-21.2,-547.3,-104.92,68.91
690,-35.45,-592.79,-113.58,43.44
691,66.27,-449.62,-123.96,28.17
692,-50.55,-593.17,-115.14,45.46
693,-27.57,-261.23,-128.72,15.69
694,8.36,-488.03,-95.62,94.83
695,27.25,-531.09,-120.39,53.67
696,-68.85,-468.54,-142.17,-0.2
697,18.33,-463.81,-103.77,64.24
698,-98.71,-424.28,-97.75,61.04
699,28.57,-581.55,-114.64,40.95
700,35.63,-536.18,-104.88,62.28
701,-45.59,-639.49,-121.56,33.86
702,-17.01,-93.97,-120.76,32.34
703,26.61,-672.8,-93.51,71.53
704,23.59,-554.53,-118.69,46.77
705,8.61,-374.1,-113.91,42.37
706,-2.5,-455.21,-113.44,45.9
707,-62.13,-610.53,-117.62,48.64
708,-25.02,-554.01,-122.36,37.16
709,29.32,-445.28,-106.07,56.26
710,-36.06,-605.56,-94.52,73.13
711,-4.07,-415.7,-117.12,39.88
712,41.25,-436.08,-115.76,46.64
713,-10.15,-313.34,-107.71,43.95
714,16.45,-659.28,-113.53,46.43
715,-37.23,-490.85,-122.47,25.45
716,-42.95,-501.73,-101.85,56.45
717,-53.31,-505.3,-133.01,19.68
718,-47.51,-442.12,-98.81,65.4
719,83.61,-291.89,-119.01,27.33
720,-64.5,-650.96,-110.02,31.13
721,-55.83,-548.21,-99.27,57.71
722,50.43,-257.56,-96.81,60.64
723,-30.95,-560.36,-99.86,39.31
724,68.62,-52.04,-138.14,-20.52
725,-56.47,-861.96,-78.82,80.48
726,-6.44,-543.62,-112.57,27.58
727,-79.87,-326.18,-120.38,4.63
728,-17.67,-553.92,-96.96,54.57
729,-6.08,-528.81,-97.5,40.51
730,-0.02,-490.93,-110.33,29.53
731,9.18,-327.63,-100.34,46.71
732,1.36,-537.66,-103.78,44.66
733,-17.96,-299.46,-125.1,-2.2
734,3.38,-626.31,-111.89,42.62
735,-35.48,-616.7,-90.95,73.38
736,-135.49,-593.45,-115.66,21.51
737,169.33,61.99,-117.02,15.76
738,-5.14,-764.4,-96.91,71.45
739,-87.84,-529.78,-94.94,37.94
740,-161.43,-363.34,-108.78,27.28
741,61.33,-611.68,-108.95,46.66
742,-20.76,-489.9,-106.24,46.57
743,-71.3,-573.72,-93.14,52.38
744,54.19,-403.63,-113.5,29.76
745,-27.93,-590.31,-108.53,46.34
746,-103.83,-442.45,-110.72,39.58
747,-18.12,-435.05,-108.25,56.67
748,0.29,-281.69,-121.63,42.81
749,92.35,-575.23,-115.99,55.17
750,-88.39,-539.05,-118.47,52.3
751,69.0,-517.31,-119.24,46.85
752,-27.85,-275.22,-126.29,23.57
753,2.11,-716.03,-100.26,84.06
754,-94.23,-301.31,-114.24,49.35
755,92.52,-566.07,-108.69,60.86
756,-59.58,-711.77,-128.42,27.35
757,64.92,-307.1,-112.69,61.37
758,-11.84,-341.96,-97.23,65.07
759,-65.11,-415.03,-125.43,20.61
760,38.09,-462.7,-100.67,73.05
761,-33.34,-657.74,-107.35,48.38
762,-168.2,-667.07,-121.42,31.35
763,63.89,-246.93,-108.88,38.98
764,25.4,-501.12,-104.14,58.48
765,-23.01,-596.68,-113.64,36.78
766,-121.99,-241.93,-102.48,51.49
767,56.05,-796.43,-103.22,52.16
768,8.18,-375.61,-102.17,45.86
769,-17.26,-351.09,-117.62,36.76
770,-37.83,-802.06,-122.0,35.56
771,51.23,-225.13,-105.37,57.81
772,14.16,-463.34,-111.97,43.8
773,-25.23,-469.16,-135.65,24.86
774,-82.89,-551.71,-94.86,78.2
775,-31.65,-502.58,-107.9,43.09
776,-7.09,-405.41,-136.06,11.95
777,-45.54,-504.12,-92.33,85.78
778,-15.26,-542.06,-106.78,49.38
779,-28.83,-659.93,-110.7,34.55
780,-6.6,-259.59,-108.05,61.06
781,29.64,-528.69,-119.97,41.75
782,-25.3,-440.13,-118.03,46.3
783,24.06,-484.97,-111.51,39.31
784,-77.54,-734.49,-112.83,38.35
785,2.61,-495.78,-108.8,41.21
786,52.51,-337.89,-117.29,39.07
787,-68.0,-550.45,-104.92,54.97
788,-4.22,-584.62,-121.94,34.04
789,23.73,-253.22,-125.14,17.7
790,-32.74,-440.48,-125.77,34.5
791,-51.18,-632.21,-98.45,76.79
792,-41.7,-598.06,-121.08,42.59
793,5.63,-444.46,-110.21,63.95
794,20.61,-650.54,-121.37,42.51
795,-35.37,-283.42,-108.75,46.94
796,-63.5,-430.88,-124.63,25.2
797,-9.08,-464.59,-119.19,50.71
798,44.13,-404.48,-123.28,27.68
799,-10.43,-714.12,-106.55,75.17
800,-22.79,-542.24,-130.55,17.27
801,-49.98,-305.38,-102.79,61.5
802,64.11,-539.55,-116.55,41.23
803,-102.28,-418.64,-114.04,40.77
804,-66.7,-486.18,-108.59,53.41
805,-64.16,-506.07,-127.43,27.66
806,82.35,-512.8,-103.89,69.75
807,17.61,-549.5,-106.88,42.53
808,-16.32,-552.57,-110.12,45.99
809,-9.9,-512.65,-115.58,26.56
810,-14.94,-444.83,-111.64,35.9
811,43.9,-386.25,-120.85,28.33
812,-91.38,-308.1,-110.3,29.9
813,42.99,-601.03,-126.87,29.86
814,-4.15,-295.43,-107.56,40.85
815,-30.13,-589.51,-110.93,41.48
816,-37.57,-673.63,-117.18,33.39
817,-34.16,-405.68,-93.81,53.08
818,2.86,-507.2,-110.99,45.31
819,-1.8,-501.73,-111.81,39.36
820,-149.86,-486.33,-116.97,35.21
821,-97.98,-511.43,-115.05,20.35
822,168.86,-154.26,-161.31,-32.77
823,36.59,-320.36,-84.74,80.35
824,2.6,-698.5,-105.2,62.49
825,-129.11,-732.25,-114.65,36.21
826,89.35,-186.58,-110.27,27.77
827,-7.4,-570.26,-95.58,65.69
828,-5.08,-577.75,-100.15,44.76
829,-13.29,-532.44,-104.38,37.15
830,-40.01,-501.17,-108.92,31.22
831,-175.75,-463.52,-106.57,42.31
832,107.54,-551.24,-125.7,16.0
833,36.67,-263.6,-117.07,37.24
834,86.95,-252.06,-115.06,42.5
835,-46.26,-627.74,-114.51,30.37
836,-50.79,-689.23,-107.12,49.13
837,-3.14,-475.33,-107.0,58.42
838,-2.57,-427.67,-105.29,61.27
839,-237.34,-566.52,-107.8,37.56
840,149.59,-209.55,-145.16,-7.66
841,79.38,-498.49,-77.81,83.35
842,-35.44,-597.36,-102.78,39.16
843,40.65,-317.84,-104.48,47.04
844,-28.9,-513.91,-111.14,29.96
845,-61.98,-590.54,-77.81,75.43
846,-50.21,-474.04,-97.45,37.96
847,-58.82,-554.78,-116.03,5.97
848,38.96,-389.03,-103.55,38.16
849,-7.86,-449.37,-121.05,17.56
850,8.51,-563.87,-97.16,38.97
851,-62.46,-259.43,-98.88,43.37
852,-39.08,-578.94,-98.25,32.3
853,-89.55,-560.86,-109.85,22.7
854,-93.8,-721.99,-139.8,-28.88
855,139.32,-135.49,-74.28,82.94
856,50.89,-357.96,-83.56,44.04
857,-80.37,-558.84,-117.34,-12.62
858,-191.2,10.31,-122.9,10.4
859,173.45,-809.88,-75.63,92.35
860,15.59,-649.55,-98.78,50.37
861,-51.06,-517.89,-115.17,2.94
862,71.27,-183.2,-121.02,-1.33
863,-22.54,-621.01,-90.57,77.84
864,-83.25,-614.39,-98.49,51.99
865,-142.48,-466.93,-97.8,42.51
866,74.07,-540.85,-115.13,29.18
867,21.98,-507.06,-105.68,39.39
868,-27.89,-485.61,-119.64,23.49
869,11.08,-364.77,-140.71,-15.94
870,1.72,-349.22,-68.85,82.74
871,-66.88,-332.08,-107.5,34.63
872,-169.03,-567.6,-100.15,41.34
873,112.27,-610.36,-105.5,39.01
874,-118.45,-536.58,-102.37,46.76
875,148.68,-518.83,-107.63,51.05
876,-75.97,-455.58,-112.81,30.5
877,23.51,-572.25,-91.25,46.31
878,-98.99,-627.48,-127.23,1.03
879,37.58,-73.49,-103.07,43.55
880,77.23,-488.84,-99.14,58.51
881,-51.13,-590.6,-111.25,38.56
882,7.97,-563.51,-105.04,53.85
883,-9.49,-647.58,-120.51,24.54
884,29.34,-330.09,-98.18,57.99
885,-62.54,-541.45,-98.7,53.26
886,10.99,-699.77,-131.63,9.25
887,-40.68,-17.37,-116.19,28.86
888,49.46,-408.55,-84.32,89.68
889,-75.85,-697.56,-95.44,50.17
890,10.41,-482.52,-109.9,37.65
891,14.27,-573.18,-109.18,44.28
892,13.33,-524.34,-99.5,56.86
893,-46.1,-408.84,-114.74,29.71
894,-138.97,-447.16,-116.55,20.87
895,52.31,-539.91,-96.94,54.79
896,-121.6,-400.87,-108.83,28.56
897,101.21,-561.13,-130.1,15.4
898,70.98,-199.96,-111.25,30.35
899,-46.16,-669.09,-88.41,79.48
900,0.64,-568.59,-101.67,52.69
901,-11.76,-553.34,-102.56,48.04
902,-8.45,-480.87,-115.77,41.25
903,-18.28,-393.79,-126.78,5.33
904,-47.08,-388.6,-112.16,35.85
905,-39.73,-582.68,-91.91,70.77
906,-49.0,-313.13,-102.0,48.58
907,25.03,-710.25,-109.29,48.82
908,3.63,-448.19,-106.15,52.02
909,-81.7,-509.91,-107.1,43.72
910,0.16,-484.61,-109.59,37.64
911,-30.78,-690.81,-134.64,8.63
912,61.79,-294.65,-123.13,30.18
913,18.01,-429.19,-91.64,80.76
914,-132.91,-479.09,-104.46,39.6
915,31.14,-536.52,-110.69,37.15
916,-109.26,-413.85,-110.35,30.58
917,79.38,-467.84,-114.03,37.79
918,83.54,-385.82,-129.09,8.03
919,-36.33,-674.95,-107.17,61.9
920,-42.29,-581.46,-118.54,43.67
921,-25.77,-515.65,-117.11,46.27
922,-84.0,-393.88,-127.29,19.61
923,96.84,-376.47,-103.54,68.8
924,-7.83,-608.57,-107.23,46.85
925,-4.91,-455.1,-104.3,50.24
926,1.04,-438.23,-115.97,48.04
927,-158.54,-452.97,-104.19,52.12
928,90.73,-615.38,-137.82,16.93
929,3.35,-392.76,-122.05,43.58
930,6.82,-472.83,-114.54,59.41
931,-29.08,-454.4,-109.62,64.75
932,36.18,-471.3,-106.1,64.91
933,-2.14,-604.5,-106.71,60.24
934,-4.94,-484.58,-114.93,53.84
935,-41.26,-539.51,-114.29,59.97
936,-15.64,-492.96,-114.45,48.09
937,-156.21,-460.61,-115.52,42.49
938,111.53,-583.39,-143.59,0.33
939,28.45,175.37,-115.97,42.67
940,55.51,-688.05,-98.77,73.6
941,-59.28,-611.37,-113.66,53.44
942,31.08,-592.47,-118.01,47.52
943,-10.93,-486.78,-109.14,54.11
944,-19.09,-497.12,-109.75,48.42
945,-21.21,-493.82,-107.24,45.93
946,-31.76,-493.57,-109.51,39.48
947,-95.52,-481.1,-115.51,30.4
948,-108.18,-619.74,-133.37,7.02
949,159.84,-15.95,-115.71,44.57
950,67.05,-433.2,-108.47,55.85
951,-104.32,-707.6,-110.15,36.85
952,43.64,-505.7,-109.7,34.11
953,-26.62,-531.66,-108.03,49.64
954,-4.68,-496.01,-107.25,43.25
955,-39.77,-485.4,-109.66,26.96
956,-54.48,-474.55,-109.69,28.38
957,-73.84,-377.83,-107.53,22.32
958,62.54,-545.0,-100.58,41.46
959,49.05,-397.08,-106.0,32.48
960,41.61,-267.82,-118.35,28.85
961,-2.05,-698.26,-111.76,41.92
962,-86.99,-538.03,-104.59,38.43
963,16.21,-464.86,-128.66,0.91
964,37.85,-452.08,-102.52,50.25
965,-23.67,-508.22,-102.08,48.14
966,18.13,-483.51,-105.0,45.17
967,-25.18,-509.18,-100.05,53.87
968,7.74,-470.08,-109.6,30.96
969,-25.16,-397.02,-104.03,35.8
970,-22.25,-446.74,-103.74,34.09
971,-24.12,-560.37,-97.41,62.47
972,-5.09,-506.29,-100.15,51.29
973,-8.49,-457.9,-100.21,47.94
974,-125.12,-400.49,-99.7,48.36
975,6.45,-516.81,-104.42,34.29
976,49.18,-445.73,-111.88,32.31
977,-26.23,-509.41,-96.41,47.62
978,26.0,-631.9,-117.46,17.62
979,58.42,-219.06,-98.59,40.03
980,-68.83,-517.18,-93.69,37.13
981,-44.98,-485.65,-100.19,37.14
982,3.1,-442.04,-101.68,34.31
983,34.93,-379.9,-116.33,20.96
984,-37.48,-519.99,-104.03,44.25
985,-37.15,-441.54,-105.09,29.59
986,6.99,-558.17,-100.84,51.55
987,16.56,-522.4,-107.29,35.41
988,20.66,-435.19,-93.19,43.04
989,15.46,-235.29,-107.36,21.18
990,-35.16,-706.3,-109.99,24.51
991,1.98,-356.73,-97.66,56.85
992,-14.15,-591.74,-107.6,39.5
993,-21.53,-541.57,-104.54,41.09
994,-69.61,-357.31,-105.16,30.81
995,60.52,-397.44,-102.98,36.58
996,-25.03,-595.21,-103.16,38.9
997,-41.66,-484.94,-114.4,20.7
998,-9.91,-455.85,-107.78,38.43
999,34.81,-348.04,-111.35,30.55
1000,-6.24,-561.35,-108.47,31.43
1001,-68.92,-380.81,-105.43,45.36
1002,33.18,-528.16,-101.11,49.97
1003,16.92,-444.19,-109.8,26.67
1004,-32.47,-490.96,-110.14,29.66
1005,-94.05,-506.76,-98.47,45.35
1006,50.48,-516.23,-104.6,31.76
1007,-15.56,-507.96,-118.84,20.8
1008,-47.39,-402.61,-113.17,18.85
1009,27.9,-412.36,-107.25,31.97
1010,13.49,-562.07,-103.47,32.52
1011,-18.29,-383.59,-108.66,29.39
1012,6.32,-503.87,-114.83,27.15
1013,20.22,-504.99,-113.95,38.05
1014,9.73,-389.58,-118.18,20.86
1015,-2.06,-532.66,-115.6,21.46
1016,-20.47,-489.13,-111.26,26.36
1017,-10.29,-405.46,-104.11,43.98
1018,38.63,-427.08,-105.14,34.97
1019,-22.55,-573.32,-100.76,50.48
1020,-27.4,-545.11,-107.42,36.44
1021,-49.85,-552.93,-114.87,23.85
1022,18.5,-318.72,-107.62,35.43
1023,-57.64,-490.86,-112.04,26.46
1024,15.85,-413.75,-109.53,23.3
1025,1.99,-613.85,-93.24,46.08
1026,8.54,-430.89,-107.56,31.48
1027,7.11,-477.39,-108.63,32.19
1028,-60.32,-541.92,-112.53,27.62
1029,2.2,-540.38,-120.22,15.84
1030,74.99,-209.36,-111.94,16.91
1031,-8.35,-513.63,-104.81,23.51
1032,-74.13,-616.21,-107.23,22.75
1033,-30.3,-391.54,-100.44,34.04
1034,-22.12,-596.14,-116.5,10.97
1035,-39.54,-416.66,-95.34,52.19
1036,74.4,-244.18,-101.85,30.99
1037,-4.87,-572.83,-104.09,20.24
1038,-79.83,-490.04,-118.71,4.62
1039,44.13,-471.94,-103.52,36.64
1040,-13.33,-473.53,-101.02,40.7
1041,-77.13,-390.31,-102.13,25.6
1042,-17.44,-576.32,-108.7,16.63
1043,-9.65,-412.25,-94.7,29.67
1044,20.48,-513.25,-100.5,30.14
1045,-21.33,-557.65,-107.64,27.71
1046,-92.11,-379.43,-113.65,14.93
1047,-10.67,-442.0,-98.25,46.5
1048,5.8,-473.34,-95.72,39.02
1049,32.3,-399.33,-106.39,29.21
1050,-34.39,-500.78,-97.88,42.25
1051,3.21,-498.3,-106.25,33.55
1052,-2.15,-576.69,-102.96,26.56
1053,-75.54,-512.65,-109.01,22.25
1054,-35.8,-562.2,-111.06,23.42
1055,-8.27,-267.05,-121.02,21.6
1056,37.63,-326.78,-89.93,72.72
1057,-16.58,-630.23,-98.56,49.96
1058,16.9,-515.74,-106.25,33.88
1059,-113.85,-519.59,-108.04,19.39
1060,22.89,-182.43,-138.88,-20.72
1061,10.35,-600.42,-83.9,89.54
1062,-7.34,-620.59,-111.25,44.6
1063,-18.57,-349.95,-109.99,45.33
1064,-43.32,-516.59,-110.93,50.32
1065,16.54,-501.96,-103.56,45.82
1066,-39.44,-557.6,-102.54,43.18
1067,3.72,-506.2,-108.02,37.01
1068,14.01,-519.23,-109.7,44.16
1069,-49.62,-593.81,-119.49,19.89
1070,12.19,-411.11,-106.68,51.47
1071,-14.92,-417.83,-116.25,28.05
1072,-75.68,-270.88,-141.92,-36.52
1073,109.73,-412.98,-82.22,83.56
1074,-22.14,-632.99,-98.12,62.54
1075,-4.92,-583.32,-101.93,49.24
1076,-11.69,-586.13,-117.19,26.56
1077,-116.59,-495.82,-111.67,30.01
1078,135.49,-221.79,-109.66,29.11
1079,-14.01,-700.19,-108.48,60.29
1080,-30.78,-518.46,-99.41,61.9
1081,-10.83,-457.64,-110.17,37.8
1082,-14.81,-331.53,-106.19,34.97
1083,-14.32,-540.63,-120.51,19.39
1084,47.61,-396.46,-104.88,52.21
1085,-32.43,-601.13,-97.75,67.06
1086,0.32,-369.38,-114.51,33.44
1087,-68.86,-643.55,-117.61,28.63
1088,-14.25,-463.15,-94.13,57.08
1089,53.09,-361.57,-102.3,33.44
1090,-25.24,-576.45,-114.65,14.19
1091,-94.65,-141.31,-102.61,35.32
1092,33.98,-708.93,-101.21,40.4
1093,-44.51,-678.52,-114.98,21.95
1094,-0.02,-374.73,-96.29,48.88
1095,20.29,-582.64,-108.94,20.56
1096,-101.0,-399.01,-115.79,13.07
1097,35.29,-112.77,-93.02,45.34
1098,-24.54,-655.32,-94.54,60.63
1099,-20.23,-443.29,-107.42,29.29
1100,-3.07,-426.69,-117.84,32.25
1101,-41.4,-667.94,-127.89,-5.89
1102,17.61,-387.18,-92.39,58.29
1103,-8.49,-418.61,-100.64,43.58
1104,-42.3,-338.1,-113.26,28.61
1105,-3.86,-482.44,-117.58,23.67
1106,-2.86,-500.52,-108.35,45.66
1107,76.54,-473.63,-118.57,31.63
1108,-77.68,-340.35,-59.51,106.49
1109,79.74,-424.53,-96.48,41.4
1110,-80.65,-369.45,-103.9,55.14
1111,65.51,-307.95,-103.45,28.6
1112,-19.49,-335.76,-97.59,39.21
1113,-74.5,-659.47,-114.17,38.95
1114,-19.79,-613.37,-129.55,79.21
1115,-3.97,-443.17,-79.98,59.85
1116,-0.82,-477.63,-125.7,24.36
1117,1.01,-269.42,-126.72,7.69
1118,-53.29,-665.3,-87.0,64.13
1119,0.85,-490.42,-97.45,41.34
1120,-7.26,-416.95,-124.14,-1.86
1121,-36.29,-351.31,-91.35,53.98
1122,-116.48,-631.64,-93.47,48.92
1123,55.34,-510.35,-108.91,9.45
1124,-14.95,-369.21,-116.16,8.56
1125,93.85,-378.44,-98.05,56.73
1126,-38.13,-704.71,-97.63,48.61
1127,-30.14,-317.09,-91.43,39.82
1128,-95.8,-617.72,-109.65,25.92
1129,37.58,-692.57,-104.25,45.03
1130,-52.38,-485.24,-107.56,30.74
1131,96.96,-514.57,-83.88,69.71
1132,-19.74,-415.63,-88.75,38.16
1133,-5.33,-683.2,-101.44,31.77
1134,24.97,-540.5,-111.99,12.02
1135,-22.9,-533.65,-91.51,50.47
1136,-6.05,-399.64,-109.71,15.43
1137,-50.63,-537.01,-82.26,47.95
1138,-7.04,-563.32,-107.9,8.4
1139,0.73,-399.32,-102.28,20.71
1140,-18.4,-487.66,-88.05,45.96
1141,-5.68,-303.97,-126.19,-5.34
1142,-81.91,-792.78,-83.22,45.22
1143,-27.61,-692.3,-105.29,14.7
1144,37.95,-208.09,-89.05,51.05
1145,-74.4,-656.51,-83.29,55.72
1146,9.76,-557.47,-102.02,27.15
1147,56.85,-264.9,-121.67,9.51
1148,-3.91,-493.02,-107.32,37.6
1149,-2.99,-585.37,-90.07,49.25
1150,-54.71,-516.79,-107.99,17.01
1151,-25.01,-436.91,-96.84,28.4
1152,-45.31,-580.78,-100.74,33.06
1153,-26.35,-500.34,-109.77,24.42
1154,27.39,-500.05,-93.34,38.24
1155,-3.31,-273.38,-109.01,18.63
1156,8.94,-652.64,-96.78,48.16
1157,-44.84,-557.92,-102.78,36.71
1158,-32.74,-573.56,-101.04,36.45
1159,1.48,-445.86,-100.86,34.84
1160,-16.28,-595.07,-106.95,17.63
1161,-48.41,-393.08,-103.43,32.47
1162,-10.54,-555.75,-96.83,44.19
1163,-18.29,-457.54,-112.84,21.91
1164,-9.59,-429.39,-110.22,25.35
1165,-55.87,-539.16,-97.53,42.81
1166,-44.36,-337.47,-125.44,6.93
1167,58.93,-529.87,-115.23,26.13
1168,-64.33,-569.31,-98.37,44.3
1169,7.57,-541.67,-110.87,29.52
1170,-0.8,-435.35,-103.26,34.72
1171,14.92,-487.87,-108.74,30.68
1172,-33.68,-574.1,-104.37,23.76
1173,-48.85,-409.21,-118.15,-3.21
1174,-9.17,-456.89,-135.8,1.1
1175,7.78,-406.34,-91.81,72.93
1176,58.44,-308.78,-112.91,34.93
1177,-50.93,-786.49,-105.27,37.81
1178,26.5,-564.45,-97.5,46.34
1179,8.42,-516.85,-100.91,32.28
1180,-30.09,-565.72,-103.38,32.18
1181,-89.47,-471.35,-105.95,28.86
1182,10.98,-573.76,-127.49,-2.31
1183,130.14,-200.67,-109.94,24.21
1184,-1.42,-589.25,-86.01,58.07
1185,39.93,-357.12,-109.64,18.81
1186,-33.06,-498.54,-111.07,12.84
1187,-78.15,-463.37,-104.32,36.76
1188,11.0,-689.5,-84.45,60.03
1189,-96.2,-538.81,-110.59,21.94
1190,54.75,-350.58,-104.23,26.49
1191,-23.0,-595.17,-85.5,47.66
1192,13.89,-454.52,-94.34,34.15
1193,0.42,-230.41,-100.8,21.17
1194,-85.89,-690.91,-100.64,33.91
1195,83.68,-408.39,-87.14,37.76
1196,-0.22,-563.27,-94.54,36.33
1197,8.76,-407.22,-111.16,1.96
1198,-13.38,-484.21,-103.87,30.35
1199,-88.91,-449.81,-94.97,35.35
1200,17.29,-493.73,-123.01,-10.89
1201,83.48,-210.04,-81.72,63.77
1202,-26.63,-469.32,-108.43,18.85
1203,-129.59,-748.66,-101.39,23.74
1204,88.19,-219.13,-116.05,7.57
1205,57.91,-221.74,-103.43,25.57
1206,-2.69,-163.41,-123.43,-3.51
1207,-33.64,-272.19,-92.17,46.07
1208,-87.75,-844.21,-98.14,45.92
1209,-12.41,-563.81,-92.28,46.02
1210,-45.66,-350.33,-94.1,31.88
1211,112.18,-255.77,-109.92,15.96
1212,-91.33,-802.76,-103.17,36.17
1213,-29.42,-599.59,-100.22,38.63
1214,-61.42,-587.31,-116.34,16.88
1215,-25.88,-493.84,-84.21,58.67
1216,40.34,-177.49,-106.73,16.81
1217,28.92,-232.82,-114.09,18.44
1218,-115.61,-665.08,-105.17,42.66
1219,-13.8,-670.6,-113.84,31.51
1220,-42.39,-750.29,-114.78,33.82
1221,-58.08,-277.85,-113.08,39.51
1222,-33.72,-499.95,-100.53,40.56
1223,-8.95,-667.38,-106.47,31.67
1224,-69.14,-421.0,-109.92,35.69
1225,45.68,-646.41,-103.02,41.18
1226,15.5,-503.82,-112.38,25.09
1227,6.38,-480.22,-95.98,51.6
1228,-30.89,-663.64,-111.7,24.51
1229,31.85,-445.59,-104.51,25.09
1230,-54.4,-625.87,-113.47,14.52
1231,56.77,-89.93,-103.57,32.65
1232,-33.52,-646.5,-104.55,25.21
1233,4.88,-384.67,-124.08,4.38
1234,-26.79,-526.15,-109.12,25.55
1235,-109.84,-590.63,-91.14,44.58
1236,39.67,-514.7,-99.1,56.51
1237,50.31,-578.28,-110.75,25.35
1238,-100.6,-550.95,-89.78,42.84
1239,-11.19,-273.66,-122.75,-2.19
1240,-12.19,-558.39,-108.47,46.88
1241,76.64,-123.84,-88.38,53.68
1242,75.82,-592.3,-107.18,23.45
1243,-86.76,-699.52,-103.62,48.88
1244,18.1,-525.5,-103.55,44.79
1245,4.13,-314.2,-112.21,18.62
1246,-102.02,-684.94,-97.63,53.17
1247,-79.77,-418.97,-101.27,36.31
1248,107.95,-514.6,-92.94,47.12
1249,25.6,-457.83,-100.76,39.23
1250,16.77,-343.29,-118.77,8.12
1251,-27.21,-416.59,-98.35,38.81
1252,-16.11,-581.91,-104.75,23.75
1253,-90.72,-450.99,-104.75,27.22
1254,-72.89,-387.04,-101.27,32.33
1255,39.71,-684.34,-97.71,41.09
1256,7.23,-478.38,-94.45,36.3
1257,25.15,-608.42,-97.8,40.32
1258,-179.35,-182.6,-110.01,11.95
1259,25.15,-417.48,-94.98,46.92
1260,33.41,-723.46,-95.62,54.46
1261,7.99,-591.31,-97.24,36.91
1262,-11.73,-466.02,-106.54,29.33
1263,-7.36,-370.57,-94.25,43.73
1264,82.47,-319.41,-107.34,36.72
1265,-70.56,-604.82,-111.03,20.81
1266,-27.62,-530.2,-111.56,30.74
1267,-50.55,-548.55,-102.37,49.23
1268,-11.12,-538.98,-124.93,27.0
1269,97.25,-179.27,-134.03,0.61
1270,-20.84,-674.79,-107.97,64.12
1271,-122.82,-590.04,-88.97,73.38
1272,-10.16,-579.73,-122.31,17.23
1273,-4.8,-445.49,-111.71,28.96
1274,60.92,-279.44,-121.82,28.18
1275,-135.66,-658.48,-112.24,41.99
1276,65.14,-584.15,-105.17,54.28
1277,0.78,-620.48,-124.65,19.41
1278,-34.08,-382.53,-125.27,28.02
1279,-2.44,-245.75,-106.72,46.4
1280,-30.86,-769.12,-106.2,53.23
1281,-17.53,-563.46,-109.88,40.97
1282,30.06,-413.83,-119.37,18.03
1283,-19.72,-626.79,-109.7,46.69
1284,-52.54,-521.64,-101.33,51.35
1285,65.8,-419.94,-115.62,16.86
1286,-16.43,-471.6,-103.45,59.04
1287,-35.09,-672.62,-113.57,29.86
1288,-40.8,-382.61,-106.52,46.17
1289,-4.52,-686.99,-112.08,34.2
1290,-6.34,-412.81,-109.4,33.1
1291,-14.45,-549.86,-115.49,37.72
1292,-14.31,-498.8,-103.97,32.34
1293,-3.85,-157.71,-127.11,-7.32
1294,-106.93,-485.77,-100.07,51.32
1295,94.29,-626.8,-95.48,56.22
1296,13.98,-586.16,-105.48,43.11
1297,-29.14,-558.33,-110.93,33.28
1298,-23.28,-515.39,-100.51,37.87
1299,-32.24,-512.63,-114.66,32.98
1300,-15.27,-520.72,-109.65,29.9
1301,-2.43,-536.84,-107.86,25.27
1302,-13.9,-402.25,-115.76,12.1
1303,-31.33,-279.27,-138.57,-20.65
1304,-1.34,-472.83,-87.34,74.33
1305,30.4,-519.97,-98.87,56.71
1306,-46.37,-667.67,-100.12,44.19
1307,-21.77,-495.73,-92.04,46.94
1308,-35.62,-478.27,-104.4,32.28
1309,-27.48,-515.82,-98.27,38.5
1310,-33.92,-523.85,-102.06,33.14
1311,-36.59,-505.44,-105.99,32.7
1312,-8.19,-494.67,-108.33,29.82
1313,-31.12,-491.59,-109.62,28.62
1314,-3.13,-497.12,-109.9,39.5
1315,-23.97,-487.66,-110.87,39.6
1316,-143.05,-440.83,-106.7,33.99
1317,145.09,-131.38,-160.35,-32.33
1318,51.56,-447.92,-95.81,70.38
1319,-29.44,-626.17,-114.9,41.99
1320,-40.26,-529.93,-93.39,69.13
1321,32.84,-455.52,-102.45,52.34
1322,44.14,-511.75,-99.51,52.55
1323,-47.1,-494.97,-104.9,41.27
1324,-40.39,-484.3,-108.22,38.08
1325,-38.11,-539.79,-124.89,14.16
1326,-12.57,-363.25,-96.39,50.71
1327,48.77,-516.09,-109.49,39.44
1328,-33.73,-435.93,-102.51,37.14
1329,-10.35,-407.27,-114.39,26.43
1330,-16.4,-550.93,-95.98,53.51
1331,-32.86,-503.3,-106.31,42.92
1332,4.91,-504.98,-107.55,41.03
1333,-9.0,-503.68,-107.38,30.46
1334,-3.57,-484.48,-105.74,32.63
1335,-14.71,-328.11,-112.67,16.14
1336,21.15,-553.48,-103.34,45.21
1337,-136.85,-541.37,-105.88,44.43
1338,49.82,-536.4,-94.81,50.24
1339,-43.1,-388.56,-96.71,39.4
1340,17.53,-406.59,-103.53,40.75
1341,38.41,-423.45,-113.46,28.77
1342,-19.68,-501.39,-106.97,31.8
1343,-26.47,-449.37,-100.97,44.07
1344,20.94,-369.81,-103.34,29.36
1345,8.47,-507.5,-125.33,17.31
1346,-10.3,-683.04,-87.38,71.69
1347,-4.14,-424.18,-96.83,45.48
1348,-21.83,-572.67,-108.94,33.14
1349,-1.41,-402.23,-105.49,30.28
1350,-15.61,-494.3,-98.82,41.02
1351,-11.76,-479.43,-101.3,30.05
1352,-71.16,-196.33,-118.23,-5.54
1353,20.92,-426.89,-104.2,39.04
1354,37.65,-533.99,-90.88,52.78
1355,-66.32,-305.48,-95.78,41.72
1356,19.21,-217.27,-114.64,11.37
1357,5.73,-708.0,-85.2,65.55
1358,-32.24,-609.71,-90.47,53.31
1359,-21.8,-548.33,-97.56,42.57
1360,-16.69,-496.19,-100.94,38.13
1361,-45.6,-559.53,-103.63,21.04
1362,-12.45,-187.32,-106.41,36.23
1363,11.92,-245.43,-100.64,42.25
1364,-8.19,-713.77,-87.14,52.23
1365,-21.68,-354.83,-95.27,43.42
1366,5.89,-617.35,-95.58,44.96
1367,-5.49,-519.63,-106.93,34.71
1368,-33.61,-517.75,-98.91,31.56
1369,27.76,-478.68,-108.38,30.28
1370,-116.51,-512.71,-94.96,42.96
1371,-0.66,-566.55,-118.34,23.2
1372,24.54,-264.84,-127.77,11.48
1373,24.05,-454.07,-90.25,65.56
1374,10.86,-477.37,-94.38,55.65
1375,-67.02,-285.43,-103.93,31.28
1376,-36.72,-715.64,-117.21,17.9
1377,38.65,-442.46,-100.8,53.36
1378,-3.31,-501.9,-102.17,49.62
1379,-24.09,-557.72,-102.78,47.44
1380,1.77,-444.03,-96.78,42.43
1381,-20.22,-525.99,-99.6,46.29
1382,-15.92,-511.98,-99.18,44.11
1383,-39.94,-458.98,-109.02,38.99
1384,-56.38,-169.04,-111.46,27.47
1385,63.28,-628.85,-106.72,42.38
1386,-49.36,-629.03,-97.41,50.65
1387,7.86,-577.92,-109.12,27.83
1388,-9.11,-554.53,-108.66,35.75
1389,-114.85,-454.52,-95.42,45.07
1390,25.61,-467.41,-93.49,37.61
1391,51.27,-406.1,-110.39,10.01
1392,15.1,-427.26,-101.07,37.12
1393,16.72,-562.77,-102.61,40.09
1394,-31.56,-524.36,-96.25,36.43
1395,-36.81,-530.73,-87.99,50.26
1396,-52.43,-501.75,-97.4,34.44
1397,66.95,-266.49,-103.66,33.05
1398,-1.52,-696.84,-99.23,41.03
1399,-98.48,-485.58,-102.69,28.09
1400,15.14,-334.45,-98.94,33.47
1401,8.59,-511.44,-85.39,62.49
1402,-26.16,-441.15,-97.95,31.25
1403,-54.32,-518.92,-92.71,38.53
1404,-102.98,-557.5,-101.74,28.47
1405,4.96,-317.83,-107.51,20.99
1406,-11.75,-547.68,-94.63,40.62
1407,23.7,-556.53,-108.52,27.99
1408,-11.85,-331.3,-113.94,4.76
1409,-65.68,-380.63,-87.56,45.67
1410,7.49,-632.25,-108.12,20.94
1411,-46.18,-229.41,-86.76,30.44
1412,-2.51,-517.75,-98.69,40.77
1413,12.56,-407.34,-101.0,30.16
1414,-23.69,-598.39,-110.22,17.92
1415,-10.83,-467.66,-77.23,67.4
1416,24.15,-246.56,-94.22,29.01
1417,-6.56,-344.38,-98.77,31.39
1418,-57.55,-773.67,-82.92,73.18
1419,-75.59,-504.58,-90.75,50.62
1420,18.77,-476.94,-104.33,32.45
1421,28.84,-494.87,-100.55,41.5
1422,-30.7,-462.59,-103.55,33.86
1423,-19.14,-479.89,-103.35,29.74
1424,-79.97,-481.53,-101.46,41.11
1425,34.68,-468.26,-115.99,29.9
1426,12.29,-458.74,-101.67,28.05
1427,-21.41,-512.43,-103.66,32.69
1428,-14.89,-209.45,-118.47,12.54
1429,-150.43,-854.81,-94.84,48.55
1430,81.98,-336.96,-97.57,47.6
1431,9.86,-293.64,-95.62,54.47
1432,25.45,-570.88,-101.28,44.54
1433,-73.81,-641.53,-111.7,28.28
1434,43.83,-283.17,-114.32,20.87
1435,0.11,-479.6,-92.23,60.39
1436,-41.5,-672.88,-102.77,36.17
1437,69.55,-472.1,-97.35,54.97
1438,-3.73,-488.9,-92.79,40.6
1439,-35.32,-432.49,-103.48,35.26
1440,-18.88,-563.01,-106.98,45.4
1441,-78.45,-518.08,-104.94,41.71
1442,24.99,-569.08,-109.0,36.23
1443,-36.57,-545.43,-116.8,30.93
1444,1.97,-282.2,-118.31,27.62
1445,47.14,-431.19,-90.78,56.46
1446,-65.58,-403.28,-104.57,21.93
1447,-0.01,-236.32,-105.88,29.54
1448,-112.35,-806.47,-108.01,33.56
1449,45.67,-433.19,-99.6,32.54
1450,21.08,-402.64,-98.33,48.21
1451,-179.8,-515.79,-113.57,8.35
1452,138.85,-124.72,-91.39,42.37
1453,70.44,-410.87,-95.43,55.01
1454,-54.66,-689.33,-104.79,19.84
1455,-222.62,-395.24,-91.74,34.86
1456,49.0,-617.98,-100.76,36.62
1457,75.67,-364.33,-100.0,35.1
1458,47.92,-481.62,-105.15,31.32
1459,-46.03,-478.51,-98.35,36.25
1460,-0.79,-497.82,-99.15,33.68
1461,-58.15,-543.48,-101.96,40.19
1462,-42.87,-483.87,-102.93,21.87
1463,-31.72,-381.01,-99.02,34.16
1464,32.51,-350.08,-105.98,23.97
1465,-58.19,-428.05,-83.31,68.6
1466,-161.03,-368.34,-126.18,-7.43
1467,129.61,-499.73,-96.17,59.05
1468,31.48,-248.49,-101.76,46.25
1469,-75.39,-334.25,-127.37,-2.14
1470,-94.28,-742.92,-80.81,90.02
1471,7.35,-383.6,-107.54,30.23
1472,-98.85,-650.06,-94.31,63.08
1473,68.96,-327.59,-102.8,39.69
1474,26.31,-669.54,-113.9,48.77
1475,-14.08,-308.42,-107.07,55.79
1476,-80.83,-653.99,-128.25,33.65
1477,39.07,-361.82,-91.35,70.64
1478,8.86,-398.16,-110.06,30.02
1479,13.48,-533.33,-108.3,52.81
1480,-175.38,-460.74,-103.54,48.26
1481,78.17,-650.58,-102.22,42.22
1482,-174.18,-603.68,-102.16,40.65
1483,83.09,-534.84,-121.85,18.89
1484,-49.64,-488.85,-105.12,43.73
1485,59.84,-253.36,-104.59,37.05
1486,57.28,-209.6,-103.03,49.43
1487,-114.71,-845.73,-102.24,36.39
1488,-7.05,-361.44,-106.22,26.57
1489,6.59,-650.34,-102.39,33.05
1490,-98.0,-552.08,-101.59,30.61
1491,37.98,-531.21,-97.59,22.47
1492,11.66,-406.13,-95.23,26.75
1493,-33.48,-568.56,-92.87,38.08
1494,26.5,-222.34,-102.85,14.77
1495,-5.1,-442.33,-115.53,10.42
1496,-172.84,-652.26,-91.09,47.57
1497,-13.61,-542.71,-92.59,27.3
1498,-53.21,-589.86,-113.32,-1.56
1499,-17.75,-326.33,-108.89,14.87
1500,87.66,-185.5,-112.51,14.48
1501,-112.37,-703.43,-76.19,69.01
1502,39.32,-598.0,-91.93,36.62
1503,0.36,-587.19,-115.03,5.07
1504,-199.94,-375.23,-94.95,29.88
1505,170.49,-319.71,-96.64,24.77
1506,-65.11,-650.43,-78.55,37.01
1507,1.09,-477.15,-100.02,9.56
1508,-113.28,-386.41,-101.95,27.69
1509,71.15,-629.1,-95.91,35.27
1510,-102.39,-604.65,-90.98,38.91
1511,-8.42,-396.09,-114.94,6.84
1512,43.02,-354.32,-107.71,23.16
1513,-42.9,-417.51,-93.63,48.47
1514,33.01,-679.37,-96.95,40.69
1515,23.76,-404.84,-107.21,29.02
1516,-46.43,-578.65,-96.24,49.1
1517,-34.75,-485.74,-107.42,21.07
1518,-19.55,-516.37,-89.17,61.92
1519,-113.46,-556.7,-111.08,18.08
1520,76.63,-277.85,-105.87,30.07
1521,-19.62,-576.0,-70.83,83.34
1522,-66.67,-489.57,-95.32,44.25
1523,49.23,-509.39,-102.97,44.89
1524,16.78,-466.63,-101.33,49.04
1525,-13.81,-573.42,-104.78,54.38
1526,-22.24,-530.5,-106.41,44.11
1527,-309.86,-411.5,-113.64,13.28
1528,140.65,139.82,-137.65,-27.64
1529,76.14,46.41,-59.99,116.65
1530,38.55,492.5,-100.07,60.65
1531,16.2,485.79,-105.83,29.15
1532,-23.16,522.17,-99.54,34.76
1533,-2.07,409.11,-83.9,61.67
1534,-9.13,460.67,-94.64,42.68
1535,-13.91,494.04,-95.75,42.28
1536,-14.19,501.24,-95.16,38.13
1537,-19.67,494.34,-88.38,36.38
1538,-52.19,491.49,-88.93,32.92
1539,-275.63,556.87,-85.91,29.58
1540,175.42,512.42,-130.48,-4.74
1541,106.79,829.34,-92.56,41.19
1542,-22.08,627.51,-103.06,13.36
1543,-22.57,301.19,-97.18,33.58
1544,52.42,476.63,-82.5,60.55
1545,-57.89,444.37,-76.01,61.18
1546,2.56,439.99,-93.03,35.39
1547,-4.02,430.71,-98.45,28.79
1548,-43.16,487.05,-101.85,29.66
1549,-225.88,511.81,-97.19,29.27
1550,-24.98,786.59,-141.65,-35.29
1551,174.13,447.59,-82.32,85.05
1552,9.67,453.49,-93.76,49.75
1553,-23.61,445.06,-97.03,36.89
1554,-17.34,-549.5,-100.59,34.12
1555,-2.39,-539.01,-97.64,33.63
1556,-12.81,-518.06,-101.31,28.74
1557,-11.23,-518.48,-101.99,26.54
1558,-19.35,-510.53,-100.13,30.82
1559,-38.44,-429.38,-101.33,27.54
1560,-18.06,-474.48,-102.38,25.75
1561,-137.01,-493.29,-103.5,30.3
1562,60.37,-517.36,-102.48,35.08
1563,-182.42,-480.32,-103.37,29.46
1564,1.31,-428.36,-130.62,-14.24
1565,0.17,-326.84,-88.58,57.05
1566,82.08,-611.0,-98.97,35.65
1567,4.15,-458.67,-98.4,42.9
1568,-123.06,-540.42,-96.57,49.59
1569,118.97,-526.77,-102.63,26.47
1570,-80.28,-322.72,-109.82,23.01
1571,30.64,-713.86,-90.03,53.02
1572,-127.46,-605.45,-98.62,25.6
1573,84.22,-237.92,-113.74,16.4
1574,-54.44,-460.57,-85.13,53.14
1575,-279.42,-545.21,-97.21,40.64
1576,238.95,-351.75,-111.72,26.82
1577,-297.67,-583.95,-86.58,41.76
1578,125.83,-454.01,-109.59,25.95
1579,-151.1,-480.53,-97.92,31.94
1580,45.46,-475.93,-121.63,9.78
1581,-198.62,-508.91,-88.47,45.65
1582,-227.18,-307.14,-95.56,35.65
1583,96.93,-555.39,-106.11,36.85
1584,149.33,-172.41,-107.21,22.19
1585,-43.99,-574.56,-93.37,38.76
1586,50.4,-403.55,-109.62,22.55
1587,-88.79,-708.43,-109.71,23.73
1588,18.1,-540.13,-98.27,42.87
1589,-189.77,-246.35,-94.99,54.08
1590,92.25,-465.6,-106.77,33.98
1591,-33.68,-152.05,-101.44,33.76
1592,43.47,-818.97,-87.64,56.86
1593,-20.9,-462.13,-98.77,25.45
1594,11.26,-415.51,-103.57,33.46
1595,-49.91,-504.56,-98.23,43.81
1596,-129.09,-458.68,-90.42,47.79
1597,36.3,-552.55,-104.18,39.35
1598,-24.77,-501.45,-89.67,50.19
1599,-70.76,-466.17,-95.25,43.64
1600,18.11,-523.73,-115.1,18.05
1601,-147.78,-394.92,-105.47,12.78
1602,39.9,-405.56,-80.47,66.08
1603,105.85,-387.51,-106.72,18.1
1604,-22.04,-564.05,-91.64,53.56
1605,-9.81,-559.32,-96.84,32.78
1606,56.47,-477.62,-105.31,26.62
1607,-73.32,-294.11,-104.73,27.64
1608,-93.79,-664.73,-100.9,41.16
1609,60.61,-368.32,-96.07,46.96
1610,17.03,-509.8,-102.63,31.93
1611,-6.28,-557.18,-104.08,39.39
1612,2.5,-489.1,-93.94,39.12
1613,-70.11,-342.53,-92.69,44.82
1614,82.67,-469.77,-128.56,0.8
1615,-8.98,-344.04,-92.2,49.47
1616,-21.82,-664.51,-91.46,52.56
1617,-35.23,-550.37,-105.01,29.5
1618,26.95,-27.29,-94.34,33.45
1619,1.14,-612.06,-99.85,33.15
1620,58.5,-591.97,-99.98,33.83
1621,-23.96,-553.69,-92.79,45.12
1622,64.41,-288.97,-113.05,20.29
1623,-77.83,-634.45,-95.63,45.57
1624,3.64,-402.72,-94.66,44.27
1625,-10.12,-617.26,-102.76,36.14
1626,9.1,-351.84,-112.25,18.08
1627,41.16,-368.81,-108.23,20.21
1628,-8.16,-381.8,-106.18,31.4
1629,21.35,-418.03,-93.25,55.23
1630,-16.66,-435.64,-99.72,32.72
1631,-124.82,-716.99,-97.97,50.12
1632,70.1,-474.9,-104.95,29.36
1633,-33.17,-603.33,-108.86,23.87
1634,7.09,-84.98,-105.2,31.43
1635,64.67,-527.15,-107.52,38.85
1636,-42.8,-661.38,-95.75,46.27
1637,-84.55,-583.64,-97.88,42.0
1638,32.31,-458.94,-103.45,20.59
1639,5.35,-415.74,-98.24,39.17
1640,-12.04,-371.42,-101.02,29.93
1641,0.18,-478.24,-112.53,23.15
1642,47.14,-322.27,-100.47,29.96
1643,-69.05,-501.52,-101.78,41.33
1644,-103.92,-653.77,-107.15,24.93
1645,110.49,-463.02,-107.3,30.89
1646,-6.68,-528.16,-109.36,25.87
1647,-60.93,-526.06,-105.98,33.95
1648,-13.54,-410.92,-101.79,43.25
1649,68.47,-266.42,-123.11,10.54
1650,-71.28,-553.04,-87.65,66.63
1651,53.26,-538.62,-100.41,41.08
1652,22.47,-333.38,-112.6,11.21
1653,-37.33,-433.53,-118.44,20.85
1654,27.03,-681.08,-87.04,68.3
1655,-16.66,-419.44,-124.18,-8.07
1656,-0.37,-426.21,-106.26,27.82
1657,0.01,-579.86,-74.57,92.58
1658,15.75,-422.37,-109.99,42.17
1659,-41.98,-348.86,-113.06,29.58
1660,-25.73,-625.81,-108.97,37.32
1661,67.77,-521.05,-103.29,46.96
1662,-9.3,-439.15,-105.3,37.68
1663,-27.48,-455.9,-107.9,28.4
1664,-49.9,-455.68,-105.42,27.3
1665,-29.07,-558.99,-103.77,42.92
1666,43.47,-527.84,-100.11,45.52
1667,-16.17,-406.99,-101.85,36.6
1668,-6.7,-489.69,-101.9,44.96
1669,12.09,-571.16,-106.21,46.04
1670,-76.85,-521.46,-100.25,48.61
1671,-155.12,-239.56,-99.39,39.8
1672,158.15,-544.3,-107.07,30.57
1673,47.09,-584.6,-94.07,46.59
1674,-12.08,-483.49,-101.3,35.66
1675,-28.09,-610.49,-97.66,42.77
1676,2.22,-496.93,-101.86,49.57
1677,-95.74,-405.2,-103.67,47.39
1678,112.5,-244.54,-123.59,3.76
1679,17.69,-565.37,-86.88,75.12
1680,-8.22,-571.21,-94.0,55.96
1681,4.01,-476.65,-98.2,27.28
1682,-10.63,-528.44,-107.12,51.0
1683,-17.75,-505.71,-100.77,43.16
1684,-10.61,-454.03,-106.47,27.1
1685,-16.4,-527.37,-107.63,26.35
1686,-32.45,-406.01,-112.76,20.79
1687,-116.82,-549.57,-86.7,53.38
1688,-13.01,-317.18,-99.75,32.79
1689,40.14,-473.08,-91.23,47.02
1690,38.6,-569.92,-102.81,36.91
1691,-8.81,-478.79,-104.95,33.62
1692,-13.07,-501.08,-99.3,32.39
1693,-48.1,-462.79,-107.64,14.15
1694,-33.16,-532.88,-131.73,-12.48
1695,57.0,-257.81,-78.99,70.3
1696,-19.56,-498.52,-91.14,50.09
1697,13.36,-567.35,-96.71,40.31
1698,-51.6,-493.91,-96.29,26.81
1699,25.73,-487.85,-100.07,35.21
1700,-2.54,-494.02,-99.89,35.48
1701,-18.86,-484.0,-100.97,31.11
1702,-78.08,-467.83,-98.89,33.54
1703,-57.38,-386.84,-104.18,17.41
1704,60.55,-83.66,-137.29,-30.88
1705,106.76,-500.52,-79.19,80.77
1706,-48.4,-727.79,-93.75,49.36
1707,17.75,-474.28,-84.82,51.51
1708,14.5,-467.04,-88.92,50.5
1709,-16.57,-517.09,-94.74,37.08
1710,-20.35,-522.59,-97.41,31.57
1711,-9.96,-505.69,-99.64,33.81
1712,-46.93,-494.68,-100.17,34.07
1713,-49.3,-520.12,-107.52,19.13
1714,-26.73,-195.08,-111.56,21.7
1715,15.38,-393.85,-103.75,35.89
1716,54.67,-710.14,-112.69,30.79
1717,80.93,-513.26,-99.01,46.98
1718,-3.54,-421.53,-95.99,56.91
1719,-3.57,-494.87,-97.63,45.58
1720,-19.43,-540.61,-97.72,39.15
1721,-24.2,-513.63,-94.38,31.24
1722,-30.83,-507.35,-100.13,33.79
1723,-195.26,-505.29,-101.9,24.98
1724,84.58,-3.83,-126.89,-3.47
1725,39.9,-625.66,-92.47,66.72
1726,79.37,-717.33,-104.68,38.12
1727,-23.29,-584.11,-112.3,25.84
1728,14.6,-351.94,-89.05,56.49
1729,-5.91,-359.58,-100.05,31.2
1730,-26.02,-533.49,-96.24,38.4
1731,23.17,-412.43,-93.14,37.82
1732,-27.43,-508.77,-93.06,34.68
1733,12.38,-370.15,-102.35,24.42
1734,-6.43,-543.3,-94.28,49.98
1735,-1.25,-341.77,-94.93,33.33
1736,-99.29,-676.7,-92.5,37.38
1737,-84.7,-505.45,-94.72,31.9
1738,-53.54,-482.73,-88.33,38.61
1739,110.34,-508.66,-101.4,25.6
1740,8.4,-487.19,-99.3,16.64
1741,-23.29,-421.23,-101.52,18.22
1742,19.8,-658.76,-109.32,19.28
1743,12.84,-283.76,-83.58,46.74
1744,-31.14,-557.96,-86.12,41.32
1745,-154.68,-515.06,-83.61,37.27
1746,56.16,-477.47,-101.83,22.9
1747,99.14,-215.64,-104.07,19.85
1748,59.95,-367.0,-106.37,16.42
1749,-132.46,-671.69,-98.75,39.07
1750,6.09,-472.88,-94.21,46.94
1751,-18.97,-536.71,-83.42,57.93
1752,-24.92,-509.57,-97.07,35.89
1753,-34.68,-337.66,-96.53,33.78
1754,-57.18,-496.5,-101.98,20.35
1755,104.63,-474.47,-98.98,34.84
1756,-14.01,-522.65,-91.32,42.14
1757,-5.51,-537.47,-89.93,44.07
1758,-40.86,-519.12,-100.66,23.18
1759,-31.94,-268.06,-90.67,45.49
1760,58.73,-235.45,-89.15,41.26
1761,-10.77,-543.1,-103.63,26.91
1762,16.59,-611.35,-100.55,40.07
1763,-13.58,-592.57,-98.87,39.51
1764,-58.56,-441.03,-109.13,23.77
1765,21.58,-470.54,-92.16,44.38
1766,-0.96,-472.56,-94.58,28.23
1767,-99.97,-421.2,-97.62,31.47
1768,-60.19,-533.93,-109.33,5.16
1769,83.92,-312.29,-95.48,27.54
1770,13.74,-450.23,-93.01,44.98
1771,-23.71,-349.13,-99.97,11.64
1772,14.2,-647.07,-86.66,39.47
1773,-33.01,-548.79,-87.57,43.69
1774,-35.68,-463.42,-96.23,29.79
1775,-15.76,-429.57,-93.94,26.31
1776,27.86,-362.82,-98.8,24.95
1777,-47.92,-606.02,-102.8,20.25
1778,53.48,-161.98,-78.92,47.89
1779,-24.06,-671.48,-90.47,42.46
1780,12.08,-515.22,-95.04,29.12
1781,-25.84,-440.45,-100.29,30.38
1782,-30.6,-563.14,-91.14,39.93
1783,-65.07,-347.41,-87.55,30.44
1784,-99.58,-509.09,-104.74,20.75
1785,86.0,-430.73,-94.87,50.4
1786,27.27,-561.85,-95.16,44.67
1787,-77.57,-572.15,-108.73,21.69
1788,48.59,-434.21,-97.71,31.15
1789,47.08,-115.41,-99.88,17.89
1790,-52.88,-697.98,-99.71,42.5
1791,-42.9,-493.67,-112.31,26.13
1792,30.5,-444.68,-97.56,47.89
1793,-35.5,-514.64,-93.94,45.51
1794,-19.0,-422.93,-101.64,29.49
1795,-49.45,-378.67,-101.64,31.36
1796,-131.3,-428.34,-113.37,-1.23
1797,190.81,-131.49,-86.68,59.87
1798,-26.7,-815.87,-82.97,63.44
1799,-5.43,-412.88,-90.84,41.22
1800,-78.48,-632.17,-97.64,33.2
1801,-27.65,-433.19,-100.16,29.27
1802,-7.23,-509.99,-84.79,41.9
1803,17.43,-452.89,-102.45,31.02
1804,12.1,-361.85,-94.33,45.14
1805,-18.06,-537.82,-82.8,60.13
1806,-44.82,-548.89,-96.95,29.58
1807,23.84,-410.33,-107.65,26.07
1808,-10.78,-498.73,-91.72,47.32
1809,-92.12,-494.62,-90.71,40.01
1810,31.2,-340.4,-116.52,1.22
1811,5.77,-520.3,-92.77,50.94
1812,-14.33,-562.04,-89.26,55.01
1813,54.93,-338.74,-116.81,3.54
1814,-48.48,-611.97,-85.52,53.8
1815,-74.17,-569.53,-108.49,17.88
1816,11.09,-380.45,-98.9,35.27
1817,-45.4,-427.09,-86.81,44.61
1818,14.49,-600.03,-91.43,43.86
1819,-22.47,-414.78,-91.82,33.6
1820,-99.15,-627.86,-96.17,28.3
1821,25.82,-382.05,-98.89,30.81
1822,44.95,-476.66,-114.24,4.18
1823,-31.2,-404.03,-88.64,42.0
1824,36.57,-533.71,-96.69,32.92
1825,-78.54,-409.93,-94.86,29.94
1826,20.52,-514.52,-87.4,46.15
1827,-2.6,-531.67,-94.4,34.92
1828,1.38,-456.43,-94.08,32.38
1829,-17.91,-533.75,-94.41,40.03
1830,-53.96,-446.41,-101.67,23.28
1831,29.01,-238.12,-93.13,25.17
1832,-54.6,-668.43,-103.63,38.67
1833,2.62,-532.66,-107.94,28.08
1834,23.66,-307.94,-99.86,28.26
1835,-17.57,-688.67,-101.25,27.63
1836,-40.74,-513.91,-110.34,24.64
1837,-10.04,-380.42,-106.98,34.27
1838,-37.17,-480.13,-104.64,23.34
1839,74.53,-368.67,-96.49,36.86
1840,0.1,-414.18,-103.09,28.65
1841,-5.99,-550.16,-99.06,20.64
1842,-40.94,-458.02,-94.93,45.13
1843,6.25,-396.21,-103.82,25.55
1844,-51.85,-407.48,-107.51,22.18
1845,-3.63,-567.26,-102.23,37.06
1846,-28.68,-518.82,-98.43,47.47
1847,-7.41,-503.33,-104.7,34.61
1848,12.85,-507.91,-102.42,25.8
1849,-57.78,-197.34,-98.81,29.71
1850,32.51,-573.46,-101.44,30.56
1851,27.72,-602.82,-92.27,45.69
1852,-36.21,-564.31,-92.15,29.6
1853,-30.16,-506.09,-116.34,16.43
1854,14.46,-282.64,-99.02,31.02
1855,-2.31,-574.39,-95.42,43.71
1856,42.28,-350.22,-101.01,28.24
1857,-20.4,-546.02,-101.62,41.13
1858,-56.9,-486.46,-102.54,34.6
1859,-17.7,-571.89,-90.4,42.78
1860,-2.8,-390.37,-95.73,21.63
1861,-99.32,-523.94,-104.06,28.23
1862,44.36,-492.83,-116.04,6.51
1863,50.62,-351.73,-96.24,32.94
1864,-76.91,-466.07,-100.15,39.67
1865,24.38,-539.58,-93.81,29.23
1866,-55.87,-405.34,-99.07,32.8
1867,-21.05,-465.58,-99.22,21.04
1868,-62.94,-662.63,-105.51,18.25
1869,82.31,-391.4,-88.11,46.05
1870,28.52,-484.31,-106.73,18.02
1871,-140.39,-284.15,-107.22,12.71
1872,-1.51,-522.61,-91.13,47.09
1873,96.99,-492.13,-108.01,12.96
1874,-19.78,-375.29,-105.28,25.96
1875,-109.96,-660.64,-86.79,48.41
1876,35.06,-598.23,-110.29,12.11
1877,24.61,-373.99,-108.66,21.34
1878,-83.35,-513.41,-82.75,47.46
1879,44.7,-383.66,-106.05,27.71
1880,9.07,-485.89,-95.9,35.96
1881,10.16,-343.23,-108.12,14.47
1882,-21.19,-599.44,-94.82,33.68
1883,-60.03,-626.47,-92.87,46.47
1884,-21.59,-463.54,-96.85,31.2
1885,17.58,-331.06,-95.6,46.26
1886,-124.67,-548.62,-96.66,29.01
1887,112.59,-381.74,-118.34,4.74
1888,-101.31,-598.36,-76.8,74.86
1889,-1.16,-416.7,-88.49,39.23
1890,21.29,-568.34,-100.27,21.61
1891,-36.27,-483.77,-83.27,50.61
1892,71.46,-387.69,-97.58,29.14
1893,-24.19,-602.89,-104.72,29.53
1894,-24.79,-344.05,-87.35,52.47
1895,-7.73,-428.69,-93.7,39.3
1896,-12.09,-407.97,-98.74,24.33
1897,-135.57,-602.88,-97.15,16.52
1898,123.89,-428.75,-84.43,55.28
1899,13.19,-578.31,-83.55,42.31
1900,-105.24,-538.02,-92.58,29.62
1901,77.75,-249.95,-88.22,28.42
1902,49.03,-376.16,-97.52,13.67
1903,-59.8,-584.67,-96.43,33.36
1904,11.98,-436.62,-89.37,27.79
1905,-51.52,-405.81,-91.34,33.98
1906,0.48,-672.46,-93.12,29.15
1907,-31.31,-540.14,-89.43,34.39
1908,-22.4,-403.32,-91.69,23.55
1909,17.26,-522.82,-102.68,23.57
1910,23.63,-365.23,-102.65,11.49
1911,-62.63,-593.2,-93.76,45.46
1912,6.26,-190.02,-93.04,43.98
1913,-57.58,-694.4,-99.59,37.04
1914,-86.9,-491.64,-88.48,38.19
1915,85.07,-266.94,-94.86,28.51
1916,-92.47,-595.2,-87.61,50.57
1917,-93.82,-591.66,-86.62,31.73
1918,39.62,-652.93,-99.3,25.02
1919,-65.06,-93.78,-98.3,29.95
1920,74.85,-531.69,-111.83,29.54
1921,42.43,-493.35,-94.54,32.46
1922,-4.49,-485.18,-89.35,42.18
1923,-100.03,-652.49,-98.97,37.59
1924,-99.34,-223.3,-97.88,15.03
1925,64.72,-547.4,-80.74,46.55
1926,-41.66,-424.52,-99.48,20.57
1927,-155.66,-598.89,-106.33,19.64
1928,55.22,-275.05,-90.57,56.25
1929,113.62,-506.97,-93.12,37.3
1930,23.79,-571.22,-75.25,45.92
1931,-48.54,-505.85,-109.59,7.15
1932,66.62,-148.84,-93.2,15.34
1933,-93.74,-680.64,-75.42,59.42
1934,-31.02,-589.91,-78.8,30.46
1935,-82.58,-476.75,-105.99,2.8
1936,82.72,-13.98,-86.79,54.5
1937,-36.25,-755.97,-88.11,41.6
1938,-188.23,-531.06,-74.63,49.84
1939,55.46,8.61,-122.78,-25.23
1940,106.29,-544.64,-94.2,27.67
1941,-67.02,-948.46,-91.5,41.88
1942,41.15,-320.29,-83.08,45.3
1943,-103.92,-565.97,-75.01,50.57
1944,-1.75,-386.87,-93.18,22.45
1945,-57.15,-442.27,-84.17,41.93
1946,-91.27,-512.38,-67.84,55.6
1947,90.19,-436.38,-86.28,33.72
1948,-77.04,-601.01,-101.76,32.43
1949,35.58,-264.7,-93.52,34.52
1950,-5.22,-556.72,-98.56,35.17
1951,-87.01,-602.66,-94.22,31.21
1952,49.48,-337.83,-83.6,37.06
1953,-146.55,-486.37,-79.78,52.7
1954,99.13,-547.02,-112.11,17.05
1955,80.3,177.58,-89.69,34.2
1956,-78.98,-913.66,-79.81,49.56
1957,1.85,-663.08,-80.75,62.84
1958,-211.19,-568.94,-92.73,27.97
1959,-117.56,-447.1,-68.33,67.99
1960,142.02,-205.06,-87.74,33.18
1961,10.88,-672.24,-80.24,58.18
1962,70.82,-289.12,-77.77,36.6
1963,-28.5,-589.6,-95.84,41.37
1964,-55.88,-563.03,-88.37,50.11
1965,-41.55,-541.08,-84.13,53.82
1966,-32.18,-423.75,-81.81,47.96
1967,38.81,-172.2,-97.59,26.59
1968,-29.92,-771.34,-85.02,70.7
1969,-118.89,-537.49,-78.98,65.1
1970,29.59,-481.63,-90.16,37.09
1971,68.97,-428.76,-107.9,14.58
1972,-17.35,-614.61,-67.87,68.12
1973,-111.65,-490.36,-75.81,56.62
1974,4.42,-259.09,-109.5,10.65
1975,-37.51,-411.37,-95.64,51.63
1976,-106.71,-516.07,-97.71,39.32
1977,67.87,-744.0,-82.98,57.08
1978,1.7,-468.42,-101.41,24.18
1979,-30.13,-406.1,-72.93,43.75
1980,53.14,-331.35,-77.11,43.9
1981,-36.11,-299.97,-110.97,3.62
1982,-11.91,-674.59,-53.88,78.02
1983,-23.65,-517.37,-87.23,32.99
1984,-3.87,-644.78,-101.64,11.08
1985,26.21,-354.86,-77.18,40.38
1986,-241.39,-455.34,-64.71,64.9
1987,114.9,-520.44,-93.69,18.26
1988,48.14,-351.72,-89.3,30.05
1989,-33.37,-552.19,-74.3,56.36
1990,-35.66,-332.08,-91.84,50.33
1991,-47.07,-628.9,-82.84,48.56
1992,43.11,-555.57,-85.17,38.51
1993,-95.15,-601.29,-80.99,23.99
1994,13.03,-264.12,-119.05,-12.41
1995,54.56,-451.7,-65.48,98.76
1996,-99.4,-383.62,-81.38,56.14
1997,-15.02,-631.44,-78.73,42.47
1998,51.78,-567.43,-84.6,50.79
1999,-17.34,-530.27,-90.2,44.06
2000,30.83,-510.07,-89.41,34.07
2001,-43.31,-456.01,-92.08,38.26
2002,-295.26,-825.22,-101.13,-3.25
2003,267.56,-732.71,-120.29,9.68
2004,55.6,-1635.73,-39.69,111.16
2005,-13.52,-1566.87,-68.49,69.72
2006,-105.44,-1531.78,-83.1,44.74
2007,45.05,-1308.59,-87.83,36.79
2008,9.46,-1619.87,-69.79,54.96
2009,-7.67,-1518.01,-75.49,36.45
2010,-15.94,-1496.22,-83.99,39.91
2011,-46.21,-1489.25,-97.11,23.02
2012,-36.55,-1463.05,-71.65,46.14
2013,-42.43,-1377.45,-99.92,8.0
2014,-100.39,-1313.84,-91.65,15.87
2015,79.87,-1363.05,-92.42,23.22
2016,-126.97,-1661.74,-71.71,57.73
2017,107.72,-1482.54,-85.08,43.14
2018,32.79,-1433.47,-85.4,46.43
2019,6.08,-1528.05,-74.58,58.06
2020,-16.79,-1517.75,-84.83,49.17
2021,-12.47,-1491.71,-87.24,40.13
2022,-36.57,-1447.3,-88.89,33.51
2023,-171.74,-1498.97,-97.19,31.21
2024,-18.92,-1051.48,-96.63,-12.14
2025,135.84,-1437.45,-87.11,53.9
2026,-8.99,-1587.69,-56.37,76.3
2027,-16.41,-1534.46,-64.9,56.46
2028,-15.0,-1578.63,-90.88,39.36
2029,10.82,-1488.26,-80.13,50.57
2030,59.26,-1173.08,-73.68,46.96
2031,-38.67,-1663.6,-73.6,54.07
2032,-21.34,-1483.32,-73.24,35.05
2033,-81.4,-1486.75,-77.19,20.55
2034,-60.74,-1294.59,-75.76,27.29
2035,102.25,-1516.68,-88.09,18.68
2036,-9.54,-1422.62,-86.1,30.38
2037,-109.52,-1747.29,-80.31,28.15
2038,-99.34,-1035.16,-83.73,16.09
2039,139.69,-1497.61,-48.75,96.47
2040,-21.92,-1537.0,-61.94,40.7
2041,34.35,-1513.92,-69.72,22.79
2042,-164.49,-1111.7,-79.31,-7.31
2043,89.94,-1705.16,-65.42,50.53
2044,6.41,-1371.35,-58.89,51.49
2045,-59.63,-1564.13,-77.1,1.48
2046,-57.97,-1266.39,-87.62,5.28
2047,86.78,-1444.87,-22.76,94.52
2048,16.12,-1510.44,-39.96,56.32
2049,-1.21,-1421.31,-62.83,27.38
2050,-45.58,-1531.37,-49.02,31.64
2051,7.07,-1486.78,-54.95,30.45
2052,9.91,-1406.35,-56.5,27.58
2053,-16.08,-1282.8,-77.35,-18.79
2054,68.89,-1472.99,-35.84,50.02
2055,-146.32,-1572.92,-53.84,7.66
2056,113.17,-954.34,-51.96,19.19
2057,-65.58,-1731.43,-74.78,-11.81
2058,-12.22,-1102.56,-14.63,67.99
2059,60.48,-1346.87,-32.76,43.89
2060,37.67,-1610.63,-33.11,34.63
2061,-227.58,-1439.43,-30.27,26.8
2062,121.26,-1479.85,-44.57,-7.73
2063,-35.13,-1542.33,-44.62,33.37
2064,23.54,-1366.9,-1.95,67.22
2065,-11.23,-1488.72,-15.7,15.37
2066,-39.47,-1492.07,-35.38,23.21
2067,-26.47,-1257.08,-20.85,39.73
2068,-36.8,-1485.31,-21.91,24.65
2069,-38.19,-1387.93,-23.42,19.54
2070,44.18,-1450.23,5.05,48.6
2071,-8.91,-1361.46,-6.43,34.95
2072,-4.77,-1467.43,-5.09,20.2
2073,-43.59,-1489.43,11.57,44.79
2074,51.49,-1503.41,-4.13,37.96
2075,-21.95,-1452.45,8.63,37.6
2076,-28.81,-1433.97,-4.65,26.11
2077,10.64,-1302.87,22.5,38.98
2078,-151.48,-1372.78,4.54,8.82
2079,49.4,-1506.19,14.03,28.27
2080,-17.24,-1365.97,40.01,69.01
2081,54.67,-1409.19,27.23,41.41
2082,-8.91,-1544.32,23.31,40.14
2083,-0.35,-1404.59,27.93,34.18
2084,-24.04,-1406.77,42.28,45.24
2085,-9.88,-1503.19,36.8,52.27
2086,-5.7,-1238.9,52.92,40.36
2087,-20.83,-1483.25,35.51,40.05
2088,-2.41,-1437.82,38.13,25.21
2089,44.63,-1315.58,55.5,51.19
2090,-40.93,-1517.4,45.57,41.82
2091,-53.53,-1481.73,58.14,52.2
2092,17.03,-1221.39,75.31,62.73
2093,-121.57,-1357.17,63.76,35.25
2094,47.47,-953.85,57.73,28.7
2095,83.25,-1772.77,76.3,78.04
2096,-47.09,-1505.6,89.49,67.72
2097,7.06,-1486.01,83.72,65.77
2098,25.28,-1387.09,93.62,59.72
2099,-127.5,-1421.07,95.03,45.04
2100,-148.94,-1346.1,83.76,39.14
2101,185.56,-1003.11,90.42,47.6
2102,45.37,-1620.31,105.53,91.33
2103,0.4,-1466.4,111.35,66.03
2104,-21.49,-1485.05,112.83,65.28
2105,12.11,-1344.81,102.31,54.09
2106,40.51,-1202.1,97.0,43.11
2107,-75.38,-1502.6,121.39,85.81
2108,-7.49,-1407.36,131.06,78.89
2109,-3.97,-1451.99,128.9,69.7
2110,-23.54,-1393.08,109.66,58.08
2111,13.57,-1356.34,125.4,49.99
2112,10.66,-1173.02,137.77,78.88
2113,-60.34,-1257.81,145.07,71.36
2114,-16.98,-1566.69,148.37,84.25
2115,-43.21,-1519.33,134.9,66.85
2116,31.5,-1388.45,136.61,57.11
2117,1.67,-1305.61,165.23,84.5
2118,21.73,-1358.49,148.49,68.6
2119,10.14,-1314.81,156.66,78.09
2120,0.5,-1424.48,156.45,72.0
2121,25.03,-1243.28,149.63,65.17
2122,-22.58,-1421.97,165.57,91.41
2123,1.16,-1259.64,169.42,101.92
2124,-16.32,-1448.5,162.78,84.53
2125,-201.85,-1557.29,151.96,48.27
2126,79.9,-1197.6,187.9,109.58
2127,65.38,-1260.8,191.2,114.33
2128,45.49,-1340.23,177.86,86.03
2129,25.16,-1204.55,177.88,71.0
2130,14.56,-1407.27,187.63,94.22
2131,-22.99,-1429.98,192.98,103.64
2132,-10.24,-1380.49,192.75,87.83
2133,-87.96,-1370.55,194.05,77.75
2134,-92.79,-1401.77,184.13,80.97
2135,74.03,-1151.12,175.13,79.51
2136,83.43,-1285.9,205.59,102.66
2137,11.76,-1385.76,204.01,108.86
2138,-3.65,-1256.19,196.02,86.75
2139,4.92,-1425.55,210.39,116.63
2140,5.51,-1356.38,210.01,106.57
2141,-0.08,-1346.53,205.25,103.75
2142,8.26,-1315.31,210.59,104.23
2143,-36.71,-1358.58,206.9,99.43
2144,-319.09,-1173.95,205.9,73.49
2145,309.75,-914.71,172.53,65.09
2146,42.55,-1459.87,227.71,144.85
2147,-67.17,-1499.04,217.61,110.83
2148,70.54,-1073.94,205.84,109.09
2149,8.1,-1442.6,220.04,123.27
2150,-3.35,-1414.23,222.86,129.9
2151,2.43,-1330.75,215.99,111.49
2152,36.44,-1318.69,212.35,105.02
2153,-78.74,-1234.3,203.94,82.27
2154,-5.19,-1097.56,213.57,97.04
2155,7.0,-1372.42,229.13,141.79
2156,-9.95,-1395.65,229.77,126.65
2157,23.67,-385.99,213.81,110.05
2158,-36.44,-316.65,213.62,119.61
2159,37.74,-277.17,217.8,122.32
2160,8.59,-360.2,220.01,129.36
2161,-77.92,-332.19,214.05,120.32
2162,47.55,-359.29,216.14,116.98
2163,-16.69,-94.94,217.0,115.13
2164,-14.12,-425.97,212.05,114.7
2165,23.59,-161.3,219.85,138.68
2166,16.14,-304.73,217.7,131.95
2167,-151.02,-450.54,209.2,114.96
2168,149.66,-120.57,210.89,117.51
2169,-95.64,-325.87,227.75,136.48
2170,31.01,-138.25,220.01,109.14
2171,116.78,-298.4,219.43,139.67
2172,-22.04,-377.81,223.93,139.36
2173,1.54,-161.03,225.49,127.85
2174,-86.89,-520.22,207.06,128.53
2175,-10.44,-416.34,220.92,129.79
2176,19.59,-215.4,222.21,138.35
2177,-5.82,-280.91,222.21,129.22
2178,-25.88,-324.04,224.18,132.52
2179,-30.15,-298.8,218.46,126.0
2180,-21.43,-315.07,202.28,122.92
2181,-21.58,-112.25,209.39,123.56
2182,-94.1,-315.13,203.91,131.01
2183,55.78,-416.94,196.66,125.08
2184,47.0,-236.84,205.61,146.07
2185,29.29,-311.49,211.95,147.38
2186,2.35,-312.62,211.6,136.21
2187,-96.54,-302.36,203.34,115.64
2188,-40.99,-182.2,177.81,93.86
2189,61.41,-156.9,213.94,148.64
2190,-36.5,-240.42,195.55,138.12
2191,-15.48,-296.16,208.74,160.3
2192,12.19,-432.68,199.97,148.44
2193,19.01,-316.73,195.69,142.34
2194,18.91,-298.52,193.04,144.42
2195,-2.8,-299.8,192.37,139.19
2196,-15.64,-298.79,191.29,136.94
2197,-22.78,-302.87,185.17,141.82
2198,-58.13,-305.59,183.94,131.41
2199,-9.77,-175.58,182.33,121.89
2200,28.43,-102.45,145.76,86.19
2201,-12.85,-331.67,198.02,187.08
2202,-143.15,-369.2,192.08,157.53
2203,34.32,-120.77,183.16,147.07
2204,5.02,-435.1,175.39,149.23
2205,33.74,-343.4,178.71,148.81
2206,9.67,-285.1,174.17,144.5
2207,26.65,-313.21,161.26,133.44
2208,-54.68,-312.24,180.97,140.11
2209,-126.14,-343.73,169.34,126.52
2210,-59.51,-218.92,155.39,113.83
2211,-85.76,-193.08,162.38,133.8
2212,147.79,-331.46,141.32,110.75
2213,67.67,37.53,163.14,151.34
2214,-39.84,-360.01,149.21,124.98
2215,10.84,-348.62,185.73,173.2
2216,-56.16,-645.15,158.28,124.21
2217,35.89,-89.7,168.55,148.22
2218,-3.61,-246.73,156.2,131.34
2219,-1.17,-320.97,149.09,129.3
2220,-17.79,-106.56,152.02,130.77
2221,2.13,-417.06,142.05,130.43
2222,-67.56,-293.11,153.65,141.87
2223,-197.54,-281.56,147.37,126.48
2224,75.84,-360.32,140.83,136.3
2225,-31.9,-322.06,138.03,125.36
2226,-158.91,-369.43,116.45,88.5
2227,-14.91,-288.4,143.88,141.47
2228,-71.37,-303.88,136.73,139.43
2229,-40.16,-279.26,101.44,93.95
2230,-25.39,-181.36,132.78,139.11
2231,-165.94,-306.36,139.75,144.01
2232,33.0,-110.07,97.04,88.04
2233,72.03,-216.5,129.14,141.62
2234,84.61,-233.55,137.0,159.45
2235,-7.42,-389.31,121.79,133.88
2236,0.32,-367.98,88.37,76.08
2237,-101.22,-303.93,134.07,150.92
2238,67.62,-159.27,138.09,163.87
2239,-41.8,-308.01,114.78,126.27
2240,-79.0,-204.95,104.44,122.2
2241,13.95,-12.65,106.29,112.98
2242,-89.79,-598.43,115.4,135.86
2243,-136.04,-356.38,104.86,118.88
2244,72.83,-118.93,78.36,90.17
2245,-118.0,-408.23,83.32,98.45
2246,26.09,-145.53,130.0,175.14
2247,-93.63,-541.74,71.43,73.31
2248,-131.17,22.34,138.24,194.54
2249,114.67,-374.09,98.0,136.78
2250,-14.28,-417.36,91.6,128.12
2251,-24.22,-258.79,83.53,120.71
2252,-59.56,-250.0,89.73,125.97
2253,-34.87,-513.77,96.68,145.9
2254,-35.72,-378.64,85.41,127.62
2255,-42.84,-285.91,74.74,113.91
2256,-55.82,-336.76,90.6,150.58
2257,-35.86,-314.11,67.42,124.24
2258,-40.48,-175.01,61.12,110.85
2259,-26.47,-111.46,90.58,156.03
2260,-15.32,-343.29,69.5,120.86
2261,-36.71,-346.48,70.68,131.84
2262,-59.11,-427.9,71.21,137.85
2263,14.42,-425.19,66.48,141.44
2264,-169.8,-282.3,53.73,119.69
2265,-47.14,-252.19,54.65,118.05
2266,-45.45,-318.39,63.68,150.72
2267,46.21,-305.54,58.77,141.49
2268,-5.74,-454.07,52.5,130.7
2269,-53.09,-1.57,49.51,120.65
2270,-9.93,-348.96,68.25,167.98
2271,-53.5,-369.41,49.6,142.4
2272,-149.98,-409.18,44.56,130.88
2273,-78.91,-541.11,12.24,93.32
2274,97.1,53.59,40.0,163.06
2275,-19.89,-480.64,37.55,154.99
2276,-175.88,-340.55,13.67,129.55
2277,-2.19,-197.51,24.19,145.45
2278,-19.25,-448.88,29.12,156.16
2279,-45.42,-311.0,27.56,139.71
2280,-109.51,-146.5,12.08,130.49
2281,-83.3,-613.94,11.55,129.66
2282,-27.75,-307.21,37.64,169.63
2283,-11.45,-267.81,-1.66,126.64
2284,-114.15,-328.78,7.6,128.13
2285,-75.14,-402.69,23.95,158.45
2286,63.74,-336.52,9.76,147.44
2287,-99.49,-339.36,-0.13,147.62
2288,-10.31,-335.92,2.61,139.83
2289,-58.39,-386.52,3.8,147.3
2290,-41.03,-302.29,1.35,142.48
2291,-66.29,-389.54,-1.14,136.55
2292,-61.24,-172.62,3.88,144.14
2293,-220.85,-472.08,0.64,149.1
2294,48.07,-217.71,-25.72,116.03
2295,-58.62,-643.31,-4.31,162.68
2296,-9.23,-227.98,10.85,186.21
2297,-71.93,-291.96,5.77,161.18
2298,-24.46,-417.46,3.89,157.02
2299,-48.15,-421.02,2.25,154.07
2300,-50.74,-320.96,3.21,154.11
2301,-77.16,-359.65,-5.28,150.79
2302,-156.94,-26.46,-18.85,105.74
2303,-21.05,-364.9,-39.6,116.04
2304,6.89,-390.83,14.39,211.5
2305,-64.62,-414.09,-0.56,170.72
2306,-114.5,-402.69,-5.16,161.33
2307,2.06,-339.31,-16.36,143.13
2308,-68.4,-419.67,-8.22,151.33
2309,-55.45,-387.52,-10.86,151.86
2310,-107.37,-352.18,-14.71,140.85
2311,-116.43,-375.56,-14.31,131.62
2312,-58.79,-141.1,-30.98,123.3
2313,-94.32,-550.95,-25.33,149.15
2314,-9.99,-307.52,-36.27,127.95
2315,-98.34,-389.44,-23.57,152.63
2316,-33.38,-372.74,-19.57,133.43
2317,-89.94,-273.84,-35.11,128.02
2318,-81.85,-416.05,-39.33,123.5
2319,-134.22,-299.17,-15.76,144.45
2320,-17.61,-152.8,-49.87,99.77
2321,-89.85,-411.12,-34.72,129.23
2322,-153.25,-373.87,-61.15,88.92
2323,43.49,-490.88,-37.04,138.78
2324,-133.3,-271.79,-30.07,153.04
2325,-26.35,-249.15,-48.52,117.34
2326,-62.82,-209.57,-56.58,108.3
2327,-131.82,-477.99,-52.71,105.85
2328,-157.09,-386.56,-66.19,95.39
2329,-39.49,-76.01,-70.63,86.39
2330,-119.1,-436.81,-41.67,133.74
2331,-153.64,-138.31,-61.33,82.75
2332,-47.97,-605.11,-38.21,143.61
2333,-101.83,111.86,-43.5,105.64
2334,-17.4,-410.42,-66.51,100.85
2335,-173.09,-610.25,-33.12,150.64
2336,-144.93,-169.4,-58.3,105.02
2337,45.28,-686.08,-54.51,118.06
2338,69.7,-47.46,-41.83,129.52
2339,-88.05,-618.32,-45.38,129.54
2340,-72.66,-473.05,-57.86,107.87
2341,-86.47,-354.91,-53.59,106.57
2342,-62.5,-466.52,-53.84,104.36
2343,-99.17,-398.77,-52.4,101.67
2344,-149.68,-398.82,-59.62,96.42
2345,-42.23,-385.68,-50.04,98.82
2346,-108.35,-341.49,-54.65,95.07
2347,-43.57,-542.56,-51.18,92.47
2348,-137.44,-407.35,-52.57,81.58
2349,-203.22,-208.36,-56.51,80.74
2350,199.41,-75.52,-54.74,103.15
2351,-93.33,-653.51,-39.07,120.94
2352,-86.77,-591.13,-55.01,75.59
2353,-177.6,-297.43,-52.9,79.45
2354,0.04,-262.58,-69.39,73.66
2355,15.1,-430.0,-47.99,98.65
2356,-135.17,-533.46,-62.8,75.82
2357,-245.25,-205.29,-47.58,81.77
2358,12.2,-622.68,-60.46,84.86
2359,5.41,-364.99,-48.34,93.43
2360,-57.83,-479.61,-64.26,81.73
2361,-60.65,-395.46,-70.34,60.38
2362,-34.23,-360.4,-72.19,46.62
2363,-105.83,-539.49,-57.76,95.55
2364,-71.25,-419.91,-68.37,63.17
2365,-73.43,-454.18,-66.54,47.28
2366,-105.1,-352.43,-63.05,62.69
2367,-120.44,-428.89,-89.43,38.61
2368,-78.94,-478.02,-66.97,61.56
2369,-129.21,-258.8,-81.7,25.95
2370,2.15,-611.41,-62.01,75.25
2371,-31.08,-404.05,-64.04,61.53
2372,-58.83,-456.13,-68.49,49.17
2373,-81.75,-469.06,-74.5,43.86
2374,-86.85,-334.55,-78.15,31.86
2375,-248.07,-423.98,-94.22,-9.96
2376,-6.96,-346.49,-74.38,45.9
2377,-70.94,-618.5,-74.68,64.37
2378,-22.3,-281.43,-88.43,36.22
2379,-48.88,-427.95,-79.65,52.23
2380,-88.26,-575.92,-87.08,46.64
2381,-80.97,-498.03,-88.57,37.7
2382,-58.16,-424.62,-95.25,27.74
2383,-73.79,-414.63,-98.97,30.17
2384,-91.2,-470.5,-96.84,36.02
2385,-104.92,-614.47,-111.12,0.79
2386,-488.63,-198.02,-96.17,21.68
2387,104.16,-292.19,-105.99,9.66
2388,43.98,-580.14,-89.87,47.38
2389,-34.43,-491.05,-93.07,44.34
2390,-42.41,-400.94,-103.82,7.5
2391,-112.96,-602.46,-110.96,1.18
2392,-34.62,-280.05,-99.34,20.55
2393,-93.36,-547.64,-79.79,75.11
2394,-102.86,-499.42,-77.01,29.15
2395,-221.33,-501.97,-114.9,-27.3
2396,18.84,-117.37,-93.03,9.72
2397,-106.15,-378.73,-80.8,21.55
2398,-10.6,-487.98,-97.39,11.98
2399,-193.51,-476.97,-77.65,32.81
2400,32.23,-447.32,-77.23,32.01
2401,-262.71,-683.31,-89.14,-8.2
2402,78.29,-227.35,-91.03,-8.73
2403,-77.39,-217.17,-92.7,-3.79
2404,-179.97,-506.73,-88.06,-4.42
2405,-108.42,-641.15,-67.23,35.79
2406,-28.8,-282.28,-85.19,-6.88
2407,-128.04,-654.18,-74.49,18.92
2408,-73.53,-425.21,-71.34,23.45
2409,-53.01,-305.28,-84.89,-16.72
2410,-17.32,-40.03,-80.23,-3.6
2411,-90.56,-766.41,-84.62,9.01
2412,-153.9,-646.16,-81.15,0.17
2413,-74.52,-464.4,-92.76,-18.61
2414,-132.9,-508.13,-77.62,12.19
2415,-4.19,-450.87,-81.68,4.48
2416,-64.21,-508.37,-85.56,-8.22
2417,-116.38,-382.93,-84.45,-5.17
2418,-88.35,-444.83,-94.79,-30.73
2419,-50.14,-515.75,-81.43,-6.66
2420,-129.59,-582.55,-75.28,-0.88
2421,-84.9,-373.83,-77.54,-11.48
2422,-118.92,-362.63,-79.49,-15.14
2423,-40.8,-586.34,-88.7,-16.68
2424,-21.51,-404.89,-95.14,-29.53
2425,-81.94,-533.39,-101.53,-24.18
2426,-132.82,-533.53,-84.67,0.85
2427,-81.66,-374.4,-87.51,-8.09
2428,-68.23,-531.65,-102.7,-39.63
2429,-48.08,-489.62,-83.58,6.71
2430,-112.18,-657.06,-87.49,-2.08
2431,-89.83,-478.56,-98.85,-14.37
2432,-87.21,-456.03,-102.71,-28.91
2433,-35.42,-503.39,-88.76,-3.74
2434,-59.86,-560.41,-98.83,-19.35
2435,-84.3,-313.27,-108.67,-17.52
2436,-119.41,-614.2,-83.37,28.43
2437,-91.61,-507.34,-100.32,-7.26
2438,-57.08,-433.61,-110.03,-19.81
2439,-33.75,-539.09,-89.06,16.66
2440,-151.77,-535.0,-101.15,-3.91
2441,-35.05,-607.24,-94.94,15.21
2442,-23.3,-439.41,-100.67,-3.96
2443,-262.41,-486.45,-107.6,-29.68
2444,-66.85,-366.6,-96.04,1.92
2445,33.73,-496.92,-95.78,29.32
2446,-49.36,-645.39,-97.83,15.6
2447,-136.82,-554.77,-107.48,-17.09
2448,-80.95,-431.67,-100.04,17.67
2449,-27.97,-605.53,-87.37,32.24
2450,-71.37,-538.43,-99.28,19.87
2451,-49.09,-508.0,-101.85,14.78
2452,-80.71,-538.01,-107.87,9.48
2453,-175.29,-621.95,-116.14,-9.48
2454,-114.28,-76.82,-112.1,5.28
2455,-6.6,-615.66,-105.9,17.36
2456,0.95,-548.35,-94.95,32.68
2457,-57.77,-625.86,-98.37,29.92
2458,-42.21,-510.64,-105.35,0.76
2459,-92.8,-557.99,-98.96,26.88
2460,-74.3,-567.97,-102.48,23.78
2461,-74.71,-549.21,-99.73,25.69
2462,-71.03,-562.27,-106.26,19.8
2463,-84.76,-534.79,-108.29,21.8
2464,-102.08,-472.07,-116.88,-5.85
2465,-315.9,-429.51,-92.41,15.88
2466,109.37,-387.55,-134.73,-24.16
2467,-36.78,-518.59,-88.64,63.36
2468,-22.49,-620.97,-100.1,24.94
2469,-85.05,-611.65,-101.98,28.01
2470,-38.67,-573.96,-109.12,19.75
2471,-73.96,-604.54,-111.22,6.18
2472,-129.62,-609.26,-114.15,9.55
2473,-156.44,-379.45,-96.84,29.75
2474,32.94,-362.65,-113.6,3.86
2475,-71.51,-599.64,-108.79,17.17
2476,-43.92,-500.78,-110.6,10.63
2477,-43.61,-629.54,-102.02,21.39
2478,-71.3,-611.64,-107.99,12.98
2479,-107.4,-543.83,-104.28,17.92
2480,-42.74,-559.57,-101.17,15.96
2481,-120.17,-514.06,-99.44,16.17
2482,-118.57,-590.39,-112.42,-4.38
2483,-20.85,-489.17,-101.15,-4.82
2484,-51.43,-365.35,-120.04,-13.39
2485,-122.99,-639.46,-96.38,17.65
2486,16.45,-539.54,-95.22,19.14
2487,-18.79,-566.51,-92.94,21.54
2488,-66.7,-589.07,-98.88,16.99
2489,-72.43,-650.56,-109.84,-7.49
2490,-129.47,-502.07,-110.89,-16.9
2491,-139.04,-390.32,-98.67,-1.05
2492,-60.26,-450.72,-97.61,-3.21
2493,63.61,-572.65,-109.89,-16.82
2494,-71.74,-556.15,-105.02,3.18
2495,-53.57,-424.06,-107.12,9.67
2496,-45.54,-709.8,-116.6,-6.25
2497,-43.36,-628.4,-112.2,4.14
2498,-54.05,-567.8,-116.69,-8.53
2499,-47.67,-628.78,-121.37,-12.43
2500,-148.3,-354.16,-138.28,-49.85
2501,18.06,-468.04,-109.76,18.31
2502,-144.09,-663.07,-106.63,2.29
2503,-34.27,-599.4,-122.23,-26.57
2504,-45.59,-508.15,-130.92,-25.42
2505,59.13,-444.3,-136.61,-37.5
2506,-74.13,-617.38,-117.67,-9.41
2507,-87.7,-596.14,-117.03,4.2
2508,-62.62,-578.11,-119.67,8.9
2509,-66.4,-604.47,-122.74,-28.78
2510,-83.69,-530.07,-120.31,-21.23
2511,-35.51,-537.19,-122.15,-4.55
2512,-43.82,-610.8,-114.29,-12.28
2513,-25.75,-601.97,-118.17,-23.72
2514,-53.3,-609.69,-128.7,-23.36
2515,-28.76,-631.38,-134.75,-20.07
2516,-94.65,-522.06,-124.26,-25.53
2517,-180.44,-802.41,-132.07,-34.55
2518,37.8,-23.71,-136.33,-29.27
2519,-134.84,-854.36,-135.28,-32.49
2520,84.31,-557.79,-128.37,-31.69
2521,-41.57,-657.24,-127.39,-31.34
2522,-48.16,-695.71,-134.02,-43.34
2523,-44.95,-605.92,-131.52,-26.48
2524,-88.16,-672.35,-125.58,-49.47
2525,-26.09,-552.21,-125.21,-30.51
2526,-20.02,-584.11,-135.21,-36.88
2527,-37.57,-584.07,-140.77,-55.72
2528,-93.57,-692.6,-138.96,-27.05
2529,18.77,-391.96,-157.87,-51.03
2530,-32.16,-771.5,-132.41,-19.12
2531,-25.36,-631.24,-142.45,-22.48
2532,-60.1,-681.4,-160.28,-44.82
2533,-132.33,-607.86,-152.06,-59.84
2534,59.15,-535.06,-155.74,-39.15
2535,-83.35,-773.18,-156.34,-51.26
2536,-48.24,-596.99,-158.27,-52.66
2537,-138.03,-594.13,-136.01,-25.48
2538,56.78,-613.21,-155.91,-47.31
2539,-32.32,-704.61,-150.3,-38.09
2540,-27.05,-675.57,-150.58,-44.04
2541,-63.49,-666.87,-134.91,-47.83
2542,-58.56,-533.26,-155.43,-69.42
2543,-121.83,-673.12,-147.03,-50.82
2544,12.06,-720.21,-162.21,-55.37
2545,21.41,-356.62,-145.89,-45.61
2546,-66.87,-775.55,-145.73,-36.02
2547,-135.12,-811.88,-149.45,-50.94
2548,-2.24,-651.38,-156.99,-59.09
2549,19.93,-526.12,-158.2,-66.58
2550,-12.17,-645.47,-164.71,-81.23
2551,10.24,-687.93,-165.0,-92.11
2552,-135.91,-716.45,-129.21,-26.67
2553,-24.03,-684.12,-145.91,-68.77
2554,-31.45,-604.7,-144.54,-67.12
2555,-69.85,-659.47,-146.7,-74.15
2556,-27.52,-647.68,-139.83,-58.41
2557,-22.05,-708.99,-149.97,-58.5
2558,-29.95,-707.13,-150.45,-58.99
2559,-54.27,-670.33,-149.39,-76.57
2560,-162.06,-615.43,-149.5,-68.93
2561,-59.27,-715.29,-136.77,-56.48
2562,84.11,-601.52,-139.41,-47.06
2563,-48.45,-751.36,-148.62,-69.1
2564,-20.06,-656.14,-147.04,-69.47
2565,-9.42,-784.63,-157.2,-59.6
2566,0.23,-589.31,-137.86,-49.3
2567,-47.6,-748.11,-139.19,-53.9
2568,-88.78,-501.17,-146.52,-88.96
2569,-11.95,-641.78,-151.27,-64.06
2570,-14.04,-741.89,-129.97,-44.65
2571,-48.95,-829.33,-125.24,-28.84
2572,-155.62,-703.76,-127.97,-44.01
2573,68.54,-803.97,-146.28,-53.6
2574,-21.9,-706.36,-141.36,-57.1
2575,-5.86,-652.84,-131.02,-35.32
2576,-117.46,-808.88,-159.39,-72.43
2577,49.2,-467.26,-133.91,-26.63
2578,-10.13,-682.73,-137.32,-34.65
2579,-18.53,-561.27,-154.75,-58.03
2580,-55.77,-772.56,-142.78,-31.69
2581,-30.5,-723.39,-135.09,-30.14
2582,-0.03,-752.71,-150.88,-48.36
2583,-4.01,-643.5,-153.14,-53.66
2584,-39.54,-848.02,-150.0,-45.68
2585,-55.64,-722.49,-159.06,-47.25
2586,-5.19,-558.74,-136.37,-28.63
2587,-28.48,-392.23,-149.75,-41.71
2588,20.86,-759.91,-139.74,-29.55
2589,-153.42,-836.71,-143.34,-49.69
2590,-123.79,-731.82,-145.98,-36.82
2591,141.83,-583.23,-126.48,-11.03
2592,30.82,-559.86,-152.18,-36.65
2593,-35.26,-610.7,-154.05,-37.61
2594,-56.42,-870.66,-143.91,-24.97
2595,9.45,-627.74,-152.52,-42.9
2596,-84.2,-617.53,-148.75,-18.78
2597,-6.91,-831.39,-148.55,-34.36
2598,-64.21,-743.55,-155.22,-24.07
2599,-33.76,-766.09,-151.53,-33.19
2600,-37.17,-673.17,-162.59,-24.03
2601,-106.61,-413.81,-153.5,-24.11
2602,104.56,-528.6,-161.05,-43.99
2603,17.06,-793.58,-160.21,-23.54
2604,-22.61,-927.05,-157.6,-24.41
2605,-62.26,-643.47,-158.26,-25.51
2606,-45.8,-656.43,-151.29,-15.64
2607,-10.62,-741.2,-155.92,-18.26
2608,-103.07,-816.26,-166.06,-41.15
2609,-6.02,-620.0,-163.31,-38.3
2610,-162.97,-545.57,-155.86,-16.46
2611,51.67,-893.76,-190.73,-49.13
2612,17.61,-519.11,-148.97,-10.19
2613,49.27,-558.33,-174.15,-26.69
2614,-161.53,-806.09,-161.66,-13.2
2615,48.21,-926.63,-170.2,-35.87
2616,-36.79,-672.48,-171.29,-27.41
2617,-47.28,-693.07,-174.62,-32.34
2618,20.98,-706.79,-161.25,-31.75
2619,-17.11,-641.05,-178.68,-45.09
2620,7.53,-521.43,-183.32,-44.72
2621,-72.32,-767.92,-161.24,-24.53
2622,-34.62,-805.57,-165.82,-23.22
2623,-27.66,-819.85,-167.85,-29.78
2624,-66.91,-415.97,-183.01,-47.72
2625,20.48,-851.16,-187.03,-60.49
2626,-51.31,-873.24,-178.29,-17.73
2627,-44.99,-706.48,-178.93,-44.05
2628,-26.75,-604.05,-175.04,-29.34
2629,45.75,-677.36,-183.37,-43.76
2630,-216.22,-635.86,-175.56,-42.11
2631,-23.48,-906.85,-185.21,-32.2
2632,51.47,-381.66,-187.89,-50.0
2633,27.65,-1048.88,-188.97,-28.48
2634,10.71,-617.76,-178.98,-23.46
2635,-54.72,-791.64,-175.21,-26.14
2636,-17.42,-742.96,-187.03,-37.08
2637,-34.11,-747.2,-187.5,-37.81
2638,-79.6,-780.27,-201.6,-59.11
2639,15.43,-348.68,-176.23,-37.39
2640,-48.84,-906.21,-181.85,-32.63
2641,23.78,-665.19,-189.09,-30.83
2642,-140.8,-829.71,-188.13,-42.3
2643,-3.17,-758.48,-200.22,-60.03
2644,-5.64,-831.38,-194.47,-37.73
2645,-143.14,-690.39,-191.04,-52.19
2646,1.44,-574.47,-192.49,-65.36
2647,-35.77,-723.57,-187.15,-48.93
2648,-1.6,-716.04,-196.12,-31.94
2649,32.79,-657.71,-190.75,-46.94
2650,-45.47,-916.5,-196.33,-45.98
2651,-98.13,-703.38,-172.89,-28.85
2652,34.27,-822.74,-187.65,-48.68
2653,-36.95,-774.83,-186.23,-55.98
2654,-84.58,-791.38,-212.82,-87.0
2655,-96.76,-411.27,-194.33,-61.63
2656,-25.96,-877.88,-186.94,-41.17
2657,3.54,-577.43,-195.61,-39.36
2658,81.39,-852.28,-190.8,-52.72
2659,-196.26,-852.1,-190.59,-54.95
2660,7.36,-765.26,-193.41,-52.88
2661,5.07,-739.05,-194.59,-45.62
2662,-21.82,-754.21,-199.25,-55.34
2663,-44.35,-768.8,-194.42,-67.13
2664,-71.83,-795.97,-191.4,-56.13
2665,-142.99,-547.18,-210.41,-89.56
2666,73.15,-233.97,-193.78,-48.83
2667,-61.11,-263.81,-194.7,-45.11
2668,-91.61,210.54,-185.27,-29.9
2669,10.9,274.13,-188.39,-39.23
2670,-17.38,248.25,-196.53,-40.97
2671,-28.37,147.77,-192.77,-46.17
2672,-224.8,61.39,-207.63,-64.8
2673,101.06,725.16,-220.37,-79.39
2674,-5.73,30.4,-192.02,-14.4
2675,-127.16,87.07,-197.98,-22.96
2676,-88.41,248.41,-203.04,-46.08
2677,42.63,165.61,-201.21,-19.51
2678,-36.62,270.08,-202.89,-45.81
2679,-67.72,102.21,-210.2,-67.2
2680,-27.34,374.83,-192.52,-23.05
2681,10.93,451.74,-200.41,-39.74
2682,-63.11,33.12,-197.9,-36.43
2683,-63.37,89.93,-201.05,-15.1
2684,-64.06,193.2,-199.74,-32.9
2685,-32.49,308.36,-203.86,-34.11
2686,-20.31,233.36,-213.82,-33.78
2687,-203.83,103.71,-210.03,-49.87
2688,-31.87,399.66,-201.41,-13.06
2689,34.37,422.09,-188.68,-1.4
2690,-21.99,7.63,-207.35,-31.07
2691,-66.59,246.39,-212.13,-29.31
2692,-13.66,148.21,-200.15,-12.2
2693,-66.88,134.96,-200.27,-13.94
2694,-40.03,176.95,-208.94,-30.65
2695,-53.09,78.33,-215.7,-47.1
2696,-19.86,635.39,-224.71,-57.37
2697,-11.13,19.5,-199.91,12.55
2698,-28.3,209.5,-206.33,-13.57
2699,-34.68,261.6,-201.35,-29.36
2700,-61.28,155.19,-201.69,-9.96
2701,-49.23,260.57,-203.13,-15.11
2702,-117.32,104.36,-207.83,-25.93
2703,-45.38,287.21,-229.23,-51.23
2704,-33.31,252.8,-212.38,-10.21
2705,15.79,288.78,-198.94,2.65
2706,-149.98,246.41,-205.61,-14.76
2707,52.17,157.6,-208.71,-10.35
2708,-35.19,87.56,-210.09,-18.62
2709,-38.81,126.51,-208.02,-15.89
2710,-110.32,315.83,-212.56,-29.27
2711,45.57,220.96,-215.68,-9.19
2712,-44.52,241.42,-194.98,5.76
2713,-122.75,170.75,-217.51,-33.66
2714,50.11,291.9,-194.19,13.22
2715,-21.16,142.04,-205.66,-26.06
2716,4.17,569.23,-213.59,-13.01
2717,-77.28,-4.45,-203.92,2.68
2718,-40.38,130.37,-205.91,5.63
2719,-36.18,183.25,-213.94,-13.7
2720,-56.85,104.93,-210.99,-8.28
2721,-46.42,341.75,-217.84,-24.58
2722,-19.39,180.53,-210.33,-12.59
2723,-88.77,100.56,-207.62,4.74
2724,-143.78,313.34,-203.63,1.98
2725,-8.08,159.19,-210.76,-5.83
2726,2.81,273.89,-209.24,5.5
2727,-19.01,199.09,-216.63,-23.53
2728,-37.06,270.76,-208.28,6.3
2729,-42.15,168.85,-212.16,-5.59
2730,-72.18,161.97,-206.06,-1.02
2731,46.69,212.62,-215.47,-7.67
2732,-41.14,209.89,-211.11,9.88
2733,-18.88,203.51,-210.73,-4.59
2734,-44.04,190.71,-215.74,-26.76
2735,-45.02,210.01,-209.07,0.37
2736,-11.74,465.83,-225.51,-10.21
2737,-83.96,-7.28,-211.63,25.19
2738,-75.62,299.85,-210.64,17.26
2739,-60.12,38.42,-212.99,4.48
2740,-62.96,257.11,-230.49,-2.98
2741,80.68,205.96,-217.59,10.23
2742,-35.65,171.96,-210.69,26.8
2743,-37.22,188.69,-212.41,14.07
2744,-30.37,296.61,-217.05,-2.88
2745,-58.01,94.66,-221.96,-5.81
2746,-38.64,223.67,-212.51,3.95
2747,-52.22,451.39,-228.51,-31.0
2748,-56.37,85.42,-211.88,17.55
2749,-42.46,103.37,-214.49,4.21
2750,-29.09,198.47,-214.0,-11.87
2751,24.48,200.22,-214.66,7.98
2752,-42.41,114.35,-205.35,3.02
2753,-30.45,280.12,-211.1,-1.14
2754,-66.43,200.3,-229.72,-33.23
2755,-39.08,195.8,-202.07,4.93
2756,8.26,198.14,-211.15,22.92
2757,-5.16,264.85,-206.27,17.27
2758,-63.53,93.99,-205.99,10.31
2759,-29.99,174.72,-199.97,16.53
2760,-24.83,-805.16,-210.95,4.16
2761,-45.65,-823.85,-217.0,15.66
2762,-37.27,-796.34,-210.8,-5.35
2763,-55.31,-720.89,-249.6,-64.1
2764,-128.64,-463.3,-211.08,20.2
2765,56.82,-1003.06,-189.56,56.01
2766,-22.87,-856.83,-202.74,15.81
2767,-179.32,-829.51,-216.24,-10.24
2768,124.92,-689.07,-220.4,-13.71
2769,-30.78,-809.03,-217.77,-0.2
2770,-62.42,-858.94,-206.58,15.51
2771,-84.65,-759.26,-222.7,-19.71
2772,-28.13,-525.26,-242.2,-52.72
2773,-14.79,-850.83,-186.63,56.56
2774,-44.24,-932.17,-211.41,15.97
2775,-46.89,-751.88,-215.3,-24.6
2776,-22.22,-674.89,-209.93,18.84
2777,-86.89,-920.19,-208.46,21.46
2778,1.92,-815.31,-217.17,-2.01
2779,-80.57,-973.2,-217.41,-14.51
2780,-108.42,-546.75,-204.88,6.88
2781,35.41,-838.39,-208.38,-9.77
2782,-51.49,-843.86,-212.3,-1.22
2783,-37.53,-763.14,-201.29,2.31
2784,-38.34,-670.88,-208.95,-8.79
2785,-17.79,-812.7,-208.94,-20.71
2786,-62.92,-924.46,-208.35,5.48
2787,-53.76,-546.55,-216.56,-14.27
2788,-86.22,-921.51,-215.93,-2.58
2789,-78.08,-882.92,-196.74,6.32
2790,-55.84,-816.25,-197.7,-7.78
2791,-70.49,-839.76,-213.0,0.79
2792,-134.06,-731.32,-201.6,23.59
2793,19.5,-824.85,-202.75,3.88
2794,-19.11,-741.27,-217.27,-16.89
2795,-40.12,-809.56,-214.41,-13.02
2796,-74.09,-724.85,-193.9,28.92
2797,-49.23,-754.78,-205.52,-6.31
2798,-35.68,-822.9,-190.46,12.52
2799,-56.96,-758.12,-200.8,3.59
2800,-70.68,-905.86,-207.02,-8.45
2801,-25.19,-781.73,-208.5,5.4
2802,-75.14,-780.79,-208.46,5.17
2803,-47.64,-794.78,-203.42,-3.69
2804,-68.29,-822.86,-205.35,7.54
2805,-38.22,-796.9,-201.45,-0.43
2806,-125.97,-597.88,-199.52,2.13
2807,-5.61,-898.75,-203.86,-5.56
2808,-34.57,-639.26,-200.78,-5.43
2809,-84.62,-770.08,-205.51,1.65
2810,-19.18,-913.97,-193.99,0.75
2811,-70.26,-852.61,-207.53,-10.38
2812,-72.18,-843.54,-215.55,-19.93
2813,-30.02,-762.65,-189.88,-7.51
2814,-84.95,-753.79,-208.91,-19.48
2815,-81.12,-773.05,-195.42,17.65
2816,-63.16,-594.24,-204.6,-5.66
2817,-38.1,-964.62,-191.17,20.74
2818,-44.51,-751.76,-205.1,-17.73
2819,-24.32,-710.81,-205.1,3.01
2820,-56.15,-913.31,-205.56,-9.19
2821,-98.26,-889.51,-216.14,-16.53
2822,-12.56,-752.22,-207.73,-10.8
2823,-61.68,-752.36,-198.13,-2.31
2824,-5.33,-667.15,-201.12,8.62
2825,-77.8,-863.17,-205.88,-1.24
2826,-87.21,-760.06,-198.1,4.43
2827,-104.13,-749.66,-204.66,-6.26
2828,-35.21,-728.33,-205.61,-11.26
2829,-11.11,-854.18,-204.96,-13.33
2830,-47.57,-690.1,-213.62,-20.8
2831,-60.86,-925.49,-211.41,-10.12
2832,-90.85,-772.64,-205.69,-5.72
2833,-67.83,-807.19,-212.78,-29.07
2834,-1.01,-772.83,-205.4,-1.17
2835,-49.76,-852.09,-204.9,-17.08
2836,-74.01,-767.88,-209.09,-31.17
2837,-39.33,-624.55,-208.66,0.54
2838,-89.1,-947.0,-202.06,-1.34
2839,-82.76,-859.73,-214.93,-27.36
2840,3.39,-456.2,-215.43,-22.39
2841,-123.31,-936.24,-208.42,-21.67
2842,-69.08,-829.87,-189.62,11.59
2843,-75.59,-826.98,-207.66,-11.54
2844,-65.77,-784.0,-209.63,-8.38
2845,-70.41,-805.01,-214.35,-28.95
2846,-156.45,-745.45,-224.86,-34.97
2847,-162.53,-677.56,-221.52,-1.58
2848,43.03,-909.78,-202.64,11.24
2849,-11.99,-690.28,-222.87,-10.03
2850,-74.88,-677.0,-227.48,-12.03
2851,-85.11,-959.64,-215.91,-1.82
2852,-83.53,-826.55,-219.61,-4.02
2853,-128.08,-822.69,-228.96,-30.36
2854,-135.75,-541.77,-232.29,-66.18
2855,-31.86,-910.74,-220.74,35.55
2856,-15.29,-764.82,-215.25,17.7
2857,-87.19,-773.68,-213.38,-0.22
2858,-81.66,-941.91,-222.97,-19.83
2859,-96.53,-766.21,-215.08,14.9
2860,-56.18,-826.83,-218.88,-3.81
2861,-72.96,-808.01,-221.47,-2.59
2862,-87.23,-805.88,-220.91,-11.66
2863,-122.05,-817.25,-221.23,-22.77
2864,-57.67,-601.86,-244.51,-59.75
2865,-110.85,-612.55,-236.29,-5.16
2866,-107.09,-820.18,-212.85,23.32
2867,-36.24,-962.33,-218.01,15.87
2868,-86.18,-849.9,-211.38,17.47
2869,-61.03,-816.4,-216.98,4.42
2870,-80.68,-821.69,-217.03,-3.07
2871,-80.52,-810.98,-222.82,-6.68
2872,-74.44,-793.05,-217.56,-7.17
2873,-99.12,-812.12,-219.16,-5.41
2874,-86.38,-801.26,-221.61,-0.78
2875,-92.43,-791.37,-224.42,-2.96
2876,-102.37,-813.61,-213.11,-5.29
2877,-192.96,-683.76,-249.68,-63.76
2878,-39.25,-550.68,-211.16,-14.48
2879,-20.77,-919.7,-204.54,21.86
2880,-234.91,-846.82,-200.19,22.49
2881,42.36,-865.78,-214.76,4.08
2882,-50.6,-827.6,-218.75,4.17
2883,-67.92,-823.78,-219.51,-1.04
2884,-91.54,-861.44,-220.1,-1.97
2885,-107.86,-806.28,-226.3,-23.15
2886,-126.86,-515.67,-228.0,-21.01
2887,67.19,-458.93,-220.56,-0.97
2888,-112.22,-1071.43,-215.37,7.44
2889,-98.82,-886.83,-211.88,11.63
2890,-83.87,-850.12,-218.39,4.38
2891,-90.3,-808.44,-226.88,-1.75
2892,-79.47,-799.83,-218.92,0.67
2893,-89.37,-813.13,-228.74,-5.07
2894,-86.09,-802.03,-227.28,-4.42
2895,-152.26,-746.28,-219.57,1.91
2896,-13.6,-780.58,-235.53,-8.6
2897,-97.14,-869.69,-242.63,-19.66
2898,-69.15,-713.05,-227.17,2.01
2899,-126.08,-452.3,-219.01,0.65
2900,-29.28,-878.98,-224.4,7.92
2901,-41.84,-859.27,-226.07,-0.96
2902,-58.61,-806.45,-235.54,-21.24
2903,-72.91,-872.44,-235.22,-5.81
2904,-115.83,-774.55,-207.07,18.09
2905,-111.21,-775.4,-228.81,-2.2
2906,-27.28,-555.83,-225.63,-0.87
2907,-65.82,-903.86,-235.13,-1.86
2908,-130.63,-830.92,-223.09,-16.26
2909,-111.57,-667.53,-219.62,0.03
2910,36.1,-649.16,-248.33,-24.92
2911,-58.88,-876.16,-232.28,11.03
2912,-74.99,-853.19,-232.92,-4.7
2913,-128.86,-890.08,-231.94,-12.23
2914,-83.25,-803.83,-234.69,-2.5
2915,-30.62,-718.78,-223.81,1.69
2916,-64.88,-711.51,-229.23,-26.8
2917,-60.99,-774.03,-231.88,4.85
2918,-109.26,-811.52,-227.54,-7.4
2919,-72.6,-638.37,-242.46,-37.5
2920,-44.37,-422.42,-252.28,-28.12
2921,-42.95,-1082.89,-224.27,28.68
2922,-67.09,-860.76,-221.66,12.86
2923,-75.21,-811.73,-229.74,-6.22
2924,-45.38,-727.03,-232.26,-10.19
2925,-67.81,-831.68,-231.79,-9.97
2926,-83.89,-792.9,-232.85,-17.94
2927,-78.67,-659.37,-233.61,-24.93
2928,-122.88,-707.39,-256.47,-47.13
2929,52.06,-417.56,-243.03,-10.4
2930,-81.53,-1002.46,-219.83,28.64
2931,-79.87,-948.18,-243.26,-6.49
2932,-27.45,-716.04,-234.47,2.86
2933,-46.51,-653.53,-239.53,-15.37
2934,-104.87,-826.55,-233.2,2.33
2935,-24.32,-775.92,-244.24,-8.34
2936,-77.43,-735.44,-244.53,-18.33
2937,-167.8,-922.6,-242.39,-31.3
2938,-18.37,-656.99,-239.82,17.15
2939,-6.58,-485.48,-241.71,-2.96
2940,-46.24,-856.79,-235.82,4.26
2941,-34.84,-685.09,-243.4,-6.83
2942,-55.38,-724.67,-235.75,3.07
2943,-60.35,-908.11,-245.24,-18.3
2944,-95.55,-825.74,-229.08,-0.87
2945,-134.67,-816.1,-252.42,-33.8
2946,4.06,-378.32,-264.88,-62.45
2947,6.92,-678.8,-230.89,23.32
2948,-74.36,-931.43,-221.03,15.44
2949,-59.51,-721.1,-240.91,-13.23
2950,-81.54,-846.7,-240.55,-5.36
2951,-80.97,-847.59,-240.02,4.06
2952,-51.07,-771.37,-249.03,-17.96
2953,-44.14,-664.54,-244.45,-21.22
2954,-77.42,-644.52,-241.12,-0.82
2955,-81.7,-806.42,-233.09,-5.3
2956,-88.35,-884.37,-236.04,-9.11
2957,-74.27,-733.65,-224.93,-5.84
2958,-80.15,-762.01,-236.42,-13.65
2959,-98.98,-788.52,-239.01,-19.74
2960,-75.64,-692.64,-237.88,-14.95
2961,-0.9,-745.03,-244.11,-12.33
2962,-51.22,-706.87,-246.35,-24.03
2963,-37.53,-794.74,-243.78,-22.39
2964,-23.71,-685.37,-241.72,-16.26
2965,-51.06,-776.87,-239.43,-6.16
2966,-54.55,-726.1,-246.45,-22.41
2967,-79.46,-859.21,-241.27,4.75
2968,-53.36,-683.72,-237.99,-3.68
2969,-61.65,-832.48,-241.18,-13.64
2970,-83.01,-823.47,-246.92,-17.24
2971,-41.36,-705.2,-244.73,-13.32
2972,-24.18,-675.45,-239.59,-17.09
2973,-75.06,-479.68,-242.03,-45.62
2974,-206.5,-872.87,-250.2,-21.3
2975,51.09,-733.38,-224.62,17.91
2976,-52.81,-698.77,-242.75,-14.5
2977,1.96,-861.2,-234.46,-12.37
2978,-38.51,-786.91,-229.87,-14.83
2979,-63.22,-815.67,-237.81,-17.49
2980,-51.34,-644.04,-255.44,-58.15
2981,-50.92,-667.2,-231.46,-9.96
2982,-81.49,-805.6,-229.18,-3.37
2983,-144.21,-601.92,-252.91,-45.47
2984,21.0,-806.87,-228.93,-2.22
2985,1.07,-687.79,-238.3,-43.13
2986,-64.37,-770.7,-250.07,-31.26
2987,-48.27,-598.84,-220.53,2.82
2988,-72.78,-762.03,-233.67,-21.76
2989,-61.01,-580.69,-250.36,-53.84
2990,7.72,-631.76,-238.87,-14.52
2991,-103.76,-946.18,-224.99,0.59
2992,-97.07,-578.14,-236.08,-40.3
2993,-33.03,-901.43,-219.49,9.22
2994,-75.98,-825.23,-228.39,-4.45
2995,-49.4,-750.76,-239.97,-22.85
2996,-57.67,-735.87,-240.68,-24.27
2997,-78.24,-791.73,-240.52,-19.89
2998,-73.63,-790.92,-248.55,-23.5
2999,-57.9,-719.81,-251.06,-28.37
