,ch1,ch2,ch3,ch4
0,-5.42,-438.75,-160.31,-28.02
1,-103.28,-523.14,-78.46,48.01
2,-51.55,-525.68,-51.38,13.8
3,73.91,-494.19,-81.48,-7.25
4,22.26,-382.39,-112.66,11.25
5,-5.83,-499.25,-111.45,10.59
6,-6.98,-529.62,-107.22,20.48
7,-46.44,-417.8,-113.15,-41.6
8,-122.44,-471.6,-100.56,44.71
9,69.43,-536.53,-239.22,-34.11
10,-33.89,-493.13,-6.26,-20.1
11,3.86,-398.52,-107.89,40.36
12,-49.67,-494.21,-160.91,21.06
13,14.97,-420.36,-187.37,-5.66
14,-18.05,-407.07,-46.15,16.28
15,12.38,-429.28,-101.84,13.43
16,-3.67,-484.41,-91.36,9.17
17,-68.7,-402.08,-156.46,11.95
18,-74.33,-476.49,-104.17,17.73
19,51.76,-570.28,-84.39,20.11
20,1.94,-453.14,-119.39,-56.29
21,20.54,-384.02,-109.8,15.15
22,-19.22,-548.01,-144.64,28.84
23,-29.25,-534.0,-111.42,-0.01
24,-191.19,-460.95,-95.14,-9.11
25,115.91,-438.58,-71.98,-8.95
26,0.16,-466.86,-193.12,6.87
27,-13.74,-404.2,-66.3,-6.79
28,-37.28,-379.41,-68.84,-11.03
29,63.13,-479.48,-235.12,15.0
30,-3.53,-478.38,-132.17,-25.08
31,-14.78,-556.72,-21.59,68.03
32,-27.02,-416.78,-85.95,25.06
33,-87.17,-356.45,-137.79,-2.14
34,-88.87,-450.05,-194.8,13.58
35,103.64,-531.59,-42.53,-5.76
36,-20.98,-442.53,-84.77,12.68
37,71.92,-374.44,-90.42,-4.33
38,-7.94,-472.49,-125.44,54.83
39,-29.49,-557.36,-99.93,8.27
40,-22.16,-499.42,-111.97,6.33
41,-27.07,-476.41,-148.65,7.13
42,-40.79,-423.68,-114.3,-52.53
43,-177.47,-325.01,-114.84,36.57
44,160.57,-316.37,-106.33,23.11
45,-4.7,-597.52,-154.8,-17.59
46,-36.91,-516.66,-274.75,3.49
47,27.78,-493.94,45.85,65.06
48,14.95,-530.1,-43.24,44.95
49,12.33,-434.64,-117.41,-7.76
50,-18.09,-488.53,-93.34,16.27
51,-29.75,-484.2,-101.57,13.1
52,-35.37,-476.94,-104.01,11.3
53,-30.62,-480.48,-102.09,2.78
54,-16.84,-393.42,-104.52,2.83
55,-73.99,-191.94,-143.77,-15.5
56,-94.7,-520.42,-309.17,-117.82
57,79.27,-518.22,-39.26,-3.12
58,-19.29,-502.73,-18.1,21.93
59,32.48,-563.66,-63.84,110.71
60,-6.65,-521.89,-100.2,56.53
61,1.4,-465.4,-163.39,22.48
62,-1.73,-412.15,-73.64,-7.24
63,-48.64,-386.36,-103.19,-3.18
64,-5.33,-477.95,-81.38,14.19
65,-33.04,-540.68,-86.72,16.95
66,-24.11,-474.44,-97.07,27.15
67,-9.16,-469.8,-96.59,21.14
68,-27.08,-490.87,-98.86,17.43
69,-200.89,-465.8,-97.91,22.9
70,114.23,-445.09,-205.89,-17.09
71,1.59,-409.59,-164.48,-78.96
72,37.78,-386.91,-49.36,17.3
73,5.9,-560.62,-66.14,71.86
74,-30.35,-490.09,-58.16,37.8
75,-2.0,-477.55,-104.42,38.6
76,-19.0,-484.18,-104.88,31.7
77,-104.69,-452.2,-97.56,27.05
78,19.88,-353.96,-104.08,16.77
79,21.67,-363.86,-185.63,0.61
80,-63.22,-532.24,-244.21,-5.82
81,-2.33,-502.22,13.95,16.53
82,-79.18,-475.09,-72.02,20.82
83,39.33,-453.43,-84.41,36.83
84,-9.56,-495.38,-126.61,10.62
85,-90.9,-388.88,-133.18,-8.12
86,33.15,-261.83,-70.33,-51.29
87,33.26,-596.76,-69.64,30.71
88,13.11,-403.95,-202.38,-8.7
89,-140.78,-412.28,-21.73,96.13
90,22.13,-553.81,-108.23,-48.64
91,39.87,-499.14,-143.49,48.49
92,-1.31,-406.08,-93.63,4.02
93,-46.55,-502.88,-103.63,30.88
94,3.1,-512.76,-59.17,19.09
95,-46.0,-461.22,-113.52,-7.11
96,-115.88,-402.03,-231.22,-30.31
97,102.69,-481.05,-28.71,-10.47
98,9.83,-418.79,-75.0,4.13
99,-11.93,-470.56,-68.52,42.82
100,-3.85,-405.92,-91.49,16.61
101,-32.07,-456.38,-89.43,31.56
102,-19.33,-391.54,-122.87,14.47
103,-17.03,-467.04,-75.54,19.61
104,-29.8,-474.71,-93.08,9.14
105,-9.98,-391.85,-100.09,-2.66
106,-25.45,-506.04,-102.24,4.51
107,-40.42,-529.16,-95.53,13.46
108,-40.18,-505.49,-95.13,12.27
109,-29.96,-477.7,-97.12,18.26
110,-23.19,-468.53,-91.07,7.76
111,-21.29,-457.64,-70.0,15.33
112,-23.51,-448.65,40.05,20.66
113,-11.69,-449.06,82.43,22.7
114,-34.75,-473.45,-150.98,1.42
115,-14.6,-427.69,-54.78,17.37
116,-9.65,-462.16,-118.41,2.67
117,-3.46,-474.67,109.73,41.63
118,-27.17,-496.33,65.17,94.26
119,-12.18,-486.47,-178.43,-8.39
120,-20.43,-464.35,-126.65,-18.26
121,-24.37,-451.19,-112.48,-26.27
122,-29.48,-453.5,-137.96,24.99
123,-20.32,-422.08,-133.03,6.01
124,-14.55,-405.82,-117.56,9.58
125,-17.34,-409.69,-112.27,15.64
126,-20.68,-414.98,-107.66,19.9
127,-9.1,-394.44,-101.95,18.51
128,-14.74,-383.26,-99.17,18.27
129,-22.55,-402.91,-99.7,20.15
130,-21.59,-421.62,-90.93,26.32
131,-28.86,-461.1,-92.5,22.49
132,-28.01,-441.24,-86.72,26.38
133,-26.52,-427.67,-104.69,17.23
134,-33.2,-424.29,-75.18,23.85
135,-15.09,-413.12,-84.59,20.84
136,-23.18,-436.51,-80.06,37.19
137,-21.57,-457.84,-56.08,28.17
138,-26.6,-454.44,-33.94,46.21
139,-22.04,-448.42,-139.83,23.47
140,-14.72,-444.52,-83.74,37.22
141,-18.69,-432.73,-87.68,35.87
142,-10.84,-405.52,-121.37,22.55
143,-17.13,-394.58,-89.59,40.26
144,-32.41,-474.45,-94.32,27.21
145,-30.04,-491.32,-101.07,41.26
146,-28.41,-470.9,-106.15,32.75
147,-31.27,-463.68,-94.43,40.82
148,-10.59,-423.87,-86.0,37.0
149,3.6,-373.28,-98.73,36.23
150,-24.19,-416.82,-86.24,39.8
151,-43.67,-535.9,-68.14,43.57
152,-48.67,-498.03,-81.09,44.17
153,-32.74,-464.08,-79.08,38.26
154,-25.0,-462.45,-63.8,40.08
155,-23.29,-466.03,-100.15,40.23
156,-19.89,-474.61,-24.58,54.46
157,-21.64,-467.63,-61.78,45.07
158,-32.57,-459.08,59.17,60.26
159,-26.77,-461.84,-183.45,31.99
160,-35.98,-476.47,-104.78,43.07
161,-28.61,-465.63,-28.24,49.97
162,-20.02,-471.92,7.41,54.57
163,-26.97,-408.27,135.53,72.43
164,2.1,-228.74,-123.92,33.47
165,24.64,-310.73,85.77,43.51
166,-68.28,-692.81,12.92,73.81
167,-30.77,-574.91,61.08,96.88
168,-23.75,-441.9,-147.43,78.85
169,-39.81,-559.22,137.82,147.18
170,-40.58,-506.18,-177.93,12.75
171,-4.11,-419.26,3.19,-9.76
172,-28.64,-487.51,137.02,123.13
173,-37.14,-521.62,159.64,126.57
174,-12.65,-440.43,-267.03,-13.56
175,-16.81,-504.78,-15.62,-31.6
176,-25.6,-508.58,-48.28,71.1
177,-19.85,-500.95,374.81,109.87
178,-20.02,-489.25,-72.18,188.21
179,4.87,-478.62,-129.09,87.16
180,-33.52,-523.04,100.87,-72.1
181,-40.61,-480.13,-456.12,-7.88
182,28.66,-339.25,26.27,78.25
183,-16.11,-541.3,295.49,216.19
184,-33.99,-620.93,30.55,-45.07
185,-2.4,-554.72,-668.73,-31.73
186,-2.73,-554.1,-605.03,142.33
187,-12.34,-506.88,-1025.83,-55.76
188,-35.54,-539.24,-1601.5,-105.17
189,47.41,-493.66,-802.42,30.75
190,-44.65,-558.54,-1634.67,225.56
191,-29.98,-492.48,-1152.24,-377.39
192,-10.33,-474.32,-589.44,163.24
193,28.03,-484.27,-1148.02,112.53
194,-3.94,-500.1,-1110.4,19.73
195,-28.03,-464.43,-1470.11,-150.32
196,-29.43,-481.51,-1151.46,-12.1
197,-9.25,-328.05,-937.77,88.82
198,34.3,-348.36,-704.05,-2.1
199,-8.85,-522.08,-1415.99,-108.69
200,-50.67,-548.35,-1260.17,119.15
201,-51.78,-515.64,-1082.3,38.22
202,-48.94,-499.46,-914.51,152.78
203,-34.75,-482.59,-1166.71,39.15
204,-35.26,-461.13,-947.67,92.65
205,-64.98,-542.76,-1168.23,50.97
206,-36.46,-381.17,-1074.12,46.43
207,-27.12,-400.87,-748.95,93.53
208,-27.03,-532.26,-1273.26,111.9
209,-15.08,-463.59,-1144.05,44.21
210,-6.95,-460.47,-1050.73,82.86
211,-10.92,-459.37,-1021.39,60.93
212,-25.8,-485.24,-1071.1,0.4
213,-31.07,-510.59,-1117.57,45.94
214,-27.72,-466.73,-1071.04,87.7
215,15.37,-427.53,-1006.41,-3.16
216,-41.23,-533.5,-1273.87,47.64
217,-40.41,-628.8,-1181.65,98.44
218,-27.09,-519.32,-917.24,-0.62
219,-19.47,-368.13,-1260.3,55.98
220,-20.59,-366.6,-1107.37,14.59
221,14.39,-432.53,-982.45,111.38
222,-32.18,-498.87,-1204.95,34.71
223,-9.97,-453.86,-943.94,57.47
224,-7.24,-478.21,-971.98,39.86
225,-34.33,-481.75,-1292.04,-39.42
226,22.13,-461.64,-1017.13,192.22
227,-13.96,-502.43,-1203.25,120.91
228,-12.56,-468.01,-1048.76,-73.13
229,-8.81,-496.81,-1223.29,21.49
230,-4.85,-472.03,-1157.0,92.02
231,-21.02,-472.19,-894.54,73.22
232,-29.26,-518.19,-1026.58,44.41
233,-8.17,-414.11,-1294.55,16.07
234,-33.73,-482.33,-1089.32,126.02
235,-2.91,-385.08,-1111.47,76.36
236,-3.32,-424.78,-990.85,26.92
237,-33.88,-598.22,-1239.83,109.3
238,-36.4,-520.64,-1118.19,84.27
239,-19.23,-499.11,-949.74,6.56
240,-9.04,-481.37,-960.25,97.95
241,-21.07,-480.59,-1306.41,145.24
242,-3.45,-451.44,-1196.69,-63.09
243,-5.06,-488.32,-941.59,39.25
244,-29.17,-549.5,-1245.09,33.37
245,-26.71,-478.75,-1116.22,59.85
246,-19.09,-479.87,-1111.8,56.54
247,-8.65,-460.16,-1191.23,23.63
248,-9.54,-470.56,-1074.79,223.34
249,-4.13,-449.01,-1175.98,-47.49
250,6.95,-524.65,-928.61,23.8
251,-3.93,-512.81,-1195.9,132.8
252,-9.72,-458.87,-1140.95,14.75
253,5.88,-521.1,-984.57,83.36
254,-19.0,-541.86,-1262.25,-36.24
255,1.32,-420.2,-990.28,100.6
256,2.47,-439.8,-963.74,86.13
257,-14.03,-490.04,-1266.04,0.11
258,-3.5,-485.58,-1112.44,24.31
259,-4.76,-451.95,-1125.4,129.66
260,-12.14,-474.13,-1025.55,58.42
261,-5.62,-512.87,-1036.44,23.49
262,-20.53,-501.75,-1336.22,18.22
263,-2.98,-472.47,-1153.19,26.5
264,-18.73,-489.56,-1081.09,72.94
265,4.61,-458.62,51.32,105.88
266,-17.04,-489.99,-51.57,107.52
267,-16.81,-477.15,-182.39,21.28
268,-10.39,-474.75,-179.47,28.94
269,-16.88,-493.46,-162.17,74.35
270,-21.18,-494.76,-24.21,63.6
271,-0.3,-470.72,-268.43,38.78
272,-1.49,-472.29,-86.2,-32.4
273,2.7,-457.39,-215.59,117.29
274,3.81,-473.85,-86.34,41.73
275,14.99,-447.54,-73.78,-129.05
276,-24.92,-564.32,-324.21,135.4
277,-4.75,-476.6,-23.66,180.85
278,-4.96,-448.13,-197.76,-8.42
279,5.97,-526.39,-130.58,-34.25
280,-8.56,-505.04,17.76,112.54
281,-6.12,-482.64,-618.25,-182.68
282,4.28,-479.52,-177.68,50.36
283,5.22,-493.73,-22.93,157.17
284,-8.38,-500.26,-424.91,-50.59
285,-1.91,-469.02,-105.5,-72.69
286,-22.5,-506.8,-135.55,7.76
287,-2.5,-463.77,-34.44,87.12
288,5.71,-487.63,-21.44,113.81
289,-11.99,-504.15,-267.49,34.12
290,-19.13,-487.34,-205.29,-23.8
291,-17.78,-491.76,-204.2,40.51
292,-13.96,-489.97,-183.19,45.5
293,-0.86,-455.32,-133.62,22.29
294,22.47,-595.32,16.78,77.35
295,-34.47,-517.06,-187.91,160.49
296,23.82,-366.28,-156.26,46.85
297,-17.71,-448.2,-36.45,-9.48
298,-0.27,-450.6,-307.64,-144.58
299,13.33,-470.34,-202.16,97.29
300,17.83,-515.13,69.61,242.73
301,-17.68,-515.66,-142.48,28.36
302,-16.68,-490.34,-120.93,-48.46
303,35.22,-472.13,223.64,59.43
304,-22.7,-568.12,-568.04,22.84
305,-9.97,-485.19,-13.01,62.48
306,25.75,-437.99,114.13,29.66
307,-5.24,-489.59,-42.73,31.97
308,2.57,-476.98,68.22,137.09
309,19.93,-505.24,-296.2,3.22
310,-30.75,-518.7,-188.38,-67.47
311,-31.99,-470.17,-258.36,-10.04
312,-23.66,-480.07,-49.11,80.89
313,23.12,-482.27,595.68,238.63
314,-0.27,-453.04,302.37,-65.7
315,-35.36,-502.6,774.7,197.72
316,-1.56,-471.01,862.98,-51.11
317,-4.74,-461.86,1058.58,111.38
318,-37.83,-466.48,664.77,47.78
319,-19.32,-449.28,987.16,137.95
320,38.49,-346.87,851.58,35.22
321,10.19,-429.16,895.5,125.91
322,3.48,-496.77,858.09,-57.79
323,-10.54,-368.28,742.05,69.71
324,18.41,-454.68,840.98,53.55
325,-34.34,-684.37,817.75,160.19
326,-7.17,-507.12,1040.22,59.79
327,-16.72,-519.55,822.04,3.54
328,6.6,-513.58,755.73,145.49
329,-25.4,-562.27,914.72,0.2
330,-2.84,-428.03,870.86,27.04
331,14.08,-431.97,767.31,153.45
332,-16.01,-512.76,942.4,44.15
333,-18.2,-452.51,680.75,5.78
334,1.79,-473.87,1136.8,151.51
335,-2.59,-488.99,565.62,-28.68
336,-30.15,-518.72,950.28,128.27
337,-3.13,-450.98,896.66,82.97
338,-18.88,-467.92,889.93,82.43
339,-5.4,-468.99,979.78,40.85
340,1.29,-456.97,820.06,221.3
341,-3.73,-478.53,811.69,18.56
342,-31.82,-562.49,851.86,82.12
343,11.81,-423.52,1125.57,-47.96
344,-26.27,-477.15,613.57,131.78
345,-6.55,-477.05,882.68,77.16
346,-10.44,-429.8,792.69,51.43
347,3.86,-464.91,866.8,46.12
348,18.49,-464.33,1135.49,248.62
349,-38.38,-513.31,635.78,35.81
350,-7.76,-471.95,870.56,9.85
351,4.73,-417.18,955.02,187.69
352,-26.21,-504.25,622.44,-96.65
353,-13.82,-491.42,948.26,8.52
354,18.67,-401.83,881.56,92.09
355,-8.46,-485.8,871.66,142.9
356,-25.88,-511.93,952.67,63.81
357,-26.11,-525.02,809.27,70.77
358,-13.52,-494.85,994.7,112.94
359,-8.61,-472.73,745.11,122.97
360,-12.42,-430.16,755.34,-31.76
361,-16.16,-555.51,917.55,-2.89
362,-3.95,-486.53,1049.76,221.36
363,-20.38,-460.87,728.61,-2.85
364,7.21,-460.91,881.35,93.61
365,-8.94,-483.99,870.58,86.3
366,-2.84,-500.5,800.45,90.74
367,-16.26,-493.84,810.53,44.06
368,-0.98,-469.87,987.98,39.17
369,-6.02,-480.44,657.71,58.48
370,10.12,-476.34,1053.49,-31.71
371,-5.31,-497.26,709.11,140.95
372,-18.22,-492.51,776.83,-70.87
373,48.68,-468.3,1254.97,166.37
374,-40.26,-530.1,536.87,42.21
375,-11.17,-527.06,755.52,-65.07
376,-10.73,-475.53,704.82,-83.65
377,4.91,-466.3,880.65,-42.22
378,-2.18,-470.24,1102.97,293.92
379,-12.08,-485.55,892.37,95.63
380,-20.07,-495.1,769.49,4.88
381,15.52,-469.51,708.93,-167.31
382,-13.82,-518.81,1046.45,50.33
383,1.61,-475.78,845.03,306.52
384,32.25,-462.34,984.9,-135.28
385,-6.37,-497.96,970.28,322.6
386,-5.1,-517.06,449.85,-379.48
387,-15.01,-511.18,978.47,233.91
388,-29.14,-493.62,986.35,-11.25
389,24.97,-471.3,1126.24,102.29
390,-30.85,-482.15,788.04,73.48
391,-14.43,-472.39,740.42,-55.54
392,57.11,-453.01,955.51,34.9
393,-12.92,-463.98,734.39,45.55
394,-26.65,-471.83,831.55,17.73
395,-27.01,-491.34,943.69,107.75
396,16.84,-457.44,867.06,21.77
397,-6.63,-496.07,943.92,114.99
398,-20.22,-494.93,721.37,74.96
399,-4.11,-457.71,724.72,-122.76
400,-12.8,-477.03,807.77,164.81
401,9.73,-466.17,1052.21,37.15
402,-16.19,-474.49,885.0,224.62
403,-20.9,-464.11,733.17,-70.27
404,8.38,-450.43,1134.84,-51.03
405,0.8,-501.49,737.45,205.97
406,-24.39,-514.35,723.58,-51.57
407,-14.0,-479.86,866.6,-15.93
408,12.09,-424.67,832.49,53.11
409,-16.42,-482.32,861.23,93.47
410,1.95,-454.66,1037.13,73.15
411,-12.01,-485.46,900.69,118.46
412,-8.59,-509.64,741.49,13.42
413,-4.18,-466.46,922.33,38.76
414,6.47,-376.84,914.01,31.83
415,-21.74,-477.14,767.72,148.39
416,-9.95,-500.91,822.68,-51.43
417,5.75,-516.04,1021.36,138.45
418,-52.01,-692.9,730.95,74.32
419,-24.74,-436.09,824.52,64.36
420,-0.8,-400.86,811.89,40.66
421,-14.35,-464.27,859.83,60.04
422,-12.57,-488.95,990.13,18.47
423,-35.24,-495.34,699.48,103.4
424,5.61,-412.59,905.44,22.69
425,6.39,-478.71,856.64,200.37
426,-12.33,-422.4,818.81,17.82
427,-13.33,-466.31,761.74,-64.33
428,-18.28,-441.33,980.12,135.49
429,-19.79,-420.49,766.84,37.41
430,10.1,-424.28,1045.49,127.82
431,-30.82,-510.02,796.28,89.54
432,-20.31,-479.1,807.03,52.07
433,-10.56,-472.39,855.23,70.95
434,-25.29,-474.63,872.91,108.5
435,-28.55,-455.45,769.06,8.23
436,-27.19,-494.88,849.35,99.58
437,-26.98,-557.46,831.05,-41.61
438,-30.06,-486.95,997.99,71.92
439,-2.89,-386.21,703.93,71.33
440,-9.12,-448.19,1018.93,34.77
441,-19.69,-439.88,745.73,58.16
442,-18.87,-467.18,773.07,88.15
443,-27.64,-483.44,888.17,94.7
444,-20.03,-472.3,928.87,109.77
445,-34.91,-498.42,862.85,38.59
446,-11.91,-462.01,825.4,21.09
447,-7.6,-462.22,887.34,183.79
448,-32.58,-505.31,762.2,32.21
449,-8.48,-461.3,966.82,13.92
450,-10.16,-456.6,882.43,32.31
451,-17.58,-468.78,842.04,133.07
452,-19.37,-502.74,823.27,-65.08
453,-32.24,-489.13,836.06,150.61
454,11.12,-427.15,1118.14,202.28
455,-31.51,-484.4,478.44,-135.29
456,-11.28,-493.86,959.05,57.79
457,-20.81,-480.38,889.09,87.91
458,-9.56,-438.18,726.23,13.35
459,-40.96,-472.86,864.46,23.8
460,15.19,-461.98,907.23,91.11
461,-22.72,-487.49,825.91,113.42
462,-18.15,-484.27,880.84,46.44
463,-33.14,-478.42,894.69,72.77
464,-14.37,-474.15,899.94,96.58
465,-6.06,-447.91,920.52,81.58
466,-14.15,-470.07,-108.81,89.55
467,-16.61,-463.32,-166.52,52.22
468,-15.81,-477.72,-121.93,60.41
469,-22.02,-485.22,-63.26,128.52
470,13.24,-430.23,-75.22,65.63
471,-40.49,-472.96,-218.19,44.92
472,12.38,-439.8,-115.88,90.15
473,-35.13,-506.12,-178.01,11.57
474,-28.54,-490.21,-5.65,89.43
475,-1.84,-471.01,-263.1,-9.06
476,-12.32,-442.16,-52.06,137.84
477,-18.1,-451.81,-160.84,37.19
478,-3.2,-456.28,-67.62,58.82
479,-22.1,-561.2,-141.82,19.77
480,-28.0,-477.33,-153.77,68.78
481,9.44,-371.85,-110.42,1.56
482,-6.69,-441.59,4.96,239.03
483,-18.8,-477.22,-177.22,6.94
484,-13.48,-469.06,-168.28,79.4
485,-15.35,-454.66,-112.35,41.65
486,-4.7,-440.58,42.73,125.7
487,-16.56,-460.15,-212.73,41.87
488,-17.42,-475.73,-149.49,75.88
489,5.68,-462.86,-99.56,62.68
490,-19.71,-491.28,-149.4,25.1
491,-21.69,-463.32,-119.59,58.16
492,-11.32,-474.33,34.53,35.09
493,-13.25,-476.27,-171.7,113.37
494,-24.05,-490.42,-139.79,61.42
495,-8.69,-459.92,-18.04,107.8
496,-4.89,-433.55,-279.39,-1.81
497,-11.5,-449.39,-50.43,80.91
498,-17.59,-471.2,-131.02,74.77
499,-1.75,-448.6,-116.85,28.91
500,-20.0,-499.78,2.32,54.83
501,-30.7,-502.98,-266.34,47.64
502,-10.69,-448.39,-103.31,112.66
503,-4.45,-468.57,-30.07,73.04
504,-3.65,-409.21,-156.01,-33.3
505,-8.58,-461.66,-132.18,109.56
506,-21.67,-461.12,-76.57,75.65
507,5.22,-434.8,-180.6,-27.14
508,-17.75,-461.6,116.51,62.65
509,-30.38,-479.59,-271.52,53.8
510,-27.9,-491.22,-165.17,37.62
511,-8.22,-470.51,-73.94,60.38
512,-11.76,-471.02,-158.09,65.22
513,-23.02,-500.32,-135.94,1.2
514,-3.43,-439.64,-77.78,117.88
515,-14.71,-471.66,-187.98,-28.58
516,-26.73,-462.65,-86.91,70.35
517,-9.16,-421.59,-117.52,57.06
518,-2.78,-456.46,-83.07,69.82
519,-5.25,-478.39,62.74,108.09
520,-14.96,-457.74,-160.91,44.73
521,-20.98,-468.46,-104.56,44.66
522,-21.2,-484.44,-159.73,-3.84
523,4.95,-435.57,-148.36,-23.73
524,-8.99,-445.82,-162.72,77.11
525,-20.24,-483.74,-135.18,87.55
526,-16.35,-500.39,-70.08,34.26
527,-20.88,-479.91,-107.81,74.77
528,-10.53,-453.83,-146.31,25.16
529,-6.05,-467.39,70.79,76.77
530,-14.98,-460.23,-242.08,68.72
531,-27.35,-475.15,-92.08,28.55
532,-13.13,-468.52,-125.1,95.19
533,-19.21,-509.35,-238.62,-40.98
534,-6.58,-451.59,-59.58,12.55
535,-22.67,-470.64,-207.63,28.95
536,-8.02,-445.4,-70.65,68.2
537,-3.91,-451.89,-56.25,139.53
538,-19.42,-509.56,-196.21,44.81
539,-19.76,-517.93,-85.41,-21.06
540,-15.19,-489.84,-108.72,62.13
541,-14.45,-382.39,-111.05,3.81
542,-9.76,-435.33,-86.92,60.25
543,-1.3,-469.38,-170.24,-12.42
544,1.7,-463.26,-150.55,186.55
545,-42.67,-497.73,-93.44,-53.83
546,-21.08,-469.65,-180.52,10.45
547,-28.01,-465.85,-122.97,27.03
548,-15.71,-467.67,-228.32,48.09
549,-4.58,-482.04,-213.3,9.18
550,-15.06,-511.85,-192.18,43.59
551,-28.62,-481.24,-314.35,-105.38
552,5.53,-450.8,18.76,3.86
553,-2.53,-480.38,-261.92,96.13
554,-6.19,-525.79,-389.95,-35.87
555,-34.9,-464.77,-201.29,115.85
556,-11.01,-451.94,120.06,-69.55
557,4.51,-440.69,-309.56,-5.03
558,-18.77,-486.54,-353.44,-6.55
559,-15.85,-465.39,-47.9,139.05
560,13.33,-412.48,-208.93,-129.23
561,-34.73,-506.94,-104.63,58.82
562,-29.1,-505.35,-54.78,81.23
563,-31.39,-492.0,-139.6,57.65
564,-34.18,-458.9,-101.42,53.48
565,-13.81,-439.78,-43.21,70.62
566,-0.31,-453.98,-62.5,96.11
567,-14.9,-462.1,-12.53,93.76
568,-23.84,-454.73,-238.64,-25.25
569,-28.41,-512.98,-129.02,139.98
570,1.84,-477.86,-184.67,32.87
571,-16.88,-493.62,-109.71,116.1
572,-19.39,-431.45,-256.79,-71.23
573,-12.98,-450.94,-9.7,84.68
574,-25.03,-468.26,-170.91,65.46
575,-3.32,-441.84,-65.36,-25.77
576,2.21,-443.61,-55.02,46.43
577,-8.07,-461.15,-221.72,-19.46
578,-18.76,-501.62,-36.93,91.87
579,-16.14,-457.49,-167.99,90.32
580,-9.63,-457.43,-223.47,133.64
581,-32.35,-489.32,-30.29,-29.62
582,-13.81,-474.99,-106.28,59.33
583,-26.13,-471.33,-123.23,71.0
584,-29.13,-513.93,-82.86,101.14
585,-16.79,-453.1,-64.68,32.77
586,6.72,-407.28,-194.85,-12.87
587,-22.5,-487.95,-215.04,53.55
588,-21.35,-463.77,-56.5,45.68
589,-21.78,-443.94,-137.43,25.03
590,5.5,-419.92,-40.47,90.29
591,-45.42,-489.28,-191.36,77.23
592,6.0,-453.11,-81.6,18.42
593,-18.35,-470.92,-26.09,74.42
594,-6.82,-463.14,-206.12,14.08
595,-18.93,-501.52,-88.48,17.91
596,-5.93,-463.79,-38.23,152.09
597,-31.27,-434.5,-204.9,-19.51
598,-16.23,-464.69,-138.56,7.67
599,-17.38,-486.21,-72.34,86.73
600,-10.99,-461.74,-207.74,13.4
601,-22.59,-466.63,-185.13,76.35
602,5.2,-433.05,-17.3,43.99
603,-21.42,-501.33,-49.53,212.99
604,-23.88,-486.09,-162.71,-51.8
605,-22.5,-440.4,-126.6,6.39
606,-0.87,-440.03,-70.45,106.13
607,-26.32,-458.75,-204.67,46.53
608,-18.66,-489.35,-94.34,10.51
609,-14.88,-477.84,-160.99,-20.89
610,-30.17,-478.71,-164.12,33.91
611,-12.03,-447.12,-149.32,93.33
612,-14.19,-456.97,-63.06,87.43
613,12.14,-437.64,-137.24,127.34
614,-26.92,-484.12,-82.65,13.13
615,-23.12,-477.21,-134.21,34.0
616,-18.22,-484.71,-120.19,41.38
617,-35.28,-482.76,-154.44,61.93
618,-24.13,-495.44,-134.8,8.09
619,2.57,-454.85,-21.8,86.67
620,-19.92,-449.66,-150.14,108.75
621,-3.85,-459.78,-185.26,-80.96
622,-42.99,-536.31,-129.42,64.82
623,-43.36,-538.02,-108.81,64.72
624,-5.5,-447.05,15.4,-6.15
625,9.5,-426.79,-203.89,126.22
626,-5.71,-437.33,-245.39,-28.64
627,-33.14,-495.04,-71.84,60.93
628,-2.65,-438.05,-156.09,65.17
629,-16.92,-489.09,-70.1,-11.8
630,-27.74,-505.79,-192.69,112.43
631,-5.4,-475.36,-51.98,59.31
632,-11.2,-488.19,-225.11,-29.61
633,-21.73,-494.47,-189.73,-56.85
634,2.17,-412.48,-141.62,102.59
635,-28.05,-499.01,-133.61,46.79
636,-3.41,-446.07,-24.07,105.16
637,-31.28,-499.75,-194.72,-20.5
638,-13.83,-536.74,-124.06,-14.45
639,-30.25,-509.88,-50.22,92.03
640,-29.53,-467.69,-124.17,47.59
641,-6.74,-419.67,-128.78,49.04
642,-15.54,-439.09,-161.57,49.07
643,-27.71,-519.83,-108.94,17.75
644,-27.59,-441.53,-81.53,79.78
645,-25.13,-448.89,-113.83,63.24
646,-17.06,-456.53,-105.14,70.13
647,-13.87,-479.35,-109.44,59.32
648,-13.21,-473.82,-95.8,62.42
649,-7.55,-471.97,-16.12,93.01
650,-13.8,-499.77,-306.99,59.79
651,-25.88,-490.86,-80.99,-41.6
652,-6.4,-460.55,-67.72,50.75
653,-8.96,-419.73,-109.22,28.26
654,-17.98,-477.16,-126.49,10.62
655,-10.72,-476.63,-88.09,29.09
656,-31.11,-491.42,-133.12,64.62
657,-4.35,-480.41,-5.68,79.13
658,-28.0,-520.9,-199.68,7.17
659,-12.05,-465.5,-97.58,72.75
660,-14.14,-519.15,-154.31,-11.06
661,-30.26,-474.93,-127.13,70.84
662,-5.56,-454.18,-111.88,7.08
663,-6.0,-461.69,-83.47,165.73
664,-24.55,-474.13,-96.42,-23.54
665,-10.19,-471.35,-94.39,107.02
666,-10.51,-471.11,-102.73,22.62
667,0.33,-472.48,-163.2,-5.73
668,-31.55,-512.82,-218.22,2.75
669,-8.9,-532.13,-71.24,7.39
670,8.25,-436.3,-148.32,36.69
671,-41.39,-451.02,-186.77,89.54
672,-15.36,-464.37,-77.95,-0.36
673,-9.5,-454.82,-75.04,42.47
674,-1.46,-448.56,-26.7,55.53
675,-23.32,-507.26,-127.52,52.05
676,-15.89,-493.14,-145.61,9.44
677,-10.64,-481.9,-76.64,68.84
678,-21.96,-488.04,-146.83,39.23
679,16.34,-455.34,92.79,-39.88
680,-8.81,-498.16,-218.36,138.13
681,-41.83,-491.65,-208.6,-44.5
682,-21.71,-501.76,-166.38,35.74
683,3.51,-466.92,-5.47,13.6
684,-6.65,-456.68,3.6,-58.24
685,-26.46,-504.66,-157.49,107.34
686,-21.93,-506.12,-41.45,101.88
687,6.81,-449.66,10.35,2.55
688,3.07,-483.83,40.68,68.78
689,-29.79,-514.53,-305.58,-31.04
690,33.87,-447.32,120.41,81.37
691,-30.49,-509.41,-32.33,-86.13
692,-29.01,-509.06,-384.8,17.21
693,4.29,-480.61,186.33,-16.15
694,16.28,-446.75,-33.01,27.43
695,3.03,-489.57,-506.08,103.68
696,-46.06,-533.22,-345.67,-144.07
697,1.85,-482.1,-175.14,26.65
698,-27.62,-503.3,-212.64,36.36
699,1.37,-487.76,52.45,-1.48
700,18.82,-463.12,-231.95,9.12
701,-1.52,-431.24,-32.04,-53.23
702,-22.49,-504.97,-117.94,100.76
703,-15.62,-500.31,-69.34,-78.87
704,-16.35,-522.42,220.31,147.68
705,-26.13,-493.38,-275.33,-3.16
706,-34.93,-501.36,-210.66,-48.72
707,-10.29,-442.76,-101.02,59.93
708,-4.13,-487.25,198.23,198.95
709,-42.66,-527.29,-362.16,-114.94
710,-31.48,-485.69,-227.3,47.08
711,-17.0,-460.75,-98.34,71.55
712,-31.62,-472.21,-96.59,96.7
713,-28.47,-480.34,-87.98,22.31
714,5.86,-470.17,7.3,49.77
715,-11.2,-494.47,-150.4,51.5
716,-19.15,-468.66,-36.09,66.2
717,-21.21,-473.46,-211.28,5.74
718,-20.4,-465.51,-65.64,78.39
719,-24.78,-500.82,-125.18,-17.93
720,-23.2,-482.2,-165.69,186.71
721,-24.01,-460.1,-158.39,8.85
722,10.05,-451.22,367.15,120.77
723,11.56,-484.15,-424.83,-23.58
724,-35.51,-470.64,-279.43,92.51
725,-19.03,-484.01,50.07,51.12
726,-24.12,-463.35,-444.69,-69.38
727,21.79,-414.15,231.83,-199.18
728,-49.38,-556.53,-126.59,221.01
729,-39.86,-510.88,-52.59,81.7
730,-5.08,-471.85,-32.31,126.39
731,-30.23,-477.97,-269.91,0.76
732,-31.61,-502.24,-113.73,94.53
733,-30.53,-468.24,-135.38,46.44
734,-24.03,-451.4,-159.93,45.56
735,-23.56,-513.0,-71.3,87.45
736,-10.64,-381.72,-52.59,193.89
737,-17.1,-465.56,-67.41,3.19
738,-28.57,-474.82,-137.38,16.43
739,-28.41,-480.35,-147.86,84.87
740,-0.84,-454.87,-246.61,-101.47
741,-36.49,-500.58,-117.65,87.91
742,-11.18,-471.57,10.63,57.75
743,-15.08,-484.11,-137.72,10.25
744,-41.31,-476.26,-65.88,9.14
745,-32.99,-478.75,-139.98,15.91
746,-20.84,-466.18,-105.65,173.61
747,-39.82,-478.66,-154.38,28.6
748,-11.76,-470.08,-103.36,33.66
749,-24.27,-484.52,-93.04,27.81
750,-21.24,-471.02,-69.01,80.63
751,-25.3,-472.55,-141.04,52.08
752,-21.2,-464.53,-118.58,72.15
753,-23.35,-475.53,-129.17,33.67
754,-20.61,-451.59,-123.74,78.95
755,3.05,-462.18,-3.64,79.0
756,-44.03,-538.83,-227.86,-16.14
757,-28.34,-473.31,-28.38,33.41
758,3.76,-415.9,-103.83,50.69
759,-27.2,-482.4,-152.03,53.52
760,-26.79,-482.76,-172.38,16.85
761,-23.41,-479.36,9.47,64.06
762,-19.08,-480.2,-234.59,32.28
763,-26.5,-474.74,-89.98,-18.91
764,-24.49,-473.25,19.04,65.84
765,-32.18,-487.45,-152.76,67.93
766,-25.18,-486.34,-110.6,56.76
767,-29.93,-471.31,-53.4,45.08
768,7.19,-444.16,-151.71,-11.11
769,-37.79,-506.27,-44.1,57.43
770,-26.55,-483.89,-130.84,55.8
771,-7.4,-462.47,71.54,117.68
772,-17.71,-469.16,-356.44,-63.62
773,-40.44,-505.29,-114.5,37.81
774,-18.81,-448.97,-191.63,11.68
775,0.46,-458.35,247.76,105.41
776,-22.05,-496.21,-340.56,31.07
777,-27.3,-457.1,-123.4,-10.12
778,-17.01,-473.67,-115.63,10.26
779,-34.9,-556.54,-263.48,96.21
780,-16.26,-421.45,-19.66,-54.04
781,-14.23,-441.11,-120.9,50.56
782,-10.06,-481.65,68.63,26.74
783,-11.08,-465.18,-148.46,23.14
784,-15.43,-462.22,-226.17,91.66
785,-20.13,-472.67,-122.82,-12.13
786,10.54,-483.18,69.0,64.3
787,-37.11,-524.76,-212.78,8.74
788,-16.53,-442.55,67.69,49.48
789,-13.44,-444.84,-312.99,-71.55
790,-21.43,-465.2,-207.62,88.61
791,-18.21,-479.14,-145.12,60.29
792,12.59,-448.94,47.2,-63.97
793,-23.57,-476.74,-112.57,31.53
794,-39.07,-498.66,-165.37,24.82
795,-40.34,-564.63,-170.26,40.24
796,-28.37,-504.84,-73.76,12.05
797,22.47,-333.16,46.15,28.15
798,-29.07,-481.99,-155.24,-11.85
799,-10.3,-479.68,-219.47,69.79
800,-18.04,-468.74,-60.36,72.07
801,10.04,-483.09,26.41,49.01
802,4.46,-472.45,-172.39,38.71
803,-5.69,-461.07,-43.21,32.83
804,-23.99,-476.8,-256.62,-10.04
805,-21.8,-487.47,-127.75,-25.11
806,6.7,-457.46,224.72,-13.79
807,-24.04,-513.19,-433.88,-1.27
808,-31.86,-501.74,-54.26,62.22
809,-27.38,-496.42,-117.03,64.2
810,-6.25,-407.14,-11.77,101.4
811,-5.58,-460.17,-238.79,-27.11
812,-2.78,-506.38,131.91,-5.38
813,-35.28,-476.14,-237.49,-8.67
814,-40.96,-486.15,-149.44,48.23
815,17.51,-450.32,-67.46,-100.95
816,-17.43,-504.24,-349.29,97.12
817,-48.59,-493.57,-84.3,18.13
818,-20.64,-471.76,-51.15,41.59
819,-12.71,-492.43,-148.1,7.76
820,7.26,-432.47,341.81,66.93
821,-22.96,-477.32,-415.61,-19.22
822,-38.46,-497.32,-179.5,-13.0
823,-17.11,-448.16,-138.62,32.54
824,-6.49,-456.95,-126.7,21.56
825,-12.99,-495.75,-47.66,155.79
826,-19.95,-475.25,-179.92,-71.47
827,-32.17,-507.61,-73.63,18.36
828,-27.23,-480.69,-81.07,81.94
829,-8.31,-467.19,-90.22,-2.41
830,-15.94,-451.96,-86.42,74.36
831,-15.26,-450.93,-197.02,17.25
832,-6.72,-475.28,-52.73,63.14
833,-22.74,-498.67,-155.22,10.83
834,-27.56,-448.12,-122.64,34.17
835,-29.54,-483.7,-90.93,-26.23
836,-16.44,-497.23,-143.44,80.48
837,-1.35,-441.69,-26.76,-23.08
838,-28.42,-489.52,25.7,107.56
839,-25.61,-471.78,-348.77,-42.16
840,0.2,-474.29,-62.51,126.69
841,-23.08,-466.35,-79.79,-77.02
842,-22.63,-502.11,62.08,-20.56
843,-20.59,-479.04,-314.75,4.71
844,-6.2,-451.23,-86.09,69.38
845,-27.36,-485.03,-243.23,-35.22
846,-18.48,-476.65,-118.06,50.31
847,-28.94,-507.49,-92.16,35.46
848,-7.89,-474.36,-83.34,125.52
849,-23.86,-482.35,-116.46,-36.0
850,-18.91,-447.42,-9.87,5.76
851,-16.83,-453.29,-214.57,136.84
852,-29.05,-465.07,-197.15,-47.68
853,-26.76,-471.89,-92.27,44.07
854,-32.57,-509.39,-150.96,-37.48
855,-31.5,-488.37,-122.61,79.02
856,-26.63,-479.25,-105.51,36.48
857,0.77,-438.55,-98.73,4.9
858,-18.16,-489.76,191.56,83.43
859,-25.85,-483.95,-251.04,-39.84
860,-27.55,-497.49,-154.6,32.33
861,-24.48,-467.64,-181.35,-11.33
862,-26.71,-474.87,-135.97,80.68
863,-22.27,-457.59,-129.35,7.29
864,-12.93,-463.96,-124.99,98.34
865,-14.84,-487.0,-93.02,2.67
866,-21.75,-482.69,-87.32,42.96
867,2.63,-446.41,-83.84,26.08
868,-24.97,-478.38,-167.27,11.52
869,-18.65,-472.08,-121.07,-21.76
870,-14.9,-491.58,-91.76,148.35
871,-18.37,-484.47,-5.84,25.06
872,-22.24,-472.95,-136.65,2.76
873,-19.75,-476.67,-161.97,17.46
874,-1.12,-422.07,-126.67,35.18
875,-30.13,-488.75,-104.11,-1.19
876,-33.04,-484.18,-128.49,95.41
877,-24.06,-468.99,-125.81,-9.62
878,-16.3,-446.64,-112.52,38.51
879,-23.05,-509.34,-98.0,49.93
880,-24.44,-487.27,-122.41,31.96
881,-22.18,-496.27,-120.83,26.13
882,-21.31,-514.6,-51.72,52.34
883,-12.64,-430.11,-158.4,65.84
884,-13.95,-456.09,-147.22,3.58
885,-16.15,-464.38,-156.08,-2.74
886,-9.73,-466.22,-71.6,28.64
887,-23.32,-492.13,-86.01,40.44
888,-27.18,-487.85,-37.08,50.66
889,-12.41,-460.09,-182.05,44.15
890,3.74,-458.88,26.76,33.64
891,-14.97,-483.07,-92.23,33.33
892,-12.04,-449.81,-64.03,-7.71
893,-28.18,-514.28,-208.83,-12.24
894,-11.06,-410.22,-149.8,7.24
895,-9.23,-423.89,-136.81,47.49
896,-15.19,-486.91,-149.32,71.38
897,-28.97,-506.38,-73.07,7.69
898,-26.76,-495.01,-117.21,17.62
899,-8.95,-484.21,-156.76,-31.79
900,-19.26,-489.84,-121.2,86.14
901,-8.31,-449.18,-104.23,-9.56
902,-13.47,-411.64,-123.57,16.48
903,-22.44,-443.18,-105.35,41.74
904,-24.02,-499.09,-89.61,9.19
905,-15.45,-472.24,-120.8,-29.15
906,-16.33,-494.2,-49.23,59.69
907,-3.76,-489.24,19.97,22.88
908,-29.3,-448.05,-218.34,32.64
909,-16.99,-475.95,-112.66,52.79
910,-4.23,-451.21,-127.1,59.46
911,-19.03,-481.19,-145.5,-25.81
912,-8.46,-471.6,-108.16,1.03
913,-29.75,-531.46,-175.82,62.46
914,-20.76,-465.87,-85.28,-4.72
915,-12.5,-479.87,-79.39,-22.82
916,-15.18,-470.99,-169.68,-10.94
917,-14.97,-472.13,-99.66,20.04
918,-11.06,-475.21,-36.91,45.68
919,-14.38,-470.4,-139.81,-8.44
920,-10.18,-428.37,-56.51,108.84
921,-11.49,-373.45,-215.18,7.87
922,-11.8,-508.42,-48.87,-6.67
923,-21.35,-504.89,-155.1,42.81
924,-17.3,-486.5,-133.77,0.85
925,-12.69,-487.57,-160.83,5.41
926,-26.34,-524.79,-123.12,-2.47
927,-18.62,-487.37,-76.86,-3.09
928,-5.66,-463.38,-47.98,28.41
929,-14.59,-452.76,-149.74,-30.28
930,-9.44,-448.64,-54.96,38.98
931,-15.79,-479.0,-182.76,-12.38
932,-26.36,-505.75,-155.38,71.79
933,-24.72,-469.72,-76.52,27.55
934,-12.82,-486.71,-36.18,92.7
935,-10.8,-476.38,-41.05,16.75
936,-23.57,-478.04,-209.56,2.66
937,-20.39,-468.52,-91.01,13.82
938,-15.05,-460.3,-226.85,18.89
939,-25.08,-496.62,-87.18,31.05
940,-19.11,-469.2,-114.59,-51.19
941,-22.17,-478.31,-144.63,45.99
942,-7.8,-488.52,-133.02,-31.97
943,-6.17,-508.07,-119.67,-10.21
944,-2.13,-424.35,-34.3,109.34
945,-6.32,-368.22,-148.37,36.46
946,-15.78,-427.29,-23.85,13.02
947,-17.39,-479.25,-207.33,-32.23
948,-16.68,-519.6,-123.52,51.52
949,-22.16,-527.61,-100.83,15.46
950,-4.09,-468.07,-81.91,45.83
951,-23.3,-491.24,-137.02,61.13
952,-12.1,-491.52,-90.85,-62.36
953,-17.99,-468.02,-174.44,32.88
954,-14.56,-444.32,-95.78,27.71
955,-15.56,-434.05,-123.35,11.58
956,-14.88,-469.02,-104.64,47.19
957,-11.16,-496.22,-143.71,24.08
958,-13.51,-486.82,-121.17,-5.31
959,-17.15,-483.73,-111.3,51.1
960,-11.95,-442.19,-120.4,11.82
961,-7.17,-458.08,-108.86,25.63
962,-6.25,-438.85,-120.54,32.3
963,-16.1,-391.22,-66.28,42.41
964,-19.05,-494.76,-135.96,-7.37
965,-15.55,-480.58,-139.24,1.64
966,-28.65,-516.38,-41.68,52.01
967,10.77,-421.25,-88.81,-24.66
968,-20.57,-476.59,-215.18,60.06
969,-22.15,-532.35,-110.11,-5.13
970,-14.48,-460.84,-105.89,-6.64
971,-6.47,-463.7,-35.85,13.81
972,-11.85,-489.59,-167.88,42.15
973,-19.56,-476.47,-126.62,-12.54
974,-11.05,-489.26,-120.22,-20.09
975,-24.83,-471.86,6.18,-27.06
976,-3.76,-424.92,-190.21,69.22
977,-20.45,-462.46,-150.85,20.2
978,-9.37,-466.54,-130.48,-42.9
979,-13.48,-488.98,-75.21,16.09
980,-12.09,-469.03,-120.16,69.11
981,-4.15,-448.34,-156.42,-46.68
982,-21.16,-492.42,-39.84,75.55
983,-19.1,-471.26,-176.28,-50.14
984,-23.99,-470.94,-116.14,29.29
985,-0.91,-440.61,-117.53,1.77
986,-9.18,-465.39,-144.72,-23.46
987,-22.39,-454.66,-68.08,61.21
988,0.22,-436.93,-44.71,-39.85
989,-16.68,-442.25,-163.0,45.07
990,-4.04,-419.59,-127.9,45.13
991,-40.45,-517.65,-73.84,16.29
992,-10.87,-496.77,-50.95,22.04
993,-5.7,-427.48,-204.49,-7.24
994,-22.35,-449.84,-125.79,-54.29
995,-9.15,-418.21,-111.65,23.41
996,-26.74,-496.95,-45.13,57.33
997,-20.38,-470.49,-172.13,-15.04
998,-13.96,-458.78,-130.48,-1.05
999,-9.22,-454.75,-61.43,39.04
1000,-23.79,-492.2,-133.53,-24.86
1001,-26.51,-469.83,-94.86,65.49
1002,-14.02,-461.2,-131.44,-36.77
1003,-5.03,-442.37,-157.52,-98.35
1004,-20.57,-484.75,-61.15,105.24
1005,-22.79,-466.03,-154.76,43.78
1006,-11.27,-427.3,-67.02,26.21
1007,-10.15,-429.85,-131.97,2.77
1008,-9.6,-470.09,-77.94,40.62
1009,-14.21,-455.65,-117.04,62.67
1010,-28.72,-486.35,-142.15,-53.66
1011,-27.05,-476.18,-33.53,13.26
1012,-18.47,-462.14,-142.5,57.19
1013,-16.04,-467.43,-41.73,-28.27
1014,-27.88,-460.33,-154.77,-27.75
1015,-10.85,-439.53,-114.07,7.76
1016,-13.15,-445.16,-77.18,13.42
1017,-22.41,-481.11,-5.23,16.96
1018,-18.71,-479.71,-298.25,-36.19
1019,-21.26,-464.92,-75.31,25.89
1020,-2.08,-447.03,-129.3,-5.62
1021,-22.24,-480.91,3.03,86.28
1022,-19.23,-483.46,-78.36,29.94
1023,-29.2,-481.48,-162.04,18.95
1024,-25.88,-454.04,-141.49,19.8
1025,-8.58,-454.93,-103.21,9.65
1026,-15.2,-486.9,-57.25,11.75
1027,-27.42,-476.89,-167.48,-39.62
1028,-20.95,-457.86,-126.79,20.82
1029,-0.28,-398.44,-120.39,-7.16
1030,-5.13,-439.71,-33.83,29.83
1031,-54.04,-511.33,-151.82,26.37
1032,-28.86,-502.92,-144.76,-37.02
1033,-17.24,-470.72,-127.6,6.58
1034,-10.77,-445.47,-90.28,-7.37
1035,-30.23,-489.21,-85.56,57.4
1036,-15.2,-479.77,-117.94,17.37
1037,-8.05,-467.07,-188.74,-17.98
1038,-7.89,-461.36,-67.12,88.8
1039,-31.01,-494.41,-100.05,-51.49
1040,-12.99,-435.54,-116.8,23.82
1041,-16.95,-459.71,-82.06,23.6
1042,2.46,-463.05,-123.82,-23.34
1043,-30.24,-479.5,-40.69,60.66
1044,-3.69,-463.96,-15.45,-39.35
1045,-18.21,-478.47,-228.17,23.27
1046,-20.82,-464.65,-107.7,36.57
1047,-27.58,-466.9,-143.64,-7.25
1048,-18.25,-460.04,-121.44,31.31
1049,-27.49,-482.43,-118.09,37.6
1050,-15.19,-475.03,-126.53,32.68
1051,0.32,-430.22,-62.71,45.51
1052,-15.31,-450.04,-99.85,-15.0
1053,-17.64,-499.36,-183.0,26.65
1054,-34.39,-483.84,-69.73,-85.06
1055,-11.97,-465.38,-164.87,17.7
1056,-16.29,-468.69,-106.85,13.24
1057,-19.99,-473.89,-92.44,19.33
1058,-21.99,-484.59,17.48,54.16
1059,-28.36,-480.21,-160.37,-4.97
1060,-11.98,-431.95,-182.75,8.31
1061,4.26,-449.03,-103.83,-12.13
1062,-25.8,-506.2,-132.65,-1.51
1063,-19.88,-446.75,-79.95,35.66
1064,-20.31,-487.7,-129.59,38.38
1065,-28.59,-494.15,-126.6,9.78
1066,-20.83,-487.08,-114.24,13.68
1067,-23.42,-475.3,-113.77,12.98
1068,-14.7,-470.76,-44.67,23.83
1069,-1.68,-445.49,69.08,-3.41
1070,-10.82,-473.54,-115.7,68.11
1071,-34.75,-455.08,-272.69,-18.39
1072,-24.39,-485.27,-133.93,21.06
1073,-13.6,-467.11,-151.8,-78.61
1074,-23.03,-470.44,-128.91,70.2
1075,-31.26,-488.34,-108.0,11.4
1076,-26.07,-485.62,-114.58,24.12
1077,-19.33,-464.71,-113.95,18.92
1078,-14.98,-449.41,-125.08,14.25
1079,-5.34,-473.19,37.65,10.36
1080,-23.38,-475.46,-84.04,-4.53
1081,-22.51,-453.46,-243.33,-14.36
1082,-26.93,-491.68,-162.9,7.1
1083,-19.37,-482.85,-92.34,36.4
1084,-27.53,-488.17,-105.17,45.65
1085,-22.65,-479.97,-120.02,37.18
1086,-15.58,-471.85,-116.63,8.9
1087,3.48,-435.8,-7.71,26.06
1088,-28.81,-471.98,-209.43,64.5
1089,-23.98,-478.06,-132.18,-15.54
1090,-21.76,-491.04,-61.79,7.16
1091,-21.75,-467.67,-243.65,-72.31
1092,-18.79,-460.56,-109.92,22.1
1093,-17.44,-468.26,-80.99,6.15
1094,-11.83,-461.37,41.24,56.98
1095,-17.98,-480.16,-263.12,40.48
1096,-29.91,-497.76,-151.01,-28.92
1097,-24.29,-478.73,-120.74,19.72
1098,-15.28,-464.84,-120.91,-6.7
1099,-16.15,-469.15,-131.51,15.33
1100,-13.75,-471.7,-106.33,25.4
1101,-10.28,-467.47,-144.43,16.58
1102,16.43,-438.54,125.12,45.16
1103,-32.29,-494.09,-266.34,40.91
1104,-38.52,-463.47,-165.71,-55.67
1105,-16.58,-474.57,-127.23,-15.69
1106,-20.73,-477.29,-183.98,0.79
1107,-10.21,-469.81,-134.82,4.54
1108,-23.49,-473.97,-139.48,35.9
1109,4.19,-465.32,-46.72,28.88
1110,-17.01,-483.58,-138.71,7.5
1111,-12.81,-452.48,-140.66,-23.2
1112,-36.24,-522.57,-102.97,41.9
1113,-18.2,-460.05,-105.95,16.21
1114,-13.99,-454.83,-98.29,0.43
1115,-20.61,-461.69,-163.36,57.93
1116,-8.6,-448.39,-120.57,2.28
1117,-13.78,-473.54,-103.98,9.2
1118,-24.95,-472.54,-134.93,-10.36
1119,-24.2,-507.32,-133.41,-18.06
1120,-21.95,-460.76,-155.34,28.96
1121,-14.42,-453.24,-159.24,29.5
1122,-13.02,-478.18,-160.57,-17.86
1123,-8.9,-465.04,-40.97,38.77
1124,-27.44,-471.39,-109.28,-16.99
1125,-21.88,-461.52,-124.15,35.9
1126,-17.1,-464.82,-71.31,37.66
1127,-32.62,-495.3,-173.1,-33.77
1128,-31.1,-464.95,-111.08,29.86
1129,-16.47,-437.46,-130.63,2.59
1130,-16.29,-454.28,-47.73,-14.55
1131,-7.85,-465.1,-150.13,-11.65
1132,-6.01,-464.65,-106.84,3.01
1133,-14.13,-414.0,-137.3,20.18
1134,7.38,-440.82,-93.7,-5.65
1135,-5.43,-416.21,-136.99,-35.65
1136,-29.85,-476.29,-201.46,3.7
1137,-18.7,-497.04,-115.21,63.16
1138,-26.9,-470.95,-101.91,52.4
1139,-19.55,-442.64,-110.69,30.11
1140,-18.53,-451.46,-122.9,34.33
1141,-33.96,-515.73,-100.89,60.38
1142,-30.36,-513.62,-125.86,24.18
1143,-20.51,-472.65,-126.25,14.94
1144,-27.17,-488.56,-128.91,2.72
1145,-24.75,-477.11,-125.59,21.62
1146,-16.48,-445.72,-122.23,27.72
1147,-21.6,-483.61,-117.17,63.62
1148,-30.11,-494.82,-121.48,29.09
1149,-18.26,-441.01,-126.64,11.45
1150,-19.02,-473.29,-126.97,-15.95
1151,-16.55,-454.45,-115.44,-13.34
1152,-7.02,-417.65,-127.47,24.37
1153,-26.13,-497.96,-104.08,26.68
1154,-12.54,-439.07,-124.85,8.04
1155,4.49,-451.86,-81.71,-28.94
1156,-33.92,-520.72,-136.67,81.86
1157,-12.17,-422.75,-129.28,27.29
1158,-29.31,-491.64,-110.76,-17.93
1159,-20.38,-478.22,-118.96,15.1
1160,-16.38,-465.48,-119.5,2.46
1161,-2.36,-435.61,-81.59,-11.28
1162,-15.92,-472.51,-135.38,2.01
1163,-12.85,-435.62,-132.1,10.09
1164,-27.24,-472.01,-97.73,40.38
1165,-23.02,-523.18,-147.41,4.9
1166,-33.21,-497.37,-124.21,8.83
1167,-25.16,-451.31,-105.09,40.1
1168,-6.62,-447.87,-91.23,31.07
1169,-13.17,-491.19,-97.75,-15.37
1170,-9.52,-486.28,-133.09,0.79
1171,-27.99,-469.92,-76.88,10.97
1172,-16.66,-465.81,-135.69,41.33
1173,-9.25,-468.07,-140.66,-15.27
1174,-10.54,-464.29,-8.45,34.51
1175,-16.7,-461.5,-203.3,-28.11
1176,-14.06,-466.72,-99.64,41.64
1177,-19.11,-447.79,-109.33,5.1
1178,-18.55,-476.37,-77.48,18.77
1179,-4.35,-457.19,-115.48,31.29
1180,-7.2,-414.34,-147.68,-40.72
1181,-29.09,-507.25,-115.99,13.83
1182,-22.43,-500.13,-113.5,25.54
1183,-16.12,-492.43,-83.77,11.53
1184,-29.36,-512.21,-66.65,11.57
1185,-12.97,-447.56,-153.49,-65.1
1186,-12.67,-399.68,-86.87,12.24
1187,-22.64,-480.17,-116.2,88.32
1188,-14.51,-507.99,-94.39,33.85
1189,-5.51,-470.72,-169.03,9.72
1190,-0.18,-409.78,-69.46,25.91
1191,-23.67,-437.71,-135.52,-11.21
1192,-22.19,-481.63,-97.07,33.2
1193,-5.55,-479.95,-35.8,53.67
1194,-12.42,-468.34,-72.68,-4.62
1195,-28.79,-500.63,-96.15,-20.73
1196,-23.98,-483.05,-146.1,2.05
1197,-13.69,-455.23,-53.46,18.72
1198,-3.0,-430.41,-159.39,-34.44
1199,-33.24,-523.25,-100.02,76.09
1200,-32.8,-479.6,-103.72,34.86
1201,-17.11,-468.34,-117.1,2.67
1202,-9.66,-447.21,-86.25,43.93
1203,-26.24,-487.25,-113.55,25.35
1204,-26.91,-464.23,-106.47,47.91
1205,-6.83,-460.51,-110.58,-9.64
1206,2.47,-457.34,-155.73,-8.64
1207,-0.58,-430.53,-53.07,-14.02
1208,-28.54,-473.84,-86.45,72.02
1209,-19.03,-482.13,-138.23,-5.85
1210,-18.63,-443.06,-78.6,0.61
1211,-22.16,-473.18,-62.62,-22.34
1212,0.11,-484.36,-190.13,30.54
1213,-9.87,-466.03,-36.47,77.92
1214,-23.06,-480.02,-98.67,29.8
1215,-17.81,-487.83,-141.93,2.09
1216,2.43,-461.25,-34.09,-43.61
1217,-11.8,-453.22,-142.27,-34.12
1218,-6.84,-484.55,-28.73,100.54
1219,-18.99,-484.76,-149.49,-6.76
1220,-7.09,-470.93,-134.33,25.2
1221,-19.91,-465.92,-124.43,-110.43
1222,-6.1,-463.23,-111.81,58.63
1223,-26.79,-490.45,-91.01,45.49
1224,-15.87,-463.48,-90.27,38.12
1225,-8.05,-471.31,-75.57,0.16
1226,-21.86,-489.12,-59.04,30.93
1227,-16.44,-455.15,-91.33,55.4
1228,-2.59,-441.6,-164.05,-53.45
1229,-19.85,-489.98,-104.01,26.29
1230,-16.2,-404.74,-103.97,-14.97
1231,4.89,-422.64,-93.42,-4.03
1232,-26.85,-525.74,-83.76,76.76
1233,-23.48,-452.84,-124.46,14.84
1234,-9.52,-422.66,-54.64,28.39
1235,-6.7,-436.74,-128.19,-33.25
1236,-24.76,-487.8,-46.63,82.34
1237,8.01,-446.21,-147.22,10.37
1238,-24.65,-479.38,-48.59,35.29
1239,-24.5,-488.98,-81.34,-70.53
1240,-15.55,-471.62,-140.2,54.37
1241,-17.04,-462.01,-65.99,11.31
1242,-7.12,-467.3,-113.15,83.46
1243,-21.79,-462.86,-132.29,-32.17
1244,-4.88,-414.03,9.29,-33.73
1245,-20.71,-481.44,-89.76,3.77
1246,-33.84,-496.27,-163.04,60.35
1247,-11.8,-437.89,-162.68,1.83
1248,-21.93,-482.9,-38.76,10.24
1249,3.15,-489.9,72.7,66.21
1250,-22.44,-473.49,-122.32,-100.22
1251,-26.35,-488.29,-215.26,41.61
1252,-20.84,-465.33,-89.56,26.47
1253,-1.11,-451.7,-19.64,-4.74
1254,-8.62,-447.75,-81.2,80.24
1255,-17.16,-452.14,-12.67,25.91
1256,-31.38,-513.95,-225.09,-26.57
1257,0.68,-397.38,-9.19,14.32
1258,-12.17,-464.51,-140.74,-13.11
1259,-21.46,-498.8,-43.95,113.84
1260,-10.48,-451.02,46.1,-23.06
1261,-17.59,-467.53,-136.77,-33.27
1262,-14.97,-443.08,-173.09,14.61
1263,-12.25,-487.27,-16.72,17.18
1264,-19.98,-482.9,81.82,63.08
1265,-29.31,-484.98,-333.88,-53.96
1266,-4.13,-437.37,-84.79,-12.66
1267,-12.58,-472.47,158.01,113.72
1268,-33.25,-497.6,-272.26,11.59
1269,-17.32,-486.92,-115.02,-55.6
1270,-14.99,-486.65,110.7,90.0
1271,-24.49,-463.18,-175.79,-23.8
1272,-19.86,-439.81,-180.36,15.56
1273,-18.69,-423.31,-159.18,3.12
1274,-16.51,-519.89,132.98,38.7
1275,-5.79,-485.78,-92.09,35.22
1276,-39.97,-493.3,-228.31,39.38
1277,-11.61,-416.36,-204.01,-111.75
1278,1.6,-402.42,36.55,127.52
1279,-30.15,-543.07,-212.01,2.62
1280,-33.57,-524.56,-199.94,-30.29
1281,-26.79,-493.19,-118.2,4.9
1282,-29.38,-484.38,-65.81,-8.54
1283,-26.79,-492.24,-163.07,-32.44
1284,-31.63,-506.35,-99.97,16.36
1285,-26.66,-517.45,-46.19,48.36
1286,-8.9,-450.95,-139.27,-11.88
1287,-7.55,-423.25,-223.78,103.15
1288,-29.8,-484.11,-99.15,-42.66
1289,-10.23,-457.45,-88.18,-11.43
1290,-8.74,-464.39,-41.92,12.92
1291,-2.45,-451.68,-80.86,49.71
1292,-26.67,-497.88,-112.94,1.91
1293,-17.66,-468.79,-133.74,1.79
1294,4.06,-442.17,92.45,26.82
1295,-13.76,-500.58,-190.98,28.64
1296,-15.08,-515.23,-61.21,-1.28
1297,-28.21,-483.79,-312.54,-21.91
1298,-8.58,-469.79,54.87,63.25
1299,-2.73,-478.34,-293.45,-103.86
1300,-1.99,-463.29,-73.81,41.51
1301,-11.1,-439.68,-69.35,31.57
1302,-24.38,-457.49,-169.88,-9.7
1303,-36.78,-542.57,-148.17,11.37
1304,-29.41,-490.99,-121.45,-22.49
1305,-16.7,-475.28,-88.23,63.85
1306,-11.88,-460.64,-68.85,42.38
1307,-19.58,-449.55,-210.4,88.8
1308,-22.31,-480.02,-98.05,-46.95
1309,-9.01,-477.66,22.29,52.63
1310,-21.7,-493.34,-110.35,-54.48
1311,-10.22,-443.86,-184.5,8.52
1312,1.2,-475.55,74.87,27.73
1313,-46.75,-493.52,-259.25,26.79
1314,-26.02,-460.37,-93.84,34.24
1315,-12.6,-445.43,-142.62,31.7
1316,-4.98,-442.62,-71.42,0.04
1317,-22.22,-499.37,-100.5,-14.08
1318,-5.53,-443.54,-60.0,-60.37
1319,-10.56,-457.45,-48.15,131.35
1320,-34.6,-503.48,-142.46,54.95
1321,-27.25,-474.84,-141.19,-6.92
1322,-12.55,-453.71,-104.43,19.32
1323,3.66,-443.14,-48.55,19.46
1324,-13.45,-445.32,-174.41,-12.83
1325,-12.0,-467.23,-92.1,-31.11
1326,-31.08,-493.05,-56.63,18.66
1327,-6.09,-450.66,-1.08,32.03
1328,-24.82,-454.65,-224.55,32.11
1329,-13.99,-443.89,-36.99,10.87
1330,-11.01,-432.21,-162.44,13.76
1331,-9.05,-489.32,-51.34,50.33
1332,-41.73,-514.02,-155.58,48.95
1333,-25.83,-465.41,-122.14,1.17
1334,-6.54,-408.09,-0.63,-57.03
1335,-14.88,-404.81,-212.55,13.58
1336,-28.88,-458.75,-112.91,24.29
1337,-31.48,-474.72,-48.76,51.21
1338,-18.66,-515.19,-106.71,18.74
1339,-17.24,-486.98,-139.64,-35.59
1340,-13.14,-431.52,-130.4,-10.26
1341,-29.66,-475.71,-89.71,42.2
1342,-17.99,-479.09,-140.09,14.27
1343,-2.48,-446.34,-100.34,37.46
1344,-18.29,-423.81,-45.49,42.85
1345,0.49,-445.55,-41.8,15.74
1346,-16.67,-476.46,-107.72,1.34
1347,-11.83,-442.92,-155.49,91.01
1348,-24.68,-441.49,-120.94,-20.74
1349,-22.35,-495.49,-43.09,39.15
1350,-14.8,-449.05,-89.03,-18.2
1351,-22.98,-469.97,-140.75,14.72
1352,-10.38,-469.81,-52.88,18.51
1353,-16.74,-456.87,-227.22,32.27
1354,11.98,-442.07,188.7,3.13
1355,-29.36,-480.61,-309.31,12.91
1356,-32.87,-482.54,-131.15,-2.95
1357,-26.1,-473.66,-97.48,1.23
1358,-12.71,-425.34,-6.28,-12.22
1359,-18.53,-459.94,-201.18,91.79
1360,-27.49,-472.67,-152.47,-22.81
1361,-14.13,-433.69,-103.46,3.04
1362,24.85,-377.66,142.9,37.06
1363,-38.08,-478.61,-263.99,-45.48
1364,-34.77,-484.16,-160.64,-4.92
1365,-26.27,-487.57,-121.21,19.22
1366,-4.09,-461.34,-46.14,31.36
1367,-8.66,-458.19,-116.93,29.11
1368,-23.51,-482.31,-188.37,-6.5
1369,-20.03,-467.74,-111.34,18.64
1370,-33.01,-448.55,-108.64,8.36
1371,-14.76,-457.21,-21.94,-2.5
1372,-4.36,-462.59,-75.76,-5.77
1373,-16.88,-463.81,-143.87,74.76
1374,-6.26,-432.55,127.19,48.59
1375,-21.1,-430.71,-293.63,27.34
1376,-22.08,-487.28,-147.97,-68.16
1377,-31.07,-486.79,-104.23,24.68
1378,-27.1,-469.75,-7.87,6.18
1379,-14.36,-460.6,-221.26,-21.74
1380,-24.34,-453.23,-102.47,14.35
1381,0.77,-449.45,23.91,52.73
1382,-16.11,-458.66,-114.73,-20.35
1383,-13.25,-457.85,-129.68,-63.04
1384,-37.89,-507.27,-131.12,75.59
1385,-33.36,-485.5,-118.18,45.9
1386,-22.32,-470.31,-54.18,20.54
1387,3.26,-415.59,-94.31,-6.36
1388,-4.67,-441.07,-167.35,36.15
1389,-16.48,-472.24,-113.64,-7.1
1390,-22.04,-470.59,-63.67,38.28
1391,-25.74,-461.4,-69.32,22.42
1392,-22.72,-478.87,-230.24,23.23
1393,-23.39,-450.77,-103.25,4.71
1394,-16.73,-455.77,-109.07,15.17
1395,-24.8,-469.08,-102.62,24.57
1396,-11.61,-431.29,1.91,8.15
1397,19.89,-399.95,-132.19,3.72
1398,-18.97,-461.77,-168.4,2.09
1399,-18.45,-476.43,-17.3,-59.18
1400,-8.42,-472.56,-183.58,12.51
1401,-10.15,-482.47,-70.85,36.7
1402,-28.62,-454.93,-177.87,41.06
1403,-29.97,-501.31,-89.15,0.62
1404,-26.16,-427.98,-84.81,38.45
1405,-2.43,-412.34,-86.96,36.03
1406,-0.29,-458.3,-150.6,-56.73
1407,-22.81,-488.16,-116.14,49.45
1408,-21.62,-468.35,-119.33,15.31
1409,-3.48,-432.43,-124.58,0.89
1410,1.0,-456.1,76.48,6.34
1411,-43.84,-474.8,-242.09,-2.77
1412,-24.97,-458.99,-134.49,38.4
1413,-23.41,-472.63,-124.06,14.22
1414,-20.92,-477.46,-115.43,-41.92
1415,-32.54,-493.68,-136.04,-26.92
1416,-16.29,-492.58,-116.09,21.14
1417,-6.57,-407.03,-140.47,4.57
1418,1.27,-413.96,-112.16,40.6
1419,-19.39,-473.36,35.5,106.91
1420,-18.59,-428.75,-168.54,-29.75
1421,-9.76,-445.86,-161.52,-5.03
1422,-13.39,-442.24,-30.08,23.97
1423,22.0,-378.81,134.87,-52.88
1424,-52.65,-538.9,-314.49,55.06
1425,-24.06,-491.84,-138.39,42.87
1426,-26.79,-465.34,-103.12,-7.13
1427,-2.37,-450.2,-40.96,1.13
1428,-25.38,-478.78,-183.08,32.54
1429,-22.74,-479.98,-168.07,-21.18
1430,-24.01,-479.59,-20.65,49.42
1431,-10.98,-474.42,-109.38,23.67
1432,-17.7,-451.37,-179.07,36.22
1433,-25.17,-452.19,-112.88,-28.62
1434,-19.52,-448.82,-128.65,-1.75
1435,-6.68,-449.44,-6.07,-57.01
1436,-24.65,-467.78,-123.56,87.7
1437,-15.85,-449.4,-128.47,26.39
1438,-31.67,-473.35,-116.71,12.71
1439,-4.55,-448.86,-91.38,0.91
1440,-24.89,-481.89,-213.05,-20.32
1441,-19.64,-457.75,-77.92,30.48
1442,19.85,-424.13,331.65,146.8
1443,-22.51,-485.07,-443.53,-124.22
1444,-42.14,-490.72,-138.29,39.17
1445,-17.59,-480.42,-175.24,6.89
1446,-18.69,-454.35,-85.13,12.07
1447,0.75,-410.22,-128.38,-34.95
1448,-24.99,-485.39,-124.02,48.54
1449,-28.12,-477.36,-114.45,-17.35
1450,-24.24,-473.72,-91.34,64.09
1451,-32.77,-505.0,-111.19,38.5
1452,-19.2,-469.39,50.08,39.41
1453,-13.07,-447.47,-195.49,7.88
1454,-23.8,-489.82,-141.82,97.62
1455,-17.76,-467.9,-156.4,11.63
1456,-0.59,-448.75,88.16,-43.36
1457,-6.23,-472.69,-281.55,-17.39
1458,-34.73,-472.24,-119.9,-32.3
1459,-20.54,-467.59,-106.23,3.11
1460,-16.47,-465.56,78.68,82.1
1461,-22.69,-481.79,-239.48,30.04
1462,-7.46,-476.93,-85.34,9.61
1463,-22.04,-475.7,-114.33,43.24
1464,-31.34,-455.36,-157.13,-9.71
1465,-7.46,-455.52,-120.58,-11.32
1466,-20.77,-495.1,29.96,-1.3
1467,-11.93,-464.08,-229.69,14.83
1468,-28.56,-495.99,-49.17,-37.84
1469,-31.7,-510.61,-126.53,52.44
1470,-24.48,-447.7,-140.32,30.72
1471,-4.9,-453.1,29.82,70.24
1472,-14.08,-454.4,-267.3,-17.42
1473,-14.8,-490.47,-81.05,36.4
1474,-29.54,-488.9,-150.22,52.88
1475,-8.7,-435.58,-2.06,3.89
1476,-24.31,-505.67,94.68,35.02
1477,-10.82,-481.08,-168.57,-69.3
1478,-18.94,-489.16,-60.61,22.45
1479,-27.81,-511.54,-317.71,-6.61
1480,-10.67,-450.42,-136.31,-27.53
1481,16.82,-427.21,216.58,101.97
1482,-6.89,-482.62,-136.17,25.19
1483,-36.51,-486.42,-292.42,13.76
1484,-30.68,-487.47,-64.42,-42.63
1485,-28.25,-509.02,6.01,55.45
1486,-3.69,-449.02,-220.74,-25.28
1487,-17.06,-460.88,-101.04,15.95
1488,-3.68,-465.24,-91.8,24.63
1489,-12.76,-465.27,-151.88,26.19
1490,-8.74,-467.28,107.2,41.83
1491,-15.99,-444.53,-296.77,30.89
1492,-7.35,-450.33,-53.63,25.46
1493,-27.95,-443.36,36.17,-30.36
1494,-26.43,-481.36,-254.49,7.19
1495,-2.78,-471.14,38.09,15.86
1496,-24.16,-504.26,-268.7,-33.97
1497,-30.64,-485.81,-67.62,58.33
1498,-24.37,-475.48,-110.52,50.66
1499,-18.74,-491.46,-98.69,-22.27
1500,-29.42,-482.7,-95.26,36.42
1501,-27.61,-482.08,-125.08,43.89
1502,-2.39,-445.03,-172.56,13.93
1503,17.58,-448.11,20.67,74.51
1504,-29.97,-503.82,-33.65,-35.68
1505,-18.97,-565.58,-286.15,-55.84
1506,-22.35,-505.68,-141.85,-20.54
1507,-6.07,-366.84,-156.83,24.13
1508,-14.85,-470.45,112.27,107.16
1509,7.58,-389.56,202.0,66.37
1510,-26.83,-486.74,-384.46,70.62
1511,-6.15,-458.94,-176.47,-33.12
1512,-9.35,-440.93,-117.77,7.9
1513,-28.89,-506.52,-250.84,-97.56
1514,-32.27,-502.23,-121.85,57.41
1515,-12.78,-478.31,-96.95,1.88
1516,-5.23,-456.36,-125.89,31.07
1517,-17.88,-479.47,122.74,-10.02
1518,-16.17,-454.05,-281.02,63.36
1519,-21.44,-486.0,-209.87,-4.94
1520,-13.27,-474.78,-18.11,22.27
1521,2.73,-448.25,-74.11,85.3
1522,-24.89,-464.06,-175.09,4.9
1523,-29.57,-474.48,-160.68,64.85
1524,-11.42,-436.12,-123.45,32.73
1525,-23.05,-482.84,46.33,44.44
1526,-12.72,-479.61,-149.1,-12.28
1527,-28.72,-476.27,-175.95,-30.07
1528,-18.04,-460.01,-165.17,39.69
1529,-16.9,-461.57,11.45,44.75
1530,-27.93,-489.15,-210.83,-26.33
1531,-8.25,-435.78,-153.28,-39.95
1532,-20.06,-466.64,-166.05,43.99
1533,-10.28,-444.44,-53.11,40.92
1534,-6.65,-455.85,-72.65,71.23
1535,-8.28,-474.41,-81.76,-94.68
1536,-17.41,-470.71,-14.54,92.7
1537,-35.06,-471.57,-211.71,33.19
1538,-9.41,-430.65,-133.98,-19.82
1539,11.19,-433.47,-157.08,18.7
1540,-20.89,-510.23,199.96,64.4
1541,-22.06,-488.56,-458.04,80.28
1542,-36.41,-517.49,-153.02,-42.43
1543,-5.4,-441.34,-17.88,-6.11
1544,-15.21,-398.37,-184.14,-40.52
1545,-10.44,-389.68,-79.54,0.9
1546,-4.06,-457.98,-115.02,24.31
1547,-28.75,-511.89,-106.15,35.42
1548,-19.22,-493.28,-55.74,46.37
1549,-15.36,-493.95,36.0,-0.21
1550,-14.2,-472.66,-49.74,44.41
1551,-17.92,-457.69,-267.61,38.33
1552,-18.81,-473.92,-201.51,-10.21
1553,-8.95,-435.96,-103.85,6.64
1554,-34.02,-472.61,-44.51,-6.55
1555,-17.99,-505.91,-103.26,51.84
1556,-13.23,-442.18,-153.29,7.88
1557,-37.39,-501.12,-120.51,46.93
1558,-13.17,-475.68,-98.17,-14.19
1559,-6.41,-450.29,-39.24,4.93
1560,-23.25,-491.05,-120.1,70.12
1561,-32.83,-480.79,-144.62,10.82
1562,-23.5,-435.3,-139.33,-35.18
1563,-20.09,-472.47,-94.18,44.06
1564,-10.25,-464.24,-88.11,2.14
1565,-11.52,-477.32,-110.53,33.52
1566,-14.67,-468.9,-104.57,15.48
1567,-31.3,-480.29,-217.56,48.81
1568,-19.5,-475.29,-133.63,33.94
1569,-3.14,-410.61,9.29,29.17
1570,-0.94,-393.44,-8.62,-21.81
1571,-12.84,-457.94,-109.34,20.59
1572,-31.55,-536.73,-148.62,16.7
1573,-28.37,-484.63,-119.29,37.05
1574,-7.45,-437.76,-154.12,56.96
1575,-14.35,-504.46,-94.0,-66.31
1576,-14.19,-482.25,-73.36,27.96
1577,-33.23,-485.21,-180.84,12.41
1578,-28.8,-474.52,-109.35,11.98
1579,-24.69,-492.83,-130.7,0.25
1580,-25.89,-466.28,-121.36,-3.75
1581,-0.22,-471.23,-90.64,81.81
1582,-28.98,-516.47,-120.14,19.31
1583,-18.16,-456.01,-111.46,23.57
1584,-3.0,-449.0,31.08,42.47
1585,-20.71,-493.24,-198.48,8.73
1586,-22.75,-468.03,-109.92,-20.49
1587,-11.75,-432.22,-138.34,-4.88
1588,-17.34,-449.36,-25.27,-21.74
1589,-12.41,-481.73,-76.24,65.18
1590,-30.07,-487.85,-159.57,-14.99
1591,-4.63,-462.36,-97.4,49.69
1592,-5.75,-429.71,-27.17,9.72
1593,-1.28,-420.47,-225.61,70.45
1594,-22.69,-367.1,-122.94,19.37
1595,-34.25,-504.44,-121.5,-9.15
1596,-37.04,-561.41,-136.09,8.73
1597,-8.36,-480.18,-30.76,57.2
1598,-18.87,-471.72,-119.33,8.4
1599,-20.46,-510.16,-106.87,-42.88
1600,-14.24,-475.18,113.17,-20.22
1601,-33.54,-486.24,-303.31,-33.3
1602,-16.31,-495.25,-153.32,-18.43
1603,-23.04,-476.89,-132.87,90.75
1604,9.02,-380.01,-141.57,-18.18
1605,20.2,-402.03,232.93,30.65
1606,-36.28,-565.91,-215.93,280.45
1607,-43.68,-495.58,-267.78,-173.53
1608,-10.4,-470.68,-100.04,-16.24
1609,-10.79,-470.99,-111.89,-15.85
1610,2.52,-453.08,-27.96,8.51
1611,-21.8,-495.4,64.66,11.95
1612,-18.74,-481.06,-131.34,52.09
1613,-4.61,-439.05,-140.11,-26.22
1614,25.65,-411.45,-67.79,-38.36
1615,-16.85,-485.04,-282.04,12.57
1616,-16.13,-503.57,-100.86,-62.82
1617,-7.53,-444.56,-50.7,31.6
1618,-8.15,-435.55,106.87,-22.67
1619,-8.48,-542.34,212.31,169.93
1620,9.13,-462.19,-569.09,-35.5
1621,-14.24,-493.75,-184.87,-61.48
1622,-3.83,-483.22,96.51,11.26
1623,-42.15,-523.0,62.23,67.88
1624,-2.08,-466.02,-172.64,-124.27
1625,-5.53,-473.37,-131.14,-79.13
1626,-9.78,-420.45,76.02,85.74
1627,47.53,-444.76,-336.11,-119.53
1628,7.61,-491.0,-71.31,-50.87
1629,-40.72,-518.91,-276.2,76.84
1630,-26.2,-476.8,-72.95,12.72
1631,14.19,-441.86,271.02,19.14
1632,-42.26,-502.43,-358.98,-48.83
1633,-17.38,-482.35,-127.01,50.15
1634,-16.22,-453.35,-128.36,7.31
1635,-3.76,-452.54,-7.38,47.1
1636,4.72,-381.62,-65.47,160.83
1637,-24.74,-459.09,-166.61,9.73
1638,-24.9,-501.12,-94.36,-20.85
1639,-15.24,-465.51,-125.7,19.98
1640,-27.7,-460.28,-103.49,39.79
1641,-18.24,-484.18,-232.67,48.95
1642,-26.81,-485.75,-43.42,-44.51
1643,1.55,-453.31,-203.91,34.22
1644,-32.31,-496.2,80.11,67.47
1645,-13.83,-472.7,-245.15,-42.19
1646,-6.8,-498.77,289.97,117.0
1647,-10.43,-449.65,-410.19,-49.1
1648,6.2,-442.12,11.52,81.94
1649,8.93,-461.8,48.48,-69.82
1650,-30.86,-501.67,-274.51,7.27
1651,-10.36,-462.04,164.15,129.66
1652,-34.74,-468.36,-372.92,-70.15
1653,3.42,-481.94,-41.56,141.36
1654,12.09,-430.08,-99.57,-119.65
1655,-5.86,-397.56,-197.38,68.51
1656,-34.6,-528.47,-113.17,44.36
1657,-42.64,-480.84,-180.25,-45.56
1658,-16.17,-471.01,-172.41,-13.87
1659,-17.43,-511.46,-103.35,10.75
1660,-21.09,-461.13,-167.88,143.55
1661,-30.52,-492.83,-115.11,-1.89
1662,-28.37,-510.33,-98.55,-2.89
1663,8.1,-441.23,70.31,16.64
1664,-14.46,-481.39,-95.27,63.86
1665,-27.09,-487.0,-221.85,48.56
1666,-27.58,-471.79,-107.72,26.04
1667,-20.69,-462.59,-128.8,74.02
1668,15.09,-439.06,-6.72,-67.89
1669,-23.8,-486.84,-157.82,93.68
1670,-29.11,-459.93,-120.36,-4.27
1671,-7.57,-437.23,-152.66,-32.91
1672,10.92,-413.38,93.83,92.12
1673,-12.17,-507.46,-122.89,-13.18
1674,-36.03,-526.35,-395.83,-124.85
1675,-11.03,-476.92,-6.24,137.6
1676,22.74,-435.59,97.87,87.86
1677,-4.52,-435.95,-207.13,35.76
1678,-24.73,-477.76,-249.38,58.05
1679,-37.53,-527.34,-83.65,-24.53
1680,-28.73,-444.57,-117.2,15.35
1681,-10.91,-478.27,-56.99,-22.39
1682,-6.81,-463.43,-52.26,18.37
1683,-1.19,-445.08,-163.12,28.54
1684,-23.96,-511.61,-111.25,-38.78
1685,19.76,-471.59,297.92,89.18
1686,-4.03,-477.28,-217.35,116.84
1687,-53.32,-538.88,-255.28,-71.94
1688,-29.38,-481.64,-134.27,14.95
1689,-4.11,-457.16,-85.26,42.2
1690,3.74,-467.8,-131.53,-64.02
1691,-7.88,-456.74,-132.26,12.57
1692,-1.79,-505.72,51.82,-69.69
1693,-22.92,-496.67,-84.93,127.01
1694,-14.08,-450.49,-229.75,-19.87
1695,-1.25,-490.6,-129.57,63.64
1696,-3.15,-467.3,-106.82,-104.93
1697,-26.14,-498.44,-361.73,-99.03
1698,-19.18,-489.95,-151.86,-0.49
1699,1.53,-481.73,-224.86,76.73
1700,-45.17,-501.28,-121.9,-39.69
1701,8.99,-440.24,56.03,47.01
1702,-23.1,-480.03,-74.51,-36.71
1703,-54.48,-513.42,-169.76,0.96
1704,-22.82,-477.56,-15.12,25.44
1705,15.48,-437.34,-96.52,5.4
1706,-25.38,-454.91,-273.31,60.11
1707,4.34,-462.63,36.93,-143.86
1708,-16.69,-489.97,-66.37,76.82
1709,-20.52,-517.14,-171.4,76.68
1710,-21.04,-471.2,-80.89,92.93
1711,2.18,-456.83,-13.96,91.02
1712,-26.72,-492.79,-263.61,-92.7
1713,-28.45,-485.92,-80.3,-11.25
1714,-3.67,-441.71,-100.15,-24.86
1715,-21.24,-474.15,-114.59,52.18
1716,-15.71,-456.84,13.92,77.54
1717,15.18,-428.73,-329.99,-63.65
1718,-31.88,-505.63,9.91,34.26
1719,-37.48,-498.54,-104.81,86.7
1720,-13.16,-410.52,-125.82,-37.16
1721,-7.1,-468.88,-124.75,18.68
1722,-24.3,-490.78,-138.24,70.83
1723,-5.73,-482.37,69.29,114.72
1724,-29.86,-497.85,-175.36,72.99
1725,-15.44,-467.05,-60.45,-8.05
1726,-2.45,-445.2,-120.68,-74.42
1727,4.73,-428.21,-48.79,145.23
1728,-19.35,-491.59,-161.76,-2.72
1729,-24.12,-497.86,-208.73,-46.53
1730,-0.56,-474.79,354.29,116.49
1731,-16.78,-477.59,-360.82,-25.49
1732,-32.31,-465.9,-255.77,-50.63
1733,-4.87,-438.12,-29.66,98.22
1734,-30.67,-478.0,-74.53,15.49
1735,-16.84,-463.51,-98.06,93.92
1736,-17.89,-464.92,-104.99,21.16
1737,-14.19,-438.47,-120.82,24.62
1738,-2.52,-437.37,-87.05,-6.72
1739,-28.33,-526.49,-132.62,157.32
1740,-34.08,-517.39,186.09,60.26
1741,-14.19,-456.68,-308.9,-24.97
1742,-3.63,-459.08,-97.1,111.56
1743,-13.39,-474.16,-234.47,-108.28
1744,-23.46,-468.61,-22.85,42.77
1745,-23.79,-504.34,-182.08,2.49
1746,-29.92,-473.23,6.23,87.08
1747,-3.42,-441.34,-80.18,74.09
1748,-16.15,-478.21,-82.98,10.92
1749,7.84,-459.75,-30.44,-65.56
1750,-34.8,-488.85,-178.34,100.12
1751,-31.78,-481.76,-138.6,14.88
1752,-24.08,-483.55,-72.75,35.52
1753,-10.3,-484.04,-143.54,-9.49
1754,-21.44,-481.53,-123.1,4.63
1755,-18.97,-468.11,-109.37,32.75
1756,-14.14,-482.06,-53.69,139.64
1757,-29.12,-485.68,-190.05,-14.74
1758,-15.48,-483.24,-89.51,23.56
1759,-9.07,-443.21,-149.84,11.25
1760,-26.8,-473.49,-81.18,49.2
1761,-6.89,-466.07,200.5,74.89
1762,-19.39,-482.54,-278.41,31.99
1763,-19.92,-491.37,-105.06,-9.73
1764,-2.69,-461.69,-86.44,-35.42
1765,-10.48,-507.38,-307.62,20.07
1766,-20.39,-462.67,-71.48,-12.73
1767,-40.19,-473.12,-81.07,39.92
1768,7.58,-467.14,83.35,66.04
1769,-10.81,-454.71,-252.87,-27.93
1770,-0.77,-428.15,77.7,30.5
1771,-45.1,-521.47,-221.01,88.95
1772,-32.73,-501.34,-123.67,33.91
1773,5.86,-450.07,24.02,-36.77
1774,17.63,-395.87,-98.3,143.52
1775,-43.76,-513.67,-259.8,-120.23
1776,-37.75,-510.4,-99.85,62.4
1777,-11.42,-445.8,-103.89,16.35
1778,-15.37,-437.76,-94.12,22.54
1779,-21.82,-500.63,-166.11,-28.03
1780,-8.88,-464.22,-54.03,14.34
1781,-8.8,-438.91,-145.76,17.67
1782,-35.18,-545.96,-74.51,53.29
1783,-32.86,-522.73,-73.67,50.85
1784,-19.71,-478.27,-128.76,-18.96
1785,1.53,-463.3,38.59,33.69
1786,-30.7,-507.78,-287.98,71.21
1787,-18.62,-480.0,-106.11,8.94
1788,29.33,-412.95,-81.79,-7.35
1789,-11.23,-501.07,139.94,113.36
1790,-47.29,-503.12,-233.56,-95.1
1791,-5.87,-464.3,-191.28,-14.11
1792,-24.22,-468.04,-125.14,-7.09
1793,-7.25,-460.86,-135.69,8.2
1794,-23.25,-490.81,-122.76,45.68
1795,-10.79,-442.26,-143.26,-43.64
1796,-26.03,-486.81,-72.46,61.97
1797,-18.15,-444.84,-83.17,44.2
1798,0.76,-441.26,19.78,30.68
1799,-20.03,-487.62,-1.45,133.88
1800,-43.64,-502.67,-287.83,-26.39
1801,-5.61,-469.76,-166.45,-80.76
1802,-4.85,-490.51,-27.74,72.19
1803,-21.9,-499.76,-122.85,19.09
1804,-19.93,-488.79,-105.21,49.35
1805,-15.9,-473.66,-75.58,-10.85
1806,-10.15,-475.93,-132.84,16.81
1807,-6.89,-451.94,-59.03,55.78
1808,-15.11,-477.73,-80.53,20.44
1809,-13.03,-490.6,-235.87,46.42
1810,-4.39,-428.08,-72.96,-28.08
1811,-13.55,-475.64,-99.4,-24.78
1812,-26.93,-488.43,-117.92,-13.47
1813,-19.43,-482.38,-85.32,38.16
1814,-4.14,-465.69,21.19,51.39
1815,-15.45,-489.92,-124.51,-36.69
1816,-12.12,-468.79,-235.19,8.1
1817,7.26,-402.65,-93.91,-1.04
1818,4.96,-435.21,-106.16,23.89
1819,-8.95,-456.75,-95.54,39.32
1820,-36.94,-496.3,-104.1,12.67
1821,-33.07,-506.43,-115.6,3.0
1822,-15.82,-494.16,-19.23,129.5
1823,-19.68,-486.45,-148.32,-25.37
1824,-11.01,-472.67,-76.78,1.08
1825,-5.05,-476.22,-232.32,-151.79
1826,-13.0,-453.32,250.0,136.71
1827,-1.19,-445.41,-300.22,0.15
1828,-8.25,-451.76,-130.44,5.67
1829,-19.25,-475.67,-140.86,27.74
1830,-0.84,-449.83,-80.84,3.23
1831,-26.93,-502.45,-36.4,50.57
1832,-11.04,-491.49,-141.87,-21.6
1833,33.69,-386.54,-76.87,40.23
1834,-16.16,-470.7,-134.23,58.61
1835,-31.05,-504.5,-83.38,14.06
1836,-16.69,-456.02,-80.35,9.4
1837,-13.64,-464.95,-124.58,24.73
1838,-20.53,-486.62,-33.0,42.99
1839,23.2,-453.27,104.33,-47.57
1840,-20.92,-464.13,-368.14,-42.05
1841,-28.94,-495.29,-93.01,25.22
1842,-11.43,-459.96,-101.78,51.52
1843,-11.76,-449.36,-99.22,11.15
1844,-35.49,-484.66,-108.18,25.78
1845,-25.19,-474.12,-133.72,40.39
1846,4.1,-435.44,-23.6,-11.6
1847,-6.67,-405.08,-160.66,51.3
1848,-36.86,-489.74,-108.41,-4.88
1849,-10.08,-464.47,-108.78,2.19
1850,-1.61,-485.76,8.31,13.15
1851,-12.29,-485.19,-71.96,87.39
1852,-26.03,-480.72,-168.84,24.73
1853,-30.18,-472.8,-87.46,-39.91
1854,-0.21,-445.18,-24.95,45.9
1855,-16.36,-481.17,-189.27,67.69
1856,-18.18,-498.93,-179.95,-125.83
1857,-17.24,-461.17,-77.69,82.0
1858,-9.09,-431.68,-99.06,5.54
1859,7.65,-437.05,4.57,50.53
1860,-13.6,-472.76,-119.04,26.3
1861,-4.67,-465.02,-170.36,-13.07
1862,-18.09,-424.52,-124.8,7.36
1863,-9.96,-425.71,-131.8,7.44
1864,-12.86,-511.8,-0.76,61.22
1865,-2.05,-492.56,-127.09,-37.69
1866,-43.06,-551.67,-226.88,-12.97
1867,-34.86,-453.07,-86.02,31.05
1868,-7.28,-426.09,-96.79,7.14
1869,-19.29,-488.02,-88.2,26.27
1870,6.62,-468.56,118.12,8.4
1871,-22.61,-479.46,-222.17,27.02
1872,-36.91,-500.37,-162.64,-8.37
1873,-17.09,-461.6,-122.41,35.34
1874,2.62,-432.18,-133.01,-21.93
1875,-6.47,-453.39,-80.96,62.33
1876,-14.05,-449.98,-154.87,-53.88
1877,-33.27,-490.01,-95.59,48.11
1878,-10.71,-485.1,-82.47,13.4
1879,1.43,-464.46,-128.77,-57.1
1880,-6.38,-476.68,-120.91,52.25
1881,-28.66,-498.12,-64.82,29.32
1882,-12.44,-441.41,-64.79,20.76
1883,-20.36,-471.43,-146.08,-29.9
1884,-15.47,-382.08,-128.08,33.48
1885,-24.74,-510.33,-90.88,39.99
1886,-13.92,-510.88,-124.46,99.64
1887,-6.5,-440.83,-244.1,-83.78
1888,-1.43,-432.3,-60.69,-15.8
1889,-28.14,-511.82,46.19,63.3
1890,-11.7,-491.89,-208.3,-5.92
1891,6.01,-389.44,-149.43,-66.98
1892,-31.4,-440.77,-0.5,94.76
1893,-10.31,-513.56,-16.96,-24.6
1894,-10.19,-491.35,-204.87,6.63
1895,6.29,-414.83,-44.09,15.0
1896,-10.62,-447.62,-177.21,14.97
1897,-9.12,-450.0,18.27,43.96
1898,-0.47,-436.17,-199.87,-72.64
1899,11.99,-519.39,46.3,37.12
1900,-21.97,-499.02,-397.41,-7.84
1901,3.3,-405.35,-75.56,-38.87
1902,-17.55,-493.32,-8.55,20.0
1903,-19.67,-500.87,-126.53,68.35
1904,-24.89,-495.96,-153.69,-21.34
1905,-30.41,-508.69,-134.77,-9.49
1906,-6.33,-458.76,-16.75,63.95
1907,-33.44,-505.4,-157.46,18.55
1908,-15.14,-473.96,-99.89,28.19
1909,-25.51,-480.79,-113.59,21.35
1910,-15.14,-471.33,-127.32,45.04
1911,-20.59,-478.43,-75.45,-13.77
1912,-17.06,-468.11,-161.31,11.93
1913,-10.78,-455.54,-120.72,5.9
1914,-15.64,-454.61,-98.17,18.35
1915,0.71,-436.17,-196.99,-127.43
1916,-20.32,-468.35,28.07,91.69
1917,-3.72,-453.34,-137.7,84.37
1918,-4.51,-406.01,-86.91,-31.99
1919,-16.09,-480.82,-144.78,17.46
1920,-20.4,-506.39,-127.02,-35.22
1921,-13.04,-478.38,-77.1,89.43
1922,-15.3,-467.04,-104.31,36.12
1923,-33.69,-501.57,-142.76,-5.39
1924,-18.24,-464.24,-99.56,3.44
1925,-1.71,-420.89,-126.27,-13.48
1926,19.72,-394.73,14.79,18.38
1927,11.99,-460.81,211.88,-94.02
1928,-19.53,-488.49,-567.31,99.89
1929,28.65,-337.22,-34.73,-33.48
1930,-43.17,-539.36,-126.71,-12.85
1931,-39.76,-527.27,-87.49,-21.68
1932,-19.55,-517.33,-119.57,91.56
1933,-20.65,-503.71,-56.4,32.53
1934,-3.67,-451.37,-51.22,91.79
1935,-26.23,-492.19,-200.11,-46.53
1936,-17.46,-500.76,-133.08,2.87
1937,-22.0,-448.33,-109.99,13.84
1938,6.17,-429.31,20.84,-33.66
1939,3.83,-469.68,-235.52,44.74
1940,-26.36,-493.61,-117.84,-31.24
1941,-18.91,-482.74,70.0,56.88
1942,-12.05,-447.33,-174.43,26.65
1943,-13.53,-422.89,-169.97,8.47
1944,-34.78,-502.0,-127.58,16.27
1945,-24.88,-476.86,-177.72,14.9
1946,3.88,-461.37,105.44,50.88
1947,-17.29,-491.16,-160.11,11.39
1948,-35.75,-513.31,-159.5,7.5
1949,-21.21,-450.67,-135.0,2.66
1950,15.81,-355.11,-120.27,3.58
1951,-10.58,-488.13,-94.27,10.47
1952,-24.79,-484.5,-136.64,-18.89
1953,-16.06,-479.45,-4.19,41.08
1954,-27.04,-516.72,-125.48,29.69
1955,-6.48,-465.86,-106.51,-67.45
1956,-10.33,-464.4,-46.68,16.47
1957,-12.47,-464.2,-105.9,40.42
1958,-19.68,-459.92,-94.54,58.71
1959,-8.56,-482.06,68.26,24.89
1960,-17.45,-491.93,-148.78,-1.87
1961,-11.7,-478.18,-150.05,1.37
1962,12.89,-450.34,-13.28,15.79
1963,6.86,-423.64,-172.11,12.52
1964,-39.97,-493.35,-68.35,16.85
1965,-19.06,-478.2,50.54,43.06
1966,1.86,-449.95,-232.6,-2.16
1967,-6.09,-483.23,3.38,-32.47
1968,-12.03,-496.99,-179.32,-83.62
1969,6.72,-412.57,-233.87,2.72
1970,-16.1,-466.88,37.11,65.98
1971,-31.95,-514.94,-164.69,32.79
1972,-34.57,-482.16,-136.31,1.48
1973,-32.68,-485.41,-132.09,13.87
1974,-19.89,-471.62,-124.13,11.02
1975,-19.73,-478.04,-109.65,18.39
1976,-12.78,-488.74,-160.83,-14.43
1977,-37.6,-467.89,-105.33,44.16
1978,-23.19,-477.53,-130.19,10.58
1979,-13.43,-491.03,-17.61,4.56
1980,-6.09,-456.82,-165.2,-75.93
1981,-41.52,-503.36,-124.38,140.22
1982,-14.1,-463.73,-134.73,-30.94
1983,-0.41,-423.48,-98.65,32.12
1984,-2.53,-422.16,-55.04,24.12
1985,-0.91,-442.68,-162.49,-53.21
1986,-2.95,-354.13,-89.75,19.72
1987,-31.57,-570.07,15.4,50.17
1988,-26.27,-537.79,-156.78,37.96
1989,-21.15,-496.78,-205.46,-18.8
1990,-26.55,-473.75,-25.64,-35.23
1991,2.47,-456.44,-100.16,-17.48
1992,-21.44,-509.97,-178.27,104.14
1993,-31.44,-486.22,-129.95,2.85
1994,-21.45,-475.22,-123.36,4.02
1995,-19.94,-472.26,-60.97,-6.4
1996,20.84,-443.33,227.76,95.82
1997,-26.1,-503.32,-388.71,-35.23
1998,-24.01,-461.11,-163.24,-28.72
1999,-4.32,-440.67,-143.32,9.01
2000,-14.68,-504.91,41.4,25.64
2001,-38.44,-467.98,-180.43,53.26
2002,-32.27,-492.28,-145.58,-20.84
2003,-14.84,-462.93,-133.03,12.06
2004,-14.16,-447.13,-112.29,59.53
2005,-14.91,-477.63,-68.35,12.83
2006,-22.33,-463.54,-161.04,-47.03
2007,-27.03,-468.82,-129.07,27.39
2008,-15.82,-466.78,-104.06,1.96
2009,18.48,-449.84,208.68,36.03
2010,-12.72,-444.26,-363.66,-43.26
2011,-33.31,-481.46,-179.57,47.67
2012,-30.66,-505.27,-124.86,-10.22
2013,-15.37,-470.52,71.58,33.23
2014,-20.46,-477.79,-196.08,20.14
2015,-8.68,-469.09,-170.26,-0.94
2016,-14.51,-444.99,-130.95,26.34
2017,-8.96,-456.64,-35.36,68.3
2018,-28.38,-482.96,-141.88,-18.89
2019,-20.99,-465.27,-147.19,5.26
2020,-22.22,-471.8,-138.62,24.24
2021,-4.5,-467.99,-63.27,107.35
2022,-13.3,-465.94,-119.93,5.31
2023,-30.13,-457.94,-151.83,-42.59
2024,-9.71,-460.66,-31.66,-7.49
2025,-11.81,-455.52,-122.81,19.7
2026,-14.24,-472.51,-30.47,36.36
2027,-8.94,-459.44,-124.39,10.36
2028,-16.36,-494.37,-183.66,-20.55
2029,-20.32,-479.74,-195.67,-5.9
2030,-12.62,-441.39,158.99,-5.93
2031,-16.68,-459.2,-278.12,24.52
2032,-7.02,-463.46,-172.65,4.83
2033,-1.78,-410.12,-148.57,-23.48
2034,-25.02,-468.11,-109.36,43.73
2035,-30.31,-450.79,-123.99,53.99
2036,-26.15,-505.5,-42.33,10.31
2037,-5.77,-456.28,-169.43,43.48
2038,-18.33,-476.23,-169.83,-58.7
2039,-17.33,-491.12,-95.85,66.71
2040,-30.21,-480.2,-134.85,16.92
2041,-5.93,-442.11,0.28,14.67
2042,7.15,-449.03,123.41,56.25
2043,-19.61,-468.86,-352.9,-22.64
2044,-37.99,-487.94,-147.1,6.2
2045,-26.41,-481.76,-131.83,-20.2
2046,-5.56,-465.26,-71.49,-2.42
2047,-0.61,-438.37,-80.23,45.13
2048,-24.81,-462.31,-200.21,-84.15
2049,-21.41,-471.71,-121.58,54.26
2050,-36.5,-491.16,-108.26,28.17
2051,3.99,-458.59,96.98,67.57
2052,-17.14,-489.17,-291.61,-4.04
2053,-25.67,-457.1,-53.86,-4.16
2054,-26.63,-470.26,-175.46,9.5
2055,-10.41,-454.04,-207.42,-18.39
2056,-3.98,-441.1,91.09,63.4
2057,-14.1,-451.41,-181.96,-0.35
2058,-5.31,-475.01,-129.97,-31.56
2059,-32.77,-480.37,-172.19,6.34
2060,-12.41,-460.74,224.23,60.55
2061,-15.31,-465.73,-339.26,-21.59
2062,-21.07,-476.26,-189.38,-7.99
2063,-3.33,-458.52,-30.14,42.38
2064,-11.2,-455.54,-130.69,2.38
2065,-24.71,-473.96,-213.14,93.87
2066,-30.34,-464.19,-134.63,-32.37
2067,-16.93,-434.33,-123.45,-0.45
2068,9.1,-398.5,4.03,15.81
2069,-27.49,-523.98,-105.17,49.01
2070,-25.93,-495.56,-137.92,-2.95
2071,-32.75,-497.02,-162.83,42.73
2072,8.3,-421.66,-190.68,-156.77
2073,17.85,-380.24,-63.6,42.79
2074,-41.21,-504.89,199.91,144.96
2075,-27.09,-529.79,-258.33,40.28
2076,-24.78,-501.18,-203.37,-5.97
2077,-23.34,-474.53,-138.14,86.08
2078,-26.1,-464.47,-117.75,-38.6
2079,-20.26,-479.31,-127.32,-28.82
2080,4.69,-466.15,98.33,-31.48
2081,16.39,-461.85,-297.52,-1.32
2082,-13.87,-496.19,-270.88,1.72
2083,-12.92,-468.16,-80.17,-19.78
2084,-18.2,-498.04,-169.68,99.69
2085,-25.49,-499.3,-228.56,20.01
2086,-45.54,-474.49,-150.02,-55.09
2087,10.06,-431.83,116.64,16.4
2088,19.73,-395.89,-217.3,-24.29
2089,5.31,-447.19,-105.68,-46.29
2090,-28.44,-524.58,-136.85,44.79
2091,3.09,-495.76,-40.5,121.61
2092,7.42,-467.96,-175.21,4.21
2093,-6.27,-453.36,-36.97,9.27
2094,-30.64,-486.62,-185.87,-14.21
2095,3.65,-463.57,-94.54,75.11
2096,-9.91,-477.2,-320.96,-105.99
2097,-10.87,-505.46,2.71,-36.02
2098,1.58,-481.79,27.92,43.26
2099,1.24,-489.07,-210.6,73.88
2100,-10.6,-457.89,-281.73,-118.51
2101,-11.21,-456.56,-92.03,8.85
2102,-23.52,-509.74,-47.0,62.66
2103,-7.32,-452.86,-114.95,94.01
2104,2.13,-469.83,-65.1,26.2
2105,-19.93,-515.75,-157.82,-4.64
2106,6.75,-463.06,-117.41,-48.86
2107,18.95,-436.16,-36.72,28.41
2108,-9.35,-493.11,-301.52,-20.25
2109,-10.49,-477.72,-166.39,-27.28
2110,0.34,-464.84,29.74,149.42
2111,-7.64,-495.62,-129.57,-61.03
2112,-18.64,-488.53,-153.78,76.98
2113,-9.45,-464.73,22.12,50.04
2114,-10.57,-483.87,-169.58,-2.51
2115,-9.84,-487.04,-87.33,-35.76
2116,-8.57,-454.5,-189.55,72.01
2117,-20.68,-451.02,-105.86,5.53
2118,-6.06,-473.1,-6.1,29.34
2119,13.84,-466.57,-43.4,101.58
2120,-7.87,-441.59,-251.26,26.86
2121,-8.06,-438.1,-87.9,-34.82
2122,-17.14,-417.7,-184.92,-22.45
2123,-27.33,-477.06,179.83,7.75
2124,-8.01,-486.66,-293.32,20.72
2125,16.34,-463.65,-57.43,52.38
2126,4.34,-481.78,-179.71,60.81
2127,6.28,-443.3,-56.53,14.92
2128,-9.07,-472.82,-122.92,-48.52
2129,-14.31,-477.07,-187.48,48.46
2130,-22.5,-463.41,-40.65,56.92
2131,-4.18,-460.28,-109.2,36.75
2132,12.61,-470.29,-91.19,111.01
2133,1.25,-443.79,22.97,62.49
2134,-5.23,-439.42,-305.45,-175.29
2135,8.52,-424.41,-90.75,9.64
2136,-3.67,-449.59,-40.14,54.42
2137,-19.17,-495.27,26.81,24.19
2138,-9.0,-458.08,-214.0,34.61
2139,1.37,-440.28,-192.87,-13.1
2140,-30.49,-471.15,-87.95,68.15
2141,-16.49,-424.78,-103.22,39.48
2142,8.68,-441.7,-108.75,41.09
2143,-19.34,-511.87,-60.3,150.04
2144,-25.88,-472.52,-154.64,-22.77
2145,-29.88,-485.57,-123.42,22.85
2146,-21.88,-456.53,-107.92,24.19
2147,-11.84,-444.41,-105.69,-0.27
2148,-5.04,-452.91,-69.98,29.64
2149,-3.17,-419.27,-87.42,-11.09
2150,-11.92,-455.03,-163.85,66.21
2151,-7.55,-472.46,-112.48,19.05
2152,-7.86,-473.71,-166.71,26.15
2153,10.3,-455.36,-2.24,-8.67
2154,0.51,-449.21,-105.38,15.72
2155,-20.96,-490.41,-133.06,64.2
2156,-4.33,-471.72,-121.69,54.65
2157,-7.91,-453.06,-32.22,52.99
2158,-13.48,-466.43,-162.69,-44.05
2159,-8.9,-563.5,53.91,69.49
2160,-13.72,-486.17,7.49,83.51
2161,11.34,-445.12,-282.31,8.53
2162,-2.23,-522.16,-90.05,-16.61
2163,43.74,-366.2,-52.01,9.73
2164,-10.75,-406.53,-165.32,9.32
2165,-32.18,-420.24,-153.41,-48.97
2166,-21.34,-454.59,-186.49,-1.74
2167,-8.13,-469.9,-215.22,-8.68
2168,-9.81,-460.09,-47.03,35.82
2169,4.96,-447.65,-161.61,-5.65
2170,-16.81,-447.53,72.01,87.18
2171,1.82,-424.9,-258.13,39.89
2172,-35.4,-524.55,-81.5,31.05
2173,-23.14,-486.06,-83.55,-18.33
2174,-13.82,-453.41,-113.15,6.85
2175,-16.37,-453.91,-10.09,10.09
2176,-2.52,-450.6,-56.57,-4.13
2177,-9.93,-498.89,-202.48,4.13
2178,7.5,-441.69,-207.57,-3.7
2179,-18.48,-464.77,-40.14,88.44
2180,-17.76,-461.64,-135.05,21.36
2181,-14.54,-466.24,-86.4,-19.88
2182,-32.17,-477.18,-13.62,11.46
2183,-4.28,-469.43,-209.97,111.75
2184,-20.9,-487.8,-129.37,-15.81
2185,7.94,-411.79,-59.77,-7.76
2186,23.91,-333.24,26.67,1.75
2187,-42.48,-563.36,-138.95,43.59
2188,-13.91,-511.69,-115.69,13.72
2189,0.37,-453.37,-104.14,-6.97
2190,-19.76,-515.49,-250.98,59.76
2191,-36.2,-498.63,-107.84,-38.04
2192,-10.43,-476.88,-81.92,-8.96
2193,3.61,-454.62,-36.6,38.18
2194,-24.81,-454.55,-64.88,17.84
2195,1.77,-447.44,-129.96,79.04
2196,-2.86,-468.55,-113.51,-14.45
2197,-2.3,-422.62,-145.7,-33.7
2198,-21.95,-478.53,-96.88,15.37
2199,-4.89,-443.67,-90.5,19.9
2200,3.68,-467.32,-77.86,24.6
2201,-38.18,-493.9,-105.96,28.15
2202,-11.57,-463.29,-109.23,8.39
2203,-30.7,-502.29,-122.52,-15.5
2204,-32.38,-484.43,-75.24,-39.35
2205,-4.28,-491.71,10.44,77.35
2206,0.75,-454.52,-158.41,34.12
2207,-11.7,-439.9,-84.22,-22.21
2208,-16.07,-474.37,-122.34,4.82
2209,13.89,-404.24,-80.15,-55.91
2210,-22.25,-479.39,-109.05,41.55
2211,-4.01,-492.08,-39.57,56.78
2212,-24.68,-514.32,-115.73,99.65
2213,-0.58,-456.98,-131.32,-82.88
2214,-19.83,-459.04,-129.42,-37.38
2215,-3.26,-453.78,-138.15,-5.44
2216,3.23,-474.68,-79.23,11.75
2217,-27.11,-488.09,-120.8,23.6
2218,-27.79,-489.82,-59.55,40.87
2219,-18.38,-476.42,-147.15,1.76
2220,-5.37,-455.0,-115.56,20.75
2221,-20.04,-483.74,-102.79,1.35
2222,-14.03,-450.0,-83.36,15.92
2223,-3.93,-455.48,-130.77,11.09
2224,-22.24,-473.16,-87.55,-11.86
2225,-5.78,-440.73,-160.17,-64.6
2226,-19.89,-482.99,-151.37,-26.89
2227,4.66,-420.41,-13.9,60.13
2228,-13.12,-460.41,-162.31,4.16
2229,-3.1,-441.64,-192.55,36.8
2230,-28.17,-480.23,-103.57,63.76
2231,-6.93,-465.65,31.84,-18.86
2232,-24.63,-537.98,-143.1,20.83
2233,-39.86,-520.83,-76.07,-10.15
2234,-24.36,-410.15,-17.31,3.01
2235,-3.75,-462.58,-33.03,33.2
2236,4.9,-463.19,-57.84,-34.51
2237,-14.0,-477.02,-235.41,-32.8
2238,-25.01,-467.23,-139.69,-16.06
2239,-26.58,-472.52,-122.93,-33.35
2240,-1.17,-431.51,-80.14,68.42
2241,-7.32,-462.12,-167.73,-22.54
2242,-11.98,-478.66,-92.1,44.99
2243,-8.9,-469.26,-149.29,19.04
2244,-27.31,-483.91,-106.87,25.78
2245,-15.57,-454.54,-131.93,54.35
2246,-33.0,-482.75,-100.76,12.97
2247,-18.86,-461.37,-103.01,-19.5
2248,25.07,-436.17,75.14,75.1
2249,-10.08,-497.0,-199.75,-15.21
2250,-10.33,-455.28,-179.86,-27.63
2251,-6.3,-460.16,-113.08,-45.54
2252,-15.06,-452.71,-120.42,23.94
2253,-19.98,-459.68,-91.13,3.56
2254,-31.71,-501.32,-106.39,32.46
2255,3.92,-459.96,-166.29,-72.97
2256,4.97,-457.04,-12.87,62.13
2257,-10.78,-486.84,-184.11,4.04
2258,-26.49,-485.65,-84.54,39.02
2259,-16.13,-484.29,-125.25,29.22
2260,-23.81,-482.81,-152.32,2.42
2261,-19.21,-491.35,-104.42,19.02
2262,-13.24,-480.16,-100.03,16.8
2263,7.94,-451.27,-36.89,-3.03
2264,-13.56,-476.65,-16.81,99.72
2265,-29.53,-493.72,-207.7,-39.62
2266,-12.27,-478.36,-155.27,-31.44
2267,-7.42,-448.23,-111.29,56.17
2268,-21.66,-473.02,-100.76,6.26
2269,-18.55,-475.17,-106.86,23.47
2270,-24.04,-485.01,-112.17,8.82
2271,-24.39,-477.77,-111.98,16.34
2272,-23.85,-477.63,-108.57,16.97
2273,-38.1,-474.03,-115.13,14.93
2274,-13.58,-451.51,21.24,29.99
2275,41.58,-408.54,35.93,58.44
2276,10.18,-430.53,-295.1,3.13
2277,-29.18,-504.71,-163.89,-54.4
2278,-45.72,-536.32,-127.18,55.2
2279,-28.08,-476.9,-102.61,1.51
2280,-26.27,-480.24,-109.29,18.19
2281,-17.45,-473.16,-109.64,15.18
2282,-27.73,-481.83,-110.36,23.72
2283,-33.02,-459.9,-100.26,20.16
2284,-20.32,-470.07,-82.1,15.25
2285,20.95,-448.81,248.66,13.13
2286,8.85,-475.96,-444.01,-69.21
2287,-22.27,-488.45,-147.91,57.5
2288,3.26,-416.13,-138.58,-28.8
2289,-23.79,-467.29,-111.03,37.98
2290,-42.55,-512.62,-107.77,32.02
2291,-25.58,-482.86,-116.33,23.94
2292,-24.98,-482.38,-114.06,20.1
2293,-38.67,-483.89,-108.0,17.45
2294,-16.73,-468.65,11.68,29.65
2295,12.65,-457.07,-122.13,-13.67
2296,-2.76,-472.93,-178.79,3.87
2297,-24.73,-480.16,-141.81,18.04
2298,-21.39,-458.62,-107.98,32.85
2299,-23.08,-481.05,-116.23,4.06
2300,-12.73,-462.89,-114.0,19.77
2301,-19.1,-474.42,-117.44,19.0
2302,-19.02,-473.34,-115.57,19.49
2303,-30.31,-469.23,-119.47,22.41
2304,-11.45,-468.47,-104.38,12.86
2305,50.35,-408.6,92.6,50.62
2306,-4.03,-469.75,-298.91,10.35
2307,-26.51,-464.79,-59.59,24.57
2308,-19.26,-465.81,-170.67,27.98
2309,-7.83,-483.18,-158.94,-36.7
2310,-24.0,-471.14,-123.55,0.35
2311,-32.4,-497.03,-101.7,38.67
2312,-24.16,-497.26,-105.83,27.82
2313,-32.9,-495.93,-113.57,24.65
2314,-28.6,-470.05,-107.55,26.85
2315,-15.94,-472.06,-114.0,32.42
2316,-3.81,-446.23,-87.01,30.22
2317,13.89,-439.32,-118.12,12.53
2318,-7.45,-467.53,-7.35,73.43
2319,-10.47,-456.33,-133.52,9.57
2320,-34.68,-479.6,-146.17,2.61
2321,-18.3,-464.48,-179.06,21.76
2322,-21.71,-485.0,-91.09,17.93
2323,-23.56,-483.76,-115.01,16.9
2324,-30.37,-463.33,-110.99,19.81
2325,2.86,-462.9,83.01,-8.01
2326,13.42,-442.48,-91.45,66.58
2327,36.31,-415.95,-224.95,35.16
2328,-30.27,-501.52,-149.3,-8.76
2329,-23.81,-501.05,-127.06,-50.27
2330,-27.56,-465.33,-122.82,56.64
2331,-21.42,-443.69,-140.68,37.69
2332,-23.91,-477.98,-116.02,8.67
2333,-17.86,-475.65,-115.26,6.26
2334,-30.26,-463.96,-84.58,28.09
2335,-23.34,-463.88,-124.38,21.88
2336,7.57,-442.62,-66.66,15.98
2337,-3.32,-471.02,-159.79,10.82
2338,-21.18,-507.45,-121.37,7.6
2339,-8.84,-433.18,-148.68,27.66
2340,-16.36,-438.86,-98.17,28.2
2341,-11.42,-464.43,-6.16,62.33
2342,9.96,-466.86,-184.89,60.1
2343,-59.58,-503.89,-176.75,-1.16
2344,-27.82,-472.02,-70.49,-21.88
2345,11.97,-442.89,-56.97,-52.09
2346,-8.34,-472.09,-113.03,96.53
2347,-7.23,-476.42,-147.29,22.05
2348,-11.02,-442.43,-122.32,33.72
2349,-17.19,-470.71,-103.08,24.81
2350,-22.13,-496.81,-122.58,-16.3
2351,-30.93,-489.32,-114.9,25.91
2352,-9.0,-481.21,-111.18,11.42
2353,-14.61,-491.34,-60.32,21.5
2354,14.79,-377.23,-141.58,-6.04
2355,13.97,-434.74,-123.5,27.79
2356,-37.34,-473.53,-107.3,-14.84
2357,-35.29,-435.82,-120.88,11.45
2358,-17.71,-429.3,-75.77,70.69
2359,-20.83,-471.74,-104.78,29.67
2360,-21.33,-462.62,-98.89,48.06
2361,-30.05,-495.67,-19.75,16.92
2362,-34.88,-562.54,-168.09,2.76
2363,-14.72,-458.56,-139.73,22.91
2364,-1.28,-425.1,-106.85,7.77
2365,-27.45,-509.13,-111.99,30.23
2366,-7.9,-484.86,-41.49,13.77
2367,-8.51,-454.61,-133.1,29.6
2368,-15.98,-445.27,-185.9,20.69
2369,-20.46,-471.26,-131.58,-2.84
2370,-18.08,-427.48,-120.91,-5.74
2371,-28.47,-511.18,-60.0,96.62
2372,6.49,-409.32,-113.61,15.24
2373,-26.53,-439.39,-105.64,14.13
2374,-9.07,-453.92,-134.95,18.78
2375,-13.2,-500.56,-83.0,38.04
2376,-40.43,-539.76,-82.77,7.3
2377,-0.25,-407.92,-46.28,89.18
2378,-13.73,-438.59,-184.37,-41.41
2379,-19.83,-501.91,-104.8,38.78
2380,-23.3,-486.27,-9.81,14.08
2381,-2.76,-411.56,-152.55,27.62
2382,-5.13,-425.32,-153.76,-60.24
2383,-27.13,-498.08,-96.1,47.81
2384,-9.53,-457.99,-118.01,34.13
2385,-10.88,-481.66,-125.15,7.86
2386,-21.68,-492.43,-94.98,43.36
2387,-9.71,-419.5,-85.8,23.33
2388,-8.66,-439.82,-71.17,51.85
2389,-10.88,-434.73,-155.0,4.01
2390,-9.72,-440.24,-54.05,20.76
2391,-30.37,-507.87,-163.45,-2.01
2392,-25.16,-480.75,-135.8,23.06
2393,-16.37,-482.68,-132.9,34.12
2394,3.2,-426.95,-27.08,27.22
2395,-3.84,-473.72,-160.91,34.18
2396,-25.08,-505.4,-99.98,-27.81
2397,-13.04,-433.94,-132.17,33.86
2398,-20.7,-469.87,-124.86,-0.47
2399,-10.51,-457.85,-89.37,43.33
2400,-17.13,-465.09,-113.07,15.97
2401,-26.41,-458.77,-116.4,-10.84
2402,-17.89,-465.34,-80.41,33.56
2403,-16.93,-461.46,-70.17,56.71
2404,-1.66,-424.01,-112.58,-53.77
2405,-13.13,-472.97,-105.69,54.74
2406,-33.38,-474.81,-124.0,11.78
2407,-24.98,-461.66,-127.71,29.68
2408,-22.1,-473.62,-80.32,10.6
2409,3.09,-446.06,-9.68,33.6
2410,-4.66,-448.43,-199.55,5.63
2411,-44.61,-536.16,-133.86,-4.29
2412,-19.73,-508.44,-48.02,-13.19
2413,-3.14,-393.68,-222.41,33.48
2414,-0.19,-422.06,-121.35,51.65
2415,-27.27,-475.69,-110.2,18.84
2416,-28.58,-533.32,-112.29,57.97
2417,-45.43,-600.04,-119.82,12.2
2418,-15.77,-399.9,-108.46,7.82
2419,-2.69,-372.05,-115.67,16.16
2420,-15.97,-441.38,-119.32,16.5
2421,-22.33,-464.81,-107.96,23.02
2422,-2.54,-426.91,-111.91,25.74
2423,1.19,-434.15,-89.03,5.14
2424,-24.35,-519.9,-92.3,41.84
2425,-21.36,-469.99,-75.49,16.84
2426,-18.56,-414.62,-98.97,18.9
2427,-16.41,-426.37,-128.7,9.16
2428,-8.67,-454.43,-135.85,-11.92
2429,-18.72,-490.37,-128.71,22.08
2430,-32.08,-465.62,-124.45,-0.87
2431,-20.63,-504.53,1.39,-3.87
2432,-17.49,-518.35,-215.47,82.38
2433,-23.48,-429.69,-127.71,3.02
2434,-18.03,-464.93,-96.45,37.39
2435,-17.5,-517.39,-101.38,-7.54
2436,-26.79,-490.48,-124.79,6.29
2437,-37.4,-441.35,-111.0,30.62
2438,-8.21,-398.65,-19.95,28.11
2439,0.18,-415.65,-164.31,14.99
2440,-12.06,-466.24,-124.59,-5.2
2441,-16.32,-513.63,-136.47,-4.48
2442,-16.85,-390.39,-68.15,51.69
2443,-24.36,-393.68,-175.83,10.96
2444,-25.49,-446.13,-105.05,6.08
2445,-27.25,-463.15,-5.95,36.37
2446,-8.71,-498.35,-164.03,12.49
2447,-28.88,-523.86,7.97,35.5
2448,-16.7,-407.36,-170.02,23.09
2449,-9.68,-420.34,-72.11,6.92
2450,-11.95,-425.08,-187.67,1.61
2451,-20.48,-499.22,-104.37,14.11
2452,-19.4,-485.38,-115.93,26.97
2453,-29.86,-461.92,-134.09,40.64
2454,-16.45,-446.01,-116.12,-7.39
2455,-19.62,-457.44,-95.26,38.79
2456,-11.61,-460.58,-65.28,-4.39
2457,-28.76,-472.01,-84.38,11.2
2458,-18.89,-484.68,-118.5,-24.08
2459,-17.5,-449.27,-113.03,42.7
2460,18.19,-387.13,-32.24,20.74
2461,-21.09,-454.45,-137.41,-92.82
2462,-26.28,-545.37,-70.31,138.16
2463,-8.0,-440.75,-91.42,24.54
2464,-13.49,-425.18,-221.2,30.89
2465,-24.2,-483.33,-108.4,-2.57
2466,-14.22,-425.37,-92.08,0.64
2467,-13.19,-450.97,53.49,23.88
2468,-6.99,-443.42,-245.58,-21.54
2469,-31.71,-484.94,-64.12,29.16
2470,-21.41,-432.12,-144.5,38.66
2471,-23.15,-453.89,-109.28,22.99
2472,-19.34,-449.94,-86.69,50.39
2473,-13.91,-441.31,-139.42,12.53
2474,-23.2,-451.8,-96.94,-19.0
2475,-26.82,-488.74,-119.12,30.36
2476,-31.37,-512.47,-122.87,6.64
2477,-22.44,-443.7,-113.74,16.17
2478,-5.95,-409.48,-115.53,13.2
2479,-13.34,-438.99,-87.88,-18.39
2480,-19.02,-439.12,-86.06,63.18
2481,-24.43,-480.86,-179.64,30.63
2482,-23.19,-483.61,-29.99,16.07
2483,-24.52,-510.08,-182.76,-40.13
2484,-7.35,-386.07,-49.43,10.43
2485,-17.31,-445.21,-187.7,78.9
2486,-27.14,-484.22,-144.35,-18.41
2487,-19.5,-420.09,-101.1,21.86
2488,-4.53,-429.62,-27.62,6.82
2489,-5.34,-469.29,-178.2,12.64
2490,-27.27,-471.82,-129.5,10.92
2491,-12.0,-444.25,-77.11,22.07
2492,-21.31,-475.84,-88.31,22.35
2493,-28.37,-463.69,-162.35,40.94
2494,-8.57,-451.6,10.04,-14.02
2495,-31.32,-482.28,-169.66,12.82
2496,-21.05,-468.41,-116.55,12.26
2497,-16.58,-462.95,-66.78,46.51
2498,-17.19,-417.5,-48.7,41.81
2499,-19.64,-467.13,-115.91,23.08
2500,-20.6,-446.98,-160.34,-2.48
2501,-26.84,-461.14,-103.79,30.44
2502,-10.24,-449.41,-152.2,-2.78
2503,-20.14,-459.12,-138.32,-8.38
2504,-25.51,-461.06,-108.78,-1.18
2505,-12.13,-445.5,-91.37,50.83
2506,-22.89,-455.52,-108.57,3.05
2507,-25.85,-451.88,-98.77,26.64
2508,-28.66,-527.11,-124.8,12.45
2509,-32.83,-491.11,-119.49,6.91
2510,-23.43,-458.64,-106.73,26.45
2511,-26.4,-439.6,-110.27,11.94
2512,-8.36,-441.11,-114.19,9.77
2513,-26.22,-491.06,-124.25,17.42
2514,-8.96,-460.36,-111.47,1.02
2515,-18.18,-472.57,-60.22,54.78
2516,-21.26,-434.2,-94.35,53.01
2517,-21.01,-448.01,-128.91,15.05
2518,-18.12,-464.42,-96.16,-23.39
2519,-11.23,-446.86,-112.26,4.49
2520,-26.48,-465.83,-197.92,64.02
2521,-23.44,-475.94,-84.38,-10.18
2522,-15.78,-473.21,-77.33,4.8
2523,-23.16,-465.98,-107.04,17.69
2524,-16.47,-456.42,-132.1,-17.0
2525,-23.71,-512.59,-121.09,-0.62
2526,-25.44,-476.23,-138.23,23.53
2527,-3.21,-422.18,-65.46,43.76
2528,-19.34,-469.05,-133.58,21.29
2529,-26.88,-511.66,-119.42,4.73
2530,-23.52,-420.85,-98.94,69.17
2531,-16.15,-439.35,-58.34,-48.03
2532,-11.12,-447.84,-177.72,43.44
2533,-9.66,-430.28,-119.14,-6.62
2534,-31.96,-471.13,-89.54,1.86
2535,14.84,-435.37,-39.0,33.28
2536,11.62,-344.03,56.31,-50.61
2537,-18.32,-378.28,-239.59,164.71
2538,-39.32,-594.4,-203.63,-125.36
2539,-29.56,-533.42,-73.4,11.48
2540,-25.23,-499.34,-90.15,7.54
2541,-31.16,-486.07,-120.84,-80.48
2542,-12.89,-469.97,25.49,109.12
2543,-15.44,-477.82,-202.58,24.34
2544,-27.93,-460.36,-128.56,-17.35
2545,-23.8,-467.85,-113.07,20.57
2546,-38.61,-506.2,-105.3,24.38
2547,-32.17,-492.32,-104.92,14.31
2548,-19.37,-467.26,-108.14,15.45
2549,5.71,-435.65,-133.06,-19.61
2550,-42.84,-471.18,-65.89,42.99
2551,-36.01,-486.46,-124.43,-3.21
2552,-22.13,-452.35,-113.17,19.34
2553,-9.23,-464.31,-47.26,19.9
2554,-20.09,-478.23,-135.96,16.57
2555,-15.15,-473.27,14.34,60.62
2556,-11.16,-478.77,-94.77,-43.72
2557,-15.24,-449.97,-127.42,-39.18
2558,-28.17,-468.27,-210.2,-30.15
2559,-31.34,-492.73,-128.82,13.02
2560,-17.03,-480.05,-21.77,39.66
2561,-22.78,-470.79,-103.56,22.45
2562,-30.33,-481.71,-110.15,25.88
2563,-0.15,-435.0,-8.24,22.1
2564,-43.83,-484.34,-171.77,23.07
2565,-32.73,-499.33,-133.24,10.98
2566,-24.01,-464.67,-112.12,25.63
2567,-22.85,-438.62,-112.67,18.0
2568,-21.55,-470.86,-114.38,21.96
2569,-33.36,-480.0,-115.9,17.25
2570,-29.07,-481.63,-102.97,22.82
2571,-22.67,-477.85,-108.65,11.11
2572,-20.72,-474.41,-65.1,10.16
2573,-0.5,-443.76,-61.35,-12.69
2574,-10.79,-467.48,-187.4,27.76
2575,-12.15,-476.73,-70.1,6.61
2576,-9.46,-459.07,15.62,43.55
2577,-5.24,-467.21,-161.62,14.08
2578,-29.57,-514.89,75.0,59.28
2579,-35.23,-501.23,-268.25,-28.76
2580,-12.34,-468.35,-8.93,33.25
2581,-11.03,-467.5,-121.53,-41.9
2582,-5.6,-467.5,-8.27,68.34
2583,-22.36,-459.17,-90.05,15.95
2584,-26.6,-484.09,-188.74,-20.76
2585,-23.95,-459.31,-95.04,77.5
2586,-30.04,-481.08,-227.1,-13.76
2587,-10.05,-475.89,-106.49,-45.17
2588,-29.29,-481.66,-105.61,6.0
2589,-23.65,-455.05,6.22,67.97
2590,-3.78,-457.22,9.09,53.33
2591,-7.51,-482.39,-113.09,-93.52
2592,-33.85,-500.56,-3.48,151.04
2593,-40.59,-483.77,-269.56,-69.6
2594,-14.99,-431.87,-69.01,60.8
2595,-5.71,-479.8,75.63,40.79
2596,-23.81,-484.58,-88.94,90.43
2597,-40.66,-489.18,-237.63,-69.57
2598,-12.45,-446.66,-174.25,10.93
2599,-28.24,-457.32,-84.94,12.71
2600,-30.87,-485.7,-107.81,14.15
2601,-29.62,-489.09,-133.5,16.49
2602,-14.31,-454.67,-102.12,28.0
2603,-23.21,-439.21,-117.6,7.25
2604,-28.58,-494.38,-101.42,44.74
2605,-20.29,-470.07,-118.63,26.75
2606,-26.63,-476.02,-103.47,24.6
2607,-21.23,-458.95,-57.5,19.89
2608,-14.85,-440.51,-134.27,25.84
2609,-14.88,-426.47,-66.58,27.45
2610,-28.39,-460.27,-83.23,32.97
2611,-29.72,-493.39,-88.96,25.68
2612,-37.94,-486.97,50.96,60.27
2613,-1.57,-456.46,-227.99,-27.44
2614,-11.29,-473.09,-84.05,-8.91
2615,-6.75,-473.89,-41.76,40.47
2616,-30.0,-473.68,-93.68,72.11
2617,-23.11,-462.66,-165.21,-7.74
2618,-29.18,-478.66,-17.61,41.21
2619,-3.5,-457.19,-118.29,47.17
2620,-20.04,-472.37,-68.2,2.64
2621,-25.35,-466.32,-177.87,47.81
2622,-31.75,-477.86,-127.94,-2.64
2623,-23.36,-456.96,-140.04,33.63
2624,-19.04,-460.69,-138.24,-20.69
2625,-21.99,-456.96,-89.37,43.63
2626,-30.53,-471.1,-111.29,23.65
2627,-16.06,-455.46,-108.02,10.44
2628,-17.27,-467.32,-60.66,-20.56
2629,-19.94,-479.95,-107.95,63.33
2630,-27.62,-478.6,-127.21,62.94
2631,-15.6,-453.54,-112.21,-8.18
2632,-5.42,-452.25,-116.65,-12.43
2633,-25.44,-463.58,-139.0,66.1
2634,-27.13,-465.52,-95.3,8.05
2635,-14.12,-457.66,27.08,30.86
2636,-23.65,-469.11,-41.56,-13.95
2637,-8.68,-467.49,29.64,33.78
2638,-16.78,-461.23,-301.55,-25.15
2639,-1.82,-468.22,101.4,41.5
2640,-30.37,-468.94,-316.48,79.51
2641,-11.0,-445.55,-125.1,-38.19
2642,-13.72,-444.42,-120.16,11.91
2643,-37.71,-515.98,-83.21,44.55
2644,-40.27,-492.37,-39.65,18.93
2645,-40.41,-490.53,-147.61,14.45
2646,-5.9,-465.37,-116.26,-32.47
2647,-23.68,-476.7,123.63,70.82
2648,-1.19,-465.42,-22.07,30.2
2649,2.61,-479.97,-32.25,-16.55
2650,-3.03,-468.63,-91.55,4.2
2651,-36.25,-501.95,97.08,83.06
2652,-16.38,-497.4,-91.56,21.02
2653,-11.39,-455.17,-279.77,-13.17
2654,-18.68,-472.56,-141.3,33.62
2655,-17.08,-447.92,-25.76,43.31
2656,-1.62,-466.09,-64.69,18.47
2657,-9.79,-486.66,331.56,99.05
2658,-15.78,-462.93,-418.64,-47.59
2659,-2.79,-448.55,229.11,26.6
2660,-31.01,-520.43,-371.11,-82.99
2661,9.09,-459.44,6.59,59.71
2662,-34.35,-509.65,-247.68,46.55
2663,-29.74,-480.4,-98.5,-20.89
2664,-13.71,-468.86,104.44,-36.97
2665,-6.33,-465.97,-180.95,86.96
2666,-9.45,-456.63,13.26,-20.87
2667,-22.53,-491.15,-177.31,-12.07
2668,-35.0,-483.38,-263.94,-46.1
2669,-16.62,-462.14,-89.24,39.07
2670,-32.95,-454.76,-181.16,86.41
2671,-31.05,-490.1,49.88,19.78
2672,-15.07,-446.19,-185.52,-41.55
2673,-5.0,-420.04,-197.36,22.78
2674,-19.48,-472.81,-108.92,0.48
2675,-26.83,-486.47,-194.77,20.17
2676,-29.49,-523.09,-111.26,18.3
2677,-17.25,-454.7,-3.5,6.86
2678,-9.87,-454.7,-141.95,-24.56
2679,-26.04,-602.24,-9.96,32.6
2680,-28.56,-409.48,-269.78,-10.4
2681,-16.09,-375.7,-42.85,43.45
2682,17.04,-363.84,-56.44,92.09
2683,3.45,-452.54,92.44,32.7
2684,-39.01,-528.49,-347.95,-67.46
2685,-28.23,-506.57,-77.08,15.87
2686,-11.99,-486.52,3.37,10.29
2687,-34.09,-478.83,-250.63,-49.79
2688,-28.54,-458.62,-176.57,37.15
2689,-14.64,-476.99,175.94,1.63
2690,-13.08,-469.1,-403.43,-11.05
2691,-13.98,-465.0,-65.72,29.55
2692,-16.49,-471.65,-97.67,-15.47
2693,-45.02,-468.62,-131.09,83.4
2694,-28.1,-452.94,-131.68,5.59
2695,-21.83,-457.86,-112.77,45.09
2696,-14.2,-465.12,-133.15,9.71
2697,-4.03,-461.85,-112.13,7.94
2698,3.78,-445.32,92.72,-1.97
2699,-13.85,-467.08,-315.72,57.03
2700,-40.16,-464.59,-187.06,-61.92
2701,-16.1,-384.59,-125.57,4.56
2702,-15.36,-472.38,-94.89,24.05
2703,-32.71,-534.76,45.86,60.93
2704,-23.94,-509.89,91.25,91.89
2705,-21.15,-467.32,-332.01,-82.84
2706,-17.67,-465.98,-130.39,46.62
2707,-24.83,-466.68,-148.83,-4.43
2708,-22.13,-475.98,-133.81,14.57
2709,-25.23,-475.75,-110.72,30.06
2710,-17.05,-454.17,-130.19,19.43
2711,6.28,-460.64,-89.78,-35.04
2712,-14.6,-453.2,2.08,136.22
2713,-23.74,-447.28,-247.01,-17.38
2714,-25.99,-461.07,-158.86,-32.12
2715,-23.46,-495.7,-69.52,8.64
2716,-14.53,-473.7,-57.18,59.63
2717,-42.63,-491.17,-120.74,-18.16
2718,-2.28,-476.34,-41.64,53.61
2719,-21.16,-474.57,-164.57,-35.74
2720,-22.62,-458.78,-183.14,31.01
2721,-34.46,-474.7,-96.93,18.79
2722,-27.52,-494.35,-74.44,26.28
2723,-10.33,-476.05,54.11,69.02
2724,-32.19,-466.34,-243.14,17.51
2725,-33.53,-485.28,-159.5,7.97
2726,-25.58,-481.5,-130.66,28.08
2727,-17.43,-443.12,-124.92,-3.32
2728,-12.27,-405.48,-161.99,24.55
2729,-22.39,-459.11,-109.76,8.07
2730,-32.45,-509.1,-178.83,19.43
2731,-25.31,-490.16,-93.29,-24.4
2732,-28.58,-491.28,-143.45,47.01
2733,-24.06,-477.2,-115.23,16.99
2734,-26.18,-471.72,-120.48,28.82
2735,-21.84,-497.08,-61.46,27.83
2736,-4.24,-473.43,292.05,34.49
2737,-3.59,-394.78,-427.69,-66.73
2738,-9.7,-462.06,-49.57,32.09
2739,-16.79,-485.8,-72.84,70.79
2740,-19.18,-490.26,-214.6,-37.27
2741,-33.78,-480.88,-221.18,28.97
2742,-34.47,-489.71,-80.95,11.83
2743,-23.71,-465.13,-112.69,19.94
2744,-18.85,-462.53,-117.08,13.55
2745,-21.44,-473.65,-124.66,15.69
2746,-18.41,-470.39,-128.05,0.04
2747,-25.61,-464.28,-126.33,17.56
2748,-32.68,-476.86,-116.56,28.87
2749,-3.84,-455.15,53.86,20.45
2750,-22.3,-487.98,165.55,78.48
2751,-2.75,-466.55,-386.65,-39.15
2752,4.76,-468.55,-154.0,61.44
2753,-24.98,-468.25,-122.09,-29.06
2754,-7.41,-446.22,-94.42,18.86
2755,-27.46,-490.98,-147.98,25.54
2756,-22.53,-456.57,-126.24,-46.8
2757,5.33,-460.65,-45.39,2.45
2758,-11.93,-477.24,-161.89,40.71
2759,-21.55,-479.08,-15.45,15.61
2760,-28.46,-476.4,-187.75,33.03
2761,-20.66,-470.99,-138.26,27.23
2762,-17.27,-484.18,-148.87,15.23
2763,-24.76,-472.19,-115.75,24.82
2764,-21.82,-480.14,-126.88,20.84
2765,-18.17,-460.28,-99.58,22.12
2766,-15.96,-459.5,-125.4,33.71
2767,-17.27,-475.75,-70.12,-2.94
2768,-11.21,-466.55,-121.51,18.58
2769,-17.15,-478.02,-122.28,55.09
2770,-13.37,-456.62,-72.09,39.12
2771,-17.85,-472.72,232.62,25.8
2772,0.39,-450.05,-420.77,-22.77
2773,-21.1,-470.8,-167.09,-41.75
2774,-18.77,-471.1,-223.51,-20.8
2775,-6.95,-457.96,-3.83,2.64
2776,-4.67,-471.09,-115.76,46.57
2777,-33.72,-490.41,-135.87,23.07
2778,-23.87,-494.82,-124.6,14.77
2779,-11.34,-454.6,-137.66,-11.45
2780,-13.83,-479.36,-5.38,46.84
2781,-18.83,-475.87,-82.12,90.38
2782,-30.47,-450.96,-88.56,11.77
2783,-2.93,-464.55,-109.03,-6.86
2784,-14.04,-455.34,-133.64,-11.89
2785,-17.51,-465.18,-164.11,12.57
2786,-27.09,-468.82,-130.68,24.49
2787,-26.56,-477.18,-115.87,33.37
2788,-20.86,-477.18,-118.15,24.27
2789,-22.01,-471.96,-119.86,28.02
2790,-25.77,-458.1,-114.08,13.23
2791,-20.23,-463.54,-115.57,18.4
2792,-21.54,-463.8,-105.37,12.15
2793,2.44,-443.93,48.76,-63.73
2794,-12.65,-488.08,-166.27,112.42
2795,-3.7,-425.84,-133.99,-39.18
2796,-6.95,-474.0,-140.45,-8.94
2797,-22.61,-474.64,-80.87,36.2
2798,-17.44,-479.21,-155.56,14.67
2799,-26.63,-475.87,-126.15,15.83
2800,-15.91,-463.4,-119.04,12.41
2801,-23.93,-475.66,-118.29,-1.53
2802,-26.7,-482.18,-118.09,31.64
2803,-24.96,-470.71,-116.03,32.63
2804,-18.24,-465.13,-117.9,29.09
2805,-18.8,-471.67,-120.68,25.59
2806,-16.39,-465.01,-127.58,16.58
2807,-16.92,-461.82,-71.26,18.5
2808,-6.03,-468.94,113.06,41.53
2809,-6.06,-448.29,-210.24,-0.17
2810,-2.23,-444.41,-186.04,14.53
2811,-1.22,-469.97,27.84,10.49
2812,-13.95,-447.27,-126.19,-5.77
2813,-31.11,-485.63,-184.25,32.58
2814,-23.2,-474.11,-107.29,11.41
2815,-17.61,-483.81,-161.87,35.86
2816,-20.46,-462.85,-148.34,36.05
2817,-19.76,-465.02,-149.26,9.92
2818,-14.37,-475.02,-111.36,-14.25
2819,-12.09,-472.87,-105.69,25.44
2820,-20.84,-466.84,-111.25,17.91
2821,-20.72,-465.16,-125.96,21.58
2822,-20.51,-470.21,-125.51,20.69
2823,-17.3,-449.11,-91.91,-8.24
2824,-8.23,-466.43,-56.06,21.5
2825,-18.63,-463.24,-150.79,-33.19
2826,1.38,-471.37,-41.31,28.25
2827,-8.0,-426.62,-182.59,62.63
2828,-17.61,-478.99,-129.59,23.58
2829,-28.74,-491.82,-159.57,47.58
2830,-28.67,-474.35,-109.29,7.74
2831,-19.12,-474.99,-122.74,15.66
2832,-18.5,-473.37,-119.03,19.05
2833,-15.95,-460.24,-115.76,19.84
2834,-11.08,-462.43,-109.34,11.52
2835,-9.67,-484.94,-72.97,10.92
2836,-20.51,-462.08,19.73,33.91
2837,-10.45,-438.83,-197.16,-19.98
2838,-16.55,-479.86,-203.22,-39.74
2839,-4.82,-448.82,-62.91,62.12
2840,-24.07,-461.48,-112.49,49.13
2841,-20.89,-451.55,-155.17,-7.39
2842,-19.33,-477.89,-122.98,16.73
2843,-22.48,-469.66,-126.13,10.77
2844,-22.47,-466.52,-124.16,24.22
2845,-22.5,-481.53,-122.32,30.32
2846,-20.28,-467.61,-121.37,23.45
2847,-20.85,-464.62,-124.98,20.93
2848,-22.92,-470.26,-124.9,17.49
2849,-20.36,-470.3,-119.7,24.93
2850,-23.09,-462.92,-118.91,19.4
2851,-16.76,-462.49,-71.41,28.03
2852,-20.06,-464.25,-45.92,33.58
2853,-19.15,-457.7,-124.35,14.85
2854,-10.9,-473.77,-29.93,-61.37
2855,-4.98,-440.13,-161.24,24.98
2856,-23.21,-476.18,-159.18,8.88
2857,-5.47,-444.88,-10.2,33.07
2858,-18.79,-483.81,-149.63,15.55
2859,-26.09,-465.82,-137.74,32.59
2860,-19.4,-457.64,-134.57,18.44
2861,-23.1,-479.46,-142.23,34.4
2862,-14.99,-471.31,-51.06,3.7
2863,-24.81,-448.95,-154.18,0.24
2864,-22.77,-464.07,-138.11,7.23
2865,-29.09,-484.91,-127.15,12.26
2866,-17.32,-458.08,-118.08,38.4
2867,-21.65,-467.83,-147.93,-21.41
2868,-15.95,-472.01,-8.6,28.4
2869,-11.03,-465.54,-77.48,-16.29
2870,-16.13,-471.03,-167.24,-18.05
2871,-3.29,-439.4,-29.5,17.88
2872,-17.56,-489.39,-207.17,24.73
2873,-22.49,-461.83,-124.04,15.45
2874,-29.48,-474.31,-119.27,24.24
2875,-26.7,-486.64,-123.5,-4.73
2876,-7.15,-444.58,-53.62,62.96
2877,-8.04,-464.3,-46.73,59.23
2878,-23.93,-496.81,-195.75,-30.33
2879,-30.87,-492.32,-108.23,19.61
2880,-20.18,-453.85,-137.28,5.56
2881,-15.9,-460.22,-129.16,2.8
2882,-17.76,-471.34,-125.25,19.74
2883,-13.21,-448.6,-123.17,4.62
2884,-6.48,-447.75,-129.31,-26.24
2885,-16.41,-475.91,-77.09,-35.09
2886,-17.52,-444.28,-139.77,54.24
2887,-11.62,-451.8,-111.61,38.78
2888,-20.97,-490.24,-98.19,45.72
2889,-11.88,-468.1,-147.51,8.48
2890,-15.09,-450.72,-82.64,41.22
2891,-2.36,-454.66,50.08,-3.6
2892,-16.54,-474.13,-176.26,61.46
2893,-32.94,-479.2,-151.11,24.24
2894,-20.43,-485.92,-134.92,-18.8
2895,-25.19,-459.09,-158.6,-6.4
2896,-13.4,-462.62,-136.25,9.95
2897,-13.26,-459.45,-108.59,8.43
2898,-11.96,-471.61,-108.18,-10.65
2899,-16.32,-473.87,-94.85,67.39
2900,-10.59,-454.67,-69.67,-82.0
2901,-27.36,-464.96,-174.86,24.73
2902,-18.03,-486.65,-118.43,18.42
2903,-21.96,-464.16,-113.28,20.31
2904,-23.5,-466.17,-105.3,13.84
2905,-10.68,-440.46,-121.22,14.28
2906,-21.29,-459.09,-117.09,34.17
2907,-11.34,-468.19,-86.08,14.21
2908,-15.81,-486.46,23.03,34.71
2909,-27.88,-462.54,-205.33,7.32
2910,-22.07,-446.54,-152.14,-5.08
2911,-13.33,-483.8,-76.36,24.81
2912,-20.49,-486.72,-133.46,-3.09
2913,-13.75,-454.27,-107.64,55.72
2914,-14.15,-471.23,-123.53,22.54
2915,-16.66,-488.09,-45.48,-5.75
2916,-15.42,-453.22,-133.92,0.5
2917,-17.27,-463.01,-153.53,27.94
2918,-23.91,-471.61,-126.16,10.38
2919,-17.24,-475.22,-123.22,2.23
2920,-20.35,-462.64,-112.03,25.05
2921,-22.1,-481.73,-110.57,14.03
2922,-20.51,-463.45,-97.41,11.99
2923,-12.24,-472.52,-48.53,20.57
2924,-33.16,-479.14,-118.51,63.05
2925,-28.73,-476.76,-126.08,16.4
2926,-1.52,-453.59,-121.42,26.08
2927,-9.23,-455.93,-78.6,20.7
2928,-11.99,-447.67,-99.36,3.53
2929,-16.2,-474.66,-114.66,13.56
2930,-13.58,-479.28,-102.64,2.02
2931,-33.18,-475.47,-151.89,45.46
2932,-23.31,-491.52,-51.69,16.41
2933,-13.02,-446.18,-162.02,-33.78
2934,-17.97,-464.01,-110.91,22.13
2935,-21.6,-492.34,-130.67,-6.74
2936,-14.0,-447.02,-108.6,60.28
2937,-19.28,-459.25,-101.26,35.46
2938,-6.11,-466.15,-48.07,26.87
2939,-25.63,-458.0,-150.77,26.16
2940,-22.02,-464.99,-106.82,-1.93
2941,-18.28,-475.02,-113.77,23.93
2942,-14.38,-472.6,-124.35,17.03
2943,-2.67,-451.34,-103.47,27.17
2944,-22.54,-489.77,-75.03,23.95
2945,-11.17,-485.42,-142.27,1.56
2946,-17.22,-446.17,-57.03,25.93
2947,-20.57,-461.47,-164.72,-9.11
2948,-23.42,-470.89,-114.91,47.83
2949,-11.96,-450.55,-52.47,2.92
2950,-8.78,-453.51,-149.65,-49.07
2951,-19.89,-472.27,-170.86,35.3
2952,-10.88,-484.84,-11.35,35.5
2953,-11.96,-442.43,-88.81,51.74
2954,-27.81,-449.99,-149.44,19.28
2955,-23.51,-504.39,-131.06,-2.01
2956,-21.87,-460.85,-117.61,20.11
2957,-16.41,-468.1,-80.45,16.56
2958,-15.17,-487.58,-93.45,23.44
2959,-12.68,-452.99,-143.25,-2.53
2960,-3.92,-449.44,-28.83,33.52
2961,-22.96,-456.91,-139.13,21.55
2962,-29.18,-496.8,-136.54,-16.64
2963,-23.17,-476.42,-128.51,13.13
2964,-21.24,-474.92,-112.93,7.16
2965,-16.15,-469.21,-117.68,2.55
2966,-9.26,-451.74,-108.25,-1.42
2967,-21.09,-471.67,-72.06,-47.35
2968,-15.24,-471.28,-33.52,50.39
2969,-29.93,-479.15,-177.03,8.38
2970,-19.19,-472.03,-94.42,17.9
2971,-12.31,-471.3,-120.53,7.35
2972,-9.97,-455.08,-130.33,-8.04
2973,-10.13,-459.33,-78.0,-4.35
2974,-6.1,-467.78,-34.06,-9.96
2975,-36.45,-485.23,-187.24,28.11
2976,-18.8,-465.23,-132.42,20.5
2977,-18.8,-452.54,-124.29,12.84
2978,-17.49,-453.45,-119.44,19.37
2979,-15.58,-456.8,-115.79,10.95
2980,-12.06,-473.57,-94.42,23.22
2981,-16.66,-473.19,-121.13,26.31
2982,-15.71,-459.92,-112.4,-21.41
2983,-16.65,-457.08,-120.58,18.03
2984,-18.75,-472.42,-112.22,13.57
2985,-7.07,-481.95,-137.99,-24.13
2986,-22.37,-458.44,-132.3,-1.45
2987,-12.57,-410.02,-10.33,44.9
2988,-8.46,-453.92,-155.71,50.68
2989,-14.12,-553.35,-120.87,-1.77
2990,-22.6,-455.42,-121.35,-12.5
2991,-13.92,-437.06,-122.86,16.84
2992,-25.92,-542.42,-119.64,33.31
2993,-2.77,-400.23,-122.34,-14.52
2994,-0.42,-403.11,-112.89,-6.22
2995,-29.2,-551.27,-109.85,23.7
2996,-14.85,-449.61,-101.09,2.86
2997,0.43,-411.34,-164.25,-52.79
2998,-7.67,-451.05,-84.22,46.56
2999,-19.44,-473.79,-124.92,24.04
