,ch1,ch2,ch3,ch4
0,-5.97,-492.94,-94.86,50.31
1,3.44,-431.56,-168.57,14.1
2,-51.25,-484.98,-88.51,6.83
3,4.27,-453.87,-121.04,16.89
4,-5.2,-467.27,-44.25,12.7
5,-57.11,-443.99,-118.49,-22.2
6,-8.97,-446.4,-103.53,48.57
7,10.31,-383.48,-76.22,16.94
8,-54.01,-476.33,-88.89,7.35
9,21.93,-506.42,-104.66,9.18
10,27.08,-417.87,-68.9,63.53
11,-12.75,-410.16,-161.84,12.97
12,-114.7,-472.68,-209.37,-54.15
13,15.15,-432.67,9.88,2.24
14,43.58,-490.95,-89.52,46.42
15,-10.97,-461.35,-195.51,1.38
16,-16.74,-485.02,-113.66,-13.93
17,-5.93,-451.49,-113.22,13.56
18,-10.08,-409.8,-43.97,18.51
19,-25.43,-453.14,-104.27,8.41
20,-20.49,-474.36,-117.04,30.27
21,12.69,-489.14,-128.65,45.47
22,-9.83,-480.63,-74.09,-4.78
23,-20.42,-454.81,-95.92,-14.62
24,-19.87,-449.29,-82.38,34.79
25,-25.51,-451.46,-100.01,34.37
26,-18.47,-467.94,-87.43,26.8
27,-138.26,-483.99,-191.71,-3.94
28,53.19,-471.39,-215.08,-45.6
29,38.8,-437.74,26.85,66.07
30,11.57,-395.6,-90.17,16.47
31,-79.4,-402.47,-90.27,31.15
32,-11.02,-454.1,-98.44,19.46
33,42.62,-450.22,-117.82,4.55
34,3.46,-412.45,-179.49,-4.86
35,0.62,-479.84,-71.14,42.76
36,-16.13,-523.66,-103.42,14.02
37,-21.87,-490.74,-77.06,45.51
38,-53.47,-467.18,-95.13,2.46
39,-10.14,-463.42,-113.2,14.72
40,-13.14,-452.53,-86.44,21.77
41,13.07,-464.88,-146.66,-15.84
42,-60.97,-452.02,-302.84,-39.67
43,31.89,-428.8,-37.29,-4.76
44,13.31,-495.52,-4.88,32.36
45,-47.95,-484.66,-74.51,28.75
46,-49.81,-457.87,-86.66,0.49
47,-27.14,-388.22,-83.81,11.39
48,53.06,-448.81,-109.84,29.4
49,-7.31,-336.74,-90.37,27.55
50,-9.01,-418.21,-121.07,18.38
51,-81.01,-507.47,-109.97,17.96
52,44.69,-512.84,-77.2,18.94
53,-7.68,-492.48,-85.31,21.67
54,-62.27,-536.65,-134.63,12.91
55,3.9,-473.71,-229.9,-25.03
56,16.72,-501.3,8.09,26.61
57,-15.19,-470.46,-80.81,33.29
58,-6.53,-440.44,-97.24,-1.55
59,-18.79,-460.29,-285.29,-112.58
60,-15.98,-462.36,11.61,12.24
61,-41.36,-440.75,-37.72,81.51
62,7.89,-466.11,-93.3,49.3
63,19.66,-434.81,-114.15,-13.61
64,-4.01,-397.81,-108.91,37.19
65,-34.84,-368.48,-178.9,-3.93
66,-77.3,-427.3,-138.64,-4.56
67,55.12,-398.13,-23.11,27.4
68,21.64,-578.24,-68.51,41.5
69,0.91,-524.52,-179.54,-16.38
70,-57.87,-458.12,-86.69,-0.98
71,25.93,-413.8,-69.81,33.6
72,-10.64,-463.8,-85.91,38.46
73,15.75,-492.73,-95.21,8.17
74,-18.86,-495.2,-161.73,-31.04
75,-7.27,-486.11,-57.75,-4.73
76,-52.23,-486.41,-172.87,-7.38
77,2.08,-458.89,-125.76,27.81
78,5.22,-434.92,-119.54,-1.95
79,-5.39,-421.01,-118.36,36.66
80,-3.1,-405.31,-8.86,48.92
81,-21.86,-429.64,-99.8,31.1
82,-31.3,-508.95,-114.3,20.62
83,-30.54,-512.66,-67.17,22.48
84,-40.2,-450.62,-93.2,21.21
85,30.83,-480.38,-148.77,11.04
86,-1.18,-464.93,-111.99,22.51
87,-76.49,-466.19,-109.9,1.44
88,9.39,-392.41,-80.66,13.25
89,53.04,-448.94,-126.97,11.62
90,-21.78,-515.94,-91.52,-18.55
91,-18.32,-492.27,-130.6,-7.4
92,-7.82,-471.74,-194.01,9.49
93,-1.32,-451.39,-37.96,49.11
94,-16.2,-445.26,-115.32,19.82
95,-31.68,-450.28,-89.51,18.18
96,-27.13,-432.24,-110.77,39.77
97,-19.21,-404.99,-36.14,23.45
98,-76.42,-469.38,-120.57,17.32
99,25.31,-464.55,-94.29,33.2
100,40.29,-390.12,-103.08,16.61
101,-64.97,-417.52,-129.01,0.86
102,19.68,-510.87,-62.88,6.22
103,-12.19,-487.57,-193.29,-13.59
104,53.43,-434.55,-86.21,11.98
105,3.8,-483.15,-225.02,-41.85
106,-84.81,-494.22,-243.01,23.51
107,-29.76,-468.24,99.25,66.41
108,-8.8,-481.45,-139.17,-28.35
109,43.54,-437.37,-68.35,62.31
110,-9.91,-454.17,-86.3,20.39
111,-23.71,-443.36,-98.38,27.88
112,-0.19,-421.56,-75.78,16.56
113,16.42,-412.11,-124.76,27.77
114,-44.37,-451.59,-121.47,16.83
115,-1.2,-457.15,-108.83,-7.17
116,-4.25,-428.67,-151.33,10.24
117,-47.83,-492.09,-59.47,27.01
118,13.89,-453.48,-113.75,-4.13
119,-11.49,-471.4,-84.83,46.71
120,-13.1,-474.98,-97.61,17.49
121,-0.11,-446.95,-142.86,15.85
122,-38.12,-497.95,-135.78,-29.64
123,-29.5,-456.41,-168.26,10.6
124,-48.51,-523.74,-114.61,4.24
125,2.09,-458.06,-22.55,27.96
126,25.33,-459.93,-62.04,31.12
127,-3.75,-465.17,-142.31,13.92
128,-30.54,-460.75,-139.36,1.81
129,-116.78,-411.64,-51.98,9.6
130,89.68,-414.13,-67.31,33.96
131,2.44,-480.23,-95.93,32.48
132,-5.24,-449.26,-159.71,-42.81
133,-1.89,-385.33,-134.63,-7.55
134,-37.93,-432.1,-49.9,40.86
135,3.42,-522.97,-85.96,30.96
136,-4.68,-483.24,-89.77,32.67
137,-17.25,-487.3,-112.23,28.06
138,-14.41,-479.91,-169.89,-5.16
139,-18.12,-449.11,-103.58,-31.73
140,-39.05,-449.98,-47.97,48.82
141,-58.05,-447.6,-77.27,30.04
142,57.97,-400.78,-105.07,16.64
143,-5.48,-457.93,-99.55,15.95
144,-12.77,-463.15,-105.34,15.35
145,-22.26,-492.79,-99.26,35.85
146,-47.75,-475.13,-227.51,2.1
147,-73.76,-485.29,-196.9,-38.98
148,35.27,-491.58,-52.13,-46.81
149,20.28,-441.31,-9.13,88.82
150,-7.78,-437.95,-73.91,33.06
151,-9.13,-438.28,-86.07,25.45
152,-11.1,-441.23,-97.16,18.45
153,-9.66,-442.98,-103.75,24.95
154,-20.49,-458.13,-95.02,17.36
155,-22.77,-457.68,-97.6,27.62
156,-29.56,-452.23,-92.59,23.72
157,3.3,-455.61,-99.25,16.23
158,-10.8,-437.7,-106.11,20.55
159,-10.94,-452.29,-103.92,20.83
160,-18.52,-455.32,-97.87,18.68
161,-45.05,-449.23,-101.87,19.6
162,-4.13,-439.31,-101.56,48.84
163,-6.66,-462.6,-97.93,1.83
164,-14.07,-456.16,-107.02,15.98
165,-11.61,-452.66,-103.42,22.91
166,-4.54,-443.75,-110.44,21.93
167,-15.62,-463.56,-102.8,24.41
168,-17.11,-471.7,-101.99,15.26
169,-33.2,-464.31,-103.04,20.75
170,-2.17,-460.78,-108.26,15.08
171,-22.3,-463.08,-108.27,13.36
172,-3.44,-475.42,-103.43,47.5
173,-3.32,-467.2,-107.88,34.87
174,-8.22,-471.17,-114.77,-16.97
175,-20.43,-475.03,-106.04,37.63
176,-17.75,-454.32,-101.63,25.4
177,-20.98,-452.6,-102.74,24.32
178,-50.4,-474.11,-106.79,22.65
179,22.55,-447.35,-105.22,30.27
180,-13.87,-437.82,-109.48,20.01
181,-3.22,-431.21,-104.07,23.95
182,-5.06,-454.62,-113.54,25.24
183,-18.13,-440.07,-113.2,23.71
184,-14.22,-445.31,-113.29,20.62
185,-13.52,-438.16,-112.79,32.17
186,-10.05,-437.29,-107.87,22.99
187,-15.23,-442.69,-111.28,13.47
188,-18.05,-440.64,-103.26,20.79
189,-23.94,-439.51,-104.82,21.09
190,-14.25,-443.19,-110.0,20.46
191,-26.62,-449.84,-110.18,25.9
192,0.38,-439.57,-107.33,19.22
193,-25.45,-443.39,-101.8,21.43
194,8.81,-452.25,-112.46,20.34
195,-14.29,-456.49,-98.44,32.66
196,-34.28,-456.54,-95.84,28.05
197,-3.29,-451.18,-105.34,23.02
198,-19.45,-459.11,-98.71,22.73
199,-10.19,-453.23,-103.76,34.49
200,-64.1,-455.39,-109.04,31.11
201,-6.59,-448.28,-99.18,-0.47
202,34.44,-448.72,-98.24,31.48
203,-8.54,-447.85,-97.22,29.42
204,-16.64,-452.79,-98.11,29.44
205,-12.64,-449.08,-103.39,30.61
206,-22.55,-444.38,-99.62,19.99
207,-16.11,-455.18,-97.38,21.84
208,-7.22,-452.72,-98.13,47.52
209,-14.16,-451.28,-98.01,36.69
210,-14.02,-448.15,-97.32,35.91
211,-17.06,-458.65,-98.72,34.62
212,-13.99,-451.65,-100.66,38.14
213,-15.37,-446.99,-100.92,37.05
214,-20.67,-454.79,-98.25,34.3
215,-35.48,-450.58,-99.49,36.53
216,-8.08,-454.14,-103.68,24.35
217,-16.8,-463.18,-99.25,27.31
218,-11.85,-464.02,-103.68,33.38
219,-77.67,-431.28,-96.7,35.23
220,-0.12,-450.42,-86.54,71.62
221,34.22,-472.51,-112.49,4.13
222,8.4,-451.82,-105.65,20.53
223,-14.37,-466.9,-94.88,32.19
224,-10.55,-460.4,-101.3,29.46
225,-14.6,-458.82,-105.91,28.93
226,-22.14,-453.35,-97.44,24.01
227,-15.98,-456.43,-104.19,16.18
228,-12.14,-455.16,-101.56,44.73
229,-10.77,-439.44,-102.28,22.34
230,-24.17,-452.51,-103.0,-5.28
231,-24.69,-469.5,-90.68,52.07
232,-23.24,-452.33,-90.94,34.91
233,-21.4,-456.35,-101.24,32.53
234,-15.79,-456.42,-97.42,30.76
235,-16.98,-460.37,-103.48,31.58
236,-26.88,-449.05,-99.08,49.24
237,-16.41,-460.94,-97.71,35.89
238,-2.98,-459.19,-98.25,12.49
239,-15.42,-453.27,-100.75,26.58
240,-17.8,-454.13,-101.24,30.1
241,-17.91,-462.58,-99.48,37.95
242,-15.76,-456.62,-103.6,29.55
243,-35.09,-459.73,-97.36,29.76
244,-5.99,-464.69,-101.5,30.57
245,-44.11,-446.62,-104.07,20.45
246,-27.32,-428.59,-114.0,-14.94
247,11.47,-478.08,-98.51,43.38
248,-9.54,-482.94,-98.41,49.19
249,-20.79,-470.11,-103.64,32.45
250,-6.12,-463.05,-104.63,26.16
251,-12.93,-468.31,-106.85,23.63
252,-34.6,-463.77,-103.63,27.31
253,-11.01,-455.66,-104.18,23.97
254,-7.71,-464.14,-109.34,35.5
255,-12.66,-459.45,-113.38,6.25
256,-18.36,-453.02,-102.29,44.18
257,-20.44,-460.02,-100.46,59.41
258,-30.23,-474.89,-110.84,20.52
259,6.8,-459.92,-113.37,15.27
260,-6.4,-449.43,-108.02,34.75
261,-15.28,-459.59,-105.26,29.1
262,-19.04,-463.1,-106.71,38.26
263,-18.85,-459.19,-106.26,32.24
264,-16.69,-466.33,-105.36,31.83
265,-23.98,-466.82,-111.85,27.95
266,-28.73,-458.89,-112.85,43.2
267,-55.3,-451.86,-124.19,2.49
268,10.16,-474.89,-105.11,14.07
269,9.85,-461.27,-98.54,76.06
270,-5.74,-466.25,-112.7,16.33
271,-3.79,-468.12,-105.73,38.9
272,-3.73,-460.02,-109.15,25.89
273,-10.6,-460.73,-106.81,38.49
274,-8.86,-462.15,-112.74,35.52
275,-15.6,-462.46,-113.87,14.5
276,-24.52,-456.09,-104.75,26.74
277,-18.83,-461.68,-103.75,38.26
278,-9.54,-458.36,-113.0,29.62
279,-16.11,-459.48,-108.62,28.15
280,-19.68,-465.86,-105.78,45.47
281,-14.63,-465.47,-110.2,33.98
282,-11.64,-458.89,-105.35,31.93
283,-5.5,-452.56,-107.34,31.71
284,-25.34,-467.15,-110.78,23.27
285,6.34,-465.45,-108.26,27.94
286,-18.79,-462.56,-104.2,23.12
287,-28.37,-466.11,-107.5,30.6
288,-5.77,-461.56,-106.45,26.61
289,-7.02,-454.98,-111.52,28.63
290,-0.5,-465.77,-113.49,10.67
291,-14.07,-470.54,-108.47,26.28
292,-16.14,-467.1,-105.79,38.0
293,-10.03,-467.88,-113.4,39.22
294,-19.27,-472.32,-107.6,25.98
295,-8.5,-464.19,-113.64,24.56
296,-4.41,-455.93,-113.7,24.73
297,-16.45,-464.71,-108.02,20.97
298,-20.77,-469.0,-104.13,25.44
299,-4.0,-457.73,-108.5,27.57
300,-9.11,-459.28,-110.48,29.26
301,-11.59,-470.38,-109.95,23.87
302,-17.59,-461.51,-104.29,28.05
303,-31.72,-459.45,-101.37,26.93
304,1.39,-467.22,-104.21,24.74
305,-12.08,-465.22,-101.74,28.72
306,-15.21,-458.9,-100.28,23.91
307,-11.85,-461.28,-114.46,24.97
308,-15.36,-467.94,-108.19,23.25
309,-18.23,-457.14,-103.78,25.72
310,-11.14,-443.72,-102.37,24.85
311,-14.4,-457.52,-112.86,25.98
312,-22.26,-461.69,-110.13,34.02
313,-24.98,-478.72,-111.98,24.96
314,-18.32,-469.27,-110.56,28.12
315,-12.13,-473.52,-109.1,32.66
316,-24.89,-464.62,-99.78,29.62
317,-25.33,-474.9,-107.2,31.36
318,-16.18,-474.42,-112.86,31.66
319,-4.89,-424.96,-108.45,27.87
320,-9.45,-441.95,-106.7,28.59
321,-12.35,-488.51,-105.68,34.27
322,-1.19,-461.83,-113.36,30.33
323,-12.75,-466.86,-108.63,32.57
324,-24.34,-477.88,-107.42,35.46
325,-22.6,-493.38,-101.53,41.71
326,3.95,-351.66,-78.79,54.26
327,5.46,-350.87,-116.65,21.4
328,3.08,-361.27,-90.67,-19.36
329,7.55,-387.87,-40.56,114.99
330,-62.34,-622.26,10.31,135.55
331,3.21,-531.13,-234.84,-4.04
332,-9.01,-526.68,-240.29,98.19
333,-10.03,-548.83,-93.76,-135.58
334,-9.51,-491.99,-40.86,207.57
335,-21.16,-531.33,-74.51,144.5
336,-12.85,-500.27,-50.48,-55.87
337,-17.7,-508.01,-115.7,-84.3
338,10.8,-418.9,-122.45,-47.19
339,-28.89,-516.22,-25.14,45.7
340,-21.94,-519.16,-221.59,46.33
341,-12.66,-495.83,2.03,70.91
342,-8.67,-484.14,-202.31,32.89
343,24.31,-492.82,59.71,219.76
344,-0.79,-527.24,-89.17,159.01
345,-8.55,-524.23,-244.26,-12.73
346,-5.7,-510.87,-236.2,-109.43
347,12.31,-526.29,177.56,113.37
348,-12.25,-574.81,-130.61,-61.22
349,15.05,-520.13,-521.24,59.11
350,62.81,-468.08,-344.41,61.83
351,-32.77,-577.21,-992.29,27.59
352,-14.19,-522.95,-1236.93,-171.79
353,51.55,-468.65,-857.91,132.17
354,-41.26,-555.24,-1081.67,-47.84
355,6.66,-443.81,-1025.92,-33.45
356,43.15,-352.88,-654.48,57.6
357,-48.25,-515.38,-1164.66,169.62
358,11.34,-587.07,-1270.84,-112.48
359,-13.73,-533.28,-804.99,-12.41
360,-9.51,-552.44,-638.4,107.67
361,-13.36,-502.65,-1459.56,-56.37
362,-0.21,-493.19,-1298.42,125.84
363,-4.29,-480.41,-980.49,12.24
364,-32.17,-512.91,-821.76,45.58
365,-21.9,-478.28,-1146.77,-58.66
366,-14.79,-442.37,-1164.86,41.63
367,-11.55,-478.89,-1206.8,102.9
368,-34.55,-489.01,-1171.68,-12.46
369,-28.97,-439.15,-1169.17,1.78
370,-21.31,-440.71,-903.77,109.58
371,-7.46,-448.55,-1191.55,73.21
372,-13.7,-469.81,-1420.22,37.76
373,-12.33,-455.39,-851.79,90.15
374,6.62,-439.02,-803.37,89.96
375,-7.91,-459.99,-889.03,112.54
376,-14.6,-451.1,-1470.04,122.2
377,-10.67,-429.52,-1236.1,-17.71
378,-13.58,-447.59,-1159.03,-63.77
379,1.96,-429.68,-899.91,174.06
380,-7.18,-405.02,-1075.65,106.26
381,-43.47,-594.58,-993.31,155.53
382,-51.46,-706.16,-1300.37,28.79
383,10.81,-321.21,-945.38,19.32
384,7.58,-375.5,-1333.45,49.85
385,3.31,-411.62,-691.28,29.26
386,-1.05,-433.99,-1030.79,116.66
387,-12.95,-440.49,-1380.53,-51.09
388,-9.96,-439.67,-1101.8,26.34
389,-17.03,-439.59,-1046.43,191.14
390,-20.11,-437.21,-1055.44,43.88
391,-4.65,-448.01,-1085.57,114.32
392,8.24,-450.48,-908.54,133.4
393,-22.56,-463.36,-1231.04,-32.42
394,-10.28,-457.53,-1073.1,102.96
395,-14.15,-447.4,-1194.98,31.37
396,-9.5,-452.06,-990.67,91.21
397,-8.98,-450.94,-1051.8,50.13
398,-22.71,-478.74,-1158.47,-10.82
399,-24.18,-474.02,-1073.55,45.58
400,-10.03,-454.16,-1215.04,116.3
401,-31.04,-443.48,-1146.45,77.19
402,17.16,-451.16,-1096.37,56.59
403,-1.57,-447.76,-1102.93,5.0
404,-3.66,-457.94,-982.6,219.55
405,-19.59,-480.24,-1095.46,-38.73
406,-13.16,-463.84,-1132.76,91.22
407,-0.44,-402.46,-1114.43,40.56
408,-5.28,-447.01,-1239.53,149.52
409,-3.56,-492.03,-1000.49,34.71
410,-26.17,-543.6,-1196.46,27.2
411,12.43,-502.37,-927.45,70.77
412,-9.0,-500.45,-845.87,195.37
413,14.04,-463.77,-1389.52,-21.07
414,-7.2,-496.73,-1205.42,-39.24
415,-21.65,-478.19,-1150.19,76.53
416,13.72,-428.82,-733.36,-29.46
417,-32.11,-493.25,-1430.39,41.41
418,-15.89,-452.48,-1114.14,40.48
419,-20.88,-461.37,-1216.79,14.14
420,-11.76,-433.41,-992.92,94.44
421,10.96,-438.35,-952.96,93.99
422,-11.83,-491.22,-1170.24,79.77
423,-29.43,-488.69,-1224.54,16.25
424,-3.95,-465.89,-973.1,15.01
425,-17.44,-487.64,-1230.69,109.38
426,-11.08,-467.77,-1042.81,-34.75
427,8.95,-447.83,-1494.04,22.53
428,-21.19,-457.73,-760.94,77.41
429,24.7,-460.05,-866.94,127.85
430,10.57,-441.65,-1106.9,-204.89
431,-3.86,-466.43,-1506.3,177.44
432,24.84,-475.43,-964.85,-83.43
433,2.35,-521.31,-880.0,39.8
434,-4.78,-488.2,-1200.67,-47.43
435,10.29,-479.72,-1402.11,186.93
436,1.94,-499.06,-744.65,23.35
437,14.4,-517.25,-865.44,-43.25
438,-49.89,-490.73,-1412.55,50.3
439,-15.87,-447.42,-1255.66,-63.82
440,-6.15,-467.7,-1193.66,80.68
441,43.87,-461.57,-861.86,277.49
442,-48.58,-514.86,-1410.28,-33.34
443,-4.52,-451.96,-868.63,-101.37
444,-14.42,-466.51,-1069.56,70.57
445,11.41,-431.18,-1142.62,-3.24
446,1.01,-462.75,-1231.39,354.29
447,-16.25,-430.61,-1145.99,-146.61
448,-6.39,-412.07,-1100.98,-9.85
449,-29.0,-548.09,-1066.83,109.1
450,-5.27,-500.78,-1203.53,-103.25
451,-10.77,-473.0,-1053.48,191.73
452,-4.94,-456.9,-1158.89,85.62
453,-4.18,-473.08,-861.09,37.0
454,-10.23,-474.15,-1209.75,56.81
455,-5.69,-421.14,-1098.56,95.19
456,-15.69,-496.92,-1192.62,-3.06
457,-28.07,-492.15,-1047.43,153.48
458,3.93,-463.64,-1163.51,1.59
459,-8.55,-428.59,-1125.78,27.57
460,-23.26,-477.18,-1247.31,69.1
461,25.78,-472.22,-727.46,51.16
462,-24.11,-497.77,-1234.06,104.66
463,-35.27,-476.8,-1175.13,76.19
464,-22.65,-475.54,-1073.2,56.35
465,7.92,-470.57,-1039.42,126.84
466,-22.16,-466.66,-1311.21,10.21
467,2.35,-423.6,-1075.09,-23.45
468,-22.69,-482.94,-1032.23,183.2
469,-5.15,-456.03,-1214.76,-29.95
470,-12.65,-434.86,-1082.07,77.06
471,15.25,-431.54,-1233.92,102.98
472,-21.46,-495.27,-864.58,52.41
473,-25.91,-505.1,-1181.89,2.33
474,-19.71,-485.67,-168.31,41.49
475,-17.18,-485.29,-118.11,180.21
476,-19.58,-491.75,-190.81,12.64
477,-20.42,-463.33,-189.85,51.43
478,-1.98,-435.35,72.36,163.57
479,-24.65,-471.47,-213.05,97.09
480,-20.79,-461.35,-234.78,14.91
481,-8.64,-462.04,-92.57,76.05
482,-7.91,-462.17,-152.02,16.57
483,-4.05,-467.86,-58.19,12.24
484,-35.1,-502.12,-270.22,-49.09
485,-25.57,-461.46,-116.28,118.11
486,8.85,-443.02,109.94,189.01
487,-21.61,-476.11,-218.58,105.21
488,-6.26,-461.91,-172.61,9.91
489,-3.26,-442.11,-138.73,99.72
490,-16.18,-487.56,-239.32,42.84
491,15.0,-475.63,299.81,80.63
492,-32.34,-480.91,-421.82,60.91
493,-16.22,-472.44,-166.12,6.78
494,-15.45,-358.48,-200.35,-3.71
495,-6.82,-346.57,-94.96,144.37
496,7.33,-533.99,55.81,67.88
497,-21.22,-532.88,-234.54,75.2
498,-3.7,-505.36,-157.64,57.46
499,12.65,-490.36,-166.78,53.36
500,-32.83,-517.5,-286.63,-20.79
501,-3.1,-458.21,-53.39,82.22
502,-10.94,-447.55,-93.87,102.04
503,-7.08,-482.39,51.28,-15.09
504,6.73,-515.46,-110.51,29.45
505,-26.29,-506.68,-178.07,130.99
506,-4.03,-465.15,-89.3,60.72
507,-24.67,-500.02,-272.8,17.35
508,-20.43,-482.61,-118.34,77.93
509,-13.15,-485.2,91.14,213.2
510,-7.96,-470.01,-365.75,-81.65
511,-11.69,-486.47,-148.43,21.18
512,12.84,-468.22,75.35,155.84
513,-29.37,-483.95,-276.95,6.38
514,-22.83,-462.12,-130.54,25.36
515,-14.1,-480.46,-212.59,127.47
516,9.04,-451.35,-107.87,16.68
517,3.11,-502.72,-71.51,63.58
518,-6.17,-473.22,-238.63,126.55
519,-17.75,-454.95,-86.15,-72.27
520,-6.13,-461.42,-90.05,102.16
521,0.11,-445.43,-39.87,96.33
522,2.6,-497.26,-222.77,-27.95
523,-27.03,-494.74,-270.15,83.27
524,-19.36,-469.9,-62.89,60.25
525,-2.64,-457.13,-101.51,43.82
526,-5.54,-454.35,-52.93,120.19
527,-16.9,-478.55,-192.17,51.27
528,-21.66,-515.28,-61.12,98.74
529,-17.44,-471.78,-246.82,82.44
530,-14.71,-400.0,-213.88,25.11
531,-7.94,-477.3,145.61,62.27
532,-17.21,-506.16,-247.35,31.63
533,-23.48,-494.79,-145.68,71.84
534,-2.24,-455.44,-89.1,149.98
535,0.56,-484.59,24.49,30.27
536,-19.31,-486.91,-394.55,-196.83
537,-21.52,-497.53,-155.42,172.34
538,-11.18,-464.42,-71.3,65.65
539,-3.63,-441.14,-92.18,45.06
540,-5.79,-489.87,-211.62,-19.28
541,23.83,-449.16,128.53,93.95
542,-9.11,-486.34,-356.4,73.24
543,-18.45,-487.29,-98.05,5.43
544,-24.31,-509.41,-154.03,130.48
545,-17.76,-509.15,-177.63,20.55
546,27.36,-414.14,-37.91,-36.26
547,-0.25,-403.11,-206.81,104.66
548,-6.56,-506.97,-117.91,36.65
549,-6.8,-474.24,-85.54,-33.06
550,-3.92,-453.33,-174.86,64.54
551,-14.74,-546.0,-323.16,84.17
552,-14.69,-482.49,-31.07,-6.35
553,-2.1,-480.17,-153.55,52.12
554,11.23,-481.06,-51.93,101.23
555,-5.39,-464.43,-235.47,-30.29
556,-28.7,-485.1,-105.79,75.41
557,-22.07,-468.41,-77.57,53.2
558,-0.32,-471.05,-82.9,52.25
559,-8.75,-482.49,33.76,70.67
560,-15.09,-468.22,-266.77,-10.74
561,-20.85,-479.78,-203.05,49.49
562,-15.3,-474.76,-105.68,72.19
563,10.08,-463.68,-75.24,81.2
564,-4.79,-480.95,-213.32,9.71
565,-5.02,-452.26,-127.9,100.1
566,-6.59,-448.8,-132.89,60.27
567,-13.58,-493.09,-202.11,16.15
568,-9.73,-487.73,-0.34,110.59
569,-12.53,-463.54,-191.63,19.17
570,-14.68,-463.28,-69.72,86.11
571,-4.52,-470.61,-109.74,18.5
572,-1.9,-449.63,-152.51,49.13
573,-5.39,-476.74,-111.8,147.17
574,12.45,-468.39,-88.5,-6.03
575,-14.38,-477.81,-173.06,104.76
576,-22.66,-470.44,-110.96,25.22
577,-10.96,-457.45,-126.62,23.52
578,-5.67,-472.69,16.13,114.48
579,-11.49,-468.6,-270.01,26.07
580,-15.82,-470.11,-117.06,15.37
581,2.12,-440.44,90.57,112.66
582,1.07,-497.89,-173.1,49.21
583,-7.21,-479.33,-119.25,60.54
584,-13.37,-490.68,-165.48,57.1
585,-6.98,-462.42,-83.47,25.11
586,10.34,-441.11,-66.37,50.62
587,9.21,-480.09,-397.66,-60.05
588,-14.58,-495.62,-9.04,111.97
589,-10.76,-471.2,-211.93,95.89
590,-12.75,-486.86,-97.48,70.4
591,-18.73,-476.14,-117.6,22.13
592,-16.77,-460.25,-116.26,60.74
593,-9.57,-459.13,-94.7,75.36
594,-6.45,-474.37,-131.78,27.21
595,-2.64,-461.78,-68.68,75.73
596,-2.86,-463.95,-153.41,104.85
597,-0.61,-445.83,-132.83,-5.32
598,-4.28,-499.52,161.01,61.89
599,9.88,-441.12,-363.81,87.53
600,-25.7,-488.43,-117.12,-17.82
601,-14.53,-475.26,-152.98,12.95
602,-16.39,-434.25,-168.29,33.36
603,0.65,-419.7,-315.6,34.15
604,-14.05,-511.71,44.57,45.04
605,-0.45,-482.29,-57.91,106.3
606,1.06,-481.63,-346.31,-49.46
607,-15.45,-491.47,-71.9,37.98
608,-9.09,-471.06,-72.15,122.49
609,-16.24,-434.07,-117.49,-16.2
610,-5.29,-466.98,-159.61,10.24
611,-9.33,-483.43,-50.49,205.36
612,-16.64,-485.16,-54.53,2.5
613,2.0,-467.11,-211.83,123.03
614,-11.37,-485.58,-226.94,-85.2
615,-10.1,-484.45,-50.11,148.07
616,-18.67,-478.19,-324.47,-117.77
617,25.96,-443.13,33.65,9.3
618,0.27,-487.11,44.88,87.14
619,5.47,-480.41,-155.94,98.96
620,-7.45,-469.58,-307.48,-58.8
621,-8.46,-443.13,-194.3,92.26
622,-7.07,-477.84,-167.69,0.74
623,-4.98,-476.42,-126.54,30.75
624,-13.53,-478.83,-144.81,-13.51
625,-18.96,-476.02,-70.79,25.9
626,-19.9,-472.91,-156.26,71.06
627,-12.67,-475.23,-87.17,114.26
628,8.69,-449.58,-256.36,-34.51
629,-12.27,-481.58,-254.84,135.48
630,-6.94,-440.37,194.56,74.53
631,-12.81,-461.74,-275.79,26.7
632,-18.2,-486.78,-107.12,106.86
633,-4.84,-421.05,-115.19,27.17
634,-23.54,-474.89,-216.47,-26.76
635,-4.8,-467.2,-91.12,54.9
636,-10.14,-453.17,-118.12,-7.32
637,-10.47,-486.74,-128.76,154.18
638,-0.33,-428.98,-43.35,94.8
639,-16.22,-485.34,-82.64,106.22
640,0.93,-485.33,-322.46,88.3
641,-19.97,-495.16,-10.62,-50.56
642,-8.21,-459.68,-68.19,79.82
643,-26.43,-473.56,-209.59,51.02
644,-16.29,-458.82,-9.03,43.24
645,-9.74,-466.86,-150.73,29.25
646,-7.38,-457.8,-157.67,57.31
647,-0.4,-473.79,-19.64,7.89
648,-23.76,-499.0,-241.88,99.9
649,-9.83,-447.22,-69.52,124.02
650,-7.73,-480.08,-221.1,99.78
651,-0.43,-461.87,-90.77,-22.73
652,-12.29,-456.19,-192.79,62.98
653,-21.62,-468.01,-93.09,41.57
654,-8.6,-469.09,-111.68,25.47
655,-9.86,-465.71,1.36,91.5
656,-9.93,-467.22,-245.07,12.04
657,-9.82,-470.65,-112.32,74.94
658,-13.67,-438.36,-134.66,60.13
659,-2.05,-459.12,22.63,167.18
660,-18.83,-487.96,-267.94,15.04
661,-12.98,-475.1,-168.26,-7.33
662,-11.52,-475.94,7.22,126.85
663,-22.56,-468.5,-192.51,-4.05
664,-3.55,-465.36,-101.74,111.65
665,-17.28,-469.52,-148.68,7.27
666,-17.46,-454.85,-120.94,69.84
667,-6.69,-457.49,-95.78,63.87
668,-17.69,-462.12,-146.47,27.94
669,-13.12,-469.31,-108.63,56.47
670,-13.02,-447.58,121.0,78.74
671,-10.87,-474.83,-190.51,74.3
672,-9.33,-480.49,-225.61,37.86
673,-23.13,-467.29,-166.33,32.23
674,-7.15,-465.82,-199.71,139.41
675,-17.29,-488.43,-86.33,-36.01
676,-18.04,-468.5,-103.26,50.31
677,-14.46,-466.25,-112.02,60.11
678,-13.93,-463.08,-117.66,65.68
679,-23.13,-456.76,-135.08,68.15
680,-14.39,-455.42,-112.87,51.98
681,11.46,-441.56,118.86,78.4
682,-2.69,-449.13,-39.08,36.71
683,-29.15,-476.03,-313.23,-6.51
684,-20.56,-439.47,-122.7,118.82
685,9.69,-459.51,-160.87,52.83
686,-21.17,-500.51,-76.39,20.9
687,-17.06,-474.55,-155.5,-3.27
688,-11.67,-471.0,-73.28,66.3
689,-11.65,-449.9,-148.07,70.93
690,-14.58,-473.94,-119.63,67.38
691,-24.37,-469.94,-127.13,50.37
692,-14.33,-461.14,-123.54,58.47
693,-23.75,-461.14,-117.88,64.83
694,-16.19,-463.89,-108.1,42.68
695,-7.19,-463.84,61.41,64.08
696,-5.03,-452.83,-257.52,-49.78
697,-7.49,-450.85,-40.32,120.44
698,13.41,-447.24,-47.31,58.13
699,-8.57,-473.74,-210.8,101.71
700,-9.52,-436.74,-82.79,36.9
701,-9.07,-466.86,-135.09,-21.27
702,-17.27,-450.43,-82.12,44.36
703,-34.12,-507.09,-140.7,58.46
704,-32.47,-496.82,-112.62,67.69
705,-1.6,-478.57,-22.43,75.23
706,1.24,-449.85,-191.85,8.23
707,-14.76,-448.29,-127.41,73.27
708,-15.03,-486.71,-173.47,51.66
709,-15.0,-459.99,-102.05,46.44
710,-19.28,-471.73,-111.7,36.28
711,-5.38,-474.7,-152.52,55.12
712,-26.63,-475.73,-107.86,44.71
713,-23.19,-460.14,-32.59,12.95
714,-6.02,-428.73,-210.8,72.47
715,-1.29,-425.22,-121.26,39.0
716,-2.52,-499.61,-32.99,32.97
717,-0.18,-469.05,-39.35,53.17
718,-10.6,-477.84,-181.34,68.46
719,-36.04,-487.53,-100.91,14.85
720,-14.76,-470.57,-103.44,51.14
721,-1.46,-470.95,-165.58,117.49
722,3.05,-456.07,69.41,-50.75
723,-23.87,-473.98,-262.98,1.86
724,-15.34,-484.65,-159.28,22.62
725,-9.33,-472.41,-126.12,4.03
726,-11.6,-438.0,-145.92,42.8
727,-3.48,-417.57,-69.02,76.89
728,-24.84,-514.06,-16.09,86.2
729,-19.25,-492.45,-209.33,-25.41
730,-16.79,-476.13,-123.84,18.84
731,-9.24,-464.84,-93.96,97.63
732,-3.85,-475.0,-135.6,105.08
733,-35.55,-476.92,-19.1,7.58
734,-25.17,-472.17,-185.96,19.79
735,-5.25,-456.31,-203.85,84.92
736,7.07,-436.09,-215.88,-15.14
737,-7.23,-482.15,-87.6,-27.98
738,-26.52,-478.03,-65.1,46.32
739,-21.27,-471.08,-109.09,-30.27
740,-24.98,-477.94,-172.73,55.38
741,-7.07,-450.58,-105.58,105.57
742,-8.57,-440.21,-28.14,39.88
743,1.18,-451.06,-64.57,11.97
744,-7.77,-449.43,-210.74,32.31
745,-12.85,-460.06,-118.82,35.01
746,-17.76,-488.65,-207.9,95.41
747,-5.81,-480.13,-74.62,3.79
748,-19.08,-485.42,-94.38,-34.09
749,-22.27,-476.69,-223.41,47.74
750,-10.02,-453.26,-108.79,-2.69
751,-4.89,-455.6,-3.22,49.96
752,-14.2,-486.2,-202.73,70.3
753,-0.98,-445.93,-40.26,38.62
754,-3.27,-462.78,-141.29,100.34
755,-24.23,-502.23,-123.96,-14.14
756,-25.55,-453.23,-248.82,50.44
757,-12.5,-463.56,-67.42,15.49
758,-4.74,-441.9,-176.29,19.2
759,16.99,-443.61,-3.81,-6.12
760,-13.5,-509.76,-33.4,50.82
761,-30.81,-473.32,-200.67,13.33
762,-10.92,-421.33,-158.68,44.07
763,-8.68,-483.46,-74.7,40.8
764,7.41,-465.82,-172.19,46.85
765,-17.58,-491.73,-134.14,66.44
766,-13.43,-462.53,-26.13,55.69
767,-2.34,-467.93,15.86,9.45
768,-8.61,-465.38,-309.87,39.24
769,-33.77,-484.93,-205.54,-35.59
770,-20.48,-461.94,-66.83,49.73
771,-0.78,-399.89,-101.97,71.3
772,-21.01,-498.79,-237.43,84.17
773,-19.16,-476.29,-27.66,-8.12
774,-9.14,-480.3,-12.47,59.58
775,-12.94,-491.35,-76.99,52.64
776,-9.14,-454.4,-160.04,10.3
777,-0.51,-452.64,20.87,65.52
778,-16.14,-477.3,-203.39,51.61
779,-20.09,-482.82,-182.1,6.34
780,-20.28,-470.78,-156.2,86.49
781,-6.59,-446.39,-30.5,0.39
782,-10.46,-472.53,-268.52,47.99
783,-14.29,-467.72,-53.07,23.96
784,-15.38,-474.6,-193.73,19.67
785,-10.38,-454.18,-154.08,-27.45
786,-13.03,-454.51,-88.73,66.16
787,-4.18,-450.06,-19.02,47.37
788,-33.66,-485.88,-170.78,53.09
789,-17.17,-448.34,-98.13,69.05
790,-15.48,-462.03,-152.9,23.99
791,-3.41,-455.0,40.63,88.02
792,-11.54,-468.65,-85.4,24.77
793,-2.66,-463.01,-214.4,59.41
794,-13.17,-461.12,-131.51,14.68
795,-19.2,-469.51,-101.85,19.79
796,-23.12,-468.27,-211.74,9.65
797,0.7,-457.14,-68.44,53.93
798,-22.15,-472.97,-104.39,65.67
799,-15.55,-459.5,-123.37,44.05
800,-9.31,-454.53,-131.63,36.77
801,-9.64,-455.12,-168.59,26.27
802,-12.01,-474.75,107.34,51.49
803,-18.39,-433.51,-214.36,40.35
804,-11.84,-456.88,-171.84,21.52
805,-12.71,-464.94,-103.45,60.46
806,3.02,-446.05,55.8,108.06
807,-31.32,-486.31,-242.59,-21.76
808,-10.82,-462.53,-163.7,-2.59
809,-26.89,-471.71,-126.27,21.49
810,-24.29,-446.09,-119.7,19.95
811,-22.89,-458.46,-65.47,47.9
812,4.47,-472.56,-31.7,36.13
813,-12.22,-467.9,-68.68,44.59
814,-8.61,-444.71,-169.99,35.32
815,-12.14,-458.81,-179.2,48.42
816,-16.18,-461.81,-134.0,33.15
817,-25.49,-468.47,-123.31,45.8
818,-20.84,-475.31,-128.18,45.63
819,0.71,-438.16,-146.57,40.98
820,-45.71,-471.17,-114.91,55.75
821,-16.67,-432.81,-110.42,5.09
822,17.15,-453.25,82.65,96.51
823,-8.4,-470.55,-217.36,6.37
824,-19.45,-480.35,-141.24,40.86
825,-20.98,-483.92,-172.39,28.0
826,-23.81,-461.8,-117.44,30.63
827,-22.79,-468.62,-99.22,36.44
828,-14.17,-453.78,-143.36,37.83
829,-21.01,-453.44,-121.87,39.9
830,-21.7,-468.27,-126.07,42.75
831,-32.44,-466.15,-124.61,40.02
832,-26.29,-462.8,-107.21,21.72
833,23.91,-424.42,8.61,-53.14
834,-22.09,-503.37,-193.55,116.29
835,-3.25,-442.45,-38.89,57.1
836,8.25,-448.7,-7.22,123.57
837,0.64,-483.4,-224.73,-7.43
838,-1.03,-432.31,-88.09,44.52
839,-26.59,-474.87,-134.93,9.2
840,-17.83,-464.05,-98.91,14.42
841,-17.81,-467.28,-167.75,17.54
842,-25.09,-482.45,-129.46,42.38
843,-28.45,-444.49,-117.1,48.87
844,-24.76,-464.43,-122.96,38.91
845,-17.06,-457.34,-127.68,29.2
846,-19.16,-458.25,-125.7,25.98
847,-18.89,-478.44,-124.28,43.43
848,-13.34,-464.25,-123.15,38.52
849,-8.48,-462.32,-115.35,27.33
850,-8.78,-457.54,-65.81,-21.47
851,-9.31,-454.08,-53.26,49.13
852,-2.7,-446.33,-117.92,87.29
853,-29.81,-481.59,-163.91,31.71
854,-18.6,-475.94,-133.34,55.57
855,-20.41,-462.56,-157.6,-11.62
856,-8.19,-456.57,-77.51,68.59
857,-10.49,-466.34,-121.63,-10.7
858,-7.62,-457.16,-145.83,34.07
859,-18.34,-482.42,-111.39,34.16
860,-10.79,-458.07,-146.8,29.92
861,-22.77,-461.47,-138.33,42.09
862,-22.7,-455.12,-129.6,21.07
863,-10.81,-454.81,-86.52,32.81
864,-16.4,-462.77,-47.63,-30.12
865,-2.77,-448.37,-141.25,104.59
866,15.0,-407.75,-176.51,73.83
867,-18.83,-452.48,-164.85,-19.15
868,-28.47,-493.14,-53.09,61.41
869,-8.11,-446.37,-116.76,54.11
870,-19.94,-488.18,-143.82,-42.49
871,-19.27,-470.4,-117.48,64.06
872,-14.76,-487.63,-46.37,43.63
873,-3.77,-416.99,-166.15,23.32
874,-15.53,-480.75,-71.76,55.95
875,-17.98,-479.84,-132.9,47.19
876,-4.88,-446.87,-74.99,-5.01
877,-16.12,-458.94,-161.62,50.74
878,-3.3,-461.33,-87.76,41.6
879,3.15,-469.46,-28.66,9.44
880,-18.05,-480.25,-191.53,99.44
881,-17.13,-474.43,-128.76,12.76
882,-4.47,-452.53,-175.99,15.79
883,-13.43,-474.69,-140.63,-31.28
884,-11.38,-463.84,-118.7,48.79
885,-16.08,-457.05,-73.87,51.09
886,-15.17,-470.94,-135.02,57.4
887,-18.33,-475.79,-45.22,11.48
888,-19.2,-457.08,-156.13,36.62
889,-4.39,-447.45,-108.66,22.96
890,4.05,-437.16,-20.67,104.13
891,-16.49,-479.47,-206.3,15.8
892,-11.48,-466.18,-141.52,-23.77
893,-15.91,-464.76,-145.5,11.48
894,-10.06,-463.85,-47.43,30.13
895,-12.1,-468.96,-160.19,24.26
896,-8.86,-447.26,-88.46,32.19
897,6.65,-466.94,-72.89,6.02
898,-15.08,-462.81,-203.25,49.88
899,-17.77,-429.79,-76.37,28.06
900,-2.8,-469.1,-35.47,2.93
901,-3.15,-492.63,-202.81,44.86
902,-5.71,-447.85,-136.82,4.86
903,-2.38,-451.29,2.6,59.17
904,-16.9,-490.87,-159.97,25.04
905,-15.95,-480.46,-160.03,-19.14
906,-18.07,-454.79,-120.82,10.28
907,-23.8,-445.7,-103.46,27.37
908,-14.34,-447.54,-140.83,2.2
909,-14.23,-477.68,-12.38,61.46
910,-1.07,-472.8,-54.8,60.38
911,-15.2,-484.49,-125.09,22.64
912,-2.56,-461.2,-262.14,1.29
913,-9.68,-454.78,-126.67,27.61
914,-11.89,-465.16,-82.62,8.05
915,-15.13,-479.44,-129.35,23.72
916,-17.07,-449.58,-132.43,3.09
917,-15.85,-447.44,-143.2,-2.94
918,-18.54,-476.27,-124.54,25.96
919,-22.26,-460.17,-112.52,17.73
920,-28.6,-463.31,-44.25,29.58
921,-21.42,-468.35,-122.42,25.56
922,18.27,-447.72,-121.23,2.11
923,7.18,-451.02,-38.62,-11.27
924,-7.79,-480.39,-97.8,81.52
925,-8.13,-480.83,-146.03,87.69
926,-10.71,-475.8,-87.53,0.84
927,-13.33,-454.98,-138.78,17.74
928,-14.22,-466.58,-168.5,14.8
929,-15.57,-466.28,-119.24,16.71
930,-21.57,-463.12,-128.62,22.75
931,-20.38,-470.44,-116.22,37.95
932,-20.39,-460.87,-116.65,30.16
933,-17.08,-461.43,-117.6,25.64
934,-14.97,-466.19,-118.83,30.72
935,-17.52,-456.9,-55.79,33.52
936,6.56,-441.19,-120.47,-52.28
937,3.88,-457.09,-149.29,78.44
938,-10.6,-476.09,-74.62,25.99
939,-4.62,-432.49,-135.85,10.8
940,-1.01,-414.53,-70.73,25.49
941,-15.11,-506.26,16.16,24.38
942,-27.65,-503.47,-251.99,-9.13
943,-20.19,-478.89,-114.1,20.15
944,-13.97,-481.22,-124.8,14.86
945,-4.31,-459.16,-134.12,42.07
946,-8.14,-453.04,-126.01,27.99
947,-16.95,-464.95,-120.68,24.59
948,-15.13,-467.69,-126.29,31.03
949,-6.69,-450.9,-126.32,30.21
950,-9.84,-459.27,-125.23,28.84
951,-13.4,-463.6,-122.86,32.44
952,-12.2,-461.29,-120.62,26.91
953,-11.29,-452.96,-125.57,25.08
954,-14.9,-459.79,-124.29,21.76
955,1.82,-450.22,-124.34,-18.27
956,-7.2,-442.17,-15.08,50.22
957,-23.08,-475.29,-96.78,-33.25
958,4.98,-438.63,-101.57,95.48
959,-8.08,-465.86,-73.48,23.79
960,-1.81,-464.1,-115.75,70.51
961,-3.74,-484.67,-71.55,44.3
962,-9.75,-457.78,-136.56,-22.9
963,-4.53,-459.73,-83.74,0.1
964,-7.9,-469.28,-178.35,22.9
965,-20.92,-459.32,-163.16,3.23
966,-5.9,-451.71,-24.08,20.51
967,-14.16,-445.12,-133.84,25.71
968,-13.32,-485.05,-186.33,22.7
969,-15.65,-482.41,-119.57,31.24
970,-11.81,-459.37,-112.16,22.48
971,-15.24,-470.07,-114.77,33.72
972,-9.63,-459.38,-98.26,21.18
973,-10.24,-455.61,-133.44,38.76
974,-15.3,-469.34,-31.83,25.55
975,-18.72,-463.31,-175.51,-7.21
976,-10.67,-468.33,-64.28,47.15
977,-12.56,-433.82,-102.94,-18.57
978,-9.82,-431.2,-119.2,11.81
979,-20.13,-437.86,-157.79,-14.87
980,-12.55,-473.14,-85.49,59.35
981,-18.17,-518.3,-180.32,23.36
982,-18.36,-486.49,-101.86,88.98
983,-13.84,-486.99,-98.61,-20.8
984,-13.4,-479.28,-101.28,9.26
985,-1.36,-465.57,-104.76,20.14
986,-6.0,-451.8,-126.67,57.26
987,4.16,-443.96,41.73,4.33
988,-21.78,-483.37,-210.7,-32.34
989,-22.69,-478.49,-140.0,41.67
990,-18.87,-463.76,-82.07,3.86
991,-18.7,-476.05,-178.92,21.1
992,-9.17,-469.86,-147.12,24.62
993,-5.24,-455.09,-50.87,27.45
994,-4.67,-452.79,7.36,57.76
995,-6.17,-438.07,-152.52,0.91
996,-15.15,-441.62,-127.11,90.8
997,-19.59,-492.2,-87.48,-10.19
998,-37.29,-504.6,-133.19,19.56
999,-6.39,-462.97,-145.3,-3.17
1000,-4.85,-470.6,-77.93,2.17
1001,-13.63,-473.91,-163.37,41.24
1002,2.76,-459.51,-39.96,28.1
1003,-16.71,-454.04,-133.05,-24.44
1004,-21.2,-477.38,-106.94,66.27
1005,-16.81,-467.95,122.57,58.97
1006,-11.82,-463.53,-276.82,8.63
1007,-17.65,-493.95,-146.49,35.26
1008,-11.03,-466.08,-61.12,-8.39
1009,-9.27,-459.06,-186.55,32.83
1010,-9.66,-459.93,-106.44,56.37
1011,-17.19,-473.23,-39.19,31.87
1012,-5.04,-445.14,-180.87,-4.02
1013,-12.96,-456.61,-162.52,25.5
1014,-19.59,-483.36,-72.75,33.24
1015,-14.03,-476.08,72.23,75.13
1016,-12.17,-450.87,-252.32,-47.41
1017,-10.1,-484.45,-137.09,47.4
1018,9.37,-442.63,144.04,10.27
1019,-34.25,-462.2,-219.94,75.16
1020,-28.64,-450.93,-92.15,-2.05
1021,-14.02,-495.82,-164.24,-8.47
1022,12.03,-464.71,-94.88,16.48
1023,-17.86,-488.69,115.6,19.15
1024,-6.69,-470.58,-311.58,2.63
1025,-2.75,-472.67,36.39,11.1
1026,-9.81,-471.65,-197.43,31.27
1027,-12.93,-449.07,-106.12,2.16
1028,-10.52,-393.28,-156.65,35.29
1029,-11.43,-484.48,-83.33,24.83
1030,-24.46,-521.36,-109.57,92.82
1031,-12.8,-461.8,-112.63,20.72
1032,-6.05,-456.71,-81.39,-13.21
1033,3.65,-463.19,80.88,-0.54
1034,-21.35,-488.66,-324.75,-5.22
1035,-12.84,-481.18,-64.14,54.33
1036,-13.2,-455.64,-167.21,-47.41
1037,-4.65,-456.94,-23.34,-19.81
1038,-10.31,-477.3,-102.64,36.49
1039,-2.89,-433.7,-4.81,144.87
1040,1.53,-435.69,-99.16,-22.58
1041,-16.6,-493.13,-13.97,65.43
1042,-25.54,-498.97,-175.27,25.17
1043,9.58,-481.27,-156.02,-111.87
1044,-13.91,-494.12,-43.41,66.48
1045,-22.62,-488.12,-166.5,69.63
1046,-2.51,-458.62,33.12,-26.18
1047,-13.52,-488.93,-87.41,35.52
1048,10.85,-450.01,-60.63,71.23
1049,-19.29,-471.23,-295.22,80.7
1050,0.6,-462.31,-117.22,-89.29
1051,-15.21,-443.9,-141.46,-8.42
1052,-19.0,-449.88,-99.08,-12.75
1053,-7.71,-458.93,-63.33,41.65
1054,-13.82,-505.6,-175.73,-17.23
1055,-26.54,-496.33,-173.14,26.96
1056,-1.41,-460.51,0.3,-0.93
1057,-13.95,-472.56,-50.02,93.2
1058,-10.5,-458.69,-151.1,-21.89
1059,-7.76,-433.08,-148.43,28.97
1060,-4.82,-472.24,-156.58,-20.09
1061,29.81,-442.68,73.28,104.98
1062,-24.46,-517.48,-280.53,51.72
1063,-5.53,-418.79,-91.58,1.16
1064,10.47,-436.87,-49.79,25.43
1065,-18.51,-509.9,16.0,51.12
1066,-12.3,-469.36,-170.6,4.19
1067,-16.37,-471.78,-132.24,21.81
1068,-14.64,-477.77,-132.2,32.61
1069,-12.03,-466.11,-106.58,28.86
1070,-10.47,-466.06,-123.97,0.65
1071,-7.28,-461.7,-81.43,63.74
1072,-17.47,-446.5,-111.69,1.77
1073,-6.01,-464.92,-107.61,36.12
1074,-11.28,-453.34,-9.36,45.45
1075,-12.38,-442.12,-163.63,-7.48
1076,-2.67,-457.37,-79.84,19.88
1077,-15.75,-470.95,-99.78,62.23
1078,-9.5,-465.34,-162.69,-6.84
1079,-13.47,-433.66,-97.62,16.58
1080,-2.85,-445.63,33.79,57.07
1081,0.43,-486.52,-155.65,6.24
1082,-11.41,-478.97,-152.47,-10.98
1083,5.51,-458.55,-52.97,60.34
1084,-7.41,-472.67,101.91,73.02
1085,-16.99,-404.66,-247.56,69.81
1086,-2.01,-460.53,-116.06,-16.38
1087,-8.2,-503.97,-139.88,-33.68
1088,-21.67,-490.48,-96.86,61.26
1089,-19.21,-473.69,-85.78,25.11
1090,5.56,-452.09,-156.81,-1.47
1091,0.24,-447.31,101.36,22.0
1092,-4.73,-461.68,-200.48,63.78
1093,-18.57,-465.57,-176.18,-5.37
1094,-12.17,-452.2,-122.87,38.42
1095,-2.42,-482.27,-3.95,22.45
1096,-19.33,-497.13,-150.07,79.01
1097,-11.35,-472.1,-158.38,-4.72
1098,3.24,-443.97,-72.04,45.71
1099,-10.84,-433.14,-63.18,2.25
1100,-10.03,-492.43,-181.99,39.33
1101,-15.22,-489.65,-144.49,16.67
1102,-15.48,-462.41,-106.1,-24.96
1103,-15.45,-475.96,-109.8,27.5
1104,-16.37,-468.73,-117.83,24.48
1105,-11.5,-446.72,-111.51,23.77
1106,-17.02,-453.09,-115.24,28.96
1107,11.34,-443.14,-54.42,60.77
1108,-6.8,-457.48,-100.54,47.79
1109,-12.02,-483.12,-159.71,10.86
1110,-14.17,-455.23,-111.59,44.0
1111,-0.09,-431.17,-121.9,16.1
1112,-17.58,-468.3,10.51,35.58
1113,-8.53,-454.86,-183.16,30.93
1114,-12.7,-466.44,-50.67,-22.67
1115,-5.13,-450.9,-169.6,7.82
1116,-3.63,-454.57,-178.72,79.45
1117,-8.85,-465.5,-85.89,-18.28
1118,-8.32,-449.05,-145.8,43.69
1119,-22.1,-473.52,-104.96,32.33
1120,-20.87,-472.02,-78.0,-6.14
1121,-20.79,-454.93,-123.04,49.86
1122,-15.8,-430.48,-118.41,33.06
1123,4.87,-403.19,-124.46,35.1
1124,-17.78,-520.35,-96.53,36.4
1125,-12.45,-495.22,-112.2,19.15
1126,-5.58,-460.85,-107.35,20.24
1127,-5.78,-444.38,-56.68,46.32
1128,-19.08,-458.01,-108.21,32.82
1129,-12.0,-431.14,-95.21,-1.59
1130,-13.23,-437.29,-121.67,15.7
1131,14.59,-402.35,-107.66,51.46
1132,-11.58,-476.06,-122.32,71.15
1133,-25.91,-520.2,-152.93,4.23
1134,-7.33,-485.17,-92.64,17.68
1135,6.42,-463.16,-101.97,-16.07
1136,-22.48,-474.63,-189.88,75.49
1137,-15.98,-462.14,-110.53,-53.33
1138,-25.54,-479.26,10.86,60.27
1139,-5.94,-459.79,-180.29,17.53
1140,-1.58,-434.52,-103.3,21.07
1141,5.54,-440.38,-158.42,6.32
1142,-19.68,-455.17,-119.53,19.13
1143,-11.19,-441.43,-109.88,18.18
1144,-22.37,-495.44,-72.58,12.29
1145,-14.95,-468.2,-124.97,24.71
1146,-7.59,-435.65,-47.03,18.43
1147,-9.67,-462.92,-150.81,-13.08
1148,-10.37,-474.59,-134.45,-24.04
1149,-16.16,-460.45,-123.44,27.7
1150,-9.37,-427.52,-116.04,-0.92
1151,5.47,-451.8,-85.28,9.01
1152,-10.1,-487.2,-88.61,46.32
1153,5.43,-451.96,10.44,55.15
1154,-22.17,-471.59,-164.9,16.8
1155,-11.82,-468.59,-119.71,-32.34
1156,-5.98,-474.07,-97.33,47.05
1157,-2.26,-464.09,-114.84,15.59
1158,-3.57,-454.9,-167.79,-4.13
1159,-5.64,-446.08,-99.06,-5.55
1160,-11.65,-460.3,-72.74,23.33
1161,7.41,-438.88,-44.2,34.83
1162,-20.03,-472.57,-166.61,-19.51
1163,-18.25,-420.27,-122.06,23.45
1164,-2.95,-386.32,-122.63,-18.18
1165,-12.97,-528.48,-116.99,20.25
1166,-27.58,-491.16,-70.43,53.96
1167,-2.03,-468.8,-72.06,22.22
1168,-0.08,-472.73,71.35,4.65
1169,-10.17,-471.98,-245.38,34.15
1170,-9.65,-474.61,-131.26,10.77
1171,-11.4,-406.03,-103.1,2.34
1172,-1.4,-462.24,-214.46,6.84
1173,-17.51,-483.95,-21.09,37.51
1174,-12.98,-458.14,-161.88,32.43
1175,-8.96,-456.22,-96.34,-0.73
1176,4.31,-432.92,-10.04,25.85
1177,-21.3,-479.19,-175.41,21.12
1178,-10.66,-466.88,-95.44,19.27
1179,-5.86,-442.96,-107.62,15.11
1180,-7.78,-438.8,-151.41,-13.28
1181,-11.82,-473.06,-143.3,11.2
1182,-17.73,-462.76,-87.17,24.54
1183,-0.12,-439.33,297.32,41.44
1184,-3.23,-460.28,-337.42,34.03
1185,-10.11,-463.61,-190.45,5.46
1186,0.58,-443.05,-140.53,0.22
1187,-3.76,-440.34,-106.16,-3.6
1188,-8.67,-436.06,-99.77,34.68
1189,-22.71,-475.95,-145.58,33.91
1190,-20.36,-472.27,-116.08,17.62
1191,-19.52,-454.15,-122.95,-5.87
1192,-17.65,-472.1,-114.54,21.55
1193,-12.58,-464.23,-128.24,24.66
1194,-0.34,-462.25,-46.83,-19.54
1195,-8.63,-457.12,-229.34,32.38
1196,-5.64,-440.38,16.9,97.66
1197,9.1,-415.64,-109.73,20.15
1198,-10.9,-472.16,-64.52,-4.27
1199,-16.07,-448.79,-201.89,2.82
1200,-29.15,-487.18,-123.55,30.35
1201,-19.28,-471.65,-117.97,20.04
1202,-19.63,-448.79,-118.89,18.75
1203,-20.58,-460.21,-116.68,17.11
1204,-9.18,-459.2,-115.56,4.03
1205,-6.64,-446.57,-89.28,17.71
1206,-7.43,-456.49,-52.69,48.9
1207,-2.17,-439.51,-203.75,49.42
1208,16.28,-432.98,-23.57,7.26
1209,-25.12,-478.6,-44.22,-20.81
1210,-16.77,-451.25,-164.83,42.37
1211,-1.0,-461.54,-140.14,38.19
1212,-24.37,-470.15,-118.29,25.52
1213,-5.52,-441.24,-118.84,31.45
1214,-10.54,-459.84,-107.13,6.3
1215,-9.99,-427.81,-121.66,41.04
1216,-0.45,-394.5,-100.88,-25.82
1217,-22.62,-506.03,-103.12,37.76
1218,-15.88,-463.91,-113.23,-3.28
1219,-20.95,-484.75,-151.2,24.11
1220,-29.78,-478.22,-85.16,17.53
1221,-17.71,-473.19,-106.29,-11.45
1222,3.66,-451.05,-154.65,29.61
1223,0.8,-435.92,-52.85,-3.08
1224,6.53,-435.3,-82.73,5.6
1225,-3.69,-429.61,-119.9,70.71
1226,-13.83,-479.84,-107.8,6.62
1227,-16.22,-464.92,-114.73,10.0
1228,-3.78,-479.8,-37.09,10.88
1229,-18.44,-451.41,-177.57,18.65
1230,-6.6,-327.68,-82.27,27.54
1231,-2.87,-376.42,-109.55,-4.59
1232,-11.22,-507.53,-130.08,24.47
1233,-7.27,-480.39,-73.81,1.41
1234,-18.64,-502.31,-90.0,34.11
1235,-19.13,-528.7,-153.22,23.93
1236,-15.96,-475.34,-74.42,2.52
1237,-17.07,-487.46,-110.85,42.45
1238,1.94,-463.96,-147.06,-54.93
1239,0.47,-398.99,-113.95,55.85
1240,-2.08,-363.24,-136.46,24.74
1241,-17.85,-547.93,-101.99,33.28
1242,-7.1,-501.05,14.99,21.66
1243,-18.13,-461.03,-217.15,11.06
1244,-2.32,-449.03,-123.02,-5.97
1245,-6.71,-469.56,-109.18,4.12
1246,-16.28,-528.57,-119.04,23.42
1247,-14.43,-465.45,-68.84,-4.9
1248,-12.05,-482.25,-116.54,32.71
1249,2.81,-464.17,-124.36,18.81
1250,4.33,-428.22,-106.07,-6.36
1251,6.91,-389.52,-86.21,27.88
1252,-12.86,-490.9,-35.81,25.59
1253,-8.43,-468.94,-177.41,14.78
1254,-1.86,-399.71,-108.46,6.83
1255,-10.1,-467.18,-130.79,-26.99
1256,-20.8,-474.42,-64.74,8.42
1257,-17.84,-431.03,-119.18,32.83
1258,-22.81,-465.62,-128.61,14.88
1259,-16.76,-479.29,-114.61,15.83
1260,-9.93,-469.36,-98.02,8.56
1261,-0.0,-416.13,-133.62,8.89
1262,-27.13,-548.77,-87.35,1.71
1263,-20.09,-468.36,-109.15,31.31
1264,-12.1,-427.75,-129.33,-1.54
1265,-5.25,-465.92,-83.7,8.41
1266,-4.92,-439.78,-165.9,6.29
1267,-4.58,-457.67,-98.62,34.01
1268,-14.38,-500.61,-71.62,11.52
1269,-12.58,-479.31,-123.59,18.04
1270,-9.24,-471.29,-100.94,20.93
1271,-12.2,-476.53,6.78,35.15
1272,-15.17,-463.62,-182.79,24.76
1273,-6.74,-443.32,-117.14,11.18
1274,-4.81,-416.39,-94.89,-3.52
1275,-6.89,-502.4,-121.5,-7.0
1276,-13.17,-469.22,-111.71,22.59
1277,-24.49,-479.29,-24.16,25.52
1278,-4.33,-463.45,-152.46,8.59
1279,-6.04,-416.34,-123.45,-1.79
1280,-5.82,-412.82,-97.22,21.5
1281,-14.49,-483.55,-127.05,20.36
1282,-11.84,-426.09,-114.4,24.14
1283,-8.01,-438.55,-108.83,7.0
1284,-15.21,-505.11,-70.01,28.64
1285,-16.6,-511.35,-128.38,13.34
1286,-20.35,-476.83,-106.5,10.1
1287,-8.08,-442.88,-82.73,6.67
1288,-10.19,-463.05,-118.24,-4.85
1289,-10.23,-432.59,-150.44,22.38
1290,-13.54,-486.32,-5.21,-34.88
1291,-8.72,-491.86,-73.7,41.72
1292,-7.01,-451.07,-143.17,27.81
1293,-5.66,-440.05,-98.92,30.25
1294,-6.09,-410.15,-99.84,-16.73
1295,-13.05,-416.85,-130.04,25.89
1296,-14.12,-495.26,-97.75,29.05
1297,-15.34,-449.92,-76.85,31.14
1298,-19.9,-522.27,-66.55,61.79
1299,-1.16,-456.18,-83.75,3.58
1300,-12.53,-440.51,-126.75,10.62
1301,-14.92,-500.17,-110.41,12.82
1302,-2.26,-455.93,-117.53,-43.21
1303,-12.34,-442.55,-36.8,51.29
1304,-4.5,-521.36,-151.87,3.83
1305,-12.91,-403.64,-102.28,14.23
1306,-16.33,-421.78,-55.2,-2.98
1307,-3.51,-433.04,-170.38,30.43
1308,-0.37,-443.2,-116.24,-10.54
1309,-20.83,-488.26,-71.65,28.7
1310,-18.93,-526.55,-111.66,17.63
1311,3.22,-473.25,-59.11,36.67
1312,-13.12,-486.58,-130.88,13.07
1313,-20.8,-484.39,-106.41,0.38
1314,-14.74,-485.73,-103.88,12.77
1315,9.55,-416.76,-65.47,30.5
1316,-2.69,-471.53,-117.9,10.8
1317,-16.11,-493.21,-126.69,10.15
1318,0.27,-432.67,-101.77,49.08
1319,-8.61,-423.74,-96.18,-26.96
1320,-6.14,-486.26,-121.63,28.92
1321,-8.04,-459.9,18.13,46.6
1322,-32.93,-478.66,-183.86,-9.92
1323,-15.23,-431.43,-104.46,21.79
1324,-5.66,-470.02,-78.88,12.88
1325,5.07,-417.17,-109.93,-6.27
1326,-16.23,-470.42,-159.66,-22.49
1327,-4.03,-498.38,-23.93,50.54
1328,-20.97,-475.09,-113.26,30.32
1329,-23.56,-462.93,-123.71,10.4
1330,-2.57,-451.04,-49.2,26.97
1331,-6.83,-405.93,-151.41,28.99
1332,1.14,-448.96,-37.11,25.18
1333,1.31,-412.69,-148.32,61.58
1334,-18.13,-516.85,-119.15,0.48
1335,-15.44,-476.21,-117.95,3.82
1336,-23.54,-481.04,-88.43,-7.54
1337,-19.28,-473.82,-45.2,58.22
1338,-12.77,-421.38,-156.05,1.01
1339,-29.23,-514.32,-92.33,9.23
1340,-15.32,-485.28,-119.75,28.83
1341,-2.08,-483.72,-55.37,20.98
1342,-7.69,-436.35,-179.93,-6.52
1343,-18.13,-444.6,-100.22,34.98
1344,-25.14,-481.23,-133.71,9.57
1345,4.94,-439.89,-95.38,12.44
1346,15.4,-390.26,-18.2,66.78
1347,-10.29,-488.46,-162.41,61.84
1348,-26.64,-524.28,-24.01,9.79
1349,-4.16,-476.64,-124.68,-20.31
1350,-12.72,-402.37,-95.91,13.03
1351,-0.28,-416.3,40.53,32.59
1352,-1.08,-389.55,-138.39,59.05
1353,-20.23,-533.91,-168.18,0.37
1354,-17.97,-554.4,-29.43,14.18
1355,-21.97,-521.43,-144.29,-53.84
1356,-23.74,-444.19,-100.89,27.82
1357,12.81,-424.34,-140.54,-35.11
1358,-25.54,-435.83,-62.43,102.03
1359,-8.65,-426.0,-87.17,32.25
1360,-3.99,-470.47,-44.13,39.64
1361,-16.74,-482.3,-138.24,-14.71
1362,-4.33,-448.6,-114.93,47.26
1363,-15.17,-464.74,-72.38,-7.77
1364,-8.95,-443.04,-144.13,-8.12
1365,-6.63,-441.86,-86.45,41.78
1366,-6.72,-462.53,-85.13,6.59
1367,-21.32,-466.26,-48.89,-20.17
1368,-22.11,-541.07,-185.87,18.21
1369,-15.52,-471.55,-60.1,47.0
1370,-9.29,-407.77,-75.17,-5.84
1371,-0.33,-427.2,-58.92,26.93
1372,-13.22,-470.17,-175.44,65.51
1373,-16.32,-451.1,-169.32,-17.42
1374,-5.67,-477.7,-98.24,128.94
1375,0.26,-448.39,-10.18,-60.64
1376,-28.28,-377.89,-228.0,-20.89
1377,-14.97,-520.88,-58.47,64.67
1378,0.96,-473.18,-143.05,-13.36
1379,-10.48,-486.88,-33.89,55.17
1380,-11.41,-490.2,-102.59,2.19
1381,-1.1,-431.72,-115.53,43.08
1382,-31.3,-488.59,-90.3,6.76
1383,-4.21,-471.26,-122.47,16.44
1384,-7.0,-471.71,-114.73,31.95
1385,-22.08,-514.21,-88.65,16.1
1386,-3.54,-397.35,2.46,39.82
1387,-0.32,-457.74,-161.12,13.01
1388,-7.47,-461.28,-85.41,51.06
1389,-9.55,-435.43,-156.01,25.26
1390,-14.3,-482.3,-96.3,4.57
1391,-14.41,-462.95,-94.97,24.93
1392,-9.75,-438.38,-117.17,4.21
1393,-8.57,-463.24,-119.49,18.35
1394,-4.65,-415.99,-78.88,-4.54
1395,0.02,-463.92,-161.74,-10.3
1396,-19.0,-465.39,-106.06,47.62
1397,-4.27,-428.56,-108.63,-9.66
1398,-13.84,-459.13,-95.09,41.57
1399,-16.44,-464.05,-128.74,-0.53
1400,2.69,-458.17,78.51,52.6
1401,-17.39,-487.36,-222.56,14.79
1402,-18.32,-463.59,-184.98,-23.22
1403,-12.72,-442.68,-61.43,30.89
1404,-16.17,-509.46,-71.72,35.38
1405,-12.14,-464.33,-48.06,51.42
1406,-12.2,-478.24,-163.29,-2.34
1407,-8.72,-438.96,-119.37,38.84
1408,-15.56,-458.26,-67.76,44.07
1409,-1.68,-447.16,-146.5,19.04
1410,-15.99,-441.32,-121.64,-8.38
1411,-9.61,-467.61,-91.74,-20.4
1412,-11.86,-446.81,-62.9,82.48
1413,-13.95,-449.95,-113.5,15.18
1414,-12.28,-475.45,-22.1,38.72
1415,-6.8,-462.05,-143.08,36.49
1416,-5.05,-418.6,-123.65,37.3
1417,-13.5,-467.51,-111.82,6.37
1418,-15.67,-444.95,-130.84,-2.49
1419,-13.58,-457.06,-125.82,28.05
1420,-11.08,-497.67,-113.1,17.64
1421,1.96,-461.95,-2.0,37.24
1422,-5.81,-451.37,-148.5,51.0
1423,-13.16,-454.97,-102.5,-3.83
1424,-15.29,-480.29,-125.05,55.66
1425,-24.81,-481.11,-104.07,-55.64
1426,-8.1,-385.8,-59.68,41.18
1427,-12.45,-460.07,-139.66,38.64
1428,-11.17,-473.2,-70.1,51.25
1429,-9.13,-460.87,-110.59,44.37
1430,-19.88,-485.53,-123.32,16.85
1431,-9.33,-468.52,-67.84,30.83
1432,-7.41,-427.39,-130.83,35.04
1433,10.34,-367.42,-94.16,-26.4
1434,-19.14,-516.26,-97.19,54.94
1435,-13.11,-494.36,-129.33,2.01
1436,-15.04,-458.58,-156.28,-2.28
1437,-2.19,-457.22,-22.92,19.62
1438,-11.17,-477.0,-125.82,63.19
1439,-22.95,-488.87,-127.37,-69.38
1440,-18.66,-467.69,-76.72,81.85
1441,-6.6,-424.1,-127.27,16.78
1442,-7.44,-422.96,-76.69,33.56
1443,-12.5,-458.47,-116.28,24.49
1444,-17.2,-450.21,-95.47,15.61
1445,9.46,-423.97,-37.56,13.8
1446,-19.47,-476.72,-148.08,29.79
1447,-14.59,-507.18,-110.84,38.17
1448,-1.36,-460.31,-112.34,21.22
1449,-9.17,-469.54,-104.66,15.91
1450,-14.67,-481.15,-98.45,48.18
1451,-24.48,-484.89,-88.13,-22.8
1452,-15.7,-452.92,-119.81,25.76
1453,-4.02,-440.35,-69.41,35.4
1454,-3.14,-458.34,-96.6,16.89
1455,6.4,-454.66,76.22,99.43
1456,-18.07,-509.28,-237.59,-12.14
1457,-22.1,-474.55,-143.0,-40.63
1458,2.62,-412.61,-81.99,-16.19
1459,-13.26,-443.55,-94.73,86.52
1460,-10.16,-451.09,-164.71,-11.54
1461,10.56,-433.99,15.83,51.74
1462,-26.17,-486.76,-184.28,-14.97
1463,-18.38,-442.05,-113.98,10.74
1464,-17.2,-473.78,-78.89,20.28
1465,-6.39,-461.95,-78.14,-25.58
1466,-6.62,-446.31,-130.16,46.54
1467,-14.91,-436.58,-126.89,17.87
1468,-9.47,-419.92,-86.02,18.19
1469,-14.11,-488.61,-118.42,-5.48
1470,-20.81,-470.99,-118.33,32.85
1471,-15.79,-498.89,-125.66,2.92
1472,-0.27,-440.1,-41.55,24.01
1473,-19.85,-462.55,-85.48,54.11
1474,-15.89,-479.01,-126.48,16.22
1475,-4.96,-449.98,-94.5,-18.84
1476,-17.58,-456.0,-97.66,45.45
1477,-13.36,-471.6,-111.03,11.55
1478,-12.94,-461.24,-100.74,0.61
1479,1.24,-445.91,-100.45,26.47
1480,-15.7,-440.73,-113.77,20.61
1481,-9.15,-388.02,-113.45,25.91
1482,-8.24,-451.69,-92.31,6.86
1483,-17.13,-481.22,-135.67,-8.19
1484,-4.17,-467.4,-75.86,40.71
1485,-7.44,-473.57,-81.06,36.69
1486,-19.13,-466.91,-130.56,44.39
1487,-24.32,-478.99,-117.12,5.28
1488,-20.64,-466.9,-97.59,10.7
1489,-11.83,-451.74,-63.18,43.25
1490,-22.72,-470.87,-131.27,13.91
1491,-9.43,-499.31,-124.21,24.78
1492,-13.0,-459.3,-95.1,-37.46
1493,-16.36,-444.45,-88.33,62.46
1494,-11.67,-452.74,-119.99,-1.94
1495,-8.85,-432.61,-90.59,24.04
1496,-8.7,-436.11,-136.49,14.38
1497,-6.98,-471.72,18.85,27.06
1498,-10.46,-447.74,-169.19,31.53
1499,1.08,-468.16,-129.27,19.44
1500,-21.48,-469.39,-127.67,7.37
1501,-3.43,-460.29,-11.09,27.56
1502,-23.16,-497.09,-154.93,68.08
1503,-20.09,-463.93,-96.22,-11.19
1504,-12.16,-463.36,-113.68,14.39
1505,-0.93,-452.37,-117.89,19.78
1506,-4.05,-446.7,-38.62,17.18
1507,-15.64,-473.25,-183.62,-23.7
1508,-16.47,-467.41,-93.89,17.9
1509,-17.55,-458.12,-77.66,27.88
1510,-17.41,-466.51,-105.34,16.59
1511,-12.68,-483.81,-120.85,22.75
1512,8.08,-425.83,-25.39,26.29
1513,-20.65,-486.69,-122.44,4.17
1514,-16.06,-488.3,-120.65,1.73
1515,-7.52,-418.24,-129.42,25.48
1516,-11.58,-483.74,-115.47,11.21
1517,-12.76,-483.61,-105.1,48.0
1518,-12.15,-446.55,-104.29,13.92
1519,-4.06,-411.68,-114.33,17.7
1520,-19.07,-483.73,-114.45,17.79
1521,-13.52,-476.62,-112.15,51.48
1522,-5.44,-471.85,-114.71,9.49
1523,3.36,-439.85,-42.97,8.8
1524,-7.89,-466.95,-83.76,30.69
1525,-19.32,-433.18,-131.42,12.07
1526,-12.79,-472.95,-81.1,24.34
1527,-13.58,-457.73,-138.96,4.56
1528,0.43,-436.69,-118.13,17.14
1529,-16.66,-460.02,-133.99,26.96
1530,-4.45,-459.93,-37.34,15.23
1531,-7.53,-470.77,-78.15,12.2
1532,-24.97,-498.16,-139.15,13.74
1533,-14.4,-447.85,-31.01,33.28
1534,-7.74,-429.61,-134.7,17.28
1535,-6.18,-453.35,-99.82,50.85
1536,-15.67,-490.27,-117.67,16.95
1537,-8.57,-476.71,-110.96,30.08
1538,-1.78,-455.21,-115.33,5.72
1539,-10.66,-454.54,-109.93,17.84
1540,-0.16,-447.14,-33.8,26.56
1541,1.53,-434.48,-170.41,-37.63
1542,-4.98,-431.88,-81.38,65.09
1543,-10.68,-469.8,-53.32,18.89
1544,-12.87,-466.13,-114.35,50.08
1545,-16.4,-480.91,-123.04,18.11
1546,-19.94,-454.12,-109.34,28.87
1547,-23.48,-464.34,-101.24,34.86
1548,-13.87,-457.37,-40.94,31.9
1549,13.83,-450.35,-160.2,3.71
1550,-4.75,-471.7,-80.94,58.5
1551,1.29,-437.12,-53.71,39.49
1552,-11.17,-442.12,-150.66,-4.46
1553,-12.79,-452.27,-120.62,36.63
1554,2.01,-454.64,-99.61,9.35
1555,-13.43,-454.3,-119.3,-0.28
1556,-22.59,-461.27,-101.19,19.95
1557,-0.99,-479.52,8.16,59.55
1558,-9.29,-453.28,-151.78,39.5
1559,-1.39,-382.4,-140.96,11.18
1560,-15.09,-523.55,-116.49,9.67
1561,-18.19,-499.28,-97.76,30.22
1562,-20.42,-432.56,-111.06,15.72
1563,-14.85,-453.79,-109.97,20.29
1564,-9.1,-455.48,-118.25,17.31
1565,-12.77,-468.4,-13.15,11.59
1566,-15.48,-464.09,-107.01,8.04
1567,0.76,-440.83,-149.72,31.42
1568,-3.79,-468.53,-122.66,-2.85
1569,4.11,-422.43,-72.12,42.11
1570,-6.38,-454.4,-117.26,52.32
1571,-11.77,-465.52,-93.66,4.05
1572,-2.35,-444.81,18.08,28.5
1573,-14.25,-472.82,-178.71,-21.55
1574,-4.37,-468.63,-115.42,29.78
1575,-8.31,-432.98,-105.48,35.48
1576,-7.72,-427.01,-54.72,31.17
1577,-16.93,-490.76,-132.75,13.0
1578,-16.47,-464.87,-106.8,12.48
1579,-16.41,-471.92,-101.99,19.25
1580,4.4,-442.24,-104.94,12.5
1581,0.85,-447.65,14.93,28.87
1582,-14.2,-465.97,-167.71,-13.87
1583,-18.82,-440.9,-111.98,34.51
1584,-1.43,-523.43,-134.63,11.68
1585,-7.32,-435.25,-94.88,37.79
1586,-3.88,-438.26,-106.88,31.16
1587,-16.87,-461.68,-105.35,23.55
1588,-23.32,-464.12,-103.88,7.73
1589,-6.63,-453.3,-106.8,24.99
1590,11.87,-434.11,-103.46,19.94
1591,-0.18,-462.6,-30.75,33.4
1592,-0.24,-465.18,-117.95,-8.21
1593,-12.06,-462.06,-79.77,44.01
1594,-5.38,-422.81,-94.68,39.77
1595,-14.94,-472.08,-80.47,30.56
1596,-21.45,-477.75,-112.11,5.43
1597,-3.81,-451.59,-62.42,16.93
1598,-8.15,-454.06,-154.84,-26.38
1599,-10.57,-454.83,-53.3,25.54
1600,-4.84,-459.72,-111.3,14.58
1601,-15.16,-465.8,-131.89,52.09
1602,-4.13,-380.84,-120.21,-4.16
1603,-3.53,-482.45,-91.43,19.17
1604,-19.8,-490.35,-100.88,27.48
1605,-12.05,-466.37,-125.45,6.19
1606,-21.42,-477.57,-91.21,21.58
1607,-2.16,-453.89,-103.32,27.34
1608,-18.18,-463.07,-71.82,43.58
1609,-14.13,-469.95,-100.74,3.24
1610,-12.53,-446.29,-59.65,22.99
1611,-8.38,-469.36,-73.48,29.75
1612,-3.87,-448.59,-148.51,5.56
1613,-10.87,-475.39,-85.71,39.69
1614,1.2,-437.94,-69.62,-3.89
1615,-6.5,-423.36,-153.45,57.49
1616,-14.53,-476.04,-116.11,18.88
1617,-11.6,-486.52,-102.06,-13.55
1618,-8.61,-494.48,-109.4,41.44
1619,-14.74,-458.06,-106.05,21.88
1620,-9.33,-453.13,-69.69,40.77
1621,3.49,-405.83,-129.48,28.22
1622,-4.11,-446.06,-92.61,-8.87
1623,-13.6,-460.27,-122.52,3.78
1624,-14.13,-456.4,-112.2,24.12
1625,-10.57,-448.34,-82.18,-28.4
1626,-10.94,-442.75,-109.46,37.23
1627,-3.71,-477.66,-121.94,17.62
1628,-15.41,-477.09,-86.68,47.52
1629,-10.53,-457.55,-106.83,29.32
1630,-13.55,-451.99,-38.78,5.5
1631,-12.83,-490.4,-113.71,15.51
1632,-5.08,-439.43,-132.34,12.01
1633,1.25,-450.92,-109.87,-0.65
1634,-3.0,-427.6,-121.75,37.03
1635,-17.68,-488.13,-90.53,60.08
1636,-17.03,-459.33,-66.9,13.31
1637,-0.5,-442.92,-132.23,7.17
1638,-12.73,-487.04,-126.05,78.54
1639,-9.0,-472.58,-110.83,-12.67
1640,-10.25,-426.27,-81.58,24.28
1641,-9.59,-451.89,-116.55,4.92
1642,-11.68,-464.63,-85.16,5.25
1643,-7.17,-405.84,-132.9,34.76
1644,-11.08,-467.38,-103.59,5.11
1645,-11.59,-466.03,-111.97,21.45
1646,-1.57,-440.68,-101.66,3.83
1647,-3.3,-451.97,-102.04,18.88
1648,-3.57,-460.04,-103.42,19.66
1649,-20.17,-455.75,-113.74,2.39
1650,-15.79,-456.16,-75.84,44.66
1651,-15.35,-473.16,-11.02,16.76
1652,-3.44,-468.93,-155.31,40.96
1653,-2.86,-453.39,58.45,47.17
1654,-4.62,-462.87,-180.42,8.74
1655,-12.65,-471.61,-120.85,25.58
1656,-20.6,-487.08,-99.74,37.0
1657,-3.33,-454.5,-119.71,-2.87
1658,-7.86,-427.03,-96.33,56.39
1659,-13.38,-464.16,-103.16,-9.1
1660,-4.7,-448.78,-81.55,-23.23
1661,-8.93,-453.18,-80.77,28.26
1662,-18.55,-459.02,-136.15,18.17
1663,-8.01,-441.78,-84.04,40.02
1664,-4.27,-461.51,-16.13,9.19
1665,-1.94,-472.14,-149.9,48.79
1666,-18.37,-471.46,-116.92,5.47
1667,-3.5,-441.15,-51.18,27.41
1668,-8.44,-463.93,-150.6,16.95
1669,-10.61,-461.04,-98.15,89.76
1670,-15.06,-464.13,-112.57,-21.29
1671,-6.33,-464.09,-43.31,-43.6
1672,-6.63,-450.86,-117.77,12.0
1673,-18.0,-460.88,-198.79,71.51
1674,-4.75,-462.98,-32.08,18.9
1675,-18.39,-457.4,-84.08,18.0
1676,-13.32,-481.33,-109.89,2.15
1677,-11.89,-454.38,-97.95,41.24
1678,-9.11,-440.13,28.17,58.41
1679,-14.72,-432.31,-145.07,13.81
1680,1.93,-450.57,-138.22,23.99
1681,-17.04,-471.03,-152.55,-14.34
1682,-8.09,-456.61,-63.39,62.49
1683,-18.23,-446.93,-134.42,10.5
1684,-21.63,-479.62,-98.86,17.71
1685,2.37,-442.92,-103.58,37.15
1686,0.01,-450.0,5.17,31.02
1687,-4.1,-466.25,-212.89,-12.63
1688,-10.99,-461.02,-67.01,29.32
1689,-8.22,-453.71,-119.4,23.21
1690,-3.48,-459.5,-72.29,16.56
1691,-14.46,-444.04,-57.99,67.19
1692,-10.53,-449.67,-25.43,28.86
1693,-9.34,-468.44,-152.74,-6.31
1694,-18.48,-489.29,-128.5,1.24
1695,-10.0,-428.66,-68.65,36.94
1696,-3.47,-446.9,-50.62,34.71
1697,-15.69,-475.88,-156.17,-2.77
1698,-11.35,-462.31,-134.97,66.18
1699,4.84,-443.51,-131.95,-8.57
1700,-10.02,-463.13,-96.74,54.19
1701,-13.37,-467.9,-108.31,-12.77
1702,-9.87,-464.28,21.68,75.15
1703,-15.79,-457.12,-183.39,15.99
1704,-12.46,-465.58,-68.55,5.89
1705,-2.76,-470.13,-29.01,-4.08
1706,-13.93,-440.75,-144.99,-18.79
1707,-10.27,-446.88,-114.57,15.05
1708,-16.33,-461.05,-99.59,43.5
1709,-4.97,-456.98,-66.79,46.42
1710,-9.36,-468.66,-144.53,-2.26
1711,-13.0,-452.55,16.83,42.66
1712,-8.27,-441.96,-127.74,32.38
1713,-16.63,-462.09,-137.52,10.08
1714,-20.12,-473.8,-113.06,21.36
1715,-7.64,-454.29,-105.07,2.71
1716,-22.08,-447.93,-36.85,42.89
1717,-29.85,-464.5,-111.17,44.51
1718,-1.29,-472.44,-68.51,39.86
1719,2.38,-474.96,-76.4,40.31
1720,-0.54,-454.91,-163.59,-3.42
1721,-11.96,-451.79,-55.18,36.86
1722,-11.42,-433.47,-118.71,24.79
1723,-0.28,-426.14,-105.9,-1.13
1724,-3.44,-476.29,-111.94,18.63
1725,-18.06,-496.5,-112.15,-9.55
1726,-10.7,-460.9,-94.88,58.38
1727,-15.26,-465.11,-94.31,34.57
1728,5.31,-401.24,-36.36,51.62
1729,-17.39,-512.46,-131.28,17.32
1730,-18.49,-463.45,-90.52,39.87
1731,-18.92,-466.13,-72.36,22.82
1732,-14.06,-459.33,-130.13,30.78
1733,-0.85,-450.57,84.78,20.98
1734,-5.54,-469.79,-144.83,38.05
1735,-11.72,-448.25,-159.88,4.78
1736,-10.0,-456.75,-75.38,39.23
1737,-15.83,-456.1,-91.53,20.09
1738,-10.35,-465.36,-134.64,-9.45
1739,-18.65,-461.05,-57.74,57.36
1740,-15.93,-427.83,-134.55,3.05
1741,-7.21,-462.03,-36.63,-9.52
1742,-12.36,-457.84,-109.61,41.58
1743,-23.28,-465.98,-59.11,-8.9
1744,-4.14,-473.3,-112.25,71.07
1745,-9.04,-463.7,-101.27,41.06
1746,-12.63,-469.08,-114.55,-24.04
1747,-14.08,-429.32,-111.85,21.29
1748,3.19,-395.2,-83.5,29.97
1749,-15.56,-445.39,-120.36,33.37
1750,-13.9,-491.19,-81.71,58.05
1751,-15.17,-484.77,-100.04,-4.25
1752,-9.01,-487.16,-55.92,45.12
1753,-14.64,-482.62,39.6,17.93
1754,-10.25,-454.32,-215.23,7.59
1755,-6.7,-448.33,-125.91,10.38
1756,-10.08,-452.23,-60.44,14.14
1757,-20.06,-466.49,-143.54,-2.14
1758,-13.95,-467.92,-53.83,36.53
1759,-2.72,-462.92,-107.18,43.84
1760,-15.11,-461.12,-118.93,9.57
1761,-11.27,-451.75,-114.06,17.54
1762,-9.72,-504.94,66.19,22.73
1763,-18.23,-436.28,-209.7,29.75
1764,-16.56,-452.54,-101.38,50.87
1765,-15.11,-453.16,-113.64,-8.07
1766,-11.73,-460.65,-62.71,52.66
1767,-6.41,-453.11,-160.46,13.27
1768,-3.97,-446.84,-36.86,52.23
1769,-22.47,-451.0,-131.87,-7.75
1770,-13.86,-445.87,-84.3,34.63
1771,-16.02,-474.73,-75.36,-16.51
1772,-15.06,-463.64,-136.33,36.19
1773,-6.57,-449.43,21.88,32.22
1774,-11.69,-476.73,-138.42,2.2
1775,-18.92,-491.59,-101.18,33.83
1776,0.73,-407.76,-153.64,-51.34
1777,-7.52,-473.26,-143.08,42.39
1778,-13.25,-477.31,-65.06,25.11
1779,-5.02,-452.3,-66.96,67.68
1780,-14.5,-455.12,-7.81,32.16
1781,-11.45,-474.16,-132.61,-4.18
1782,-15.44,-463.7,-220.02,-24.35
1783,-0.34,-449.78,-17.15,61.94
1784,-14.27,-504.61,-79.95,27.76
1785,-13.67,-441.85,-134.39,19.6
1786,0.73,-439.56,-55.39,45.32
1787,-9.89,-465.03,-132.46,20.74
1788,-7.77,-456.63,-79.67,21.22
1789,-14.14,-476.38,-99.16,32.08
1790,-18.86,-458.44,-97.68,34.19
1791,-5.04,-455.92,-29.49,24.46
1792,-16.72,-473.25,-66.47,24.27
1793,-13.16,-466.78,-167.96,-40.34
1794,-14.03,-465.62,-40.6,45.03
1795,-5.1,-451.43,-47.93,53.1
1796,-29.08,-474.73,-130.45,16.79
1797,-7.9,-444.49,-44.87,16.5
1798,-14.33,-519.08,-172.87,7.29
1799,-14.94,-411.21,-20.2,21.18
1800,2.12,-406.87,7.07,38.46
1801,-11.97,-485.28,-234.72,-14.92
1802,5.34,-446.01,-54.08,37.83
1803,13.02,-415.37,-159.08,29.77
1804,-2.71,-434.12,-113.77,48.41
1805,-10.49,-505.64,-35.27,17.2
1806,-0.12,-465.77,136.98,46.05
1807,11.65,-396.23,-236.73,2.76
1808,-1.48,-420.95,-142.27,39.74
1809,4.96,-439.87,-24.64,41.8
1810,-15.23,-477.95,-205.77,-46.04
1811,-18.21,-587.39,-107.45,12.33
1812,-23.34,-391.72,-159.64,56.73
1813,-6.57,-382.8,-102.01,46.38
1814,-16.03,-533.51,-42.74,70.58
1815,-14.18,-490.75,58.36,22.57
1816,-13.91,-485.76,-120.78,56.94
1817,-15.21,-488.98,-144.14,30.41
1818,11.78,-440.58,-131.34,1.26
1819,4.74,-409.39,-46.22,18.5
1820,-51.65,-562.18,-71.06,47.61
1821,-4.56,-489.43,-122.97,41.01
1822,-15.78,-433.7,-32.64,45.97
1823,-1.48,-427.8,-78.89,13.54
1824,-6.99,-507.94,-186.17,-35.19
1825,-2.08,-467.46,-158.11,43.9
1826,-11.27,-491.21,-125.1,57.57
1827,-10.7,-433.76,-139.6,42.16
1828,13.99,-410.4,51.01,-43.25
1829,-9.11,-462.31,-99.64,66.36
1830,-31.69,-498.19,-116.82,66.59
1831,-4.99,-488.84,-61.69,13.31
1832,-6.01,-478.99,-213.89,16.64
1833,12.42,-446.2,-48.96,59.6
1834,-13.93,-451.19,-175.06,-66.27
1835,-10.66,-447.58,-116.97,112.2
1836,10.87,-407.23,132.59,39.93
1837,-2.36,-523.75,-64.71,52.15
1838,-18.83,-475.43,-228.98,-48.97
1839,-20.72,-507.38,-189.13,3.74
1840,5.57,-503.16,8.84,30.71
1841,24.35,-411.37,157.6,103.97
1842,-16.92,-450.19,-264.73,-10.74
1843,-25.32,-503.58,-187.53,-33.99
1844,0.79,-462.79,41.5,81.23
1845,16.14,-444.22,-78.15,96.07
1846,-6.07,-487.91,-151.18,-42.88
1847,-32.0,-480.15,-115.68,35.56
1848,21.8,-414.69,-30.26,34.83
1849,19.88,-458.71,265.37,4.43
1850,-26.54,-513.18,-384.76,70.14
1851,-10.11,-491.6,-197.88,-96.01
1852,17.53,-440.77,325.99,49.82
1853,2.75,-517.68,-77.25,15.63
1854,-18.82,-505.66,-339.09,30.04
1855,-16.23,-467.38,-49.36,-42.67
1856,-8.17,-421.42,-93.85,65.72
1857,-3.87,-487.66,206.11,33.45
1858,-17.47,-501.66,-482.11,-50.36
1859,15.27,-474.86,18.94,94.81
1860,0.85,-472.7,-148.93,60.94
1861,16.38,-465.22,251.42,48.21
1862,-17.2,-486.55,-524.49,-45.46
1863,-7.37,-457.49,-106.22,38.33
1864,-18.43,-484.37,-61.21,48.35
1865,-17.56,-465.48,-175.78,44.8
1866,10.54,-441.33,-142.72,-29.67
1867,-10.52,-453.29,-227.66,2.57
1868,-10.61,-409.64,-71.99,44.52
1869,-13.31,-491.23,81.84,127.53
1870,-1.38,-461.42,-102.37,12.4
1871,-26.77,-529.79,105.39,129.85
1872,-32.45,-465.31,-312.14,-35.66
1873,18.11,-424.96,27.28,44.56
1874,15.82,-445.88,-321.85,-86.76
1875,-20.17,-492.84,-169.95,36.93
1876,-11.01,-441.89,22.28,89.56
1877,27.68,-412.34,-71.95,-29.0
1878,3.84,-459.61,-84.91,164.58
1879,-32.15,-498.11,-161.0,-5.17
1880,-26.43,-505.69,-161.63,32.02
1881,32.79,-435.65,51.61,-43.47
1882,-8.53,-459.61,-83.6,98.96
1883,-20.72,-502.65,22.81,81.64
1884,-25.36,-487.43,-239.45,-17.65
1885,-1.59,-455.29,-62.05,3.76
1886,-7.48,-494.95,105.31,-23.63
1887,-4.21,-452.9,-357.59,57.48
1888,-1.15,-417.14,-90.94,12.18
1889,-5.28,-485.7,-54.47,73.22
1890,-9.8,-474.21,-132.93,6.92
1891,-20.03,-447.13,-57.99,100.87
1892,-19.8,-489.47,-164.62,27.58
1893,-16.82,-504.4,-109.12,-4.8
1894,-1.96,-441.01,15.26,202.92
1895,13.62,-431.92,-172.87,-10.12
1896,-16.37,-418.85,-349.48,-11.93
1897,-18.88,-450.15,-134.05,2.25
1898,-7.09,-495.57,225.17,76.22
1899,-1.46,-491.08,-155.64,13.44
1900,-9.9,-483.63,-200.26,38.3
1901,1.84,-479.35,-54.58,37.22
1902,-4.15,-500.6,308.15,104.16
1903,-23.59,-509.39,-495.32,-119.4
1904,-4.05,-424.65,-195.55,-49.25
1905,3.7,-411.4,26.55,229.91
1906,10.12,-427.16,-48.65,-99.04
1907,-17.32,-427.72,-233.9,-16.87
1908,-18.92,-468.92,-144.97,73.44
1909,-15.54,-494.75,-109.72,58.29
1910,-10.8,-496.71,-34.2,149.82
1911,-11.36,-463.84,-142.82,29.7
1912,-11.5,-483.73,-97.56,-1.06
1913,-22.35,-481.95,-120.14,-6.31
1914,-4.0,-438.98,-87.36,97.39
1915,-20.21,-459.73,-156.41,21.13
1916,-14.54,-456.86,-55.72,42.91
1917,-2.97,-459.28,-78.61,-7.1
1918,-13.47,-531.48,-87.82,48.93
1919,-19.25,-452.05,-222.33,-1.37
1920,-12.55,-468.22,8.96,74.23
1921,-12.73,-427.8,-192.4,61.09
1922,-19.78,-434.73,-98.34,-44.62
1923,-13.32,-445.31,-89.18,47.12
1924,10.97,-450.14,143.97,95.8
1925,-18.13,-479.2,-288.91,-4.3
1926,-23.61,-509.9,-138.79,3.1
1927,-23.05,-465.75,-38.9,53.96
1928,-10.77,-415.86,-191.97,4.1
1929,-4.06,-426.86,-53.51,37.73
1930,2.33,-440.3,64.83,46.99
1931,-12.27,-507.47,-209.3,118.28
1932,-15.61,-467.94,-237.17,-70.22
1933,-23.13,-473.03,-3.97,35.19
1934,-9.09,-460.47,-83.29,82.55
1935,-2.54,-466.89,-208.78,-9.19
1936,-8.39,-458.09,-95.34,75.78
1937,-12.35,-445.83,-76.86,-21.08
1938,-18.0,-475.87,-139.58,-32.0
1939,-10.31,-456.61,-121.42,33.09
1940,-5.56,-443.78,10.45,74.61
1941,-18.46,-518.69,-222.88,8.01
1942,-18.55,-462.6,-108.61,40.7
1943,-21.48,-435.14,-109.12,0.76
1944,-19.77,-483.97,-109.52,53.24
1945,0.27,-449.55,-102.31,29.84
1946,-12.87,-428.66,-55.62,11.64
1947,-16.86,-455.33,-148.53,11.89
1948,-1.29,-439.61,-26.7,63.14
1949,-11.87,-467.64,-0.47,31.67
1950,-24.4,-456.46,-211.4,12.5
1951,11.59,-397.62,-82.34,22.34
1952,2.25,-433.0,-58.47,4.84
1953,-3.88,-475.6,-160.16,30.18
1954,-15.69,-496.17,-105.9,60.78
1955,-23.95,-481.24,-117.7,60.54
1956,-18.71,-467.42,-34.09,47.78
1957,-22.8,-479.7,-7.64,-29.22
1958,4.03,-441.08,-204.17,40.77
1959,-0.9,-456.74,-111.7,4.92
1960,3.56,-476.73,-104.84,47.75
1961,-6.88,-468.7,-103.3,4.23
1962,-22.4,-463.74,-129.05,2.55
1963,-23.68,-473.24,-106.51,36.51
1964,-7.54,-454.54,-134.43,6.0
1965,-15.76,-491.68,-1.93,85.32
1966,-8.33,-422.82,-142.32,75.18
1967,-5.89,-448.0,46.32,13.7
1968,-16.71,-492.81,-175.67,30.98
1969,1.49,-441.12,-131.88,57.55
1970,-12.32,-444.16,-130.48,48.42
1971,5.1,-443.47,-23.28,-14.26
1972,11.59,-417.06,-1.78,42.69
1973,-8.48,-396.45,-215.55,-13.67
1974,-30.65,-549.56,-132.64,22.08
1975,-25.25,-522.68,-36.76,42.19
1976,-12.16,-455.2,-128.08,3.29
1977,-8.56,-466.59,-135.67,51.8
1978,-8.45,-455.2,-95.04,7.67
1979,2.15,-455.08,-87.58,58.22
1980,-10.71,-470.0,-111.43,-5.96
1981,-15.64,-492.66,-136.34,20.38
1982,-8.42,-447.42,-74.17,70.29
1983,-12.7,-433.54,-16.92,28.85
1984,-6.05,-473.0,-101.38,-26.79
1985,-6.49,-477.15,-240.23,1.92
1986,-0.98,-457.17,19.77,46.47
1987,2.32,-438.39,-163.36,60.33
1988,-19.66,-485.46,-227.34,-81.64
1989,-9.24,-454.72,-120.75,55.78
1990,-12.29,-440.2,-95.15,10.7
1991,2.73,-392.98,-114.42,-11.8
1992,-10.26,-484.19,-80.67,21.28
1993,-20.88,-486.21,-86.42,80.73
1994,-14.74,-493.2,-143.16,28.58
1995,-16.43,-474.38,-116.35,8.26
1996,-17.08,-464.0,-113.6,35.5
1997,-12.98,-453.57,-110.6,-1.23
1998,-8.25,-463.76,-122.42,4.95
1999,-17.52,-433.37,-120.71,44.22
2000,14.29,-413.69,-51.82,34.91
2001,7.61,-434.47,11.85,-49.91
2002,-8.7,-471.77,-209.83,92.08
2003,-16.55,-464.56,-180.19,-2.17
2004,8.9,-471.82,-98.91,-11.31
2005,-4.34,-476.53,-7.25,77.97
2006,-20.29,-464.56,-166.26,1.34
2007,-4.3,-420.42,-93.86,-13.33
2008,3.48,-397.45,-145.56,18.4
2009,-13.42,-477.78,-167.77,-51.81
2010,-19.18,-491.96,-48.48,72.47
2011,-20.97,-470.02,-149.35,23.92
2012,-23.91,-469.57,-51.95,46.96
2013,-8.43,-489.41,-135.65,13.43
2014,-22.84,-478.93,-188.05,76.64
2015,-19.08,-495.6,-100.21,-22.62
2016,-10.28,-493.2,-89.09,24.14
2017,-5.42,-427.73,1.71,31.47
2018,-2.23,-467.32,-181.32,-5.79
2019,-12.6,-453.19,-171.42,-10.71
2020,-22.27,-459.35,-107.85,34.88
2021,12.88,-423.2,1.51,18.08
2022,-0.98,-464.03,290.73,139.49
2023,-31.82,-511.95,-377.84,-67.97
2024,-19.6,-482.77,-208.31,3.68
2025,-13.63,-452.94,-128.16,-21.35
2026,-12.17,-430.47,-150.46,196.41
2027,-2.98,-449.37,-100.66,-85.28
2028,-21.46,-479.25,-94.01,53.78
2029,1.86,-455.53,-103.23,-86.66
2030,-20.97,-483.96,-103.01,32.33
2031,14.11,-462.93,75.18,93.96
2032,-36.24,-491.01,-236.46,-37.04
2033,-3.68,-381.63,-106.26,21.13
2034,31.65,-394.08,27.23,40.24
2035,-18.91,-516.88,-267.57,25.98
2036,-28.64,-521.97,-224.91,-45.24
2037,-7.23,-500.43,-38.72,8.04
2038,22.07,-462.11,107.73,-61.85
2039,-50.35,-512.32,-156.68,96.08
2040,-12.15,-484.32,-263.54,-58.28
2041,-17.84,-461.31,-122.14,24.99
2042,-1.14,-450.38,-54.58,3.49
2043,-14.66,-494.58,-71.5,14.32
2044,-9.71,-427.61,-148.97,56.83
2045,-8.62,-425.85,-125.73,3.1
2046,1.77,-439.73,-76.8,4.83
2047,-21.77,-460.28,-158.23,55.56
2048,-4.99,-452.99,-147.65,-3.91
2049,-17.96,-477.04,-83.99,33.29
2050,-16.68,-462.71,-29.21,9.18
2051,2.5,-391.39,110.72,29.73
2052,-11.06,-468.29,-271.45,24.31
2053,-16.31,-507.32,-138.99,25.94
2054,16.41,-462.02,-219.27,-55.65
2055,0.59,-457.75,-32.72,40.99
2056,-22.68,-482.68,-108.77,37.97
2057,-15.26,-472.26,-52.95,16.94
2058,-4.12,-456.36,-75.93,-60.54
2059,0.3,-483.15,28.7,91.64
2060,-4.83,-483.35,-142.68,74.46
2061,-20.28,-469.53,-135.81,-50.63
2062,2.95,-452.74,-102.71,36.17
2063,-20.35,-484.12,-280.72,-2.09
2064,-16.18,-454.66,-57.59,8.59
2065,-10.23,-464.5,-101.65,58.97
2066,1.39,-430.96,-50.34,-12.37
2067,4.14,-430.84,-77.6,-13.9
2068,-26.85,-514.91,-146.8,125.62
2069,-23.09,-492.54,-280.44,29.39
2070,-5.8,-485.33,-48.01,-39.82
2071,-3.49,-451.49,-11.56,3.54
2072,6.9,-432.34,-54.19,33.56
2073,-11.78,-466.58,80.33,97.96
2074,-38.14,-499.71,-243.91,0.66
2075,-6.15,-464.49,-94.25,-8.01
2076,2.6,-466.72,-228.31,6.03
2077,-10.69,-460.99,-131.33,-68.76
2078,-4.67,-435.99,-152.12,149.2
2079,-6.53,-461.73,-78.12,10.59
2080,-7.81,-481.79,-126.88,91.98
2081,-22.41,-478.27,13.17,23.39
2082,-13.89,-440.66,-182.65,21.14
2083,9.51,-422.78,-98.16,-12.81
2084,-0.63,-493.55,-48.06,69.83
2085,-18.38,-493.66,-245.46,-71.05
2086,-18.13,-431.38,-124.26,37.93
2087,-11.2,-369.66,-66.68,1.5
2088,8.33,-517.46,14.68,-17.7
2089,-14.5,-488.35,-131.35,194.43
2090,-21.55,-509.44,-186.33,-49.02
2091,-3.85,-451.43,-4.59,65.01
2092,4.17,-467.2,-86.4,44.91
2093,-15.96,-487.02,-103.12,74.06
2094,-9.43,-469.31,-141.4,-68.69
2095,-8.76,-449.35,-101.77,49.24
2096,-19.14,-463.22,-111.94,40.25
2097,2.43,-441.0,46.54,3.37
2098,-9.1,-438.14,-285.24,-12.61
2099,-23.84,-474.27,-45.47,76.11
2100,-6.77,-448.56,-156.86,41.9
2101,-8.43,-473.84,-106.0,9.25
2102,-24.01,-486.48,-130.11,22.17
2103,-11.95,-429.03,-77.21,19.27
2104,6.86,-440.12,-93.85,34.37
2105,-11.16,-469.21,-108.95,1.03
2106,-21.09,-487.42,-162.43,20.69
2107,-5.31,-464.14,-55.29,63.46
2108,-5.32,-460.54,-151.95,28.49
2109,-4.1,-405.26,-59.27,3.78
2110,-15.36,-505.0,16.4,109.94
2111,-19.08,-474.26,-173.91,-14.92
2112,9.13,-460.41,174.31,90.24
2113,-13.13,-470.29,-432.73,14.84
2114,-12.54,-468.7,-93.48,2.67
2115,-24.93,-458.19,-34.06,61.67
2116,-1.65,-441.84,-61.43,-2.93
2117,-7.46,-472.08,-360.71,16.12
2118,-15.96,-464.49,-70.72,-14.22
2119,15.44,-383.13,77.11,40.35
2120,1.11,-453.98,-158.66,-1.37
2121,-2.16,-526.66,205.39,51.32
2122,-14.5,-461.74,-287.88,22.0
2123,3.62,-455.2,-82.21,66.09
2124,-9.42,-492.41,-81.12,-1.4
2125,-8.37,-472.05,-196.45,78.78
2126,-21.85,-470.48,-165.65,12.87
2127,-25.89,-451.99,-83.87,18.0
2128,-9.03,-415.55,-99.33,29.54
2129,9.22,-487.75,40.21,48.95
2130,-19.32,-510.86,-180.25,8.65
2131,-19.4,-481.76,-92.0,62.77
2132,-9.58,-454.3,-119.56,24.42
2133,-2.11,-459.94,-160.61,11.79
2134,-26.05,-476.27,-27.64,147.45
2135,-18.28,-452.89,-156.48,-16.89
2136,-10.99,-450.97,-113.16,11.18
2137,-9.36,-457.61,-80.53,46.19
2138,18.16,-438.22,-167.67,-120.81
2139,-6.29,-397.65,-123.73,62.31
2140,13.05,-396.99,-62.62,57.77
2141,-5.26,-495.17,-23.63,56.41
2142,-20.76,-542.0,36.1,69.25
2143,-14.96,-484.73,-325.74,-4.13
2144,-21.91,-462.74,-134.32,24.54
2145,-8.99,-462.22,-97.09,26.9
2146,-29.33,-554.68,-88.58,36.49
2147,-22.12,-458.27,28.08,76.35
2148,-5.6,-402.11,-212.72,-15.21
2149,1.29,-448.76,-112.62,29.64
2150,1.45,-465.8,-89.82,13.82
2151,-14.08,-467.3,-99.88,61.25
2152,10.76,-444.59,49.56,32.72
2153,-8.67,-455.33,-218.58,-13.22
2154,-15.36,-489.49,-146.08,-8.39
2155,12.47,-406.48,5.14,9.17
2156,-9.8,-482.06,-152.91,63.47
2157,-13.23,-459.58,-165.87,4.21
2158,-6.0,-430.87,-231.1,-32.12
2159,-0.65,-389.02,-53.64,98.56
2160,-16.95,-498.27,-63.59,2.53
2161,-3.94,-359.69,-119.45,64.46
2162,-7.78,-480.38,-139.01,55.95
2163,1.86,-513.94,-54.52,-13.9
2164,-7.15,-524.0,-226.1,-7.53
2165,-9.51,-439.61,-84.93,4.96
2166,7.95,-387.85,-57.69,51.96
2167,39.69,-362.7,-78.74,148.57
2168,25.71,-391.79,-53.28,-116.91
2169,-58.14,-659.18,-380.54,109.2
2170,-27.52,-556.45,-71.05,-142.82
2171,8.88,-396.98,-64.74,57.27
2172,-6.61,-523.04,-68.78,-2.02
2173,-5.7,-488.79,-277.74,76.19
2174,-29.09,-508.6,-59.65,-91.23
2175,-2.15,-454.86,-244.47,-89.61
2176,-10.44,-485.23,-59.84,116.31
2177,-9.2,-482.87,-74.9,41.33
2178,-15.71,-456.45,-164.12,28.7
2179,-9.86,-460.82,-94.55,31.22
2180,0.81,-463.3,-70.91,52.79
2181,3.94,-487.72,177.57,131.83
2182,-15.76,-451.34,-358.93,-30.55
2183,1.63,-464.16,-87.43,-49.0
2184,-1.27,-453.95,-107.18,30.67
2185,-18.08,-471.19,-105.04,7.21
2186,3.73,-450.19,-100.12,32.46
2187,-39.18,-512.81,-124.88,-22.02
2188,-21.23,-452.24,-69.12,14.0
2189,-3.51,-433.75,-38.8,154.49
2190,4.33,-448.63,-154.77,-50.18
2191,3.3,-408.78,-44.3,75.41
2192,-12.93,-454.61,-164.59,44.13
2193,-27.35,-514.97,-101.76,31.62
2194,-31.58,-518.59,-89.57,34.36
2195,8.05,-441.02,-54.44,28.55
2196,6.03,-426.66,-101.79,-21.3
2197,-25.62,-469.27,-155.81,39.99
2198,0.49,-461.89,-30.7,105.06
2199,-19.09,-453.15,-81.48,-10.24
2200,3.46,-288.34,-134.63,62.78
2201,14.77,-446.95,1.72,62.65
2202,-16.75,-572.97,-241.13,13.3
2203,3.53,-508.03,73.23,75.63
2204,-31.55,-487.29,-257.43,-123.84
2205,-9.45,-414.55,-272.56,-19.59
2206,-14.58,-467.91,-8.29,36.97
2207,10.64,-467.85,-2.4,37.0
2208,-4.49,-476.62,56.34,46.74
2209,-20.35,-515.28,-185.99,106.43
2210,-33.82,-487.87,-150.01,-23.43
2211,-16.58,-468.25,-86.21,55.93
2212,-3.35,-441.0,-47.9,-12.39
2213,-18.47,-465.61,-281.69,86.29
2214,-19.8,-483.28,-180.28,-71.82
2215,3.86,-410.1,0.14,63.15
2216,-5.1,-431.23,-186.74,-30.6
2217,-5.78,-510.08,-90.89,25.81
2218,-8.52,-452.73,-58.62,84.65
2219,-12.72,-470.96,-68.36,24.06
2220,-45.93,-540.69,-177.75,6.54
2221,2.1,-424.39,-37.04,-56.18
2222,22.41,-335.89,-96.84,77.57
2223,-32.77,-530.75,-271.96,156.23
2224,-18.5,-489.78,-71.28,-18.99
2225,-32.46,-488.56,-122.9,-4.47
2226,-10.11,-421.05,-247.31,121.77
2227,-20.3,-489.25,-33.57,-37.32
2228,-13.5,-470.47,-91.36,23.41
2229,-6.02,-463.86,-67.6,40.51
2230,-13.53,-468.21,-24.01,-90.48
2231,-1.15,-470.21,-122.14,136.92
2232,-6.73,-456.16,-195.97,-40.54
2233,-7.13,-483.28,-424.43,94.35
2234,5.05,-443.04,-6.89,-28.9
2235,-9.38,-458.73,-156.59,-89.24
2236,-6.61,-460.67,-114.61,-99.6
2237,-1.97,-457.67,-47.55,108.94
2238,13.17,-455.9,-520.35,69.4
2239,-30.7,-501.74,105.79,-13.97
2240,-16.29,-398.97,-61.99,60.3
2241,-17.39,-460.0,-9.48,10.36
2242,-16.24,-478.39,-186.37,15.57
2243,2.98,-442.84,-66.6,22.31
2244,2.94,-469.13,-86.37,-6.02
2245,-32.47,-486.06,-81.74,77.33
2246,8.76,-459.79,67.36,35.46
2247,-0.53,-471.27,-329.65,138.16
2248,-10.47,-483.01,-131.82,-123.56
2249,-7.84,-455.52,-82.36,18.46
2250,-12.11,-422.88,-63.86,52.49
2251,-5.38,-473.99,-58.42,40.46
2252,-3.72,-455.01,-77.53,72.55
2253,-26.11,-444.92,-212.62,-38.07
2254,-12.2,-414.09,-49.19,65.12
2255,-14.27,-462.36,-72.63,31.14
2256,-4.14,-473.32,-58.74,105.77
2257,-24.34,-491.49,-108.64,18.95
2258,2.77,-472.3,-75.77,49.21
2259,-12.92,-447.25,-185.26,-4.89
2260,-22.34,-463.31,-130.31,-46.37
2261,-18.75,-475.26,-40.64,39.87
2262,4.82,-397.74,-2.71,94.28
2263,6.62,-462.75,-6.24,62.75
2264,-15.42,-498.22,-170.48,103.16
2265,-21.7,-460.71,-165.24,-25.63
2266,4.89,-447.7,-44.99,-7.62
2267,-25.53,-486.54,-175.32,111.73
2268,-18.86,-475.87,-142.63,-124.17
2269,3.72,-443.19,-78.69,77.29
2270,-24.51,-473.82,-173.66,4.31
2271,-5.55,-451.45,20.68,142.01
2272,0.82,-437.99,-120.35,27.9
2273,-33.79,-478.85,-5.93,-2.88
2274,-20.89,-462.69,-66.42,61.3
2275,-23.69,-467.72,-111.55,78.92
2276,1.83,-411.06,-38.39,65.7
2277,-2.83,-437.65,-170.67,1.14
2278,8.57,-455.35,-93.85,31.97
2279,-29.52,-499.8,-56.75,-0.25
2280,-32.08,-481.74,-191.6,30.55
2281,-3.98,-445.54,-130.97,87.3
2282,-5.78,-464.25,-65.16,-132.39
2283,10.98,-409.62,60.19,153.11
2284,-7.75,-445.01,-214.5,-45.42
2285,-35.87,-544.15,-119.67,1.13
2286,-21.17,-479.56,-90.99,23.81
2287,-18.24,-455.84,-91.97,122.97
2288,-17.45,-459.63,-76.47,24.13
2289,-4.74,-435.05,-146.56,91.32
2290,-37.8,-504.08,-70.4,24.68
2291,-27.97,-473.48,-114.53,-20.9
2292,-1.34,-433.14,-47.28,11.75
2293,-4.62,-476.63,-146.23,72.86
2294,-16.39,-484.27,-57.37,52.38
2295,-22.04,-451.66,-63.66,-107.87
2296,-11.89,-433.5,-139.97,20.86
2297,-6.45,-479.89,-198.38,65.51
2298,-2.18,-463.01,42.46,119.16
2299,0.43,-438.16,-15.4,-18.23
2300,-18.26,-503.77,-245.29,16.88
2301,11.75,-417.73,-13.59,14.05
2302,-24.48,-477.12,-226.47,-17.25
2303,-6.18,-445.59,-219.02,57.72
2304,-12.18,-479.99,-21.96,-26.87
2305,-34.6,-498.55,1.71,89.95
2306,-16.33,-469.99,-179.46,-69.25
2307,-7.39,-476.75,-3.69,77.6
2308,-8.15,-479.42,-270.89,117.33
2309,-9.07,-466.74,-18.53,-4.41
2310,7.35,-446.85,-253.02,-0.0
2311,-31.03,-473.3,-99.43,-13.12
2312,-21.17,-455.6,-208.95,-60.89
2313,-3.88,-398.76,-18.94,109.4
2314,2.66,-453.69,-46.38,14.55
2315,-10.81,-538.5,-224.72,64.81
2316,-12.48,-472.59,-116.65,-23.87
2317,-29.34,-490.33,-103.44,60.17
2318,23.37,-421.73,-45.31,-75.57
2319,-15.83,-470.36,-15.04,61.58
2320,16.21,-375.29,-383.89,-108.76
2321,12.28,-405.97,-133.94,88.61
2322,-23.53,-564.3,-186.6,-7.72
2323,-17.57,-502.18,-72.26,131.46
2324,-29.48,-438.36,-5.42,-115.7
2325,17.87,-422.69,-168.02,128.99
2326,-13.16,-440.67,-173.44,-74.87
2327,-10.39,-486.22,-89.79,45.08
2328,16.14,-459.96,-10.57,-32.07
2329,-40.3,-515.43,-187.31,131.97
2330,-15.53,-446.69,-170.18,59.11
2331,-27.45,-487.67,-7.43,-21.57
2332,16.3,-341.24,-159.93,-14.88
2333,-5.82,-430.58,-130.85,157.18
2334,-50.74,-591.58,-105.16,-33.78
2335,-36.05,-515.31,-71.3,50.98
2336,-22.62,-480.05,-73.77,62.56
2337,-2.47,-437.79,-42.72,59.74
2338,-30.33,-499.39,-30.64,69.09
2339,-2.97,-457.73,-157.78,-10.65
2340,-3.2,-465.16,-151.0,32.21
2341,-35.45,-497.19,-146.5,65.99
2342,-6.99,-437.18,-30.56,3.56
2343,-2.08,-426.77,-66.69,-12.16
2344,-2.77,-449.47,-196.21,149.5
2345,-17.27,-383.81,-169.2,-46.16
2346,10.97,-424.27,29.75,72.24
2347,-26.45,-513.26,-114.94,-13.64
2348,-28.33,-521.38,-89.22,65.21
2349,-15.55,-471.34,-149.63,65.4
2350,-30.04,-483.0,-60.01,92.86
2351,-11.87,-477.87,-91.74,17.9
2352,-18.61,-482.15,-168.93,-1.62
2353,-3.95,-449.84,-66.11,54.74
2354,-18.76,-480.93,-109.7,60.47
2355,-17.81,-454.3,-88.02,16.7
2356,-13.35,-464.08,-99.52,30.63
2357,-5.7,-481.82,10.32,79.49
2358,-15.68,-469.8,-211.44,66.77
2359,-25.65,-472.67,-111.51,-44.18
2360,-17.8,-474.33,-114.34,34.25
2361,-12.54,-464.7,-78.19,77.88
2362,10.08,-431.99,-34.28,98.23
2363,-31.87,-508.13,-225.73,-39.24
2364,-12.62,-425.97,-77.03,36.1
2365,-7.98,-407.76,-32.55,16.35
2366,-17.16,-490.55,0.26,45.87
2367,-8.56,-452.26,-172.75,25.92
2368,-15.1,-470.52,-83.94,64.4
2369,-26.03,-459.53,-37.69,7.62
2370,-14.52,-485.13,-266.21,35.57
2371,-7.7,-467.72,-88.44,48.27
2372,-12.99,-479.62,-86.32,22.15
2373,11.94,-457.8,86.31,85.98
2374,-6.13,-456.55,-184.46,-0.96
2375,-32.66,-496.88,-171.24,5.72
2376,-24.9,-450.25,-123.01,11.57
2377,-3.44,-441.42,-89.59,56.48
2378,-28.15,-503.62,-122.08,62.84
2379,-20.03,-471.66,-83.35,0.38
2380,-17.77,-475.52,-79.24,29.78
2381,5.25,-455.25,-1.57,26.65
2382,15.27,-434.64,-82.21,-66.62
2383,-25.38,-453.94,-279.81,107.45
2384,-6.6,-443.61,-64.57,-8.7
2385,3.61,-444.61,-71.69,68.91
2386,-40.2,-533.1,-112.69,11.22
2387,-22.97,-481.33,-92.65,41.1
2388,-22.62,-486.08,-101.51,48.22
2389,-30.47,-482.27,-93.87,39.61
2390,-25.06,-474.96,-95.87,42.9
2391,-4.43,-457.38,-84.91,33.91
2392,51.23,-396.74,184.9,53.13
2393,14.29,-374.83,-423.13,61.87
2394,9.59,-379.83,-37.73,-104.63
2395,-22.54,-514.26,-203.39,109.58
2396,-11.57,-478.23,-287.48,-69.21
2397,-25.32,-513.02,71.8,39.15
2398,-30.37,-511.34,-49.03,50.93
2399,0.75,-399.3,-140.06,4.04
2400,-22.24,-452.08,-77.51,69.35
2401,-15.36,-509.94,-120.26,42.43
2402,-7.31,-437.67,-104.97,27.02
2403,-3.36,-430.57,-114.24,-3.7
2404,-12.77,-418.22,-92.81,85.81
2405,-16.27,-487.88,-119.08,23.41
2406,-27.92,-539.68,-94.16,43.85
2407,-9.97,-492.16,-125.97,-17.52
2408,-6.53,-464.37,-175.92,17.85
2409,11.33,-368.46,-36.1,103.38
2410,-0.89,-399.82,-93.3,-29.34
2411,-29.52,-568.55,-73.95,7.36
2412,-13.66,-502.26,-57.3,130.41
2413,10.0,-429.58,-74.61,62.8
2414,-18.12,-449.51,-192.83,-34.18
2415,24.7,-451.21,-67.29,-10.14
2416,-32.37,-530.64,-72.83,-6.97
2417,-26.86,-484.12,-162.13,10.35
2418,2.39,-448.66,8.91,-48.3
2419,-7.01,-468.45,-283.78,174.38
2420,-26.54,-502.16,-106.04,-21.22
2421,-23.34,-453.03,-103.34,-43.62
2422,7.96,-425.31,-62.02,48.47
2423,-12.96,-493.64,-31.41,228.15
2424,-29.98,-499.5,-180.12,-119.81
2425,-22.6,-392.21,-124.7,-26.87
2426,-6.5,-483.82,-109.7,51.12
2427,-13.0,-483.52,15.11,-29.92
2428,-26.52,-486.2,-246.78,104.13
2429,11.26,-355.74,-106.34,4.13
2430,-28.08,-500.54,-88.23,-4.21
2431,-6.92,-502.02,-129.96,2.57
2432,-13.34,-500.3,-79.24,68.8
2433,-23.18,-514.44,-135.12,11.91
2434,-14.09,-492.54,-119.37,-64.15
2435,11.32,-422.03,-27.05,4.17
2436,-2.61,-469.4,-21.11,137.6
2437,-39.46,-508.58,-252.29,-60.92
2438,-15.27,-463.71,-67.29,64.86
2439,3.27,-382.28,-167.68,35.08
2440,-22.69,-510.94,-76.22,40.07
2441,-21.09,-448.98,-100.87,48.15
2442,3.68,-381.88,-170.36,-37.46
2443,-21.47,-500.97,-14.6,47.69
2444,-17.79,-494.47,-169.06,-5.96
2445,9.31,-426.11,-33.43,58.28
2446,-9.76,-442.41,-118.76,81.17
2447,-10.28,-476.24,-107.11,-5.6
2448,-12.56,-507.17,-127.47,-39.38
2449,-12.33,-503.49,-6.91,31.22
2450,-13.03,-502.37,-272.68,-198.82
2451,-30.28,-500.74,-82.53,146.61
2452,-22.99,-465.39,43.14,73.55
2453,-12.67,-454.21,-125.32,61.81
2454,-4.32,-437.94,-170.87,6.97
2455,-29.04,-493.12,-158.92,58.38
2456,-4.78,-455.26,-89.3,-2.68
2457,-17.78,-487.47,-136.72,51.89
2458,-3.71,-439.74,-118.08,68.8
2459,-13.75,-411.23,-90.17,-36.57
2460,1.01,-365.72,-71.6,10.98
2461,-2.16,-417.3,47.54,140.08
2462,-17.03,-574.96,-164.84,-141.13
2463,-17.72,-522.11,-166.78,40.71
2464,-27.96,-514.97,-138.15,-82.44
2465,-11.81,-441.96,-116.29,59.37
2466,34.06,-412.14,-6.02,180.86
2467,-3.63,-471.85,-131.87,-43.79
2468,-62.9,-508.33,-184.81,-17.14
2469,-1.12,-415.17,-78.88,-136.06
2470,-12.79,-464.81,-162.95,39.49
2471,6.1,-440.67,-101.37,40.41
2472,-19.53,-472.85,-148.04,52.6
2473,-9.6,-458.35,-72.45,25.07
2474,-9.71,-472.17,-143.2,33.86
2475,-14.71,-445.12,-98.5,28.35
2476,-17.68,-448.88,-144.1,62.08
2477,-26.61,-476.49,-53.88,7.09
2478,-14.84,-463.31,-74.06,49.09
2479,-5.56,-421.45,-82.8,67.75
2480,-6.33,-464.47,-111.35,19.85
2481,-7.28,-441.02,-117.64,11.83
2482,-21.17,-399.24,-111.92,27.18
2483,-22.16,-482.77,-73.42,41.5
2484,-20.37,-482.3,-46.41,34.18
2485,-7.25,-422.12,-82.52,45.33
2486,-10.27,-505.08,-103.42,26.34
2487,-24.34,-469.07,-134.78,72.53
2488,-11.6,-429.77,-99.88,2.31
2489,7.65,-367.71,-40.96,12.66
2490,-28.62,-524.28,-142.68,-26.65
2491,-7.55,-473.75,-166.38,58.53
2492,-25.42,-456.79,-120.49,-42.83
2493,-14.24,-421.34,-87.08,44.14
2494,-32.8,-517.62,-71.82,52.77
2495,-32.16,-500.58,-105.03,47.18
2496,-12.16,-456.92,-106.13,22.61
2497,-21.68,-475.21,-113.18,20.64
2498,-18.76,-471.03,-104.41,29.89
2499,3.23,-453.09,-142.23,-29.44
2500,-19.68,-483.4,-88.66,3.62
2501,-7.82,-456.48,19.34,90.17
2502,-5.6,-449.33,-159.74,30.81
2503,-16.16,-463.71,-108.0,7.2
2504,-13.34,-461.87,-63.63,-13.1
2505,6.79,-449.61,-112.2,110.43
2506,-7.68,-434.77,-128.41,-11.97
2507,-14.84,-441.35,-123.21,7.04
2508,-11.2,-463.21,-107.34,5.85
2509,-33.89,-515.66,-121.59,35.52
2510,-8.69,-467.48,-74.49,19.71
2511,-1.44,-394.26,-147.29,29.88
2512,-15.48,-451.56,-127.82,-36.09
2513,-27.1,-514.54,-0.86,57.49
2514,-19.3,-487.46,-146.13,15.66
2515,-12.75,-480.35,-116.09,68.27
2516,-14.15,-471.3,-109.0,-2.66
2517,-6.94,-467.37,-95.4,15.78
2518,18.02,-416.31,-53.73,19.96
2519,-26.21,-483.03,-140.0,75.28
2520,-37.42,-508.34,-118.69,-0.48
2521,-17.55,-462.41,-110.57,18.48
2522,-1.92,-431.94,-57.6,36.49
2523,-5.44,-433.17,-143.85,5.0
2524,-24.74,-501.23,-123.35,51.52
2525,26.45,-433.02,-45.31,-69.42
2526,-16.06,-470.52,-10.62,12.56
2527,-6.28,-434.85,-242.16,54.68
2528,-9.44,-421.93,-155.47,2.53
2529,-32.14,-493.81,-74.68,-28.08
2530,-7.41,-432.57,-124.54,-1.01
2531,-1.22,-429.45,-122.12,58.6
2532,-24.14,-467.13,-115.89,-6.47
2533,-10.33,-477.34,-112.9,52.42
2534,-10.38,-449.19,-110.24,22.93
2535,-3.52,-389.4,-128.72,8.38
2536,-25.79,-433.04,-100.72,17.23
2537,27.36,-292.92,-88.69,9.07
2538,-11.24,-487.47,-60.84,45.81
2539,-23.8,-532.62,-132.71,53.84
2540,-21.14,-515.81,-120.73,10.22
2541,-6.89,-459.44,-89.06,24.8
2542,-13.34,-479.05,7.96,-22.24
2543,-7.41,-475.17,-145.75,50.02
2544,-3.87,-433.07,-145.4,13.15
2545,-18.78,-428.82,-56.82,41.73
2546,-2.24,-480.91,-147.76,-26.29
2547,-30.96,-490.64,-115.15,6.41
2548,-5.06,-430.78,-115.49,43.83
2549,-34.24,-518.14,-92.76,-21.18
2550,-7.94,-473.13,-109.25,23.61
2551,-18.03,-478.96,-129.45,31.77
2552,-6.27,-424.62,-93.84,17.79
2553,11.86,-418.28,-155.13,12.06
2554,-14.81,-468.44,-107.03,28.94
2555,-13.4,-478.18,-169.63,5.92
2556,2.85,-433.24,108.97,-18.27
2557,-1.22,-468.05,-217.63,145.03
2558,-33.4,-476.41,-102.12,-54.42
2559,-13.36,-381.97,-134.57,1.89
2560,-27.34,-473.17,-118.29,40.49
2561,-31.63,-533.73,-76.79,3.47
2562,-14.07,-455.75,-151.25,-35.8
2563,-3.28,-391.39,-110.56,48.08
2564,11.93,-460.23,-81.61,24.98
2565,-14.5,-492.37,-146.88,8.82
2566,-11.24,-453.53,-71.78,-41.11
2567,-19.7,-425.68,-91.67,85.8
2568,-10.76,-473.02,-36.89,21.5
2569,0.72,-449.3,-193.73,-6.78
2570,-26.01,-506.12,-20.7,61.96
2571,-23.61,-478.23,-192.35,-10.9
2572,-8.89,-470.23,-65.14,-46.97
2573,-5.09,-454.94,-15.86,-24.71
2574,-26.32,-489.12,-197.2,-10.44
2575,-23.19,-457.57,-125.92,21.34
2576,-2.24,-437.28,-136.25,19.43
2577,-6.02,-412.85,-85.94,37.63
2578,-26.38,-517.99,-51.0,53.62
2579,-29.74,-487.0,-161.6,-4.31
2580,-19.01,-475.67,-83.97,12.38
2581,-25.69,-487.08,-88.28,-6.41
2582,0.85,-422.3,-141.76,36.57
2583,-6.19,-427.86,-132.61,57.81
2584,-27.17,-491.14,-158.81,10.11
2585,-5.34,-411.31,6.99,-6.74
2586,-6.17,-458.77,-7.64,50.43
2587,-11.06,-481.99,-239.52,4.56
2588,-19.54,-469.85,-118.97,-0.78
2589,-16.12,-472.67,-144.12,-19.07
2590,2.58,-457.43,24.32,-4.03
2591,-4.19,-468.41,-159.95,-17.57
2592,-26.25,-481.99,-155.63,67.25
2593,-2.74,-424.25,-52.3,-2.93
2594,4.84,-415.26,-137.78,0.69
2595,-0.59,-471.04,-15.77,93.57
2596,-23.13,-496.81,-164.13,-53.41
2597,-7.58,-473.04,-158.92,47.73
2598,-0.42,-390.92,-120.45,34.28
2599,-19.87,-429.77,-150.99,15.85
2600,-8.5,-495.31,106.91,27.35
2601,-3.47,-486.27,-127.59,-22.29
2602,-36.67,-481.01,-176.16,18.95
2603,-6.01,-471.07,-119.31,13.73
2604,-8.51,-464.0,-162.52,-39.11
2605,-39.83,-495.05,-123.75,42.99
2606,-0.68,-429.29,-97.18,-4.1
2607,-5.41,-455.01,-5.15,47.75
2608,-27.32,-500.77,-56.84,41.27
2609,0.22,-441.76,-177.87,47.67
2610,11.43,-445.62,-119.73,-20.95
2611,-25.41,-489.63,-143.49,-2.93
2612,-37.29,-471.3,-128.91,32.65
2613,-22.16,-491.76,-103.17,7.14
2614,2.46,-444.61,-111.95,2.02
2615,-2.04,-455.72,-68.22,31.0
2616,-10.72,-447.89,-95.63,-8.84
2617,6.43,-444.57,-57.25,47.26
2618,-3.77,-448.48,36.66,48.96
2619,-16.11,-406.36,-250.26,-15.68
2620,-15.94,-435.66,-176.33,-7.99
2621,-14.66,-438.34,-116.52,-6.16
2622,-13.65,-475.89,-139.34,58.03
2623,-29.22,-517.62,-107.55,-30.46
2624,-22.57,-521.57,-128.24,23.55
2625,-12.35,-465.21,-87.91,5.12
2626,-20.24,-446.01,-122.14,78.6
2627,2.85,-483.31,9.83,-2.05
2628,-2.42,-437.89,-195.46,-1.62
2629,-4.65,-401.42,-118.01,-8.56
2630,-6.86,-486.3,-112.58,30.94
2631,-25.46,-480.29,-110.94,19.34
2632,-38.12,-499.01,-134.84,-25.94
2633,11.77,-448.05,123.66,60.01
2634,-39.79,-515.48,-198.29,53.34
2635,-21.22,-458.37,-185.76,-43.38
2636,1.92,-430.87,-140.27,1.4
2637,-9.3,-446.67,-128.06,1.77
2638,-12.57,-439.69,-128.42,22.15
2639,-3.64,-429.17,-131.76,8.04
2640,-10.76,-447.15,-118.28,22.89
2641,-9.46,-370.78,-117.66,17.24
2642,-12.43,-476.76,-126.52,4.13
2643,-32.49,-548.15,-100.11,13.58
2644,-31.49,-482.61,-101.14,11.38
2645,-13.84,-470.2,-111.83,22.14
2646,4.02,-355.97,-152.14,5.68
2647,9.24,-345.86,-134.53,33.21
2648,-13.62,-500.21,-64.84,23.64
2649,-20.22,-505.34,-107.18,24.83
2650,-34.55,-516.13,-35.14,30.53
2651,-16.32,-492.58,-184.99,14.17
2652,-23.1,-470.27,-128.13,20.56
2653,-5.94,-455.27,-149.68,-30.38
2654,-1.63,-445.3,-137.73,-27.78
2655,-15.85,-475.37,-165.12,94.6
2656,-1.52,-440.52,-56.72,-8.08
2657,-25.67,-480.59,-134.62,42.62
2658,-22.08,-473.55,-130.54,13.95
2659,-18.42,-467.52,-119.87,26.53
2660,-23.49,-474.67,-125.72,2.8
2661,-15.62,-467.33,-131.67,5.25
2662,-8.92,-443.37,-105.57,24.48
2663,-14.14,-456.48,2.82,38.2
2664,-20.3,-442.82,-180.47,-17.79
2665,-18.48,-461.86,-51.36,54.16
2666,6.36,-443.91,-120.5,-14.38
2667,-21.53,-475.8,-293.97,69.9
2668,-25.1,-463.09,-80.5,-15.08
2669,-25.38,-452.04,-112.27,16.9
2670,-15.3,-443.28,-120.97,12.09
2671,-19.65,-454.11,-115.71,14.4
2672,-22.08,-432.09,-120.11,17.55
2673,-13.24,-420.27,-124.49,27.27
2674,2.18,-469.8,-102.49,4.64
2675,7.4,-443.39,2.41,-6.53
2676,-21.61,-459.91,-153.86,40.58
2677,-15.56,-468.5,-154.77,19.45
2678,-33.39,-488.52,-138.13,-6.18
2679,-26.45,-471.9,-94.31,-4.15
2680,-17.11,-487.74,-125.47,-0.7
2681,-19.36,-443.03,-124.89,61.33
2682,-21.4,-467.18,-115.24,16.07
2683,-23.18,-468.91,-124.33,19.24
2684,-15.93,-473.02,-129.95,14.75
2685,-13.36,-459.39,-123.09,17.02
2686,-8.79,-437.73,-127.77,19.89
2687,-10.53,-455.91,-124.19,15.04
2688,-14.78,-474.11,-122.77,14.78
2689,16.61,-397.31,-44.27,37.59
2690,4.93,-401.76,-196.6,-12.92
2691,-8.78,-415.61,-103.97,19.74
2692,-16.71,-383.36,-112.41,-1.62
2693,-35.61,-528.88,-92.84,37.63
2694,-27.8,-503.11,-150.27,19.96
2695,-34.55,-509.72,-121.91,21.53
2696,-1.67,-477.37,120.36,-22.73
2697,-12.54,-495.39,-235.49,104.2
2698,-0.32,-439.28,-170.62,-37.46
2699,-2.26,-432.9,-84.85,0.35
2700,-3.65,-429.72,-103.86,9.32
2701,-10.57,-491.75,-123.37,24.43
2702,-23.16,-477.81,-172.53,50.51
2703,-24.11,-479.73,-121.77,-4.38
2704,-34.52,-477.52,-113.95,22.93
2705,8.32,-448.44,-178.89,1.72
2706,9.01,-438.97,-139.4,13.99
2707,-15.63,-480.07,-82.69,21.6
2708,-9.1,-431.15,-111.03,35.64
2709,-12.49,-435.06,-109.45,18.22
2710,-18.71,-500.81,-121.44,35.47
2711,-31.41,-496.17,-114.81,33.17
2712,-27.91,-468.36,-114.63,17.15
2713,-18.21,-458.1,-95.39,20.73
2714,43.69,-351.98,169.13,51.49
2715,2.26,-456.9,-348.28,4.73
2716,-14.48,-524.09,-49.7,46.68
2717,-25.27,-478.78,-154.2,-7.57
2718,-7.89,-452.03,-116.59,46.85
2719,-17.16,-454.23,-109.24,-42.26
2720,-22.23,-488.15,-132.29,37.53
2721,-18.74,-478.23,-117.87,22.09
2722,-22.19,-461.93,-79.78,22.65
2723,-20.37,-457.0,-66.21,-1.55
2724,10.13,-410.79,-172.43,7.21
2725,18.65,-435.42,114.63,30.29
2726,-21.13,-500.45,-338.27,12.37
2727,-6.81,-433.23,-117.52,-42.02
2728,-12.79,-473.83,-116.31,10.17
2729,-26.26,-480.48,-109.32,22.12
2730,-15.92,-477.06,-106.29,34.72
2731,-15.69,-474.66,-112.25,23.55
2732,-14.44,-462.56,-111.62,20.91
2733,-13.23,-460.79,-121.55,11.69
2734,-4.95,-436.03,-113.65,16.65
2735,25.62,-365.51,-83.54,4.37
2736,-8.34,-497.78,-169.83,56.61
2737,-11.39,-475.8,40.86,17.1
2738,-4.35,-432.7,-207.96,12.96
2739,-25.63,-476.87,-136.02,-1.63
2740,-26.76,-482.62,-121.04,-7.36
2741,-16.98,-482.14,-113.0,32.49
2742,-13.24,-466.53,-132.19,-3.67
2743,-21.44,-464.38,-122.65,8.98
2744,-30.61,-456.8,-107.42,9.89
2745,-8.72,-461.1,39.72,18.74
2746,21.07,-437.67,-47.78,-58.94
2747,2.33,-368.17,-246.7,50.27
2748,-5.45,-472.1,-94.36,-13.46
2749,-29.19,-504.52,-141.65,28.5
2750,-16.78,-486.76,-165.34,54.2
2751,-16.01,-437.38,-96.92,-8.33
2752,-28.09,-487.97,-109.79,27.42
2753,-19.72,-472.18,-107.34,13.76
2754,-0.45,-463.48,-85.95,25.84
2755,-4.52,-411.06,-72.25,27.96
2756,4.96,-391.35,-73.29,-17.84
2757,-16.58,-500.26,-129.82,5.16
2758,-14.14,-448.24,-159.68,15.56
2759,-5.03,-467.79,-107.09,-8.33
2760,-9.16,-458.44,-90.27,9.93
2761,-20.59,-471.75,-147.02,10.34
2762,-17.98,-489.24,-37.6,6.73
2763,-18.27,-461.91,-199.13,-11.46
2764,1.55,-406.3,-37.76,25.53
2765,-7.71,-475.22,-92.94,54.14
2766,-24.24,-518.25,-46.06,62.5
2767,-5.25,-447.19,-76.0,19.21
2768,-2.89,-453.52,-145.85,5.95
2769,-6.05,-451.78,-136.67,22.83
2770,-10.43,-456.02,-79.69,-1.25
2771,-6.24,-448.0,-14.06,13.48
2772,-9.44,-446.76,-110.4,41.43
2773,-18.14,-469.4,-141.8,-9.87
2774,-11.57,-466.66,-113.11,1.57
2775,-13.03,-447.78,-40.9,14.35
2776,-13.92,-426.12,-59.06,28.85
2777,1.91,-464.95,-105.46,30.81
2778,-10.67,-463.28,-142.01,-3.77
2779,-10.19,-404.09,-66.95,-8.88
2780,-39.36,-497.38,-120.33,40.44
2781,-22.59,-462.61,-136.67,-27.26
2782,-3.58,-389.09,-146.51,22.27
2783,-15.54,-522.67,-114.37,38.71
2784,-7.12,-470.78,-73.17,38.5
2785,-3.8,-476.3,-237.39,18.59
2786,-24.5,-492.43,-63.1,19.63
2787,-15.66,-457.57,-66.76,17.11
2788,-13.72,-452.86,-126.29,-16.19
2789,-13.96,-469.31,-108.52,12.06
2790,-14.96,-457.11,-39.19,40.38
2791,-7.35,-456.69,-62.84,4.72
2792,-3.18,-414.96,-135.81,-35.96
2793,-18.09,-461.52,-57.7,14.32
2794,-4.68,-445.23,-174.72,10.02
2795,-5.4,-465.03,25.91,31.34
2796,-9.76,-457.94,-210.58,37.51
2797,-9.91,-475.47,-125.07,11.46
2798,-13.26,-463.23,-94.1,2.59
2799,-29.08,-490.11,-130.48,10.36
2800,-22.34,-449.9,-101.54,18.58
2801,5.27,-377.86,71.12,8.7
2802,-24.64,-485.96,-207.3,81.1
2803,-11.35,-458.38,-99.11,-16.49
2804,-13.46,-476.11,-133.99,4.47
2805,5.29,-426.2,-162.56,17.68
2806,-14.38,-477.23,-106.96,-16.46
2807,-24.83,-508.09,-58.35,22.88
2808,-13.65,-448.9,-93.57,2.02
2809,-19.77,-450.15,-129.46,1.17
2810,-26.67,-474.21,-108.1,30.06
2811,-7.11,-456.23,-92.75,31.63
2812,-7.09,-434.06,-84.4,-38.91
2813,-13.85,-472.27,-105.0,23.19
2814,-23.32,-463.24,-152.72,42.51
2815,-6.75,-433.9,-113.19,19.71
2816,-0.14,-446.58,-36.73,28.89
2817,-6.12,-462.71,-167.81,83.11
2818,-27.34,-472.35,-120.06,9.51
2819,-10.43,-442.27,-29.97,0.53
2820,-3.55,-414.54,-170.7,9.54
2821,-26.26,-486.47,-123.35,12.03
2822,-26.81,-490.49,-119.34,-8.45
2823,-15.97,-478.51,-128.84,-12.02
2824,-16.87,-485.37,-0.06,33.43
2825,-18.82,-463.73,-183.52,57.99
2826,-16.22,-452.94,-130.25,-8.25
2827,-8.17,-454.21,-97.16,27.22
2828,-20.24,-474.69,12.67,24.08
2829,-19.11,-458.85,-241.8,12.14
2830,-8.41,-443.34,-25.15,30.44
2831,-20.49,-445.41,-142.27,20.3
2832,-5.74,-478.12,-123.59,18.07
2833,-17.77,-484.34,59.31,40.92
2834,-9.95,-461.32,-184.92,8.51
2835,3.68,-402.66,-165.69,-12.14
2836,-21.25,-442.34,18.01,46.1
2837,-19.23,-485.01,-59.73,-7.17
2838,-4.88,-472.71,-18.74,28.32
2839,-18.24,-492.89,-61.18,22.6
2840,-21.7,-461.26,-125.51,64.01
2841,-20.27,-470.44,-165.21,20.25
2842,-24.72,-474.22,-97.98,6.97
2843,-8.38,-451.9,-90.94,-38.34
2844,-19.06,-479.14,-150.21,60.15
2845,-17.69,-457.76,-63.93,31.68
2846,-1.52,-422.95,-64.44,10.98
2847,-14.54,-427.78,-111.37,1.07
2848,-30.73,-492.07,-66.66,9.07
2849,-12.02,-469.97,-151.38,57.11
2850,-19.01,-457.75,-154.29,-4.54
2851,-18.93,-470.64,-61.86,10.23
2852,-23.71,-466.71,-150.54,32.91
2853,-1.72,-453.79,-114.73,-22.15
2854,-19.26,-448.14,-117.71,8.37
2855,-14.49,-448.76,7.56,18.8
2856,-7.39,-435.28,-108.88,32.08
2857,-17.05,-490.54,-167.45,10.56
2858,-9.05,-438.05,-50.73,10.15
2859,-16.4,-467.21,33.65,58.78
2860,8.41,-436.03,-198.59,-60.5
2861,-23.8,-467.21,-108.07,38.27
2862,-10.42,-446.28,-42.62,27.38
2863,-22.43,-481.05,-144.06,-3.39
2864,-21.29,-467.77,-153.41,20.69
2865,-6.64,-446.23,-113.02,24.75
2866,-20.08,-477.15,28.0,32.78
2867,-12.62,-421.36,-193.68,-7.56
2868,-15.18,-433.16,-136.03,-4.57
2869,-23.16,-492.03,-103.98,32.34
2870,-7.95,-464.47,-124.25,24.57
2871,-21.76,-453.0,-122.25,20.98
2872,-19.71,-453.35,-136.82,2.91
2873,-20.86,-458.23,-112.58,8.61
2874,-14.12,-481.9,-95.65,27.46
2875,-7.08,-445.02,-23.56,5.03
2876,-6.46,-444.21,-16.27,34.58
2877,-9.39,-419.35,-168.68,5.74
2878,-17.31,-441.34,-136.82,5.91
2879,-14.8,-471.99,-118.64,59.57
2880,-9.36,-468.03,-39.23,-27.35
2881,-24.0,-484.92,-253.39,-74.48
2882,-8.53,-458.62,-50.33,50.48
2883,-9.78,-454.88,-122.87,10.65
2884,-6.35,-456.3,-77.69,10.94
2885,-12.55,-460.98,49.44,96.56
2886,-20.3,-465.98,-218.07,-21.82
2887,-14.57,-456.65,-137.29,-3.57
2888,-19.45,-447.72,-114.44,-2.19
2889,-19.55,-462.75,-118.93,21.32
2890,-12.66,-463.15,-121.85,14.68
2891,-16.41,-496.92,-116.4,19.62
2892,-11.88,-439.92,29.94,16.13
2893,-9.41,-443.83,-191.28,-5.51
2894,-16.58,-447.9,-136.84,-26.86
2895,-1.21,-449.26,25.76,56.91
2896,1.35,-456.98,-94.76,6.14
2897,-13.54,-452.18,-113.6,5.74
2898,-17.27,-450.5,-141.93,20.98
2899,-14.65,-449.54,-20.27,21.39
2900,-14.98,-457.55,-265.23,27.56
2901,-18.6,-460.44,-93.49,5.51
2902,-15.88,-441.78,-122.3,-5.91
2903,-10.75,-463.59,-107.46,0.79
2904,-2.72,-425.26,-105.96,15.14
2905,-4.59,-450.21,-98.43,-6.46
2906,-6.93,-484.06,-83.27,33.55
2907,-5.59,-411.94,-139.55,2.09
2908,-21.64,-469.45,-111.62,-4.11
2909,-17.06,-479.84,-66.59,19.24
2910,-11.86,-464.05,-112.51,-7.34
2911,-12.19,-444.46,-137.58,-13.37
2912,-11.3,-448.57,-88.51,14.81
2913,-13.61,-466.16,-136.69,-2.02
2914,-10.99,-478.64,-108.35,5.93
2915,-13.01,-475.56,48.95,14.76
2916,-11.19,-457.11,-127.13,11.02
2917,-3.22,-452.49,-135.46,18.9
2918,-9.79,-445.69,-136.62,26.75
2919,-7.16,-421.23,-118.04,6.96
2920,-6.92,-409.29,-124.71,8.79
2921,-22.69,-511.69,-55.23,22.08
2922,-12.86,-468.76,-121.98,8.89
2923,-13.21,-454.6,-135.14,10.28
2924,-8.9,-441.31,-117.75,0.49
2925,-25.98,-481.08,-19.2,9.42
2926,-17.47,-453.74,-122.69,0.87
2927,-2.93,-439.62,-153.88,28.65
2928,-12.66,-460.44,-53.47,13.54
2929,-7.44,-437.41,-126.86,-3.57
2930,-9.39,-448.22,-110.06,-16.56
2931,-11.69,-466.52,-121.25,32.57
2932,-22.62,-480.85,-120.29,-19.0
2933,-24.55,-494.95,-103.09,33.0
2934,-12.5,-444.41,-124.69,16.17
2935,-5.88,-433.82,-121.9,27.41
2936,-15.36,-459.81,-90.23,6.18
2937,-11.99,-451.35,-99.01,-58.87
2938,-9.96,-420.73,-32.78,33.73
2939,-2.4,-450.24,-113.57,19.58
2940,-13.11,-439.85,-104.83,35.81
2941,-3.57,-459.76,-143.66,18.91
2942,-9.53,-484.57,-127.64,7.35
2943,-16.93,-466.11,-118.0,39.07
2944,-15.24,-476.71,-117.18,10.14
2945,-24.47,-457.4,-77.89,-3.73
2946,-0.77,-460.82,5.04,76.1
2947,2.95,-459.16,-178.51,-27.91
2948,-14.11,-466.88,-136.99,37.07
2949,-3.58,-434.42,-88.39,15.94
2950,-5.34,-454.12,-133.75,4.2
2951,-11.31,-464.14,-138.75,1.98
2952,-26.71,-472.48,-131.23,18.46
2953,-22.09,-464.86,-119.7,21.93
2954,-11.69,-447.25,-117.86,11.54
2955,-23.48,-460.01,-96.17,29.24
2956,-3.87,-433.37,-122.41,18.62
2957,-7.0,-439.85,-125.89,7.22
2958,-12.02,-474.75,-17.97,7.74
2959,-19.18,-490.75,-200.36,22.81
2960,-15.62,-457.07,-129.26,7.21
2961,-8.47,-443.16,-125.2,-1.01
2962,-21.37,-469.48,-118.98,17.13
2963,-26.48,-462.74,-104.3,-6.27
2964,-6.59,-469.36,67.95,9.92
2965,-1.89,-451.64,-126.25,31.88
2966,-9.79,-440.63,-171.92,16.0
2967,-3.47,-452.86,-151.3,5.26
2968,-23.43,-464.56,-126.17,10.15
2969,-21.24,-464.83,-123.61,-2.18
2970,-16.95,-461.87,-123.07,3.0
2971,-16.72,-460.59,-112.84,35.7
2972,-7.65,-437.62,-67.3,21.98
2973,6.66,-467.39,-115.78,26.79
2974,-14.09,-457.99,-151.33,-0.8
2975,-30.69,-482.74,-39.33,-12.88
2976,-19.65,-461.97,-153.3,22.68
2977,-16.63,-454.17,-121.31,21.93
2978,-7.26,-445.84,-108.48,10.36
2979,-4.14,-444.49,-82.27,45.99
2980,-7.49,-457.2,-117.41,32.19
2981,-15.75,-466.36,-83.52,13.88
2982,-0.87,-432.31,-135.48,1.62
2983,-13.35,-450.38,-122.22,29.65
2984,-12.87,-470.33,-96.69,37.87
2985,-3.27,-450.46,-65.01,12.9
2986,-10.36,-445.31,-99.96,1.77
2987,-21.56,-457.61,-114.48,17.74
2988,-10.6,-472.34,-157.46,29.0
2989,2.08,-464.63,-6.17,43.36
2990,-17.86,-470.87,-115.63,-0.98
2991,-5.25,-429.2,-139.96,30.92
2992,-3.08,-480.08,-129.88,-20.97
2993,-18.51,-422.24,-112.28,21.27
2994,-18.59,-465.78,-114.3,32.44
2995,-11.18,-461.14,-121.14,11.04
2996,-14.15,-465.46,-115.93,10.38
2997,-17.84,-477.01,-104.84,-7.05
2998,-7.98,-464.11,-122.27,23.71
2999,1.42,-456.8,-84.29,36.46
