,ch1,ch2,ch3,ch4
0,231.4,-3.88,11.18,-15.56
1,-31.57,-41.34,-3.27,-15.5
2,-13.92,-16.69,4.01,-29.73
3,21.25,78.6,5.3,-25.64
4,-65.45,14.75,8.99,-25.17
5,1.74,71.44,16.77,-20.91
6,38.32,174.44,12.25,5.13
7,-86.8,-108.78,4.51,-26.83
8,-59.48,12.34,3.65,-25.85
9,-106.4,31.38,17.78,-4.24
10,39.68,-34.02,1.39,-33.36
11,87.19,90.44,6.91,-18.96
12,9.16,-17.85,14.46,-10.05
13,30.48,43.15,6.13,-27.13
14,-78.07,-39.67,11.24,-30.97
15,-36.03,38.94,0.13,-20.99
16,36.68,131.96,10.71,-12.0
17,-87.98,-39.55,4.74,-29.21
18,-22.46,-3.54,11.21,-16.91
19,-29.94,-34.96,13.51,-13.9
20,-67.01,35.18,22.32,-3.1
21,-114.63,128.1,10.04,-17.15
22,105.35,-82.93,-5.36,-35.73
23,46.22,92.3,3.56,-30.72
24,7.41,-57.8,-1.44,-29.89
25,-21.18,59.77,14.36,11.41
26,-46.19,-44.74,14.72,-8.62
27,-51.42,-20.16,5.03,-21.39
28,59.33,262.52,4.43,-11.06
29,-118.08,-162.83,12.46,-8.95
30,-51.25,28.23,4.01,-24.01
31,46.55,61.29,11.94,-19.66
32,1.42,-79.51,-10.08,-35.39
33,-38.61,124.84,11.34,0.82
34,2.29,-57.24,-9.07,-34.88
35,-20.47,-1.78,7.09,-23.67
36,-79.21,-40.11,4.29,-18.6
37,55.01,48.1,3.47,-19.93
38,-13.13,3.58,2.46,-16.88
39,-45.69,114.09,13.57,-10.92
40,-168.11,-43.49,17.91,-3.57
41,88.55,132.91,-0.26,-45.34
42,139.57,3.03,-3.68,-13.46
43,-192.8,-89.62,10.38,-4.54
44,154.11,10.87,2.69,-16.25
45,-81.75,145.53,6.17,-17.34
46,-14.49,-18.69,22.38,-6.74
47,-17.91,-22.34,-17.18,-29.5
48,34.47,10.03,7.36,-22.69
49,-86.81,-12.05,10.73,-17.33
50,-43.64,140.04,9.59,-10.25
51,92.79,-130.77,18.52,-7.72
52,-93.95,-23.69,-1.75,-34.03
53,-39.59,109.03,13.53,1.34
54,82.03,117.19,1.05,-28.79
55,-80.25,-95.51,-5.99,-28.29
56,35.91,-7.63,1.66,-17.88
57,-11.08,-17.17,14.12,-17.26
58,-126.22,190.46,9.28,-23.51
59,88.97,-94.12,9.76,-8.99
60,-16.5,-14.82,-0.26,-14.42
61,-89.31,-22.24,7.58,-13.54
62,-15.92,109.08,1.18,-36.13
63,85.34,156.25,12.76,-4.57
64,-40.96,-161.04,3.59,-17.01
65,-69.57,-22.36,8.01,-12.63
66,-11.63,87.49,9.68,-0.91
67,-88.49,174.97,24.8,3.45
68,116.64,-22.77,-11.61,-46.19
69,-91.65,-147.23,11.94,-13.7
70,-18.51,-10.97,39.02,-14.17
71,26.85,112.94,-17.99,-32.71
72,15.79,2.03,-1.39,-22.09
73,-38.52,-1.53,8.63,-16.59
74,-49.99,90.16,33.63,21.13
75,-5.85,20.04,-4.72,-26.35
76,36.13,-15.03,4.86,-22.41
77,-199.23,-25.91,23.31,-1.33
78,102.73,17.84,-1.23,-28.1
79,-43.98,28.29,13.84,-9.57
80,-1.28,-17.21,1.02,-29.41
81,10.01,173.93,17.0,-3.17
82,53.1,-41.08,4.33,-25.31
83,-116.05,-56.25,5.93,-17.99
84,60.49,7.52,1.58,-30.66
85,-19.31,-4.55,9.11,5.02
86,-155.54,-27.47,27.76,18.97
87,92.88,67.56,-0.47,-33.49
88,-11.89,124.13,1.49,-20.7
89,-0.05,-39.47,1.44,-21.85
90,-22.42,-30.73,6.07,-15.36
91,-111.85,44.5,19.82,-6.89
92,122.41,239.11,21.32,-0.3
93,-51.46,-141.92,-8.4,-49.91
94,-48.58,-125.59,5.85,0.94
95,48.34,110.89,3.38,-14.23
96,-68.65,-17.33,14.26,8.1
97,-50.95,-16.83,-1.34,-30.08
98,-314.26,38.95,14.84,0.97
99,267.19,-31.89,3.1,-18.55
100,24.24,113.97,-1.71,-21.42
101,-25.82,80.13,5.21,-10.13
102,38.29,-65.84,-1.95,-25.93
103,-37.88,-85.47,6.25,-11.3
104,-18.4,10.24,-1.17,-26.71
105,-60.12,73.37,12.85,1.67
106,29.14,88.44,4.86,-19.68
107,-109.62,-105.29,4.53,-2.39
108,-131.67,-76.88,22.14,14.61
109,144.62,90.07,-6.84,-37.71
110,32.87,46.14,-5.61,-38.38
111,-39.12,21.1,19.45,-8.58
112,10.1,28.34,-1.42,-15.07
113,-21.75,-45.25,6.58,-10.57
114,-62.14,42.72,-0.37,-15.2
115,21.31,80.21,9.2,-5.01
116,-95.02,-105.34,6.81,-13.89
117,-55.83,88.92,9.33,-1.87
118,73.25,-80.29,-1.75,-30.78
119,37.32,203.93,14.13,-2.75
120,-51.43,-81.57,-6.88,-31.05
121,-76.79,-0.97,11.95,-10.0
122,-69.29,-24.99,17.5,-18.33
123,37.25,109.83,5.36,-26.36
124,-114.37,33.97,33.16,2.55
125,144.73,-67.79,-14.8,-39.93
126,-24.13,21.35,5.4,-20.3
127,-8.17,113.15,11.26,-13.51
128,-2.59,-37.06,12.67,-23.51
129,-129.85,3.78,12.09,-13.86
130,48.56,86.91,1.88,-18.98
131,36.15,107.82,11.9,-8.21
132,-51.67,-140.59,20.51,-20.29
133,-62.27,17.76,14.35,-2.88
134,-127.44,217.66,-4.85,-31.59
135,132.34,-34.48,-1.56,-30.52
136,-20.23,6.14,10.21,-17.38
137,19.34,-0.65,16.05,-21.58
138,-144.52,-37.15,11.92,-3.53
139,-3.47,91.29,18.79,-0.74
140,105.88,38.73,-13.53,-38.62
141,-14.93,3.49,7.08,-16.33
142,-40.57,-19.15,3.86,-24.53
143,-29.59,8.34,12.95,-21.98
144,-98.03,65.7,21.09,-16.49
145,44.56,12.25,2.93,-2.26
146,36.04,179.9,7.38,-26.68
147,-16.61,-39.59,10.29,-19.43
148,-117.39,7.34,17.15,-5.85
149,-42.23,-74.52,3.35,-25.54
150,109.59,28.53,9.44,-18.29
151,-63.88,41.08,10.26,-15.14
152,-26.57,42.41,30.43,-2.93
153,10.36,-19.61,-0.79,-28.36
154,-28.24,20.84,4.71,-17.99
155,11.06,52.32,14.43,-10.43
156,-55.4,-16.11,12.45,-15.47
157,-125.06,125.19,26.08,21.11
158,28.52,-96.65,6.4,-22.6
159,-90.9,107.37,19.51,-5.79
160,179.73,100.72,-5.0,-30.48
161,-1.27,-51.88,1.55,-33.21
162,-30.41,46.05,24.53,-6.05
163,3.12,121.97,7.73,-11.16
164,-37.19,-55.5,0.83,-35.61
165,-20.66,18.88,11.52,-16.86
166,-49.31,48.73,14.57,1.13
167,-40.61,-32.91,12.45,-13.26
168,-13.83,5.54,13.22,-17.33
169,-9.76,45.07,6.33,-19.46
170,31.98,-5.77,7.83,-20.45
171,-91.1,118.42,16.43,-2.67
172,-94.43,-74.49,4.82,-13.29
173,38.82,86.85,3.66,-19.54
174,58.57,72.86,12.23,-10.94
175,-80.73,-82.99,19.58,-19.41
176,-13.91,17.1,11.55,-8.1
177,93.99,104.89,-5.02,-17.99
178,-26.14,12.74,5.32,-23.0
179,-32.66,-32.27,9.23,-14.96
180,0.31,81.8,6.98,-16.18
181,-46.1,7.41,8.92,-25.08
182,-19.25,16.64,12.47,-9.03
183,-42.36,-27.75,9.59,-9.76
184,-25.68,19.81,10.47,-15.2
185,-18.99,38.75,12.5,-14.53
186,4.79,111.12,12.19,-3.76
187,-133.19,47.65,3.89,-25.16
188,38.33,-110.9,3.27,-20.95
189,-21.8,5.79,20.06,25.24
190,61.07,109.25,-0.43,-30.22
191,-55.02,-21.01,12.81,-8.59
192,5.09,68.55,5.84,-21.35
193,24.13,123.62,9.43,-13.15
194,-57.06,-133.62,7.9,-22.05
195,-57.12,-24.89,19.05,-17.21
196,-3.56,44.84,-4.62,-16.83
197,-30.97,20.37,7.74,-9.02
198,-35.86,45.3,2.37,-18.3
199,15.22,32.71,8.65,-8.6
200,-34.92,-17.7,12.2,-9.63
201,-22.79,12.58,3.84,-22.18
202,-17.74,16.82,10.06,-11.02
203,-89.06,-1.05,11.8,-8.68
204,-91.51,35.75,5.77,-21.19
205,87.48,35.55,8.6,-14.1
206,-3.19,33.89,13.28,-14.02
207,8.57,76.17,8.52,-14.79
208,32.87,-30.93,8.43,-12.37
209,-69.3,32.94,6.38,-17.65
210,-41.24,80.26,14.01,-15.58
211,-52.78,-28.8,12.9,-22.34
212,-20.64,0.36,4.7,-23.49
213,-32.75,18.22,7.23,-20.04
214,-40.64,19.85,13.29,-16.93
215,-27.08,21.32,16.86,-23.16
216,-35.27,13.92,12.18,-22.6
217,64.7,30.39,9.83,29.33
218,33.17,31.35,12.25,-5.16
219,-152.44,-1.1,23.18,-11.68
220,-55.7,37.24,22.5,25.89
221,-50.55,2.79,23.94,21.58
222,-32.25,33.0,-0.65,-41.61
223,138.48,54.36,68.93,-15.06
224,-14.56,30.47,144.61,-13.95
225,-180.97,-25.16,102.75,-35.45
226,-45.77,41.16,4.98,14.6
227,-34.98,137.35,-105.54,5.92
228,-44.24,-64.43,-3.75,7.03
229,-22.91,-13.27,15.63,57.32
230,-28.07,-50.75,-17.2,22.29
231,-49.72,5.87,-14.12,-11.32
232,-12.56,-22.14,17.77,-57.14
233,-24.15,31.5,21.86,17.05
234,-25.13,128.21,-4.19,-7.29
235,-21.95,-19.71,7.88,4.8
236,-7.17,27.84,22.71,14.44
237,-29.64,-4.68,41.97,-1.87
238,-8.48,65.18,20.9,53.3
239,-30.4,-22.06,22.07,49.46
240,-16.1,38.18,22.36,-17.13
241,-7.28,67.42,13.39,13.32
242,-44.39,-40.75,17.45,-6.91
243,-36.15,-7.84,40.79,32.83
244,-30.96,-2.95,41.66,36.29
245,-5.92,46.46,31.34,53.08
246,29.29,11.2,43.92,52.02
247,-64.99,11.46,23.56,-7.18
248,-20.93,51.78,18.76,37.98
249,-6.72,-0.12,36.27,43.2
250,-34.0,-3.31,63.96,13.71
251,-24.53,14.35,5.74,-1.95
252,59.62,48.13,1.57,-7.8
253,63.01,8.85,27.75,30.14
254,-102.17,-45.4,39.08,27.42
255,-32.93,70.42,20.77,39.37
256,-60.68,58.56,9.55,-14.32
257,-0.92,42.75,35.53,51.02
258,6.21,15.84,44.75,51.61
259,-36.47,-85.46,39.63,-5.82
260,166.11,61.89,74.64,38.39
261,-147.55,-17.19,93.56,10.29
262,-56.91,-21.87,-3.6,17.93
263,-48.71,-39.19,-7.62,-0.13
264,-16.88,32.53,5.17,33.77
265,48.3,61.37,30.18,15.56
266,-52.26,-39.73,94.68,38.85
267,-25.19,-6.19,56.66,33.89
268,28.62,32.02,3.88,48.36
269,-37.49,4.52,-13.1,-1.38
270,-4.51,30.14,0.54,36.23
271,-1.91,7.6,14.31,38.42
272,-17.64,7.27,23.02,-48.27
273,-20.12,11.2,14.91,21.94
274,-29.62,-1.96,56.38,69.29
275,-19.55,10.43,58.37,33.97
276,-70.04,-15.59,5.37,24.05
277,53.78,-8.61,28.1,31.4
278,8.98,90.45,116.04,66.88
279,-10.13,37.05,-11.35,27.64
280,-92.05,-81.44,4.27,-34.66
281,-20.44,-10.44,28.95,49.69
282,196.23,195.57,29.53,30.66
283,-34.0,32.7,129.51,73.46
284,-52.06,22.43,117.17,58.85
285,-27.46,-62.91,-92.37,20.79
286,-33.57,-34.53,-27.72,-21.64
287,-125.34,-46.7,5.13,54.22
288,-16.92,2.96,10.05,-6.79
289,138.12,143.1,76.68,112.67
290,50.46,154.17,170.23,24.83
291,-21.5,-13.85,-21.26,-69.15
292,-15.69,-71.72,-24.49,78.64
293,-40.72,-47.99,7.4,6.23
294,15.23,8.53,26.01,15.77
295,-15.7,11.37,116.56,90.85
296,-14.05,2.03,14.73,11.41
297,-6.08,11.21,37.41,37.86
298,-61.83,16.27,-26.4,38.03
299,-1.0,46.02,80.71,22.54
300,-1.2,31.47,65.95,6.73
301,-9.1,73.43,-0.39,-32.22
302,-68.38,-34.17,-6.33,47.62
303,3.21,-77.91,5.87,23.18
304,-53.88,71.14,16.57,53.51
305,2.2,64.17,36.0,40.88
306,-31.46,-75.48,9.59,-29.68
307,12.12,-22.7,36.5,106.46
308,9.21,55.4,41.6,83.37
309,-122.97,-18.31,31.36,-31.72
310,116.54,99.51,135.27,12.64
311,16.61,16.15,16.85,28.76
312,65.31,-33.26,-16.67,-25.41
313,-94.96,18.8,88.46,-52.32
314,-48.78,25.17,61.86,75.78
315,-76.87,-20.49,-41.76,0.66
316,-52.99,15.54,14.65,44.59
317,30.39,50.61,21.29,0.91
318,21.65,25.97,14.34,45.15
319,-35.42,31.15,33.31,100.94
320,-35.64,37.2,10.26,-74.55
321,38.97,17.94,62.13,68.83
322,-19.49,59.95,52.67,49.77
323,-51.72,-33.32,-23.08,-55.64
324,-79.1,34.39,56.26,25.46
325,-42.81,15.89,51.74,40.93
326,78.0,33.73,33.87,-11.0
327,81.55,43.04,22.46,130.66
328,-137.92,93.91,25.24,8.94
329,-33.57,28.16,49.66,-65.63
330,85.77,-16.55,150.23,-15.04
331,-68.6,-2.83,102.99,32.48
332,-30.29,-27.88,-112.94,-25.16
333,-12.44,71.11,5.25,28.32
334,-43.52,-7.09,-14.99,59.48
335,49.89,87.54,16.22,33.53
336,16.66,63.83,13.39,-15.13
337,69.36,12.53,26.97,44.46
338,-139.12,41.86,37.29,51.89
339,-41.6,20.44,19.34,-53.98
340,-28.98,34.97,20.13,-18.65
341,-27.96,13.15,47.34,-0.8
342,9.25,87.02,15.37,26.08
343,-94.37,83.56,38.69,16.49
344,30.88,64.27,42.11,59.43
345,54.61,-44.8,4.51,-34.54
346,17.65,10.13,62.75,-21.45
347,-94.92,23.23,27.76,89.86
348,27.36,-9.29,123.62,-39.79
349,-26.17,13.08,88.92,24.84
350,81.17,32.59,0.36,4.67
351,-46.94,-1.24,-63.43,-24.48
352,-91.29,49.41,1.17,26.2
353,-31.5,94.46,5.59,-24.06
354,19.44,10.24,13.71,47.82
355,-2.26,23.05,64.29,-32.49
356,-28.86,-8.81,28.24,25.13
357,-11.77,15.8,-28.86,-0.72
358,66.87,40.23,34.88,36.27
359,-2.61,62.3,25.81,5.74
360,-64.1,25.46,68.4,3.7
361,-68.16,-8.78,2.06,-6.87
362,-14.08,126.82,39.53,49.3
363,-31.2,50.67,44.58,20.7
364,22.52,-5.15,10.18,-30.24
365,-31.58,-15.92,-3.9,17.17
366,-65.27,6.3,76.01,-27.01
367,10.88,-8.3,83.7,-24.67
368,-37.63,57.75,129.22,40.96
369,70.23,-5.98,-110.63,23.67
370,54.69,24.72,-24.45,13.3
371,-101.95,33.12,7.93,-10.51
372,-31.71,48.12,18.07,12.95
373,-3.39,7.39,22.11,-26.81
374,-28.97,14.71,38.34,64.69
375,-15.24,22.7,-11.6,-57.35
376,-23.72,-9.42,22.24,-34.24
377,-17.27,37.69,22.98,26.36
378,-49.43,57.71,21.19,-17.56
379,-16.5,52.26,44.44,-28.77
380,7.88,77.16,106.28,65.06
381,15.73,13.61,-32.54,6.2
382,133.79,-17.1,18.73,31.23
383,-187.88,-31.67,-8.84,-47.83
384,-34.46,77.32,69.08,22.07
385,-26.66,48.44,175.32,-0.76
386,-26.4,-3.12,-88.52,-28.44
387,32.25,-8.65,-36.77,36.57
388,-43.01,2.73,-6.43,-32.58
389,-21.0,41.43,11.23,-32.78
390,70.77,23.6,39.17,-7.2
391,-28.99,28.93,16.87,36.02
392,-59.32,37.2,20.1,14.03
393,-14.93,26.34,-5.34,23.44
394,-18.0,9.54,33.68,13.83
395,10.27,36.56,26.46,-44.59
396,-16.91,32.67,47.35,32.96
397,-2.63,7.44,54.24,-121.01
398,-60.16,0.41,-10.72,50.79
399,14.8,6.6,39.78,13.5
400,9.46,40.25,-12.36,-31.48
401,1.74,44.27,-4.97,26.14
402,44.45,16.92,22.9,68.14
403,-115.13,66.87,2.48,-61.0
404,35.08,32.71,82.49,32.71
405,-75.63,-7.42,161.75,2.7
406,-0.51,30.38,-82.07,-49.48
407,-0.54,75.34,-33.88,14.1
408,-69.28,-86.88,-6.2,-13.28
409,-22.12,38.51,13.47,-8.62
410,9.77,66.29,10.24,-30.24
411,-8.72,-8.2,114.97,48.65
412,1.67,11.07,4.73,-23.43
413,84.67,60.11,-13.47,7.96
414,-87.93,-21.76,-19.27,-27.25
415,-82.69,13.81,11.35,-22.15
416,-20.71,24.35,184.6,48.88
417,7.07,57.72,77.55,-20.03
418,71.66,26.44,-145.9,-13.81
419,-28.01,36.25,-15.94,-46.35
420,-30.24,48.47,-11.07,26.22
421,-46.75,18.05,20.79,20.7
422,20.03,3.68,-8.4,-67.14
423,-3.46,14.59,34.16,24.06
424,12.7,20.09,55.79,-6.17
425,-80.68,28.31,46.75,11.0
426,-10.22,37.39,41.05,14.78
427,147.98,33.86,30.37,-43.74
428,-139.05,54.0,4.64,6.95
429,-102.79,28.03,-41.55,-40.09
430,-25.63,-12.03,130.09,53.92
431,9.8,-17.94,-28.56,68.23
432,18.05,120.94,-54.65,-85.18
433,-6.37,31.45,-9.9,-57.69
434,-30.44,0.23,35.93,4.18
435,-8.72,15.07,113.24,7.4
436,8.66,-20.4,-67.36,19.35
437,32.19,38.88,46.4,-32.74
438,15.54,43.7,-12.21,-4.26
439,-8.04,38.08,-34.12,32.74
440,-136.8,30.53,40.45,-1.44
441,-6.3,45.22,6.92,-42.5
442,-3.25,38.8,161.65,14.03
443,22.99,-5.9,-16.82,-41.35
444,-1.32,52.41,-46.85,-39.28
445,49.56,70.69,-0.47,-10.67
446,-111.28,34.02,-28.98,11.87
447,-50.15,-32.76,1.15,-38.43
448,-25.51,7.1,18.62,45.86
449,-14.72,38.54,36.96,-10.62
450,93.07,80.41,7.74,-3.84
451,-50.8,98.97,65.07,9.97
452,33.02,60.58,27.87,-12.9
453,-22.23,-11.64,4.84,13.34
454,51.92,-40.98,-17.61,-28.68
455,-139.45,29.84,16.62,-2.72
456,-59.17,29.2,-10.48,-24.49
457,-50.13,-30.94,55.59,-48.28
458,-23.57,15.08,2.41,5.53
459,18.43,42.24,6.14,43.64
460,3.08,46.13,207.77,-38.05
461,47.13,46.39,-42.53,-0.37
462,-33.07,46.21,-73.24,-15.95
463,-40.33,27.97,-4.91,-11.3
464,-13.33,22.09,24.32,8.41
465,37.57,62.59,17.0,22.52
466,91.12,64.33,25.73,-66.75
467,-163.57,39.54,-0.57,6.16
468,-54.28,48.03,-3.93,22.62
469,-23.26,18.68,18.33,8.55
470,29.74,26.98,9.31,-87.38
471,48.83,75.4,-24.11,4.27
472,-42.1,70.84,33.92,33.4
473,4.68,52.83,22.47,28.04
474,-50.77,-23.96,37.99,-69.07
475,-16.43,56.26,-7.02,37.71
476,-20.75,16.47,36.33,-41.22
477,17.99,47.28,23.91,-22.91
478,39.93,39.68,-0.96,-26.14
479,-109.93,0.62,38.48,-11.67
480,-16.29,50.09,0.84,4.26
481,73.55,52.9,-9.38,-15.74
482,-52.27,32.66,9.33,-8.52
483,-75.03,6.8,2.99,-30.76
484,-9.68,62.21,33.48,-4.01
485,-14.84,45.36,0.24,-4.1
486,47.89,48.27,40.06,-5.28
487,-21.12,50.65,50.47,55.87
488,12.13,102.97,-8.94,-74.92
489,-41.1,75.85,-10.07,24.56
490,69.49,0.01,4.46,-38.95
491,-118.53,45.66,-2.1,-59.01
492,-45.59,-14.63,9.95,14.16
493,-32.79,-18.72,7.03,-5.23
494,-4.47,34.62,30.69,-23.57
495,9.83,116.84,61.39,-15.83
496,53.44,21.69,-40.78,-2.37
497,-76.84,47.28,21.24,-1.86
498,-43.08,-14.15,-10.09,-10.81
499,10.56,27.71,4.78,21.27
500,4.3,46.99,24.05,-12.86
501,-64.0,12.59,19.53,-30.66
502,59.81,0.82,-13.36,-39.95
503,-41.63,18.23,-2.51,-44.22
504,-80.56,71.22,6.78,-6.59
505,-46.66,58.22,-0.42,29.63
506,57.37,8.82,53.68,-21.1
507,-31.94,32.53,-18.66,-28.85
508,-4.24,31.26,-5.65,-37.58
509,15.28,33.23,4.72,19.66
510,-11.66,95.73,20.86,14.58
511,15.53,32.48,9.67,-19.02
512,-42.88,-1.46,5.52,-13.42
513,15.75,18.2,33.49,-22.16
514,53.93,-20.77,-4.01,-22.45
515,-168.5,74.38,17.57,-30.03
516,-31.55,46.38,-5.4,-50.04
517,-4.61,78.7,38.23,4.02
518,-1.01,14.95,0.78,4.1
519,38.07,13.63,-3.48,-28.98
520,-18.89,45.98,-1.98,-19.86
521,-49.81,25.0,-0.77,1.02
522,64.88,39.43,8.6,-20.21
523,127.23,75.9,14.2,-1.92
524,-223.84,0.07,-1.68,-6.43
525,-51.4,36.43,25.0,-6.92
526,-36.4,22.23,50.41,-29.64
527,-30.23,42.86,-32.7,-4.94
528,25.06,36.52,64.39,-25.08
529,-11.77,2.34,23.84,-13.53
530,3.13,33.43,-38.68,-5.97
531,-4.38,24.3,-8.38,-43.59
532,15.43,46.37,15.97,-18.04
533,-35.36,43.38,10.9,3.32
534,64.16,50.01,3.11,-28.2
535,37.43,72.66,-7.53,-31.0
536,-151.63,-11.18,12.68,18.88
537,-43.37,58.84,11.5,-27.58
538,-40.68,52.49,3.79,-15.66
539,2.57,51.46,11.16,16.67
540,-20.45,29.04,15.69,-29.81
541,-21.7,6.54,17.22,-26.94
542,23.44,0.13,-4.99,-42.8
543,9.96,74.56,7.19,16.97
544,-4.33,57.37,20.81,-18.29
545,-57.93,50.8,16.0,-32.02
546,-20.09,38.85,27.5,16.19
547,112.17,39.39,-10.94,-67.77
548,-83.44,26.33,17.82,3.63
549,-82.29,16.12,-3.75,0.49
550,-24.08,51.44,-1.26,-43.19
551,-32.52,45.57,6.23,-3.28
552,-0.56,47.03,11.96,1.92
553,-0.81,30.91,5.1,6.09
554,12.37,16.79,0.22,-33.12
555,-46.27,35.62,7.33,-26.64
556,44.67,52.99,14.16,18.49
557,48.39,69.49,7.69,-19.95
558,-145.96,0.95,5.79,-16.0
559,-40.11,24.47,12.19,-14.76
560,38.41,21.24,13.69,-9.43
561,-37.53,22.86,1.17,-10.37
562,-50.11,43.55,20.02,-32.8
563,-5.19,90.49,29.24,-14.96
564,-17.82,19.35,-11.43,-15.75
565,-21.46,10.52,6.85,-5.81
566,-13.96,17.99,5.29,-26.9
567,-16.71,35.53,13.5,14.21
568,-4.82,35.56,3.91,-16.03
569,-7.27,29.98,0.4,-24.02
570,36.53,54.0,9.19,-14.25
571,-32.94,50.95,12.02,-19.01
572,31.66,-7.81,-5.33,-36.17
573,-43.32,20.8,-1.61,6.88
574,-60.03,18.99,28.21,6.97
575,-57.07,34.99,11.6,-33.86
576,-10.74,20.77,1.62,-18.94
577,-4.53,64.4,4.09,-16.39
578,-10.82,64.62,6.45,15.19
579,-15.33,1.82,14.47,-45.77
580,-25.04,1.81,1.92,-5.1
581,29.92,32.18,12.52,-12.87
582,9.74,26.73,22.25,4.21
583,86.85,68.84,40.02,20.53
584,-7.78,72.37,6.46,-28.84
585,-152.33,58.05,18.17,-1.02
586,-50.88,-43.99,-17.8,-21.75
587,-33.22,3.34,-6.45,-56.23
588,-8.92,20.76,9.86,-27.97
589,-14.32,22.68,6.11,-13.75
590,-4.25,56.92,3.17,0.56
591,26.32,42.83,4.72,-22.02
592,-38.39,18.26,18.46,-30.52
593,-35.79,17.5,73.17,5.97
594,-14.59,38.57,-7.58,-1.47
595,34.06,33.28,38.84,54.17
596,-15.42,4.37,32.31,-50.94
597,-39.6,59.13,-16.62,-45.02
598,-23.52,74.22,-15.74,-13.61
599,57.14,-6.64,109.88,-34.98
600,-3.29,1.4,-44.68,-24.0
601,-51.14,61.3,-45.04,6.27
602,-72.12,45.7,-7.0,24.46
603,-43.18,26.74,-1.66,-15.04
604,7.34,16.91,65.93,-10.9
605,55.89,30.8,56.23,-41.31
606,-86.57,12.34,-1.58,75.36
607,-11.77,41.61,57.45,-72.13
608,-13.51,59.58,17.12,-31.85
609,-19.75,30.9,-64.36,-42.55
610,101.78,-12.35,-18.49,8.59
611,-94.32,40.65,23.65,-4.48
612,-78.02,22.29,234.98,3.39
613,-37.37,-11.17,-141.25,-32.85
614,3.94,40.36,-2.42,43.05
615,-12.58,14.36,-43.26,-56.31
616,67.38,13.09,2.79,-17.0
617,-14.86,38.19,83.09,-24.03
618,-69.57,-0.89,-18.52,10.81
619,-24.17,25.77,-41.56,-5.5
620,-9.93,87.57,9.7,-29.93
621,78.16,9.84,73.83,-48.67
622,-8.46,39.45,-48.03,4.82
623,-98.18,-1.11,-30.61,-23.59
624,-37.41,25.43,0.44,9.28
625,-24.93,23.05,20.79,-30.13
626,2.6,6.97,33.34,-10.11
627,-14.38,18.42,20.1,10.55
628,-5.71,38.78,0.08,-19.72
629,-7.36,21.44,6.78,-24.9
630,28.32,40.5,-14.12,-35.25
631,119.34,77.19,-7.43,-9.56
632,-105.8,-11.16,76.09,-12.77
633,-102.71,-8.57,36.86,27.08
634,-24.67,21.92,-15.11,-41.64
635,0.6,13.98,128.3,-23.13
636,-15.51,2.26,-97.77,-8.75
637,-37.69,38.61,-4.93,-10.62
638,83.8,27.39,13.01,3.21
639,-5.91,46.24,19.05,1.31
640,-102.17,34.47,-6.75,-9.13
641,-21.69,-21.73,17.13,-22.39
642,9.08,23.85,25.04,13.76
643,-1.82,25.54,29.24,-57.58
644,-3.04,89.43,-4.31,5.81
645,-54.36,60.0,28.07,1.66
646,-0.46,-30.07,42.65,22.16
647,6.6,29.06,-18.35,-48.18
648,6.32,84.97,81.5,27.1
649,-4.51,-19.94,84.53,-30.35
650,56.95,-46.78,-74.96,5.31
651,-109.36,-5.01,16.25,-27.04
652,-66.2,13.36,-65.19,8.09
653,7.5,19.09,26.07,-41.51
654,14.12,27.94,63.7,18.11
655,-48.92,20.79,16.57,-19.48
656,0.96,60.65,-43.9,-9.31
657,29.88,63.06,5.96,-3.83
658,-36.4,-8.81,6.41,66.09
659,17.61,-5.28,53.25,-67.56
660,-23.04,120.72,-12.87,-16.78
661,117.86,-22.65,151.55,48.35
662,-115.13,-80.23,23.45,-42.27
663,-86.25,50.19,-111.54,-18.68
664,-31.03,11.81,1.46,-14.06
665,-4.29,20.17,-8.73,26.53
666,-3.18,30.34,0.49,-29.5
667,2.65,84.91,9.19,-27.86
668,27.82,54.32,74.12,10.69
669,-22.01,-18.89,-41.25,-21.01
670,-52.21,22.43,-1.45,19.72
671,39.96,35.18,-21.79,-48.82
672,40.8,68.47,11.54,21.65
673,-18.67,35.25,18.13,1.28
674,-27.7,27.56,9.2,-35.62
675,-113.54,10.3,59.4,-29.6
676,-9.01,6.34,24.13,-12.11
677,-6.54,0.91,7.85,3.82
678,-16.28,-12.15,89.38,27.41
679,-6.76,30.21,-47.53,-60.92
680,4.92,36.58,-20.96,-59.84
681,-18.79,14.4,32.38,36.53
682,-17.38,41.73,92.33,-8.59
683,4.63,45.85,-80.04,25.01
684,126.5,50.29,-23.52,-42.29
685,-147.35,18.04,3.64,1.59
686,-51.17,2.0,24.11,-0.31
687,50.11,15.3,-23.38,-22.82
688,15.08,44.34,-3.12,16.9
689,-80.39,31.17,21.91,-13.76
690,-37.59,22.07,19.57,-6.68
691,-24.0,16.08,-0.65,-15.51
692,20.32,33.83,25.17,-24.25
693,85.84,-20.27,-9.2,-39.79
694,-77.71,17.7,7.58,10.45
695,-41.12,39.7,45.1,19.43
696,-53.02,27.13,21.61,-67.98
697,-24.72,-11.46,69.6,-16.84
698,-28.4,27.31,-61.35,-4.53
699,4.05,9.92,-20.49,-14.77
700,-17.55,22.69,10.69,9.27
701,44.98,46.59,96.04,-29.54
702,-6.02,0.91,53.82,-14.84
703,-13.34,9.63,-93.48,-25.15
704,-83.46,37.31,-17.72,32.62
705,11.27,77.6,-2.45,-49.32
706,130.34,-35.95,1.3,-6.04
707,-93.11,-12.84,-3.23,-2.37
708,-99.67,25.48,33.21,-27.04
709,-30.17,40.55,72.9,26.33
710,-25.34,68.36,-21.67,6.43
711,-9.23,-18.04,-13.42,-39.28
712,23.69,-3.45,8.66,-38.19
713,-15.1,24.45,50.1,-12.75
714,-30.12,15.17,-54.02,-47.0
715,90.33,27.7,6.63,6.87
716,77.11,30.69,32.47,-1.33
717,-207.46,10.98,-3.92,37.59
718,-37.22,7.88,13.89,-11.28
719,0.48,69.93,-4.46,-37.28
720,-22.3,5.14,-8.01,-36.44
721,-6.28,22.88,14.59,20.65
722,-15.9,-26.29,36.48,-27.74
723,-25.23,-1.44,-14.17,-12.5
724,-29.1,32.5,91.78,-23.31
725,30.17,44.67,-27.04,-22.19
726,-31.39,7.4,-21.52,-21.23
727,-10.83,28.35,3.83,27.75
728,-21.4,11.32,75.12,-34.96
729,35.09,16.97,-0.59,-31.54
730,62.15,15.61,-34.34,-11.55
731,-146.07,18.79,-6.51,-12.71
732,-24.36,34.26,36.94,32.07
733,-32.13,19.05,54.78,-30.02
734,-16.76,31.8,-24.1,-36.61
735,-4.64,61.96,-3.95,-11.63
736,-32.66,12.54,1.13,-11.77
737,29.37,17.33,55.71,-26.66
738,-38.92,33.8,-5.99,14.66
739,7.23,74.27,-1.65,-5.63
740,-55.74,-73.31,-4.99,-13.32
741,-18.41,-8.84,46.37,-14.57
742,7.75,12.11,-26.7,-44.57
743,37.5,19.52,8.71,21.4
744,-99.44,9.36,2.19,-31.71
745,-28.83,24.49,25.41,4.25
746,-12.65,21.3,41.96,15.02
747,6.94,24.55,29.19,-15.93
748,-11.53,24.61,12.78,-62.82
749,-39.37,9.57,24.54,-29.67
750,102.93,31.67,-42.17,17.28
751,-3.24,64.07,0.27,-18.89
752,-129.41,87.48,-5.27,14.7
753,-47.05,-20.96,47.68,-23.71
754,-11.33,-54.91,-37.86,-19.06
755,-37.1,54.91,0.3,23.02
756,-26.1,42.95,15.37,-32.4
757,7.96,52.06,7.51,-41.47
758,-4.26,-28.24,29.56,-8.43
759,-11.22,-1.43,88.12,22.1
760,16.01,20.42,-53.33,-37.04
761,30.87,74.38,-12.44,25.77
762,-4.65,20.71,-5.97,-71.52
763,-6.98,17.16,11.46,-44.4
764,-97.26,24.34,120.07,12.42
765,-8.6,45.61,18.9,-39.63
766,-89.28,7.37,-79.75,-10.0
767,11.5,29.31,-19.81,-11.37
768,-4.26,22.16,-9.47,-9.88
769,-17.02,30.29,9.9,-0.56
770,-12.92,10.02,9.96,8.97
771,-7.54,13.83,10.23,-41.42
772,68.45,53.4,12.93,36.16
773,-21.04,57.77,10.63,-30.1
774,-87.87,29.29,7.33,-54.26
775,12.73,41.77,31.44,11.5
776,-61.67,17.65,168.28,-32.47
777,21.8,24.78,-19.81,-30.06
778,-49.96,72.62,-73.68,-28.38
779,-17.82,1.6,-15.74,31.3
780,-19.29,20.66,37.06,-38.43
781,-25.25,-13.74,27.65,-8.28
782,69.94,-0.54,-58.69,-3.65
783,-14.84,26.28,-2.55,-17.04
784,-72.72,29.51,5.09,-4.43
785,-74.52,52.89,6.44,20.5
786,27.88,69.44,27.45,-40.17
787,-13.82,41.25,0.65,-3.34
788,-31.46,-25.3,1.68,-40.36
789,-8.68,15.46,26.92,6.43
790,36.06,73.55,-7.38,1.42
791,-34.15,4.34,-8.22,-70.53
792,-48.22,13.99,66.68,21.92
793,53.86,42.7,32.91,-38.2
794,29.68,28.93,-51.55,-8.15
795,-68.65,37.03,-0.69,-3.56
796,-66.06,56.57,62.31,4.27
797,-90.05,-27.15,67.64,-15.81
798,28.86,85.22,51.32,-11.99
799,31.39,46.35,-45.31,-33.3
800,91.4,15.14,-67.13,-42.99
801,-120.47,-5.02,-16.05,-15.54
802,-27.23,48.17,10.49,-6.11
803,-13.56,67.0,30.37,58.58
804,-2.77,4.67,-25.33,-87.43
805,76.9,33.89,30.51,-5.06
806,-32.71,53.32,56.99,19.87
807,-106.57,90.28,-14.03,6.15
808,-38.33,62.97,58.68,-8.7
809,-5.21,67.69,58.26,-31.35
810,-27.45,-50.81,-85.25,-17.33
811,-9.27,-37.21,5.59,13.91
812,32.74,25.72,85.71,-49.87
813,-40.46,6.48,-92.67,-14.75
814,4.85,35.79,-9.66,18.41
815,57.06,86.4,5.35,-29.06
816,89.73,22.99,9.39,0.42
817,-216.8,30.44,24.87,-9.08
818,-21.81,10.21,12.73,-15.26
819,0.1,92.6,21.52,2.38
820,-7.44,75.91,-14.51,-19.53
821,-22.49,-4.7,7.69,-14.38
822,-27.6,-74.7,0.28,-28.27
823,-11.96,29.42,3.35,-8.44
824,-8.47,37.43,9.27,-33.21
825,-12.17,60.9,94.32,12.18
826,-6.91,16.17,150.01,10.59
827,7.54,2.71,-140.98,-57.05
828,52.12,41.95,-27.87,14.87
829,19.18,62.95,4.55,-8.78
830,-185.14,4.52,43.96,-34.14
831,-24.54,45.7,56.66,-12.95
832,27.93,102.63,-56.28,14.0
833,-4.77,-18.4,16.49,-50.19
834,2.43,-9.78,-28.43,-23.18
835,-51.99,11.67,3.42,-2.05
836,-14.52,48.78,29.95,1.68
837,-8.05,12.7,69.77,-31.85
838,-5.1,25.21,50.97,2.98
839,75.85,0.7,-91.9,-23.41
840,-31.38,15.39,-10.5,24.18
841,-54.01,68.57,36.08,-28.39
842,-74.07,18.02,65.15,-21.24
843,-16.72,22.19,-65.94,-35.56
844,16.56,33.2,69.68,-15.09
845,-37.51,-14.59,1.9,0.26
846,21.38,65.84,13.67,30.98
847,-56.38,-111.32,-11.63,-57.31
848,-17.68,47.43,-18.79,-31.39
849,55.41,41.84,6.02,-8.64
850,1.38,2.8,93.88,19.71
851,-72.1,3.91,76.7,14.95
852,-74.1,-1.49,-106.7,-53.34
853,-10.99,8.01,-13.52,-8.7
854,2.57,55.65,6.27,7.87
855,-12.27,25.31,32.23,-47.67
856,-11.53,-19.65,110.77,-21.55
857,-76.58,6.79,-11.08,-4.73
858,-0.52,-3.49,-75.79,-32.58
859,136.24,16.13,16.15,1.28
860,-95.79,72.42,35.78,18.3
861,-68.21,76.39,1.56,-9.98
862,-23.45,-36.29,10.49,-8.52
863,4.02,-26.11,-7.07,-21.53
864,-37.6,-1.88,101.71,-7.98
865,-6.1,30.16,-50.79,2.12
866,30.37,65.3,36.33,-30.82
867,-63.37,22.68,-37.92,-14.27
868,-45.46,-6.0,-5.01,-23.5
869,-14.72,-32.29,44.41,-11.54
870,-25.22,-7.74,53.14,-10.75
871,-29.07,23.38,-31.99,-20.42
872,93.22,34.23,-20.11,-11.09
873,-13.19,41.02,3.61,-4.36
874,-78.37,12.54,14.96,0.03
875,-52.19,47.5,45.91,-15.18
876,-43.41,39.56,3.32,-27.94
877,-31.65,-39.74,0.75,-38.11
878,22.87,-1.8,41.49,39.49
879,28.65,9.46,-21.86,-37.49
880,-45.74,30.52,1.62,11.97
881,-4.76,49.3,-11.83,-49.48
882,-38.16,45.3,14.52,-2.24
883,-34.84,-60.25,5.84,-8.97
884,-21.25,20.63,65.96,-9.18
885,83.45,28.8,73.14,49.54
886,-25.19,4.08,4.0,-49.45
887,-75.1,11.38,-7.95,-28.67
888,-40.59,52.37,-45.32,-24.75
889,-27.65,2.42,-4.83,-15.87
890,-20.92,-33.61,-4.58,-19.81
891,-24.74,17.59,12.96,-12.12
892,11.99,48.2,11.13,-20.89
893,11.5,15.27,21.55,25.56
894,-17.69,57.09,15.29,-55.84
895,70.75,26.04,9.13,-18.1
896,-15.65,-26.59,62.47,-15.1
897,-124.54,-30.06,-24.05,-11.17
898,-53.11,41.45,39.33,-2.51
899,-12.86,75.97,-22.39,-30.68
900,19.47,-38.53,-1.3,38.55
901,-45.57,7.32,27.59,-32.24
902,-27.61,74.81,-1.56,-26.15
903,-30.15,-22.99,6.79,-39.69
904,2.57,-7.03,124.03,-15.61
905,-8.51,7.2,8.07,-5.74
906,42.28,56.49,-32.26,-40.87
907,124.28,54.25,-17.34,-6.22
908,-136.53,32.09,-17.52,3.79
909,-92.32,47.46,40.43,-7.73
910,-31.59,42.48,9.13,-33.01
911,-19.41,-13.71,-7.7,-13.89
912,2.08,-63.96,-12.73,-30.72
913,-62.99,-4.09,15.31,-6.7
914,4.88,42.3,46.39,-20.57
915,15.0,103.37,47.84,31.79
916,-8.22,-31.9,-65.49,-54.95
917,53.03,5.34,34.34,-23.72
918,-5.56,-2.57,81.23,22.26
919,-93.5,37.0,-40.82,-0.83
920,-19.16,-6.01,-31.56,-26.3
921,-47.3,8.68,-0.35,-40.36
922,50.25,62.28,8.13,-16.6
923,27.94,13.74,74.14,1.28
924,-97.59,32.62,-15.14,-20.0
925,-43.9,15.98,-7.08,-18.77
926,-29.44,-6.01,3.11,-26.98
927,2.75,64.75,34.57,-48.47
928,-19.64,-16.9,72.57,24.63
929,1.23,14.81,5.28,-32.16
930,109.46,44.42,-35.57,-5.19
931,-75.29,39.18,-18.3,-17.04
932,-57.85,-1.21,15.47,61.95
933,5.36,-6.86,59.07,-86.78
934,-22.09,8.57,-7.08,6.44
935,-23.81,55.45,24.93,-44.63
936,-2.99,14.88,-10.17,0.75
937,-45.0,24.07,-2.84,-9.95
938,-7.79,64.69,10.99,-24.63
939,-14.07,27.49,-1.67,-34.48
940,-1.43,32.29,82.23,-10.94
941,96.24,-43.18,-25.12,1.38
942,-24.44,-33.4,-6.24,-14.82
943,-139.6,-21.39,7.66,-25.12
944,-26.57,20.88,-7.11,-16.79
945,3.25,54.61,23.01,-22.19
946,23.32,14.5,14.64,4.66
947,-0.85,-23.24,93.1,-41.62
948,-24.45,24.29,-72.1,35.08
949,-45.9,129.38,-19.46,-63.89
950,-34.07,-11.35,44.65,-22.89
951,-12.77,-13.3,24.56,9.43
952,97.33,22.53,-20.09,-36.36
953,-103.25,24.1,54.48,-27.28
954,-43.16,40.45,-32.59,-3.66
955,-29.15,-34.39,-15.66,8.56
956,6.61,-9.24,-2.15,-57.83
957,-12.99,33.14,22.67,-10.68
958,46.28,32.34,-2.46,-1.61
959,-44.6,57.62,33.69,-0.13
960,-60.33,41.69,70.23,-28.44
961,-20.67,-1.11,108.09,-31.65
962,-0.18,-19.59,-113.82,6.65
963,2.49,45.95,-32.84,-23.75
964,50.28,38.06,31.17,-23.47
965,-99.66,-3.01,11.27,-13.28
966,-70.24,52.59,-28.18,-13.83
967,1.45,102.92,-3.81,-8.21
968,41.18,-21.26,3.07,-6.96
969,-47.32,-45.33,8.27,-44.62
970,-47.6,34.65,-5.62,-25.62
971,-16.14,37.43,12.78,11.63
972,-6.97,9.79,57.41,-29.49
973,-22.37,6.79,22.55,-26.72
974,-4.92,38.84,19.6,-23.75
975,-8.3,25.72,68.01,-46.94
976,13.58,13.45,-85.95,-16.21
977,-18.93,46.26,-11.78,-5.05
978,-35.18,34.51,8.08,-9.01
979,-27.71,69.51,116.82,33.62
980,-8.62,123.58,-51.1,-10.31
981,144.23,-19.25,9.03,-49.8
982,-86.9,-26.7,7.97,-5.24
983,-116.97,16.21,-27.63,-42.84
984,-20.32,100.09,-2.34,-6.91
985,-17.42,-22.24,20.42,-10.75
986,-26.94,18.67,21.5,-50.21
987,-26.43,-22.68,50.16,-32.24
988,17.47,18.71,-14.5,-6.6
989,-29.44,25.04,-18.6,-8.04
990,-2.35,79.59,3.55,-20.65
991,74.01,6.42,49.81,-27.2
992,-11.27,101.3,-27.67,5.73
993,-101.45,6.52,20.52,60.15
994,-4.93,-9.22,56.53,-70.89
995,-21.79,-22.5,21.95,19.99
996,-45.38,-9.55,-12.53,-67.82
997,-25.77,7.19,4.15,4.95
998,-3.64,25.26,51.44,-47.76
999,8.09,70.76,-34.29,-11.64
1000,-13.48,59.26,79.05,1.85
1001,-6.25,37.45,-31.88,-68.3
1002,14.37,-18.21,-33.29,10.34
1003,91.63,75.96,6.17,-9.28
1004,-75.18,58.5,19.19,-4.3
1005,-49.28,-17.49,9.04,-14.06
1006,-64.33,-37.85,13.74,-27.95
1007,-15.09,-39.55,10.9,9.52
1008,-57.99,27.19,88.43,-38.16
1009,9.95,75.0,68.19,-19.05
1010,7.33,21.41,-67.98,-15.42
1011,27.01,32.31,-6.78,-19.86
1012,-65.24,-9.6,15.07,-37.5
1013,-13.6,60.98,65.02,-32.75
1014,1.98,51.49,-54.13,10.14
1015,-15.08,6.09,3.96,-1.98
1016,119.01,-9.87,53.26,-29.59
1017,-34.46,84.58,-11.42,9.93
1018,-135.02,67.12,-3.29,-35.17
1019,-34.92,-84.06,39.03,-41.22
1020,-15.38,23.47,1.5,-23.81
1021,-36.25,22.4,43.72,5.16
1022,-1.07,24.39,-43.71,31.79
1023,93.32,35.22,32.87,-38.53
1024,-102.59,21.33,101.33,-12.65
1025,-36.99,61.05,31.48,-33.06
1026,-25.0,6.87,-82.34,-7.63
1027,-13.87,34.32,-46.57,-48.66
1028,38.5,-17.36,51.92,-5.93
1029,-4.5,33.58,-25.37,13.74
1030,-64.69,9.81,-4.63,-23.53
1031,17.93,42.12,31.59,-17.99
1032,32.05,67.55,-15.41,-20.55
1033,-90.58,21.82,6.5,-21.26
1034,-34.77,-29.92,85.81,7.61
1035,-12.54,19.54,-19.34,2.86
1036,-2.65,50.05,93.07,-29.95
1037,54.27,96.37,-92.84,-3.12
1038,40.45,45.06,-14.4,5.49
1039,-124.39,52.47,-9.88,-51.75
1040,-36.48,-3.49,14.7,-27.47
1041,-19.34,-23.98,30.92,14.2
1042,58.8,-37.84,3.85,-43.0
1043,-121.14,0.64,116.59,14.03
1044,-14.87,24.77,-84.88,-17.28
1045,-11.09,1.66,21.6,-46.75
1046,-6.86,26.76,-1.01,-47.31
1047,-0.54,40.35,-18.71,5.4
1048,-4.66,34.71,18.17,36.6
1049,-9.26,22.42,33.38,-17.42
1050,153.37,171.23,2.05,-5.73
1051,-147.71,-10.63,79.59,-8.4
1052,-96.65,-128.12,-25.93,-63.65
1053,-24.69,-0.03,8.36,-14.88
1054,-18.52,13.64,-24.6,7.1
1055,-9.82,3.67,-11.32,-43.17
1056,14.8,36.53,6.0,-4.69
1057,0.04,62.84,89.1,-29.04
1058,-61.62,35.59,-48.84,-4.1
1059,3.49,14.49,53.36,-33.91
1060,20.23,69.62,27.47,14.86
1061,47.1,49.62,-42.24,-36.63
1062,0.38,-34.87,8.31,-26.97
1063,-121.61,29.73,-13.78,5.28
1064,-20.86,32.71,29.96,44.59
1065,40.3,-4.84,26.46,-27.96
1066,-69.44,-12.55,34.79,-9.31
1067,-49.12,2.04,-49.69,-85.56
1068,-6.59,55.54,28.48,-9.76
1069,3.22,15.58,-5.22,-12.2
1070,11.27,12.73,-4.93,-19.25
1071,28.73,6.68,34.36,-0.19
1072,-15.23,35.79,42.17,-19.61
1073,-63.65,-4.78,-54.63,-29.6
1074,-49.15,58.44,6.97,11.38
1075,-14.99,48.86,-3.6,-10.9
1076,-25.25,-27.62,19.91,-31.96
1077,5.08,87.9,98.78,10.42
1078,33.01,37.92,-38.97,-0.26
1079,-16.06,4.31,10.1,-39.01
1080,-42.78,-25.9,-19.38,-3.92
1081,-21.84,12.26,37.48,-28.48
1082,1.11,-32.38,12.01,-15.92
1083,-43.29,0.36,1.62,-11.72
1084,18.83,23.71,-15.51,-37.59
1085,75.67,40.87,23.41,-34.08
1086,-104.92,-13.03,53.3,-6.55
1087,-53.18,27.9,13.62,-4.24
1088,2.94,6.97,-20.49,-8.7
1089,-34.77,12.53,-33.79,-21.3
1090,9.48,5.94,9.38,-29.37
1091,-21.17,84.3,14.21,10.15
1092,26.98,76.17,13.53,4.0
1093,-40.36,-35.27,0.87,-28.86
1094,-50.82,-38.88,11.07,-35.2
1095,0.09,21.66,25.84,-38.41
1096,-0.09,27.99,-0.02,27.86
1097,12.02,-9.17,22.99,-15.92
1098,37.27,52.25,76.65,-25.86
1099,-26.42,15.62,33.07,-23.85
1100,-105.04,23.82,-41.78,-4.79
1101,-28.66,-22.35,-23.03,-27.46
1102,10.22,-0.42,-4.2,-20.03
1103,-33.45,16.34,52.99,2.42
1104,-22.08,11.6,-13.06,-43.24
1105,-5.82,38.99,7.03,-0.39
1106,15.17,135.58,108.2,-10.83
1107,-20.23,-77.51,-80.74,-23.83
1108,-26.34,-30.49,-2.38,-9.47
1109,10.41,17.26,28.27,-13.08
1110,107.08,36.06,9.59,-40.28
1111,-62.09,-38.3,-8.7,-25.15
1112,-111.0,-15.58,-13.56,-2.94
1113,-55.62,-11.06,3.7,-10.09
1114,-5.65,39.15,2.99,-31.16
1115,111.57,86.62,130.06,-8.7
1116,-97.87,109.38,-14.83,-22.52
1117,-24.65,-0.14,-59.51,-12.21
1118,-21.16,-25.45,-9.52,-17.35
1119,-32.71,-39.24,-5.76,-12.1
1120,-7.97,-2.74,12.32,-27.98
1121,142.7,19.9,2.75,-16.7
1122,-77.17,41.57,9.72,-12.88
1123,-89.31,-20.07,9.16,-3.52
1124,-47.26,0.25,109.9,30.22
1125,-12.83,18.75,-42.47,-59.53
1126,2.45,3.51,19.19,-32.92
1127,-18.09,53.47,-15.94,-30.44
1128,-35.79,47.93,32.65,-18.68
1129,-8.2,-16.98,-31.09,-7.67
1130,16.95,-11.33,-14.31,-24.81
1131,61.49,88.89,134.36,-8.45
1132,92.41,104.26,-29.47,-16.82
1133,-202.18,-32.01,-37.32,2.21
1134,-40.67,-21.79,-14.0,-22.65
1135,-29.84,-36.67,-11.87,-24.81
1136,-18.37,-30.73,19.66,-8.16
1137,-13.99,7.3,42.95,-15.54
1138,2.17,48.13,17.96,13.68
1139,-5.0,23.99,54.01,2.97
1140,-15.77,25.57,-1.91,-23.31
1141,-35.99,101.82,-25.84,-32.83
1142,-13.24,-41.07,-14.29,4.68
1143,-3.2,-42.86,-5.31,-43.8
1144,98.59,31.97,23.43,-22.42
1145,-44.89,6.92,95.9,-5.9
1146,-112.51,23.03,-13.53,-35.99
1147,-15.65,36.8,17.34,2.4
1148,28.63,59.98,-26.88,-17.96
1149,14.48,45.64,-7.02,-8.05
1150,-61.05,-15.03,23.15,2.17
1151,-51.45,1.8,-3.68,-16.49
1152,-6.47,47.85,18.09,-35.59
1153,-34.79,-36.54,3.16,15.83
1154,-5.1,20.93,60.24,-17.44
1155,-17.05,-12.98,11.38,-32.25
1156,-30.56,15.9,-39.0,-30.53
1157,92.88,62.82,-8.71,-8.49
1158,-18.61,4.54,3.96,-26.58
1159,-100.75,-13.92,12.19,-20.2
1160,24.07,106.17,15.69,-16.36
1161,-22.1,-20.18,24.01,14.05
1162,41.08,8.73,41.33,-23.11
1163,-80.23,-14.58,88.65,-31.41
1164,-49.65,-16.18,-43.94,-0.6
1165,-23.34,0.6,-3.36,-27.3
1166,-9.07,32.15,16.16,29.16
1167,-6.31,38.29,78.77,-42.89
1168,-9.81,43.87,9.66,-9.85
1169,-10.34,52.98,-57.29,-17.9
1170,61.19,31.59,-11.18,-24.12
1171,-39.85,-77.48,-18.69,-30.81
1172,-39.01,-34.77,18.44,-25.67
1173,34.45,22.7,16.0,-11.35
1174,-101.16,54.8,6.37,-4.08
1175,-20.68,87.13,22.6,9.1
1176,43.5,43.85,71.31,-20.62
1177,-2.66,-47.21,65.04,-27.45
1178,-105.4,19.98,-69.62,11.94
1179,-11.86,51.75,21.78,-13.44
1180,-37.57,-3.4,-35.65,-34.29
1181,-0.62,-21.03,-0.99,-22.96
1182,-9.31,50.21,85.45,26.55
1183,-7.11,8.41,-42.71,-57.39
1184,-9.82,-2.26,98.26,18.22
1185,-55.11,51.97,-76.35,-24.76
1186,40.27,126.01,1.68,-35.82
1187,34.65,11.64,-6.78,-13.21
1188,24.0,-30.23,8.2,4.52
1189,-103.91,-57.79,41.12,-3.53
1190,-34.16,28.97,-24.79,-28.13
1191,134.2,37.37,60.14,-23.28
1192,-79.56,31.38,16.17,4.44
1193,-79.67,-3.77,-20.6,-6.92
1194,-46.33,-4.52,38.33,-13.25
1195,-22.48,-0.42,-17.35,11.99
1196,-0.85,51.97,-14.0,-7.92
1197,-1.09,11.73,91.49,-50.84
1198,-38.92,-4.1,-95.69,-35.71
1199,-28.99,9.51,-11.23,2.03
1200,38.41,20.74,0.54,-14.45
1201,21.42,76.35,21.02,2.38
1202,40.98,107.72,39.95,-10.27
1203,-44.25,-6.33,-22.27,-15.89
1204,-75.16,-55.24,74.7,-21.28
1205,-3.86,-26.5,31.57,-7.06
1206,-29.47,44.56,-45.5,-19.89
1207,-62.49,-16.24,-20.44,-13.42
1208,-6.24,-15.08,-9.82,-8.67
1209,4.87,-11.99,28.23,-23.12
1210,-31.24,12.03,-2.47,18.8
1211,-12.51,59.56,-25.7,-26.27
1212,159.46,37.76,51.93,54.27
1213,-113.94,21.66,60.28,-74.31
1214,-56.52,28.91,-74.29,-20.07
1215,-63.86,-46.71,16.42,-6.5
1216,-20.29,-30.95,5.63,-5.71
1217,32.06,35.74,-10.92,-13.55
1218,-25.84,33.78,90.67,-26.69
1219,22.75,-16.6,-43.92,7.73
1220,-7.2,-8.54,-20.31,-40.86
1221,-69.78,-30.76,39.74,-12.96
1222,-1.96,7.37,-18.17,-10.22
1223,31.35,11.16,-13.16,-2.92
1224,2.27,32.44,-22.93,-20.41
1225,70.31,86.18,6.96,-0.4
1226,-107.08,7.57,76.58,-2.22
1227,-46.14,-45.38,3.29,-27.2
1228,-45.92,73.09,-29.7,4.62
1229,9.03,-40.53,6.25,-43.03
1230,-14.96,-12.03,37.42,2.34
1231,-20.63,42.07,87.89,-31.21
1232,21.1,8.01,-44.9,-20.28
1233,-44.32,-27.86,12.71,-19.24
1234,-24.13,13.93,-22.35,-24.33
1235,-23.94,36.41,-7.05,8.45
1236,47.2,46.86,-0.57,-20.76
1237,41.56,61.69,-0.53,-12.13
1238,-28.88,11.94,-21.11,-27.45
1239,-45.41,24.14,21.29,-9.67
1240,2.98,-6.56,6.12,-32.97
1241,-67.36,70.7,31.77,32.5
1242,-7.06,-17.4,97.63,12.0
1243,-65.92,-58.68,-22.1,-62.15
1244,-12.65,13.03,-17.57,-19.47
1245,-11.2,-7.18,44.78,-14.72
1246,-9.44,-4.57,-38.94,-8.29
1247,0.69,20.19,55.66,-17.34
1248,28.82,18.22,-68.2,-16.09
1249,23.35,43.55,2.33,-20.19
1250,-86.67,97.47,-5.78,13.64
1251,-18.06,-4.87,7.46,-15.1
1252,38.1,-47.1,-4.05,-38.84
1253,-16.16,11.06,-4.32,-19.91
1254,-63.62,0.03,25.34,-4.57
1255,-41.36,35.59,26.63,-6.43
1256,48.71,54.86,2.75,21.19
1257,-35.06,-12.8,6.41,47.94
1258,-45.39,1.14,140.35,-96.33
1259,-24.27,-20.46,-56.2,-17.95
1260,-18.46,4.24,-52.37,-13.76
1261,-8.01,17.21,52.98,-9.96
1262,67.07,21.13,75.18,-23.12
1263,-33.49,18.38,-88.84,-30.64
1264,-83.0,29.51,-22.64,9.66
1265,62.26,39.93,-7.26,-24.14
1266,-45.71,96.16,-2.08,-20.37
1267,-27.67,76.24,25.49,26.95
1268,-18.83,-74.04,2.87,-46.84
1269,-3.72,22.64,14.06,-20.93
1270,12.59,8.49,12.43,13.71
1271,-15.3,-21.17,3.9,7.57
1272,-68.84,22.92,105.77,11.91
1273,-34.45,-2.21,-22.77,-29.68
1274,-12.84,20.32,2.92,-51.17
1275,55.75,33.45,-44.05,-4.43
1276,-10.16,50.28,7.65,-24.8
1277,-69.15,67.43,38.13,-16.39
1278,-13.59,-17.51,18.31,-18.22
1279,-19.77,-6.97,48.33,-2.49
1280,1.6,41.79,-67.79,-12.23
1281,-36.04,-5.28,-14.93,-34.81
1282,-28.27,20.34,25.16,-46.16
1283,-6.99,45.51,32.59,12.74
1284,-3.26,40.8,-8.48,4.3
1285,1.75,1.18,-8.93,-20.75
1286,-18.07,16.59,18.48,33.43
1287,62.43,34.45,24.3,4.56
1288,-45.43,16.37,15.93,-51.91
1289,-53.41,41.24,-7.84,-34.29
1290,-65.88,-36.04,1.85,-15.42
1291,-23.21,-3.17,-5.18,6.38
1292,-10.95,-48.95,7.12,-46.04
1293,-8.78,27.74,90.4,-3.42
1294,-13.13,48.59,1.44,-15.78
1295,-4.6,59.99,15.98,-43.12
1296,34.95,39.6,25.93,-7.53
1297,-42.79,-25.59,-54.07,1.55
1298,-26.46,16.94,-9.29,-5.01
1299,-25.19,34.97,-1.61,-7.93
1300,-22.5,-1.37,2.48,-17.49
1301,69.51,28.07,1.64,-30.31
1302,40.1,-0.77,5.2,-0.85
1303,-133.32,19.59,7.25,-36.84
1304,-22.17,72.41,87.02,0.94
1305,-12.62,112.61,-5.67,-23.67
1306,-42.76,-66.96,-29.03,6.67
1307,-0.66,16.1,6.46,-42.23
1308,37.52,70.76,24.8,-11.79
1309,-57.73,-69.7,60.44,-23.67
1310,-37.28,-26.79,-17.72,-27.54
1311,74.3,5.99,18.85,30.58
1312,131.51,87.86,-16.14,2.15
1313,-194.1,8.75,-35.06,-45.86
1314,-92.97,-10.65,4.21,-17.88
1315,-27.84,67.34,36.02,31.65
1316,14.64,19.26,39.9,-49.25
1317,3.84,15.37,12.36,-8.18
1318,-18.88,-3.24,-39.52,-0.27
1319,15.87,1.33,57.78,-49.53
1320,-17.99,-33.08,-9.2,12.62
1321,-47.66,-10.92,-32.65,-47.37
1322,-14.92,9.61,14.39,-6.81
1323,81.74,54.16,79.56,9.9
1324,5.46,43.21,-11.5,-8.99
1325,-39.75,-40.86,-62.26,6.58
1326,-99.4,35.26,41.68,-32.37
1327,-33.13,37.8,10.55,9.4
1328,-24.09,-23.99,-28.99,-29.14
1329,16.7,5.95,-13.76,-33.9
1330,5.89,31.91,106.16,21.51
1331,-60.13,27.2,-38.76,-42.96
1332,35.88,8.26,41.13,35.48
1333,33.38,80.86,-42.32,-51.53
1334,-41.34,110.69,61.04,24.74
1335,-40.25,-117.18,-40.6,-26.44
1336,-75.44,-19.01,62.42,0.59
1337,13.0,29.5,-30.76,-20.13
1338,-16.74,-4.19,-42.61,-33.59
1339,-38.18,7.79,6.99,-52.52
1340,-15.11,-17.19,38.21,22.29
1341,5.97,54.36,-3.49,6.13
1342,111.29,2.43,18.33,-26.25
1343,-61.19,-6.88,58.03,13.95
1344,-105.48,0.94,31.52,-18.87
1345,-40.5,-18.36,-29.97,-20.06
1346,44.21,54.26,42.1,-8.91
1347,-43.86,42.9,-24.74,-33.37
1348,-23.18,31.5,-7.26,4.41
1349,-13.16,-24.36,-2.92,16.74
1350,-29.96,-21.83,6.16,-31.33
1351,18.08,21.92,76.47,-23.64
1352,165.28,54.22,-39.12,-66.61
1353,-154.41,43.5,2.55,18.29
1354,-76.9,62.25,-10.19,-4.4
1355,28.64,5.21,28.32,13.76
1356,-45.91,-76.8,13.85,-22.34
1357,-41.83,-10.24,5.19,-15.72
1358,-11.06,-23.73,32.91,4.24
1359,-2.54,10.73,-34.94,-36.62
1360,-25.87,15.54,33.91,-50.05
1361,-21.6,32.65,20.94,-20.0
1362,13.9,25.2,-43.75,10.3
1363,-22.93,5.69,9.72,-21.92
1364,27.55,-0.18,-10.1,-50.41
1365,59.16,51.69,6.41,28.23
1366,-72.17,21.67,39.39,-32.71
1367,-28.64,-12.86,-29.73,-10.28
1368,-102.69,-37.7,15.78,4.58
1369,-26.19,9.9,34.91,-31.41
1370,-1.04,20.86,26.24,-20.63
1371,-6.21,19.05,4.06,-11.79
1372,3.37,85.49,-46.67,-2.75
1373,-24.6,9.67,5.87,13.65
1374,-19.56,-17.02,7.71,-22.19
1375,-2.77,-5.77,15.82,-27.76
1376,138.75,-12.43,-11.07,5.1
1377,-120.61,-8.4,28.77,-54.88
1378,-45.21,89.22,123.59,-7.88
1379,-53.07,57.93,-22.38,-0.33
1380,-43.83,-63.12,-73.2,-4.55
1381,-17.04,-22.63,3.41,1.62
1382,-12.55,40.71,31.61,-26.4
1383,-23.74,-1.13,-9.1,-16.41
1384,8.33,-29.52,-27.44,-41.61
1385,-2.49,2.73,77.17,70.55
1386,-17.88,46.39,-35.84,-61.14
1387,32.9,-13.58,35.87,-24.1
1388,82.36,-16.36,-22.99,-29.48
1389,-9.32,12.7,-1.6,-10.77
1390,-168.99,32.71,0.14,-21.06
1391,-54.41,-25.04,20.86,31.3
1392,-25.88,15.07,13.39,-39.37
1393,-25.95,20.23,41.07,-26.32
1394,-30.09,20.01,83.56,-14.05
1395,-21.24,27.04,0.22,-3.84
1396,43.79,101.07,-21.11,-4.99
1397,11.9,-1.06,-42.59,-17.64
1398,-38.21,-28.92,-9.43,-24.36
1399,47.55,-5.31,5.36,-2.16
1400,-37.23,-9.0,10.95,-13.86
1401,11.42,21.88,34.6,12.96
1402,-81.74,-32.73,16.09,-26.43
1403,-15.48,29.71,-21.66,7.28
1404,-34.78,24.03,21.28,-35.85
1405,-63.63,-9.16,5.95,-26.79
1406,-8.01,7.28,31.4,-8.49
1407,-21.76,11.46,-17.38,-11.74
1408,-18.88,-6.62,5.21,-10.64
1409,-22.61,7.51,87.88,-30.56
1410,-23.06,18.2,17.84,-5.73
1411,12.86,9.27,-42.18,-19.47
1412,-11.6,-1.9,52.37,-24.08
1413,110.67,39.78,-40.89,-10.5
1414,-3.45,41.91,1.35,-0.72
1415,-137.39,-7.04,-2.01,-17.61
1416,-53.33,16.94,11.41,13.13
1417,0.35,60.54,-19.5,-9.96
1418,25.27,70.48,21.73,-15.36
1419,-10.67,1.46,4.45,5.36
1420,12.79,-17.97,30.82,-57.59
1421,-24.94,12.37,-22.21,27.72
1422,-85.68,4.45,-2.33,-41.96
1423,-31.01,1.21,17.69,-7.44
1424,74.38,5.39,80.43,-38.64
1425,-47.51,28.27,25.84,-28.31
1426,-46.54,-1.68,-31.58,20.95
1427,-22.98,26.97,-18.71,-19.97
1428,-14.85,13.1,-12.9,7.29
1429,-20.86,1.02,65.34,-37.67
1430,-11.37,2.87,-12.4,3.52
1431,18.73,43.43,-30.54,13.62
1432,-54.85,6.97,18.93,-31.66
1433,110.15,62.25,-3.19,-9.14
1434,-36.84,47.56,12.23,0.08
1435,-23.52,14.92,-4.75,39.67
1436,-126.01,-1.72,-3.34,-39.34
1437,-0.02,-6.44,61.87,-52.6
1438,-31.36,25.54,-32.71,-8.84
1439,-10.04,-2.34,30.81,2.47
1440,-36.88,-46.41,21.53,2.4
1441,84.71,16.81,11.93,-11.87
1442,-24.59,-14.07,-27.78,-36.33
1443,-103.25,-0.29,-7.92,-21.76
1444,-16.4,83.62,91.29,20.79
1445,29.71,68.45,-39.76,-41.14
1446,-36.77,-37.26,-4.24,5.98
1447,79.49,31.08,-6.23,-46.38
1448,-99.35,10.86,37.54,0.15
1449,-43.26,22.85,-23.53,-16.67
1450,59.39,-10.17,40.18,-10.46
1451,-50.37,-51.54,-16.34,-19.29
1452,-77.27,9.89,42.0,32.4
1453,-18.85,18.14,-17.72,24.9
1454,-10.75,34.4,67.74,-46.55
1455,3.33,27.34,-36.03,-32.52
1456,-40.82,7.46,20.88,-13.55
1457,-26.89,-29.35,-36.61,-32.28
1458,75.59,32.25,-16.71,-6.63
1459,-52.45,40.64,15.42,7.13
1460,-30.13,34.75,114.47,-10.14
1461,-26.43,-34.01,-52.46,-60.15
1462,2.92,68.35,-19.87,6.26
1463,121.78,9.79,55.92,-9.49
1464,-125.7,-15.61,-44.32,-0.08
1465,-72.3,-15.77,-15.18,-5.59
1466,-29.53,5.71,66.32,-20.45
1467,-8.63,8.44,-41.34,8.67
1468,-4.39,46.57,59.81,-1.58
1469,-22.95,19.81,4.5,-7.5
1470,67.28,74.27,11.17,-39.4
1471,-37.38,-2.14,-27.79,-2.4
1472,-26.52,-36.22,6.19,-48.49
1473,43.06,5.44,-8.98,-35.76
1474,-110.33,36.49,66.41,-11.3
1475,-6.84,46.01,-24.92,4.72
1476,-5.2,-9.3,-8.28,-14.61
1477,-39.26,-21.54,12.1,13.36
1478,-15.28,14.28,25.9,-17.53
1479,-13.01,5.7,20.71,-28.43
1480,6.34,28.1,9.15,7.36
1481,52.85,25.01,21.9,-16.37
1482,-15.86,34.52,-21.44,-8.39
1483,-89.99,-12.3,-0.04,-5.22
1484,-42.2,4.13,-3.7,-37.07
1485,-8.5,3.38,-5.7,16.14
1486,-9.21,10.71,0.59,12.62
1487,-6.63,15.24,0.15,-58.93
1488,-25.13,13.65,62.5,-15.54
1489,21.24,28.48,49.47,-33.13
1490,77.83,79.39,-53.12,13.09
1491,-92.76,40.08,23.52,-14.91
1492,-44.81,-26.67,12.2,-16.37
1493,-25.18,-21.1,-2.78,-15.75
1494,13.33,12.06,63.04,-12.46
1495,35.02,72.47,-27.04,22.25
1496,-30.14,45.87,-16.83,-3.11
1497,-98.21,-34.81,-0.32,-9.74
1498,33.82,80.02,45.63,-11.4
1499,64.83,-6.55,89.07,-36.15
1500,-125.27,-77.65,-74.78,11.88
1501,-49.04,-13.3,36.42,-39.0
1502,-9.68,21.21,-30.65,-25.2
1503,-9.86,13.47,-4.45,-3.28
1504,-16.6,4.95,11.34,-4.91
1505,-16.85,21.24,3.22,12.47
1506,-1.86,-12.06,46.32,-12.35
1507,19.31,23.81,-6.06,8.4
1508,23.19,55.54,7.41,-33.21
1509,-35.1,-25.63,-1.12,-22.97
1510,-22.19,9.79,150.46,-15.64
1511,-59.07,-2.66,-76.91,26.25
1512,59.52,-34.29,75.06,-27.82
1513,-79.37,4.44,-61.66,0.28
1514,-56.95,0.87,-35.93,-40.96
1515,-10.79,38.0,34.82,-22.76
1516,-12.25,4.21,51.71,-21.86
1517,1.0,43.14,-48.34,35.64
1518,-15.49,63.52,5.94,-21.67
1519,-30.0,-75.66,7.79,-16.16
1520,-5.86,-1.92,8.88,-12.7
1521,65.89,17.65,9.37,-4.9
1522,-52.07,44.84,15.4,-2.06
1523,31.0,17.85,7.27,-29.83
1524,59.89,82.93,20.56,-24.2
1525,-115.16,40.74,151.81,23.87
1526,-97.43,-145.28,-12.78,-11.05
1527,-33.19,-8.7,-83.07,-46.68
1528,-12.33,11.2,22.21,28.14
1529,-8.72,27.19,-29.26,-44.06
1530,-18.15,16.2,84.14,-13.46
1531,11.86,27.68,-44.02,-7.9
1532,-32.48,17.31,-12.91,-0.59
1533,62.93,75.42,4.45,-13.61
1534,17.9,13.37,5.65,-10.47
1535,-127.28,-48.02,-5.11,4.85
1536,65.8,15.03,3.68,-51.0
1537,-53.23,16.41,10.46,-11.47
1538,-72.1,14.94,16.02,39.81
1539,-31.52,19.66,0.06,-20.29
1540,0.55,112.49,56.74,4.1
1541,4.91,36.22,94.57,6.34
1542,-17.34,-67.66,-80.54,-47.6
1543,2.53,28.92,-21.48,-41.33
1544,40.16,4.59,163.5,-2.37
1545,-124.34,-12.77,-18.91,-19.85
1546,-11.1,57.46,-78.25,-8.32
1547,53.52,25.02,-28.23,-9.71
1548,-80.41,-0.04,-21.41,-24.85
1549,-12.39,16.52,17.16,27.0
1550,-15.33,-0.03,8.73,-38.08
1551,-3.01,12.81,22.48,9.11
1552,11.51,7.57,5.75,25.49
1553,-33.28,18.35,2.68,-46.94
1554,69.16,67.73,28.94,-4.87
1555,-44.77,89.0,8.47,-13.33
1556,42.21,-10.75,9.54,38.32
1557,-135.37,-10.82,9.33,-34.19
1558,-18.95,-5.02,109.68,-41.83
1559,-10.5,-3.32,-41.0,-16.98
1560,-54.25,-6.32,-13.73,-42.3
1561,22.32,17.22,29.29,-3.79
1562,-10.8,77.53,21.22,9.47
1563,-23.61,-0.3,-19.75,-44.37
1564,-15.9,-13.53,50.63,30.99
1565,21.15,28.9,-49.6,-8.17
1566,51.83,38.2,-35.24,-35.83
1567,-26.43,50.1,30.38,-25.67
1568,-73.88,49.91,41.33,1.86
1569,-74.35,-50.23,-6.28,-14.59
1570,-22.29,28.46,4.81,13.6
1571,9.45,49.43,78.03,41.92
1572,-20.4,-14.81,24.62,-83.93
1573,-22.84,3.22,-31.67,-26.61
1574,-31.56,-19.03,-23.05,-4.19
1575,-6.83,18.62,-8.09,-15.07
1576,68.73,37.31,42.76,-9.85
1577,31.65,69.75,-28.55,-17.91
1578,-146.19,-71.54,119.64,-18.81
1579,-37.58,-7.99,-30.76,-3.49
1580,-7.44,44.27,-46.02,8.67
1581,12.88,26.46,0.69,-29.35
1582,-33.21,31.7,9.26,22.75
1583,-32.48,-17.38,4.69,-32.52
1584,-13.93,0.61,14.6,-23.19
1585,-21.57,17.32,73.38,-22.72
1586,7.56,10.63,-5.73,-9.05
1587,88.92,4.76,-14.74,33.98
1588,-3.46,35.23,-21.91,-18.16
1589,-122.97,36.13,0.48,-46.8
1590,-50.66,3.42,30.48,13.19
1591,-18.41,34.32,3.29,2.14
1592,30.87,31.88,1.13,-24.3
1593,30.64,6.76,27.84,-34.51
1594,-75.3,-4.65,22.61,3.33
1595,-17.82,56.12,56.51,-13.0
1596,-34.9,-20.97,-60.54,-11.32
1597,1.87,11.62,-8.77,-14.0
1598,155.94,43.4,39.69,5.33
1599,-121.13,62.27,82.14,-14.15
1600,-102.25,53.9,-41.02,-38.87
1601,-41.3,-20.62,-45.55,-21.19
1602,-18.01,-8.54,11.54,51.96
1603,12.89,43.76,-0.33,-4.76
1604,2.34,36.87,75.55,18.21
1605,63.99,19.63,-7.62,-75.04
1606,-30.63,6.36,32.47,7.28
1607,-52.88,0.35,3.52,-42.7
1608,15.98,30.36,-33.83,-15.37
1609,60.11,21.0,3.9,-10.02
1610,-132.88,70.38,42.29,4.84
1611,-38.58,-8.07,53.9,-25.65
1612,-42.17,-26.88,-42.83,-31.38
1613,-16.62,44.49,-33.08,-2.52
1614,34.35,99.1,7.01,57.12
1615,-26.99,50.57,11.81,-12.29
1616,39.98,-39.46,91.42,-15.48
1617,21.69,-17.63,-68.27,-28.87
1618,-92.73,9.42,-6.35,-14.42
1619,-78.62,13.38,9.51,-19.79
1620,6.87,32.8,24.43,-27.56
1621,-41.77,24.5,13.3,13.42
1622,-2.06,20.22,32.61,-11.78
1623,-38.33,18.67,18.29,-25.17
1624,-10.32,34.9,135.0,-21.13
1625,-1.75,8.26,-127.47,-3.23
1626,14.41,44.47,-9.33,-12.38
1627,-10.74,28.69,-21.98,-9.53
1628,-67.29,-1.5,42.31,3.41
1629,107.32,47.59,-34.16,-12.38
1630,-58.44,86.52,7.26,43.75
1631,-57.86,62.87,11.11,-26.41
1632,46.2,-53.19,64.56,-40.34
1633,-67.04,-27.94,-35.21,-12.01
1634,-63.82,-18.52,-20.05,5.22
1635,-38.94,14.61,31.99,-45.05
1636,-5.62,26.98,-12.68,-16.7
1637,-10.07,27.12,1.1,9.96
1638,-2.59,14.76,1.94,-6.49
1639,5.16,18.1,19.9,-52.7
1640,52.58,26.58,166.31,25.69
1641,-30.05,6.7,-95.06,1.0
1642,-136.08,8.39,-38.78,-10.12
1643,-14.54,2.78,-3.15,-12.82
1644,-16.34,27.0,-7.34,-23.57
1645,-10.53,25.11,37.44,-4.24
1646,8.96,32.51,-9.44,34.58
1647,19.47,99.49,108.01,-47.01
1648,27.27,42.97,-62.3,10.56
1649,62.5,44.44,-20.2,-22.1
1650,-176.96,-108.72,-8.41,-7.42
1651,-58.88,19.45,-1.48,-32.02
1652,-2.43,25.35,5.86,-8.85
1653,-33.25,20.32,8.16,-8.48
1654,-25.54,39.01,19.63,-27.82
1655,10.7,47.78,53.36,14.79
1656,-10.41,66.13,14.96,-0.15
1657,15.75,-25.98,28.07,-24.36
1658,-54.75,-2.64,-0.96,2.38
1659,-6.22,27.02,35.44,-23.71
1660,-3.68,71.24,-39.03,4.22
1661,31.22,-9.41,-44.01,1.17
1662,34.3,29.13,-3.82,-23.99
1663,38.24,72.64,7.97,-30.12
1664,-174.95,-64.07,18.29,-9.85
1665,-44.33,18.82,64.3,-1.62
1666,-19.72,68.76,-4.65,-23.75
1667,-9.38,38.41,2.88,9.76
1668,-15.0,-14.63,-14.37,-20.55
1669,3.07,39.91,111.2,-7.5
1670,-42.74,38.33,-56.59,26.0
1671,-23.02,-17.92,-32.89,-39.45
1672,2.4,17.07,31.2,-2.69
1673,-1.47,48.72,-25.57,1.85
1674,16.67,5.43,-2.59,-7.72
1675,81.46,2.28,37.38,-19.27
1676,-58.42,-4.43,-23.03,-15.68
1677,-88.05,16.38,3.98,-5.73
1678,-59.24,41.0,10.35,-20.41
1679,-29.81,-5.75,42.84,-17.67
1680,15.71,23.27,48.54,-6.11
1681,60.06,55.43,12.66,-54.3
1682,-54.94,36.03,11.1,3.5
1683,-69.92,1.4,53.3,17.02
1684,31.21,50.91,-83.73,-22.86
1685,62.04,-59.76,-17.58,-16.51
1686,-107.3,-5.09,8.32,0.13
1687,33.53,19.54,17.14,-8.48
1688,-13.65,21.3,4.24,-20.14
1689,-77.62,80.93,34.44,-14.74
1690,-2.64,80.79,-3.69,19.75
1691,-45.85,-79.75,-3.4,-32.84
1692,11.92,-10.01,-3.66,-4.89
1693,-21.12,-32.61,5.89,-48.11
1694,-2.72,29.86,11.46,-12.55
1695,121.66,68.83,40.17,34.91
1696,-112.84,75.98,87.61,-113.3
1697,-97.96,-19.7,-80.4,25.39
1698,-8.85,-5.86,1.59,-2.02
1699,10.09,-6.76,-7.31,-30.04
1700,-49.56,-21.96,21.01,-7.24
1701,-13.94,18.95,56.55,-17.15
1702,-10.57,20.05,27.35,-11.99
1703,3.27,72.73,-47.02,4.51
1704,47.8,126.13,20.59,22.36
1705,28.44,-87.23,-28.32,-60.0
1706,-47.23,-24.94,-9.92,-19.7
1707,-105.65,45.92,6.24,-3.74
1708,-27.12,22.06,-0.04,-27.1
1709,-33.36,-42.7,5.13,-11.16
1710,103.97,17.39,13.59,-29.49
1711,-82.76,41.39,12.3,-0.92
1712,-51.56,-9.16,7.08,9.17
1713,20.4,38.21,1.56,-25.17
1714,-17.82,107.94,26.36,-2.04
1715,-11.38,63.57,15.14,-15.15
1716,-9.49,-78.23,104.14,-43.43
1717,19.14,5.48,110.54,-14.42
1718,36.42,59.68,-153.17,-7.87
1719,-90.88,60.83,-39.98,-14.51
1720,-70.76,-11.74,-22.38,-15.0
1721,-39.25,-39.03,-12.48,-36.37
1722,-20.35,-2.72,9.7,-14.85
1723,2.91,11.23,12.41,-10.08
1724,6.48,14.25,3.76,-33.93
1725,-70.42,21.09,12.51,3.38
1726,-0.96,57.42,19.9,32.9
1727,7.99,27.18,14.66,-38.14
1728,-26.32,-1.17,-0.9,-55.32
1729,138.1,74.12,25.99,28.22
1730,-40.8,17.33,-2.59,-29.51
1731,-90.77,-2.8,66.9,-22.76
1732,-68.83,59.09,22.89,21.72
1733,-21.45,46.67,118.87,-36.5
1734,-29.75,-78.33,-104.15,-43.62
1735,-14.06,-0.48,-49.98,-12.82
1736,4.47,18.01,-9.57,-15.91
1737,-44.05,27.63,7.65,-11.45
1738,-10.81,-0.35,1.11,-19.02
1739,-14.3,27.34,5.8,-19.05
1740,-8.97,45.06,18.88,-24.89
1741,-9.71,108.72,9.21,13.1
1742,-12.44,-56.56,38.1,-9.09
1743,48.67,-7.0,1.06,-19.47
1744,-4.79,-12.85,19.17,1.37
1745,-78.83,61.84,-8.64,0.07
1746,-48.24,-34.42,5.05,20.64
1747,-19.3,-4.25,2.14,-27.93
1748,-16.09,11.18,3.1,-40.14
1749,-0.55,51.56,72.17,-11.83
1750,-48.59,35.42,-16.21,-41.78
1751,-36.59,36.28,60.06,32.72
1752,82.33,51.26,21.95,-64.82
1753,-16.15,59.03,-24.72,-4.68
1754,-123.28,24.58,38.54,9.35
1755,-33.72,-38.58,-61.51,-11.45
1756,-13.35,-1.73,-3.27,-34.86
1757,-11.03,35.97,-6.14,0.48
1758,5.26,15.61,-2.53,-22.43
1759,84.32,29.77,-13.29,-24.34
1760,-71.06,49.58,10.4,2.35
1761,-48.24,34.87,28.37,41.72
1762,7.46,56.93,4.82,-6.04
1763,-53.92,-26.02,-5.02,-9.82
1764,-41.53,12.99,24.47,-33.19
1765,11.71,12.24,120.6,-23.62
1766,-24.38,-17.04,-44.46,-2.8
1767,92.84,20.99,-63.99,-23.98
1768,-100.63,29.73,-12.54,-0.53
1769,-50.01,24.51,5.67,1.15
1770,-3.95,-5.32,85.89,-17.76
1771,-9.38,39.89,-70.37,-32.54
1772,-38.11,-22.23,-11.99,-21.79
1773,-2.26,2.45,14.24,13.37
1774,-7.34,24.83,38.51,20.31
1775,65.19,27.94,-8.77,-12.7
1776,-39.71,37.01,-3.99,-13.55
1777,-16.39,-19.72,25.79,49.25
1778,9.93,47.47,37.2,-51.45
1779,-73.32,75.74,-31.98,18.56
1780,-57.72,-28.39,63.26,-19.69
1781,-22.44,7.06,-43.58,-14.7
1782,-23.84,-0.94,-25.36,-30.34
1783,-3.67,42.76,41.91,39.96
1784,41.36,45.06,74.96,-54.68
1785,-51.97,-42.23,-43.35,-18.64
1786,-35.3,15.16,36.12,5.5
1787,-31.26,-23.24,-9.29,5.27
1788,-3.49,-0.59,-31.15,-47.31
1789,-6.67,45.22,15.23,12.59
1790,118.9,55.99,-2.26,-11.93
1791,-11.6,88.89,34.7,-27.88
1792,-146.01,-92.37,-29.47,-10.75
1793,-42.15,-14.82,-2.14,-11.65
1794,-20.18,12.19,6.23,-0.46
1795,-7.39,35.01,4.99,-5.96
1796,28.74,91.41,-3.63,13.03
1797,-35.5,-7.82,89.17,0.4
1798,-43.58,5.54,67.69,4.26
1799,-19.42,39.36,-39.38,-44.39
1800,-16.47,-4.2,-22.73,-11.14
1801,-7.25,-16.53,-46.48,-6.06
1802,-10.3,19.46,10.33,-16.15
1803,-14.13,42.0,-16.91,-17.21
1804,115.76,35.05,15.23,19.3
1805,13.59,73.85,22.09,15.4
1806,-147.49,14.48,30.4,-44.87
1807,-67.12,-43.68,-30.58,-31.31
1808,-38.43,0.15,4.65,2.61
1809,-1.2,6.62,-15.42,-18.83
1810,4.57,-7.46,1.88,-9.62
1811,-26.48,25.91,7.12,21.58
1812,-12.61,72.16,18.12,-29.54
1813,-17.96,-22.47,-8.66,-38.64
1814,42.74,-33.4,44.05,-24.29
1815,4.58,33.06,60.79,1.16
1816,-90.9,96.94,23.15,-25.37
1817,62.85,-23.14,1.37,42.49
1818,-8.5,23.48,-5.76,-29.7
1819,-87.34,37.29,-28.75,-7.31
1820,-6.43,-10.99,-0.19,-2.04
1821,-71.4,-18.75,-25.61,-28.77
1822,-25.95,2.46,-4.35,-25.34
1823,-12.44,9.53,8.87,-5.8
1824,-2.3,-3.95,76.61,17.36
1825,-13.58,52.02,-36.42,-17.16
1826,-27.02,22.28,-25.91,-12.97
1827,-9.7,-13.07,11.02,-27.4
1828,14.05,22.31,17.8,-10.55
1829,71.25,93.38,11.66,-26.33
1830,-97.65,-7.12,75.25,5.27
1831,-27.58,-37.31,-24.63,-45.68
1832,-19.15,23.57,44.35,9.18
1833,-30.34,30.7,15.82,50.01
1834,37.57,9.44,-17.15,-22.33
1835,38.31,56.26,-7.57,-32.02
1836,-113.93,-38.44,11.84,-33.75
1837,-35.73,-2.21,-10.66,3.13
1838,-21.47,-9.29,-22.44,-6.96
1839,43.12,-12.66,3.9,-3.81
1840,71.36,48.09,62.35,-17.24
1841,-117.51,117.59,-16.26,-27.0
1842,-43.86,-22.26,-16.49,-0.57
1843,7.26,-0.64,22.31,-4.8
1844,-30.29,-64.98,9.32,-36.13
1845,18.72,-10.91,57.26,60.19
1846,-47.74,3.16,40.52,-77.56
1847,-12.96,31.06,-9.67,66.22
1848,35.9,-23.1,-10.77,-68.7
1849,-11.26,63.03,-39.97,-11.11
1850,-46.16,55.7,-9.02,4.33
1851,65.29,-15.04,3.2,-38.83
1852,-108.49,-15.72,9.54,-9.8
1853,-31.71,55.63,82.2,17.46
1854,8.76,67.85,6.45,-52.88
1855,-25.18,-48.07,-38.09,20.88
1856,-28.38,-22.3,-10.28,-37.91
1857,-25.6,4.67,16.6,-16.16
1858,1.67,40.73,46.68,0.98
1859,-36.71,34.46,-38.29,-8.16
1860,-4.21,3.71,45.76,12.02
1861,-15.34,-6.17,-34.41,-41.68
1862,45.78,28.36,95.02,3.44
1863,-4.59,40.68,-13.55,-16.4
1864,74.01,42.24,38.87,21.63
1865,-70.42,41.3,-2.47,-27.3
1866,-85.68,30.38,-34.46,24.17
1867,-64.52,-21.93,-9.55,-92.69
1868,-32.77,-59.05,17.82,-2.89
1869,-13.02,26.9,-6.79,-14.25
1870,-6.52,20.88,-0.19,-33.17
1871,-9.16,21.17,100.78,-0.19
1872,17.47,19.77,49.5,4.52
1873,-53.26,16.66,-82.13,-28.15
1874,-10.23,25.37,0.88,-28.86
1875,102.97,-20.79,6.36,-9.03
1876,-89.7,-17.9,-16.72,-23.47
1877,-67.75,13.07,80.61,17.62
1878,-22.57,40.88,-29.34,6.95
1879,-2.18,-1.42,-18.04,-37.05
1880,17.53,29.34,26.43,-25.09
1881,19.25,81.5,-0.05,-2.64
1882,-19.59,40.02,5.58,42.71
1883,-8.93,-12.74,-14.89,-48.44
1884,7.32,71.99,4.34,-19.82
1885,-91.44,-21.93,25.98,-24.4
1886,-35.86,-48.92,-4.99,-7.45
1887,-0.93,48.76,60.6,-2.69
1888,76.6,-14.55,-48.4,-58.49
1889,-37.75,6.65,67.68,-2.46
1890,-56.05,29.58,55.26,-9.4
1891,-47.35,-8.56,-66.25,-17.8
1892,-26.41,28.43,-27.69,-0.86
1893,20.28,82.79,-1.42,-5.59
1894,15.96,25.99,84.76,21.04
1895,-8.77,-57.58,-23.31,-48.53
1896,-31.72,10.55,5.27,-18.25
1897,-56.0,0.02,-20.31,-2.62
1898,-20.37,0.44,14.04,-35.81
1899,-10.9,52.91,-6.61,-4.55
1900,109.8,72.88,17.5,40.77
1901,-100.24,-22.7,27.89,-23.91
1902,14.74,37.45,-6.89,-40.94
1903,-76.76,40.8,37.32,-19.62
1904,1.13,-21.1,-31.38,-18.36
1905,-47.5,-0.07,73.87,-17.46
1906,-12.98,-8.71,-22.88,3.43
1907,-11.79,-11.19,22.16,-11.24
1908,28.29,-1.82,-59.22,-3.4
1909,9.85,35.76,3.28,-1.73
1910,-76.87,32.27,8.14,-1.62
1911,18.93,31.21,131.03,-50.3
1912,70.84,104.82,-65.54,-3.93
1913,-118.85,2.47,-18.45,-19.41
1914,-46.03,-48.52,-9.44,-30.58
1915,-17.96,-13.83,5.11,-5.79
1916,5.75,39.56,13.66,-1.63
1917,6.14,27.86,14.59,2.7
1918,-53.31,2.2,22.27,-31.53
1919,1.16,30.46,61.03,-39.76
1920,55.88,24.37,-31.24,-2.7
1921,-51.16,-23.58,24.03,-11.49
1922,-40.81,13.66,125.89,-17.48
1923,-11.44,155.51,-94.15,-6.81
1924,0.78,-30.24,53.88,5.51
1925,60.18,15.05,-49.67,11.18
1926,-31.63,43.21,-9.98,-29.13
1927,-110.99,-49.55,11.29,-19.46
1928,-23.82,-11.85,74.16,-10.94
1929,-12.48,20.57,7.78,9.12
1930,-8.76,28.01,-53.68,-52.4
1931,-11.2,29.61,-6.34,18.23
1932,-2.29,43.52,15.83,-42.51
1933,63.66,97.8,-2.5,27.86
1934,-48.32,-18.84,7.35,-11.89
1935,-8.61,-7.78,20.22,9.09
1936,-19.2,26.71,7.23,-52.77
1937,19.9,-17.41,91.16,-12.98
1938,-89.55,40.27,-32.82,-5.85
1939,-52.75,-19.3,-2.38,-7.49
1940,10.47,66.19,-6.33,-21.44
1941,-2.78,-3.95,-10.9,-1.28
1942,-49.83,8.7,30.88,-28.09
1943,57.51,20.74,36.34,12.63
1944,-6.54,52.23,51.0,-20.05
1945,-81.92,34.56,-56.08,-36.63
1946,76.46,44.55,11.36,38.55
1947,-69.35,5.5,-17.54,-38.69
1948,-73.8,-47.1,-7.58,-43.15
1949,-26.06,8.96,-5.9,-52.4
1950,-13.65,-10.25,25.0,25.81
1951,-23.28,-7.39,9.9,-41.47
1952,-21.27,46.28,67.05,18.14
1953,-5.93,43.48,-18.99,-6.46
1954,5.5,59.3,78.54,-31.37
1955,25.76,29.16,4.17,0.65
1956,38.66,-14.88,-51.76,-27.21
1957,-56.23,-7.4,-5.01,6.01
1958,-24.84,72.72,43.17,-21.9
1959,10.06,67.92,16.18,-6.06
1960,-47.4,-70.81,-23.23,-21.09
1961,32.53,-7.43,44.23,5.56
1962,-28.22,18.4,1.86,-1.49
1963,-86.62,16.22,-5.27,-44.34
1964,-19.5,28.66,-9.1,-19.38
1965,-21.49,27.88,-5.35,-25.18
1966,-20.72,-6.43,11.45,-21.92
1967,-11.1,-4.56,9.04,-11.28
1968,-2.76,25.51,-1.51,-26.75
1969,-12.68,28.7,3.55,0.91
1970,21.75,96.05,36.34,-12.29
1971,38.96,2.75,121.79,-15.14
1972,-38.99,0.88,34.55,-10.62
1973,56.28,24.54,-35.86,0.33
1974,-4.46,-12.06,-43.06,-9.99
1975,-150.17,-13.63,-9.61,5.47
1976,-52.73,43.85,14.22,-35.11
1977,2.34,55.76,-13.9,-21.59
1978,-35.92,-64.03,24.78,42.43
1979,-18.48,0.22,7.56,-16.44
1980,-12.14,11.72,-9.56,-42.82
1981,8.06,67.84,34.52,-48.95
1982,-32.92,26.86,17.79,1.41
1983,1.38,-20.41,-22.28,-14.9
1984,23.12,25.26,-3.23,-41.03
1985,-2.35,60.43,6.36,-2.9
1986,-45.9,12.8,36.78,-6.23
1987,20.07,-22.58,-13.2,-21.27
1988,97.73,45.98,71.29,28.93
1989,-158.94,-13.55,1.91,19.34
1990,-24.47,21.23,-25.02,-42.64
1991,3.58,40.88,-10.84,-21.16
1992,-52.47,-13.37,-8.24,-46.96
1993,-29.46,-33.76,67.49,8.43
1994,-4.1,31.83,31.84,-11.78
1995,0.21,60.0,42.38,-11.75
1996,-1.9,62.6,-71.1,9.87
1997,-7.16,-29.6,-1.54,-25.12
1998,-2.23,4.5,-4.79,-22.63
1999,-16.15,48.39,3.25,-19.5
2000,-49.65,-12.63,2.85,32.24
2001,-20.78,-14.13,-6.7,-45.5
2002,99.17,40.74,16.55,-19.23
2003,-30.24,16.64,41.38,-32.63
2004,-102.36,-10.03,-21.32,41.83
2005,-40.33,5.45,82.8,10.32
2006,-9.87,-14.74,-48.99,-74.1
2007,22.0,38.87,-14.97,-10.85
2008,-41.37,94.08,100.06,18.86
2009,-10.81,47.68,-39.15,-8.44
2010,-17.34,-15.95,-42.13,-15.39
2011,71.81,-42.32,-15.76,-22.74
2012,-81.42,-13.96,-4.43,-11.15
2013,-63.18,-13.28,-1.27,-24.16
2014,-16.28,14.73,25.0,-9.87
2015,10.33,45.29,7.96,-2.54
2016,7.91,55.89,47.61,-29.27
2017,-34.68,-9.79,-31.64,33.99
2018,-7.43,10.88,1.18,-16.2
2019,-30.01,-7.54,-4.61,-36.24
2020,-1.36,13.53,1.2,-22.88
2021,-25.42,35.26,7.7,-31.76
2022,-37.18,20.13,55.16,11.73
2023,-10.48,9.44,52.53,-22.34
2024,13.69,41.05,-55.4,-5.56
2025,40.48,64.26,11.76,-22.29
2026,-19.02,-29.4,46.2,1.76
2027,-117.39,0.28,6.61,-22.66
2028,-7.22,13.64,-31.07,-27.23
2029,-44.98,-6.19,10.88,-16.27
2030,-15.6,-10.28,-26.95,2.13
2031,4.37,62.37,31.46,-26.67
2032,17.89,92.24,-5.91,12.49
2033,-28.7,7.9,-17.01,-28.83
2034,-11.21,-29.82,-0.42,5.37
2035,-15.48,3.11,17.08,-5.09
2036,-8.38,19.37,31.37,-10.96
2037,-40.35,-6.97,-0.23,-28.61
2038,65.38,28.74,-7.29,-30.92
2039,90.03,46.28,35.78,-1.72
2040,-185.93,30.32,1.14,12.2
2041,-57.62,-57.14,61.86,-53.93
2042,-13.82,11.46,-17.04,0.95
2043,-43.08,10.58,54.64,-28.51
2044,15.81,24.45,-49.69,-13.22
2045,-0.39,83.3,-16.23,-7.81
2046,-1.82,9.75,-1.48,-9.47
2047,-10.88,-3.67,41.47,-34.39
2048,-14.0,-8.47,21.02,51.56
2049,-10.29,25.43,-42.22,-69.35
2050,-23.96,-13.17,33.52,-2.71
2051,37.14,52.77,-14.09,-10.25
2052,106.52,11.25,2.57,-3.18
2053,-137.67,-21.57,-0.21,-16.42
2054,-104.03,-30.69,-0.33,-20.89
2055,-45.59,23.39,23.34,44.04
2056,3.38,122.38,96.88,-31.25
2057,30.19,-26.96,-31.21,-39.9
2058,-58.23,-40.91,-5.39,-31.61
2059,-9.3,-7.64,-22.78,12.65
2060,-0.31,15.39,59.77,-20.49
2061,38.26,60.32,-54.07,-4.32
2062,-26.35,25.03,-2.76,-11.3
2063,-54.25,-17.49,-1.0,14.53
2064,21.1,30.59,81.79,-32.93
2065,-8.17,32.51,6.93,-28.22
2066,38.28,-43.35,-43.65,-27.14
2067,27.67,22.29,-11.69,-4.47
2068,-111.82,58.21,2.97,3.89
2069,-41.43,57.51,2.76,-13.32
2070,-36.2,-1.28,14.22,-1.21
2071,-52.63,-43.0,41.14,5.73
2072,-31.99,-22.91,185.89,-34.71
2073,-4.06,33.03,-114.63,-31.91
2074,12.12,0.97,-54.45,3.06
2075,-23.84,-16.6,-23.97,-15.11
2076,0.44,48.93,16.44,17.82
2077,117.72,52.69,39.81,-8.79
2078,-97.88,30.64,-3.13,-26.53
2079,-89.25,4.18,-3.02,-27.19
2080,4.62,126.12,19.98,-4.65
2081,2.62,-21.09,41.55,-29.11
2082,3.87,-55.78,-12.91,2.0
2083,-51.22,-57.28,-13.36,-7.7
2084,25.82,19.29,-2.29,-32.19
2085,-68.54,34.92,11.04,-31.98
2086,-16.86,23.0,46.19,11.46
2087,-41.77,66.82,131.42,8.64
2088,-9.93,24.55,-109.37,-16.21
2089,113.36,-36.93,8.12,-19.63
2090,-99.64,17.54,33.1,1.46
2091,-82.15,73.82,-27.59,-8.19
2092,7.35,-32.17,12.87,30.8
2093,-22.19,26.67,13.19,-34.92
2094,-18.86,-0.09,81.18,-33.52
2095,-21.71,-19.29,-27.6,-35.88
2096,27.11,-13.02,-20.21,-18.82
2097,-45.04,3.89,-16.68,-18.38
2098,-6.69,15.81,2.88,-10.76
2099,-35.76,7.8,63.36,8.25
2100,-18.44,33.98,-37.18,-31.37
2101,45.9,67.87,48.63,-7.03
2102,-42.11,55.98,-7.05,-15.94
2103,-47.66,-91.15,-13.3,-21.78
2104,-1.2,29.48,107.01,13.04
2105,6.53,-23.82,-12.6,-19.32
2106,69.88,0.47,-42.92,-20.53
2107,-114.13,39.17,-7.03,35.82
2108,7.11,23.86,-4.4,-22.66
2109,-19.93,59.29,8.13,18.99
2110,10.36,16.47,31.88,-49.16
2111,-85.69,-66.93,-5.86,-30.96
2112,-25.37,-16.31,-3.07,-14.95
2113,-4.73,24.8,93.29,-15.08
2114,1.79,71.51,-51.4,-14.54
2115,22.13,77.17,-7.51,3.95
2116,14.9,3.76,10.52,-21.32
2117,-3.41,-130.54,62.65,-30.88
2118,-89.0,-39.58,-23.71,-21.89
2119,-44.68,7.05,1.08,13.14
2120,-11.97,44.06,48.71,13.2
2121,-8.1,-12.72,-53.24,-2.97
2122,-11.18,-8.2,14.95,-59.85
2123,-17.44,17.01,21.29,4.22
2124,7.0,24.43,-11.94,34.3
2125,5.63,26.78,-10.62,-29.12
2126,-33.35,95.75,9.97,-24.36
2127,11.29,9.76,-1.83,-0.36
2128,-52.24,-57.27,25.74,-15.65
2129,-44.66,-32.97,-3.53,-9.02
2130,67.24,20.01,-7.92,-23.08
2131,0.38,54.04,102.67,-4.43
2132,-102.11,22.93,-54.55,11.44
2133,-45.35,-52.09,-2.88,-18.99
2134,-32.83,-0.62,17.61,-15.6
2135,68.74,8.86,32.22,-11.78
2136,-20.36,89.33,-22.92,4.53
2137,-42.9,29.96,83.98,11.11
2138,-16.86,-34.49,-65.74,-38.23
2139,-28.29,-28.66,24.86,13.37
2140,-50.3,0.05,7.63,-19.55
2141,20.77,-12.63,-19.87,-20.28
2142,-11.93,-1.4,13.48,29.78
2143,4.33,11.8,33.81,-16.49
2144,-19.01,37.46,-32.57,-28.12
2145,7.28,14.2,7.09,-24.67
2146,46.61,52.69,31.93,-15.64
2147,-116.22,24.3,-29.0,-16.98
2148,-49.87,1.03,7.05,-16.98
2149,-19.63,35.02,-15.06,-43.34
2150,12.25,-50.47,55.45,27.28
2151,-17.81,5.76,0.48,-21.89
2152,-35.84,-13.97,49.41,-13.87
2153,-20.59,17.13,70.4,1.42
2154,1.15,14.56,-94.23,5.39
2155,-19.7,24.94,25.17,-0.91
2156,-18.36,102.78,60.36,-35.38
2157,-29.26,-41.34,-68.85,-7.87
2158,-25.03,-0.53,-22.12,-11.62
2159,-7.87,59.92,3.85,-11.56
2160,37.01,26.88,10.05,37.87
2161,5.45,-23.68,1.7,-32.52
2162,17.42,17.56,1.3,-57.11
2163,-115.5,81.16,65.46,-26.14
2164,-6.28,-59.24,-36.08,-3.22
2165,37.19,-26.24,-0.16,0.43
2166,-111.34,0.47,-3.1,-16.07
2167,11.03,19.2,2.95,-8.11
2168,-25.49,29.49,14.68,-4.46
2169,-19.89,7.64,59.03,20.29
2170,-22.59,53.2,129.91,-26.03
2171,-18.09,26.18,-18.71,-26.7
2172,-13.77,7.34,-80.48,-16.96
2173,-28.02,-19.76,23.44,-32.1
2174,-10.59,13.15,8.44,10.8
2175,40.53,77.88,-14.89,-6.53
2176,46.04,16.11,1.02,3.09
2177,-135.75,-42.33,0.55,-39.56
2178,-35.59,23.56,32.03,-47.11
2179,12.22,33.09,-12.35,4.07
2180,54.62,-9.55,-3.74,-14.71
2181,-75.96,38.06,-1.44,8.82
2182,-51.91,29.63,7.21,2.07
2183,47.86,24.08,1.22,-23.12
2184,-33.62,18.15,31.64,-23.91
2185,-46.95,24.53,33.77,-27.25
2186,-29.39,-38.09,-1.95,-17.11
2187,-16.77,12.62,58.16,-16.91
2188,51.68,54.4,109.43,-20.93
2189,39.25,130.7,-109.13,0.83
2190,-115.79,-74.11,-29.13,-10.29
2191,-49.16,-51.86,-3.29,11.76
2192,-23.17,-0.38,90.86,-49.88
2193,-16.71,41.13,-32.94,-16.94
2194,-0.17,48.15,-23.71,-14.84
2195,30.07,-30.16,-3.85,-2.07
2196,-26.09,10.91,3.43,15.79
2197,-63.63,21.03,9.25,-46.98
2198,-13.96,29.78,10.87,26.84
2199,54.36,65.89,47.0,-54.14
2200,-18.91,32.4,-27.69,-6.89
2201,-39.82,-2.05,55.94,-10.63
2202,-26.46,20.58,86.64,-6.49
2203,71.09,-47.2,-105.81,-9.55
2204,-93.95,21.21,-11.44,4.95
2205,-35.76,-4.99,18.99,-27.66
2206,-18.48,36.39,-14.47,-3.64
2207,-20.5,63.51,13.18,-7.56
2208,-9.0,22.56,42.12,-29.89
2209,6.17,-21.39,14.23,-18.13
2210,-27.02,23.1,-9.82,-2.22
2211,-13.09,72.98,-22.92,25.52
2212,-26.23,30.24,-10.22,-35.07
2213,-31.33,-73.47,-5.3,-28.96
2214,-32.46,-5.81,6.09,-32.54
2215,7.14,40.7,137.02,-8.16
2216,88.31,67.66,-62.77,11.14
2217,9.65,-26.92,-25.37,-13.78
2218,-146.7,-30.9,42.29,-16.18
2219,-26.13,44.76,-35.3,-10.68
2220,-12.11,20.01,-2.21,-6.55
2221,3.31,8.74,0.91,-20.85
2222,-42.93,25.03,-10.05,-14.86
2223,-17.74,28.31,5.07,14.29
2224,10.35,21.12,2.18,1.99
2225,-20.98,15.17,88.72,-14.83
2226,-40.5,64.91,-18.13,-21.79
2227,-24.53,-28.59,7.06,-24.93
2228,-15.3,-10.75,-15.73,-17.74
2229,18.61,99.75,9.55,-17.7
2230,-12.21,42.19,-28.15,2.2
2231,23.57,-93.62,-1.25,-11.14
2232,18.71,-9.11,93.79,22.96
2233,-95.29,-7.03,41.04,-27.69
2234,-61.01,19.02,-77.6,-20.04
2235,11.46,9.26,-26.15,-34.14
2236,-12.16,14.61,25.72,-5.46
2237,-36.56,3.19,40.84,17.85
2238,-27.99,9.23,-30.88,-40.9
2239,-41.9,6.63,-8.75,2.24
2240,-20.02,31.96,8.77,-38.89
2241,7.32,56.46,38.9,-27.18
2242,22.58,-8.64,74.56,-1.41
2243,-48.49,-36.96,-56.01,-12.41
2244,42.5,12.98,-32.91,-9.96
2245,40.16,11.66,-4.19,-15.01
2246,-97.28,38.02,104.61,32.24
2247,3.19,45.24,-17.72,-47.63
2248,-51.5,16.89,9.26,-14.75
2249,-55.1,24.73,-59.04,-19.59
2250,-17.0,-22.3,6.82,-3.04
2251,-17.64,11.49,9.11,-17.16
2252,-11.44,-6.28,64.65,-5.98
2253,-9.17,118.37,21.51,-22.33
2254,89.57,28.98,-53.73,-8.95
2255,-70.32,-84.09,95.59,-44.32
2256,3.72,-14.28,-20.09,-8.64
2257,56.53,9.81,-46.95,-25.85
2258,-64.99,22.32,58.11,-7.57
2259,-118.55,25.38,68.41,6.23
2260,-37.58,7.19,-69.03,-33.84
2261,2.26,49.81,-19.49,0.33
2262,-8.62,6.92,5.52,8.95
2263,-16.47,5.14,-9.33,-44.83
2264,-14.15,29.48,15.83,-11.01
2265,-2.69,38.86,62.02,-3.61
2266,13.36,105.79,-11.07,14.58
2267,143.59,-5.74,8.56,-40.25
2268,22.96,15.81,-11.2,0.09
2269,-165.24,-43.57,83.02,-46.31
2270,-117.05,12.09,74.49,-26.21
2271,-34.89,25.38,-57.81,-36.17
2272,-23.64,11.57,-22.01,0.44
2273,-4.5,38.13,-7.36,14.47
2274,16.88,62.25,-12.15,20.57
2275,-19.15,40.11,-1.3,-24.79
2276,-4.92,50.02,60.74,-40.17
2277,-13.8,-3.14,-58.35,-29.63
2278,-35.35,-34.11,17.03,67.31
2279,4.57,9.5,-16.02,-77.41
2280,8.23,34.57,46.43,-27.32
2281,33.11,44.1,25.35,-7.08
2282,70.26,-3.58,-1.21,-25.97
2283,-105.35,36.44,-13.03,-18.52
2284,-92.11,-3.52,66.46,21.74
2285,8.4,43.09,-22.95,-17.82
2286,-44.77,17.39,0.76,14.91
2287,-37.14,19.1,4.65,-14.83
2288,-16.64,27.13,63.41,1.69
2289,-4.91,20.47,-57.15,-42.32
2290,15.38,31.21,26.14,-22.38
2291,4.12,57.08,-40.37,49.48
2292,-29.85,-7.97,3.6,-57.05
2293,15.35,18.97,9.53,-17.04
2294,-38.29,16.47,2.25,-46.62
2295,127.57,-16.54,54.05,23.87
2296,-120.27,32.53,-17.92,-48.67
2297,-105.98,31.45,51.38,-13.35
2298,-22.21,59.57,18.39,-1.32
2299,-15.78,4.51,71.66,-12.46
2300,-39.81,-2.17,-89.16,5.47
2301,14.07,18.01,-31.39,-20.35
2302,0.24,42.03,-6.14,-15.51
2303,-16.22,-2.88,6.36,-18.12
2304,-4.58,19.15,8.77,19.63
2305,-14.13,33.5,36.11,-30.1
2306,-24.16,38.26,10.01,-45.26
2307,-16.24,33.34,-31.02,-23.77
2308,8.2,31.24,9.41,-9.12
2309,-14.96,7.31,11.05,-12.41
2310,61.7,0.19,31.5,22.33
2311,-83.52,17.36,13.1,-20.36
2312,-42.94,59.29,63.55,25.5
2313,-42.37,58.92,-5.42,-4.15
2314,1.04,-48.71,-22.85,-68.2
2315,14.8,14.6,57.15,-20.93
2316,-64.06,25.25,-63.66,7.23
2317,0.43,62.77,-22.01,-24.6
2318,-31.57,39.12,-0.39,42.26
2319,94.04,24.86,42.73,-48.87
2320,-94.17,-21.9,-14.43,-22.71
2321,-32.97,-3.72,-7.54,-27.45
2322,-34.69,15.57,-2.03,-7.99
2323,-34.38,39.26,23.7,-27.33
2324,-12.85,32.36,4.19,-5.55
2325,-17.67,47.4,-3.67,-5.64
2326,-10.71,47.46,3.36,0.04
2327,-9.18,-42.04,13.36,-9.22
2328,-9.15,35.38,0.29,-21.59
2329,-23.8,-1.25,-13.02,11.7
2330,19.38,50.13,94.68,-54.36
2331,-80.29,75.5,29.63,55.77
2332,71.91,62.8,-56.18,-41.67
2333,-62.52,-28.18,28.01,12.73
2334,119.11,-5.97,-10.63,-45.15
2335,-151.94,-31.63,-20.72,-18.83
2336,-65.7,33.23,67.42,-26.68
2337,-38.43,-4.02,-59.13,-21.42
2338,-20.0,47.36,-19.47,-28.86
2339,-12.67,18.38,22.87,13.0
2340,-15.86,-5.49,-1.17,0.06
2341,53.45,40.73,-9.32,-24.11
2342,5.0,72.31,-10.11,-37.4
2343,-85.14,3.87,6.28,26.14
2344,-46.77,-55.68,15.19,-27.33
2345,-20.17,27.75,70.53,-34.65
2346,40.83,55.74,42.53,43.31
2347,107.14,48.5,-31.07,-33.02
2348,-144.11,-31.64,-20.72,-19.91
2349,-47.94,-19.04,-28.0,-20.04
2350,-17.59,21.11,4.9,-2.88
2351,4.62,25.05,24.53,-35.58
2352,-19.66,8.67,56.74,-29.56
2353,-27.64,28.14,11.89,23.45
2354,8.01,40.33,-40.87,-12.35
2355,18.88,18.75,-18.66,-25.05
2356,-59.76,12.21,18.93,8.6
2357,126.45,71.36,17.49,-13.48
2358,-39.84,76.37,-16.01,-11.95
2359,-123.46,-22.23,0.7,-29.85
2360,-39.84,2.41,19.83,0.34
2361,-30.52,-4.19,112.34,-23.65
2362,-10.68,-17.86,-56.22,45.72
2363,1.04,42.43,20.13,-45.72
2364,-16.92,14.32,8.07,-10.51
2365,-37.39,-12.61,-24.65,-8.78
2366,2.14,15.55,22.31,-38.34
2367,-20.48,32.83,-6.16,-28.42
2368,-29.3,21.7,4.28,-20.43
2369,-12.53,23.91,1.74,16.39
2370,51.17,-5.21,-2.99,2.86
2371,67.26,43.96,2.54,-46.04
2372,-130.54,36.65,44.75,10.9
2373,-71.06,6.41,60.03,-20.22
2374,19.65,-30.32,-6.19,-4.06
2375,-55.65,5.51,23.46,9.04
2376,-11.54,58.75,-55.91,-4.38
2377,-24.29,5.37,49.11,-39.36
2378,-6.4,-37.74,23.68,-26.82
2379,-31.56,-15.98,21.92,-2.44
2380,-42.14,3.6,-43.66,-8.27
2381,1.31,16.93,34.86,0.95
2382,-23.03,-29.03,-19.99,-23.72
2383,153.53,-8.83,-1.34,-31.62
2384,-30.86,33.74,-2.23,-7.84
2385,-152.46,39.03,28.86,35.75
2386,-42.59,9.29,17.58,-52.13
2387,-28.97,-7.11,1.02,8.84
2388,28.62,83.15,24.83,12.44
2389,71.61,84.01,74.17,-28.74
2390,-93.82,-87.73,-64.45,-38.14
2391,-52.06,-25.14,9.43,1.73
2392,123.45,10.26,126.48,-25.95
2393,-91.29,13.74,-53.47,-6.19
2394,-65.32,31.76,63.56,-11.85
2395,6.96,-11.89,-72.7,-19.21
2396,-45.15,10.99,-24.98,-38.21
2397,7.9,21.31,2.47,21.5
2398,-24.61,17.19,21.64,-10.88
2399,-41.59,48.29,29.94,0.47
2400,1.78,69.25,-0.35,-11.59
2401,-10.57,3.41,-6.3,-41.52
2402,85.35,-19.1,88.82,9.92
2403,-101.01,-3.93,47.16,20.63
2404,-53.74,-6.83,-41.71,-43.95
2405,8.29,-3.25,2.64,-14.21
2406,17.05,15.01,-39.08,-21.75
2407,43.25,57.19,70.9,48.08
2408,19.19,47.23,-22.79,-63.28
2409,-130.74,0.43,-35.22,-11.91
2410,-67.86,-23.15,17.04,-5.55
2411,5.63,-4.65,25.17,-15.01
2412,-14.85,23.52,-7.14,11.4
2413,-21.82,23.6,7.86,-51.01
2414,30.74,28.66,6.36,7.94
2415,-62.4,33.9,11.87,-12.65
2416,-21.92,38.87,10.01,5.91
2417,102.19,17.35,41.23,6.68
2418,-25.78,2.43,111.99,-23.73
2419,-34.87,6.35,-63.16,6.52
2420,-57.86,59.51,-34.69,-25.58
2421,-51.05,48.33,53.26,-22.57
2422,-39.7,-67.2,-37.3,-23.7
2423,-23.43,9.68,-10.89,5.65
2424,29.42,53.63,62.86,-22.37
2425,-55.75,-3.41,38.7,-21.42
2426,-17.56,18.69,-80.5,-13.17
2427,1.46,6.13,7.54,-20.72
2428,-34.38,-2.64,4.0,-4.7
2429,93.06,53.54,3.82,6.55
2430,17.56,55.64,21.17,-12.47
2431,-142.61,20.85,82.04,38.63
2432,-45.26,15.7,-17.52,-39.93
2433,-25.35,-28.86,-54.44,-41.44
2434,35.53,30.41,77.8,-0.68
2435,-32.31,-0.67,-35.33,-56.15
2436,-52.68,12.11,28.89,32.13
2437,-11.95,47.4,-11.01,-25.36
2438,-21.69,12.3,-1.75,8.86
2439,-25.24,18.25,11.77,-34.94
2440,-9.78,-7.17,1.48,-29.69
2441,6.44,43.11,-26.99,3.26
2442,83.6,7.69,-6.82,-41.59
2443,-102.59,-11.55,8.66,-22.0
2444,3.55,44.03,-3.86,-2.29
2445,-8.43,69.62,88.39,5.51
2446,-78.35,-31.48,-31.03,28.35
2447,-31.79,-8.13,10.82,2.45
2448,7.15,6.84,24.78,-78.95
2449,-43.12,24.3,-11.17,-24.56
2450,18.76,29.27,30.61,-38.08
2451,-8.86,54.28,-17.23,11.52
2452,-54.76,13.65,84.2,-8.92
2453,1.61,19.89,-23.7,-23.68
2454,78.91,29.21,-34.32,4.62
2455,-114.93,-8.53,14.24,-20.11
2456,-27.5,26.22,-10.77,-16.91
2457,1.3,52.33,-7.2,-24.72
2458,9.12,43.75,10.45,-5.71
2459,-4.55,26.59,10.78,-16.31
2460,-16.53,-42.95,12.48,1.63
2461,-64.44,56.95,66.92,22.64
2462,-22.41,24.73,13.19,-65.77
2463,-16.58,-21.12,52.19,-5.03
2464,3.09,36.82,15.17,-41.86
2465,75.52,2.52,-54.91,-5.85
2466,-117.38,-27.63,-21.18,-22.83
2467,2.14,5.94,0.16,-23.02
2468,-67.08,27.31,-3.97,-8.6
2469,-21.27,65.43,7.29,-20.37
2470,9.59,70.27,55.39,-23.04
2471,50.08,8.91,-26.13,18.52
2472,-57.44,33.95,-0.04,-36.19
2473,-22.87,9.48,6.71,-18.05
2474,-46.77,29.09,3.18,-6.76
2475,-9.62,-7.01,68.72,-12.38
2476,4.39,37.72,3.82,-33.75
2477,-28.09,66.11,46.59,16.75
2478,-27.63,3.58,-1.17,-19.35
2479,-9.49,-32.22,-44.15,24.29
2480,-22.82,-15.72,-7.97,-56.96
2481,-11.32,34.94,-25.89,-24.75
2482,-15.1,32.25,60.84,-27.09
2483,-16.62,43.84,0.34,10.94
2484,107.46,61.9,-26.68,-32.19
2485,-79.94,53.84,-2.2,-7.96
2486,-55.66,-32.29,26.29,-8.15
2487,63.97,18.48,-17.79,-16.18
2488,-93.26,17.06,-11.06,5.51
2489,-51.31,45.75,32.07,-24.35
2490,-14.77,-0.32,23.65,-26.37
2491,60.37,19.56,101.56,-2.22
2492,-50.67,41.02,-46.54,-8.41
2493,-43.41,36.22,-33.44,-20.58
2494,-26.12,-13.19,76.72,31.67
2495,52.0,62.58,28.34,-57.26
2496,6.3,39.06,-79.85,-43.35
2497,-92.09,-20.1,-11.29,1.96
2498,-22.29,10.16,-5.0,-16.33
2499,52.87,26.22,15.01,-8.94
2500,-26.25,28.66,1.01,-23.13
2501,-63.71,42.15,9.19,-18.91
2502,-33.81,-13.8,20.76,-1.75
2503,-10.92,47.94,89.38,-14.18
2504,13.16,54.18,-18.98,-27.6
2505,-21.22,-13.25,-26.12,9.19
2506,-37.16,-16.8,-17.28,-18.65
2507,-18.19,21.45,8.01,-23.16
2508,-13.3,36.95,23.12,-13.51
2509,3.76,12.46,118.62,-5.0
2510,-17.0,66.76,-11.66,-29.62
2511,-17.3,25.56,34.8,-9.65
2512,-2.44,3.15,-69.11,-18.85
2513,90.06,4.93,-24.95,-21.42
2514,-101.77,-15.02,-2.61,-6.39
2515,-18.86,23.42,9.68,-2.69
2516,-33.59,36.51,12.83,3.2
2517,3.66,66.21,1.41,-34.99
2518,-62.69,14.91,11.52,-11.81
2519,14.03,-30.31,18.51,-7.58
2520,19.35,8.74,7.56,-7.83
2521,-105.84,25.27,1.15,-33.55
2522,-5.87,97.96,41.55,46.77
2523,17.14,7.09,15.39,-39.81
2524,-54.38,-30.44,33.43,-36.02
2525,-36.47,-38.94,52.59,-48.15
2526,-9.94,15.79,48.8,7.78
2527,-27.51,1.51,-36.45,-14.26
2528,-10.04,10.19,-67.51,-18.42
2529,40.22,61.44,-4.7,29.72
2530,-49.56,2.17,-4.95,-46.0
2531,-63.55,-11.57,-1.11,-28.48
2532,49.37,49.49,14.48,2.58
2533,-34.33,1.18,7.96,-18.45
2534,15.39,58.37,14.41,-2.34
2535,22.62,54.37,26.85,19.41
2536,-44.49,-11.0,-7.7,-52.29
2537,-39.8,30.62,-1.63,-4.09
2538,-13.94,65.32,32.61,-16.53
2539,-17.47,-13.62,80.79,-1.78
2540,-21.93,-25.98,-67.22,-50.58
2541,11.44,-0.35,58.32,-34.12
2542,-15.09,12.88,-61.41,-9.79
2543,-50.33,14.4,47.22,28.63
2544,-18.4,24.51,-5.03,-54.84
2545,21.88,21.25,29.33,-37.98
2546,84.38,77.46,-37.79,-5.54
2547,-69.85,5.91,5.24,2.23
2548,-89.06,-23.4,-2.75,-18.49
2549,-56.75,46.78,4.39,-6.7
2550,-14.45,23.98,15.77,-2.87
2551,-20.13,20.11,14.21,-43.44
2552,-16.09,4.19,20.45,18.1
2553,-10.34,-7.69,10.63,-29.96
2554,90.17,67.43,23.0,-1.73
2555,-71.89,54.13,56.26,-37.37
2556,2.81,-11.16,31.36,-11.2
2557,54.59,-41.3,-54.82,-42.44
2558,-34.78,3.41,36.26,32.4
2559,-77.42,14.19,-17.25,-50.72
2560,-63.38,18.62,-14.39,2.43
2561,-38.04,11.03,-7.39,-26.72
2562,-9.71,55.34,27.85,-27.55
2563,-11.26,15.72,17.37,-11.39
2564,-33.63,-37.87,-24.86,-24.07
2565,-37.59,18.85,2.93,-0.56
2566,24.49,6.54,26.82,48.24
2567,-4.28,21.82,42.57,-56.24
2568,-22.78,25.13,32.25,-28.86
2569,-10.58,26.67,6.87,16.89
2570,-15.91,-8.37,-10.17,-60.98
2571,199.56,80.75,8.18,11.38
2572,-108.98,-5.87,-3.03,-13.77
2573,-160.32,-56.99,95.13,-20.99
2574,-29.94,9.22,-81.23,-37.64
2575,-40.55,25.26,-8.64,-2.04
2576,0.08,61.05,-2.93,-20.18
2577,-2.36,-20.27,-5.29,-5.4
2578,-1.51,10.77,17.21,0.28
2579,-5.92,30.26,91.89,-10.6
2580,-6.91,-7.9,7.22,-14.94
2581,-13.33,-53.0,-56.65,-24.08
2582,-4.66,12.68,48.37,-20.33
2583,40.7,20.17,31.27,-3.8
2584,8.44,38.08,-13.97,-10.21
2585,-97.88,-4.47,83.31,-9.17
2586,-25.94,0.05,-66.56,-34.55
2587,-42.6,59.88,-9.04,-6.18
2588,0.41,51.14,13.61,-11.47
2589,-2.17,-51.31,26.67,-13.51
2590,-46.2,24.02,-24.13,-17.24
2591,-6.34,-0.09,6.77,-22.45
2592,-26.2,58.83,10.27,-13.01
2593,2.92,89.84,4.66,-10.17
2594,-7.75,-50.19,15.07,-1.05
2595,-32.0,-70.85,30.14,29.67
2596,-4.87,41.71,49.64,-52.31
2597,102.15,61.19,117.9,-23.4
2598,-66.4,-43.63,-97.98,-33.97
2599,-98.28,-5.83,-25.28,45.41
2600,-32.12,-30.31,-0.8,-70.51
2601,-8.09,14.26,16.2,2.87
2602,31.75,-1.78,8.39,-27.85
2603,-23.77,-5.95,60.0,-33.37
2604,-45.74,45.62,-19.08,-14.77
2605,8.2,50.67,-26.58,-4.17
2606,-2.42,66.52,9.81,-9.24
2607,10.0,-58.4,-0.51,-10.2
2608,-63.75,-34.33,3.47,-23.38
2609,-36.39,-4.24,17.87,-40.48
2610,15.39,48.3,83.83,10.89
2611,-16.48,51.74,44.56,12.55
2612,63.64,-51.84,-59.39,-8.74
2613,-122.28,37.71,105.92,33.58
2614,-7.84,13.64,-72.41,-79.78
2615,5.98,5.26,-18.94,-27.46
2616,-61.83,-6.29,0.24,-19.24
2617,-46.62,20.34,-1.08,-20.64
2618,23.58,60.24,56.3,-2.07
2619,-3.64,23.43,29.29,-22.73
2620,-40.82,32.09,7.71,-8.77
2621,9.04,34.25,-36.15,-29.38
2622,54.03,6.75,-2.4,-36.69
2623,-17.35,1.88,14.28,2.97
2624,-53.77,31.17,28.69,-39.28
2625,-45.28,91.7,-17.31,21.05
2626,-45.24,-24.4,45.03,1.48
2627,-24.76,8.22,-22.51,50.98
2628,-7.11,-15.7,124.85,-66.8
2629,-19.56,4.11,-23.74,-57.77
2630,-39.16,10.63,-48.35,-15.59
2631,8.51,35.96,-11.37,-0.92
2632,29.82,103.68,-1.65,-10.91
2633,-20.95,18.19,62.15,6.32
2634,-29.83,-34.87,58.05,-37.15
2635,57.81,71.17,-52.67,15.96
2636,-127.96,-2.5,9.52,-47.1
2637,-28.38,-31.47,-12.98,-66.29
2638,30.92,54.55,-3.83,28.12
2639,-5.64,38.13,3.59,-6.02
2640,-1.76,-20.28,104.83,-4.58
2641,-59.16,-0.61,-63.65,-23.7
2642,-1.81,-1.74,28.0,-8.79
2643,0.13,20.92,41.58,-4.47
2644,-29.83,48.17,-63.51,14.38
2645,-24.78,62.21,3.58,-47.65
2646,-24.14,-32.0,6.47,-12.42
2647,54.7,25.68,8.35,-14.2
2648,-2.06,35.9,73.13,-33.12
2649,-97.55,-4.44,-27.23,-12.71
2650,-43.43,-12.57,0.81,-20.75
2651,-18.54,11.52,71.84,-3.18
2652,-12.34,33.09,-35.04,-20.77
2653,-2.09,32.14,-8.14,3.38
2654,7.46,32.08,-13.19,-26.39
2655,112.11,34.34,31.58,-13.86
2656,-77.58,54.84,11.1,14.64
2657,-95.77,-3.72,83.3,6.85
2658,15.49,-27.6,2.71,-19.11
2659,66.24,72.6,-62.2,-20.35
2660,-117.31,64.82,-12.89,-12.04
2661,-36.26,-99.44,2.85,-32.35
2662,-38.0,-27.55,13.88,-0.46
2663,-12.29,75.95,79.49,-26.65
2664,-6.76,5.0,10.83,-40.35
2665,-19.39,-14.79,-37.38,0.79
2666,-23.1,14.95,62.28,6.54
2667,52.59,12.6,-54.33,-33.22
2668,-34.92,5.09,2.57,-30.33
2669,-36.24,13.37,79.2,49.65
2670,-17.05,11.83,46.24,-44.2
2671,97.8,22.14,-95.64,-19.75
2672,-130.56,79.14,-3.91,0.2
2673,-46.82,4.6,-10.95,-15.62
2674,-8.86,23.75,9.87,-26.16
2675,-24.33,44.0,5.69,13.0
2676,-38.68,-18.32,23.8,-23.48
2677,6.62,63.47,61.22,-31.44
2678,37.16,-60.68,50.26,-19.21
2679,9.77,-34.24,-43.67,-6.71
2680,-60.67,35.85,-7.23,-36.94
2681,-40.16,87.34,33.16,48.67
2682,-18.39,-18.12,77.16,-22.21
2683,-21.28,-12.63,16.05,-29.91
2684,33.78,3.7,-101.44,-45.94
2685,59.51,8.5,-22.68,2.03
2686,-121.23,10.69,28.22,-1.29
2687,-15.97,47.8,1.41,-11.77
2688,-42.86,70.96,25.77,-14.9
2689,32.45,55.26,30.03,-7.19
2690,19.69,25.38,-19.18,-44.58
2691,-79.44,-43.31,22.37,2.75
2692,-44.7,-35.59,10.68,-31.72
2693,50.31,57.04,-10.8,-1.38
2694,13.77,7.52,0.83,24.04
2695,-113.33,-16.78,-0.26,-13.32
2696,-12.13,-13.02,144.21,-19.22
2697,4.77,5.17,32.6,-32.14
2698,-38.14,30.18,-83.41,-34.76
2699,28.64,74.04,-70.01,-2.52
2700,1.93,35.2,15.45,-0.72
2701,-26.93,9.08,1.86,36.75
2702,-11.99,-42.09,58.83,-36.21
2703,-69.19,-8.05,-35.15,-22.51
2704,8.55,14.46,6.72,-21.45
2705,72.89,42.53,39.41,-4.99
2706,-87.03,45.54,-24.66,-2.87
2707,-75.3,-51.95,5.24,-12.39
2708,-13.11,12.06,32.37,-0.91
2709,-22.79,13.65,72.91,-13.73
2710,-43.62,23.41,23.19,-2.17
2711,113.74,58.9,-64.38,-34.19
2712,-26.33,70.87,7.04,-7.29
2713,-88.97,29.13,-18.83,6.68
2714,9.11,-30.44,-30.76,-17.12
2715,62.16,-8.75,26.7,-18.29
2716,-133.45,-15.8,71.66,47.28
2717,-37.85,11.95,-46.36,-46.83
2718,-27.51,-20.28,-7.5,-17.41
2719,-10.04,6.53,25.72,5.92
2720,-5.35,9.02,42.09,-53.86
2721,-14.78,53.16,1.33,-4.17
2722,-2.82,27.96,-21.24,21.19
2723,-30.37,-23.12,3.42,-24.41
2724,66.76,23.84,24.29,-21.18
2725,-70.28,20.09,-28.14,-17.5
2726,-37.09,65.96,34.94,-7.28
2727,99.32,31.1,7.49,12.17
2728,-34.09,-42.33,28.63,-42.21
2729,-111.25,8.01,22.65,-11.06
2730,-47.55,-20.93,-26.17,-14.61
2731,-17.37,-6.9,40.0,-23.29
2732,-12.21,-4.19,-18.66,-7.22
2733,-13.25,24.63,-13.78,32.56
2734,-5.36,35.56,33.82,-19.37
2735,-0.44,11.68,87.01,-35.85
2736,-14.53,15.35,-52.01,-19.67
2737,-39.16,-19.75,-38.03,16.49
2738,-3.3,25.9,-12.55,-32.22
2739,31.49,7.32,27.83,-19.2
2740,-45.74,49.46,-8.62,-19.06
2741,137.71,56.29,-1.54,9.27
2742,-148.11,22.45,15.43,-24.41
2743,-60.53,-36.69,90.59,-5.53
2744,-28.57,47.78,7.2,-29.88
2745,-35.82,-9.06,-42.69,5.09
2746,-38.17,-63.17,-26.84,-2.07
2747,-12.55,-27.8,-5.57,-47.71
2748,-2.54,17.01,78.54,10.23
2749,35.22,-15.48,49.01,-46.46
2750,-66.31,17.33,-74.04,34.78
2751,-20.4,30.61,-9.66,0.43
2752,-68.81,-9.08,-2.12,-37.38
2753,85.93,14.74,1.05,-28.08
2754,14.89,25.05,27.8,-18.49
2755,-62.26,30.24,-1.18,6.83
2756,23.48,78.35,23.88,-9.43
2757,-68.39,43.72,6.15,-23.19
2758,-36.38,15.82,154.14,19.65
2759,-26.15,-29.0,-108.64,-27.65
2760,-26.3,-39.04,117.8,-28.66
2761,7.72,-10.52,-68.11,-13.87
2762,3.48,11.91,-13.32,-2.4
2763,23.79,18.66,-28.06,-37.51
2764,27.53,6.91,10.24,17.01
2765,-100.17,54.06,2.39,5.31
2766,-65.95,-14.65,-1.42,-35.5
2767,-25.12,-7.4,8.06,-25.77
2768,51.23,69.58,24.49,13.22
2769,-56.41,-16.59,-0.47,-30.01
2770,-24.75,-11.63,46.66,-22.21
2771,-15.99,7.83,-13.71,-28.06
2772,18.78,91.22,-1.23,12.22
2773,11.25,-10.91,99.95,-24.79
2774,-68.94,-23.96,-20.01,-25.46
2775,-27.54,21.15,118.46,25.04
2776,20.24,-20.98,-96.47,-29.45
2777,49.8,19.18,-24.99,-54.97
2778,20.2,52.4,-24.21,-1.22
2779,-121.51,67.65,-3.87,5.65
2780,-59.16,-7.71,11.35,7.52
2781,-36.11,26.93,-3.97,-38.92
2782,-20.84,-27.56,15.04,-8.79
2783,1.94,-15.83,3.97,-8.61
2784,47.44,27.6,17.63,-13.88
2785,-42.73,77.19,-0.12,-10.51
2786,-2.01,60.98,19.8,-32.51
2787,-47.47,-61.78,6.41,24.22
2788,-10.06,-26.78,15.57,-36.14
2789,83.24,13.67,62.09,24.95
2790,-77.22,35.64,-3.83,-29.24
2791,25.09,16.5,-0.24,-28.24
2792,-26.1,-3.25,5.51,-23.8
2793,-47.09,5.24,-25.2,13.52
2794,-53.07,14.97,48.55,-34.71
2795,-20.9,59.05,-2.93,33.87
2796,-15.34,-1.87,-45.55,-53.72
2797,-9.04,18.28,-4.91,-14.8
2798,-17.71,-45.93,5.77,-4.06
2799,31.7,51.25,13.62,-32.45
2800,-14.77,57.21,12.04,11.93
2801,-45.97,-46.79,10.35,1.43
2802,41.2,-6.3,26.19,-14.56
2803,-71.3,4.94,87.68,-24.45
2804,64.87,6.63,0.99,-17.26
2805,-33.58,40.58,5.97,-7.58
2806,-37.31,60.5,-38.1,-11.03
2807,-44.56,25.28,-10.5,-26.53
2808,-38.7,-26.87,-18.64,8.9
2809,-34.05,25.71,6.23,-16.0
2810,-3.15,68.19,11.88,-14.8
2811,-9.46,-40.98,48.33,49.67
2812,-12.42,15.48,-32.26,-70.55
2813,14.14,-6.48,-3.76,-8.36
2814,-14.12,27.97,5.57,-39.29
2815,-27.16,-33.25,26.05,-0.97
2816,-3.75,-2.21,13.61,13.3
2817,45.36,51.52,32.67,-15.62
2818,-114.29,-12.74,92.23,-29.44
2819,-38.97,3.29,-90.95,-24.42
2820,39.84,-2.19,9.42,-2.8
2821,-34.15,5.21,-8.35,6.02
2822,-55.67,35.46,-27.29,-31.45
2823,-15.54,36.61,27.04,-0.4
2824,-1.29,119.61,-14.62,-31.44
2825,-5.0,14.17,-2.8,-23.72
2826,-10.68,-42.12,15.42,54.48
2827,159.6,45.85,-13.45,-55.81
2828,-137.15,-50.24,-12.32,-35.84
2829,-129.79,-37.97,11.64,-15.75
2830,-34.47,48.4,53.59,-0.86
2831,20.22,39.35,52.79,-15.18
2832,-10.55,-4.42,-54.73,-19.24
2833,-5.2,-15.37,21.27,-17.26
2834,-18.05,-7.91,68.38,-21.89
2835,33.56,47.64,28.89,-29.65
2836,-17.52,95.99,-45.24,-13.36
2837,-45.9,-7.58,-33.25,13.33
2838,3.19,51.38,-17.06,-23.86
2839,36.31,-61.26,-5.96,-17.87
2840,-11.06,15.03,-3.06,-43.13
2841,-74.34,63.42,15.98,13.4
2842,-88.24,8.42,-2.9,17.63
2843,-35.45,-30.98,-1.69,-28.22
2844,2.46,8.99,55.09,26.67
2845,7.86,13.57,-15.06,-29.72
2846,-4.38,13.62,-7.12,-42.8
2847,-0.44,-3.65,33.17,-25.24
2848,-26.79,41.82,42.81,-17.59
2849,22.05,16.42,-35.18,-17.01
2850,-48.18,7.13,-11.25,-30.02
2851,-22.88,92.9,186.68,-6.71
2852,-2.65,-5.39,-18.27,-15.57
2853,-11.57,-49.94,-109.74,1.47
2854,-6.05,36.16,-22.39,-35.58
2855,29.63,42.57,0.37,25.79
2856,8.49,25.81,-4.54,-29.01
2857,-131.52,-19.69,-2.75,6.36
2858,-15.09,15.45,19.61,-28.29
2859,-23.22,-9.61,43.09,-10.44
2860,-7.06,13.74,-14.46,22.8
2861,-9.29,23.28,-7.17,-15.4
2862,-11.27,59.67,18.01,-31.83
2863,-13.04,-8.42,1.25,-31.27
2864,4.58,13.88,212.64,-20.77
2865,-11.02,56.13,-100.42,-7.87
2866,144.31,-4.52,-35.59,-14.97
2867,-120.6,-2.35,-2.33,-4.73
2868,-107.15,-37.95,-27.53,-9.52
2869,-22.53,8.4,6.2,-47.31
2870,-25.55,-9.84,0.46,-9.99
2871,15.5,-12.01,7.27,-22.32
2872,-50.82,-14.21,9.46,13.77
2873,-7.99,-6.3,-4.76,2.26
2874,-2.35,-12.07,2.11,-27.72
2875,-15.84,7.32,5.45,-13.34
2876,4.42,84.36,29.13,32.48
2877,89.48,100.45,39.56,-49.42
2878,46.71,-58.96,-20.58,-17.13
2879,-184.83,-49.45,93.4,-41.51
2880,-24.25,27.6,0.03,-7.8
2881,-40.25,-47.94,-29.41,10.97
2882,14.59,-25.25,3.6,-36.61
2883,-18.14,-20.66,9.93,-26.27
2884,-41.99,-1.19,15.27,-23.86
2885,-13.87,14.08,-29.79,-9.95
2886,-13.66,12.77,7.78,10.76
2887,-1.68,17.7,-15.76,-52.76
2888,-18.39,9.59,-6.46,3.38
2889,-22.18,21.38,20.9,-23.42
2890,101.47,96.93,3.33,1.95
2891,5.29,12.53,53.98,-22.33
2892,-107.73,-41.75,8.15,-4.16
2893,-57.72,17.66,51.32,-14.95
2894,6.38,-13.49,-31.29,-18.36
2895,-74.8,-5.25,-11.37,-4.01
2896,34.96,29.06,-7.05,-2.59
2897,0.46,54.26,14.83,-58.74
2898,-29.22,10.95,80.92,6.14
2899,-29.73,-23.99,7.82,-19.63
2900,-14.58,54.98,-19.08,-11.56
2901,86.49,26.62,10.09,13.75
2902,-38.91,-43.5,17.35,-30.4
2903,-96.28,31.62,-27.87,-25.01
2904,22.49,54.6,-15.81,49.61
2905,-58.74,-59.2,-2.87,-74.59
2906,-27.99,-4.7,7.03,-23.85
2907,-22.91,3.81,26.13,-23.85
2908,-13.9,17.27,63.06,-8.64
2909,12.07,-6.94,50.66,-8.61
2910,39.53,58.05,-65.58,7.56
2911,-72.58,-20.75,-18.53,-42.77
2912,-4.45,54.14,97.22,-3.98
2913,-23.8,18.7,-48.19,-10.68
2914,32.49,-24.51,-24.12,-17.15
2915,81.03,-20.94,0.35,1.5
2916,-112.56,54.94,36.02,3.98
2917,-72.6,1.26,62.32,-53.09
2918,-14.72,-10.01,-15.25,43.07
2919,-18.71,-20.94,-43.62,-10.64
2920,16.59,7.81,-18.16,-44.65
2921,-37.36,-22.04,3.36,-31.81
2922,-29.02,7.34,16.15,-6.27
2923,1.91,52.65,53.8,-15.19
2924,42.81,79.31,21.55,-7.05
2925,-60.31,24.72,49.88,12.46
2926,-16.86,3.53,-69.7,-6.41
2927,-35.75,-61.2,2.03,-41.48
2928,104.91,-2.54,43.18,-24.78
2929,-89.19,57.37,21.21,-24.19
2930,-52.49,12.02,19.86,-8.53
2931,-19.3,-31.85,-46.33,-10.25
2932,-42.27,-15.0,-8.94,0.21
2933,0.92,32.46,24.92,20.77
2934,-29.26,-25.52,24.95,-25.47
2935,-15.62,9.88,-13.04,-34.62
2936,31.71,76.5,42.16,-0.25
2937,-40.92,13.51,0.64,7.84
2938,-4.93,-19.36,20.97,-45.45
2939,84.0,4.68,-20.82,-25.43
2940,-88.93,25.83,124.64,31.75
2941,6.98,41.34,-17.13,-39.69
2942,-62.96,32.29,-88.15,-3.98
2943,8.13,53.84,12.8,-27.86
2944,-69.34,-13.43,-12.68,-3.25
2945,-20.77,-40.6,10.5,-50.28
2946,-16.96,17.01,-0.39,-10.33
2947,-5.68,-11.95,36.01,-0.75
2948,-2.0,21.45,-2.55,-10.93
2949,16.66,31.03,23.85,-14.52
2950,-41.86,19.36,-11.36,-26.83
2951,-18.73,26.17,53.61,20.15
2952,-5.03,35.63,92.12,-14.78
2953,125.22,67.25,-74.19,-39.85
2954,-17.39,50.45,1.46,5.36
2955,-169.6,-83.45,1.43,-21.06
2956,-43.47,-45.16,-1.65,-21.55
2957,62.76,16.89,2.78,-6.16
2958,-76.94,34.83,2.37,17.37
2959,-51.2,6.05,-2.91,-7.04
2960,-21.31,25.67,-3.79,-42.4
2961,-9.75,9.46,50.8,-52.84
2962,13.07,48.87,-31.96,-21.85
2963,8.13,83.49,13.6,21.27
2964,-25.65,-26.63,5.92,-27.8
2965,120.51,17.6,1.94,-23.36
2966,-85.01,4.15,-10.8,-22.85
2967,-98.59,61.79,158.07,10.45
2968,-4.74,61.2,45.56,-13.71
2969,-18.16,-61.24,-115.24,2.22
2970,-41.34,12.6,-15.32,-41.57
2971,-27.03,-31.84,51.78,-12.5
2972,13.35,11.83,-57.16,-11.45
2973,-35.85,67.27,-11.56,3.25
2974,-22.47,-0.8,22.06,16.25
2975,-26.18,-31.94,-14.2,-43.94
2976,-28.97,-19.02,23.81,-37.82
2977,81.48,0.96,22.18,-27.27
2978,-72.64,25.54,-5.68,-2.64
2979,-31.97,50.24,43.13,-28.7
2980,-8.17,38.19,-26.04,7.53
2981,65.07,4.92,8.1,-50.65
2982,-30.79,14.53,60.74,-28.57
2983,-80.33,26.08,9.61,-7.28
2984,-33.57,14.32,61.71,-13.09
2985,-23.07,-16.26,-29.71,4.65
2986,-18.66,15.21,5.54,-12.52
2987,-7.06,73.27,26.14,-12.31
2988,-30.44,-8.66,-56.79,-32.25
2989,-0.47,0.39,2.1,-13.25
2990,98.68,70.03,6.77,43.67
2991,-10.21,25.47,-3.93,-71.98
2992,-133.83,6.15,8.71,4.09
2993,-3.25,-47.17,8.16,-16.84
2994,-47.59,13.83,27.29,-34.45
2995,2.95,38.73,18.28,-5.84
2996,67.47,69.98,-9.46,-18.72
2997,-82.1,34.33,8.07,32.97
2998,-57.74,-49.16,54.83,-47.53
2999,-13.16,9.08,99.05,-34.89
