,ch1,ch2,ch3,ch4
0,-26.58,-467.17,-82.03,14.47
1,-8.2,-410.45,-104.12,4.74
2,-26.61,-450.35,-133.39,6.59
3,-30.09,-519.87,-115.3,23.23
4,-8.24,-465.94,-123.02,7.24
5,-35.92,-474.53,-88.39,29.87
6,-45.5,-435.49,-199.87,-11.1
7,20.55,-459.79,-74.34,18.01
8,-12.19,-489.03,-50.92,38.75
9,-27.01,-427.63,-69.79,8.9
10,-54.66,-438.32,-106.8,17.13
11,35.18,-361.57,-120.46,5.82
12,14.9,-478.0,-139.98,34.09
13,-14.85,-463.49,-106.3,17.6
14,-35.45,-474.64,-149.71,20.4
15,-8.72,-518.23,-104.69,26.07
16,-37.89,-511.16,-139.35,8.96
17,-31.64,-421.48,-151.71,-17.79
18,-22.79,-486.67,-17.39,48.85
19,-18.28,-505.63,-75.8,37.66
20,-11.53,-483.49,-96.28,40.86
21,-22.86,-467.68,-105.3,21.65
22,-7.69,-455.99,-117.87,9.42
23,-18.73,-452.83,-103.0,20.9
24,-70.79,-457.92,-103.61,31.37
25,32.6,-472.51,-152.91,15.84
26,29.05,-420.02,-89.25,19.69
27,-43.45,-510.95,-91.08,20.5
28,-18.7,-465.82,-106.0,17.51
29,-7.32,-414.82,-155.4,3.2
30,-19.12,-497.36,-135.96,23.47
31,-1.96,-420.11,-97.16,-0.82
32,-55.25,-527.07,-73.76,46.06
33,-0.92,-408.87,-95.0,-1.76
34,-8.51,-375.86,-147.57,-19.23
35,-53.95,-527.86,-132.43,43.32
36,-5.53,-479.2,-111.46,7.64
37,-30.74,-526.22,-83.17,41.85
38,-8.72,-496.47,-133.68,12.06
39,-25.4,-465.93,-71.72,37.76
40,6.44,-447.88,-94.91,28.16
41,-16.19,-459.95,-87.93,17.86
42,-11.55,-469.53,-133.36,1.97
43,25.99,-385.43,-126.33,-20.6
44,-40.12,-489.07,-79.9,35.97
45,-41.24,-524.95,-108.31,25.7
46,-30.84,-494.27,-204.14,1.66
47,-11.56,-431.3,-135.1,8.78
48,7.54,-402.23,-82.42,6.12
49,-65.79,-453.95,-53.38,24.9
50,14.58,-460.61,-99.38,9.51
51,-9.12,-528.77,-80.45,49.96
52,-10.83,-468.65,-128.49,16.32
53,0.08,-457.65,-122.19,14.12
54,-36.59,-484.12,-51.31,38.34
55,-22.68,-454.74,-112.56,20.24
56,-11.54,-384.93,-180.8,3.58
57,11.11,-464.36,-113.1,8.24
58,-32.81,-501.54,-90.5,45.69
59,-35.27,-519.53,-103.83,37.71
60,-23.19,-506.98,-111.53,25.76
61,-9.49,-462.19,-97.23,22.78
62,-26.7,-474.89,-95.27,34.12
63,-30.35,-484.98,-104.2,27.56
64,-34.93,-470.94,-97.43,23.78
65,-41.59,-468.07,-105.75,16.51
66,-39.64,-415.2,-233.21,-3.81
67,77.33,-299.38,-292.67,-23.18
68,-2.06,-534.61,-34.45,34.53
69,-12.29,-492.91,1.94,58.86
70,-37.52,-504.01,-82.58,33.35
71,-23.84,-493.42,-95.4,32.65
72,-33.86,-492.83,-98.95,25.28
73,-33.4,-481.46,-103.01,23.17
74,-26.74,-473.4,-105.72,23.46
75,-30.34,-451.21,-106.07,20.52
76,-29.07,-367.65,-111.43,-2.49
77,95.19,-283.68,-163.64,-36.33
78,-42.06,-472.63,-184.38,12.42
79,-48.18,-596.94,-37.11,73.07
80,-4.91,-485.95,-67.96,37.48
81,-24.4,-524.45,-92.69,42.66
82,-24.97,-502.45,-96.78,27.14
83,-35.37,-491.54,-97.99,25.6
84,-41.55,-472.58,-96.24,21.82
85,-13.25,-466.14,-176.1,10.26
86,1.45,-453.14,-87.61,22.16
87,25.93,-401.16,-114.99,4.73
88,30.8,-332.67,-194.26,-22.32
89,-27.85,-441.29,-153.29,-9.64
90,-39.92,-560.99,-59.05,32.51
91,-56.47,-535.35,-60.49,44.62
92,-32.34,-500.63,-138.85,10.9
93,-26.93,-487.22,-81.25,25.64
94,-21.94,-465.95,-85.26,26.26
95,-51.3,-467.56,-93.61,17.92
96,-109.55,-452.11,-95.76,17.53
97,-5.53,-442.17,-99.99,18.7
98,91.34,-441.58,-110.74,12.37
99,38.99,-428.26,-137.36,-3.37
100,27.52,-317.6,-123.17,-26.88
101,-27.77,-514.35,-163.13,10.69
102,-20.12,-505.22,-57.33,29.53
103,-41.77,-547.94,-71.33,27.66
104,-27.94,-488.62,-91.27,23.17
105,-14.84,-370.62,-119.65,-5.37
106,-46.75,-522.91,-239.16,-11.38
107,-24.92,-453.11,-14.12,3.39
108,54.92,-272.71,-94.32,-28.92
109,-49.98,-571.19,-146.79,41.81
110,-12.59,-517.07,-107.25,37.45
111,-48.45,-512.93,-151.93,28.98
112,-28.92,-494.48,-21.49,35.03
113,-15.74,-463.7,-100.55,13.24
114,-14.31,-466.31,-71.77,36.79
115,-4.65,-454.13,-148.94,6.92
116,-16.94,-432.44,-168.58,-7.0
117,-65.0,-489.29,-65.45,26.72
118,-8.77,-476.27,-130.68,5.5
119,-35.42,-401.89,-60.76,7.64
120,49.97,-344.28,-108.08,-17.4
121,3.17,-482.21,-102.17,18.24
122,-17.41,-494.34,-193.5,5.15
123,-28.54,-524.68,-187.71,26.06
124,-24.52,-499.03,-35.7,23.47
125,-36.85,-477.65,-120.87,-13.53
126,-7.12,-450.17,-31.96,34.55
127,-7.09,-445.78,-121.97,5.77
128,-36.23,-494.96,-113.88,25.8
129,-28.63,-473.33,-41.49,37.44
130,-25.21,-484.71,-89.6,27.97
131,-19.39,-461.54,-132.1,4.12
132,-7.98,-409.64,-88.55,1.28
133,1.39,-444.24,-99.9,0.09
134,-50.57,-479.06,-104.37,17.98
135,-30.04,-469.44,-125.09,16.5
136,-112.16,-524.15,-89.09,29.84
137,0.3,-448.52,-100.59,20.41
138,56.82,-416.98,-90.35,9.31
139,54.51,-345.12,-214.43,-24.67
140,-44.0,-505.17,-106.3,14.13
141,-27.51,-468.11,-83.42,33.96
142,-18.35,-534.36,-140.33,10.59
143,-51.69,-531.59,-36.26,44.01
144,-26.36,-482.3,-106.39,18.71
145,4.77,-484.27,-169.45,-3.37
146,-21.76,-467.89,-81.33,23.07
147,19.82,-376.71,-59.24,8.63
148,-77.45,-466.75,-81.26,29.96
149,9.07,-485.01,-83.58,25.38
150,8.91,-490.03,-97.35,10.95
151,-24.5,-489.35,-102.35,16.09
152,-17.06,-458.98,-67.36,12.8
153,-36.27,-468.04,-106.31,12.16
154,13.31,-373.65,-117.07,-13.23
155,32.54,-386.27,-126.69,-3.34
156,-40.94,-540.56,-109.71,25.3
157,-31.85,-509.23,-59.87,23.22
158,-16.38,-467.56,-96.7,-1.54
159,-13.94,-444.82,-105.72,-3.79
160,-28.48,-408.88,-120.3,-4.73
161,-21.82,-530.24,-147.05,17.9
162,-57.64,-503.42,-46.41,31.68
163,-18.99,-446.05,-213.33,-11.23
164,-16.92,-482.39,-206.78,6.65
165,10.99,-474.57,-48.11,19.85
166,-1.5,-498.63,-28.71,22.66
167,5.42,-395.79,-71.54,12.49
168,-32.83,-455.34,-84.22,15.97
169,-39.17,-491.25,-92.14,23.3
170,-3.65,-478.72,-87.59,15.8
171,-16.95,-472.6,-92.09,11.25
172,-7.44,-449.86,-93.86,7.26
173,-34.9,-478.81,-85.13,26.27
174,-32.94,-468.84,-131.91,-1.05
175,-7.41,-413.5,-92.47,0.95
176,-41.41,-469.86,-104.51,13.21
177,0.24,-407.63,-111.48,4.24
178,-39.63,-503.01,-94.58,30.82
179,-45.44,-520.61,-98.74,22.67
180,-32.7,-460.52,-97.09,3.71
181,-34.29,-392.52,-98.52,22.5
182,13.36,-459.32,-155.74,10.0
183,-11.41,-478.63,-97.58,24.34
184,-6.11,-489.17,-74.25,33.96
185,-8.85,-443.44,-210.75,-5.8
186,0.89,-487.45,-115.02,24.35
187,-36.48,-518.21,-92.2,25.05
188,-27.72,-484.55,-78.41,28.24
189,-21.77,-466.94,-48.04,13.33
190,-16.34,-461.97,-102.48,14.89
191,-2.7,-395.05,-85.74,11.04
192,-34.72,-448.82,-98.83,18.22
193,-50.09,-508.15,-133.63,18.7
194,-29.58,-479.39,-102.16,11.65
195,-20.39,-472.41,-75.47,18.31
196,-26.82,-445.93,-96.69,-0.91
197,-23.47,-460.54,-106.73,2.46
198,6.01,-444.25,-103.7,31.48
199,-9.93,-410.66,-96.09,2.91
200,-0.26,-486.51,-104.37,20.57
201,-8.47,-466.94,-96.34,28.05
202,-45.74,-504.39,-125.96,19.5
203,-39.29,-502.63,-122.41,21.93
204,-17.76,-482.86,-84.93,21.52
205,-24.1,-469.94,-87.52,21.24
206,-41.32,-470.83,-98.92,17.98
207,-7.24,-466.94,-107.86,26.64
208,-22.43,-452.21,-93.29,21.58
209,-27.1,-450.26,-115.83,9.7
210,-13.75,-472.53,-106.29,16.22
211,-12.39,-443.09,-81.2,25.5
212,-6.52,-427.81,-101.12,12.89
213,8.45,-403.18,-139.8,-4.03
214,-35.75,-493.33,-92.41,25.07
215,-38.95,-471.58,-73.65,28.91
216,-22.49,-495.65,-105.34,28.71
217,3.75,-460.28,-99.67,27.47
218,-52.68,-499.13,-103.07,22.69
219,-30.07,-489.84,-94.64,35.47
220,14.46,-476.24,-102.59,29.67
221,-18.98,-474.28,-103.43,27.09
222,-13.21,-459.54,-106.76,22.84
223,-10.15,-452.17,-108.55,16.84
224,-26.04,-466.26,-102.88,30.15
225,-34.6,-470.23,-86.15,37.64
226,-18.88,-461.2,-116.25,20.78
227,-25.27,-460.95,-94.85,32.06
228,-24.28,-468.28,-97.64,30.91
229,-38.15,-464.3,-100.88,28.18
230,-20.94,-459.37,-96.3,25.16
231,-6.29,-471.68,-99.87,22.87
232,-23.35,-466.62,-95.21,21.9
233,-31.93,-462.23,-98.24,21.27
234,30.2,-431.3,-103.69,10.87
235,-13.79,-453.36,-99.1,25.74
236,-20.52,-472.39,-104.25,22.47
237,-22.35,-459.81,-97.85,16.72
238,-48.28,-480.4,-91.68,28.12
239,-22.61,-478.39,-93.82,23.92
240,-24.31,-452.91,-99.4,15.86
241,-14.51,-449.89,-101.05,4.53
242,-28.14,-453.74,-104.42,-12.79
243,28.13,-472.72,-100.15,19.75
244,-10.86,-471.06,-90.68,33.98
245,-38.36,-460.19,-89.26,43.95
246,-7.2,-464.66,-97.52,29.77
247,-14.21,-469.87,-99.92,-2.66
248,-55.53,-457.03,-105.19,-20.48
249,-23.96,-450.83,-92.14,32.17
250,38.94,-469.0,-104.29,31.9
251,-36.4,-479.68,-95.46,26.8
252,-35.78,-469.66,-88.9,35.54
253,-33.98,-468.32,-96.7,42.91
254,-26.71,-472.64,-92.15,29.67
255,-44.07,-469.52,-98.33,24.87
256,-21.08,-462.87,-101.1,17.64
257,9.65,-474.59,-101.48,11.78
258,-45.14,-497.99,-98.63,35.0
259,-10.75,-459.74,-99.86,28.57
260,-26.29,-455.84,-106.79,-3.85
261,11.05,-444.16,-126.72,-88.77
262,-0.8,-431.62,-136.99,-86.89
263,-18.25,-485.01,-67.86,124.45
264,-22.85,-474.47,-86.99,86.26
265,-28.77,-456.48,-89.64,53.01
266,-56.7,-472.5,-87.72,49.93
267,-70.84,-463.12,-89.59,41.32
268,24.45,-468.28,-95.69,39.21
269,-12.93,-475.27,-98.37,25.91
270,1.45,-439.21,-97.42,24.6
271,-23.69,-467.14,-97.75,38.85
272,-45.45,-483.48,-98.33,16.99
273,-10.64,-462.52,-107.34,-13.16
274,26.72,-450.19,-107.11,3.05
275,-41.4,-472.38,-103.33,4.65
276,-17.74,-494.3,-90.71,42.8
277,-32.09,-476.88,-85.51,71.68
278,-35.12,-471.81,-101.09,43.73
279,-24.55,-471.78,-98.25,37.29
280,-36.8,-459.11,-105.01,23.89
281,-33.16,-472.34,-99.2,34.85
282,-12.91,-474.58,-102.89,29.76
283,9.24,-453.09,-116.72,-10.54
284,-21.75,-460.88,-118.6,-10.8
285,-18.36,-484.15,-89.11,82.94
286,-20.61,-471.89,-100.07,55.2
287,-13.96,-458.97,-102.83,41.23
288,-5.95,-447.46,-91.24,36.96
289,-43.66,-483.67,-99.33,32.69
290,-31.31,-472.07,-103.19,36.52
291,6.74,-454.41,-104.15,37.38
292,-41.13,-480.44,-104.52,26.73
293,-10.31,-471.26,-99.29,30.6
294,-52.72,-465.27,-120.83,33.28
295,-14.42,-462.35,-147.89,38.6
296,-31.71,-455.54,-64.98,53.57
297,33.71,-449.65,-124.92,-59.63
298,-35.01,-486.51,-102.88,-48.9
299,-8.79,-468.95,-95.39,37.15
300,5.23,-470.03,-100.82,18.82
301,1.42,-444.03,-105.03,32.42
302,-53.04,-491.3,-100.44,45.56
303,-22.88,-473.01,-111.44,-6.98
304,-2.9,-455.93,-128.53,-39.38
305,-31.68,-485.57,-90.66,79.86
306,-10.73,-482.39,-96.77,70.43
307,-31.51,-479.97,-106.55,41.2
308,-56.84,-476.64,-108.21,27.42
309,4.19,-457.7,-102.87,33.21
310,-26.9,-480.77,-117.24,-0.15
311,-9.52,-465.48,-118.14,-0.76
312,-14.24,-470.86,-111.29,7.99
313,49.47,-448.39,-120.74,-2.35
314,-27.21,-478.03,-107.06,22.86
315,-27.55,-451.34,-123.83,-17.31
316,-12.12,-446.24,-173.48,-181.92
317,30.23,-436.3,-178.11,-177.82
318,-53.36,-527.89,-38.14,250.33
319,-78.22,-466.68,-146.94,26.93
320,20.49,-451.16,-168.16,-41.77
321,-66.07,-483.33,-180.7,4.51
322,8.54,-466.6,-240.88,-137.49
323,11.54,-490.0,-153.92,-37.73
324,-4.02,-457.84,-45.96,109.11
325,-0.66,-478.89,-105.32,14.77
326,-55.19,-469.26,-75.99,26.03
327,14.66,-427.45,-250.86,-217.45
328,-119.3,-426.57,-490.66,-394.07
329,57.18,-517.96,46.38,159.02
330,9.23,-475.08,-65.8,7.05
331,-14.24,-497.97,-94.83,27.7
332,-13.12,-493.35,-95.55,32.19
333,-20.7,-517.93,-157.54,66.3
334,-1.94,-485.14,-116.99,-131.19
335,-55.89,-504.84,-121.53,-22.68
336,-75.28,-516.01,-91.06,105.58
337,22.06,-466.15,-246.64,-41.53
338,-55.41,-511.12,-114.06,14.33
339,4.13,-511.56,-92.7,-53.27
340,-12.36,-513.79,-119.39,15.96
341,-32.02,-466.13,-163.12,-45.17
342,22.7,-469.57,-161.7,-4.8
343,-3.8,-553.67,-119.83,45.44
344,-20.08,-506.9,-132.46,37.79
345,-15.46,-485.14,-230.23,-218.82
346,-45.46,-510.97,-81.44,48.36
347,-9.52,-472.99,-68.66,83.8
348,-16.67,-475.78,-115.11,16.68
349,-9.74,-481.05,-120.15,-4.79
350,-17.83,-476.79,-105.71,-45.4
351,-11.48,-475.52,-513.22,-167.38
352,-13.99,-506.62,-62.96,-24.78
353,-18.52,-504.61,17.51,102.38
354,-48.41,-473.44,-102.13,18.2
355,-3.94,-444.16,-168.97,-74.18
356,19.06,-479.45,-159.86,15.26
357,-19.99,-415.03,-307.6,-21.55
358,-49.94,-452.48,-119.12,-26.71
359,-22.13,-432.8,-1.51,-2.45
360,13.01,-438.63,-103.66,-8.93
361,-6.86,-453.53,-105.05,10.88
362,-19.77,-452.2,-112.57,15.81
363,-109.9,-430.23,-120.71,-11.97
364,-10.44,-435.13,-143.72,-20.59
365,88.04,-445.76,-151.56,-78.07
366,-3.0,-471.81,-93.69,52.36
367,-41.54,-460.63,-109.77,26.11
368,-4.58,-418.78,-120.76,7.74
369,-17.94,-461.58,-126.59,-7.03
370,-29.4,-460.4,-228.84,-53.81
371,-58.18,-465.47,-242.53,-43.53
372,-0.57,-452.5,-32.74,49.77
373,-11.46,-467.61,-137.45,16.23
374,-97.0,-461.21,-130.51,-34.82
375,47.78,-440.95,-75.22,-6.62
376,10.33,-463.56,-74.61,44.59
377,0.83,-450.39,-100.29,16.21
378,-16.02,-458.36,-109.65,4.64
379,-37.23,-463.51,-111.57,-1.45
380,-49.18,-433.13,-156.48,-116.79
381,-16.56,-434.02,-154.47,-7.45
382,-1.76,-513.25,-30.67,116.08
383,-20.07,-452.91,-100.53,29.39
384,7.4,-461.81,-102.89,20.32
385,-14.54,-460.31,-99.77,12.47
386,-17.48,-462.79,-107.51,4.79
387,-52.34,-451.31,-109.67,5.0
388,-34.75,-459.45,-228.66,-6.2
389,-21.94,-464.86,-178.67,-40.97
390,-7.13,-462.23,-4.69,11.22
391,-12.87,-426.46,-80.15,3.7
392,16.71,-463.66,-98.02,5.85
393,-2.85,-451.63,-104.79,-10.11
394,-10.8,-441.15,-89.69,54.59
395,-20.72,-447.88,-108.2,3.31
396,-36.24,-448.18,-105.42,24.03
397,-19.21,-466.14,-109.49,10.39
398,-8.44,-463.99,-111.27,10.62
399,-7.2,-479.74,-103.04,9.46
400,-36.98,-478.43,-109.36,6.46
401,7.04,-475.68,-106.09,-2.74
402,-15.76,-473.69,-102.1,9.65
403,-49.25,-472.88,-107.36,8.43
404,-81.33,-477.05,-109.36,10.89
405,54.5,-460.61,-128.77,-30.67
406,-4.9,-459.91,-113.73,12.94
407,-22.5,-445.19,-79.68,20.41
408,6.7,-461.55,-104.74,-13.12
409,-9.78,-456.1,-117.98,-54.59
410,-32.04,-470.85,-81.54,76.63
411,-28.55,-442.84,-92.44,20.14
412,-104.0,-433.47,-102.41,5.3
413,36.3,-440.08,-101.42,19.23
414,23.84,-432.28,-103.31,20.47
415,-10.9,-430.9,-100.66,12.75
416,-24.88,-443.97,-100.53,16.02
417,-81.31,-436.39,-102.76,12.7
418,12.69,-416.32,-102.95,18.86
419,10.88,-427.34,-103.52,-3.83
420,1.64,-453.78,-99.44,27.63
421,-3.04,-415.59,-93.58,17.32
422,-21.02,-461.73,-98.44,28.64
423,-20.28,-472.79,-103.3,8.84
424,-65.26,-460.85,-112.03,-20.17
425,14.91,-468.85,-103.44,40.74
426,-19.32,-472.37,-91.18,31.76
427,-24.78,-468.21,-95.31,27.73
428,-10.61,-456.31,-102.51,21.92
429,-13.27,-454.15,-103.06,21.54
430,-35.44,-453.12,-99.49,2.64
431,-89.85,-452.11,-99.67,6.52
432,26.44,-432.79,-93.92,14.97
433,-12.46,-452.2,-93.24,33.67
434,8.75,-441.37,-92.75,29.52
435,-16.02,-440.09,-88.72,28.25
436,-22.87,-434.68,-92.29,25.93
437,-83.61,-452.1,-86.21,23.19
438,-3.76,-446.09,-97.7,20.02
439,21.11,-458.55,-93.91,19.38
440,-7.22,-465.45,-97.37,25.76
441,-12.36,-460.01,-90.9,26.4
442,-19.01,-467.79,-96.24,23.62
443,-44.65,-480.38,-97.75,29.36
444,-14.0,-463.26,-100.51,16.45
445,-40.77,-448.68,-104.15,10.58
446,7.26,-473.9,-100.4,43.23
447,-89.51,-450.37,-94.72,56.56
448,39.4,-469.28,-98.46,16.26
449,4.27,-482.18,-102.52,49.75
450,-18.94,-478.21,-105.9,42.19
451,-9.56,-471.65,-102.36,35.82
452,-16.71,-482.39,-96.92,38.95
453,-24.72,-480.83,-96.12,41.76
454,-33.26,-470.69,-100.94,28.91
455,-24.34,-468.6,-160.66,19.7
456,-5.66,-461.66,-88.39,9.39
457,-19.0,-461.96,-71.3,46.75
458,-25.41,-473.46,-88.4,43.27
459,-25.16,-474.8,-100.49,31.14
460,-27.7,-478.43,-101.2,35.44
461,-58.07,-463.83,-98.95,34.26
462,-27.3,-454.51,-95.73,31.16
463,-33.15,-482.35,-100.63,30.26
464,-1.79,-472.81,-99.83,42.59
465,10.45,-485.01,-97.7,33.0
466,-51.9,-484.31,-100.73,37.73
467,14.71,-481.15,-101.4,32.58
468,-0.58,-468.45,-99.62,30.14
469,-4.7,-470.19,-104.74,21.28
470,-28.54,-471.29,-93.48,42.76
471,-24.7,-458.19,-97.68,29.39
472,-30.48,-462.61,-98.22,42.76
473,-1.56,-470.56,-99.38,35.91
474,-44.67,-466.07,-98.75,29.49
475,-37.47,-458.86,-96.42,28.14
476,-19.08,-445.54,-105.68,25.34
477,-23.53,-450.49,-107.98,2.84
478,-37.65,-479.35,-89.13,54.25
479,-2.66,-482.56,-99.88,39.52
480,-16.21,-481.44,-100.2,23.36
481,13.08,-464.56,-101.22,20.7
482,-10.22,-475.95,-92.04,52.98
483,-30.87,-475.42,-92.51,38.89
484,-8.56,-468.22,-95.68,35.27
485,-15.32,-466.66,-98.2,33.86
486,-13.87,-469.91,-101.55,30.5
487,-60.99,-469.02,-96.41,35.45
488,-49.56,-443.76,-102.74,20.03
489,12.08,-473.26,-101.07,18.84
490,-2.49,-478.1,-93.71,37.38
491,-26.48,-460.54,-94.2,28.54
492,-91.7,-477.91,-99.97,24.64
493,47.67,-480.82,-105.59,28.65
494,-9.71,-479.51,-96.56,26.27
495,-12.99,-476.72,-98.13,23.47
496,-11.79,-474.71,-98.62,32.11
497,-36.65,-467.85,-103.19,26.38
498,-28.71,-472.14,-98.94,26.57
499,-27.09,-469.92,-104.79,25.39
500,3.73,-470.53,-103.95,23.53
501,-34.89,-448.5,-101.31,22.5
502,-0.12,-469.53,-97.52,29.26
503,-35.64,-468.88,-99.54,24.99
504,-6.17,-469.74,-93.47,26.02
505,-21.19,-462.87,-98.8,14.27
506,-52.84,-458.75,-108.99,-3.77
507,29.31,-486.59,-121.63,47.47
508,-12.99,-476.35,-117.17,-4.67
509,-25.77,-482.81,-62.96,66.61
510,-7.94,-466.46,-88.73,44.25
511,-21.53,-462.42,-94.43,34.27
512,-42.07,-467.39,-96.22,32.97
513,-29.12,-472.47,-103.67,32.2
514,-33.2,-450.13,-99.46,24.65
515,-8.22,-467.15,-99.3,24.83
516,1.14,-462.36,-96.23,30.23
517,-4.75,-477.85,-98.5,29.04
518,-14.9,-472.32,-101.62,28.93
519,-50.58,-459.23,-95.54,32.09
520,-21.74,-484.69,-103.13,28.75
521,4.71,-480.24,-100.59,38.37
522,-0.76,-475.37,-101.0,34.94
523,-18.65,-478.18,-104.23,26.08
524,-25.15,-478.19,-100.63,30.69
525,-14.87,-479.86,-101.61,42.79
526,-66.56,-476.03,-92.64,32.05
527,16.68,-463.04,-98.86,31.94
528,-74.32,-459.36,-102.15,23.8
529,11.06,-473.99,-101.01,28.97
530,11.27,-473.11,-100.85,35.35
531,-6.9,-465.14,-93.89,30.45
532,-17.41,-471.3,-93.82,29.63
533,-19.49,-472.88,-98.13,32.08
534,-19.45,-459.65,-95.19,37.53
535,-76.97,-464.73,-97.72,33.9
536,-7.9,-451.71,-94.85,28.89
537,-4.94,-470.19,-101.76,36.17
538,-15.92,-465.24,-103.63,46.92
539,1.16,-462.09,-106.03,9.56
540,-12.37,-461.03,-94.41,36.03
541,-33.5,-444.17,-102.77,32.99
542,6.95,-445.77,-102.39,39.13
543,-3.71,-468.52,-104.08,29.49
544,-19.18,-465.7,-103.24,29.18
545,-39.61,-458.71,-105.21,20.89
546,-10.21,-473.7,-100.32,31.43
547,12.69,-463.37,-107.98,26.62
548,-21.51,-462.84,-100.82,46.93
549,-18.3,-476.33,-103.12,39.64
550,-0.43,-467.42,-108.23,38.99
551,-22.09,-464.03,-104.42,38.29
552,-28.18,-459.17,-104.71,36.68
553,-49.21,-461.23,-99.96,36.28
554,-0.14,-454.59,-100.34,41.92
555,-49.01,-460.47,-108.31,27.14
556,17.78,-469.29,-100.86,38.6
557,-3.25,-475.49,-102.51,37.18
558,-14.52,-467.26,-106.63,29.04
559,-4.94,-463.2,-110.01,28.92
560,15.01,-466.53,-107.5,34.38
561,-11.16,-458.71,-105.93,24.92
562,-17.75,-459.7,-99.7,26.2
563,-30.69,-455.53,-97.16,30.46
564,1.98,-454.78,-101.93,28.51
565,-31.59,-458.81,-96.65,33.59
566,-47.92,-447.45,-94.09,32.06
567,3.6,-448.69,-98.97,30.65
568,30.03,-461.88,-97.46,24.36
569,-4.96,-468.91,-98.41,27.28
570,-61.09,-480.05,-97.33,28.4
571,-24.13,-454.53,-99.76,30.87
572,33.87,-457.09,-101.5,25.19
573,1.62,-457.15,-95.81,30.67
574,-36.7,-471.57,-99.11,29.64
575,1.14,-453.55,-96.91,26.08
576,-71.1,-458.35,-98.22,29.32
577,-4.98,-450.41,-102.82,31.03
578,18.47,-471.37,-102.07,30.38
579,-39.64,-482.14,-101.0,23.65
580,15.02,-449.8,-103.99,25.91
581,-45.53,-475.25,-97.04,26.23
582,-26.76,-458.5,-100.17,19.19
583,34.68,-463.08,-105.32,19.72
584,-2.27,-459.55,-102.12,24.0
585,-14.86,-451.52,-101.35,21.9
586,-30.83,-482.02,-98.68,21.54
587,-58.62,-461.45,-101.48,27.06
588,-36.61,-452.06,-106.23,21.8
589,8.24,-483.86,-99.97,19.42
590,-29.68,-456.62,-100.42,28.56
591,17.61,-460.13,-102.69,27.65
592,3.21,-470.1,-100.44,22.82
593,-62.61,-477.06,-98.16,27.1
594,38.09,-444.19,-94.64,20.83
595,2.21,-444.71,-103.02,22.47
596,-45.18,-452.61,-92.66,27.07
597,-56.43,-462.85,-94.04,30.39
598,37.31,-457.6,-100.7,22.1
599,17.68,-449.74,-100.78,19.48
600,-28.22,-468.92,-96.44,27.85
601,-89.51,-484.72,-92.35,27.5
602,-55.31,-383.46,-91.93,25.81
603,31.34,-408.91,-114.58,-2.51
604,16.5,-418.87,-105.62,11.72
605,-66.31,-559.89,-89.33,41.68
606,-29.74,-496.96,-89.86,29.5
607,25.64,-470.83,-98.36,28.03
608,25.5,-476.19,-101.34,21.96
609,-4.6,-485.3,-96.99,23.48
610,-70.47,-370.54,-99.1,18.05
611,33.49,-225.59,-100.12,19.17
612,-20.96,-643.25,-96.61,28.46
613,-34.82,-523.1,-97.31,21.03
614,-76.76,-473.56,-92.69,28.06
615,13.24,-487.7,-102.5,18.69
616,-5.45,-349.51,-102.18,10.02
617,-12.32,-515.09,-111.99,3.19
618,44.4,-370.23,-115.39,7.98
619,-148.52,-206.64,-95.12,25.74
620,131.4,-429.85,-108.89,7.05
621,-7.96,-181.21,-92.65,21.54
622,64.59,21.83,-86.92,33.14
623,-7.98,-707.12,-94.24,28.67
624,-87.4,-651.33,-101.56,14.71
625,-117.2,-697.34,-100.29,13.71
626,15.87,-334.62,-73.05,58.77
627,-24.51,-488.73,-88.33,20.51
628,32.21,-172.1,-107.83,-12.92
629,-102.96,-698.23,-102.83,19.47
630,-3.85,-97.14,-104.57,4.4
631,79.77,-197.45,-88.02,31.56
632,-16.51,-549.99,-76.8,42.55
633,-252.91,-630.76,-121.75,-19.95
634,57.19,-278.91,-82.55,54.93
635,16.14,-367.35,-71.52,54.77
636,50.89,-385.26,-93.38,17.2
637,19.31,-370.8,-98.42,11.86
638,-33.31,-783.33,-75.22,44.18
639,-71.73,-408.07,-80.88,17.22
640,-2.71,-619.44,-82.66,40.16
641,71.73,-185.23,-81.52,24.5
642,-2.92,-427.0,-93.56,16.96
643,19.57,-299.18,-94.43,12.9
644,-81.94,-579.43,-99.77,19.53
645,17.44,-402.24,-108.02,9.74
646,-67.69,-342.97,-96.43,19.18
647,-284.3,-574.66,-90.08,37.25
648,61.23,-462.51,-78.77,57.64
649,61.4,-475.4,-89.55,38.43
650,-142.27,-797.46,-102.13,25.26
651,76.6,-312.86,-103.18,23.31
652,-39.07,-162.88,-107.29,20.02
653,-163.24,-481.58,-91.78,44.65
654,231.54,-587.36,-105.99,29.8
655,-378.22,-821.07,-111.28,15.17
656,156.17,-81.24,-101.06,47.27
657,-32.84,-559.29,-121.06,17.42
658,85.55,-226.08,-110.05,45.78
659,-42.97,-700.75,-99.94,67.24
660,-192.59,-474.15,-87.71,62.61
661,74.79,-382.48,-125.64,10.99
662,-15.0,-490.99,-139.66,4.5
663,7.27,-520.83,-85.05,75.29
664,15.85,88.63,-136.28,-20.88
665,-110.31,-343.71,-99.89,58.39
666,-28.37,-850.06,-104.9,56.55
667,-74.73,-489.87,-138.62,-5.76
668,129.16,-86.53,-107.38,61.69
669,-92.26,-777.62,-122.7,33.97
670,7.74,-488.34,-117.25,43.87
671,-61.7,-434.82,-133.16,10.9
672,129.61,-418.91,-117.1,54.81
673,-190.99,-624.36,-137.62,18.58
674,-46.9,-155.04,-150.55,2.26
675,45.76,-710.09,-95.77,105.16
676,-122.22,-373.87,-121.77,39.89
677,2.41,-631.86,-130.1,28.92
678,-86.37,-326.97,-136.57,26.6
679,91.79,-436.46,-124.81,59.49
680,58.25,-329.27,-127.03,45.48
681,-66.02,-508.63,-130.5,44.9
682,-31.72,-651.78,-139.67,42.5
683,35.68,-352.29,-127.33,52.07
684,-203.11,-404.86,-147.11,6.8
685,-22.15,-727.57,-112.4,76.11
686,119.31,-428.67,-110.13,70.32
687,-26.65,-338.62,-126.57,35.22
688,-223.09,-538.21,-125.97,43.7
689,28.93,-388.5,-153.69,12.92
690,177.22,-349.12,-121.19,72.68
691,-41.88,-693.69,-142.11,48.44
692,-71.74,-661.42,-116.11,71.38
693,-4.55,-180.29,-134.22,32.89
694,-12.57,-415.14,-146.74,36.58
695,39.22,-532.45,-118.42,59.6
696,-41.13,-791.75,-123.16,52.31
697,29.9,-537.05,-134.81,42.3
698,13.58,-408.15,-135.29,43.49
699,-16.36,-654.19,-120.45,64.26
700,-146.93,-233.21,-153.81,11.37
701,22.92,-292.95,-124.45,66.03
702,123.66,-542.81,-138.14,45.48
703,-102.88,-610.85,-139.81,48.69
704,-150.49,-536.41,-142.86,44.25
705,66.51,-624.03,-136.84,42.87
706,131.69,-204.45,-151.96,23.97
707,-29.84,-524.08,-112.86,98.74
708,-102.88,-655.28,-128.04,55.44
709,69.9,-449.4,-137.79,45.78
710,-100.06,-691.32,-165.57,16.35
711,21.21,-440.04,-121.96,74.99
712,-75.42,-344.27,-143.12,34.82
713,129.82,-517.79,-142.54,63.88
714,-21.18,-488.53,-154.47,23.25
715,-87.03,-586.42,-134.09,59.49
716,-2.74,-557.11,-130.72,56.21
717,-25.86,-365.83,-158.07,17.62
718,113.53,-117.37,-132.3,68.77
719,-100.93,-875.13,-125.41,78.94
720,-35.47,-475.36,-127.89,62.44
721,26.24,-422.83,-139.81,28.41
722,-37.33,-352.13,-129.89,59.52
723,14.41,-458.21,-106.27,92.93
724,-1.28,-512.59,-139.46,53.37
725,17.93,-568.41,-138.02,48.94
726,36.88,-213.79,-141.53,39.97
727,-25.62,-454.74,-131.27,60.82
728,-8.27,-523.92,-157.06,25.02
729,-18.12,-614.66,-141.33,46.8
730,-87.82,-738.56,-154.76,37.59
731,105.47,48.03,-126.32,72.5
732,-72.36,16.95,-154.12,13.28
733,102.85,-885.9,-132.66,81.61
734,-63.1,-726.16,-124.66,76.49
735,35.51,-298.31,-149.11,29.26
736,12.61,-673.35,-134.49,52.43
737,-56.16,-414.95,-129.9,67.95
738,20.2,-451.12,-131.21,52.37
739,27.57,-427.39,-131.53,52.24
740,-165.23,-662.58,-127.28,59.08
741,52.41,-503.97,-142.63,48.47
742,-15.36,-637.9,-126.12,55.37
743,55.93,-23.51,-130.93,57.56
744,-92.29,-815.73,-132.77,46.03
745,89.84,-113.48,-139.11,47.08
746,15.84,-501.68,-149.78,31.77
747,-67.13,-493.96,-142.95,46.55
748,34.3,104.86,-130.31,48.77
749,14.4,82.56,-145.61,66.12
750,-35.43,399.92,-126.33,67.02
751,-250.95,492.27,-145.22,36.45
752,119.58,592.86,-109.96,87.87
753,25.41,381.09,-110.45,67.38
754,54.23,794.51,-149.76,11.31
755,11.66,353.31,-116.82,69.85
756,-78.47,438.5,-114.96,64.14
757,16.65,409.86,-122.56,63.62
758,5.17,378.1,-141.01,32.06
759,0.11,703.88,-123.12,61.5
760,49.86,347.69,-140.95,42.66
761,-24.58,779.37,-123.83,53.03
762,-100.82,610.65,-140.28,25.06
763,-2.39,296.03,-127.79,71.01
764,-3.84,606.05,-121.61,65.65
765,22.71,378.02,-132.13,41.55
766,-134.98,593.57,-109.83,71.7
767,179.29,671.76,-140.08,32.99
768,-18.3,444.42,-120.95,69.01
769,-50.84,324.6,-127.59,57.62
770,-20.58,523.7,-138.54,24.32
771,-37.57,582.7,-113.71,66.23
772,6.91,466.54,-130.7,41.55
773,43.24,381.67,-120.96,68.96
774,-39.34,578.74,-127.19,47.72
775,52.28,688.76,-122.82,60.44
776,-40.84,410.22,-134.94,30.92
777,-13.1,493.67,-113.96,72.56
778,12.01,398.05,-115.59,60.34
779,-36.13,477.11,-130.19,47.38
780,38.41,615.33,-127.11,47.53
781,-64.21,415.69,-109.02,73.6
782,21.25,542.23,-129.64,41.39
783,-72.27,838.82,-129.53,35.88
784,-145.22,146.07,-128.78,44.66
785,45.2,700.51,-114.29,62.52
786,120.77,382.73,-122.99,54.52
787,10.56,602.65,-130.36,40.76
788,22.65,529.89,-109.61,63.35
789,-52.94,232.59,-126.31,53.97
790,3.24,603.76,-127.64,49.68
791,8.96,586.28,-116.29,57.38
792,-32.78,445.99,-124.63,39.5
793,-15.69,428.21,-112.35,62.51
794,-3.3,511.44,-128.61,44.39
795,7.88,584.81,-116.27,63.17
796,-4.18,538.92,-126.85,48.95
797,-27.32,730.6,-115.18,62.81
798,23.9,341.99,-127.62,47.54
799,37.19,729.93,-116.83,50.94
800,-63.74,535.96,-120.3,62.77
801,-62.78,241.32,-127.7,53.69
802,119.52,930.79,-127.66,54.51
803,-130.47,148.67,-134.95,44.81
804,53.13,559.24,-106.11,86.97
805,-24.75,497.7,-114.3,59.07
806,1.11,493.05,-127.7,43.92
807,-12.74,530.53,-118.83,55.73
808,20.37,364.59,-128.81,42.6
809,-1.46,903.08,-132.35,37.1
810,-34.57,282.02,-112.94,81.51
811,13.86,772.8,-150.61,15.26
812,31.98,545.03,-117.74,83.17
813,5.32,277.55,-119.92,67.33
814,-23.09,545.77,-126.71,48.07
815,-49.01,364.11,-130.08,40.99
816,35.24,549.74,-125.4,62.51
817,-78.1,587.76,-130.78,37.9
818,-23.68,516.78,-121.14,59.69
819,68.82,717.26,-139.51,30.61
820,-19.2,588.0,-123.87,52.3
821,7.32,445.87,-104.05,86.86
822,-45.11,442.69,-119.26,62.09
823,-3.56,554.24,-126.83,51.62
824,-4.54,465.09,-134.5,29.78
825,43.25,842.26,-114.21,59.2
826,-26.16,338.41,-102.73,77.37
827,16.2,597.32,-125.11,39.69
828,-16.3,314.0,-112.51,60.93
829,-83.07,-411.17,-123.68,47.91
830,30.82,-535.33,-117.04,62.34
831,34.18,-66.67,-134.89,28.02
832,-107.01,-638.72,-119.61,56.72
833,28.03,-356.35,-111.31,63.04
834,46.08,-328.74,-143.65,23.74
835,36.08,-434.88,-105.86,81.15
836,-55.83,-673.6,-111.39,77.34
837,-48.09,176.85,-170.22,-29.59
838,135.03,-625.77,-117.06,89.2
839,-197.02,-541.69,-107.12,83.66
840,37.7,-448.15,-129.49,35.92
841,24.08,-244.74,-110.94,64.86
842,-24.32,-745.51,-114.95,71.14
843,3.17,-516.49,-116.54,56.33
844,-7.33,-616.33,-119.37,53.81
845,37.09,-258.29,-135.95,14.98
846,-25.14,-526.13,-98.95,91.23
847,-14.17,-325.5,-121.49,47.91
848,6.04,-443.88,-108.49,59.84
849,27.14,-447.95,-114.77,57.43
850,-76.61,-584.63,-118.23,62.71
851,-38.55,-468.85,-117.48,49.67
852,8.07,-596.93,-112.77,47.21
853,-46.65,-394.64,-136.6,32.22
854,1.43,-329.04,-100.18,88.24
855,20.57,-412.02,-123.1,38.4
856,-48.38,-694.31,-110.12,59.58
857,-3.77,-510.36,-121.49,42.36
858,35.26,-363.81,-104.9,74.87
859,22.54,-296.5,-115.33,52.78
860,-45.43,-515.18,-113.33,50.66
861,5.73,-275.57,-121.81,38.32
862,56.62,-601.94,-117.32,48.85
863,25.01,-378.51,-137.76,12.8
864,-52.42,-598.33,-96.08,93.22
865,-72.43,-504.19,-108.02,59.94
866,70.27,-167.31,-114.77,47.1
867,-101.58,-714.9,-115.42,52.19
868,-36.29,-420.32,-120.16,48.0
869,-72.13,-693.93,-134.1,27.28
870,26.16,-254.13,-113.43,69.49
871,114.11,-431.02,-116.42,48.28
872,-56.13,-415.29,-131.89,39.94
873,18.66,-152.0,-122.08,46.04
874,-132.7,-768.74,-120.74,62.37
875,80.42,-396.26,-115.97,52.75
876,91.17,-207.36,-138.02,22.9
877,-66.01,-822.64,-109.35,77.74
878,-13.97,-356.8,-117.21,42.3
879,-10.8,-339.56,-136.73,15.25
880,-65.07,-571.8,-112.39,64.21
881,-25.7,-688.08,-112.28,58.42
882,22.42,-470.14,-113.56,57.79
883,-39.26,-519.22,-115.28,55.1
884,-5.35,-425.27,-121.93,43.94
885,-22.97,-477.82,-125.23,44.2
886,-7.23,-444.08,-124.57,40.24
887,21.14,-441.72,-128.76,34.22
888,-66.61,-459.55,-109.24,71.84
889,65.73,-418.99,-122.8,44.31
890,34.42,-240.81,-121.88,48.13
891,-57.55,-759.73,-110.91,58.83
892,-186.59,-489.78,-117.86,36.54
893,144.15,-331.57,-124.25,50.29
894,-12.45,-678.55,-111.1,65.92
895,-43.63,-573.36,-129.0,33.54
896,-37.71,-240.61,-140.23,5.85
897,84.83,-437.32,-110.83,59.23
898,-34.53,-447.11,-107.3,63.82
899,-55.07,-506.78,-115.1,56.6
900,7.94,-324.29,-129.92,38.53
901,-32.86,-675.42,-117.38,45.77
902,-18.37,-562.48,-112.93,58.18
903,-18.68,-397.91,-116.96,41.43
904,57.87,-395.8,-120.13,39.79
905,-31.06,-380.86,-119.61,35.09
906,-54.94,-444.95,-120.74,34.31
907,-18.5,-578.06,-110.47,65.59
908,22.37,-612.89,-114.1,49.2
909,-15.49,-523.99,-134.61,18.36
910,22.59,-94.07,-109.52,56.62
911,-10.71,-521.19,-114.47,46.31
912,-63.7,-381.37,-117.16,42.22
913,-26.24,-632.46,-126.4,29.82
914,-26.44,-533.27,-101.54,61.58
915,-17.04,-578.13,-110.51,47.21
916,12.47,-585.9,-124.26,27.11
917,28.33,-133.96,-122.67,44.5
918,-58.58,-572.75,-110.55,54.31
919,-62.72,-513.39,-118.27,46.25
920,52.52,-397.38,-134.69,23.37
921,-56.43,-579.9,-111.84,53.43
922,5.66,-541.16,-115.27,46.68
923,53.44,-423.35,-134.0,18.73
924,14.26,-363.84,-113.32,50.36
925,-43.6,-481.19,-104.35,54.09
926,-23.32,-505.19,-120.21,46.08
927,-41.99,-537.7,-119.34,40.73
928,-54.66,-446.57,-123.54,27.6
929,-122.33,-507.61,-103.03,59.39
930,118.52,-129.73,-120.5,26.71
931,7.5,-787.17,-103.23,58.04
932,-23.27,-399.25,-110.27,38.78
933,-45.86,-453.26,-106.62,48.15
934,-3.78,-548.17,-113.18,32.48
935,-27.55,-429.84,-98.19,72.1
936,104.74,-248.9,-107.93,37.08
937,-60.03,-656.22,-102.0,61.3
938,28.17,-441.17,-112.6,32.31
939,-71.2,-546.86,-104.28,49.7
940,-68.98,-565.56,-118.74,33.83
941,4.49,-403.16,-103.58,66.73
942,-35.64,-593.62,-115.13,34.53
943,-36.62,-156.56,-129.37,11.41
944,61.06,-640.89,-100.97,67.61
945,-45.36,-597.04,-120.31,32.48
946,-108.85,-390.58,-96.99,56.73
947,83.49,-194.08,-131.48,10.96
948,68.66,-426.71,-103.55,58.16
949,-77.06,-516.43,-125.64,17.41
950,-73.19,-582.06,-105.33,67.36
951,71.25,-328.73,-101.25,49.59
952,-80.88,-531.55,-116.16,26.65
953,55.13,-253.19,-113.16,33.56
954,36.39,-350.05,-108.74,52.48
955,-160.83,-732.73,-99.92,57.74
956,43.6,-618.22,-114.98,39.06
957,-91.95,-383.09,-114.47,36.08
958,35.59,-605.76,-120.75,35.45
959,8.09,-454.1,-123.69,29.78
960,-22.85,-4.27,-121.84,22.27
961,12.66,-455.0,-123.17,33.86
962,30.12,-586.55,-105.5,54.45
963,-46.09,-469.74,-111.76,40.39
964,-32.91,-392.27,-125.48,25.04
965,52.16,-216.59,-118.95,33.07
966,8.86,-748.2,-109.77,52.24
967,-140.91,-682.89,-100.67,45.41
968,-56.23,-363.48,-116.11,26.07
969,90.71,-316.83,-111.84,41.34
970,-80.73,-620.17,-108.35,58.45
971,22.78,-476.3,-126.64,30.58
972,0.29,-464.24,-112.65,44.81
973,-16.54,-166.2,-141.87,-9.32
974,48.42,-558.04,-96.64,74.18
975,-67.93,-769.72,-114.52,38.06
976,-91.13,-309.12,-105.78,47.48
977,75.59,-572.67,-112.94,48.63
978,-16.65,-385.75,-133.92,22.34
979,13.04,-378.56,-109.01,61.98
980,-216.2,-513.46,-127.52,32.29
981,171.74,-381.44,-111.53,49.61
982,21.76,-703.48,-118.73,55.29
983,-80.48,-282.3,-125.36,26.37
984,3.34,-560.21,-114.15,47.98
985,-32.48,-508.94,-104.31,66.5
986,50.06,-313.14,-119.93,39.73
987,-50.21,-485.18,-107.95,50.52
988,30.45,-553.15,-109.01,49.87
989,-50.34,-508.23,-130.5,16.25
990,42.18,-437.83,-110.31,61.21
991,-57.54,-439.51,-116.04,46.63
992,-41.79,-650.27,-109.66,55.15
993,6.13,-368.78,-114.42,39.88
994,-24.36,-418.62,-123.21,34.77
995,-5.41,-556.38,-113.85,45.95
996,-53.96,-474.49,-114.22,45.61
997,33.89,-365.64,-126.84,29.12
998,-17.16,-387.39,-115.11,54.28
999,-28.14,-509.99,-108.76,54.78
1000,57.12,-427.5,-116.74,28.03
1001,-112.07,-709.96,-97.91,77.64
1002,58.3,-284.27,-129.47,25.64
1003,38.22,-502.41,-114.53,43.74
1004,-118.75,-498.55,-113.72,51.85
1005,31.8,-496.65,-118.79,49.28
1006,5.25,-477.51,-109.45,51.16
1007,-39.12,-555.86,-109.42,48.57
1008,-11.34,-398.9,-118.28,43.48
1009,-27.16,-613.56,-115.92,49.48
1010,-74.52,-584.19,-125.78,25.95
1011,19.27,-145.93,-133.91,23.06
1012,-101.31,-379.72,-96.98,78.07
1013,18.61,-659.98,-108.56,50.41
1014,105.18,-91.4,-132.76,29.84
1015,-39.54,-770.14,-101.99,65.86
1016,-82.4,-646.87,-123.53,30.87
1017,-83.45,-425.83,-104.51,56.47
1018,17.05,-489.11,-121.2,40.67
1019,61.31,-339.21,-114.23,45.12
1020,-5.9,-560.04,-108.94,60.38
1021,-23.95,-444.98,-114.35,45.99
1022,-0.22,-390.27,-126.74,32.39
1023,-33.46,-532.3,-122.93,52.32
1024,-22.5,-624.16,-112.3,69.57
1025,-30.09,-165.1,-112.96,42.74
1026,-52.85,-546.02,-128.3,30.55
1027,26.23,-551.48,-118.82,49.02
1028,24.99,-555.3,-119.52,48.69
1029,-129.43,-206.16,-135.96,10.09
1030,75.52,-684.94,-100.27,82.75
1031,21.35,-403.9,-114.61,45.06
1032,-73.6,-220.71,-124.64,26.6
1033,-17.54,-710.83,-114.04,54.07
1034,8.73,-202.01,-123.37,38.26
1035,-20.12,-576.49,-101.23,62.04
1036,-60.36,-651.47,-116.76,42.44
1037,-16.22,-437.55,-112.21,46.43
1038,0.42,-516.52,-108.98,54.52
1039,51.37,-530.62,-122.33,47.21
1040,-4.04,-407.43,-124.65,37.18
1041,-48.1,-250.79,-123.89,34.84
1042,-178.85,-609.39,-117.31,50.87
1043,159.36,-199.46,-136.93,28.43
1044,-3.38,-706.98,-110.49,69.74
1045,-9.66,-496.22,-111.89,47.0
1046,-144.0,-666.41,-112.29,55.65
1047,15.99,-91.3,-140.4,25.26
1048,8.61,-240.55,-125.87,41.62
1049,29.97,-482.5,-117.04,53.16
1050,-125.55,-825.76,-120.22,59.38
1051,-22.86,-435.75,-108.6,64.7
1052,151.45,-374.87,-133.17,23.64
1053,-59.17,-598.6,-110.99,62.0
1054,72.06,-388.58,-111.82,57.77
1055,42.27,-265.1,-130.89,28.7
1056,-18.67,-547.2,-121.96,56.44
1057,-52.89,-448.92,-117.74,48.89
1058,-63.54,-539.87,-113.17,49.04
1059,-98.38,-335.88,-120.4,31.41
1060,77.98,-406.45,-119.95,43.61
1061,36.72,-469.54,-100.32,64.86
1062,-38.05,-591.65,-113.52,42.56
1063,-239.49,-479.21,-123.73,19.95
1064,140.17,-304.4,-106.9,62.16
1065,27.29,-707.25,-116.54,38.14
1066,-101.99,-315.44,-94.57,64.51
1067,54.41,-345.87,-112.34,43.01
1068,-11.58,-355.31,-123.35,30.12
1069,8.25,-746.53,-126.52,34.85
1070,-5.58,-553.91,-103.79,66.1
1071,-30.85,-319.68,-112.97,48.8
1072,-11.72,-430.37,-106.3,46.67
1073,-30.02,-567.49,-126.39,23.56
1074,42.08,-332.57,-110.91,61.08
1075,-91.9,-668.22,-115.27,42.97
1076,18.77,-423.2,-109.13,57.9
1077,-89.23,-542.43,-100.46,52.0
1078,13.18,-472.02,-116.99,38.27
1079,-195.87,-431.32,-130.34,20.55
1080,117.39,-628.82,-128.06,36.72
1081,-85.42,-387.51,-93.82,69.51
1082,112.94,-557.48,-108.78,44.27
1083,10.08,-121.36,-112.15,46.36
1084,-20.33,-574.24,-123.42,22.74
1085,-3.78,-377.44,-127.35,21.16
1086,-108.94,-673.71,-98.81,74.77
1087,-59.53,-567.38,-122.08,38.83
1088,83.31,-303.47,-103.6,58.55
1089,-29.35,-520.93,-124.94,22.93
1090,-9.83,-404.17,-115.89,33.11
1091,2.52,-247.16,-122.93,34.86
1092,-23.44,-735.17,-114.3,58.3
1093,-80.85,-483.75,-107.56,56.81
1094,34.64,-546.56,-114.57,45.88
1095,-54.67,-571.48,-124.07,30.48
1096,-8.46,-448.46,-110.18,50.01
1097,-32.21,-386.28,-119.02,31.57
1098,-21.04,-329.04,-120.4,41.29
1099,-24.04,-589.2,-118.53,40.88
1100,-20.93,-474.86,-131.75,15.1
1101,-53.3,-461.74,-106.55,69.66
1102,-0.03,-606.48,-112.28,50.14
1103,-33.67,-354.36,-128.08,28.15
1104,-46.26,-440.95,-109.09,59.53
1105,46.14,-325.83,-122.54,41.48
1106,-102.38,-755.76,-131.44,28.04
1107,-17.64,-425.34,-98.95,75.02
1108,101.18,-479.66,-119.11,38.67
1109,10.5,-508.53,-111.69,42.26
1110,-21.28,-415.12,-120.85,30.94
1111,-68.05,-256.95,-127.63,24.89
1112,33.37,-458.55,-113.91,68.47
1113,-96.44,-710.93,-97.5,73.29
1114,26.91,-511.96,-127.0,27.11
1115,-142.71,-538.01,-108.44,47.04
1116,19.97,-269.03,-114.62,49.64
1117,-45.9,-712.88,-128.82,30.68
1118,92.74,18.11,-115.54,45.33
1119,-58.12,-625.78,-110.1,53.83
1120,-112.37,-888.0,-112.79,47.06
1121,77.72,-273.78,-120.58,31.06
1122,-28.54,-349.33,-134.02,13.91
1123,-10.26,-547.16,-94.23,86.16
1124,-5.65,-520.18,-110.28,44.39
1125,-45.96,-467.57,-124.59,32.34
1126,-19.29,-417.21,-116.76,35.0
1127,12.17,-548.32,-118.4,34.54
1128,4.41,-378.86,-109.55,46.64
1129,-1.54,-603.39,-130.64,17.97
1130,-91.96,-478.02,-99.14,58.24
1131,21.78,-95.66,-111.89,34.08
1132,-14.03,-422.03,-130.92,12.8
1133,77.94,-516.28,-97.04,64.58
1134,-60.44,-673.92,-106.82,51.02
1135,-89.57,-592.94,-112.4,39.21
1136,-37.51,-417.99,-108.73,38.11
1137,44.77,-423.85,-107.07,39.23
1138,-35.49,-544.11,-106.98,40.88
1139,-78.95,-564.73,-113.82,27.44
1140,24.17,-309.42,-119.63,26.37
1141,23.09,-280.93,-118.1,31.13
1142,5.31,-487.69,-109.13,51.63
1143,-199.82,-759.15,-117.57,29.12
1144,189.49,-331.01,-126.09,31.27
1145,-67.25,-520.82,-105.28,45.36
1146,-12.56,-260.4,-138.61,3.31
1147,-88.59,-601.35,-88.19,76.94
1148,70.84,-595.65,-117.41,39.78
1149,-58.89,-102.62,-122.42,25.97
1150,-51.9,-767.89,-103.61,61.81
1151,43.51,-559.82,-108.73,47.22
1152,-100.31,-594.8,-117.54,27.09
1153,-0.57,-177.26,-127.83,27.18
1154,15.54,-391.55,-128.31,29.33
1155,-3.57,-749.34,-107.2,71.03
1156,0.87,-384.97,-123.66,38.86
1157,-32.7,-414.07,-124.38,34.09
1158,-99.12,-462.48,-116.48,46.73
1159,-22.41,-268.78,-119.94,40.14
1160,-68.8,-571.68,-106.42,59.85
1161,4.45,-751.97,-114.55,53.76
1162,-48.84,-263.48,-129.91,28.17
1163,94.33,-474.03,-117.06,46.61
1164,-2.6,-350.38,-129.68,30.95
1165,15.08,-546.29,-104.23,61.34
1166,-5.23,-544.81,-112.2,45.95
1167,-91.55,-628.08,-124.97,22.17
1168,10.95,-280.41,-113.44,36.57
1169,-74.16,-618.77,-96.77,73.15
1170,41.59,-314.27,-113.66,36.93
1171,-11.15,-368.73,-113.66,40.42
1172,-87.77,-643.37,-117.09,38.41
1173,-45.97,-589.77,-116.82,29.01
1174,74.99,-120.78,-124.68,11.92
1175,-104.71,-735.56,-110.66,50.1
1176,-31.19,-425.64,-92.2,71.6
1177,47.68,-499.97,-113.83,37.19
1178,-26.05,-345.89,-115.31,26.59
1179,-88.38,-581.16,-108.37,37.45
1180,34.52,-467.48,-93.26,58.77
1181,25.28,-534.13,-115.6,38.67
1182,36.6,-276.23,-117.61,25.05
1183,-77.82,-803.11,-110.11,38.62
1184,-57.09,-304.99,-118.01,37.64
1185,-32.79,-309.94,-109.07,39.08
1186,-30.58,-714.18,-96.64,59.86
1187,-4.19,-385.79,-130.69,12.28
1188,-12.13,-251.64,-109.64,50.97
1189,-17.94,-637.23,-99.21,56.28
1190,7.21,-636.59,-120.2,26.99
1191,-65.71,-291.94,-112.27,36.4
1192,89.88,-250.71,-100.42,42.71
1193,-152.71,-692.04,-99.97,51.24
1194,5.35,-566.11,-131.37,4.24
1195,-8.06,-508.04,-118.43,24.88
1196,8.37,-470.37,-87.17,85.2
1197,-22.21,-500.46,-113.62,37.95
1198,-101.02,-264.18,-119.79,16.46
1199,24.51,-647.31,-99.47,41.99
1200,7.76,-505.12,-101.27,44.39
1201,10.81,-391.21,-118.44,17.52
1202,-97.67,-565.49,-105.28,42.24
1203,-52.15,-638.38,-117.46,22.57
1204,-10.95,-491.49,-104.96,50.96
1205,126.54,-221.1,-117.6,19.49
1206,-109.24,-691.44,-108.28,41.07
1207,27.43,-313.5,-112.8,29.43
1208,-40.98,-515.84,-116.91,26.27
1209,-170.4,-260.1,-118.63,22.53
1210,121.28,-626.48,-109.74,48.98
1211,13.31,-462.84,-110.81,37.74
1212,-24.83,-633.86,-104.05,41.23
1213,13.02,-386.2,-130.47,13.33
1214,-36.18,-512.52,-99.27,48.45
1215,-6.43,-451.76,-104.86,40.71
1216,-41.52,-341.1,-120.81,11.13
1217,57.44,-440.51,-112.35,35.44
1218,-244.33,-691.91,-106.29,39.75
1219,70.24,-545.57,-108.76,37.38
1220,20.6,-560.53,-110.78,26.98
1221,50.82,-391.86,-118.71,17.04
1222,-88.32,-364.06,-101.38,28.3
1223,-146.02,-401.37,-118.24,23.34
1224,108.61,-513.39,-129.07,19.99
1225,-26.95,-632.85,-101.4,56.21
1226,52.55,-451.77,-111.69,29.68
1227,-65.32,-546.57,-109.41,25.26
1228,32.42,-49.53,-158.02,-27.32
1229,30.02,-649.38,-97.85,81.41
1230,23.65,-397.05,-106.56,52.21
1231,-108.58,-540.65,-115.35,18.16
1232,-7.87,-442.83,-113.81,28.88
1233,-0.29,-591.58,-99.88,40.39
1234,-142.71,-556.7,-115.11,18.49
1235,148.79,-267.57,-114.34,32.02
1236,-97.9,-539.2,-99.45,50.62
1237,71.99,-557.91,-104.38,39.09
1238,36.94,-347.97,-104.25,33.23
1239,-35.66,-560.6,-111.64,23.62
1240,-59.21,-477.95,-115.94,19.45
1241,-74.13,-549.92,-111.48,34.84
1242,-52.73,-471.1,-102.81,36.64
1243,-43.54,-596.9,-114.59,7.55
1244,59.61,34.56,-114.22,21.54
1245,78.77,-547.84,-85.73,59.63
1246,-37.95,-763.26,-95.89,45.26
1247,-158.55,-473.47,-101.95,18.25
1248,123.49,-410.2,-107.88,18.92
1249,-2.89,-580.44,-94.98,49.32
1250,18.73,-497.27,-108.76,36.78
1251,-27.84,-401.31,-105.8,29.9
1252,26.02,-262.36,-115.25,28.57
1253,-49.66,-675.72,-109.1,35.67
1254,-50.65,-548.78,-93.61,46.75
1255,-28.93,-495.24,-107.02,22.6
1256,32.16,-361.11,-102.62,36.17
1257,12.4,-522.05,-110.38,31.02
1258,-10.63,-559.95,-104.46,41.09
1259,-54.44,-462.74,-109.48,27.18
1260,-22.92,-307.07,-106.65,34.55
1261,8.22,-516.87,-98.61,58.71
1262,14.38,-553.95,-107.43,32.93
1263,-14.65,-297.49,-107.29,30.88
1264,126.09,-443.76,-109.76,34.62
1265,-154.07,-585.71,-99.07,37.39
1266,26.46,-523.27,-107.47,33.83
1267,-35.01,-502.4,-97.9,38.46
1268,-5.01,-369.4,-104.61,33.14
1269,14.39,-383.07,-106.91,33.34
1270,-76.07,-481.76,-108.37,39.94
1271,51.73,-629.68,-102.77,45.21
1272,3.08,-323.92,-111.29,30.47
1273,-41.95,-606.77,-104.22,40.88
1274,56.24,-459.0,-109.32,30.68
1275,-15.74,-534.91,-117.21,23.97
1276,-6.38,-243.27,-105.21,51.25
1277,-52.25,-569.39,-104.65,45.99
1278,-75.79,-320.58,-108.3,28.36
1279,20.97,-430.4,-113.87,36.35
1280,30.24,-503.43,-108.53,45.6
1281,-152.33,-502.77,-103.04,38.89
1282,90.46,-451.47,-125.12,19.11
1283,-50.21,-574.31,-104.94,43.64
1284,-89.22,-421.48,-110.52,43.42
1285,68.51,-513.34,-112.53,40.37
1286,-4.69,-493.93,-121.37,27.83
1287,-8.17,-261.38,-107.61,41.44
1288,4.46,-484.49,-100.94,54.59
1289,31.11,-564.38,-112.23,25.49
1290,-64.64,-281.94,-108.98,36.46
1291,40.76,-509.06,-99.22,39.16
1292,22.86,-437.27,-116.86,25.7
1293,-160.63,-596.05,-112.14,42.75
1294,-7.03,-548.33,-96.43,48.52
1295,1.09,-149.73,-136.3,-9.86
1296,28.29,-561.98,-93.25,75.46
1297,-61.94,-503.13,-98.69,50.13
1298,-79.01,-532.73,-119.38,8.1
1299,40.76,-407.69,-99.9,58.46
1300,-82.95,-455.64,-105.57,42.66
1301,75.44,-478.99,-107.39,45.94
1302,22.15,-439.13,-111.61,34.28
1303,-53.26,-551.18,-99.44,42.42
1304,-26.24,-509.12,-116.76,30.07
1305,62.41,-218.08,-126.72,9.61
1306,-25.74,-440.72,-96.75,48.29
1307,-45.07,-690.27,-112.55,36.34
1308,7.02,-497.16,-115.72,32.84
1309,-99.56,-467.76,-113.09,35.43
1310,-61.9,-546.26,-109.72,36.28
1311,-92.7,-544.3,-113.68,27.49
1312,81.82,-64.47,-117.39,9.11
1313,59.34,-665.26,-91.89,63.06
1314,22.96,-484.86,-111.64,34.09
1315,-118.87,-576.03,-108.51,35.88
1316,-76.65,-663.43,-123.38,26.67
1317,51.05,-75.28,-117.17,36.35
1318,-1.62,-641.91,-98.52,52.34
1319,-19.91,-490.73,-109.04,31.39
1320,-71.93,-454.38,-111.91,31.97
1321,67.96,-335.55,-116.33,40.07
1322,21.91,-380.19,-121.13,27.32
1323,-48.91,-593.36,-120.98,27.94
1324,-46.92,-560.21,-118.6,27.0
1325,-57.0,-570.51,-102.88,54.52
1326,-81.06,-516.2,-108.04,42.16
1327,33.81,-304.05,-118.81,30.34
1328,11.02,-564.17,-109.42,39.24
1329,8.99,-223.89,-111.31,26.24
1330,-156.54,-505.56,-117.53,33.61
1331,20.85,-626.88,-115.65,33.84
1332,57.85,-379.8,-118.2,28.83
1333,-14.92,-553.69,-97.22,63.04
1334,-30.89,-512.69,-100.13,44.16
1335,-26.29,-516.53,-106.75,38.31
1336,-26.39,-505.43,-109.31,38.82
1337,-61.31,-491.11,-101.64,36.21
1338,-199.16,-419.93,-95.43,32.62
1339,120.79,-558.64,-135.84,-1.12
1340,74.91,77.16,-117.25,20.28
1341,59.65,-554.49,-104.67,51.91
1342,-92.58,-482.97,-92.95,52.38
1343,18.54,-367.83,-109.26,25.83
1344,16.49,-483.86,-105.08,29.62
1345,-49.12,-724.96,-95.89,51.97
1346,-32.63,-543.51,-102.88,38.85
1347,-31.64,-514.28,-110.47,31.03
1348,-21.38,-485.23,-101.64,43.67
1349,-27.51,-486.15,-105.9,37.26
1350,-29.84,-485.72,-102.44,38.43
1351,-24.46,-478.67,-102.02,35.8
1352,-24.83,-488.85,-101.96,35.97
1353,-169.47,-466.2,-90.5,40.72
1354,-3.71,-531.47,-106.94,23.94
1355,35.97,-65.41,-128.05,16.56
1356,83.4,-554.47,-117.19,25.85
1357,-40.7,-368.33,-114.64,30.69
1358,116.55,-352.59,-106.37,39.27
1359,-79.05,-653.22,-89.77,65.64
1360,-22.36,-549.8,-96.15,53.63
1361,-36.53,-545.76,-93.35,45.45
1362,-72.96,-412.31,-100.36,26.46
1363,54.15,-494.31,-105.04,33.22
1364,-44.61,-524.77,-106.02,31.39
1365,-13.42,-434.98,-103.58,35.9
1366,25.81,-500.29,-100.8,45.92
1367,-48.11,-279.2,-117.88,19.53
1368,30.24,-611.72,-96.07,49.1
1369,-47.43,-455.43,-110.65,24.34
1370,24.39,-231.48,-108.28,27.91
1371,-31.03,-683.5,-100.76,43.5
1372,-11.92,-548.04,-97.85,40.15
1373,-9.31,-516.29,-100.78,38.32
1374,-51.08,-497.23,-103.4,33.72
1375,-78.23,-429.69,-114.77,17.67
1376,45.25,-379.6,-116.2,24.26
1377,-35.81,-474.87,-88.53,50.24
1378,-117.47,-409.61,-118.35,13.1
1379,170.14,-413.84,-104.76,43.21
1380,-59.52,-356.79,-98.41,57.68
1381,46.27,-501.63,-98.32,53.71
1382,-12.54,-629.99,-101.7,40.71
1383,-32.52,-453.25,-106.7,25.9
1384,-15.86,-561.04,-104.81,43.25
1385,-8.48,-491.27,-108.34,39.14
1386,-24.09,-503.08,-106.33,35.46
1387,-15.11,-400.79,-111.23,26.39
1388,58.47,-114.8,-135.47,-4.15
1389,-38.09,-674.82,-99.56,59.65
1390,-45.81,-608.06,-102.35,57.43
1391,-24.13,-469.37,-105.72,43.85
1392,-77.79,-548.8,-109.26,46.23
1393,41.43,-390.91,-108.09,41.27
1394,-124.41,-472.09,-114.79,13.5
1395,-96.07,-423.63,-97.21,53.27
1396,131.5,-448.31,-96.48,53.58
1397,75.61,-397.98,-110.1,40.31
1398,-57.78,-578.25,-103.22,46.33
1399,-36.16,-226.84,-108.1,27.45
1400,7.78,-631.96,-120.75,27.77
1401,-32.63,-470.05,-100.65,45.37
1402,27.75,-252.51,-120.36,25.91
1403,25.78,-464.99,-103.05,47.39
1404,-5.06,-371.67,-105.1,48.98
1405,-23.01,-549.0,-108.52,37.5
1406,-86.27,-747.98,-108.01,37.94
1407,33.88,-242.24,-108.44,27.33
1408,-97.21,-487.13,-90.69,58.88
1409,72.91,-403.05,-118.49,45.27
1410,-12.47,-482.13,-122.1,29.98
1411,-75.46,-512.45,-101.7,59.32
1412,-46.71,-603.4,-109.33,44.2
1413,31.52,-72.21,-123.78,37.17
1414,22.45,-678.32,-96.25,71.08
1415,-11.88,-449.51,-114.52,30.76
1416,35.87,-473.47,-109.45,30.5
1417,-81.86,-466.3,-102.05,51.2
1418,-8.82,-577.52,-111.72,44.73
1419,-42.63,-512.83,-116.86,31.45
1420,59.46,-304.69,-98.1,60.4
1421,-73.88,-430.35,-103.02,42.63
1422,3.13,-410.11,-118.73,28.51
1423,82.8,-338.61,-104.03,52.55
1424,-94.46,-575.75,-115.57,25.77
1425,17.97,-445.5,-99.15,49.85
1426,-23.02,-523.44,-108.22,41.69
1427,-63.31,-158.2,-115.43,18.08
1428,50.24,-588.23,-79.5,76.99
1429,-18.14,-683.66,-102.91,43.86
1430,-15.16,-505.76,-111.7,29.29
1431,22.76,-266.52,-102.99,47.52
1432,-83.56,-309.78,-99.71,46.57
1433,-43.85,-718.6,-132.52,-5.71
1434,0.09,-502.58,-103.08,53.96
1435,-68.67,-425.59,-93.04,57.67
1436,45.78,-165.33,-98.11,55.17
1437,-78.49,-684.7,-65.02,80.53
1438,-127.37,-525.11,-81.43,48.61
1439,109.45,-372.8,-131.83,-3.5
1440,7.27,-620.01,-79.96,91.04
1441,-44.26,-270.93,-103.3,27.65
1442,7.82,-170.29,-149.34,-74.03
1443,-89.16,-772.15,-58.18,146.37
1444,2.1,-739.48,-65.29,131.11
1445,43.08,-231.76,-110.01,-3.73
1446,-141.3,-566.03,-97.83,52.56
1447,-27.28,-391.39,-109.51,31.8
1448,42.07,-419.01,-111.59,37.65
1449,-178.4,-530.21,-101.39,57.8
1450,-375.81,-577.3,-108.1,48.79
1451,319.78,-133.62,-135.96,17.41
1452,78.65,-625.03,-106.45,45.9
1453,-286.92,-366.02,-89.53,53.92
1454,122.26,-489.95,-106.45,51.54
1455,122.52,-614.91,-118.93,21.81
1456,-158.45,-535.21,-86.54,71.79
1457,81.64,-437.34,-96.58,55.19
1458,-17.19,-335.47,-110.57,24.34
1459,6.92,-453.37,-67.34,83.01
1460,21.75,-559.07,-100.9,58.62
1461,-31.87,-340.36,-118.42,45.13
1462,10.42,-503.95,-80.44,44.33
1463,-199.47,-724.1,-119.35,21.65
1464,-80.73,-509.72,-94.07,41.85
1465,37.58,-207.56,-88.26,61.15
1466,-68.01,-511.68,-108.23,23.62
1467,-33.91,-613.12,-110.62,29.6
1468,-20.28,-536.38,-118.44,14.43
1469,84.6,-475.99,-86.84,58.85
1470,6.94,-176.85,-113.15,35.6
1471,-90.72,-730.2,-107.02,51.75
1472,91.6,-292.05,-122.26,16.44
1473,-161.86,-713.93,-82.52,64.34
1474,-7.2,-593.62,-99.41,55.2
1475,-3.61,-426.74,-105.48,36.81
1476,-0.44,-581.89,-105.19,39.36
1477,-20.17,-234.74,-100.99,43.73
1478,-73.02,-677.88,-85.63,69.47
1479,8.63,-604.34,-100.26,42.91
1480,-108.65,-384.87,-121.83,3.13
1481,97.54,-348.43,-92.86,60.15
1482,-29.38,-715.67,-87.26,68.57
1483,32.3,-411.15,-102.07,41.48
1484,-138.57,-481.06,-102.91,26.3
1485,51.6,-496.86,-79.53,71.21
1486,-15.07,-680.87,-103.44,42.67
1487,-103.86,-438.7,-113.06,28.58
1488,-60.75,-379.08,-115.03,27.99
1489,118.77,-392.06,-88.88,78.61
1490,-41.68,-622.53,-97.79,57.6
1491,75.92,-247.35,-118.56,19.27
1492,-173.37,-548.31,-89.71,62.54
1493,52.66,-591.98,-102.05,45.66
1494,-13.74,-595.69,-101.85,48.07
1495,-79.11,-542.89,-91.28,45.51
1496,-172.48,-696.01,-106.04,25.61
1497,176.91,223.25,-149.55,-21.39
1498,55.9,-610.05,-79.04,84.64
1499,-31.59,-673.42,-87.91,65.41
1500,-30.19,-584.7,-105.83,34.5
1501,-24.72,-502.04,-110.99,43.89
1502,-120.88,-531.59,-111.19,41.71
1503,2.45,-508.84,-75.5,59.39
1504,32.2,-507.39,-76.39,47.7
1505,-84.6,-468.65,-121.02,30.0
1506,-78.8,-365.63,-115.8,2.56
1507,35.62,-258.41,-63.52,78.5
1508,-113.96,-571.54,-108.54,32.24
1509,117.56,-515.54,-159.68,-40.43
1510,-25.76,-342.4,-101.45,7.8
1511,57.53,-542.73,-100.7,38.71
1512,-33.37,-599.4,-88.02,106.62
1513,-39.44,-94.75,-112.95,24.52
1514,-71.51,-607.6,-112.1,30.49
1515,-108.03,-654.31,-96.88,61.4
1516,108.95,-609.53,-109.17,38.52
1517,-101.92,-546.93,-112.77,34.17
1518,-13.48,-422.69,-111.05,22.69
1519,50.73,-477.9,-98.32,49.28
1520,39.13,-435.23,-101.61,37.2
1521,-40.06,-526.23,-103.06,42.75
1522,12.88,-202.84,-121.72,-0.77
1523,-44.53,-500.34,-114.03,36.96
1524,-32.53,-609.33,-106.49,48.1
1525,-16.67,-433.88,-98.39,43.61
1526,-83.5,-692.46,-105.17,30.39
1527,-92.29,-462.28,-95.01,48.22
1528,106.14,-496.54,-110.22,30.8
1529,9.71,-511.54,-107.76,34.26
1530,-18.19,-464.72,-104.73,42.58
1531,-92.72,-543.11,-117.53,22.25
1532,-27.01,-367.86,-116.0,29.62
1533,90.49,-155.44,-105.54,57.82
1534,-124.94,-547.92,-129.91,49.45
1535,18.56,-504.73,-94.03,31.91
1536,-61.44,-632.07,-100.88,43.29
1537,83.38,-501.73,-93.0,53.49
1538,-15.67,-530.23,-101.75,39.15
1539,-23.68,-511.1,-103.89,41.33
1540,-7.11,-521.16,-110.9,27.37
1541,-231.61,-105.45,-125.48,8.72
1542,184.58,-338.0,-125.23,29.92
1543,-4.76,-695.31,-84.41,92.35
1544,-310.81,-376.39,-101.1,37.26
1545,225.94,-422.59,-139.25,0.59
1546,13.01,-532.24,-82.03,86.83
1547,1.46,-598.93,-88.03,55.46
1548,-274.52,-521.27,-83.79,41.93
1549,81.83,-371.66,-120.72,24.72
1550,66.08,-481.65,-124.32,27.25
1551,-27.16,-419.42,-108.73,46.74
1552,-14.05,-568.49,-99.98,54.33
1553,-55.6,-546.12,-103.07,37.98
1554,28.11,-529.1,-106.11,43.49
1555,19.97,-447.09,-92.42,39.12
1556,-38.71,-476.69,-103.5,43.09
1557,-162.12,-469.15,-109.9,43.6
1558,174.07,-422.93,-119.44,20.8
1559,5.36,-172.3,-140.37,-3.72
1560,-39.51,-461.72,-99.83,57.7
1561,-171.76,-659.79,-92.48,71.74
1562,42.76,-497.57,-114.86,16.05
1563,29.15,-530.67,-113.59,35.1
1564,-95.81,-522.65,-103.84,52.5
1565,-293.97,-295.58,-84.06,47.15
1566,232.67,-95.19,-132.7,4.52
1567,-30.07,-735.91,-92.8,73.29
1568,78.71,-626.21,-107.33,41.96
1569,-397.56,-551.64,-97.89,40.9
1570,275.06,-398.36,-119.3,29.92
1571,-33.49,-442.31,-110.72,25.17
1572,57.13,-608.54,-111.86,34.46
1573,11.45,-372.34,-112.1,26.36
1574,-13.69,-557.45,-99.47,54.06
1575,-30.89,-516.61,-112.61,23.86
1576,-36.33,-381.83,-124.93,9.03
1577,-26.9,-553.06,-100.33,62.39
1578,-47.09,-536.73,-128.79,-2.8
1579,-121.5,-260.68,-95.62,46.19
1580,65.85,-492.46,-94.29,55.17
1581,-14.78,-635.62,-115.17,14.59
1582,-126.2,-225.34,-116.47,24.6
1583,16.34,-573.43,-103.65,37.84
1584,-94.23,-355.93,-122.27,1.54
1585,176.18,-392.91,-105.27,50.8
1586,-152.91,-537.93,-89.5,48.73
1587,57.18,-661.03,-108.01,25.83
1588,8.59,-475.7,-114.51,21.93
1589,28.07,-401.5,-113.94,27.38
1590,-0.49,-365.35,-119.65,18.73
1591,-62.17,-559.41,-112.34,32.52
1592,-31.24,-514.39,-99.29,47.55
1593,-23.81,-365.36,-120.28,13.57
1594,-20.72,-707.79,-96.61,51.55
1595,-79.78,-413.69,-107.9,32.41
1596,-1.79,-439.0,-133.26,0.76
1597,-22.85,-313.14,-85.02,71.15
1598,40.94,-397.24,-120.74,17.07
1599,-52.3,-479.75,-103.03,50.19
1600,36.97,-629.7,-102.72,50.2
1601,-54.1,-527.69,-111.53,20.21
1602,-90.51,-455.54,-88.1,51.51
1603,-44.4,-466.75,-111.88,27.47
1604,62.18,-420.59,-110.84,29.56
1605,22.39,-468.08,-109.57,31.6
1606,-27.52,-560.16,-126.78,2.08
1607,74.89,-328.11,-96.85,59.38
1608,-66.15,-419.15,-108.14,26.63
1609,-22.09,-629.87,-110.65,27.9
1610,53.4,-474.13,-104.24,45.75
1611,-7.26,-576.32,-107.31,38.56
1612,-59.17,-497.27,-111.87,26.23
1613,-50.82,-382.49,-117.06,19.32
1614,34.56,10.24,-136.21,-4.45
1615,28.48,-724.69,-73.86,95.17
1616,-148.83,-534.99,-95.28,37.94
1617,29.69,-541.31,-113.26,19.69
1618,100.25,-366.63,-112.95,21.8
1619,-56.14,-661.09,-98.38,53.85
1620,-47.53,-387.95,-116.85,8.54
1621,-15.12,-483.4,-107.07,35.0
1622,39.74,-453.74,-98.26,50.9
1623,-72.46,-359.72,-97.58,37.37
1624,34.02,-737.08,-105.46,32.09
1625,-146.16,-349.04,-108.6,25.9
1626,132.52,-449.71,-109.51,34.16
1627,6.67,-573.49,-102.65,29.23
1628,-66.1,-455.84,-127.73,1.46
1629,-13.8,-269.59,-97.79,43.77
1630,40.6,-453.09,-104.35,28.85
1631,-9.27,-368.31,-111.59,32.02
1632,-46.06,-692.41,-100.81,44.1
1633,-26.7,-543.56,-104.7,37.63
1634,82.54,-197.56,-109.23,27.86
1635,-84.82,-749.99,-112.14,18.46
1636,-192.06,-478.08,-106.84,30.6
1637,137.09,-456.47,-115.9,27.4
1638,13.02,-453.88,-99.22,26.16
1639,49.22,-345.08,-120.16,15.08
1640,-127.44,-577.74,-110.54,40.65
1641,-9.5,-549.63,-115.46,12.25
1642,85.38,-380.62,-100.22,40.9
1643,-63.8,-538.73,-106.17,36.79
1644,5.55,-402.58,-116.71,-1.36
1645,8.59,-530.04,-89.41,50.22
1646,-74.54,-510.07,-106.07,20.78
1647,35.93,-472.41,-105.41,37.7
1648,-35.61,-601.93,-119.07,7.1
1649,-98.71,-164.8,-104.72,33.1
1650,4.55,-306.93,-101.81,29.71
1651,8.01,-735.5,-95.88,46.82
1652,25.56,-565.81,-100.87,41.18
1653,-37.45,-421.44,-114.52,15.97
1654,-25.91,-538.78,-108.81,20.0
1655,-68.19,-466.02,-93.45,44.2
1656,64.59,-446.62,-96.56,29.5
1657,-6.17,-413.26,-119.78,1.85
1658,46.39,-332.6,-96.63,29.35
1659,-84.42,-646.87,-112.89,25.8
1660,-65.71,-429.21,-93.62,39.18
1661,28.44,-562.41,-98.3,34.43
1662,-46.56,-578.23,-101.32,30.87
1663,66.13,-444.45,-106.12,24.04
1664,-14.3,-396.97,-113.26,19.95
1665,-78.52,-466.05,-114.21,12.24
1666,26.12,-383.25,-116.83,12.8
1667,2.78,-542.52,-94.7,59.66
1668,-55.58,-401.76,-94.2,32.97
1669,2.47,-389.54,-104.56,24.33
1670,-2.84,-696.21,-107.03,32.42
1671,-25.24,-494.13,-106.9,30.67
1672,9.66,-518.53,-107.93,32.98
1673,4.38,-502.4,-108.42,31.6
1674,-18.68,-472.16,-108.38,28.58
1675,49.1,-450.89,-128.81,-2.99
1676,-175.08,-252.7,-106.82,14.28
1677,-133.72,-415.0,-91.57,40.46
1678,81.29,-584.33,-96.44,45.2
1679,4.31,-534.91,-108.78,30.55
1680,94.91,-511.79,-112.48,26.05
1681,-46.72,-528.64,-106.74,39.82
1682,6.04,-496.86,-102.08,46.1
1683,7.0,-462.03,-107.97,31.77
1684,-12.59,-422.12,-111.1,28.94
1685,-31.5,-487.49,-98.5,42.53
1686,-177.64,39.91,-115.96,11.28
1687,136.6,-686.76,-110.29,41.89
1688,-37.26,-647.96,-99.14,51.97
1689,-4.67,-566.66,-111.66,34.8
1690,-14.48,-454.0,-109.87,32.48
1691,-2.13,-512.13,-102.48,38.99
1692,14.62,-471.73,-105.38,30.64
1693,-30.41,-503.63,-106.97,34.19
1694,-27.89,-521.41,-117.49,21.62
1695,-21.19,-126.7,-120.8,10.61
1696,-79.49,-476.44,-107.57,23.98
1697,-207.87,-575.58,-98.82,42.2
1698,-33.2,-497.93,-97.57,49.16
1699,136.87,-455.77,-110.78,28.48
1700,-36.38,-526.0,-110.17,38.43
1701,-0.14,-533.52,-127.64,12.24
1702,33.32,-544.1,-107.44,46.58
1703,76.03,-385.19,-103.22,50.51
1704,-63.14,-457.69,-115.86,25.29
1705,-84.46,-356.45,-117.14,24.41
1706,25.98,-548.98,-105.5,41.84
1707,-40.86,-499.9,-124.55,12.15
1708,-43.42,-376.42,-97.44,48.39
1709,-5.49,-513.39,-99.86,50.0
1710,23.24,-460.53,-104.19,39.43
1711,-60.58,-600.53,-109.93,20.95
1712,-146.46,-357.56,-103.65,32.51
1713,32.78,-464.29,-114.89,16.49
1714,49.4,-534.94,-111.73,21.97
1715,0.41,-390.38,-97.01,36.18
1716,-0.58,-390.87,-109.93,25.41
1717,22.9,-365.77,-112.9,31.24
1718,-48.22,-619.75,-115.58,14.78
1719,-1.39,-358.57,-104.0,37.55
1720,-22.65,-481.79,-110.53,31.21
1721,-69.87,-561.9,-110.74,24.57
1722,-80.32,-580.07,-116.54,10.34
1723,29.41,-422.25,-108.82,26.91
1724,50.25,-350.08,-98.42,39.72
1725,4.79,-603.65,-116.06,22.56
1726,-2.57,-511.2,-106.65,32.78
1727,-55.37,-533.69,-104.98,29.61
1728,-26.19,-299.6,-109.24,23.8
1729,-32.35,-609.62,-121.67,11.76
1730,70.05,-322.91,-105.58,37.67
1731,-80.13,-500.88,-116.88,18.58
1732,-31.68,-479.89,-117.27,17.9
1733,-116.09,-478.92,-102.02,46.36
1734,209.26,-349.15,-116.41,32.82
1735,-142.75,-637.87,-124.96,-6.14
1736,41.82,-406.48,-90.92,57.73
1737,-5.95,-516.61,-101.38,35.9
1738,-38.72,-554.49,-108.08,20.0
1739,-54.6,-413.45,-103.0,33.89
1740,-45.56,-362.42,-104.91,37.56
1741,122.0,-493.75,-108.8,35.99
1742,-50.42,-451.92,-105.39,31.81
1743,14.17,-533.46,-106.45,31.94
1744,18.68,-360.35,-113.71,15.9
1745,-84.06,-512.38,-98.26,44.48
1746,-6.58,-397.5,-116.96,24.41
1747,-77.83,-542.11,-118.07,25.61
1748,0.42,-475.83,-133.69,-2.68
1749,25.69,-533.7,-84.49,79.81
1750,-3.39,-505.29,-94.11,46.64
1751,-39.29,-493.95,-109.05,20.98
1752,-43.34,-478.28,-114.8,7.36
1753,16.99,-146.81,-101.55,36.07
1754,7.39,-723.83,-103.68,36.85
1755,-33.78,-422.84,-92.37,37.3
1756,44.33,-585.53,-110.05,13.77
1757,-178.21,-393.9,-109.39,22.7
1758,121.42,-405.75,-89.33,48.1
1759,-82.28,-566.4,-105.68,28.19
1760,-29.19,-88.57,-114.52,15.35
1761,51.58,-622.3,-100.69,46.17
1762,-34.46,-653.67,-104.55,43.5
1763,-76.35,-497.21,-98.25,37.84
1764,85.8,-516.76,-103.36,34.82
1765,-17.31,-383.74,-106.27,25.09
1766,-11.99,-479.0,-113.16,15.7
1767,-47.63,-438.09,-102.46,30.53
1768,-29.83,-470.06,-117.06,13.21
1769,9.75,-556.67,-92.36,53.43
1770,-48.11,-266.32,-95.5,41.72
1771,-10.94,-731.86,-108.52,26.57
1772,-71.68,-333.34,-118.95,1.23
1773,71.74,-444.86,-95.72,47.14
1774,-44.73,-551.24,-97.71,32.58
1775,-34.3,-458.28,-123.45,-7.49
1776,55.26,-419.9,-86.64,61.28
1777,-61.29,-540.3,-98.72,46.19
1778,-37.69,-347.52,-109.85,30.73
1779,-1.4,-613.11,-110.79,18.58
1780,-87.95,-495.79,-101.47,40.5
1781,108.39,-480.68,-112.87,21.57
1782,-16.47,-555.38,-103.42,39.18
1783,-175.08,-543.99,-136.89,-24.16
1784,67.39,173.25,-104.89,38.5
1785,27.47,123.31,-89.11,77.11
1786,-61.6,454.17,-101.07,33.09
1787,-29.97,397.37,-121.56,17.61
1788,23.2,593.76,-107.7,42.96
1789,75.24,583.69,-111.3,29.33
1790,-36.11,384.34,-105.86,38.16
1791,-27.77,435.34,-104.75,33.46
1792,-19.65,431.86,-108.73,27.82
1793,-19.33,506.35,-106.01,30.97
1794,-31.83,383.68,-120.27,14.19
1795,-6.57,841.95,-113.55,18.04
1796,-55.0,797.92,-112.7,10.7
1797,11.38,264.2,-91.01,59.65
1798,-124.83,262.24,-104.45,27.24
1799,-25.09,497.77,-104.02,34.56
1800,79.17,502.16,-89.19,51.35
1801,11.66,488.37,-98.16,34.46
1802,-15.98,460.61,-104.92,28.23
1803,-16.78,497.12,-100.94,33.05
1804,-9.13,479.07,-101.62,28.35
1805,-21.45,427.94,-102.24,20.78
1806,-101.83,960.3,-102.93,0.71
1807,-24.72,637.46,-122.21,9.03
1808,-162.4,285.12,-88.95,70.04
1809,84.1,393.61,-97.64,48.42
1810,40.04,473.89,-99.09,40.46
1811,-12.15,360.22,-108.75,30.13
1812,20.17,540.9,-97.34,43.56
1813,-24.26,480.61,-99.92,33.48
1814,-7.55,549.62,-95.58,30.2
1815,43.39,794.76,-134.3,-9.73
1816,-14.35,342.71,-87.19,73.75
1817,-35.14,483.09,-96.78,48.56
1818,-108.03,490.57,-94.24,34.46
1819,44.23,404.55,-104.43,27.06
1820,-24.11,478.91,-100.21,32.34
1821,-1.73,505.51,-93.92,33.45
1822,-39.31,479.35,-94.6,35.28
1823,-45.92,494.37,-104.05,30.34
1824,-140.11,534.31,-111.71,6.46
1825,33.84,815.32,-129.28,-5.47
1826,126.64,472.03,-87.35,71.8
1827,-25.55,318.27,-85.96,58.37
1828,-21.85,428.03,-104.24,27.33
1829,-16.95,391.44,-106.5,22.05
1830,29.14,685.68,-100.73,23.44
1831,-45.54,460.52,-90.7,28.77
1832,-188.07,540.39,-95.93,15.79
1833,93.25,847.0,-127.32,-13.6
1834,19.87,-790.34,-96.97,51.88
1835,11.38,-365.72,-97.23,46.14
1836,-8.08,-567.85,-96.97,31.3
1837,-128.32,-675.8,-121.67,8.75
1838,4.85,-454.78,-101.99,34.81
1839,44.49,-383.56,-98.38,30.59
1840,-6.59,-479.54,-95.3,31.3
1841,-11.97,-504.21,-95.92,27.85
1842,-13.87,-485.15,-106.02,15.63
1843,-31.8,-511.58,-97.39,24.92
1844,-26.99,-483.31,-93.01,23.6
1845,-85.6,-379.51,-107.66,8.37
1846,41.5,-445.49,-117.36,3.1
1847,-31.46,-172.42,-108.49,14.97
1848,-54.39,-745.91,-115.12,11.55
1849,33.8,-470.76,-87.66,48.2
1850,-35.33,-560.36,-115.32,6.02
1851,-47.3,-402.53,-96.85,39.24
1852,76.41,-397.05,-104.15,33.52
1853,-50.93,-491.48,-103.25,20.68
1854,-82.1,-504.1,-99.77,26.23
1855,67.79,-558.6,-101.19,26.84
1856,3.57,-455.2,-94.8,37.41
1857,-15.5,-499.68,-93.83,34.75
1858,1.75,-465.37,-95.39,31.28
1859,-12.07,-543.83,-107.54,18.9
1860,-29.49,-411.39,-93.76,30.19
1861,-63.71,-385.01,-96.78,24.1
1862,-33.65,-551.03,-100.15,18.53
1863,0.16,-441.54,-108.33,17.56
1864,-2.9,-571.62,-106.36,28.56
1865,32.51,-244.68,-107.7,5.81
1866,-74.56,-574.13,-105.14,16.63
1867,-47.41,-568.46,-88.1,60.69
1868,-10.9,-547.75,-96.64,32.59
1869,-10.77,-443.86,-107.46,25.73
1870,19.15,-366.08,-107.42,26.5
1871,-28.81,-429.04,-117.28,14.47
1872,-9.33,-512.28,-90.75,43.94
1873,23.71,-464.08,-98.27,21.62
1874,-37.59,-456.0,-94.97,30.78
1875,7.45,-502.34,-110.42,15.74
1876,-8.64,-537.75,-98.19,27.74
1877,-12.67,-526.37,-95.44,27.82
1878,-37.4,-483.89,-93.04,34.26
1879,-40.09,-479.11,-100.34,24.81
1880,-8.75,-449.08,-99.93,27.76
1881,-18.64,-518.72,-97.49,22.67
1882,-92.77,-305.75,-105.09,5.76
1883,-131.81,-444.05,-113.01,11.06
1884,111.54,-481.16,-89.65,49.58
1885,32.95,-537.59,-89.19,43.36
1886,21.21,-540.53,-102.56,20.69
1887,-13.63,-440.61,-98.45,28.36
1888,-4.34,-472.61,-94.93,32.39
1889,-28.93,-526.26,-96.96,30.53
1890,-41.76,-502.77,-92.87,26.93
1891,-174.18,-464.48,-93.01,25.21
1892,-40.94,-496.45,-129.86,-9.86
1893,118.04,-102.13,-132.79,0.21
1894,94.16,-525.32,-79.84,60.89
1895,-13.49,-552.26,-96.21,39.22
1896,-29.46,-551.16,-100.34,36.58
1897,-25.62,-466.3,-96.12,35.7
1898,-22.99,-546.05,-96.58,35.55
1899,-24.56,-506.55,-101.87,30.1
1900,-24.86,-499.91,-100.77,28.23
1901,-27.79,-486.99,-100.48,29.46
1902,-154.66,-469.75,-99.93,24.16
1903,23.44,100.29,-135.13,-47.31
1904,67.3,-671.69,-78.39,73.35
1905,-21.62,-737.05,-100.93,41.34
1906,-23.7,-465.29,-98.01,42.25
1907,9.63,-382.24,-97.21,34.18
1908,-45.41,-572.18,-94.32,33.24
1909,6.16,-509.51,-99.35,29.89
1910,-19.33,-496.04,-93.88,27.19
1911,-16.83,-572.01,-121.13,-7.66
1912,-197.38,-10.4,-82.48,34.61
1913,167.16,-553.37,-89.66,48.9
1914,4.22,-554.64,-101.68,31.95
1915,-131.18,-542.29,-95.55,29.64
1916,62.65,-405.04,-111.01,14.05
1917,15.43,-559.69,-104.66,26.26
1918,-11.49,-508.91,-113.47,13.12
1919,-78.93,-374.01,-112.05,13.59
1920,23.47,-439.09,-80.96,57.36
1921,-33.74,-559.77,-92.0,28.67
1922,-29.56,-424.8,-111.02,18.64
1923,-40.3,-546.66,-103.45,21.24
1924,31.77,-358.73,-111.21,12.64
1925,-42.79,-306.2,-103.98,13.65
1926,-140.87,-557.98,-113.08,-7.34
1927,69.87,-628.49,-97.44,46.82
1928,-102.52,-366.72,-110.18,15.82
1929,14.84,-571.24,-101.44,42.46
1930,-0.82,-486.73,-96.34,34.66
1931,55.84,-471.74,-108.25,24.0
1932,-43.18,-490.92,-103.52,32.86
1933,51.2,-61.08,-127.87,-9.16
1934,-49.54,-573.01,-103.33,36.44
1935,-47.59,-563.38,-98.28,26.63
1936,-73.17,-629.17,-105.73,34.29
1937,-14.44,-502.17,-107.8,24.69
1938,7.17,-266.29,-114.03,14.18
1939,-46.67,-517.83,-84.61,50.51
1940,26.54,-541.01,-97.5,32.96
1941,-49.32,-469.81,-109.62,18.51
1942,22.23,-385.71,-102.66,21.75
1943,-77.11,-555.86,-88.85,35.2
1944,-28.12,-519.83,-113.04,15.77
1945,-8.16,-479.29,-112.49,26.86
1946,-115.73,-528.75,-105.27,35.53
1947,26.91,-496.68,-111.18,22.82
1948,-30.33,-280.5,-112.51,31.2
1949,61.14,-553.54,-109.46,27.33
1950,17.58,-423.36,-107.49,31.59
1951,-37.25,-538.42,-115.13,19.4
1952,-84.27,-439.14,-119.41,6.76
1953,5.21,-562.51,-103.71,30.78
1954,-92.01,-398.02,-112.79,15.11
1955,74.81,-403.45,-102.56,36.52
1956,14.9,-417.22,-104.98,19.7
1957,-0.45,-566.36,-110.88,25.28
1958,-85.09,-454.76,-97.59,33.99
1959,-61.9,-548.87,-100.52,24.95
1960,-87.46,-665.21,-124.73,5.98
1961,116.62,49.61,-91.43,47.62
1962,-5.66,-668.98,-103.52,32.32
1963,-102.99,-633.17,-104.39,27.9
1964,30.84,-149.11,-120.21,12.33
1965,-24.49,-658.46,-96.56,37.06
1966,24.78,-543.84,-107.04,33.4
1967,-77.34,-537.45,-109.91,33.64
1968,-40.4,-347.47,-117.66,13.18
1969,-48.49,-481.57,-106.93,34.9
1970,68.39,-277.33,-101.79,43.7
1971,-29.15,-750.09,-100.73,39.09
1972,-40.5,-434.99,-124.24,4.07
1973,7.39,-472.86,-111.76,29.17
1974,-36.34,-468.68,-93.78,55.6
1975,-63.67,-414.8,-115.31,21.95
1976,-3.83,-487.02,-101.03,38.85
1977,-25.63,-550.44,-110.81,23.2
1978,-14.15,-201.36,-113.31,15.95
1979,8.49,-675.25,-113.36,22.88
1980,-98.36,-546.73,-112.53,32.52
1981,105.47,-446.54,-100.1,49.68
1982,-68.88,-605.4,-108.47,24.8
1983,-21.97,-451.05,-98.62,48.09
1984,-20.44,-460.6,-99.75,39.88
1985,-34.59,-573.18,-105.76,30.71
1986,-9.14,-341.88,-117.41,8.97
1987,9.59,-380.51,-99.06,34.67
1988,-19.28,-523.13,-112.34,23.87
1989,-36.03,-587.48,-107.07,28.33
1990,-108.74,-443.38,-109.81,20.82
1991,-65.65,-312.18,-111.37,17.48
1992,50.13,-710.01,-97.31,46.07
1993,29.01,-317.48,-121.26,16.62
1994,11.44,-435.89,-103.4,36.37
1995,-94.44,-597.75,-99.51,38.32
1996,-11.2,-418.95,-112.61,18.29
1997,17.3,-576.16,-101.06,38.4
1998,-11.22,-477.44,-95.13,41.02
1999,-11.37,-436.2,-114.15,8.16
2000,-12.62,-502.15,-99.51,43.67
2001,-49.57,-460.58,-103.76,31.89
2002,-50.91,-647.77,-116.64,25.16
2003,-16.79,-398.43,-107.21,46.82
2004,-0.96,-278.73,-104.17,28.35
2005,-97.84,-566.01,-107.32,34.21
2006,39.32,-537.4,-104.76,32.01
2007,21.2,-534.41,-113.36,18.3
2008,-89.93,-439.96,-107.09,17.91
2009,-37.41,-507.96,-98.86,47.16
2010,6.05,-485.22,-109.6,22.32
2011,19.19,-485.41,-115.8,27.41
2012,-82.17,-455.08,-107.32,31.48
2013,-39.08,-404.61,-105.08,37.07
2014,46.55,-486.94,-127.53,-18.16
2015,13.03,-489.35,-91.64,53.45
2016,-32.85,-659.75,-87.56,44.53
2017,12.51,-222.09,-109.75,19.58
2018,-43.28,-503.99,-108.96,24.72
2019,-9.17,-569.19,-107.36,22.65
2020,-67.33,-552.95,-99.31,35.07
2021,7.99,-399.65,-99.39,33.3
2022,3.13,-528.44,-109.0,32.43
2023,-117.6,-550.59,-101.27,30.94
2024,47.0,-490.76,-105.09,29.67
2025,9.43,-434.79,-117.1,15.93
2026,-47.23,-524.11,-105.1,34.69
2027,-51.2,-443.18,-98.27,45.95
2028,-33.97,-527.62,-110.04,16.72
2029,-38.02,-509.43,-108.84,13.18
2030,62.42,-296.77,-96.93,45.93
2031,-79.76,-475.98,-107.83,24.91
2032,20.08,-585.16,-114.13,19.55
2033,-16.92,-564.94,-105.99,44.76
2034,-10.57,-435.83,-109.52,31.78
2035,-115.06,-469.4,-103.98,29.66
2036,31.01,-385.93,-105.32,33.13
2037,-15.63,-539.96,-98.75,38.03
2038,33.49,-462.52,-106.22,34.25
2039,-68.81,-511.15,-108.76,30.57
2040,-10.0,-579.21,-111.7,30.72
2041,-1.55,-471.71,-104.7,26.08
2042,-169.5,-273.36,-122.79,-8.35
2043,13.82,-695.6,-107.38,40.87
2044,115.06,-182.43,-105.78,28.03
2045,-48.79,-623.32,-90.64,61.26
2046,-61.61,-552.78,-108.75,17.78
2047,13.39,-512.58,-99.57,36.99
2048,4.72,-494.39,-101.16,32.01
2049,-13.79,-507.28,-97.59,33.54
2050,-49.63,-493.25,-103.23,25.11
2051,-117.2,-513.15,-101.49,29.13
2052,6.35,-338.49,-129.18,3.41
2053,19.13,19.97,-120.06,7.48
2054,43.46,-803.43,-99.65,49.49
2055,-56.32,-716.87,-102.46,48.56
2056,-6.99,-416.97,-87.11,57.05
2057,-0.14,-532.72,-96.78,44.89
2058,-17.07,-508.02,-104.03,32.78
2059,-47.23,-462.09,-108.78,33.49
2060,-12.51,-545.69,-108.89,31.15
2061,-78.59,-482.23,-101.74,31.09
2062,17.88,-465.08,-108.77,37.94
2063,-46.07,-469.12,-106.65,34.77
2064,-89.56,-303.43,-101.32,34.47
2065,122.87,-279.63,-128.33,4.82
2066,-33.03,-677.32,-112.85,29.7
2067,11.18,-574.68,-90.85,56.34
2068,-36.57,-558.77,-101.07,25.55
2069,-83.39,-401.96,-87.44,44.89
2070,57.81,-566.65,-106.38,33.12
2071,-26.61,-524.47,-105.78,25.06
2072,4.73,-419.62,-111.93,4.82
2073,-96.86,-110.19,-105.66,23.76
2074,-12.32,-723.63,-102.49,39.79
2075,-17.32,-566.87,-98.11,44.98
2076,12.99,-507.35,-109.06,25.78
2077,31.1,-493.35,-109.15,22.91
2078,-13.14,-378.93,-100.0,45.66
2079,-31.1,-561.71,-105.08,34.6
2080,-31.33,-563.29,-112.0,27.15
2081,-31.22,-412.27,-104.82,36.66
2082,2.58,-447.21,-109.41,33.01
2083,-68.81,-576.72,-111.39,32.38
2084,-8.09,-476.43,-107.74,30.39
2085,-69.33,-219.73,-116.9,6.85
2086,12.78,-545.13,-117.83,15.78
2087,2.95,-550.55,-94.74,54.04
2088,5.79,-462.73,-109.35,27.92
2089,-3.84,-531.27,-98.17,50.97
2090,-23.74,-462.21,-104.38,34.08
2091,-5.23,-496.06,-113.28,26.1
2092,-23.69,-538.43,-107.26,30.28
2093,-23.32,-501.12,-103.93,29.86
2094,-23.06,-492.99,-103.57,35.58
2095,-32.93,-494.86,-108.74,31.0
2096,-34.21,-478.22,-102.28,26.73
2097,-168.06,-153.96,-110.05,16.16
2098,156.89,-341.07,-156.3,-25.43
2099,-62.45,-705.67,-91.12,73.94
2100,-6.69,-482.94,-105.61,44.3
2101,-13.24,-470.61,-96.82,49.22
2102,21.76,-539.49,-99.87,41.94
2103,-14.74,-545.45,-100.44,32.99
2104,-37.68,-508.53,-109.62,30.64
2105,-10.68,-517.93,-106.3,35.9
2106,-40.99,-542.49,-108.89,24.25
2107,-138.76,-437.15,-98.08,16.51
2108,-133.36,49.86,-100.58,27.65
2109,103.81,-661.56,-123.65,23.28
2110,58.23,-523.56,-99.85,55.66
2111,-10.83,-602.93,-102.24,48.13
2112,34.76,-360.3,-115.98,24.57
2113,-43.73,-606.28,-99.89,52.14
2114,-17.14,-509.4,-106.39,40.68
2115,-12.35,-506.24,-103.38,35.59
2116,-73.63,-342.49,-130.63,-0.53
2117,76.36,-375.39,-97.9,52.2
2118,-78.33,-570.3,-91.63,50.94
2119,-146.4,-615.33,-115.39,13.23
2120,28.47,-12.04,-100.34,40.84
2121,7.15,-678.82,-104.76,47.2
2122,-3.06,-588.87,-96.63,45.26
2123,5.72,-197.46,-110.6,17.32
2124,-19.34,-692.15,-100.12,41.58
2125,-11.11,-420.32,-104.42,38.42
2126,-134.03,-552.66,-96.29,26.62
2127,17.5,-577.33,-87.21,38.1
2128,85.13,-128.8,-97.52,22.83
2129,-32.2,-615.56,-94.84,42.46
2130,-36.0,-562.36,-93.33,36.98
2131,-128.67,-484.51,-91.35,24.78
2132,100.11,-357.65,-123.69,-9.04
2133,-49.92,-604.66,-90.54,53.7
2134,3.71,-464.31,-105.85,25.45
2135,-59.96,-333.05,-109.09,18.67
2136,-23.85,-566.33,-115.13,17.26
2137,14.27,-408.74,-100.58,19.67
2138,-98.05,-438.45,-109.49,24.77
2139,38.34,-665.93,-108.41,23.47
2140,-49.02,-440.84,-95.43,45.15
2141,21.17,-267.78,-90.68,39.75
2142,-2.02,-290.36,-111.84,8.84
2143,-159.01,-860.56,-111.25,25.09
2144,45.06,-455.8,-109.04,35.2
2145,69.75,-370.48,-92.24,50.15
2146,3.07,-438.43,-103.41,18.83
2147,-25.37,-466.73,-100.68,26.72
2148,-44.59,-574.22,-100.64,31.67
2149,-7.36,-467.35,-100.29,32.1
2150,-55.0,-498.86,-113.34,23.46
2151,-34.58,-506.05,-102.38,27.06
2152,22.93,-185.03,-107.43,21.22
2153,-40.58,-643.23,-107.15,32.78
2154,-112.44,-601.04,-94.47,39.02
2155,14.44,-542.31,-108.52,20.88
2156,32.62,-389.31,-111.36,13.04
2157,-102.73,-462.93,-84.34,50.32
2158,-1.98,-507.16,-95.69,34.85
2159,36.79,-470.87,-104.63,15.5
2160,-32.3,-425.17,-109.11,26.11
2161,-72.57,-421.29,-85.33,43.08
2162,63.88,-415.71,-111.56,17.7
2163,-6.64,-618.17,-98.82,39.36
2164,-36.56,-541.99,-97.78,36.23
2165,-16.18,-349.18,-105.82,18.15
2166,-5.48,-613.16,-104.83,30.58
2167,-33.67,-446.88,-98.88,25.6
2168,14.42,-448.94,-106.22,22.49
2169,-6.21,-446.2,-97.07,26.97
2170,-26.96,-581.18,-101.16,26.2
2171,-58.7,-302.8,-105.9,15.68
2172,-76.05,-662.63,-106.04,25.06
2173,-107.55,-426.59,-95.86,42.92
2174,-17.78,-482.91,-103.34,26.48
2175,23.66,-524.09,-114.77,2.55
2176,109.17,-405.89,-102.79,31.15
2177,-172.56,-457.54,-97.44,26.94
2178,55.7,-657.29,-99.47,32.62
2179,-2.0,-506.69,-114.3,21.27
2180,-28.69,-444.16,-101.85,30.64
2181,11.09,-362.0,-96.59,44.69
2182,-24.97,-338.14,-102.93,24.72
2183,-28.26,-614.12,-100.94,30.14
2184,65.73,-250.23,-117.88,10.52
2185,-18.47,-658.16,-106.39,24.43
2186,-115.8,-555.56,-97.7,44.23
2187,-48.39,-405.69,-108.87,17.51
2188,88.47,-357.01,-102.81,30.31
2189,-202.61,-557.79,-99.61,34.08
2190,92.97,-526.33,-119.87,17.15
2191,-48.28,-538.67,-93.82,54.12
2192,-8.38,-449.44,-112.81,24.75
2193,-36.3,-337.93,-112.27,27.94
2194,-37.46,-620.87,-100.52,39.91
2195,16.3,-352.57,-103.14,33.02
2196,-0.34,-539.37,-107.16,28.71
2197,-67.75,-431.64,-110.33,26.53
2198,42.31,-448.28,-120.1,22.04
2199,-37.47,-445.7,-110.95,27.06
2200,-14.88,-571.52,-107.14,40.96
2201,-93.15,-358.64,-109.64,34.78
2202,-38.69,-566.55,-107.12,30.73
2203,-74.37,-515.36,-101.37,33.44
2204,77.24,-492.11,-106.46,36.02
2205,-9.9,-584.96,-107.95,30.99
2206,27.23,-310.38,-109.22,23.33
2207,-136.03,-576.51,-113.59,26.05
2208,88.47,-290.31,-105.01,39.78
2209,-0.79,-500.82,-110.26,29.62
2210,-85.84,-565.89,-117.42,19.43
2211,-38.66,-512.7,-106.53,39.96
2212,6.55,-504.92,-107.53,32.57
2213,23.43,-487.25,-128.78,11.32
2214,-28.19,-545.46,-105.04,41.87
2215,-212.86,-496.95,-110.79,24.04
2216,66.11,-409.76,-119.38,17.73
2217,-26.11,-222.82,-138.32,4.64
2218,40.79,-651.15,-102.17,59.37
2219,-40.4,-566.0,-99.37,51.94
2220,22.12,-404.0,-109.39,27.74
2221,-93.38,-572.37,-110.61,19.42
2222,-35.67,-499.31,-115.86,17.16
2223,-3.62,-521.28,-107.58,31.41
2224,72.41,-389.37,-112.4,31.63
2225,-22.04,-362.91,-104.84,23.51
2226,-75.49,-550.78,-108.71,45.74
2227,-241.12,-411.59,-119.42,19.81
2228,162.92,-526.29,-107.6,39.93
2229,-46.84,-568.67,-97.13,47.84
2230,-23.4,-646.68,-109.82,17.71
2231,-94.01,-321.9,-102.34,44.36
2232,93.72,-502.13,-98.82,49.36
2233,-90.86,-27.53,-118.84,22.25
2234,85.59,-727.89,-105.02,46.18
2235,3.46,-547.93,-110.27,29.84
2236,-22.38,-585.24,-108.8,35.48
2237,-50.54,-506.83,-107.59,32.76
2238,-10.55,-467.29,-112.77,19.99
2239,-43.43,-504.67,-119.41,10.84
2240,-52.81,-320.34,-121.22,5.54
2241,-40.54,-303.77,-100.93,49.26
2242,-104.73,-659.08,-93.45,44.0
2243,-61.47,-601.42,-114.23,27.44
2244,64.11,-483.34,-103.78,35.3
2245,39.41,-436.22,-110.39,22.06
2246,2.25,-508.94,-119.14,4.21
2247,-15.45,-214.47,-104.28,23.55
2248,-26.42,-411.08,-97.22,42.62
2249,-36.04,-650.46,-97.22,35.95
2250,-6.4,-533.0,-99.78,26.46
2251,35.88,-471.44,-109.11,17.63
2252,-42.21,-546.48,-104.79,23.63
2253,-71.37,-492.42,-105.9,22.94
2254,-37.12,-463.31,-109.63,18.56
2255,-11.51,-521.75,-102.2,29.93
2256,-72.08,-535.25,-101.84,21.24
2257,0.39,-502.62,-105.39,11.66
2258,-71.7,-584.35,-111.5,5.75
2259,-69.6,-187.45,-117.68,1.35
2260,155.92,-396.58,-101.26,24.75
2261,-91.22,-531.14,-100.38,26.69
2262,-86.66,-578.77,-97.9,29.05
2263,-94.98,-471.62,-115.78,-10.42
2264,57.64,-348.43,-106.76,6.2
2265,-63.98,-404.87,-117.74,-8.34
2266,169.8,-301.31,-107.64,21.34
2267,-45.49,-658.34,-88.89,42.44
2268,-44.78,-555.27,-105.05,13.75
2269,-52.78,-537.87,-116.21,-3.04
2270,-78.59,-204.8,-100.47,9.33
2271,103.62,-372.93,-116.91,4.39
2272,-25.59,-541.09,-103.41,21.64
2273,-8.15,-499.36,-103.92,19.91
2274,-73.68,-498.84,-105.35,17.21
2275,-70.71,-593.48,-112.81,9.0
2276,-87.26,-583.76,-109.29,3.77
2277,-29.43,-463.02,-123.15,-6.27
2278,18.54,-417.09,-82.04,47.28
2279,64.86,-133.07,-122.69,-19.27
2280,23.66,-448.7,-118.84,2.54
2281,-142.33,-434.43,-104.95,13.45
2282,29.76,-486.35,-89.82,29.56
2283,70.41,-432.84,-100.76,18.19
2284,-323.99,-294.12,-113.61,-21.66
2285,186.78,-560.71,-100.81,27.15
2286,-115.19,-695.91,-86.49,41.73
2287,-9.98,-411.43,-97.58,21.39
2288,65.37,-557.49,-107.42,8.25
2289,-5.11,-377.53,-109.4,-4.62
2290,-73.57,-656.97,-110.46,17.01
2291,-63.98,-572.19,-105.9,18.38
2292,23.89,-294.64,-100.47,28.55
2293,37.98,-571.26,-108.68,15.43
2294,-26.97,-255.35,-114.87,1.71
2295,-342.25,-405.27,-94.04,32.86
2296,248.31,-341.97,-112.64,11.52
2297,-169.36,-742.67,-90.07,36.48
2298,71.75,-491.32,-104.12,19.26
2299,-144.94,-498.69,-119.7,-9.71
2300,58.43,-311.27,-112.35,7.52
2301,-203.26,-326.53,-98.66,35.78
2302,145.02,-421.91,-105.09,18.07
2303,-49.22,-750.83,-93.49,37.68
2304,-224.28,-434.31,-98.26,17.9
2305,93.11,-456.71,-117.14,-7.24
2306,44.52,-415.49,-120.88,5.48
2307,1.87,-616.04,-81.31,59.2
2308,23.86,-226.81,-104.55,13.68
2309,-12.93,-398.55,-109.26,17.89
2310,-114.7,-691.52,-106.85,20.0
2311,-50.75,-457.62,-108.55,4.91
2312,8.51,-572.23,-100.44,38.71
2313,-59.25,-432.92,-104.3,26.75
2314,-247.32,-27.49,-105.0,6.24
2315,109.08,-659.36,-105.61,31.21
2316,142.95,-544.71,-115.11,18.94
2317,-69.43,-683.52,-89.87,53.79
2318,-160.64,-419.54,-91.53,41.75
2319,57.97,-558.89,-104.58,22.25
2320,-111.47,-90.72,-121.39,3.42
2321,-26.19,-853.88,-110.03,30.95
2322,114.94,-414.38,-108.49,39.72
2323,-54.35,-449.18,-112.93,23.62
2324,35.61,-267.0,-99.74,35.27
2325,-165.88,-389.99,-116.75,12.38
2326,68.73,-675.59,-108.8,37.15
2327,-9.08,-512.54,-102.16,35.01
2328,-38.14,-605.95,-111.58,36.8
2329,21.73,-380.94,-100.25,42.28
2330,-195.01,-367.42,-105.52,31.98
2331,145.81,-598.44,-112.7,27.86
2332,-38.97,-577.49,-102.34,48.88
2333,-44.93,-525.52,-114.0,25.09
2334,-67.09,-517.45,-105.66,34.31
2335,23.37,-409.72,-126.13,2.2
2336,-67.42,-370.8,-100.13,46.33
2337,-39.74,-574.45,-97.95,39.37
2338,110.41,-279.08,-111.23,24.81
2339,5.27,-693.88,-93.57,44.59
2340,-21.06,-460.37,-106.34,28.54
2341,-95.0,-570.33,-108.03,16.43
2342,7.86,-308.62,-99.3,37.59
2343,-23.53,-638.75,-103.26,45.7
2344,-19.09,-559.81,-105.24,37.72
2345,-207.62,-357.54,-113.8,-1.83
2346,139.78,-412.63,-101.75,45.74
2347,39.47,-559.33,-96.65,53.11
2348,32.73,-143.9,-112.26,30.0
2349,-24.75,-564.83,-113.78,36.74
2350,-17.58,-663.02,-100.98,51.91
2351,-39.38,-639.37,-105.54,40.55
2352,-26.76,-569.04,-111.16,35.07
2353,-15.91,-495.81,-104.77,27.74
2354,-102.75,-468.5,-117.56,4.66
2355,-409.99,21.35,-127.89,-10.81
2356,414.54,-211.58,-123.52,20.64
2357,12.16,-881.14,-68.59,103.2
2358,19.1,-615.11,-106.1,27.74
2359,-6.21,-544.56,-98.9,41.33
2360,-15.87,-512.03,-112.55,26.93
2361,-18.89,-507.8,-99.92,46.15
2362,-15.58,-518.73,-103.79,31.65
2363,-30.24,-512.19,-101.47,27.12
2364,-13.34,-500.04,-96.56,28.63
2365,-25.34,-499.1,-105.38,30.78
2366,-385.18,-388.84,-101.25,17.63
2367,168.54,8.03,-132.7,-2.94
2368,165.21,-600.53,-130.47,18.61
2369,16.65,46.94,-142.8,-5.09
2370,-36.29,-9.52,-62.29,115.95
2371,-9.24,356.28,-94.54,49.45
2372,31.81,609.0,-109.78,30.28
2373,-37.06,225.91,-119.07,21.3
2374,-58.49,446.49,-97.16,48.04
2375,-70.71,537.32,-99.49,29.16
2376,-82.12,638.96,-114.07,13.13
2377,-63.83,626.49,-112.94,25.94
2378,116.12,551.88,-115.37,20.82
2379,48.71,427.34,-113.39,38.15
2380,-12.27,670.21,-110.77,29.71
2381,-4.02,419.1,-102.42,41.16
2382,-15.75,331.06,-111.1,30.52
2383,-10.49,436.96,-112.06,24.14
2384,-33.57,433.62,-107.37,31.45
2385,-202.79,465.31,-115.64,7.91
2386,11.5,456.16,-134.97,-7.14
2387,139.65,926.81,-85.61,64.4
2388,-149.6,684.76,-113.3,18.05
2389,95.3,348.11,-105.63,33.63
2390,-16.63,382.49,-90.05,59.51
2391,30.06,419.59,-96.95,24.51
2392,-41.27,485.9,-101.47,25.53
2393,-31.58,424.78,-104.08,20.73
2394,-81.0,484.9,-117.7,7.19
2395,-87.17,919.77,-117.91,-1.17
2396,154.64,309.99,-80.97,75.24
2397,12.22,472.42,-102.51,26.85
2398,-27.37,480.24,-107.35,19.92
2399,-7.71,527.74,-106.55,31.86
2400,-65.33,396.23,-105.56,35.0
2401,43.46,436.7,-101.74,35.42
2402,-5.1,480.84,-110.79,22.75
2403,-26.82,449.27,-101.34,30.13
2404,-36.29,465.28,-102.09,22.83
2405,-249.18,487.47,-103.13,15.06
2406,76.34,1249.88,-174.94,-65.2
2407,164.41,1165.4,-88.65,79.37
2408,-28.58,1672.21,-107.84,23.7
2409,25.4,1359.0,-100.26,45.2
2410,-111.51,1289.55,-114.16,15.63
2411,-53.51,1432.3,-92.04,47.1
2412,-65.72,1664.11,-100.86,18.47
2413,-159.38,1423.47,-118.38,18.19
2414,190.88,1548.72,-128.85,-0.74
2415,57.67,1497.87,-84.21,65.16
2416,-54.05,1444.76,-100.06,36.08
2417,7.2,1501.44,-123.76,-5.7
2418,1.04,1501.26,-103.34,35.89
2419,-34.99,1411.91,-103.17,34.21
2420,12.88,1431.53,-106.1,27.7
2421,-31.38,1500.11,-105.86,23.93
2422,-84.96,1495.27,-112.35,19.46
2423,1.59,1530.24,-99.68,34.21
2424,10.03,1365.05,-112.61,22.82
2425,-57.5,1422.28,-109.5,36.36
2426,22.37,1451.67,-111.94,27.85
2427,-308.33,1666.53,-114.38,11.63
2428,-25.41,2154.49,-170.6,-58.1
2429,292.3,2084.72,-80.36,118.86
2430,15.13,2256.73,-97.33,61.09
2431,-20.77,2402.61,-118.43,24.29
2432,71.39,2672.51,-118.67,18.88
2433,-129.8,2373.06,-97.38,44.09
2434,-8.11,2337.78,-97.07,50.16
2435,-48.72,2414.69,-108.77,29.72
2436,-3.3,2389.81,-113.24,25.33
2437,-122.96,-512.59,-114.19,32.95
2438,-33.86,-286.58,-130.5,-9.58
2439,97.73,99.94,-127.35,9.3
2440,68.43,-875.15,-90.89,81.65
2441,-23.56,-691.95,-107.73,38.44
2442,14.31,-471.06,-107.17,33.11
2443,-128.95,-436.96,-102.76,34.45
2444,38.77,-534.07,-104.72,33.84
2445,-41.16,-477.24,-99.41,36.12
2446,-55.46,-550.11,-108.48,35.42
2447,23.1,-488.14,-102.0,29.2
2448,-5.74,-503.47,-108.06,33.99
2449,-76.67,-508.58,-107.32,25.73
2450,-430.88,-394.34,-89.45,34.79
2451,236.95,53.74,-162.37,-58.79
2452,68.93,-355.77,-107.48,45.87
2453,45.62,-876.02,-97.01,72.7
2454,-102.33,-218.46,-110.39,25.33
2455,37.22,-630.29,-92.49,59.21
2456,63.01,-608.92,-97.28,44.11
2457,5.14,-521.71,-105.16,32.4
2458,-6.71,-481.81,-102.35,32.78
2459,-24.65,-508.67,-104.51,28.61
2460,-68.43,-621.33,-108.92,13.79
2461,-146.89,247.65,-163.45,-62.91
2462,209.86,-418.51,-80.25,99.82
2463,-13.45,-776.63,-86.45,55.89
2464,-26.28,-625.95,-106.75,27.08
2465,-80.11,-441.51,-107.85,27.96
2466,-43.32,-392.47,-103.03,36.79
2467,26.0,-629.51,-103.37,42.03
2468,-15.48,-529.26,-98.89,33.0
2469,-92.09,-496.75,-103.74,23.64
2470,10.8,-486.43,-102.06,22.56
2471,43.33,-411.96,-106.09,17.82
2472,7.46,-504.41,-106.57,28.71
2473,-43.05,-479.49,-108.73,23.93
2474,12.7,-274.71,-108.23,14.99
2475,-83.43,-534.58,-107.43,16.38
2476,-18.88,-651.13,-121.76,11.77
2477,58.15,-370.9,-97.58,24.02
2478,-3.67,-331.76,-95.14,39.79
2479,-105.26,-538.65,-95.97,30.14
2480,72.3,-19.42,-117.58,-2.63
2481,1.45,-758.53,-110.93,42.89
2482,-2.56,-664.66,-87.47,49.07
2483,-0.94,-522.45,-102.36,23.77
2484,5.66,-420.29,-101.64,13.37
2485,-40.13,-551.32,-100.56,28.1
2486,-10.98,-494.33,-107.6,29.89
2487,-61.11,-565.73,-101.84,25.21
2488,19.62,-390.66,-109.09,23.15
2489,-3.9,-423.84,-102.29,30.83
2490,-48.57,-625.12,-100.44,37.83
2491,-10.77,-460.46,-109.81,29.25
2492,-57.96,-130.92,-99.54,30.96
2493,5.14,-372.28,-107.23,23.46
2494,-55.37,-686.36,-98.83,31.7
2495,91.64,-623.99,-103.47,29.93
2496,-62.56,-412.02,-114.51,17.63
2497,-24.96,-486.89,-107.1,25.59
2498,-32.19,-458.23,-121.72,8.04
2499,76.66,-312.01,-91.25,52.04
2500,-35.23,-514.69,-94.52,46.12
2501,-1.47,-488.23,-102.66,28.96
2502,-32.39,-336.82,-101.77,26.64
2503,49.78,-383.73,-105.14,33.12
2504,-52.33,-618.15,-98.84,37.07
2505,-43.24,-552.32,-96.42,21.59
2506,-38.64,-443.28,-110.79,19.3
2507,26.94,-527.4,-105.09,22.18
2508,0.25,-311.93,-117.02,0.63
2509,-99.45,-613.64,-101.23,30.42
2510,-99.7,-476.89,-104.02,18.26
2511,15.39,-607.75,-107.78,18.14
2512,-21.27,-320.94,-104.03,24.37
2513,53.25,-333.3,-108.79,24.5
2514,30.4,-318.88,-116.75,10.65
2515,39.91,-617.74,-96.58,47.08
2516,-55.19,-520.1,-101.65,24.17
2517,-43.85,-631.03,-111.68,12.55
2518,-243.97,25.66,-101.21,19.29
2519,196.49,-695.84,-105.35,33.09
2520,19.43,-479.14,-111.86,20.19
2521,-43.46,-538.61,-118.89,17.87
2522,-9.32,-436.59,-111.66,17.45
2523,-82.68,-470.17,-96.9,51.05
2524,29.53,-593.32,-102.68,33.57
2525,18.82,-297.59,-111.99,13.19
2526,-4.65,-509.27,-113.53,18.52
2527,-50.26,-612.35,-103.17,36.94
2528,-27.33,-319.36,-111.51,18.7
2529,-15.13,-552.79,-119.07,16.84
2530,11.65,-508.9,-110.49,23.85
2531,-83.27,-512.92,-106.68,23.72
2532,-37.97,-546.19,-106.35,24.16
2533,2.18,-544.25,-127.84,-15.39
2534,2.18,-170.58,-110.59,23.73
2535,-20.16,-360.92,-100.98,36.16
2536,-181.9,-515.13,-120.73,6.96
2537,169.86,-555.2,-114.88,21.15
2538,-9.2,-529.62,-101.64,30.55
2539,-14.09,-582.94,-104.77,30.21
2540,-48.61,-467.64,-111.21,13.53
2541,-49.43,-489.15,-105.47,22.1
2542,-41.94,-465.97,-119.73,1.02
2543,69.16,-342.41,-110.01,17.65
2544,12.77,-461.74,-101.43,20.0
2545,-56.16,-521.42,-100.73,27.24
2546,-21.97,-462.0,-108.1,14.21
2547,-81.71,-512.66,-102.95,16.18
2548,-41.71,-556.6,-102.41,25.64
2549,15.14,-504.94,-103.81,21.16
2550,61.54,-361.05,-118.03,6.33
2551,-50.85,-619.48,-107.43,21.38
2552,-24.04,-445.24,-115.37,9.16
2553,-117.06,-278.95,-116.19,11.53
2554,89.96,-498.29,-97.83,48.5
2555,0.91,-555.25,-109.44,24.5
2556,-44.26,-533.86,-103.15,37.07
2557,-17.83,-478.99,-113.54,20.3
2558,-1.79,-503.78,-110.09,26.26
2559,7.52,-465.81,-108.96,21.82
2560,-29.89,-542.36,-112.33,23.57
2561,-83.15,-490.55,-108.41,14.31
2562,-148.35,-105.4,-101.53,23.75
2563,112.21,-495.11,-122.66,14.55
2564,-13.82,-618.7,-79.29,58.18
2565,24.08,-464.6,-103.03,24.86
2566,-25.74,-582.56,-108.9,25.25
2567,6.57,-506.69,-106.64,27.08
2568,-19.57,-446.31,-104.21,24.38
2569,-24.63,-514.89,-104.95,24.11
2570,-5.06,-368.26,-108.46,0.98
2571,-165.72,-212.93,-113.12,16.38
2572,5.29,-661.34,-117.47,19.04
2573,33.29,-423.42,-92.51,65.8
2574,-134.38,-527.02,-97.89,49.67
2575,69.66,-569.11,-106.96,27.76
2576,-30.12,-459.01,-110.15,26.2
2577,63.03,-384.98,-100.61,36.97
2578,-31.11,-568.17,-100.53,36.82
2579,-78.05,-508.75,-105.89,34.92
2580,7.8,-456.46,-102.94,31.97
2581,-8.53,-441.39,-115.56,21.18
2582,-3.44,-271.12,-114.99,18.9
2583,-29.76,-604.77,-103.64,45.15
2584,35.42,-459.08,-114.1,25.57
2585,-32.89,-535.6,-105.09,30.29
2586,-18.69,-489.61,-98.83,49.42
2587,-39.37,-468.35,-105.05,25.88
2588,-130.67,-378.64,-102.51,32.9
2589,-22.69,-520.4,-109.61,26.44
2590,-167.53,-376.29,-103.37,33.77
2591,137.69,-526.65,-110.38,34.24
2592,68.93,-604.4,-109.77,30.71
2593,15.1,-327.7,-99.02,46.51
2594,-30.73,-480.28,-107.08,36.18
2595,-48.1,-535.02,-106.6,44.16
2596,-35.99,-459.77,-101.1,45.59
2597,-46.34,-439.57,-101.36,40.46
2598,32.85,-397.4,-109.1,28.05
2599,-168.05,-509.21,-112.9,19.56
2600,44.64,-451.84,-101.27,44.3
2601,26.0,-492.82,-117.06,20.03
2602,53.79,-548.84,-103.9,43.04
2603,-32.15,-473.39,-102.61,27.21
2604,-38.92,-430.26,-90.68,42.53
2605,-36.06,-382.59,-105.61,27.67
2606,-106.89,-597.81,-110.95,32.19
2607,-14.23,-456.21,-109.77,36.29
2608,9.16,-495.76,-108.34,33.3
2609,32.97,-440.79,-113.04,36.86
2610,-18.62,-385.53,-117.96,15.2
2611,-104.29,-537.23,-120.23,23.28
2612,-65.86,-341.07,-99.43,52.19
2613,114.47,-492.42,-106.89,40.52
2614,-16.65,-419.41,-111.8,35.8
2615,-99.56,-587.22,-103.74,42.59
2616,27.76,-534.32,-106.48,33.58
2617,-5.47,-451.68,-109.27,35.26
2618,-45.17,-538.15,-106.57,28.38
2619,-63.25,-465.34,-110.2,24.92
2620,-282.34,-58.48,-107.36,16.46
2621,262.85,-526.23,-113.44,39.13
2622,0.14,-690.89,-94.63,53.85
2623,-32.48,-591.5,-103.21,41.31
2624,-11.77,-413.69,-100.89,30.28
2625,-25.33,-435.89,-105.35,30.44
2626,31.44,-492.77,-107.61,22.25
2627,-43.52,-537.74,-103.77,34.85
2628,-93.03,-363.92,-116.73,10.73
2629,-133.69,62.63,-97.02,39.58
2630,76.46,-821.79,-101.72,50.96
2631,50.02,-717.15,-106.37,39.0
2632,-7.32,-438.82,-102.06,45.72
2633,-5.73,-426.15,-104.72,38.2
2634,-22.52,-544.08,-116.71,21.04
2635,-50.59,-469.38,-108.21,35.3
2636,-15.55,-490.13,-96.49,39.77
2637,-7.06,-489.91,-100.06,33.54
2638,-32.27,-457.54,-103.72,32.03
2639,-121.73,-207.16,-102.59,22.77
2640,54.18,-452.92,-120.89,14.92
2641,73.88,-357.86,-113.98,25.41
2642,-100.75,-735.0,-100.93,49.03
2643,-22.81,-571.16,-107.34,36.78
2644,27.08,-448.06,-116.32,18.01
2645,-32.08,-545.11,-93.63,50.87
2646,-72.53,-358.49,-103.73,38.32
2647,-27.69,-116.6,-120.37,-2.12
2648,-12.16,-617.93,-124.47,16.98
2649,13.36,-403.44,-78.55,91.12
2650,1.94,-647.07,-100.14,63.45
2651,-27.46,-493.27,-109.23,34.92
2652,-64.83,-464.06,-109.2,26.8
2653,-18.19,-481.57,-101.01,40.81
2654,54.18,-478.74,-103.38,38.83
2655,-29.93,-487.68,-102.12,34.05
2656,-28.73,-527.55,-99.77,40.06
2657,-20.77,-499.55,-106.22,29.72
2658,-89.82,-487.51,-111.16,16.77
2659,-133.17,-466.05,-118.14,12.55
2660,138.27,-188.57,-102.62,44.11
2661,66.27,-541.46,-97.42,32.56
2662,-17.55,-516.93,-99.17,31.38
2663,-42.42,-563.02,-97.33,32.34
2664,-216.19,-401.9,-102.19,19.62
2665,11.46,-587.59,-137.74,-13.13
2666,-5.58,-296.18,-78.09,70.13
2667,22.33,-297.42,-90.91,29.81
2668,23.52,-688.98,-110.52,25.59
2669,-13.88,-464.93,-108.18,26.0
2670,-21.7,-549.17,-94.65,44.71
2671,-0.18,-405.84,-94.39,34.06
2672,3.06,-450.49,-101.31,22.56
2673,-73.53,-535.34,-104.33,26.04
2674,18.59,-509.09,-99.68,25.93
2675,-29.08,-500.24,-98.24,34.48
2676,-15.04,-450.27,-100.5,26.32
2677,-3.3,-478.15,-107.68,28.89
2678,-84.64,-472.22,-100.8,25.46
2679,-59.42,-554.58,-104.43,26.49
2680,-42.87,-190.57,-105.45,24.78
2681,-78.68,-528.19,-108.26,8.45
2682,-77.17,-453.39,-126.66,-5.43
2683,157.22,13.12,-101.09,48.27
2684,-11.88,-938.43,-69.81,84.57
2685,-51.08,-558.77,-94.89,30.75
2686,14.51,-511.63,-100.24,20.91
2687,-0.04,-408.74,-96.78,29.81
2688,18.91,-536.49,-102.74,26.24
2689,-39.64,-531.4,-97.03,30.94
2690,-30.93,-511.04,-98.3,27.45
2691,-253.68,-463.75,-116.29,1.69
2692,181.79,-241.95,-112.27,16.83
2693,-60.08,-439.04,-89.12,58.04
2694,35.41,-330.94,-100.0,28.99
2695,-93.86,-599.12,-108.11,23.04
2696,41.25,-646.11,-103.54,37.58
2697,17.34,-547.28,-106.84,31.58
2698,-30.04,-512.47,-99.73,35.41
2699,-57.11,-497.99,-101.02,34.45
2700,-4.54,-506.99,-105.01,30.35
2701,-24.95,-497.23,-103.25,27.85
2702,-108.63,-493.22,-95.13,22.69
2703,-32.01,-412.29,-107.2,20.5
2704,67.58,282.92,-161.2,-52.36
2705,-131.91,52.17,-74.95,86.54
2706,1.88,518.52,-97.36,41.1
2707,-0.23,332.07,-106.4,27.09
2708,64.61,591.62,-97.3,40.14
2709,-9.86,366.41,-100.82,30.03
2710,2.89,469.66,-102.11,19.61
2711,-62.66,428.23,-105.39,13.62
2712,-3.64,585.09,-88.72,43.08
2713,-18.73,548.81,-95.35,16.7
2714,-152.41,555.51,-100.14,10.34
2715,-124.87,621.51,-118.08,-8.75
2716,103.48,715.06,-113.98,19.22
2717,72.03,283.91,-85.51,63.2
2718,2.0,417.03,-100.59,29.51
2719,-9.06,446.75,-99.31,27.79
2720,-17.93,449.89,-106.52,22.44
2721,-44.87,488.06,-99.65,24.49
2722,-88.84,834.79,-105.13,10.28
2723,46.99,347.74,-103.05,25.39
2724,-15.77,522.9,-93.56,32.64
2725,-19.28,454.28,-95.3,24.3
2726,-81.04,621.72,-95.85,22.62
2727,-27.42,397.49,-100.9,34.52
2728,-31.54,563.05,-109.03,2.39
2729,-168.78,465.71,-94.97,27.19
2730,30.56,341.39,-118.0,7.12
2731,101.41,968.29,-120.72,12.13
2732,-91.69,265.63,-87.75,57.09
2733,-55.29,514.72,-93.57,32.33
2734,-108.29,617.88,-115.06,6.6
2735,102.05,608.63,-118.4,-5.96
2736,61.29,517.59,-91.69,48.41
2737,-23.36,297.83,-93.17,30.89
2738,-35.96,486.74,-99.52,22.0
2739,-5.44,526.93,-105.15,27.63
2740,6.77,596.18,-116.28,13.24
2741,28.83,604.36,-114.15,9.1
2742,-94.79,350.01,-93.81,41.99
2743,18.94,474.59,-105.09,20.98
2744,-46.66,462.2,-106.9,24.28
2745,-23.28,522.93,-104.7,21.29
2746,-241.13,494.45,-98.13,25.33
2747,104.32,793.6,-119.07,-4.66
2748,-40.63,282.92,-107.0,29.8
2749,-33.06,466.29,-95.64,30.3
2750,80.02,663.55,-103.86,13.31
2751,-34.37,379.37,-101.8,29.58
2752,1.98,472.06,-94.5,37.71
2753,-20.25,474.78,-100.6,26.04
2754,-59.21,508.77,-102.73,20.91
2755,-45.51,862.79,-117.71,12.63
2756,-33.33,351.23,-104.26,30.73
2757,-3.71,497.86,-115.03,17.92
2758,-5.89,430.99,-100.6,41.94
2759,-27.2,477.83,-97.53,33.17
2760,17.5,480.69,-106.74,23.16
2761,2.68,555.4,-107.05,20.95
2762,-14.25,470.15,-104.66,19.79
2763,-51.03,485.68,-101.04,15.57
2764,-208.81,631.31,-98.13,3.55
2765,30.9,1002.92,-149.87,-61.88
2766,65.99,191.97,-74.37,103.5
2767,-64.41,756.25,-96.5,28.68
2768,22.0,251.93,-104.43,21.76
2769,89.57,528.82,-94.22,40.82
2770,-44.22,419.84,-95.85,36.43
2771,-35.19,429.67,-97.43,30.17
2772,-36.54,470.78,-97.01,23.58
2773,-26.66,482.03,-103.41,21.69
2774,-28.98,496.6,-101.31,17.58
2775,-27.55,482.54,-103.66,22.32
2776,-236.03,472.76,-95.77,10.64
2777,-40.58,1177.94,-161.26,-74.32
2778,219.86,325.95,-85.22,83.04
2779,-23.4,243.09,-86.45,58.0
2780,-26.42,798.24,-120.0,-8.64
2781,18.96,294.27,-90.0,40.15
2782,-16.37,409.81,-86.62,44.84
2783,-25.32,451.58,-97.04,28.57
2784,-21.0,478.94,-97.44,22.54
2785,-21.58,480.26,-103.71,19.3
2786,-28.63,488.39,-100.92,18.22
2787,-41.63,492.65,-97.49,21.39
2788,-12.96,496.93,-105.25,24.58
2789,-134.01,537.2,-98.73,24.46
2790,-30.74,542.07,-117.42,10.58
2791,110.34,592.56,-109.55,14.91
2792,3.61,780.75,-114.21,10.57
2793,-23.01,295.71,-99.5,37.58
2794,33.31,545.24,-99.57,33.77
2795,-152.21,398.54,-87.56,37.63
2796,-81.88,313.21,-104.0,20.58
2797,62.06,684.47,-97.21,33.79
2798,24.59,622.51,-115.15,4.03
2799,-6.74,522.37,-106.24,36.85
2800,26.7,608.05,-95.02,30.48
2801,-81.63,380.01,-95.62,34.72
2802,15.89,390.26,-96.27,31.4
2803,5.35,492.9,-104.97,27.14
2804,-21.07,474.64,-100.48,24.91
2805,-18.97,504.92,-105.24,21.33
2806,-26.73,436.58,-108.17,24.16
2807,-99.44,469.54,-117.97,3.7
2808,2.8,540.7,-100.1,39.28
2809,-111.93,744.93,-101.13,23.85
2810,129.77,657.21,-121.1,5.98
2811,-47.93,269.79,-90.41,61.64
2812,21.03,480.73,-111.6,27.23
2813,-35.42,438.92,-100.84,37.51
2814,-57.31,548.23,-106.46,25.42
2815,-81.02,457.81,-109.22,30.0
2816,40.05,365.53,-127.27,12.28
2817,32.88,735.26,-117.14,17.58
2818,22.85,425.27,-103.7,48.14
2819,-81.94,592.75,-110.91,24.15
2820,3.81,572.05,-104.75,33.5
2821,30.37,452.01,-114.88,15.08
2822,-41.62,462.23,-109.65,22.14
2823,-37.14,461.24,-101.14,42.24
2824,-56.79,455.09,-103.31,41.3
2825,21.06,465.34,-103.84,30.45
2826,-15.66,470.47,-104.92,25.81
2827,-23.2,483.23,-100.66,29.91
2828,-55.53,501.95,-104.81,25.74
2829,-90.23,500.63,-103.43,25.31
2830,36.47,725.13,-114.26,14.24
2831,-32.07,763.81,-121.04,8.84
2832,59.91,244.36,-106.31,35.33
2833,16.8,434.28,-106.67,29.06
2834,-88.13,587.16,-90.86,42.74
2835,55.58,643.86,-107.33,19.08
2836,-1.69,697.23,-105.78,33.75
2837,-66.85,313.94,-111.14,25.27
2838,-85.27,421.79,-88.3,65.33
2839,42.29,-465.5,-106.53,27.96
2840,-72.05,-390.22,-102.88,26.36
2841,-32.87,-456.52,-101.07,43.83
2842,18.45,-522.83,-121.04,15.43
2843,-56.26,-634.28,-109.38,27.81
2844,8.02,-446.5,-104.42,37.83
2845,35.24,-424.05,-101.9,39.06
2846,15.2,-420.97,-107.91,23.36
2847,0.6,-310.32,-106.81,31.88
2848,-161.68,-733.99,-109.22,27.81
2849,-89.79,-316.27,-122.09,6.34
2850,87.08,-488.26,-100.94,42.37
2851,-72.98,-531.59,-107.23,34.81
2852,18.88,-495.04,-118.65,17.21
2853,-78.54,-309.23,-126.04,8.95
2854,62.75,-562.56,-102.53,49.32
2855,-12.1,-626.68,-100.74,31.86
2856,22.06,-281.53,-108.75,23.43
2857,-32.77,-508.76,-107.67,25.0
2858,-37.48,-504.24,-112.22,29.19
2859,23.98,-421.89,-112.69,21.13
2860,-13.26,-330.41,-116.4,18.18
2861,-60.43,-569.86,-105.9,33.24
2862,-120.89,-481.3,-102.48,29.58
2863,66.1,-488.67,-109.11,24.72
2864,-4.48,-418.9,-105.89,23.37
2865,-22.76,-519.56,-110.22,17.61
2866,-9.89,-242.1,-105.05,25.94
2867,16.72,-562.51,-106.81,32.94
2868,-16.9,-672.17,-100.52,29.0
2869,-31.14,-292.73,-114.16,17.66
2870,-22.05,-190.91,-105.4,24.45
2871,13.52,-381.89,-114.43,20.29
2872,-32.83,-626.76,-92.25,55.04
2873,35.83,-162.3,-108.18,19.74
2874,32.35,-556.73,-95.74,32.13
2875,-118.29,-423.7,-113.2,9.68
2876,27.41,-565.27,-92.54,53.17
2877,-41.57,-542.14,-95.5,28.21
2878,-67.47,-499.13,-101.68,23.02
2879,10.19,-485.83,-102.11,21.6
2880,20.65,-545.14,-97.5,20.69
2881,-109.98,-435.46,-99.94,20.18
2882,14.85,-428.81,-110.49,18.44
2883,-47.19,-554.6,-107.72,21.05
2884,-0.2,-595.09,-110.28,20.86
2885,-58.86,-344.49,-94.9,26.38
2886,36.54,-324.05,-112.55,4.06
2887,-10.75,-555.03,-95.58,46.36
2888,-75.38,-535.26,-101.13,26.1
2889,66.91,-299.61,-100.36,21.35
2890,-55.1,-649.33,-109.76,12.18
2891,-11.15,-295.1,-96.84,38.24
2892,-1.01,-561.98,-105.02,12.22
2893,-85.42,-415.74,-97.55,23.9
2894,28.57,-671.56,-88.85,41.99
2895,-6.51,-434.74,-103.33,21.5
2896,-51.26,-364.37,-98.71,14.54
2897,-89.1,-310.12,-119.97,-10.83
2898,53.49,-664.79,-82.32,53.66
2899,11.26,-518.83,-100.54,27.52
2900,-93.68,-332.96,-113.67,-4.23
2901,-80.75,-426.71,-93.72,37.02
2902,72.03,-473.46,-100.21,23.34
2903,19.76,-706.51,-105.17,9.1
2904,-31.5,-417.27,-98.4,31.77
2905,16.75,-349.7,-100.89,17.56
2906,-41.3,-538.46,-114.81,4.05
2907,-71.56,-539.59,-90.9,34.75
2908,-1.44,-406.04,-98.5,19.58
2909,-10.41,-483.08,-115.5,1.02
2910,5.57,-442.0,-94.86,37.7
2911,-113.53,-549.94,-99.31,27.48
2912,9.33,-604.26,-98.98,22.45
2913,5.31,-371.66,-112.23,1.18
2914,5.08,-466.58,-93.1,33.88
2915,-52.73,-665.46,-99.49,23.64
2916,32.86,-44.14,-102.91,2.78
2917,-197.19,-779.92,-92.43,41.57
2918,87.32,-401.91,-96.63,32.07
2919,-39.76,-541.68,-98.53,16.27
2920,58.32,-405.39,-99.11,14.58
2921,-6.46,-497.93,-105.65,10.01
2922,-26.15,-505.7,-98.31,17.72
2923,-35.67,-474.58,-101.88,9.82
2924,-126.95,-500.29,-90.46,14.5
2925,38.35,-384.69,-102.55,28.16
2926,51.23,-527.48,-92.96,41.74
2927,-36.76,-514.3,-98.75,23.84
2928,-58.05,-494.29,-95.51,28.81
2929,37.48,-511.26,-100.8,20.9
2930,-54.48,-565.5,-96.34,28.17
2931,-7.21,-389.16,-105.2,16.45
2932,-139.07,-478.86,-110.9,2.26
2933,29.24,-135.66,-100.95,35.87
2934,-1.31,-654.72,-101.5,40.48
2935,30.38,-549.57,-102.09,25.17
2936,-56.87,-598.63,-98.5,29.8
2937,40.74,-492.15,-109.0,27.7
2938,-22.72,-549.15,-107.81,26.5
2939,-8.36,-474.92,-109.11,24.46
2940,-65.28,-558.97,-127.42,-6.73
2941,-98.31,333.68,-117.3,-4.72
2942,17.74,116.71,-81.14,79.07
2943,32.49,335.85,-100.97,50.75
2944,-22.33,403.99,-106.36,26.3
2945,17.69,562.79,-107.27,17.04
2946,-20.3,429.52,-111.39,25.48
2947,-21.24,464.56,-104.71,22.25
2948,-14.5,478.22,-103.84,24.92
2949,-16.26,478.86,-112.85,15.8
2950,-270.94,494.83,-116.98,5.98
2951,167.63,1238.14,-114.73,21.63
2952,10.33,1113.8,-94.52,52.45
2953,-40.85,1303.61,-103.17,39.0
2954,19.13,1449.92,-105.77,29.88
2955,0.03,1469.56,-105.39,32.08
2956,-30.81,1432.31,-105.41,36.96
2957,-27.27,1439.36,-104.1,33.2
2958,-22.02,1456.47,-108.28,29.86
2959,-61.14,1442.09,-99.14,24.2
2960,-3.47,1567.82,-113.94,18.41
2961,-157.16,2073.39,-150.79,-33.0
2962,64.49,1136.13,-104.72,58.73
2963,73.79,1698.67,-118.91,25.41
2964,-32.87,1414.27,-95.02,54.97
2965,44.27,1323.59,-112.24,26.54
2966,-18.86,1455.68,-104.5,40.46
2967,-24.73,1478.78,-98.45,29.16
2968,-108.87,1455.54,-111.77,19.33
2969,13.67,1656.3,-109.17,20.88
2970,-5.12,1379.45,-105.23,32.45
2971,-10.56,1447.07,-106.77,32.43
2972,-54.67,1443.92,-109.93,28.15
2973,-23.23,1428.78,-116.18,23.83
2974,-2.15,1501.06,-114.02,30.67
2975,-82.94,1481.72,-109.82,31.07
2976,21.99,1461.6,-109.95,28.91
2977,-56.15,1478.11,-103.37,27.55
2978,-27.91,1501.67,-115.87,12.07
2979,31.24,1967.67,-121.36,-7.55
2980,-8.6,1393.91,-112.1,50.95
2981,-39.24,1189.16,-103.59,41.73
2982,8.99,1449.53,-104.77,34.62
2983,27.51,1514.29,-116.27,7.55
2984,-81.26,1414.52,-118.15,23.88
2985,-54.0,1588.49,-107.17,32.58
2986,-137.65,1469.26,-103.59,42.75
2987,108.09,1546.14,-111.9,30.64
2988,25.51,1544.49,-117.21,16.52
2989,-63.3,1423.19,-103.14,44.53
2990,1.93,1432.05,-104.67,34.15
2991,46.27,1486.65,-111.02,18.89
2992,-29.18,1425.16,-114.62,16.43
2993,-3.05,1580.52,-107.63,31.23
2994,-50.69,1416.98,-99.7,43.19
2995,-36.93,1463.72,-105.23,22.08
2996,-66.13,1520.79,-120.28,14.07
2997,-13.24,1655.62,-105.32,32.26
2998,6.05,1394.46,-112.54,30.21
2999,3.6,1421.55,-119.21,20.78
