,ch1,ch2,ch3,ch4
0,-12.81,-491.67,-98.68,30.57
1,-28.17,-446.13,-92.96,38.1
2,20.8,-182.78,-99.49,21.51
3,60.59,-529.81,-98.28,1.22
4,-12.07,-595.75,-96.58,14.51
5,-42.12,-551.35,-100.59,-23.53
6,-37.45,-542.01,-91.95,7.65
7,-48.61,-530.29,-87.17,19.92
8,-12.0,-444.17,-83.31,27.39
9,-5.96,-432.67,-97.33,19.71
10,-32.49,-473.97,-92.12,19.86
11,-11.25,-436.83,-97.13,0.01
12,-17.1,-429.02,-84.43,31.86
13,-39.08,-579.58,-83.91,24.7
14,-48.48,-514.98,-82.8,29.38
15,-88.3,-484.21,-88.99,17.45
16,36.76,-477.25,-95.68,13.56
17,26.97,-484.06,-97.5,11.03
18,40.78,-347.67,-95.18,12.03
19,-21.21,-496.42,-87.35,16.99
20,-33.93,-538.81,-101.58,15.04
21,-25.33,-481.29,-97.66,15.56
22,7.82,-438.45,-89.99,26.66
23,-26.09,-450.94,-95.39,13.9
24,-14.51,-435.03,-102.4,13.46
25,-37.32,-513.9,-98.94,11.01
26,31.28,-322.06,-95.17,7.02
27,-5.04,-447.05,-101.89,-0.97
28,-63.07,-656.16,-94.9,14.97
29,-4.11,-541.61,-78.65,24.26
30,-43.46,-500.82,-95.92,11.97
31,-21.24,-372.49,-106.93,7.9
32,5.55,-415.35,-103.59,5.28
33,-22.61,-661.56,-102.93,4.94
34,1.3,-450.59,-104.3,-5.45
35,-34.76,-509.6,-85.55,10.43
36,-16.42,-533.79,-97.08,1.62
37,-26.21,-516.41,-84.71,9.82
38,4.04,-513.11,-97.68,-0.3
39,-39.57,-487.25,-91.61,-11.49
40,-24.99,-502.08,-89.21,9.18
41,-14.95,-491.53,-87.91,14.77
42,20.85,-435.33,-90.53,18.16
43,4.78,-426.28,-89.96,22.01
44,-61.18,-530.92,-83.88,-15.15
45,-16.22,-398.13,-85.19,27.99
46,6.74,-442.93,-75.22,19.12
47,-65.9,-469.82,-92.57,5.84
48,-0.79,-439.13,-89.09,12.49
49,4.53,-545.46,-95.56,3.64
50,-7.38,-522.63,-95.05,7.03
51,-56.99,-549.69,-92.3,2.89
52,-58.57,-469.67,-87.7,10.92
53,24.45,-466.5,-93.95,8.06
54,14.87,-457.96,-95.0,8.81
55,-12.08,-474.23,-94.28,3.83
56,-2.55,-471.94,-91.49,-10.14
57,-23.94,-537.23,-93.77,20.12
58,-29.77,-445.73,-90.71,24.76
59,32.68,-405.58,-90.69,20.5
60,-8.99,-508.96,-87.93,18.15
61,-31.72,-568.38,-90.87,17.03
62,-14.04,-499.95,-89.96,25.46
63,-27.52,-412.55,-88.66,7.78
64,-16.66,-536.13,-100.44,7.8
65,-26.69,-481.07,-103.43,14.75
66,-45.76,-510.55,-88.14,52.98
67,-34.83,-593.68,-95.42,2.4
68,-8.78,-485.23,-101.62,-8.04
69,15.45,-259.53,-89.84,-0.21
70,-22.51,-126.75,-94.23,22.95
71,-12.7,-736.83,-99.22,14.31
72,9.73,-580.94,-90.38,21.42
73,-24.61,-453.75,-92.48,2.09
74,-13.49,-554.74,-101.21,6.72
75,26.79,-403.93,-89.61,45.6
76,-35.91,-534.39,-73.72,34.32
77,-34.56,-522.12,-89.19,15.17
78,-31.89,-508.66,-85.57,11.63
79,-29.46,-523.27,-88.32,16.92
80,-25.23,-512.79,-94.55,19.25
81,-45.66,-527.46,-93.43,16.36
82,-36.51,-479.03,-89.17,2.9
83,-1.73,-478.86,-92.81,-4.8
84,-9.88,-491.45,-91.57,40.2
85,-25.94,-458.54,-80.12,16.17
86,-1.7,-246.23,-97.56,7.43
87,-13.94,-528.98,-97.05,20.48
88,-39.8,-615.69,-82.27,27.6
89,-81.93,-580.48,-96.77,5.78
90,17.86,-491.4,-97.01,10.79
91,8.81,-369.8,-90.91,7.72
92,-62.53,-567.83,-85.25,20.61
93,-27.51,-475.1,-89.53,20.2
94,14.22,-492.23,-95.78,15.96
95,-0.58,-417.79,-91.75,13.45
96,-43.31,-559.33,-88.41,15.45
97,-35.2,-520.21,-90.26,18.14
98,-3.15,-364.91,-89.46,34.15
99,-36.8,-578.28,-94.28,21.02
100,-21.04,-458.17,-96.73,5.59
101,-41.83,-535.52,-96.69,18.94
102,-21.68,-411.02,-97.39,19.97
103,11.15,-368.55,-95.71,12.56
104,-24.36,-519.49,-98.85,22.31
105,-10.73,-536.75,-98.68,20.58
106,-42.35,-463.57,-94.81,17.11
107,-27.37,-513.15,-99.04,14.53
108,-10.29,-538.07,-96.35,15.13
109,-5.58,-457.46,-92.98,11.51
110,-17.65,-542.82,-100.03,14.28
111,-32.06,-520.49,-98.53,16.71
112,-20.81,-422.49,-97.79,13.96
113,-9.69,-459.6,-98.81,12.98
114,-23.2,-421.05,-93.29,14.96
115,-13.06,-444.63,-97.03,7.03
116,-24.74,-562.66,-99.04,12.13
117,-34.17,-556.04,-89.33,18.8
118,-38.62,-523.06,-90.79,22.22
119,-14.78,-495.98,-93.53,12.91
120,-17.66,-506.32,-99.54,7.97
121,-17.23,-516.62,-95.71,28.25
122,-30.12,-508.65,-90.05,19.17
123,-18.69,-492.79,-91.67,5.45
124,-5.98,-489.82,-104.45,-5.93
125,-25.08,-522.35,-88.26,26.38
126,-24.4,-489.49,-87.69,26.73
127,-5.98,-485.25,-103.11,-4.14
128,-24.55,-536.33,-93.35,17.79
129,-11.33,-421.64,-91.8,18.67
130,-7.09,-466.04,-94.96,4.51
131,-26.98,-520.57,-84.61,50.24
132,-16.44,-477.46,-87.18,27.07
133,-12.35,-503.16,-101.23,5.0
134,-19.79,-415.14,-90.26,19.45
135,-34.58,-532.62,-90.23,33.15
136,-11.86,-411.04,-96.02,23.63
137,-12.21,-559.7,-102.32,-1.06
138,-1.66,-448.62,-100.18,3.31
139,2.64,-400.78,-102.6,12.29
140,-18.45,-507.8,-106.9,1.39
141,-39.7,-579.98,-100.0,14.77
142,-26.19,-440.98,-103.17,-3.46
143,6.01,-446.82,-111.27,-22.68
144,-39.91,-435.45,-75.22,71.51
145,-8.99,-485.31,-88.88,32.09
146,-24.07,-500.92,-96.84,18.9
147,-46.4,-503.18,-91.22,37.52
148,-70.04,-499.26,-95.51,17.34
149,18.23,-502.15,-94.54,23.33
150,-4.3,-394.0,-96.0,28.5
151,-40.68,-587.25,-91.01,29.72
152,0.53,-271.08,-92.54,15.57
153,-18.99,-584.76,-108.38,-16.36
154,2.91,-478.8,-106.63,0.62
155,-31.68,-430.26,-84.19,45.58
156,-42.15,-463.8,-77.25,49.37
157,-26.2,-425.48,-85.55,23.02
158,-27.4,-390.69,-89.6,19.25
159,-34.28,-350.36,-83.55,26.54
160,-22.11,-370.14,-85.05,25.48
161,-42.68,-514.98,-89.58,6.32
162,-21.47,-362.58,-99.1,2.53
163,-12.99,-345.68,-82.91,15.31
164,-27.21,-575.43,-100.06,-0.06
165,-34.7,-417.37,-91.77,10.57
166,4.6,-340.5,-84.24,28.01
167,-27.16,-444.75,-83.76,25.24
168,-31.75,-539.57,-81.34,20.32
169,-18.93,-484.98,-92.65,5.67
170,13.28,-254.04,-101.67,-11.03
171,-56.38,-654.07,-92.49,-2.34
172,-68.51,-585.88,-76.39,26.9
173,-46.8,-612.46,-81.93,12.96
174,-25.54,-531.36,-86.3,23.03
175,-19.76,-591.57,-98.3,-17.56
176,-45.99,-493.76,-77.95,35.32
177,-22.99,-512.1,-87.26,24.36
178,-25.33,-490.81,-87.06,1.44
179,-12.59,-352.46,-92.79,-27.47
180,-56.98,-636.9,-76.25,34.67
181,-37.18,-510.06,-77.61,31.83
182,-32.47,-514.83,-101.65,-38.78
183,-38.71,-502.66,-86.04,7.92
184,-0.86,-313.35,-96.13,-19.25
185,-8.03,-221.78,-75.18,24.84
186,-41.76,-504.27,-83.17,-8.58
187,-30.3,-600.95,-88.77,0.65
188,-51.98,-744.06,-74.32,32.01
189,-37.77,-344.73,-78.58,6.79
190,-45.07,-625.26,-89.5,-27.61
191,-4.71,-398.56,-68.14,-10.88
192,-31.91,-360.64,-78.59,47.7
193,-30.4,-588.79,-126.89,-11.68
194,-23.47,-425.03,-44.82,15.6
195,-51.45,-727.86,-86.18,-32.0
196,-38.02,-553.48,-101.26,-6.0
197,-27.47,-381.13,-74.41,40.32
198,-40.29,-519.28,-109.47,-42.71
199,-7.39,-287.3,-77.0,-0.13
200,3.84,-382.5,-83.49,5.12
201,-31.29,-348.42,-66.78,46.44
202,6.68,-421.79,-90.54,2.33
203,-12.9,-489.86,-88.37,-28.71
204,-51.26,-575.03,-56.68,62.21
205,-14.8,-504.09,-97.41,-55.25
206,-36.41,-509.29,-78.62,22.71
207,-20.42,-511.29,-84.29,10.83
208,-58.77,-581.08,-62.4,51.09
209,-15.69,-434.65,-74.13,8.86
210,-23.97,-544.33,-88.87,-13.46
211,-26.25,-384.47,-78.57,16.06
212,9.26,-335.25,-94.69,-26.45
213,-35.21,-504.59,-68.9,31.13
214,-40.11,-396.58,-69.3,44.17
215,-43.63,-698.33,-74.17,17.23
216,-18.35,-452.2,-83.15,-11.42
217,-17.76,-504.99,-73.93,19.52
218,-31.39,-542.59,-59.0,40.49
219,29.36,-230.16,-105.68,-55.87
220,-23.08,-324.96,-84.38,-36.99
221,-63.76,-609.34,-48.22,85.17
222,-33.03,-522.39,-65.93,40.09
223,-16.49,-478.47,-71.45,27.52
224,-5.18,-309.84,-82.54,1.89
225,-24.52,-608.96,-71.78,19.31
226,-18.67,-455.13,-82.66,-17.34
227,-31.66,-539.68,-84.99,-2.81
228,-33.03,-474.02,-68.77,26.68
229,-34.91,-511.61,-66.99,39.38
230,-28.23,-600.21,-78.45,41.68
231,-9.39,-348.25,-87.96,-17.59
232,-5.56,-339.33,-74.04,44.6
233,-46.67,-661.03,-75.59,23.2
234,-0.54,-305.29,-73.22,26.8
235,-31.11,-553.94,-73.48,34.76
236,-15.72,-420.8,-81.97,1.38
237,-9.41,-417.93,-90.19,-0.43
238,-39.69,-533.58,-64.75,37.5
239,-21.07,-494.57,-66.04,26.1
240,17.93,-408.99,-126.61,-51.86
241,-58.31,-517.93,-36.39,86.71
242,-8.9,-395.84,-87.14,-40.41
243,-32.9,-471.1,-81.68,13.8
244,-54.75,-487.57,-109.56,78.37
245,-14.71,-476.0,-75.38,59.07
246,-4.85,-474.23,-65.85,-13.34
247,-21.78,-404.45,-76.17,-61.21
248,-6.72,-396.34,-88.52,27.86
249,-47.15,-577.12,-51.64,102.89
250,3.66,-487.13,-107.1,-30.56
251,-29.72,-419.83,-104.23,20.59
252,-31.08,-574.43,-87.04,89.36
253,-13.68,-487.91,-84.03,30.99
254,-10.97,-399.21,-72.37,1.1
255,-22.32,-556.95,-60.7,52.17
256,-8.09,-465.97,-55.7,68.6
257,-45.5,-548.82,-92.97,41.69
258,2.42,-448.65,-92.89,-82.8
259,-7.98,-455.77,-101.68,-17.98
260,-55.4,-501.2,-73.56,128.3
261,-23.52,-382.05,-82.53,5.94
262,3.74,-447.73,-76.72,6.55
263,-9.92,-460.42,-75.84,13.02
264,1.73,-253.66,-79.42,63.44
265,-22.25,-616.45,-104.8,19.6
266,-25.16,-536.68,-62.2,9.46
267,-20.7,-363.75,-84.44,-7.85
268,-24.06,-484.75,-68.86,88.05
269,54.84,-445.43,-126.99,-99.39
270,-69.77,-507.38,-129.81,107.67
271,-22.32,-540.54,-50.76,56.65
272,-28.45,-527.87,-44.94,27.14
273,7.67,-455.22,-120.57,-39.94
274,-24.58,-340.65,-60.69,84.36
275,-44.72,-559.56,-68.27,67.87
276,21.92,-554.49,-129.49,-86.58
277,-64.75,-398.93,-51.4,112.04
278,-42.76,-634.1,-99.26,40.14
279,21.87,-360.96,-99.6,-1.44
280,-8.21,-400.6,-61.73,46.38
281,-36.27,-522.28,-53.21,62.81
282,-7.15,-437.62,-87.53,19.48
283,-20.5,-504.59,-69.57,54.62
284,-27.57,-542.6,-115.06,-12.13
285,-38.43,-489.32,-99.17,89.76
286,0.96,-423.84,-106.96,-21.61
287,-23.45,-537.0,-131.26,62.83
288,-14.79,-463.66,-95.41,16.51
289,14.91,-413.55,-67.68,8.38
290,-23.36,-476.7,-113.12,28.2
291,-36.17,-543.9,-100.08,29.13
292,-16.16,-486.41,-52.76,9.58
293,-23.6,-305.47,-94.3,12.98
294,-4.21,-510.3,-53.86,44.43
295,-24.99,-565.37,-57.23,51.76
296,-8.54,-479.12,-77.64,53.64
297,-28.82,-632.09,-60.4,59.1
298,-33.65,-420.17,-70.17,56.91
299,0.9,-291.61,-74.2,17.18
300,-18.28,-483.84,-79.67,0.09
301,-32.74,-679.19,-65.92,64.95
302,5.4,-426.68,-95.55,-4.75
303,-31.37,-478.18,-53.27,97.13
304,1.81,-499.56,-94.48,-3.01
305,-36.39,-545.41,-50.62,49.56
306,-18.16,-546.42,-78.29,46.49
307,-13.7,-551.03,-96.85,39.36
308,13.11,-276.82,-83.11,19.11
309,-13.41,-518.08,-63.62,48.73
310,-38.27,-540.42,-191.53,7.08
311,-16.74,-551.63,-48.48,14.19
312,-45.54,-493.22,-75.57,30.99
313,3.53,-412.94,-72.99,35.0
314,3.95,-437.93,-87.17,-25.53
315,-27.62,-478.32,-36.99,120.75
316,-12.47,-561.78,-87.11,14.74
317,-6.15,-592.56,-110.67,-13.08
318,-15.33,-380.43,-40.16,100.83
319,-20.93,-454.9,-127.28,13.33
320,-28.49,-508.93,-66.39,50.23
321,-1.77,-516.14,-78.56,24.51
322,-34.23,-570.25,-65.54,54.84
323,-17.64,-477.34,-100.06,-14.55
324,14.41,-270.13,-50.69,44.01
325,-1.8,-447.98,-87.01,44.26
326,-40.31,-529.29,-162.25,71.04
327,-15.49,-409.97,-13.86,106.02
328,-14.39,-546.7,-70.97,0.98
329,-11.38,-519.33,-89.7,-0.14
330,-25.28,-498.02,-58.65,67.15
331,-25.57,-467.45,-75.65,35.54
332,-7.22,-528.35,-95.49,0.28
333,-25.87,-520.46,-84.31,58.05
334,12.81,-256.51,-87.41,36.1
335,-25.33,-659.71,-90.81,-26.49
336,14.53,-417.86,-111.66,51.2
337,-44.54,-551.97,-49.5,55.53
338,-14.37,-440.22,-85.04,68.46
339,-29.8,-561.3,-63.5,25.7
340,-13.69,-495.88,-74.58,51.0
341,-14.11,-575.23,-72.55,54.87
342,8.93,-438.36,-107.98,-6.94
343,-14.58,-377.8,-61.36,66.09
344,-26.84,-633.77,-65.95,48.11
345,-18.01,-546.14,-64.13,31.62
346,-5.02,-470.5,-96.69,30.49
347,-33.95,-529.4,-71.74,46.37
348,2.6,-377.81,-119.2,42.52
349,-7.31,-469.87,-58.51,40.71
350,-19.54,-469.13,-134.03,111.97
351,-23.95,-446.28,-61.98,12.08
352,-2.67,-474.78,-79.63,17.42
353,-1.97,-450.95,-73.63,14.56
354,-24.8,-540.83,-72.86,55.63
355,-0.55,-473.52,-87.18,-7.18
356,-9.87,-440.58,-85.07,44.15
357,-22.88,-558.8,-67.03,56.65
358,-21.37,-598.69,-55.25,27.37
359,-8.78,-462.16,-92.83,21.4
360,-1.73,-317.82,-73.66,58.83
361,5.86,-567.06,-80.95,36.56
362,-27.26,-521.53,-80.01,34.58
363,-2.6,-374.8,-87.21,69.95
364,-20.13,-502.95,-63.84,83.77
365,-16.07,-595.45,-86.69,27.84
366,12.38,-525.29,-96.61,4.63
367,-23.8,-449.44,-56.62,109.29
368,11.33,-235.88,-85.29,51.82
369,-28.05,-618.24,-83.78,44.54
370,-12.8,-508.36,-76.92,53.51
371,-12.75,-514.07,-61.26,58.37
372,2.52,-482.04,-84.65,31.61
373,-24.4,-518.37,-102.56,50.76
374,-10.27,-460.04,-73.95,32.43
375,-30.09,-590.47,-79.26,29.84
376,-11.42,-465.73,-85.88,41.74
377,4.54,-427.96,-98.67,30.37
378,-0.47,-461.91,-155.67,13.72
379,-29.4,-565.48,-42.29,57.43
380,-2.82,-406.62,-81.7,88.79
381,-7.79,-476.86,-98.99,22.19
382,2.61,-370.74,-81.03,38.72
383,-4.2,-519.75,-73.25,58.1
384,-39.66,-574.54,-91.16,43.63
385,-4.83,-533.05,-99.09,9.77
386,-1.87,-419.87,-81.86,39.04
387,-11.65,-428.89,-94.21,29.18
388,-16.29,-526.41,-89.71,59.47
389,-1.59,-503.77,-106.73,41.71
390,-2.39,-451.18,-86.27,-28.29
391,-30.78,-599.58,-88.57,102.56
392,-15.5,-481.34,-62.67,53.73
393,-13.73,-573.38,-61.87,60.52
394,-23.87,-480.84,-105.52,39.21
395,44.84,-121.48,-91.38,23.44
396,-6.96,-578.2,-102.9,-16.09
397,-36.23,-570.76,-72.65,87.45
398,-28.04,-518.97,-76.51,71.18
399,-21.62,-459.4,-80.02,22.67
400,-16.2,-447.32,-81.06,33.36
401,-30.89,-527.78,-80.52,52.29
402,-20.42,-468.25,-88.19,29.63
403,-13.9,-525.06,-108.05,29.94
404,7.92,-412.39,-79.6,40.69
405,-10.18,-542.08,-109.54,0.25
406,-20.52,-586.72,-120.88,59.6
407,-18.67,-465.35,-74.36,62.97
408,1.85,-313.9,-91.56,85.69
409,-6.53,-388.53,-62.14,51.12
410,-13.79,-573.56,-94.82,32.32
411,-24.44,-559.88,-85.58,39.83
412,-21.78,-508.99,-84.56,43.38
413,-14.33,-457.69,-96.79,24.81
414,-20.12,-481.7,-82.98,51.48
415,-1.62,-394.64,-74.78,51.12
416,-22.74,-596.95,-102.91,52.52
417,-31.11,-506.07,-65.32,85.7
418,-31.97,-529.93,-92.32,39.9
419,0.31,-510.76,-89.81,41.05
420,-2.58,-409.37,-88.16,28.87
421,-11.99,-430.69,-88.86,35.74
422,-3.79,-317.84,-107.1,-16.52
423,-37.0,-677.99,-77.75,49.48
424,-17.89,-506.13,-90.25,53.85
425,-12.5,-479.82,-79.32,64.48
426,-10.35,-505.27,-89.05,42.83
427,-25.52,-554.96,-95.92,40.06
428,-18.34,-340.09,-77.94,34.93
429,-5.84,-476.21,-139.8,-10.55
430,-4.11,-530.43,-70.4,18.72
431,-7.47,-504.47,-85.6,34.98
432,-19.79,-534.08,-75.81,45.8
433,-8.93,-309.47,-94.23,41.85
434,-23.23,-553.69,-90.25,23.56
435,-10.1,-326.66,-102.2,4.52
436,-12.68,-626.52,-97.04,35.47
437,-18.11,-499.71,-94.06,56.26
438,-4.02,-507.35,-81.61,53.87
439,-0.8,-475.87,-94.49,15.63
440,-13.32,-415.39,-88.43,66.45
441,-8.67,-535.58,-93.12,35.23
442,-30.63,-504.53,-92.8,31.41
443,-26.18,-473.8,-101.75,84.81
444,-8.47,-456.73,-98.43,-6.85
445,13.03,-470.26,-92.29,36.28
446,-16.95,-523.64,-97.24,33.2
447,-18.67,-535.57,-98.22,35.8
448,2.89,-440.05,-106.2,3.8
449,-14.12,-514.31,-88.55,50.1
450,-11.8,-341.63,-129.38,-31.16
451,4.13,-353.64,-98.98,63.3
452,-18.82,-602.23,-84.43,27.61
453,-13.08,-532.89,-92.73,65.86
454,11.87,-498.65,-129.56,-11.76
455,-36.08,-548.68,-91.38,32.18
456,-30.83,-582.12,-91.85,60.07
457,1.99,-457.33,-75.31,66.95
458,-13.21,-397.76,-118.19,17.91
459,1.55,-419.35,-88.45,13.48
460,-4.58,-541.79,-116.82,47.74
461,4.3,-295.65,-135.56,65.53
462,-17.11,-545.41,-76.76,6.4
463,-10.93,-397.29,-88.31,27.64
464,-11.85,-546.3,-93.68,30.29
465,-9.25,-498.6,-92.49,31.07
466,-17.65,-577.92,-110.82,19.59
467,-41.54,-574.78,-93.62,4.59
468,-0.14,-382.85,-128.18,62.8
469,18.68,-433.35,-107.47,-19.26
470,2.69,-431.9,-71.61,71.42
471,-11.31,-445.9,-69.06,28.92
472,-12.48,-403.88,-84.75,63.68
473,-5.65,-471.28,-104.05,13.9
474,-3.21,-569.02,-102.39,17.46
475,-25.23,-520.39,-87.4,45.73
476,-21.54,-503.42,-79.98,52.44
477,-18.24,-500.06,-100.9,32.15
478,3.8,-412.87,-94.33,11.94
479,-13.52,-529.18,-156.63,58.7
480,-16.64,-629.23,-61.21,23.6
481,-15.75,-393.2,-84.39,51.91
482,-10.33,-436.69,-91.86,47.3
483,19.13,-253.83,-135.0,-34.13
484,-19.99,-528.46,-59.12,88.59
485,-35.33,-592.0,-80.74,38.26
486,-9.24,-554.29,-90.62,22.84
487,11.32,-421.2,-107.64,-13.49
488,-33.12,-500.69,-43.04,146.61
489,-36.81,-612.07,-102.09,7.38
490,-36.23,-531.24,-125.98,-3.23
491,6.22,-352.14,-62.0,103.4
492,13.74,-423.28,-90.81,-58.9
493,-0.53,-463.56,-148.61,75.42
494,-3.36,-459.36,-112.53,13.7
495,12.35,-214.18,-100.98,62.64
496,-36.06,-583.75,-147.9,0.62
497,-15.78,-623.86,-75.92,17.62
498,-25.31,-653.48,-80.77,20.03
499,-16.68,-426.54,-99.41,77.98
500,15.5,-349.02,-93.48,32.25
501,-9.42,-516.19,-87.81,43.71
502,-23.98,-492.18,-93.87,33.89
503,28.18,-271.15,-117.04,-22.99
504,18.46,-524.55,-107.94,-47.79
505,-25.86,-506.52,-77.88,132.73
506,-29.89,-559.0,-87.68,50.92
507,-18.91,-464.17,-89.38,41.83
508,-19.3,-463.88,-90.17,45.22
509,-15.36,-582.13,-79.13,79.34
510,-24.5,-556.4,-122.47,-1.11
511,-3.37,-499.55,-147.84,38.42
512,1.36,-459.7,-83.67,1.67
513,-6.71,-463.43,-123.89,7.12
514,-11.7,-445.14,-108.5,34.11
515,16.42,-508.52,-132.78,-22.82
516,-24.94,-367.73,-69.04,38.01
517,-25.62,-417.01,-70.8,80.92
518,-11.33,-538.2,-81.0,88.59
519,-24.07,-466.87,-78.33,46.74
520,5.92,-520.65,-108.44,2.57
521,-14.34,-508.76,-92.35,24.7
522,-33.31,-577.98,-78.69,64.72
523,-18.0,-450.83,-93.72,27.97
524,18.61,-380.82,-123.58,-50.06
525,-47.33,-506.31,-61.54,122.53
526,-10.17,-392.72,-67.2,80.35
527,-7.48,-484.83,-102.36,51.33
528,-8.7,-464.28,-210.78,2.76
529,-26.01,-560.44,-24.73,8.49
530,-2.99,-441.75,-94.97,54.69
531,-31.99,-578.76,-89.67,6.61
532,-9.18,-597.13,-116.95,-12.38
533,-57.92,-542.83,-68.64,103.11
534,-17.74,-486.76,-82.62,62.31
535,0.3,-413.59,-83.31,-28.04
536,-10.42,-441.7,-98.54,62.67
537,-17.53,-437.98,-88.64,4.58
538,-12.97,-502.84,-100.65,5.31
539,-10.53,-495.23,-81.07,59.26
540,-23.65,-499.69,-94.34,37.09
541,48.99,-180.35,-189.93,-41.89
542,-88.11,-751.53,-89.75,121.93
543,-13.32,-500.23,-40.81,49.01
544,39.86,-374.24,-120.16,-78.71
545,-61.12,-509.39,-128.42,105.7
546,-27.22,-448.41,-72.08,51.33
547,-17.54,-516.35,-62.13,34.22
548,-0.02,-516.24,-83.16,37.55
549,-8.2,-490.17,-80.85,28.16
550,-7.66,-492.24,-98.1,-28.26
551,-52.1,-580.93,-89.41,73.37
552,0.27,-395.38,-110.96,32.78
553,-13.09,-577.82,-72.36,56.91
554,21.71,-352.36,-124.86,-36.41
555,6.71,-299.96,-75.62,89.41
556,-47.29,-704.59,-78.38,26.67
557,-11.9,-498.38,-85.49,22.5
558,-8.55,-457.12,-66.69,57.11
559,-4.13,-358.36,-87.18,16.85
560,-22.92,-583.79,-95.21,35.39
561,-24.79,-529.21,-91.94,33.49
562,-15.92,-438.09,-95.82,33.32
563,-17.45,-465.45,-102.16,30.4
564,-5.3,-537.8,-68.97,60.96
565,-4.24,-449.8,-199.98,-11.72
566,-17.68,-561.88,-46.89,50.69
567,-22.01,-433.99,-102.88,17.91
568,-12.89,-478.58,-81.07,19.18
569,28.18,-450.21,-139.55,-106.49
570,-47.62,-461.75,-100.84,122.76
571,-44.99,-682.05,-56.79,47.5
572,-0.55,-437.44,-75.06,46.75
573,1.99,-427.87,-70.79,34.13
574,-25.16,-458.87,-73.27,71.25
575,-19.16,-469.67,-100.58,11.67
576,-14.91,-511.98,-92.75,30.6
577,-0.71,-539.37,-109.33,-14.14
578,-14.13,-352.44,-85.16,50.58
579,-24.85,-321.4,-66.23,29.52
580,-19.59,-629.05,-94.93,-33.43
581,-11.5,-587.82,-92.68,65.14
582,-3.56,-378.91,-112.17,-0.47
583,-38.23,-580.35,-133.79,71.41
584,-21.4,-491.6,-58.26,38.78
585,-16.68,-505.56,-82.14,37.26
586,-14.81,-588.5,-121.78,-32.22
587,16.16,-57.32,-119.11,62.37
588,-43.56,-608.81,-47.44,92.63
589,6.77,-546.82,-137.09,69.9
590,-35.07,-533.59,-76.25,39.36
591,-14.51,-483.6,-94.03,-73.02
592,-25.04,-495.24,-75.67,121.1
593,-19.2,-545.33,-84.33,44.5
594,-12.99,-508.62,-87.07,22.54
595,-14.78,-518.85,-89.27,33.78
596,-9.36,-468.39,-91.2,35.35
597,-39.84,-504.82,-86.83,34.34
598,-11.34,-476.98,-89.37,17.97
599,13.68,-528.58,-102.53,-34.72
600,-31.99,-415.24,-161.05,43.82
601,-7.4,-327.71,-115.79,27.54
602,-11.06,-549.85,-48.46,58.59
603,-15.96,-450.83,-92.31,6.91
604,-15.06,-458.93,-74.61,33.21
605,-8.8,-492.31,-95.84,44.3
606,-0.74,-403.15,-118.32,28.68
607,-42.01,-650.88,-99.55,24.17
608,-29.73,-595.5,-92.39,36.73
609,-8.36,-454.76,-99.88,27.3
610,-1.64,-469.68,-99.0,15.03
611,4.47,-455.21,-111.42,3.71
612,-30.51,-508.56,-82.73,69.13
613,-10.72,-481.45,-101.31,13.35
614,-15.6,-515.54,-90.94,36.09
615,5.25,-455.26,-77.7,35.15
616,-24.04,-518.69,-159.25,1.48
617,-49.65,-570.61,-76.19,19.46
618,3.91,-333.59,-113.78,72.77
619,2.42,-438.04,-197.34,24.74
620,-7.55,-502.98,-52.71,-13.95
621,-18.34,-522.19,-84.88,71.88
622,22.91,-480.22,-102.57,-33.63
623,-33.05,-472.9,-77.61,85.97
624,-22.27,-504.36,-99.13,12.65
625,-8.76,-472.9,-90.3,-25.85
626,-4.46,-474.07,-101.01,21.99
627,-6.7,-433.28,-80.52,107.18
628,7.08,-484.95,-113.32,18.55
629,-34.43,-600.32,-80.96,0.57
630,-16.6,-472.28,-135.28,40.99
631,-18.55,-521.48,-62.84,78.69
632,-5.01,-432.94,-117.12,-50.6
633,-18.52,-503.77,-177.53,-12.24
634,-25.7,-487.34,-78.17,73.08
635,-27.29,-544.26,-76.0,19.32
636,-13.73,-478.94,-68.66,19.94
637,-20.28,-494.09,-83.48,26.79
638,1.53,-447.58,-131.66,20.77
639,5.16,-360.39,-91.96,14.19
640,-15.46,-541.05,-89.16,66.02
641,2.42,-268.23,-80.2,60.14
642,-21.27,-597.18,-76.72,37.83
643,-12.06,-474.81,-92.84,15.0
644,-39.77,-640.51,-85.52,51.34
645,-20.21,-526.54,-86.78,54.29
646,-16.35,-517.27,-135.67,50.28
647,-5.65,-473.65,-77.51,-10.1
648,-12.2,-476.52,-103.64,-17.33
649,-26.64,-394.62,-84.87,55.55
650,-16.26,-592.94,-90.64,18.28
651,-10.51,-454.63,-53.24,67.79
652,9.06,-482.15,-156.73,-73.94
653,-18.26,-382.86,-159.23,107.33
654,2.52,-400.62,-67.13,-8.01
655,-29.42,-475.0,-70.87,64.16
656,-12.6,-525.56,-59.1,7.98
657,3.79,-532.66,-124.02,-21.38
658,-12.28,-369.19,-124.37,127.69
659,-34.48,-595.92,-67.28,4.44
660,-28.13,-587.51,-87.53,39.97
661,-4.85,-399.14,-89.33,41.19
662,-0.9,-497.71,-95.94,36.59
663,-30.89,-557.78,-98.95,-7.02
664,0.52,-439.02,-90.0,61.71
665,-9.56,-418.26,-136.97,-44.96
666,-19.4,-467.39,-86.52,20.09
667,-15.46,-421.03,-72.86,122.19
668,-10.29,-461.07,-134.25,5.61
669,-4.7,-551.6,-152.67,75.34
670,-16.55,-382.38,-66.3,-8.07
671,-14.11,-569.76,-107.28,47.58
672,7.13,-507.88,-149.29,-27.47
673,-18.94,-452.66,-93.55,21.48
674,-29.64,-489.71,-77.92,65.38
675,-1.64,-517.19,-63.57,48.98
676,-22.49,-544.03,-126.09,-11.29
677,-21.36,-481.16,-129.18,3.65
678,-17.62,-440.51,-74.57,57.07
679,5.7,-475.47,-121.15,-95.26
680,-24.9,-495.57,-71.44,140.92
681,-26.77,-519.04,-90.9,36.09
682,-19.37,-491.1,-90.85,10.1
683,-13.72,-391.39,-89.17,17.96
684,-20.39,-468.35,-89.45,11.89
685,-4.83,-524.08,-99.03,29.44
686,-11.59,-495.06,-106.41,-1.01
687,-24.22,-571.44,-152.79,39.53
688,4.07,-327.19,-92.42,-20.19
689,-21.78,-516.94,-97.98,67.79
690,-5.83,-502.15,-105.09,-38.78
691,-14.3,-417.75,-74.92,47.24
692,-20.85,-507.26,-107.56,6.34
693,-14.3,-509.14,-132.14,41.39
694,-32.86,-498.61,-82.77,52.65
695,-28.89,-609.89,-126.25,-16.03
696,-48.21,-457.42,-85.09,48.33
697,-6.91,-377.23,-79.57,43.02
698,3.36,-482.97,-96.94,21.75
699,-4.49,-502.49,-98.11,19.32
700,-8.8,-474.15,-89.82,49.74
701,-6.61,-484.26,-93.21,36.7
702,-14.18,-448.13,-89.7,-9.79
703,-6.17,-403.95,-129.65,17.9
704,-29.42,-598.55,-95.56,99.56
705,-5.42,-491.28,-123.4,19.56
706,-12.58,-467.55,-81.44,-4.68
707,-32.65,-619.6,-99.3,6.86
708,-9.9,-573.46,-118.31,10.62
709,-7.14,-422.03,-92.18,59.64
710,-10.4,-377.74,-63.23,57.53
711,11.93,-408.25,-110.1,8.21
712,-10.79,-449.28,-89.77,69.96
713,-18.95,-524.45,-91.87,17.3
714,-13.26,-560.64,-114.95,8.98
715,-12.03,-358.69,-89.8,34.41
716,-24.75,-594.64,-98.37,32.32
717,10.05,-458.63,-93.25,10.99
718,-17.93,-497.86,-74.32,62.3
719,-3.26,-510.8,-100.4,30.3
720,-2.02,-424.68,-248.03,-54.78
721,-27.46,-517.31,-28.7,98.06
722,-22.62,-522.76,-87.37,8.92
723,-0.85,-490.71,-112.72,67.8
724,-10.11,-495.77,-86.76,18.07
725,4.17,-379.25,-105.13,-2.25
726,-20.7,-336.02,-91.99,54.58
727,-31.17,-682.31,-92.78,38.72
728,-3.84,-550.65,-103.43,20.4
729,-37.58,-504.39,-99.96,-4.69
730,-27.54,-442.22,-101.72,30.96
731,25.62,-435.27,-98.09,10.71
732,-12.42,-499.08,-97.54,60.33
733,-39.84,-542.94,-89.11,65.18
734,3.42,-437.76,-93.5,1.01
735,18.76,-398.41,-218.74,-87.0
736,-35.46,-548.0,-37.03,79.72
737,-27.21,-584.56,-91.08,42.97
738,2.47,-461.82,-115.65,-13.8
739,-24.95,-444.62,-93.93,36.24
740,-29.5,-464.7,-78.79,87.41
741,-22.92,-449.55,-102.72,0.09
742,-19.77,-525.2,-91.82,66.07
743,2.18,-431.4,-98.98,-46.37
744,-19.76,-533.18,-73.56,88.73
745,13.25,-395.6,-93.64,-53.95
746,-16.99,-537.16,-97.25,30.21
747,-19.54,-488.62,-103.07,3.25
748,-43.11,-646.89,-82.32,77.17
749,9.77,-326.36,-83.83,16.15
750,16.36,-431.75,-141.09,-22.43
751,-40.13,-580.69,-160.19,65.55
752,-8.52,-570.0,-44.54,1.69
753,-24.53,-408.28,-81.82,37.57
754,-13.31,-539.88,-91.54,35.75
755,-2.55,-392.75,-88.79,8.7
756,-4.61,-456.42,-111.11,-42.54
757,0.78,-395.99,-103.9,32.61
758,-10.22,-490.63,-83.91,65.92
759,-25.18,-627.99,-100.36,-14.69
760,-17.66,-486.66,-114.18,89.61
761,-10.63,-455.83,-53.44,51.09
762,-32.72,-521.75,-99.97,94.93
763,-22.44,-411.93,-90.39,-7.78
764,-17.21,-505.18,-84.07,57.54
765,-20.44,-527.67,-86.78,-0.09
766,-8.16,-487.27,-116.37,32.44
767,-6.37,-550.04,-93.53,-1.74
768,-49.14,-499.08,-71.95,54.23
769,4.93,-449.93,-114.96,-29.79
770,-24.09,-520.72,-77.77,81.89
771,-30.05,-516.56,-131.59,20.67
772,1.7,-255.6,-69.39,59.25
773,-14.92,-576.21,-78.76,53.45
774,-27.69,-525.35,-83.16,38.87
775,-20.1,-495.22,-85.52,35.46
776,-11.81,-518.4,-88.94,5.43
777,18.61,-416.46,-111.47,-37.94
778,-33.47,-436.8,-121.54,38.64
779,-43.25,-627.96,-68.16,81.6
780,-20.28,-457.48,-93.58,13.69
781,2.04,-400.56,-82.88,53.62
782,-14.58,-445.76,-83.29,45.66
783,-28.07,-572.11,-91.05,38.35
784,-29.33,-593.56,-94.21,34.84
785,7.1,-455.4,-113.74,-63.92
786,-4.96,-496.55,-102.51,43.07
787,-11.71,-430.6,-90.62,62.29
788,-20.51,-503.4,-86.08,57.48
789,-25.04,-505.02,-85.11,47.61
790,-8.22,-495.86,-94.22,6.5
791,-30.36,-574.88,-98.75,52.17
792,-6.76,-381.28,-94.11,43.0
793,-22.18,-498.22,-82.56,37.46
794,-15.22,-312.41,-130.23,-2.45
795,-2.92,-512.31,-145.18,51.24
796,-9.68,-589.05,-81.79,-20.89
797,-11.21,-489.45,-92.03,20.36
798,-15.59,-488.87,-78.94,72.73
799,-18.17,-501.51,-100.21,13.66
800,-18.2,-504.69,-90.11,51.26
801,-10.54,-491.35,-88.46,47.46
802,-15.75,-507.7,-89.13,47.41
803,-21.07,-503.91,-93.48,36.9
804,-20.92,-503.34,-92.59,34.12
805,-22.23,-499.92,-87.56,33.83
806,-9.51,-500.18,-91.86,25.03
807,-4.62,-535.42,-107.4,-18.17
808,-14.43,-518.91,-109.51,-29.77
809,-10.9,-334.7,-144.46,29.7
810,-8.05,-455.63,-37.85,83.28
811,0.47,-434.23,-66.76,108.24
812,-19.75,-480.2,-77.44,16.39
813,-21.66,-559.66,-81.54,53.82
814,-13.93,-498.89,-87.89,14.0
815,-18.94,-485.75,-93.14,26.75
816,-22.17,-473.67,-93.88,9.61
817,-11.74,-349.05,-96.08,31.4
818,-23.79,-625.46,-97.65,54.99
819,-2.02,-513.93,-96.47,-0.54
820,1.35,-498.26,-97.88,43.76
821,-19.14,-536.06,-119.79,-8.05
822,-8.84,-447.83,-83.23,66.8
823,-12.32,-503.16,-99.13,32.45
824,-16.92,-499.53,-102.91,-10.94
825,-21.13,-447.37,-103.08,58.64
826,-14.68,-529.9,-59.38,34.38
827,-9.29,-486.17,-104.54,48.73
828,3.58,-521.48,-119.93,-4.74
829,-18.82,-395.78,-97.8,21.8
830,-23.94,-541.65,-97.15,45.65
831,8.35,-387.1,-144.63,4.03
832,8.1,-332.01,-61.73,56.51
833,-27.33,-581.27,-95.18,30.36
834,-26.25,-521.02,-99.22,42.92
835,-12.28,-514.44,-98.19,21.92
836,-16.31,-549.94,-97.79,18.63
837,-13.28,-435.13,-90.55,-1.42
838,-10.62,-486.32,-113.92,21.53
839,-13.34,-505.75,-92.23,21.79
840,-11.37,-523.46,-104.16,22.71
841,-21.17,-555.68,-113.91,-11.66
842,-31.1,-513.35,-71.43,99.74
843,11.38,-364.45,-91.6,48.18
844,-0.73,-383.49,-169.18,-94.5
845,-24.45,-526.07,-76.26,107.58
846,-14.69,-489.63,-90.35,-4.24
847,-12.86,-473.89,-94.63,5.36
848,-9.95,-514.17,-92.3,40.81
849,-12.32,-518.43,-97.6,25.3
850,-5.35,-471.5,-97.12,25.6
851,0.06,-482.02,-101.82,1.48
852,-22.39,-482.22,-121.74,-34.23
853,-13.64,-383.31,-166.11,13.77
854,-5.22,-503.78,-74.8,36.37
855,-4.4,-454.97,-64.72,50.42
856,-10.72,-409.95,-42.77,121.54
857,-13.58,-564.34,-143.92,-10.85
858,-29.06,-579.63,-88.29,22.31
859,-19.48,-442.49,-94.53,38.11
860,-25.73,-512.34,-98.31,29.69
861,-9.27,-514.42,-96.83,30.08
862,-6.35,-490.75,-100.43,-3.5
863,4.25,-457.33,-108.77,4.33
864,-25.53,-542.35,-99.66,22.57
865,-21.38,-407.81,-90.27,12.64
866,-9.03,-475.08,-93.77,58.06
867,-24.43,-438.72,-88.18,-14.19
868,-14.88,-443.88,-120.88,27.75
869,-23.89,-544.35,-82.48,39.6
870,-21.45,-485.86,-112.23,11.69
871,-15.2,-460.18,-78.51,45.79
872,-2.53,-473.82,-94.7,22.95
873,-15.27,-494.23,-92.29,34.22
874,-17.31,-487.83,-100.2,28.61
875,-5.85,-473.71,-108.29,-9.76
876,-24.79,-498.32,-94.98,18.29
877,-20.84,-486.77,-143.23,-15.17
878,7.72,-353.88,-92.17,72.26
879,-23.5,-484.41,-91.77,40.62
880,-16.0,-500.63,-122.0,50.38
881,-19.01,-536.02,-92.02,2.74
882,-18.81,-506.38,-98.58,-13.52
883,-15.74,-495.25,-106.35,-19.08
884,-27.01,-527.52,-83.07,87.36
885,-19.49,-482.7,-93.99,20.24
886,-7.58,-457.38,-104.58,-6.33
887,-9.59,-442.28,-102.65,-5.81
888,-40.0,-590.68,-91.7,45.65
889,-22.18,-442.8,-91.97,37.31
890,-22.52,-489.99,-95.11,31.64
891,-19.84,-497.36,-102.76,16.58
892,6.25,-210.0,-95.06,17.3
893,-28.98,-566.04,-107.97,36.68
894,-27.3,-525.99,-93.9,29.1
895,-20.43,-468.8,-100.95,-11.29
896,-18.97,-448.29,-93.15,59.31
897,-20.35,-547.97,-94.37,32.36
898,-21.08,-518.01,-99.1,28.43
899,-9.98,-587.08,-137.19,-56.19
900,-31.98,-517.42,-136.53,56.24
901,-26.59,-396.9,-68.38,54.76
902,5.96,-342.56,-77.86,41.67
903,-14.21,-448.24,-71.58,70.51
904,-20.34,-562.99,-87.57,25.72
905,-18.72,-508.8,-100.07,10.87
906,-19.62,-501.52,-94.73,11.6
907,-23.53,-489.46,-89.95,63.4
908,-29.9,-507.03,-86.28,44.77
909,15.43,-303.67,-85.25,51.0
910,-18.49,-552.94,-109.93,-17.16
911,-27.81,-540.17,-94.68,40.42
912,-27.63,-552.17,-93.88,29.93
913,-21.22,-449.17,-106.13,29.06
914,-23.79,-532.32,-82.65,48.18
915,-3.79,-375.11,-90.82,35.33
916,-6.2,-411.13,-103.03,15.35
917,-8.51,-450.68,-101.77,14.53
918,-34.33,-505.67,-86.81,54.63
919,-39.74,-585.55,-127.67,24.12
920,-2.0,-371.61,-68.89,77.52
921,-12.51,-486.61,-107.85,5.37
922,-10.44,-472.27,-30.33,108.76
923,-21.89,-493.28,-150.73,-17.4
924,-11.32,-387.66,-92.47,18.92
925,-12.11,-492.92,-91.88,-0.55
926,-6.79,-444.46,-87.96,36.32
927,-34.41,-546.16,-91.18,40.5
928,-19.11,-508.45,-103.65,3.25
929,-21.8,-511.3,-126.71,50.35
930,-20.28,-501.15,-81.35,15.46
931,-17.29,-492.38,-92.45,31.13
932,-17.15,-500.67,-89.19,35.86
933,-41.96,-614.91,-97.04,36.21
934,-18.18,-401.2,-84.16,23.3
935,18.81,-204.91,-97.5,58.34
936,-23.25,-551.94,-145.21,13.31
937,-16.99,-496.02,-63.23,47.64
938,-16.95,-479.83,-99.9,-5.85
939,-27.71,-464.23,-82.33,47.75
940,-18.25,-457.63,-85.69,42.78
941,-36.44,-538.77,-91.0,27.39
942,-21.04,-580.5,-115.36,19.57
943,-21.54,-465.01,-96.63,78.62
944,1.32,-342.71,-90.6,25.61
945,-10.05,-492.88,-95.02,29.93
946,-26.96,-543.9,-102.28,27.13
947,-32.1,-508.28,-100.0,17.26
948,-1.8,-422.6,-94.58,43.78
949,-2.57,-421.77,-99.64,6.31
950,-13.88,-402.74,-95.83,32.7
951,-12.88,-462.07,-96.09,52.66
952,-8.34,-519.61,-89.43,46.64
953,-36.46,-524.7,-114.64,42.39
954,-23.82,-516.6,-91.4,32.36
955,-17.36,-438.35,-97.96,35.93
956,-0.29,-434.07,-111.9,-8.15
957,-39.37,-572.95,-78.08,95.09
958,-32.91,-549.66,-134.42,14.84
959,-27.2,-430.56,-94.31,21.13
960,-3.34,-422.08,-103.32,32.18
961,-10.78,-303.08,-98.13,76.0
962,-31.37,-532.89,-84.78,20.64
963,-22.46,-505.6,-101.07,52.01
964,-13.24,-445.89,-111.59,19.14
965,-26.28,-439.69,-97.39,36.7
966,-30.02,-541.35,-111.49,40.03
967,-16.24,-538.36,-103.31,60.97
968,-10.94,-427.1,-95.0,29.56
969,-15.43,-489.89,-102.63,21.36
970,-13.26,-498.86,-105.0,22.96
971,-28.56,-495.91,-110.17,13.43
972,-32.5,-508.12,-99.21,61.12
973,-27.4,-503.7,-92.36,15.65
974,-13.95,-396.51,-95.43,32.83
975,-21.9,-413.11,-89.15,66.35
976,-33.09,-573.69,-99.0,27.61
977,-26.62,-525.8,-116.35,-1.39
978,-17.91,-436.57,-96.15,68.09
979,-39.9,-501.14,-91.24,23.03
980,-52.58,-565.34,-80.2,19.8
981,-24.61,-479.81,-99.83,68.91
982,-17.87,-383.19,-98.75,44.03
983,-12.36,-447.99,-101.09,44.85
984,-16.13,-476.63,-96.28,34.9
985,-13.01,-441.44,-128.76,11.4
986,-17.12,-506.16,-88.54,28.99
987,-18.95,-456.97,-108.8,16.03
988,-22.18,-502.92,-85.92,84.52
989,-30.78,-485.08,-113.55,23.89
990,-17.47,-408.81,-108.82,16.42
991,-35.02,-615.57,-144.22,18.4
992,-24.55,-435.03,-70.62,60.39
993,-13.04,-472.67,-107.67,60.71
994,-17.65,-483.49,-82.63,22.85
995,-29.73,-469.26,-90.54,32.48
996,-22.01,-496.83,-97.57,28.8
997,5.29,-497.89,-118.83,-12.15
998,-22.41,-463.54,-83.87,41.63
999,-21.49,-488.66,-108.98,58.18
1000,-21.57,-450.9,-110.33,43.18
1001,-26.5,-512.43,-96.12,14.44
1002,-16.49,-518.53,-104.33,53.63
1003,-23.29,-435.84,-108.77,8.05
1004,-30.7,-547.89,-95.79,48.76
1005,-15.4,-417.79,-96.35,35.5
1006,-27.65,-467.76,-95.8,27.37
1007,-18.25,-494.72,-98.56,27.95
1008,-1.86,-475.96,-110.85,-1.66
1009,-13.04,-519.84,-117.99,7.06
1010,-17.74,-348.46,-90.31,74.44
1011,-25.58,-458.54,-85.53,10.1
1012,-50.55,-612.72,-90.28,38.11
1013,-5.62,-397.04,-78.48,64.3
1014,-9.95,-478.06,-142.49,26.09
1015,-16.91,-497.65,-68.27,54.19
1016,-11.34,-450.94,-95.19,18.75
1017,-24.68,-573.95,-95.79,23.73
1018,-27.06,-406.18,-91.68,21.13
1019,-23.07,-484.27,-87.09,22.85
1020,-17.27,-483.32,-92.7,39.87
1021,-12.85,-521.75,-103.85,18.62
1022,-9.52,-461.7,-103.54,-0.36
1023,-10.15,-454.58,-101.77,28.47
1024,-30.08,-525.27,-103.83,38.93
1025,-39.07,-574.62,-78.92,37.51
1026,-4.34,-318.14,-87.79,41.22
1027,-15.28,-511.11,-92.29,32.01
1028,-8.83,-386.54,-99.62,7.85
1029,-3.0,-383.04,-99.46,26.73
1030,-30.76,-577.23,-94.49,20.77
1031,-24.13,-543.49,-104.93,29.87
1032,-24.26,-450.5,-125.62,30.13
1033,-45.51,-567.39,-76.86,55.03
1034,-14.22,-438.37,-88.44,34.11
1035,-14.25,-452.0,-97.2,15.39
1036,2.49,-273.82,-86.32,40.44
1037,-28.39,-515.23,-87.83,30.34
1038,-23.07,-393.77,-88.79,55.4
1039,-31.25,-601.65,-107.76,34.26
1040,-21.94,-518.41,-91.16,17.67
1041,-32.74,-522.7,-76.31,47.64
1042,-10.87,-494.5,-83.03,25.35
1043,-19.4,-503.42,-116.72,-26.57
1044,-32.34,-522.06,-86.04,21.06
1045,-27.72,-442.9,-92.37,37.0
1046,-34.96,-552.25,-95.41,17.67
1047,-35.19,-477.42,-106.02,47.72
1048,-13.96,-480.59,-65.69,24.04
1049,-32.74,-493.63,-100.85,8.59
1050,-13.06,-252.2,-83.27,50.41
1051,-11.48,-549.92,-95.96,34.58
1052,-16.73,-405.35,-99.6,42.15
1053,-25.46,-523.42,-88.7,38.08
1054,-29.56,-509.01,-94.05,16.88
1055,-42.53,-521.01,-103.59,52.01
1056,-17.88,-442.71,-82.56,30.82
1057,-6.0,-420.71,-110.38,-2.77
1058,-35.48,-567.59,-97.95,63.92
1059,-21.28,-473.17,-100.28,14.65
1060,2.57,-233.54,-97.93,26.96
1061,-29.7,-599.37,-88.47,43.1
1062,-26.23,-520.23,-51.6,64.14
1063,-27.48,-514.35,-96.28,37.94
1064,-18.0,-475.7,-121.91,-50.05
1065,-22.21,-548.31,-82.99,63.57
1066,-16.08,-462.09,-86.63,33.78
1067,-6.66,-482.59,-86.49,43.86
1068,-26.57,-507.68,-118.51,30.02
1069,-34.17,-510.32,-80.18,48.41
1070,-20.82,-431.48,-115.74,1.96
1071,-21.74,-451.05,-140.02,34.14
1072,-20.51,-412.3,-86.03,36.06
1073,-17.85,-497.87,-77.98,30.51
1074,-2.06,-410.13,-84.71,81.91
1075,-11.0,-360.34,-90.27,44.87
1076,-51.22,-643.38,-93.59,35.27
1077,-30.98,-537.99,-103.59,8.93
1078,-20.09,-509.41,-182.02,14.59
1079,-7.55,-489.96,-106.99,55.98
1080,-21.24,-465.02,-105.42,6.06
1081,-11.58,-456.21,-105.89,-15.28
1082,-28.65,-496.22,-182.97,18.43
1083,-38.72,-478.93,-34.98,138.75
1084,-57.62,-698.65,-92.58,-9.03
1085,-2.91,-317.57,-90.81,11.96
1086,4.17,-192.0,-96.09,-5.56
1087,-37.82,-673.5,-105.44,-35.04
1088,-22.14,-531.48,-69.79,78.48
1089,-25.93,-480.93,-83.34,54.42
1090,1.55,-400.43,-111.0,-16.61
1091,-16.84,-471.26,-91.16,27.51
1092,-32.88,-559.1,-93.73,47.94
1093,-32.92,-584.51,-104.63,6.21
1094,-35.02,-590.91,-108.3,8.86
1095,1.31,-350.69,-106.13,5.7
1096,-27.44,-525.39,-95.99,59.2
1097,-0.02,-417.22,-94.45,-2.71
1098,-14.45,-478.82,-51.18,66.99
1099,-24.12,-485.33,-104.35,34.77
1100,-9.74,-444.43,-102.56,-2.33
1101,-19.26,-462.35,-127.24,68.26
1102,-38.3,-546.71,-71.89,44.28
1103,-32.58,-559.64,-104.09,-4.77
1104,-33.27,-526.09,-73.03,55.34
1105,2.98,-318.6,-144.11,20.49
1106,-19.1,-477.47,-77.16,-4.66
1107,-20.99,-511.33,-115.75,29.26
1108,-12.55,-421.29,-96.2,48.08
1109,-35.38,-544.95,-129.71,-42.42
1110,6.33,-214.71,-74.34,37.79
1111,-35.07,-558.2,-79.47,44.69
1112,-29.13,-539.13,-81.1,39.34
1113,-34.39,-528.66,-102.18,20.32
1114,-9.14,-499.15,-100.36,5.32
1115,-5.83,-429.92,-106.34,-4.03
1116,-28.64,-532.91,-126.21,23.71
1117,-4.79,-449.74,-49.9,65.02
1118,-12.64,-495.05,-87.23,10.83
1119,-18.74,-482.46,-74.44,22.56
1120,-38.04,-606.62,-99.54,65.11
1121,-30.34,-474.19,-88.53,-7.12
1122,29.2,-132.81,-96.73,21.07
1123,-17.75,-549.12,-97.74,-12.2
1124,-38.4,-688.81,-90.15,9.2
1125,-7.93,-445.34,-112.8,21.58
1126,-11.39,-495.46,-115.09,45.9
1127,-44.09,-602.7,-82.54,76.65
1128,-10.03,-402.2,-84.82,-4.55
1129,-15.14,-482.97,-81.97,27.99
1130,-11.89,-470.92,-95.53,3.06
1131,-4.63,-469.74,-96.77,23.61
1132,-24.27,-455.26,-94.49,27.93
1133,-9.65,-464.41,-108.98,6.86
1134,-14.02,-417.83,-71.9,22.23
1135,-17.9,-381.34,-89.65,40.21
1136,-26.32,-579.21,-97.89,20.3
1137,-34.75,-574.64,-87.37,29.46
1138,-7.28,-458.75,-48.93,57.4
1139,-40.26,-593.45,-152.76,16.28
1140,-23.19,-460.26,-88.97,7.76
1141,-7.05,-405.52,-93.27,7.3
1142,-16.22,-461.28,-72.44,35.84
1143,-28.35,-571.34,-103.19,44.98
1144,-31.22,-477.41,-84.19,35.76
1145,-12.92,-475.29,-95.25,23.7
1146,-16.36,-488.23,-94.1,11.33
1147,-9.82,-458.49,-87.28,36.37
1148,-9.74,-496.69,-97.35,36.96
1149,-32.54,-460.08,-83.82,29.43
1150,-13.63,-496.03,-78.48,36.56
1151,-1.95,-464.53,-73.96,34.96
1152,-18.8,-512.77,-100.98,8.63
1153,-4.12,-379.17,-93.27,28.69
1154,-24.2,-604.28,-100.65,-7.05
1155,-0.67,-423.43,-168.33,82.28
1156,-21.66,-514.98,-60.13,-25.86
1157,-25.33,-413.67,-102.11,-26.49
1158,-24.49,-561.35,-81.86,70.31
1159,-14.23,-507.88,-69.01,22.61
1160,-23.89,-522.1,-87.27,39.22
1161,-7.72,-472.84,-91.09,26.26
1162,-17.64,-542.73,-101.26,-3.01
1163,6.6,-397.77,-106.05,6.66
1164,-32.35,-490.42,-68.15,68.23
1165,-15.83,-432.62,-86.24,13.12
1166,-14.54,-516.84,-97.35,0.33
1167,-10.97,-514.85,-83.19,21.88
1168,-30.16,-506.93,-88.79,37.43
1169,-9.18,-469.34,-89.07,30.47
1170,-17.61,-492.33,-87.67,27.98
1171,-31.11,-498.23,-87.47,24.19
1172,-17.21,-503.16,-88.44,22.58
1173,-31.14,-639.68,-116.72,-53.91
1174,25.44,-214.83,-113.25,57.79
1175,-44.24,-637.8,-87.65,32.47
1176,-4.39,-374.23,-79.74,38.16
1177,-13.74,-506.87,-91.4,32.3
1178,-15.7,-496.12,-87.95,46.64
1179,-10.46,-492.08,-90.98,29.5
1180,-13.67,-497.81,-90.96,27.93
1181,-18.88,-495.45,-90.39,26.3
1182,-15.91,-485.24,-89.84,27.35
1183,-14.75,-508.91,-95.65,5.54
1184,-35.36,-685.42,-109.07,-0.56
1185,12.91,-230.71,-89.14,52.0
1186,2.3,-390.06,-88.53,29.44
1187,-31.92,-511.1,-126.24,32.97
1188,-9.09,-384.96,-78.11,-0.52
1189,-19.54,-586.9,-74.58,37.17
1190,-15.95,-528.81,-86.08,49.87
1191,-26.5,-509.89,-90.29,36.11
1192,-16.48,-492.51,-92.21,32.53
1193,-20.85,-467.7,-96.65,23.47
1194,-24.58,-501.68,-92.92,17.94
1195,6.7,-492.84,-101.71,24.84
1196,-3.78,-426.55,-109.61,32.74
1197,-51.42,-579.65,-103.07,4.07
1198,-24.56,-442.72,-95.32,8.29
1199,-11.46,-429.64,-69.38,59.2
1200,-25.05,-485.66,-103.46,32.23
1201,-16.8,-484.99,-95.33,29.14
1202,-14.64,-480.15,-91.44,14.62
1203,1.71,-431.42,-105.65,-28.23
1204,-0.45,-331.59,-161.06,4.57
1205,-69.13,-737.98,-61.15,49.02
1206,8.51,-340.52,-76.14,40.68
1207,-8.4,-470.5,-104.0,11.05
1208,-7.36,-479.33,-89.77,28.31
1209,-24.43,-496.65,-90.39,45.33
1210,-21.81,-538.67,-102.82,-6.76
1211,-45.74,-566.75,-84.25,91.55
1212,-10.41,-475.9,-97.03,-18.57
1213,-21.49,-515.44,-95.59,3.32
1214,-19.0,-442.87,-89.18,15.8
1215,-17.37,-446.55,-83.93,26.03
1216,-22.14,-507.73,-89.54,36.44
1217,-24.47,-489.4,-102.72,34.24
1218,-17.81,-517.52,-101.21,33.68
1219,-16.61,-509.44,-111.41,-3.9
1220,-17.0,-381.06,-104.07,-1.22
1221,-13.26,-382.41,-74.88,39.21
1222,-29.04,-597.33,-109.55,4.49
1223,-31.01,-437.1,-107.31,13.54
1224,-9.22,-492.45,-84.35,10.88
1225,-21.54,-532.05,-78.47,70.25
1226,-11.84,-433.87,-102.43,15.22
1227,7.5,-360.2,-119.02,-4.27
1228,-2.33,-461.77,-89.98,37.19
1229,-8.7,-333.05,-132.24,34.17
1230,-30.47,-588.89,-78.44,25.55
1231,-19.87,-511.76,-94.84,1.19
1232,-19.77,-556.65,-92.91,29.46
1233,-21.73,-496.8,-101.21,-26.69
1234,-19.32,-516.79,-84.54,51.51
1235,-32.87,-525.35,-91.03,46.36
1236,-36.07,-541.18,-87.06,5.1
1237,-8.12,-448.92,-95.28,19.72
1238,-4.31,-493.85,-96.1,22.14
1239,-0.24,-436.44,-106.43,-0.46
1240,-34.08,-550.68,-95.24,45.94
1241,-11.35,-403.97,-84.78,44.09
1242,-21.31,-462.67,-84.02,13.2
1243,-23.24,-484.52,-112.34,28.62
1244,-18.63,-477.94,-75.05,39.04
1245,-20.65,-495.82,-79.72,26.12
1246,-14.89,-496.73,-100.51,16.89
1247,10.03,-391.63,-75.24,64.56
1248,-15.14,-528.51,-141.23,-63.86
1249,-29.78,-455.67,-114.33,50.41
1250,-9.47,-452.95,-57.12,44.6
1251,-7.91,-381.25,-101.72,-44.98
1252,-23.67,-566.83,-115.02,51.95
1253,-43.58,-592.44,-87.64,54.31
1254,-0.14,-405.41,-84.17,29.78
1255,-19.71,-472.74,-91.78,7.9
1256,-33.4,-515.15,-84.35,10.76
1257,-25.03,-492.26,-91.34,40.59
1258,5.92,-425.16,-107.8,10.66
1259,-15.8,-591.11,-112.77,-5.96
1260,-12.92,-360.99,-78.72,41.13
1261,-29.3,-549.38,-94.34,50.12
1262,-30.95,-498.71,-82.5,44.91
1263,-41.58,-605.3,-94.59,-0.9
1264,-15.79,-407.13,-89.6,53.95
1265,1.82,-382.08,-85.21,37.9
1266,-16.54,-477.87,-91.64,26.91
1267,-25.08,-464.88,-93.39,29.45
1268,-15.73,-333.61,-101.21,-8.56
1269,-3.42,-503.49,-93.31,73.72
1270,-21.7,-492.25,-98.03,-24.86
1271,-33.38,-588.25,-94.68,22.21
1272,-16.99,-430.63,-80.63,55.9
1273,-16.47,-520.46,-85.15,29.19
1274,-21.09,-470.51,-109.2,16.23
1275,-21.24,-480.11,-153.07,46.12
1276,-25.5,-455.33,-64.7,1.06
1277,-35.87,-581.19,-92.01,25.61
1278,0.9,-424.88,-50.65,66.9
1279,-29.15,-504.0,-111.56,24.85
1280,-24.3,-533.71,-106.19,31.82
1281,-10.67,-442.74,-89.33,29.24
1282,-15.39,-464.76,-108.13,0.5
1283,-22.21,-506.98,-133.42,10.16
1284,-27.35,-530.59,-86.15,6.67
1285,6.33,-211.28,-87.36,56.94
1286,-3.71,-565.69,-85.02,51.42
1287,-38.67,-520.45,-94.03,20.97
1288,-14.26,-506.75,-99.08,21.25
1289,-6.48,-407.56,-103.26,-20.8
1290,-47.81,-497.41,-92.77,50.07
1291,3.61,-466.59,-97.02,59.65
1292,-14.72,-497.24,-75.88,12.02
1293,-13.12,-454.58,-109.77,-26.95
1294,-12.15,-520.87,-95.62,31.43
1295,-15.82,-486.86,-144.34,-22.22
1296,-16.16,-533.59,-69.38,42.51
1297,-15.25,-379.33,-98.91,27.05
1298,-19.17,-519.9,-102.04,7.44
1299,-18.94,-418.07,-79.07,47.68
1300,-15.0,-478.39,-95.7,30.83
1301,-14.78,-526.11,-94.47,2.79
1302,-27.93,-509.45,-97.35,7.61
1303,-15.05,-443.1,-76.33,35.02
1304,-10.35,-433.49,-109.01,14.01
1305,-13.44,-518.81,-87.26,51.16
1306,-9.63,-496.3,-96.25,47.38
1307,-21.14,-434.48,-91.32,25.99
1308,-15.87,-433.35,-90.61,13.59
1309,7.67,-396.69,-96.95,6.67
1310,-24.29,-631.37,-98.58,42.77
1311,-30.71,-483.62,-92.15,16.87
1312,-21.57,-473.93,-86.09,43.71
1313,-12.21,-481.79,-110.75,26.78
1314,-17.8,-526.98,-120.68,-0.7
1315,-23.47,-499.14,-99.26,19.14
1316,-14.85,-371.63,-116.2,33.5
1317,-26.84,-539.64,-76.18,8.44
1318,-13.99,-542.03,-93.01,34.13
1319,-9.33,-394.68,-72.32,45.46
1320,-18.31,-481.45,-80.73,-1.6
1321,-29.26,-477.35,-97.31,40.45
1322,-17.85,-457.67,-91.58,39.22
1323,-2.17,-481.67,-89.87,20.75
1324,6.96,-425.45,-105.04,27.89
1325,-36.68,-555.47,-69.58,47.32
1326,-22.08,-495.06,-77.89,42.99
1327,-29.05,-522.22,-88.2,0.82
1328,-13.44,-434.3,-81.86,48.55
1329,-23.43,-492.57,-93.63,9.55
1330,-11.05,-468.56,-99.7,25.41
1331,-13.83,-452.71,-78.21,41.3
1332,-5.92,-489.26,-104.55,8.95
1333,-24.45,-483.48,-78.97,44.06
1334,-20.69,-484.68,-87.4,19.64
1335,-21.85,-521.4,-90.48,16.25
1336,-21.92,-541.23,-97.55,2.51
1337,9.79,-315.89,-83.6,14.11
1338,-6.31,-399.52,-73.05,39.46
1339,-26.0,-574.13,-90.55,28.87
1340,-30.85,-526.28,-108.59,8.2
1341,-1.22,-441.28,-91.22,19.78
1342,-10.28,-431.46,-98.09,12.53
1343,-18.34,-495.73,-88.08,11.18
1344,-20.86,-540.41,-95.05,-14.59
1345,-14.91,-531.17,-142.23,-4.04
1346,0.45,-379.69,-62.93,53.93
1347,-31.5,-542.27,-85.8,60.34
1348,-14.76,-478.19,-96.43,-9.67
1349,-13.36,-508.34,-103.46,27.46
1350,-24.92,-522.3,-81.82,25.96
1351,-5.13,-441.03,-87.45,21.77
1352,-14.31,-480.77,-83.41,17.28
1353,-19.77,-515.07,-89.69,12.39
1354,-18.91,-514.59,-98.92,-2.84
1355,9.07,-379.83,-101.14,-33.63
1356,-4.02,-338.77,-56.6,84.49
1357,-37.82,-606.8,-114.56,18.28
1358,-15.61,-465.78,-106.13,-3.95
1359,-9.46,-422.29,-74.62,41.4
1360,-13.56,-440.12,-85.98,25.25
1361,-11.69,-551.52,-86.95,27.23
1362,-18.99,-518.23,-88.33,37.09
1363,-14.81,-500.4,-93.05,24.27
1364,-12.55,-486.77,-94.17,18.93
1365,-12.36,-472.87,-87.12,23.65
1366,-13.11,-477.07,-91.54,5.7
1367,-13.53,-571.67,-104.23,-16.5
1368,-11.86,-530.86,-120.6,1.77
1369,15.32,-262.24,-72.71,64.86
1370,-23.3,-524.32,-111.17,-15.1
1371,-26.67,-411.32,-92.11,18.44
1372,-19.76,-547.5,-77.6,76.14
1373,-7.03,-436.78,-81.6,56.35
1374,-19.48,-506.93,-106.25,23.92
1375,-21.06,-489.84,-78.88,21.34
1376,-22.28,-486.9,-89.6,4.62
1377,-12.18,-471.05,-98.78,6.66
1378,-10.94,-506.71,-101.78,32.33
1379,-12.31,-430.71,-101.55,20.93
1380,-26.16,-537.88,-97.74,12.48
1381,-27.58,-545.43,-98.61,5.58
1382,-19.7,-421.36,-82.2,54.14
1383,-18.74,-452.1,-102.78,6.81
1384,-10.57,-477.07,-101.64,34.1
1385,-31.86,-543.13,-92.5,19.24
1386,11.29,-379.55,-102.72,19.18
1387,-9.08,-514.04,-101.58,28.38
1388,-13.53,-470.21,-119.02,-12.13
1389,-23.45,-547.62,-94.08,32.66
1390,-33.02,-567.92,-108.12,4.97
1391,-0.65,-391.57,-97.66,41.12
1392,0.97,-382.97,-88.56,24.72
1393,-16.1,-416.46,-116.31,-14.42
1394,-22.52,-547.68,-94.05,32.04
1395,-15.79,-445.12,-124.92,45.06
1396,-23.25,-486.02,-89.26,9.43
1397,-18.52,-448.84,-101.3,23.85
1398,-9.81,-512.03,-96.54,31.01
1399,-11.05,-511.55,-92.53,28.08
1400,-17.51,-499.86,-92.9,17.66
1401,0.21,-531.05,-109.86,-8.28
1402,5.82,-257.59,-62.86,90.22
1403,-55.2,-636.26,-119.59,9.39
1404,-33.67,-541.77,-94.62,17.98
1405,-14.71,-463.18,-104.77,8.27
1406,-5.05,-447.53,-101.7,24.28
1407,-23.53,-512.44,-108.77,20.58
1408,-21.23,-428.52,-81.1,21.62
1409,-21.88,-496.5,-101.67,14.84
1410,-9.85,-364.55,-101.37,18.34
1411,-17.43,-555.89,-91.63,32.47
1412,-8.49,-432.29,-120.47,-9.45
1413,-2.83,-426.93,-118.66,89.85
1414,-10.79,-524.16,-71.38,37.87
1415,-10.04,-484.18,-80.15,46.55
1416,-19.58,-493.6,-101.87,1.41
1417,-15.33,-563.31,-88.56,34.24
1418,-0.62,-396.2,-106.07,23.68
1419,-4.24,-464.24,-107.67,-10.69
1420,-32.41,-500.58,-86.71,51.49
1421,-24.6,-539.63,-117.93,-25.55
1422,-13.34,-469.77,-63.54,56.8
1423,-14.89,-400.86,-96.45,20.0
1424,-30.11,-533.15,-104.48,-43.23
1425,-25.29,-508.33,-105.03,63.48
1426,-4.8,-440.77,-66.28,70.04
1427,4.76,-344.7,-104.38,16.61
1428,-19.56,-554.67,-110.08,1.68
1429,-24.02,-472.67,-115.6,36.0
1430,-14.43,-500.82,-105.34,22.9
1431,-13.13,-482.28,-77.88,22.41
1432,-16.29,-474.14,-101.36,32.4
1433,-23.8,-508.23,-116.95,23.64
1434,-29.77,-493.92,-61.65,36.45
1435,-19.78,-450.47,-90.62,-3.64
1436,-11.57,-494.57,-89.72,17.79
1437,-31.0,-552.81,-95.32,-0.51
1438,-25.87,-420.58,-100.87,33.91
1439,-6.88,-318.2,-102.3,17.47
1440,-21.58,-526.98,-90.8,44.96
1441,-10.63,-522.48,-101.5,21.85
1442,-4.96,-422.91,-92.93,1.17
1443,-20.67,-436.19,-88.81,47.37
1444,-21.83,-560.47,-89.51,9.54
1445,-17.73,-491.41,-91.61,36.93
1446,-16.66,-510.82,-107.35,39.25
1447,-16.04,-494.1,-99.81,-34.07
1448,-12.61,-511.83,-74.28,55.64
1449,-25.45,-549.28,-164.88,29.73
1450,-19.68,-484.22,-68.97,-32.33
1451,-3.46,-372.82,-92.11,49.74
1452,-5.24,-426.73,-79.57,41.67
1453,-37.23,-568.7,-89.02,19.74
1454,-26.67,-454.5,-94.19,22.81
1455,-16.74,-467.78,-117.51,9.49
1456,-3.22,-461.89,-82.18,-3.7
1457,-16.86,-538.74,-97.38,4.81
1458,-17.1,-440.5,-100.6,-12.76
1459,3.01,-313.3,-111.72,19.76
1460,-37.24,-621.85,-105.43,8.29
1461,-15.11,-550.42,-103.31,19.64
1462,-14.14,-407.84,-86.36,38.04
1463,-25.12,-567.22,-130.91,-6.19
1464,-18.47,-461.34,-87.19,54.65
1465,-17.3,-493.26,-93.09,23.39
1466,-12.46,-454.68,-96.08,27.89
1467,-14.91,-479.1,-98.46,16.12
1468,-17.67,-484.85,-99.72,23.9
1469,-19.19,-487.02,-93.02,19.65
1470,-21.21,-492.3,-96.45,21.39
1471,-26.56,-483.92,-96.65,18.74
1472,3.16,-471.1,-103.57,6.08
1473,-12.45,-544.67,-112.2,-21.15
1474,3.21,-189.5,-93.42,39.06
1475,-27.76,-638.44,-89.61,43.85
1476,6.39,-369.64,-97.46,15.8
1477,-35.35,-560.28,-122.76,27.31
1478,-21.47,-541.18,-90.35,-4.14
1479,-15.61,-477.95,-96.74,12.7
1480,-21.8,-475.01,-96.97,49.39
1481,-20.03,-448.09,-89.98,32.87
1482,-14.13,-471.58,-91.6,21.68
1483,-30.55,-499.41,-97.18,23.42
1484,-17.82,-483.87,-99.3,20.56
1485,-5.95,-465.15,-106.96,13.79
1486,-22.18,-477.82,-96.09,13.62
1487,-16.09,-508.04,-129.92,-5.62
1488,-18.66,-547.18,-85.66,-16.04
1489,-6.07,-229.87,-91.09,61.01
1490,-34.44,-575.02,-97.35,38.27
1491,3.79,-402.04,-90.76,27.03
1492,-18.19,-514.27,-87.56,19.03
1493,-24.29,-510.44,-93.05,22.18
1494,-14.47,-487.26,-99.49,11.74
1495,-15.07,-505.22,-99.14,8.53
1496,-22.96,-485.25,-102.65,14.72
1497,-15.45,-501.35,-87.74,24.4
1498,-18.07,-443.78,-125.03,4.64
1499,-18.96,-400.6,-81.82,44.25
1500,-14.53,-461.03,-112.94,-29.61
1501,-15.75,-527.58,-116.89,8.43
1502,4.4,-419.58,-87.53,27.02
1503,-13.43,-446.29,-84.85,-9.38
1504,-34.14,-468.22,-116.64,20.72
1505,-30.57,-543.98,-80.66,33.1
1506,-29.66,-529.29,-92.54,14.15
1507,-31.92,-523.64,-95.83,25.1
1508,-23.64,-532.58,-98.25,23.36
1509,-10.62,-447.04,-96.81,23.39
1510,-27.9,-544.08,-96.9,14.28
1511,-0.91,-365.07,-99.14,16.56
1512,-15.19,-317.42,-89.23,39.62
1513,-41.38,-592.28,-116.11,-4.33
1514,-19.1,-516.75,-88.79,10.19
1515,-7.93,-383.34,-106.91,54.92
1516,-27.58,-501.18,-93.82,-14.07
1517,-25.04,-484.43,-101.45,5.18
1518,-6.51,-419.53,-78.82,-2.32
1519,-13.52,-499.72,-88.76,32.11
1520,-39.1,-564.41,-93.1,1.68
1521,-16.08,-379.8,-87.21,38.51
1522,-20.82,-437.83,-97.88,15.74
1523,-30.65,-549.38,-97.07,23.65
1524,-13.97,-441.14,-95.98,35.13
1525,-22.87,-514.37,-91.66,25.64
1526,-26.72,-506.39,-95.38,23.18
1527,-16.84,-475.49,-102.85,1.27
1528,-32.17,-420.65,-113.91,-7.29
1529,-23.68,-574.27,-104.49,56.04
1530,-7.36,-512.86,-68.51,33.47
1531,-4.27,-364.0,-113.92,7.15
1532,-12.97,-429.55,-58.98,58.5
1533,-24.75,-523.2,-118.6,-2.9
1534,-12.65,-433.7,-98.4,4.03
1535,-28.46,-493.81,-76.38,38.63
1536,-31.96,-479.72,-74.93,36.98
1537,-15.03,-458.05,-86.83,8.61
1538,-24.12,-482.11,-126.31,-0.19
1539,-35.5,-545.99,-82.22,24.61
1540,-44.37,-640.1,-109.27,6.05
1541,5.18,-307.94,-77.88,6.94
1542,-40.47,-493.07,-98.01,87.01
1543,-35.51,-395.2,-107.26,-8.2
1544,-20.15,-514.67,-106.33,45.92
1545,2.05,-480.35,-99.0,30.29
1546,-3.68,-467.51,-101.9,-5.59
1547,-19.96,-480.88,-92.31,6.81
1548,-15.35,-467.42,-90.11,41.77
1549,-18.26,-456.37,-89.78,22.64
1550,-24.4,-582.13,-88.81,-12.81
1551,-14.26,-440.38,-96.78,13.78
1552,-37.0,-563.72,-90.14,31.19
1553,-10.73,-445.32,-85.63,18.86
1554,-20.89,-461.15,-88.47,30.67
1555,-7.47,-529.65,-107.59,29.74
1556,-38.98,-587.08,-128.59,17.97
1557,-1.21,-233.25,-87.28,-3.34
1558,3.87,-415.45,-69.42,22.82
1559,-37.56,-644.86,-98.71,19.66
1560,-20.55,-459.79,-126.39,2.89
1561,3.49,-262.32,-68.9,11.37
1562,-43.86,-716.21,-82.9,43.86
1563,1.73,-289.64,-93.92,5.61
1564,-12.58,-549.23,-64.83,94.21
1565,-31.19,-550.38,-86.96,-65.63
1566,-36.95,-585.11,-108.12,18.34
1567,-15.93,-416.77,-98.65,30.66
1568,-12.15,-477.94,-108.07,67.52
1569,-11.87,-468.53,-157.14,14.43
1570,-20.59,-415.72,-66.7,-15.58
1571,0.1,-458.22,-78.65,2.34
1572,-28.78,-503.87,-56.91,65.19
1573,-28.03,-466.86,-106.99,24.86
1574,-10.31,-454.08,-118.89,1.62
1575,-10.54,-454.59,-112.1,-1.35
1576,-28.68,-558.95,-96.27,68.68
1577,3.38,-443.73,-64.85,-36.24
1578,-38.43,-484.06,-126.41,32.06
1579,-29.7,-630.34,-97.87,-37.13
1580,-27.3,-500.14,-83.62,49.53
1581,-17.13,-350.47,-97.12,12.78
1582,-16.67,-432.62,-85.11,20.19
1583,-3.9,-481.86,-78.99,35.77
1584,-18.08,-461.9,-85.94,42.8
1585,-38.03,-612.89,-95.42,9.77
1586,-24.0,-435.45,-83.43,35.84
1587,12.96,-397.43,-85.09,25.37
1588,-3.4,-490.56,-97.07,-12.4
1589,-13.18,-464.48,-86.78,21.21
1590,-17.29,-547.76,-93.36,-3.58
1591,-21.73,-479.96,-98.79,9.42
1592,-17.67,-438.21,-71.98,28.84
1593,-27.26,-511.98,-87.7,-35.92
1594,-34.87,-509.77,-112.93,76.7
1595,-18.61,-483.39,-165.68,-29.22
1596,-21.57,-404.91,-43.42,90.34
1597,-12.3,-345.49,-107.44,16.98
1598,-20.0,-588.15,-82.35,-3.03
1599,-8.36,-462.3,-151.48,7.84
1600,-10.37,-487.22,-89.69,-26.95
1601,2.7,-282.17,-53.68,84.03
1602,-44.37,-591.33,-90.14,-19.72
1603,-28.52,-499.77,-84.04,26.86
1604,-19.86,-523.58,-99.84,8.8
1605,-20.83,-553.53,-101.17,-8.88
1606,-20.07,-383.86,-75.08,-0.02
1607,-30.81,-579.84,-93.98,29.83
1608,-2.68,-415.6,-89.18,29.06
1609,-4.05,-337.96,-82.12,27.22
1610,-37.65,-663.82,-94.56,28.38
1611,-10.14,-512.98,-128.82,-29.18
1612,-7.01,-445.27,-74.48,1.32
1613,9.73,-380.86,-165.77,12.64
1614,-7.96,-371.73,-52.83,1.65
1615,-52.62,-697.24,-88.13,130.69
1616,-19.18,-395.08,-91.37,-48.16
1617,-10.83,-474.94,-88.51,34.52
1618,6.08,-396.09,-99.89,-50.42
1619,-43.82,-601.96,-90.81,15.7
1620,-26.47,-529.01,-87.01,29.96
1621,-2.08,-506.66,-125.22,29.17
1622,-28.56,-474.21,-75.87,-19.68
1623,-15.08,-408.06,-84.6,32.05
1624,-17.98,-524.1,-143.5,9.66
1625,-32.18,-508.93,-64.77,41.28
1626,-44.8,-662.29,-99.47,-7.92
1627,-21.17,-412.27,-82.32,42.13
1628,21.74,-289.45,-95.79,-0.76
1629,-0.4,-420.3,-78.64,15.51
1630,-24.18,-580.86,-99.66,15.71
1631,-4.69,-315.19,-95.92,8.65
1632,-34.33,-508.01,-88.01,66.34
1633,-7.64,-452.92,-81.38,3.22
1634,-27.44,-589.74,-149.29,-29.05
1635,-9.28,-443.37,-52.19,42.43
1636,-27.25,-608.74,-111.6,-46.7
1637,-7.63,-423.14,-82.01,51.48
1638,-5.19,-464.03,-130.16,5.61
1639,-19.88,-506.06,-130.01,1.76
1640,-5.5,-381.9,-101.96,28.19
1641,-38.91,-664.9,-52.78,37.34
1642,-14.58,-431.99,-107.89,23.22
1643,-5.94,-430.77,-63.5,56.21
1644,-6.01,-480.92,-107.89,-76.82
1645,-10.52,-395.4,-93.59,34.46
1646,-13.12,-555.06,-134.87,-1.32
1647,-22.54,-430.89,-93.21,49.64
1648,-8.72,-527.54,-87.75,-33.34
1649,-23.07,-521.7,-179.08,-2.39
1650,-31.29,-376.89,-56.98,-16.07
1651,-18.38,-539.42,-83.66,35.12
1652,-16.75,-495.56,-123.91,54.16
1653,-31.92,-515.13,-74.4,-12.16
1654,-5.0,-360.26,-74.96,29.48
1655,-20.84,-575.71,-116.22,-22.24
1656,-22.26,-478.86,-96.76,99.34
1657,-19.44,-417.38,-76.35,-5.31
1658,-24.77,-534.8,-86.95,-1.85
1659,4.14,-375.98,-86.67,4.36
1660,-22.75,-466.98,-72.59,44.48
1661,-28.73,-582.16,-95.13,20.85
1662,-5.79,-440.35,-104.67,-25.31
1663,-11.94,-527.34,-53.51,65.1
1664,-31.82,-586.9,-92.79,15.66
1665,-35.19,-576.78,-81.47,-9.88
1666,-11.25,-418.28,-132.92,24.32
1667,-7.01,-441.03,-82.0,-6.43
1668,-8.19,-263.59,-87.55,-35.76
1669,-26.16,-631.15,-160.5,4.31
1670,-6.18,-469.59,-104.35,26.65
1671,-19.93,-492.72,-103.46,45.68
1672,-30.09,-574.21,-80.44,46.14
1673,3.54,-405.53,-71.58,-11.13
1674,-25.45,-503.36,-76.31,4.87
1675,-19.35,-496.84,-38.89,104.61
1676,-32.96,-488.78,-104.85,5.48
1677,-24.91,-493.36,-104.71,21.01
1678,-12.45,-463.14,-144.72,-52.21
1679,-28.89,-500.75,-62.51,39.35
1680,1.54,-437.16,-132.88,8.43
1681,1.19,-341.6,-74.6,19.61
1682,-34.89,-555.22,-89.35,36.05
1683,-33.25,-472.69,-89.97,-21.28
1684,-3.84,-572.5,-72.54,38.03
1685,-36.73,-506.82,-96.98,22.49
1686,-10.34,-467.08,-108.44,26.63
1687,-26.04,-510.4,-79.91,19.8
1688,2.55,-454.98,-100.8,-42.05
1689,-36.13,-583.8,-71.21,88.59
1690,-29.34,-435.92,-86.79,13.32
1691,0.66,-330.4,-105.08,-15.85
1692,-31.15,-566.67,-76.43,48.35
1693,-13.6,-522.95,-158.03,-0.12
1694,-7.49,-483.85,-70.17,3.24
1695,-37.68,-500.22,-62.05,13.86
1696,-25.78,-515.21,-91.3,35.72
1697,-12.11,-382.61,-69.16,9.99
1698,-23.16,-611.33,-61.6,-23.62
1699,-11.03,-482.39,-134.56,38.4
1700,-33.47,-504.17,-64.56,54.12
1701,-8.8,-369.01,-94.1,-0.2
1702,-0.91,-403.6,-59.76,26.68
1703,-37.79,-520.38,-110.84,-15.09
1704,-37.24,-558.98,-75.08,12.78
1705,-20.4,-517.16,-83.54,6.98
1706,-0.14,-421.6,-134.41,-19.8
1707,-7.15,-481.12,-73.23,91.78
1708,-22.75,-512.32,-68.57,-24.44
1709,-32.08,-493.78,-169.09,-25.33
1710,-14.32,-441.5,-66.9,16.76
1711,-13.72,-351.11,-69.33,17.73
1712,-13.63,-606.29,-74.85,21.35
1713,-4.65,-551.55,-35.37,105.99
1714,-28.87,-466.93,-113.96,-10.96
1715,-25.15,-524.95,-73.52,34.99
1716,-27.48,-514.2,-80.34,25.54
1717,-2.81,-474.3,-104.07,-2.94
1718,-12.49,-443.82,-119.82,-61.24
1719,-27.9,-529.71,-77.86,53.62
1720,-14.48,-385.11,-82.49,28.24
1721,-31.53,-492.08,-112.96,7.67
1722,0.95,-418.27,-76.77,-5.23
1723,-8.17,-470.43,-176.39,-75.44
1724,-20.77,-506.41,-29.55,84.55
1725,-34.75,-548.21,-89.45,90.52
1726,-12.01,-426.57,-108.92,-72.76
1727,-29.25,-456.64,-78.68,33.37
1728,-20.95,-524.52,-88.04,48.64
1729,-9.45,-489.74,-90.41,-32.78
1730,-20.86,-511.21,-124.11,33.24
1731,-19.02,-480.07,-91.66,-23.02
1732,-18.8,-496.3,-80.76,19.71
1733,-32.2,-538.6,-117.83,22.09
1734,-28.96,-544.12,-79.16,22.58
1735,-7.38,-374.85,-121.39,6.27
1736,-5.71,-471.5,-64.09,24.37
1737,-8.38,-471.7,-94.0,-24.79
1738,-20.78,-436.63,-78.69,18.42
1739,15.98,-305.18,-154.04,2.46
1740,-59.29,-731.22,-75.52,90.26
1741,-30.17,-528.84,-77.53,-7.1
1742,-9.74,-412.53,-86.7,7.13
1743,-6.2,-414.91,-89.16,4.8
1744,-10.37,-511.35,-107.42,15.32
1745,-20.4,-497.68,-96.17,6.49
1746,-2.24,-549.22,-95.45,-14.73
1747,-30.93,-443.6,-83.96,39.24
1748,-16.12,-509.0,-138.7,12.8
1749,-24.59,-489.37,-93.53,-36.16
1750,-12.24,-460.37,-121.73,20.59
1751,-16.07,-549.66,-92.05,27.49
1752,-14.06,-467.28,-87.96,13.73
1753,-26.49,-471.74,-102.76,35.09
1754,-24.43,-567.07,-107.55,11.5
1755,-2.09,-283.6,-84.91,-2.57
1756,-26.59,-529.43,-87.98,25.05
1757,-2.03,-366.67,-99.37,12.22
1758,-24.77,-554.59,-73.23,42.88
1759,-18.73,-585.72,-112.17,-75.82
1760,-9.87,-429.36,-108.93,16.9
1761,-18.27,-481.71,-89.66,50.53
1762,-17.28,-525.77,-60.62,63.62
1763,-41.39,-594.1,-120.27,-52.84
1764,-5.13,-414.55,-109.13,6.85
1765,-5.13,-434.77,-102.89,17.75
1766,-12.27,-497.22,-87.6,18.44
1767,-6.04,-399.67,-141.72,-21.28
1768,-0.3,-237.58,-160.6,19.15
1769,-48.4,-762.26,-72.24,-5.7
1770,-32.88,-569.21,-81.23,47.15
1771,-6.09,-409.43,-82.97,31.97
1772,-17.74,-519.49,-80.91,58.14
1773,-22.39,-506.14,-89.76,18.19
1774,-20.11,-528.16,-107.93,16.9
1775,16.78,-378.81,-124.53,-29.01
1776,-23.09,-538.95,-82.24,58.73
1777,-17.44,-225.47,-96.38,-11.57
1778,-14.36,-602.09,-94.2,13.94
1779,-28.99,-439.39,-88.17,37.35
1780,-4.26,-450.82,-90.86,31.22
1781,-35.37,-541.36,-81.73,42.1
1782,-18.97,-510.04,-92.3,37.9
1783,-17.42,-504.68,-93.23,27.44
1784,-9.34,-484.1,-99.75,5.97
1785,-2.79,-494.53,-114.75,-9.57
1786,-42.76,-527.05,-119.66,36.37
1787,-41.9,-694.79,-102.89,-5.99
1788,7.94,-232.23,-93.25,-23.97
1789,-24.06,-493.58,-75.08,35.99
1790,-9.98,-408.37,-77.89,23.37
1791,-18.9,-513.86,-83.29,34.11
1792,5.96,-314.89,-87.46,36.15
1793,-27.36,-586.37,-119.54,2.64
1794,-11.45,-490.23,-101.59,91.93
1795,-23.02,-485.06,-99.2,-31.16
1796,-26.45,-509.5,-88.46,2.71
1797,-19.87,-570.24,-95.64,10.2
1798,-41.0,-524.69,-105.81,-44.45
1799,8.0,-360.79,-90.53,48.35
1800,-3.3,-444.25,-102.19,37.21
1801,-27.47,-471.74,-88.99,17.22
1802,-10.03,-344.95,-92.68,25.53
1803,-32.05,-544.71,-87.73,20.53
1804,-16.82,-609.01,-93.92,-12.21
1805,-6.29,-462.98,-144.58,12.87
1806,23.03,-145.88,-70.63,35.8
1807,-31.83,-511.32,-69.29,70.99
1808,-47.43,-654.89,-102.53,35.44
1809,-36.08,-577.82,-79.11,-6.5
1810,1.38,-420.23,-88.03,34.98
1811,0.03,-420.13,-100.33,-61.32
1812,-16.55,-439.88,-75.78,99.72
1813,-27.31,-481.28,-95.72,14.49
1814,-9.25,-507.19,-85.14,38.86
1815,-13.62,-485.94,-83.36,26.7
1816,-8.61,-504.39,-114.98,-33.98
1817,-33.13,-501.07,-72.22,63.18
1818,-13.47,-505.05,-81.07,61.74
1819,9.34,-359.41,-111.75,21.12
1820,-16.1,-346.39,-116.46,-11.33
1821,-17.17,-519.34,-74.37,52.34
1822,-25.79,-524.84,-87.36,18.78
1823,-26.96,-516.95,-84.27,20.16
1824,-6.85,-484.05,-134.8,6.02
1825,-18.02,-490.58,-69.17,33.92
1826,-3.12,-384.12,-100.62,11.04
1827,-9.73,-459.56,-87.17,58.85
1828,-7.2,-450.25,-87.09,-9.71
1829,-33.23,-521.45,-91.77,68.89
1830,-19.16,-500.52,-93.08,29.04
1831,-8.42,-490.41,-89.24,22.86
1832,-17.76,-473.62,-117.8,3.95
1833,-23.77,-416.51,-118.42,-11.29
1834,15.29,-280.28,-96.18,43.59
1835,-9.56,-421.68,-80.67,23.73
1836,-14.29,-574.13,-91.23,27.69
1837,-13.05,-496.09,-91.29,35.17
1838,0.52,-389.73,-79.7,53.14
1839,-35.05,-577.41,-103.8,-6.07
1840,-35.35,-606.5,-83.99,18.11
1841,-21.0,-478.09,-95.29,28.9
1842,7.58,-404.17,-89.26,11.35
1843,-5.59,-512.43,-98.66,0.98
1844,-16.87,-551.49,-73.8,85.06
1845,-20.57,-465.77,-135.51,26.76
1846,-4.79,-447.11,-142.49,-14.39
1847,-0.13,-423.62,-57.46,13.19
1848,-9.32,-391.25,-108.37,3.93
1849,-15.57,-500.49,-85.77,16.07
1850,2.73,-411.33,-106.25,44.93
1851,-19.88,-567.85,-70.04,67.49
1852,-15.1,-509.52,-99.11,45.06
1853,-12.79,-446.14,-101.0,-12.4
1854,-0.62,-452.41,-115.42,2.8
1855,-11.35,-467.99,-97.36,19.81
1856,-23.48,-510.62,-86.97,37.4
1857,-15.47,-498.55,-104.08,8.18
1858,-5.94,-416.96,-92.52,42.82
1859,-17.75,-507.19,-89.79,65.07
1860,-15.86,-586.9,-133.14,-63.54
1861,-28.23,-502.33,-187.36,3.44
1862,-10.34,-411.99,-39.84,89.35
1863,-7.69,-444.8,-138.38,-29.01
1864,-16.6,-557.35,-68.61,74.87
1865,-20.77,-525.05,-93.81,-44.14
1866,9.22,-369.24,-134.51,90.4
1867,-42.63,-591.73,-103.76,-37.54
1868,-20.78,-526.11,-106.16,57.23
1869,-4.01,-455.71,-84.27,-3.41
1870,-19.05,-503.75,-147.62,-69.53
1871,-33.43,-463.9,-77.95,101.19
1872,-17.92,-506.32,-133.13,10.57
1873,-31.77,-510.67,-80.51,21.96
1874,-13.08,-348.07,-85.98,24.75
1875,-30.83,-604.48,-110.22,10.33
1876,-5.67,-398.7,-142.05,22.0
1877,-23.56,-535.81,-117.63,-33.34
1878,-27.49,-468.72,-78.43,53.36
1879,-20.64,-518.19,-103.96,-10.54
1880,-15.74,-458.74,-81.02,52.2
1881,-16.22,-480.77,-126.78,50.62
1882,-9.43,-303.8,-91.6,-22.5
1883,-47.5,-672.42,-111.0,45.65
1884,10.26,-415.03,-138.36,-8.28
1885,-49.42,-554.9,-66.48,50.39
1886,-32.45,-515.55,-127.0,19.45
1887,-13.0,-454.9,-110.39,33.36
1888,-10.52,-513.99,-112.53,-37.03
1889,-25.94,-545.54,-122.34,51.96
1890,-35.72,-507.47,-79.69,36.46
1891,-10.62,-511.3,-93.51,35.86
1892,-25.21,-452.11,-129.48,32.15
1893,-36.56,-501.36,-73.08,34.14
1894,-28.78,-530.35,-98.87,10.92
1895,-0.92,-326.08,-105.41,20.35
1896,-20.52,-569.6,-110.17,14.09
1897,-7.95,-447.08,-94.2,29.96
1898,-31.3,-468.29,-96.61,51.89
1899,-13.2,-466.16,-121.15,3.27
1900,-14.86,-527.94,-68.21,19.73
1901,-22.68,-487.28,-94.96,13.15
1902,-23.58,-505.37,-99.04,32.94
1903,-13.11,-373.45,-118.78,66.59
1904,-30.73,-632.33,-108.7,-67.52
1905,-19.11,-437.35,-92.25,85.6
1906,-21.89,-494.19,-94.51,44.51
1907,-23.61,-489.38,-96.24,-7.46
1908,-7.64,-418.01,-95.84,13.57
1909,-35.55,-631.44,-109.61,1.74
1910,-7.81,-406.46,-169.94,23.47
1911,-16.05,-546.29,-62.07,35.57
1912,-31.68,-455.21,-105.85,29.44
1913,-4.78,-367.62,-87.16,20.2
1914,-24.84,-627.62,-106.95,2.73
1915,-13.92,-459.99,-96.12,9.65
1916,-17.03,-433.36,-100.16,56.22
1917,-17.65,-526.96,-97.36,72.27
1918,-26.84,-528.98,-109.56,-24.01
1919,-34.88,-574.92,-100.78,19.49
1920,-14.87,-381.86,-99.77,52.5
1921,-9.36,-439.95,-69.2,50.15
1922,-18.85,-477.15,-98.58,7.53
1923,-28.39,-504.29,-172.5,-28.81
1924,-24.04,-491.01,-70.15,90.27
1925,-11.96,-434.59,-89.36,6.94
1926,-11.6,-323.55,-105.5,-34.36
1927,-27.0,-555.69,-139.63,72.82
1928,-33.69,-548.75,-72.4,21.93
1929,-22.1,-478.89,-81.99,34.38
1930,-20.46,-514.99,-78.3,18.85
1931,-17.46,-516.51,-116.67,-12.55
1932,-16.38,-491.42,-106.97,17.65
1933,-30.33,-512.05,-93.08,50.72
1934,-22.36,-493.55,-90.8,42.34
1935,-16.87,-422.31,-97.21,22.19
1936,-1.31,-520.36,-112.89,-7.79
1937,-24.6,-577.14,-69.07,51.25
1938,-19.08,-288.56,-101.58,59.03
1939,-35.08,-601.35,-114.44,-3.59
1940,-17.18,-511.44,-137.99,37.33
1941,-3.05,-383.99,-66.46,40.02
1942,-9.2,-486.65,-98.17,4.55
1943,-22.62,-506.79,-98.36,23.9
1944,-34.0,-531.73,-83.55,55.59
1945,-17.87,-436.86,-101.07,19.25
1946,-28.38,-529.76,-89.36,33.23
1947,-29.37,-552.75,-101.71,26.28
1948,-15.75,-443.49,-84.91,38.24
1949,-15.14,-525.46,-107.04,19.12
1950,-20.85,-467.0,-131.94,12.63
1951,-20.18,-475.45,-85.5,63.84
1952,-23.58,-386.17,-86.82,5.99
1953,-34.27,-565.83,-81.8,17.97
1954,-17.18,-478.89,-106.81,16.41
1955,-20.04,-478.15,-101.37,103.96
1956,-27.92,-505.59,-109.6,-9.21
1957,-31.04,-495.4,-86.89,-13.18
1958,-12.43,-377.27,-95.15,16.22
1959,-19.91,-447.85,-91.32,29.87
1960,-18.21,-512.59,-97.66,64.95
1961,-25.28,-490.86,-81.63,27.42
1962,-36.73,-499.38,-87.94,30.38
1963,-26.9,-506.64,-91.59,25.96
1964,-13.37,-500.84,-99.75,7.07
1965,1.29,-460.33,-116.42,-70.71
1966,-31.85,-520.83,-108.41,39.84
1967,-49.5,-583.47,-84.72,58.32
1968,-20.54,-513.28,-89.36,32.01
1969,4.48,-359.89,-81.86,40.56
1970,-31.76,-521.98,-92.71,31.76
1971,-20.19,-475.49,-95.17,26.0
1972,-27.66,-489.9,-91.66,26.31
1973,-15.65,-446.27,-87.03,9.71
1974,-5.01,-362.52,-93.59,48.78
1975,-20.93,-462.1,-199.95,-42.67
1976,-27.95,-490.54,-50.51,35.07
1977,-9.38,-420.34,-85.69,25.2
1978,-34.11,-579.15,-81.45,32.91
1979,-37.23,-516.85,-82.39,46.42
1980,-45.89,-536.73,-86.71,34.55
1981,-29.91,-489.81,-91.71,16.56
1982,-21.19,-525.86,-121.22,-74.35
1983,-42.49,-497.96,-71.08,79.64
1984,-2.83,-209.33,-101.45,21.33
1985,-41.64,-652.26,-115.34,54.25
1986,-32.35,-523.33,-75.26,46.09
1987,-19.7,-488.51,-92.35,21.36
1988,-28.92,-481.1,-89.7,17.87
1989,-23.51,-493.19,-94.05,18.28
1990,-28.03,-503.16,-104.19,12.93
1991,-22.49,-544.71,-102.83,44.53
1992,-7.46,-377.73,-112.0,-26.5
1993,-25.36,-394.37,-89.72,23.71
1994,-44.11,-626.32,-94.89,21.41
1995,-13.24,-402.68,-93.93,7.39
1996,-38.41,-484.93,-87.75,41.2
1997,-30.87,-476.25,-90.73,8.77
1998,-5.19,-455.66,-107.24,-16.54
1999,-14.1,-453.6,-94.11,-28.66
2000,-26.62,-487.02,-96.14,130.57
2001,-30.09,-465.15,-100.06,-13.92
2002,-36.61,-672.45,-107.09,-41.52
2003,-23.34,-409.13,-100.44,48.12
2004,-18.82,-492.34,-87.2,15.82
2005,-20.75,-493.29,-96.72,18.87
2006,-12.2,-465.59,-98.47,19.2
2007,-22.41,-476.61,-134.45,15.03
2008,-18.86,-500.52,-104.63,12.26
2009,-36.51,-523.97,-70.46,76.53
2010,-26.32,-409.2,-105.78,-42.48
2011,-9.5,-369.6,-92.21,13.64
2012,-20.78,-541.0,-93.2,23.98
2013,-10.78,-485.92,-101.6,10.76
2014,-10.29,-421.93,-98.82,-4.91
2015,-28.94,-559.02,-110.87,-17.8
2016,-36.03,-539.6,-88.02,57.59
2017,-14.33,-484.39,-138.23,1.91
2018,-8.79,-334.15,-75.67,37.08
2019,-39.88,-562.3,-101.7,6.19
2020,-18.41,-478.91,-92.0,36.33
2021,-17.23,-470.89,-90.48,26.74
2022,-14.23,-413.64,-93.05,20.97
2023,-22.1,-521.04,-93.05,18.55
2024,-29.81,-516.93,-112.87,6.31
2025,-29.15,-521.42,-102.72,24.08
2026,-12.67,-458.54,-85.92,-10.41
2027,-29.67,-527.37,-91.41,40.64
2028,-23.25,-525.35,-96.0,24.69
2029,-24.01,-460.05,-98.75,29.55
2030,-31.0,-533.38,-90.89,21.93
2031,-10.69,-461.19,-104.16,22.32
2032,-17.16,-407.77,-119.05,-12.71
2033,-9.11,-375.77,-77.71,45.89
2034,-18.53,-433.86,-90.72,39.81
2035,-27.71,-546.13,-114.47,2.91
2036,-11.07,-417.55,-162.59,-1.14
2037,-29.27,-582.08,-117.33,15.08
2038,-29.04,-503.47,-82.91,3.01
2039,-13.14,-450.13,-99.74,53.99
2040,-26.43,-508.94,-101.07,-26.37
2041,-21.74,-442.69,-91.7,51.77
2042,-22.65,-494.04,-91.47,7.89
2043,-40.3,-500.58,-99.8,21.99
2044,-11.72,-439.3,-118.87,-10.27
2045,-12.3,-230.52,-75.84,24.28
2046,-37.36,-646.2,-96.14,43.13
2047,-20.94,-501.19,-98.8,0.23
2048,-15.04,-507.44,-97.94,94.66
2049,-25.15,-516.42,-94.72,-37.54
2050,-12.73,-506.01,-111.19,10.72
2051,-22.65,-464.26,-81.78,51.8
2052,-23.33,-462.66,-98.05,-3.22
2053,-34.9,-529.65,-107.79,36.11
2054,-25.16,-473.33,-98.07,12.93
2055,-20.44,-478.48,-97.31,44.21
2056,-22.14,-534.42,-110.32,-5.52
2057,-13.06,-399.8,-121.07,16.38
2058,-39.19,-491.3,-85.94,32.97
2059,-13.44,-424.0,-104.53,16.36
2060,-26.7,-497.01,-89.98,11.16
2061,-14.04,-460.2,-73.64,46.45
2062,-28.13,-525.94,-160.13,4.61
2063,-19.43,-429.03,-67.68,-0.78
2064,-28.55,-534.71,-95.8,40.73
2065,-15.64,-461.13,-88.55,24.52
2066,-15.61,-422.43,-116.19,18.5
2067,-9.04,-463.27,-81.84,63.2
2068,-30.91,-492.84,-95.91,13.72
2069,-25.85,-446.44,-94.05,14.47
2070,-28.54,-373.17,-99.87,19.09
2071,-49.49,-538.65,-95.3,21.86
2072,-28.4,-430.07,-104.03,36.73
2073,3.88,-323.73,-96.41,-4.84
2074,-9.61,-390.36,-92.95,40.56
2075,-21.63,-368.61,-104.75,11.69
2076,-23.67,-451.04,-107.01,0.56
2077,-15.63,-448.32,-93.41,13.4
2078,-16.42,-477.2,-77.72,55.26
2079,-27.71,-517.44,-103.52,20.27
2080,-21.72,-554.67,-96.85,21.08
2081,-14.06,-549.75,-105.89,23.74
2082,-6.66,-506.76,-97.73,19.43
2083,-12.6,-524.46,-80.41,39.9
2084,-19.64,-521.58,-156.26,12.22
2085,-32.94,-557.45,-128.06,3.05
2086,-18.34,-468.51,-77.34,8.09
2087,-24.24,-580.39,-82.46,49.94
2088,-25.71,-546.63,-89.55,30.57
2089,-24.66,-540.74,-93.01,22.44
2090,-37.15,-557.5,-93.94,21.16
2091,-27.93,-428.33,-91.64,27.33
2092,-16.78,-468.51,-93.23,26.1
2093,-37.35,-497.14,-88.82,29.1
2094,-54.37,-499.46,-86.88,24.53
2095,-43.19,-476.02,-84.16,24.66
2096,-33.42,-443.94,-88.65,23.58
2097,-19.33,-436.14,-94.67,28.92
2098,-21.66,-413.01,-93.68,27.49
2099,-27.78,-397.76,-89.65,30.4
2100,-23.36,-319.96,-92.77,29.93
2101,1.19,-181.37,-101.33,38.77
2102,-33.57,-599.88,-96.86,24.6
2103,-32.19,-484.5,-94.66,27.11
2104,-7.95,-405.72,-95.87,30.02
2105,-7.68,-458.15,-121.18,15.25
2106,-15.66,-472.05,-87.84,37.01
2107,-16.93,-464.43,-99.62,6.74
2108,-26.38,-469.42,-110.83,21.79
2109,-28.73,-525.72,-103.66,16.54
2110,-27.38,-510.29,-89.38,25.25
2111,-20.13,-491.93,-93.63,1.23
2112,-22.22,-500.23,-101.17,40.59
2113,-33.46,-531.69,-122.52,-8.35
2114,-28.03,-512.83,-138.02,-32.11
2115,-54.89,-565.3,-61.61,53.2
2116,-11.1,-337.84,-99.25,17.04
2117,-10.31,-486.14,-103.22,-6.88
2118,-15.78,-485.2,-145.91,-21.51
2119,-40.61,-584.64,-155.19,19.09
2120,-26.22,-494.51,-85.05,14.73
2121,-25.25,-471.12,-100.34,12.31
2122,-22.07,-486.72,-96.92,17.57
2123,-28.6,-471.45,-97.3,13.63
2124,-10.21,-370.74,-110.36,-17.17
2125,-16.81,-489.64,-102.77,7.07
2126,-43.55,-513.91,-91.88,64.24
2127,-13.34,-437.69,-150.07,-23.56
2128,-14.28,-471.1,-81.43,8.73
2129,-6.75,-290.48,-96.0,6.33
2130,-26.86,-499.1,-93.26,50.22
2131,-40.82,-606.52,-103.18,26.8
2132,-18.72,-431.99,-129.05,9.05
2133,-15.05,-475.92,-87.57,39.19
2134,-16.52,-484.76,-110.48,6.63
2135,-25.66,-487.75,-96.92,-5.76
2136,-20.44,-486.83,-118.67,16.38
2137,-20.48,-485.98,-108.29,14.28
2138,-20.76,-474.08,-109.61,6.61
2139,-31.58,-515.55,-107.46,8.52
2140,-28.73,-498.59,-108.72,-1.23
2141,-26.2,-525.65,-116.31,32.49
2142,-7.32,-444.6,-80.18,-0.12
2143,-35.67,-507.27,-164.06,28.65
2144,-15.96,-496.35,-83.51,-1.3
2145,-14.1,-474.93,-94.64,8.18
2146,-32.05,-562.72,-127.18,1.21
2147,-21.38,-531.25,-124.21,-7.52
2148,-23.11,-486.28,-76.92,30.37
2149,-7.07,-396.46,-67.15,12.94
2150,-16.42,-449.25,-133.04,-8.71
2151,-33.74,-550.88,-83.05,38.71
2152,-19.04,-496.12,-104.97,-0.66
2153,-34.11,-500.23,-100.1,16.67
2154,-28.28,-537.43,-105.21,4.92
2155,-14.42,-408.83,-102.04,-27.76
2156,-17.29,-481.49,-97.93,13.09
2157,-19.4,-484.9,-86.08,37.85
2158,-19.05,-483.36,-109.58,0.75
2159,-10.43,-469.95,-104.19,16.13
2160,-29.72,-500.06,-102.88,14.77
2161,-26.69,-431.46,-103.7,0.74
2162,-22.85,-529.8,-86.73,60.47
2163,-12.62,-439.76,-134.93,8.0
2164,-17.76,-506.87,-91.82,-22.2
2165,-24.7,-522.85,-101.66,-3.77
2166,-32.49,-526.43,-95.27,21.12
2167,-27.85,-528.97,-105.17,17.61
2168,-16.79,-463.22,-124.36,26.91
2169,-24.56,-505.13,-86.96,8.98
2170,-16.81,-512.3,-105.65,5.07
2171,-6.62,-344.87,-107.89,-10.76
2172,-32.99,-582.92,-101.84,9.59
2173,-31.2,-531.97,-104.59,-6.52
2174,-23.63,-518.19,-98.28,20.1
2175,-22.67,-526.34,-104.06,9.91
2176,-28.42,-536.44,-104.08,25.8
2177,-23.53,-503.04,-106.41,7.95
2178,-22.62,-540.57,-108.68,10.68
2179,-5.91,-465.04,-97.62,3.17
2180,-21.5,-506.58,-108.79,4.99
2181,-16.42,-505.01,-103.29,12.62
2182,-9.96,-480.34,-114.36,46.36
2183,-21.5,-515.71,-87.06,39.5
2184,-17.62,-513.66,-121.43,7.03
2185,-19.75,-522.77,-100.66,25.0
2186,-21.34,-527.78,-90.23,16.3
2187,-16.32,-481.08,-104.2,58.45
2188,-16.6,-488.97,-119.87,-21.96
2189,-15.0,-518.36,-104.53,36.56
2190,-7.92,-492.77,-113.38,11.07
2191,-21.98,-511.42,-109.79,-3.05
2192,-15.64,-483.59,-106.56,19.28
2193,-13.44,-425.17,-107.39,29.68
2194,-30.09,-580.73,-109.14,10.29
2195,-17.9,-526.97,-104.62,17.56
2196,-14.12,-435.55,-103.3,8.83
2197,-32.56,-567.64,-103.21,21.46
2198,0.48,-354.42,-91.44,20.84
2199,-10.12,-404.63,-98.05,26.07
2200,-14.16,-568.73,-104.57,11.36
2201,-26.49,-571.68,-102.32,17.08
2202,-11.62,-484.21,-97.89,18.35
2203,-41.5,-559.99,-104.93,15.02
2204,-26.55,-464.69,-102.77,17.15
2205,-26.53,-494.06,-98.23,14.49
2206,-16.52,-513.02,-102.57,12.32
2207,-24.91,-532.22,-101.87,23.28
2208,-21.82,-458.55,-105.15,7.43
2209,-26.38,-448.8,-108.6,15.59
2210,-19.97,-446.08,-131.27,-40.09
2211,-20.37,-434.61,-97.06,35.97
2212,-4.02,-345.43,-101.1,32.88
2213,1.48,-425.56,-107.09,19.04
2214,-21.77,-454.12,-100.35,16.57
2215,-15.87,-422.24,-97.49,21.06
2216,-24.58,-432.35,-93.36,32.38
2217,-4.61,-380.65,-107.51,-7.82
2218,-28.12,-459.2,-101.53,23.63
2219,-34.6,-559.56,-99.96,16.63
2220,-11.92,-474.73,-103.89,3.97
2221,-2.84,-420.29,-97.83,10.87
2222,-12.83,-465.93,-102.13,16.64
2223,-20.1,-492.49,-108.2,25.32
2224,-14.63,-476.09,-110.08,-37.2
2225,-17.57,-431.47,-101.43,16.98
2226,-19.16,-294.95,-114.01,-17.3
2227,-24.98,-561.32,-83.36,38.75
2228,-8.4,-453.81,-100.96,-4.5
2229,-9.58,-484.46,-102.86,-1.88
2230,-23.8,-385.66,-121.87,-3.65
2231,-20.35,-505.48,-114.64,20.12
2232,-20.0,-488.63,-90.12,4.17
2233,-18.18,-500.17,-96.48,-6.16
2234,-29.55,-474.29,-92.97,9.91
2235,-26.84,-477.31,-93.71,4.0
2236,-19.5,-534.21,-105.09,1.34
2237,-13.73,-379.02,-108.69,6.72
2238,-25.0,-430.57,-121.54,44.13
2239,-18.25,-431.8,-101.97,11.68
2240,-26.08,-559.75,-102.98,1.73
2241,1.25,-265.73,-177.21,-40.23
2242,-12.89,-374.74,-99.03,-23.46
2243,-20.45,-512.14,-139.59,9.11
2244,-25.19,-494.76,-71.39,83.49
2245,-24.06,-488.01,-178.86,-88.2
2246,-9.86,-445.91,-69.65,76.13
2247,-3.36,-476.61,-114.39,103.06
2248,-31.49,-520.43,-78.17,-96.92
2249,-8.13,-497.76,-99.94,-5.52
2250,22.67,-327.77,-112.48,-27.36
2251,2.06,-362.9,-67.86,36.31
2252,-34.03,-485.72,-99.04,27.75
2253,-23.63,-584.9,-109.94,56.08
2254,-3.72,-417.06,-153.73,-54.25
2255,-38.52,-603.48,-98.25,35.6
2256,-14.45,-499.67,-73.6,-15.6
2257,-11.47,-406.87,-53.31,144.05
2258,-25.11,-545.32,-212.28,-150.88
2259,-27.09,-500.56,-28.38,104.44
2260,4.6,-262.16,-110.92,57.35
2261,-14.51,-555.88,-112.45,-65.62
2262,-33.94,-657.12,-153.35,100.23
2263,-5.73,-462.6,-120.05,3.6
2264,-4.88,-427.07,-121.36,-55.12
2265,-38.78,-546.57,-186.38,18.58
2266,-24.62,-522.49,-168.16,-196.88
2267,-4.67,-513.05,-173.85,92.0
2268,-3.34,-398.09,-20.62,-4.45
2269,-27.84,-545.75,-91.47,-11.73
2270,-10.31,-429.93,-155.84,63.26
2271,3.89,-369.11,-88.49,68.87
2272,-4.81,-443.39,-36.36,2.13
2273,-29.72,-479.62,-140.33,-90.1
2274,-15.33,-472.61,-105.75,116.49
2275,-17.9,-503.19,-60.32,-30.34
2276,5.5,-430.38,-201.25,-96.05
2277,-34.77,-482.91,-46.64,60.14
2278,-30.59,-400.9,-49.01,7.24
2279,-5.97,-463.89,-55.54,60.81
2280,-24.3,-515.21,-74.57,-21.43
2281,1.23,-410.5,-86.39,3.43
2282,-15.95,-462.14,-56.56,1.92
2283,-34.73,-606.07,-148.08,-1.5
2284,-22.29,-524.99,-57.82,54.31
2285,-20.01,-486.11,-64.22,8.32
2286,17.03,-472.4,-85.22,-15.44
2287,-11.79,-464.5,-42.21,70.26
2288,-6.03,-379.34,-72.28,9.52
2289,-13.08,-623.87,-103.97,16.2
2290,-24.02,-527.29,-71.3,94.62
2291,-3.4,-355.76,-43.48,21.46
2292,-4.44,-434.28,-127.02,-100.3
2293,-16.32,-543.66,-93.19,16.48
2294,-11.41,-504.38,-77.04,-1.8
2295,0.27,-467.21,-64.74,-67.08
2296,-14.01,-442.35,-9.07,113.0
2297,-41.61,-440.17,-97.9,110.65
2298,-14.04,-411.59,-84.84,-79.78
2299,8.77,-367.0,-96.79,31.7
2300,-16.68,-575.5,-324.8,8.47
2301,-33.28,-447.3,29.99,-0.26
2302,-20.07,-486.18,7.57,18.71
2303,-21.43,-457.32,-65.51,38.79
2304,-6.48,-465.54,-102.45,38.74
2305,-7.92,-318.17,-32.58,23.43
2306,-36.41,-563.35,-70.64,25.78
2307,-21.51,-512.8,-49.26,47.43
2308,-7.06,-478.4,-67.96,14.76
2309,-17.86,-525.28,-62.88,71.81
2310,-20.98,-502.06,-42.89,35.72
2311,-3.47,-519.47,-73.45,-8.24
2312,-32.53,-417.05,-51.85,58.29
2313,-21.65,-549.5,-75.4,-19.73
2314,16.41,-293.36,-93.38,10.26
2315,-1.2,-405.93,-112.1,10.68
2316,-26.25,-487.89,-37.47,91.73
2317,-23.25,-582.63,-33.11,91.6
2318,-3.95,-537.63,-96.43,3.35
2319,-14.25,-492.37,-94.92,-96.31
2320,-20.47,-413.06,-52.74,123.8
2321,-23.11,-489.01,-48.18,19.8
2322,-10.84,-490.85,-98.77,15.49
2323,-17.59,-499.02,-65.84,97.16
2324,-18.1,-468.99,-73.17,87.36
2325,-7.32,-535.18,-71.27,-77.83
2326,-13.7,-456.93,-156.3,-2.2
2327,-27.54,-528.65,-43.42,-2.36
2328,-15.43,-490.11,-42.78,33.64
2329,1.96,-431.61,-65.15,-2.4
2330,-13.59,-472.94,-18.76,39.07
2331,-27.51,-473.42,-87.66,60.67
2332,-5.91,-380.57,-88.53,19.54
2333,-23.05,-476.85,-159.23,-43.69
2334,18.09,-393.8,-30.45,44.16
2335,-26.2,-600.27,-45.0,39.4
2336,-1.74,-546.64,-88.87,14.38
2337,-50.09,-431.91,-36.95,81.98
2338,-18.04,-460.25,-58.71,31.95
2339,-12.01,-523.28,-54.0,51.87
2340,-18.4,-471.79,-125.06,50.62
2341,-9.87,-499.98,-44.7,16.1
2342,-15.19,-515.99,-67.7,-5.51
2343,-16.17,-583.66,-72.67,-22.42
2344,-9.78,-423.37,-62.34,33.99
2345,-15.05,-503.07,-67.58,26.92
2346,7.98,-510.54,-111.43,-19.26
2347,-15.95,-258.78,-68.12,24.59
2348,-31.24,-588.01,-55.43,68.58
2349,-17.77,-530.21,-128.47,4.3
2350,-20.93,-487.5,-23.35,97.03
2351,-14.7,-465.39,-78.58,-38.21
2352,-5.98,-410.35,-53.44,37.87
2353,-15.33,-503.53,-60.75,36.41
2354,-6.86,-478.09,-80.84,53.01
2355,-2.75,-464.92,-62.2,16.18
2356,-16.96,-469.47,-84.41,43.03
2357,-21.85,-450.83,-39.83,32.05
2358,-30.85,-508.27,-80.77,24.54
2359,7.14,-483.93,-93.08,-37.66
2360,-31.44,-569.89,-134.75,-7.02
2361,-4.05,-323.25,-34.64,57.44
2362,-27.42,-474.65,-67.36,61.86
2363,-11.75,-438.53,-50.14,42.29
2364,-9.43,-424.54,-185.77,6.75
2365,-32.96,-614.86,-31.99,16.19
2366,-20.16,-533.85,-59.02,44.1
2367,0.57,-480.3,-80.58,0.45
2368,-10.06,-515.53,-81.04,-4.85
2369,-26.5,-561.77,-59.06,132.2
2370,-14.64,-390.25,-87.19,107.18
2371,7.53,-471.09,-78.37,-47.0
2372,-15.91,-530.3,-113.78,-40.4
2373,-15.31,-363.47,-73.15,69.89
2374,-21.48,-569.1,-62.24,26.48
2375,-21.41,-551.01,-77.13,31.02
2376,-12.93,-476.15,-76.85,18.24
2377,-8.59,-489.9,-80.02,23.19
2378,-0.47,-467.99,-116.75,41.42
2379,-15.22,-387.55,-39.86,24.53
2380,-40.82,-615.64,-108.51,19.38
2381,-21.17,-371.34,-99.57,10.65
2382,16.11,-414.06,-101.53,58.52
2383,-12.27,-483.09,-45.25,81.94
2384,-12.57,-510.44,-56.79,71.13
2385,-18.42,-452.05,-93.5,1.49
2386,-19.25,-464.25,-71.01,36.5
2387,-17.56,-467.65,-79.09,36.03
2388,-4.95,-469.78,-76.31,37.41
2389,24.54,-436.45,-136.75,-115.49
2390,-26.55,-474.21,-123.72,-11.89
2391,-36.24,-515.49,-30.94,153.56
2392,-17.0,-489.52,-74.69,18.82
2393,-6.93,-435.0,-94.65,-24.66
2394,-17.69,-509.1,-35.57,128.8
2395,-12.76,-431.6,-90.81,6.6
2396,-19.17,-463.73,-99.75,11.81
2397,-11.65,-547.72,-68.52,33.9
2398,23.99,-425.29,-112.95,-89.06
2399,-30.87,-449.37,-49.69,108.43
2400,-6.51,-534.31,-99.15,-4.5
2401,-21.16,-542.35,-113.47,119.87
2402,-17.09,-467.19,-93.84,-53.04
2403,-21.99,-547.99,-66.47,36.01
2404,-7.0,-454.03,-75.92,22.92
2405,-8.73,-476.94,-88.87,22.07
2406,-35.3,-591.4,-76.25,14.18
2407,9.09,-350.82,-80.24,24.57
2408,25.98,-406.17,-109.73,-61.16
2409,-30.6,-484.0,-65.67,127.63
2410,-36.6,-509.8,-58.64,37.62
2411,-9.95,-384.52,-82.38,-15.93
2412,-2.2,-435.07,-68.65,48.26
2413,-6.23,-358.01,-75.42,27.37
2414,-14.81,-551.03,-72.87,34.85
2415,-13.01,-585.04,-64.62,56.35
2416,-21.42,-463.94,-124.74,-17.98
2417,8.56,-425.64,-108.58,-2.95
2418,-25.52,-532.74,-108.27,-31.02
2419,-31.61,-512.88,-99.23,85.16
2420,-16.24,-457.73,-62.1,17.12
2421,-18.22,-476.9,-72.92,36.63
2422,-16.45,-498.92,-68.02,53.91
2423,-9.2,-488.86,-76.31,37.52
2424,-13.11,-502.68,-77.92,25.45
2425,-14.71,-506.0,-80.44,26.06
2426,-17.55,-529.67,-80.97,22.71
2427,28.67,-277.48,-101.18,-59.47
2428,-49.03,-574.72,-158.65,-11.69
2429,-26.56,-549.17,-23.54,103.53
2430,-18.72,-501.51,-79.66,13.69
2431,-18.7,-476.35,-61.56,45.57
2432,-23.88,-475.17,-77.17,12.86
2433,-16.57,-490.17,-84.42,33.52
2434,-9.85,-468.86,-84.54,22.06
2435,-25.1,-475.06,-81.6,25.49
2436,-22.26,-488.32,-80.09,28.49
2437,-14.6,-481.36,-79.57,22.15
2438,-10.06,-502.64,-76.92,26.93
2439,19.09,-453.55,-97.66,-34.24
2440,-3.3,-391.75,-111.2,49.47
2441,-42.5,-558.2,-80.92,81.38
2442,-15.32,-434.38,-65.81,-1.33
2443,-12.24,-457.31,-82.06,12.95
2444,-14.71,-459.53,-79.38,37.44
2445,-13.33,-463.8,-74.13,39.67
2446,-17.01,-468.75,-77.89,30.64
2447,-23.75,-465.6,-85.78,23.97
2448,-17.89,-512.28,-85.03,9.74
2449,11.85,-448.78,-109.25,-26.17
2450,-28.16,-512.42,-89.54,31.67
2451,-31.62,-661.41,-122.91,34.03
2452,8.99,-367.39,-45.94,79.46
2453,-11.61,-412.29,-87.78,17.82
2454,-7.53,-486.75,-84.82,61.12
2455,-19.49,-514.78,-76.46,16.67
2456,-19.38,-496.11,-84.23,32.25
2457,-11.45,-468.11,-78.58,33.44
2458,1.13,-457.17,-99.2,-12.57
2459,-24.52,-488.65,-94.22,34.83
2460,-4.85,-495.99,-90.74,36.41
2461,-10.76,-468.73,-92.93,8.57
2462,-24.79,-455.03,-92.83,12.01
2463,-18.07,-469.0,-83.15,55.88
2464,-15.05,-492.48,-79.16,46.52
2465,-14.19,-481.52,-81.22,28.53
2466,-18.84,-486.73,-87.7,16.16
2467,-6.94,-471.74,-86.06,25.59
2468,0.99,-450.09,-110.47,-17.29
2469,-21.4,-526.44,-162.13,61.6
2470,-16.43,-459.2,-47.3,36.03
2471,-13.92,-482.71,-100.68,31.45
2472,-22.92,-445.45,-59.11,18.83
2473,-12.64,-470.74,-75.96,30.82
2474,-4.97,-465.6,-76.82,31.73
2475,-10.92,-482.41,-86.24,25.35
2476,-21.7,-499.65,-82.06,26.76
2477,-15.47,-484.88,-87.16,6.41
2478,6.45,-483.32,-99.85,-18.81
2479,-16.64,-476.42,-85.43,28.91
2480,-11.1,-462.39,-69.06,36.75
2481,-17.92,-530.99,-97.8,-3.21
2482,-30.62,-606.18,-110.81,28.81
2483,-5.39,-277.01,-54.62,72.21
2484,-4.0,-420.17,-115.8,11.17
2485,-10.46,-466.96,-116.7,2.6
2486,-28.62,-517.35,-109.38,10.6
2487,-31.39,-504.08,-51.89,28.54
2488,-19.68,-474.7,-77.43,36.47
2489,-17.3,-499.3,-80.57,17.7
2490,-12.94,-487.36,-88.03,29.99
2491,-20.67,-487.04,-87.57,22.63
2492,-13.32,-502.84,-79.09,41.44
2493,-16.3,-472.93,-94.18,14.46
2494,-13.21,-521.71,-91.31,7.28
2495,-16.33,-440.97,-87.43,7.12
2496,-14.92,-382.89,-174.48,-25.66
2497,-12.91,-464.27,-21.65,133.78
2498,-11.85,-470.96,-87.64,18.59
2499,-15.67,-470.69,-83.75,30.03
2500,-10.7,-476.67,-90.68,28.5
2501,-13.58,-474.21,-91.98,36.84
2502,-14.53,-486.54,-97.07,31.59
2503,-25.31,-496.19,-93.62,36.65
2504,-14.36,-510.15,-100.64,25.52
2505,9.78,-412.86,-87.46,1.21
2506,-14.28,-432.61,-146.09,2.69
2507,-25.69,-588.14,-109.03,16.37
2508,-6.07,-395.76,-67.66,17.62
2509,-21.27,-482.24,-83.07,5.14
2510,-22.16,-505.58,-100.05,85.37
2511,-23.04,-490.29,-78.0,42.05
2512,-22.04,-476.45,-84.39,28.14
2513,-24.99,-481.23,-92.47,26.5
2514,-19.03,-478.88,-90.1,26.31
2515,-15.93,-456.01,-91.36,31.18
2516,8.56,-489.23,-115.82,12.41
2517,-8.39,-436.82,-69.0,41.31
2518,-28.73,-541.57,-111.42,-3.52
2519,-14.9,-359.57,-72.88,58.63
2520,-16.52,-504.29,-96.4,-3.72
2521,-16.98,-465.83,-70.73,90.24
2522,-21.03,-487.71,-83.94,21.67
2523,-15.29,-474.51,-86.12,27.69
2524,-17.18,-488.73,-85.07,28.68
2525,-23.23,-453.84,-85.57,29.32
2526,-28.23,-529.31,-85.89,23.23
2527,7.38,-377.07,-122.45,-78.93
2528,-24.7,-523.73,-56.17,104.08
2529,-25.08,-527.21,-147.89,3.71
2530,-4.59,-486.9,-68.88,58.55
2531,3.2,-347.34,-82.16,49.36
2532,-11.21,-458.83,-81.84,39.12
2533,-21.78,-506.61,-88.1,34.78
2534,-19.61,-507.32,-87.81,31.48
2535,-24.3,-474.1,-87.82,29.53
2536,-13.89,-479.9,-96.86,-15.06
2537,2.46,-476.24,-85.19,68.44
2538,-23.04,-504.84,-125.65,38.94
2539,-15.88,-482.8,-88.62,-25.71
2540,-21.69,-603.59,-87.09,17.77
2541,-6.41,-426.4,-128.94,59.79
2542,-1.83,-376.04,-75.93,7.31
2543,-11.62,-465.38,-82.05,38.36
2544,0.59,-304.5,-91.4,-2.58
2545,-23.19,-582.02,-91.37,38.68
2546,-8.03,-506.75,-93.63,25.47
2547,-13.85,-507.08,-92.45,50.73
2548,-3.93,-415.5,-137.04,27.85
2549,-7.94,-492.85,-58.54,27.32
2550,-14.31,-514.78,-83.46,0.21
2551,-13.1,-472.69,-96.92,26.23
2552,-9.39,-516.69,-91.14,28.19
2553,-17.6,-503.87,-102.4,24.29
2554,-20.56,-476.4,-89.32,42.81
2555,-16.62,-480.12,-106.62,12.36
2556,-4.37,-426.1,-95.08,-2.2
2557,-0.27,-362.24,-112.91,-43.89
2558,-11.28,-502.41,-94.7,90.95
2559,-9.79,-475.55,-77.71,35.81
2560,-15.93,-430.66,-98.92,-11.69
2561,-20.14,-541.91,-153.3,22.46
2562,-24.38,-469.61,-40.71,58.96
2563,-28.93,-583.02,-79.78,23.65
2564,-7.26,-472.29,-95.73,33.38
2565,-20.49,-479.24,-89.03,27.1
2566,-20.83,-462.48,-89.33,25.78
2567,-15.04,-485.13,-88.06,20.43
2568,-11.56,-462.66,-95.81,32.28
2569,-24.4,-540.62,-97.75,1.51
2570,-23.91,-437.67,-90.86,17.56
2571,-18.86,-449.1,-83.81,14.13
2572,-21.89,-507.95,-75.07,60.47
2573,-21.9,-540.75,-98.79,-3.94
2574,10.16,-288.05,-85.75,29.96
2575,-3.66,-430.33,-87.0,19.91
2576,-17.13,-548.46,-83.13,25.41
2577,-6.1,-431.04,-90.46,16.23
2578,-8.82,-509.03,-89.73,22.46
2579,-19.11,-535.01,-87.64,8.8
2580,-22.56,-555.84,-88.18,23.11
2581,-6.29,-460.37,-102.27,5.62
2582,11.09,-310.35,-116.4,-27.15
2583,-19.26,-513.09,-70.95,36.21
2584,-29.88,-501.85,-136.79,6.88
2585,-13.53,-493.83,-63.23,36.29
2586,-19.7,-493.7,-101.25,36.55
2587,-6.31,-468.48,-130.41,14.59
2588,-10.77,-476.17,-46.11,36.19
2589,-16.68,-482.26,-89.57,3.99
2590,-18.13,-492.34,-91.53,-12.95
2591,-13.51,-497.41,-74.46,75.34
2592,-17.34,-483.03,-103.22,-35.04
2593,-22.49,-558.62,-86.6,51.66
2594,-5.16,-396.11,-75.74,68.92
2595,7.37,-245.75,-91.98,21.03
2596,-28.08,-583.3,-91.92,11.0
2597,-30.7,-598.89,-89.56,25.38
2598,-12.54,-432.88,-84.31,9.97
2599,-21.2,-489.38,-81.19,29.41
2600,-23.81,-482.11,-108.66,-16.31
2601,-9.39,-454.0,-89.08,20.18
2602,-22.38,-536.85,-113.57,20.82
2603,-17.94,-462.54,-57.75,40.57
2604,-15.97,-432.2,-91.86,11.72
2605,-15.48,-420.64,-78.41,23.22
2606,-18.39,-531.64,-80.76,14.85
2607,-16.82,-520.74,-84.35,43.72
2608,-2.7,-317.16,-112.18,2.4
2609,-17.25,-497.76,-88.2,-44.24
2610,-33.5,-505.66,-89.51,61.7
2611,-6.22,-466.02,-65.51,37.23
2612,-17.76,-496.72,-52.69,105.6
2613,-35.47,-508.4,-101.72,-22.29
2614,-17.55,-494.3,-86.53,22.7
2615,-17.76,-514.85,-102.3,1.06
2616,-30.32,-527.27,-105.41,8.25
2617,-8.33,-446.23,-92.01,22.29
2618,-15.62,-480.89,-130.34,26.93
2619,-24.4,-521.42,-71.1,14.1
2620,-14.52,-459.02,-89.98,20.16
2621,-31.77,-498.11,-78.1,44.74
2622,-12.79,-425.68,-86.94,20.18
2623,-2.5,-346.48,-88.66,2.35
2624,3.63,-326.67,-86.42,-3.38
2625,-44.79,-668.72,-122.34,45.63
2626,-17.21,-574.39,-84.53,-30.13
2627,-7.64,-431.57,-68.82,86.29
2628,-15.45,-456.42,-81.65,-1.64
2629,-23.44,-563.89,-85.92,25.12
2630,-18.35,-445.38,-90.45,12.41
2631,-18.82,-457.87,-91.7,-2.35
2632,-22.01,-508.19,-89.78,32.54
2633,-11.85,-531.6,-110.07,-6.62
2634,-4.46,-403.99,-103.94,27.45
2635,-32.71,-467.26,-100.3,72.58
2636,-13.19,-449.28,-76.9,18.92
2637,-21.52,-462.05,-86.78,15.89
2638,-28.67,-528.59,-85.09,29.87
2639,-15.14,-456.01,-85.38,28.71
2640,-13.34,-516.83,-88.6,32.08
2641,-21.98,-515.77,-87.95,29.53
2642,-20.12,-526.81,-92.38,33.62
2643,-19.88,-483.9,-87.46,25.11
2644,0.11,-467.81,-113.63,-23.53
2645,2.05,-331.48,-81.19,-19.48
2646,-35.08,-488.4,-136.99,38.04
2647,-30.98,-527.74,-58.61,59.3
2648,-24.98,-479.49,-76.19,42.59
2649,-28.88,-491.56,-79.56,36.99
2650,-17.89,-480.84,-82.41,26.9
2651,-11.68,-463.13,-86.89,14.85
2652,-23.91,-532.49,-96.87,10.66
2653,-27.53,-513.85,-116.21,-19.88
2654,-9.58,-456.85,-73.85,54.56
2655,-19.59,-430.74,-84.5,49.91
2656,-25.84,-538.23,-79.7,18.91
2657,-16.86,-471.83,-86.78,13.43
2658,-14.17,-448.17,-74.2,26.7
2659,-5.47,-459.86,-120.02,25.94
2660,-18.56,-504.78,-90.64,-10.25
2661,-21.18,-455.79,-61.82,29.62
2662,-19.71,-493.11,-80.51,32.89
2663,-17.6,-368.99,-109.21,61.64
2664,-25.23,-552.06,-78.42,21.02
2665,-19.81,-469.07,-84.58,17.7
2666,-25.99,-544.83,-79.21,35.79
2667,-36.1,-439.25,-76.36,29.23
2668,-19.25,-493.66,-103.2,8.58
2669,-18.69,-477.41,-87.87,28.05
2670,-23.25,-507.53,-144.76,-32.53
2671,-7.58,-337.11,-63.94,71.46
2672,-6.69,-408.55,-89.56,47.46
2673,-32.93,-615.01,-95.91,16.98
2674,-20.76,-513.85,-101.61,21.23
2675,-22.1,-499.04,-94.95,-4.57
2676,-26.17,-487.15,-100.51,31.04
2677,-27.51,-493.57,-93.6,47.53
2678,-15.13,-501.77,-93.91,7.84
2679,-22.12,-471.58,-89.24,40.5
2680,-17.13,-466.6,-84.43,21.43
2681,-3.76,-462.95,-83.83,52.0
2682,-18.01,-489.76,-87.46,28.89
2683,1.86,-434.49,-99.49,14.47
2684,-9.81,-433.31,-93.84,8.75
2685,-30.99,-449.84,-77.96,50.85
2686,-22.6,-529.8,-87.13,39.71
2687,-8.69,-482.5,-98.1,10.46
2688,10.75,-447.52,-123.41,-35.87
2689,-33.69,-536.4,-66.82,71.87
2690,-25.79,-463.1,-94.77,17.42
2691,-17.82,-530.94,-89.42,29.71
2692,-14.33,-469.37,-93.86,-7.11
2693,-21.67,-482.03,-97.96,26.92
2694,-16.42,-499.32,-135.89,-7.35
2695,-18.87,-497.73,-101.78,24.36
2696,-24.12,-491.45,-78.46,27.23
2697,4.1,-393.18,-98.43,13.3
2698,-27.91,-462.57,-75.11,14.38
2699,-14.98,-458.74,-86.27,39.1
2700,-20.62,-400.93,-95.12,30.0
2701,-36.5,-531.85,-90.31,21.42
2702,-16.86,-485.39,-96.5,12.79
2703,-8.21,-453.58,-92.49,54.96
2704,-22.37,-451.48,-94.6,20.64
2705,-20.88,-443.64,-90.46,38.32
2706,-27.77,-514.22,-99.89,20.31
2707,-23.32,-491.08,-113.81,19.77
2708,-19.28,-489.53,-83.53,41.05
2709,-11.92,-522.74,-97.27,19.55
2710,-0.28,-398.31,-110.73,-24.81
2711,-16.13,-451.56,-119.38,107.49
2712,-21.24,-489.21,-86.92,-4.29
2713,-15.14,-508.51,-92.26,26.44
2714,-19.26,-459.65,-94.2,28.58
2715,-20.67,-486.31,-100.55,25.89
2716,-11.52,-484.84,-101.95,10.4
2717,-37.72,-579.87,-97.76,16.99
2718,-13.51,-474.4,-112.82,-20.08
2719,-6.28,-378.06,-96.25,9.89
2720,-13.53,-463.67,-104.03,28.78
2721,-27.1,-430.9,-92.02,31.73
2722,-24.88,-510.09,-110.75,35.23
2723,-33.98,-517.39,-95.32,22.99
2724,-14.81,-470.15,-103.92,35.37
2725,-13.73,-463.15,-104.83,13.98
2726,-21.26,-511.6,-96.98,3.1
2727,-28.2,-454.2,-76.81,50.96
2728,-19.95,-450.54,-105.83,17.27
2729,-27.06,-514.65,-106.36,25.36
2730,-34.4,-498.6,-99.36,17.09
2731,-6.27,-398.42,-91.78,12.07
2732,-18.16,-484.85,-73.82,71.56
2733,-27.26,-500.19,-100.61,-10.6
2734,-14.67,-413.16,-102.22,-2.62
2735,-15.21,-504.78,-123.38,22.02
2736,-21.9,-508.55,-79.59,31.29
2737,-22.27,-484.66,-100.16,28.31
2738,-26.53,-490.87,-91.0,20.98
2739,-22.66,-382.67,-93.6,24.1
2740,-24.67,-568.22,-97.14,15.45
2741,-18.83,-460.15,-96.21,37.19
2742,-16.71,-487.53,-103.05,-8.41
2743,-28.58,-500.01,-85.64,61.14
2744,-27.69,-492.08,-99.37,30.79
2745,-33.32,-461.5,-92.01,3.89
2746,-7.2,-445.11,-82.14,27.43
2747,-26.93,-494.0,-70.8,38.79
2748,-18.3,-472.4,-104.91,19.73
2749,-31.33,-489.0,-89.31,17.32
2750,-19.9,-477.03,-97.8,37.81
2751,-32.66,-490.02,-87.72,32.7
2752,-25.99,-466.0,-87.26,28.58
2753,-21.41,-482.56,-99.83,8.18
2754,-26.52,-550.9,-100.42,20.54
2755,-2.67,-249.56,-73.73,60.63
2756,-28.75,-570.62,-103.19,13.87
2757,-9.35,-409.12,-99.39,11.44
2758,-22.86,-585.17,-90.61,-5.53
2759,-9.19,-459.93,-146.04,4.03
2760,-18.78,-532.42,-77.71,14.65
2761,-12.62,-463.46,-72.19,43.79
2762,-11.61,-419.9,-92.91,-22.6
2763,-22.14,-508.45,-89.21,43.4
2764,-15.46,-494.71,-82.16,33.2
2765,-30.76,-565.5,-92.37,13.96
2766,-10.25,-421.19,-93.22,25.65
2767,-16.8,-445.7,-90.7,22.91
2768,-15.15,-490.88,-89.16,21.22
2769,-12.73,-370.54,-87.54,17.67
2770,-33.77,-603.69,-87.11,26.36
2771,-15.93,-453.42,-85.2,8.84
2772,-18.76,-474.82,-89.72,12.14
2773,-16.35,-510.5,-86.9,8.69
2774,-21.71,-524.52,-81.31,48.3
2775,-17.96,-452.66,-82.1,12.37
2776,-17.43,-483.64,-87.99,33.15
2777,-24.03,-509.97,-116.1,32.93
2778,-32.07,-537.03,-74.38,-1.23
2779,-14.05,-431.07,-96.01,25.92
2780,-13.9,-433.47,-84.79,26.06
2781,-23.39,-451.19,-102.16,8.27
2782,-8.27,-429.45,-97.59,-16.2
2783,-22.34,-428.83,-95.63,36.02
2784,-22.85,-519.54,-105.16,2.1
2785,-26.01,-557.76,-98.01,47.94
2786,-28.73,-521.64,-95.11,4.96
2787,-15.67,-461.29,-95.19,29.33
2788,-21.01,-515.3,-103.39,-8.82
2789,-23.21,-426.31,-81.23,55.16
2790,-14.22,-519.6,-84.06,47.09
2791,-32.29,-604.76,-105.17,12.82
2792,-15.05,-389.74,-92.28,20.46
2793,-22.46,-446.74,-88.67,18.91
2794,-25.59,-497.86,-91.02,7.39
2795,-21.02,-447.59,-94.47,28.07
2796,-28.34,-496.63,-121.08,4.67
2797,-30.88,-506.59,-68.17,52.53
2798,-27.14,-524.23,-93.69,21.48
2799,-27.39,-517.65,-82.33,17.58
2800,-17.93,-411.18,-90.63,21.27
2801,-14.42,-403.18,-96.2,2.96
2802,-7.45,-412.03,-85.2,24.58
2803,-15.4,-545.41,-88.72,3.44
2804,-26.11,-512.45,-112.72,15.94
2805,-17.99,-481.92,-100.91,31.83
2806,-28.33,-494.42,-96.07,27.11
2807,-22.73,-499.85,-97.42,23.41
2808,-25.15,-437.36,-105.87,9.95
2809,-30.46,-483.08,-148.44,-33.07
2810,-38.65,-555.51,-75.53,61.49
2811,-17.49,-436.84,-83.82,19.09
2812,-26.13,-537.77,-91.23,20.03
2813,-28.46,-519.88,-94.67,26.65
2814,-6.31,-407.58,-96.9,16.13
2815,0.44,-409.66,-125.43,14.98
2816,-38.23,-538.04,-85.14,31.77
2817,-34.0,-511.4,-82.46,13.03
2818,-17.76,-462.55,-108.6,5.77
2819,-15.87,-415.18,-95.28,-1.7
2820,-32.06,-534.16,-100.36,32.18
2821,-37.46,-538.24,-98.27,5.36
2822,-29.59,-470.65,-94.41,37.76
2823,-34.39,-537.71,-96.06,18.1
2824,1.37,-310.55,-106.79,-3.99
2825,-29.03,-529.02,-116.53,20.81
2826,-23.13,-533.43,-103.47,26.87
2827,-22.71,-493.0,-106.81,15.39
2828,-25.56,-517.82,-98.56,22.56
2829,-13.01,-431.9,-97.8,23.53
2830,-21.24,-474.36,-102.15,18.11
2831,-9.96,-459.58,-103.91,4.16
2832,-8.81,-492.0,-126.98,-21.23
2833,-26.25,-434.92,-94.22,41.13
2834,-39.14,-521.65,-95.98,-34.87
2835,-16.0,-390.59,-100.03,30.81
2836,-33.22,-544.93,-109.9,19.87
2837,-30.27,-604.24,-102.27,37.62
2838,-1.73,-312.91,-98.5,-3.8
2839,-30.54,-531.09,-84.71,25.86
2840,-15.12,-465.67,-78.42,9.37
2841,-22.84,-538.41,-102.66,12.08
2842,-8.48,-461.59,-109.27,-2.14
2843,-32.11,-547.72,-92.56,23.11
2844,-25.98,-457.86,-101.16,14.55
2845,-20.5,-443.22,-96.13,12.15
2846,-19.15,-453.39,-97.19,7.23
2847,-16.81,-476.33,-92.54,32.26
2848,-24.94,-483.43,-96.12,17.0
2849,-28.01,-489.37,-96.42,8.3
2850,-31.46,-516.8,-94.74,23.7
2851,-12.7,-462.46,-108.82,-25.0
2852,-21.67,-477.29,-90.42,24.14
2853,5.11,-404.7,-118.25,4.52
2854,-25.78,-467.98,-94.76,5.09
2855,-37.45,-568.84,-98.27,16.92
2856,-23.91,-525.62,-98.55,-5.29
2857,-0.33,-325.17,-97.25,5.35
2858,-32.34,-559.68,-85.89,1.39
2859,-28.7,-486.08,-100.58,35.26
2860,-21.87,-512.06,-84.08,16.81
2861,-1.2,-389.35,-129.93,-50.45
2862,-29.65,-662.71,-92.1,47.99
2863,-30.11,-405.14,-94.22,29.86
2864,-19.2,-445.58,-93.84,6.38
2865,-24.91,-492.22,-104.67,-1.74
2866,-26.14,-481.8,-97.31,17.81
2867,-29.35,-494.67,-96.81,8.76
2868,-18.32,-473.75,-99.61,5.13
2869,-23.22,-474.8,-98.95,9.76
2870,-17.45,-493.15,-102.78,5.35
2871,-23.47,-472.29,-97.74,0.21
2872,-17.64,-432.88,-97.04,4.23
2873,-27.89,-557.73,-103.61,-11.43
2874,-15.74,-462.46,-103.83,22.99
2875,-27.87,-437.81,-106.68,5.84
2876,-28.48,-533.77,-101.22,25.69
2877,-17.04,-444.4,-100.18,0.13
2878,-17.8,-453.72,-93.21,30.37
2879,-15.03,-500.7,-98.25,11.49
2880,-13.57,-482.38,-101.88,2.65
2881,-13.38,-480.98,-101.01,11.3
2882,-20.02,-474.29,-101.19,2.34
2883,-19.44,-485.44,-100.42,3.4
2884,-27.88,-513.05,-136.15,-11.33
2885,-40.88,-496.4,-84.5,50.59
2886,-5.74,-427.4,-111.06,20.75
2887,-23.98,-518.6,-97.42,5.91
2888,-20.49,-483.89,-107.49,5.43
2889,-25.74,-423.3,-108.57,2.54
2890,-25.97,-470.47,-106.63,19.85
2891,-23.47,-482.59,-99.81,17.82
2892,-19.41,-527.54,-102.45,9.13
2893,-1.46,-375.6,-124.31,-22.8
2894,-21.74,-478.91,-96.5,9.07
2895,-14.2,-404.74,-118.82,10.72
2896,-41.56,-670.52,-101.36,9.28
2897,-24.36,-475.78,-84.06,36.97
2898,-36.18,-551.32,-100.44,-13.83
2899,-4.79,-334.9,-78.57,63.99
2900,-25.05,-480.3,-113.17,8.04
2901,-29.5,-525.37,-104.64,11.49
2902,-20.52,-423.23,-100.99,11.7
2903,-18.28,-468.09,-104.58,-0.68
2904,-31.71,-519.44,-124.51,-2.85
2905,-19.09,-489.21,-92.73,54.89
2906,-24.04,-469.38,-105.47,-10.26
2907,-14.12,-417.03,-104.83,-0.86
2908,-25.63,-538.44,-110.38,-30.89
2909,-28.64,-559.52,-113.78,17.0
2910,-32.94,-529.01,-102.2,-6.35
2911,-25.18,-432.06,-92.04,39.08
2912,-17.86,-390.76,-100.63,5.25
2913,-31.88,-526.24,-112.41,23.77
2914,-20.04,-486.15,-111.8,-13.81
2915,6.13,-375.25,-99.9,21.85
2916,-31.0,-548.68,-93.73,-10.4
2917,-20.36,-473.86,-98.21,41.97
2918,-19.88,-472.87,-93.03,25.59
2919,-17.78,-469.15,-95.63,20.18
2920,-28.16,-505.83,-106.45,4.94
2921,-29.23,-538.92,-101.89,-0.55
2922,-16.54,-491.18,-106.13,-4.53
2923,-18.54,-475.92,-102.75,24.82
2924,-23.68,-479.86,-94.14,35.84
2925,-16.96,-445.32,-107.77,4.07
2926,-25.58,-487.42,-105.18,-1.74
2927,-24.91,-542.08,-109.36,46.89
2928,-21.02,-485.31,-95.67,4.0
2929,-16.57,-469.58,-91.75,28.71
2930,-0.6,-474.74,-102.0,13.74
2931,-20.08,-462.86,-109.33,2.52
2932,-22.78,-452.43,-97.86,10.03
2933,-31.12,-511.09,-104.69,16.95
2934,-22.51,-504.87,-117.14,5.6
2935,-18.34,-463.73,-92.57,-2.82
2936,-25.75,-506.09,-98.51,26.32
2937,-24.07,-486.06,-103.28,6.86
2938,-18.7,-483.86,-95.9,23.21
2939,-20.58,-465.0,-99.91,28.25
2940,-12.95,-439.47,-98.69,-4.3
2941,-19.47,-443.92,-99.48,-7.74
2942,-24.9,-493.43,-90.9,5.47
2943,-14.97,-375.14,-109.61,-5.82
2944,-22.01,-550.92,-107.07,-31.96
2945,-21.3,-538.28,-108.09,4.43
2946,-32.57,-565.81,-105.12,51.38
2947,-8.18,-413.37,-82.19,12.97
2948,-8.3,-432.29,-102.39,5.24
2949,-28.86,-528.67,-101.99,-15.98
2950,-22.2,-462.99,-109.01,10.78
2951,-30.3,-480.93,-101.16,19.64
2952,-25.83,-479.07,-107.16,8.73
2953,-22.25,-492.23,-109.33,16.43
2954,-8.71,-465.52,-90.68,3.58
2955,-20.31,-483.88,-95.66,23.42
2956,-27.31,-531.36,-107.99,-11.09
2957,-16.66,-506.38,-106.04,-8.28
2958,-13.32,-401.31,-101.43,8.46
2959,-20.56,-492.29,-95.8,5.49
2960,-30.63,-495.02,-101.36,15.11
2961,-14.97,-504.37,-101.84,-7.53
2962,-19.31,-458.03,-105.88,-4.57
2963,-24.43,-453.81,-109.15,-11.9
2964,1.36,-381.54,-89.02,48.41
2965,-24.39,-553.66,-94.58,5.67
2966,-26.88,-515.0,-95.24,13.34
2967,-22.95,-477.17,-99.09,5.33
2968,-38.73,-466.64,-101.15,3.71
2969,-39.5,-579.18,-96.43,10.11
2970,-19.49,-435.92,-112.68,-12.35
2971,-3.84,-433.89,-106.52,25.1
2972,-6.99,-467.73,-96.1,-33.09
2973,-20.49,-474.83,-100.03,3.82
2974,-25.85,-507.21,-89.08,14.84
2975,-20.99,-493.99,-94.92,7.81
2976,-29.1,-554.25,-104.99,7.14
2977,-10.98,-316.52,-92.21,15.64
2978,-6.84,-447.79,-94.76,9.49
2979,-10.97,-467.42,-96.76,9.7
2980,-12.16,-417.13,-97.76,9.05
2981,-36.02,-610.56,-98.78,-14.38
2982,-21.82,-526.35,-105.46,-0.62
2983,-19.17,-516.18,-107.56,16.56
2984,-9.73,-467.35,-87.61,-4.84
2985,-21.9,-461.99,-102.68,43.32
2986,-18.9,-443.99,-109.1,2.58
2987,-12.26,-504.34,-98.89,6.63
2988,-20.96,-449.79,-94.53,16.85
2989,-24.69,-498.09,-93.49,9.37
2990,-33.98,-482.45,-92.81,11.56
2991,-28.68,-525.89,-100.71,-1.99
2992,-3.67,-467.84,-110.99,3.35
2993,-2.46,-345.36,-109.29,0.13
2994,-34.19,-618.3,-90.96,8.05
2995,2.06,-431.22,-86.69,27.89
2996,1.69,-437.95,-89.07,20.62
2997,-7.93,-449.49,-93.26,10.18
2998,-22.57,-522.44,-92.52,14.96
2999,-13.99,-495.88,-95.53,19.11
