,ch1,ch2,ch3,ch4
0,-44.08,-383.85,-98.15,15.85
1,-0.01,-406.3,-112.3,12.01
2,-24.62,-450.91,-103.72,27.09
3,-10.42,-463.75,-100.77,17.4
4,18.72,-418.87,-109.49,15.14
5,-21.93,-513.15,-116.36,8.29
6,-20.28,-487.46,-94.9,29.46
7,-46.38,-530.57,-105.21,18.7
8,-44.65,-435.88,-117.82,14.65
9,-32.83,-555.31,-111.52,18.57
10,-25.97,-608.06,-111.25,16.42
11,-8.45,-362.15,-114.12,16.96
12,26.48,-438.41,-111.35,18.28
13,-26.92,-529.0,-103.34,14.73
14,-33.46,-452.81,-95.54,17.47
15,0.8,-317.6,-98.48,25.73
16,-38.1,-577.28,-109.19,14.24
17,5.6,-469.42,-109.98,14.73
18,-22.36,-459.85,-103.24,15.52
19,-26.9,-477.1,-102.9,31.28
20,-12.53,-534.58,-107.08,20.17
21,-24.11,-456.84,-111.08,13.51
22,-38.27,-509.17,-104.77,14.38
23,-32.16,-492.61,-100.73,16.31
24,-27.57,-498.04,-99.95,23.28
25,-22.0,-464.11,-102.85,17.52
26,-18.48,-491.48,-96.53,24.41
27,-32.62,-516.97,-101.9,21.44
28,-44.84,-601.24,-99.55,17.96
29,-6.38,-373.83,-108.39,20.63
30,6.17,-411.58,-90.33,22.62
31,-46.99,-506.23,-95.62,20.81
32,-18.43,-500.6,-103.82,27.08
33,-8.57,-403.57,-103.58,20.7
34,-2.4,-428.31,-109.45,17.27
35,-1.3,-368.04,-100.91,19.04
36,-43.18,-481.12,-95.3,28.46
37,-20.1,-532.74,-109.33,18.32
38,-31.06,-584.71,-90.19,26.33
39,-40.34,-507.64,-91.28,26.67
40,-28.8,-542.73,-90.05,20.25
41,-8.28,-381.77,-90.1,26.19
42,-42.7,-520.6,-88.64,24.98
43,-34.63,-594.8,-101.56,16.34
44,-23.55,-410.59,-103.34,24.76
45,-0.54,-400.24,-95.6,21.46
46,-4.93,-396.2,-102.47,18.16
47,-37.08,-462.11,-99.41,21.43
48,-42.72,-573.56,-98.89,13.31
49,3.18,-476.57,-91.19,14.54
50,-39.64,-482.48,-97.84,19.48
51,-19.54,-381.95,-96.08,9.81
52,-26.09,-465.35,-103.13,16.31
53,-38.14,-632.84,-87.12,22.34
54,17.85,-480.86,-104.7,15.17
55,7.68,-377.58,-105.35,26.15
56,-18.53,-457.1,-103.72,20.98
57,-35.86,-467.33,-95.81,20.98
58,-16.94,-488.23,-97.79,23.72
59,-16.0,-479.97,-94.89,15.58
60,-8.12,-464.1,-99.46,17.64
61,-8.57,-458.65,-112.28,16.91
62,-29.26,-434.03,-97.85,27.65
63,-43.46,-541.0,-95.93,34.06
64,-17.53,-472.97,-101.88,16.45
65,-18.55,-503.14,-105.59,18.53
66,-45.28,-563.51,-102.67,20.53
67,-49.43,-431.07,-96.35,18.23
68,-3.48,-440.2,-87.21,22.36
69,-18.38,-448.47,-104.09,20.54
70,-37.49,-502.86,-100.28,16.61
71,-9.59,-503.97,-95.46,22.17
72,-6.01,-440.59,-101.52,16.37
73,-29.91,-473.72,-100.46,17.91
74,-21.81,-477.69,-98.84,19.04
75,8.38,-473.71,-109.58,21.24
76,1.36,-449.46,-107.65,22.53
77,-37.09,-505.18,-105.8,17.65
78,-22.23,-571.45,-103.86,21.02
79,-44.18,-410.09,-106.06,15.61
80,-40.35,-471.53,-104.6,17.89
81,0.29,-466.99,-103.94,17.45
82,-27.45,-512.59,-97.71,26.34
83,-23.3,-483.53,-105.63,17.15
84,-16.02,-482.78,-108.08,19.1
85,-4.28,-406.82,-106.01,10.28
86,-34.18,-557.54,-88.87,24.82
87,-57.41,-497.13,-98.34,21.38
88,-3.77,-424.59,-92.79,26.79
89,3.8,-418.68,-103.17,22.32
90,-14.06,-531.02,-108.98,14.36
91,-42.45,-534.85,-88.4,30.99
92,-10.43,-509.35,-102.9,18.76
93,-18.68,-365.98,-99.79,16.75
94,-6.26,-447.08,-92.16,21.85
95,-30.09,-513.75,-102.04,28.58
96,-25.02,-539.25,-100.89,25.69
97,-19.71,-471.06,-96.29,26.81
98,-16.5,-488.47,-97.2,22.93
99,-18.32,-488.79,-96.44,22.82
100,-27.81,-473.04,-98.27,23.45
101,-28.73,-506.95,-103.17,14.82
102,-9.56,-443.54,-95.9,23.61
103,-4.27,-439.94,-91.52,26.24
104,-24.25,-505.63,-100.94,15.56
105,-40.61,-591.68,-107.13,20.09
106,-4.75,-428.67,-101.55,25.65
107,-3.3,-446.77,-94.06,25.15
108,-34.31,-482.89,-101.3,26.73
109,-17.45,-504.91,-103.24,30.53
110,-26.47,-492.1,-103.18,28.04
111,-17.48,-491.99,-104.4,25.83
112,-14.5,-496.52,-113.9,25.35
113,-12.23,-396.24,-108.75,19.64
114,-22.78,-549.82,-108.79,18.92
115,-25.9,-519.66,-109.99,24.31
116,-9.26,-423.68,-101.95,32.65
117,-27.14,-468.68,-103.78,25.16
118,-44.51,-502.3,-106.63,24.32
119,-12.89,-409.19,-117.78,19.98
120,-8.06,-371.01,-109.55,17.84
121,-11.19,-561.98,-98.29,21.46
122,-22.21,-477.65,-96.51,26.02
123,-39.14,-513.43,-97.88,23.96
124,-33.19,-489.42,-96.95,24.23
125,-0.96,-477.84,-106.86,25.0
126,-21.84,-525.9,-108.65,12.22
127,-0.29,-407.46,-100.8,18.62
128,-28.53,-489.53,-101.74,15.26
129,-10.06,-495.31,-100.04,30.4
130,-26.9,-399.94,-101.2,19.74
131,-36.69,-498.92,-104.89,16.97
132,-46.25,-505.5,-105.0,19.91
133,-15.67,-483.4,-99.8,30.22
134,-29.47,-467.03,-113.49,22.82
135,-8.32,-471.63,-111.06,19.39
136,-7.4,-420.48,-113.76,22.43
137,-1.87,-493.43,-106.86,26.62
138,-31.07,-519.74,-106.93,27.87
139,-25.24,-492.62,-99.34,23.34
140,-24.3,-458.93,-113.91,12.42
141,-35.98,-494.16,-93.05,21.04
142,-16.54,-537.83,-103.79,30.46
143,-35.74,-553.94,-105.89,26.37
144,7.84,-251.28,-99.29,25.91
145,17.58,-460.51,-105.65,24.26
146,-48.56,-533.87,-102.37,27.6
147,-35.98,-491.23,-106.86,25.2
148,-20.55,-459.79,-96.63,22.65
149,-20.27,-421.58,-103.1,19.66
150,-26.66,-376.92,-93.29,24.28
151,-39.47,-590.29,-112.23,16.73
152,-13.65,-495.9,-104.09,21.99
153,-30.09,-500.08,-96.72,20.07
154,-9.12,-496.08,-101.75,20.58
155,-4.81,-478.3,-111.55,15.8
156,-27.76,-538.53,-114.13,17.79
157,-55.02,-611.7,-107.65,12.93
158,7.56,-364.72,-103.67,18.79
159,-32.76,-434.24,-98.62,24.34
160,-27.59,-487.13,-100.37,17.28
161,-5.81,-426.36,-101.59,17.1
162,-0.03,-361.67,-110.87,17.57
163,-10.55,-481.49,-103.06,21.46
164,-37.69,-575.51,-106.05,24.47
165,-26.35,-457.15,-108.75,19.57
166,-33.91,-530.49,-101.53,25.39
167,-20.54,-493.39,-112.53,20.84
168,-23.54,-478.12,-111.46,22.87
169,-31.06,-515.55,-109.02,17.39
170,-41.54,-517.68,-109.05,20.16
171,-20.53,-456.25,-104.58,22.07
172,-22.92,-493.98,-107.96,22.69
173,-29.42,-469.11,-100.07,19.32
174,-27.95,-468.21,-107.56,18.44
175,-0.93,-475.25,-105.23,22.38
176,-32.81,-527.73,-101.37,24.08
177,-12.35,-409.37,-107.71,18.73
178,-19.96,-480.9,-104.62,19.44
179,-29.87,-491.28,-104.74,16.6
180,-39.22,-473.4,-98.71,22.5
181,-8.4,-452.29,-98.88,17.86
182,-20.13,-503.86,-112.25,19.34
183,-26.01,-505.04,-106.18,18.87
184,-28.86,-465.19,-102.79,14.59
185,-25.03,-476.34,-97.77,15.79
186,-30.28,-521.2,-103.06,19.66
187,-10.01,-372.43,-107.5,19.73
188,-12.72,-448.39,-109.62,12.25
189,-22.63,-504.41,-102.1,14.45
190,-35.98,-506.96,-99.61,17.02
191,-48.18,-506.01,-108.88,11.8
192,-12.55,-517.63,-107.91,11.5
193,-24.68,-463.51,-107.63,14.74
194,-22.88,-493.89,-106.57,12.51
195,-29.84,-465.31,-97.43,21.8
196,-26.98,-470.38,-106.11,24.83
197,-18.64,-504.47,-100.03,19.78
198,-23.69,-478.14,-102.28,18.18
199,-15.75,-473.48,-106.89,24.64
200,-31.23,-508.15,-96.38,16.38
201,-6.77,-471.2,-112.23,19.45
202,-16.24,-466.08,-105.87,19.8
203,-21.36,-509.89,-96.39,20.06
204,-27.28,-475.89,-98.5,16.41
205,-21.6,-464.53,-99.58,14.59
206,-10.47,-447.27,-107.5,21.63
207,-21.59,-473.26,-95.84,19.34
208,-21.61,-485.02,-102.27,12.21
209,-41.91,-475.73,-99.57,15.18
210,-7.31,-476.49,-102.86,12.79
211,-20.94,-480.11,-98.54,13.37
212,-32.15,-479.26,-98.23,14.41
213,-38.13,-475.3,-95.82,12.77
214,3.69,-446.64,-105.67,-4.42
215,-16.12,-484.25,-104.64,11.23
216,-26.44,-494.33,-98.63,23.53
217,-35.21,-475.39,-95.78,13.35
218,-0.7,-451.07,-98.48,10.65
219,-30.66,-491.29,-101.24,12.29
220,-29.34,-509.85,-102.33,6.93
221,-25.57,-497.89,-92.01,11.49
222,-16.89,-483.13,-97.8,11.67
223,-62.5,-491.71,-99.66,7.58
224,-11.89,-498.59,-105.82,5.53
225,-0.81,-456.14,-107.16,-0.39
226,-34.47,-459.34,-102.31,-3.32
227,-39.03,-434.03,-100.28,2.23
228,-10.77,-365.18,-102.49,-10.36
229,-8.66,-541.48,-102.01,20.09
230,-22.07,-528.13,-92.13,37.94
231,-17.3,-456.5,-100.64,10.76
232,-10.5,-393.88,-101.72,13.69
233,-57.12,-518.07,-92.79,15.91
234,-8.66,-484.31,-96.97,8.18
235,-2.83,-409.15,-98.49,8.51
236,-15.78,-426.22,-110.02,5.93
237,-48.67,-526.99,-97.55,19.6
238,-63.39,-498.21,-96.22,13.5
239,-10.15,-430.43,-96.82,12.59
240,-13.97,-487.01,-100.63,-0.47
241,-28.23,-383.62,-107.32,-0.32
242,-25.52,-415.75,-104.42,11.34
243,-12.71,-531.39,-102.28,11.19
244,-33.46,-488.96,-99.07,16.29
245,-12.04,-349.29,-107.4,0.81
246,-30.28,-464.64,-110.82,-4.93
247,-33.65,-526.56,-104.46,4.51
248,-44.88,-565.41,-103.87,5.36
249,-49.15,-545.48,-112.48,-4.48
250,-12.06,-364.97,-98.49,20.5
251,-33.05,-461.76,-91.95,23.47
252,-25.71,-469.41,-106.75,-4.53
253,-26.78,-376.23,-101.45,14.14
254,-30.42,-465.55,-101.21,14.65
255,-42.19,-569.93,-109.21,5.44
256,-51.96,-448.98,-110.43,-6.9
257,7.18,-400.86,-122.91,-21.75
258,-23.11,-404.31,-113.41,22.79
259,-55.19,-549.25,-99.54,33.76
260,-34.2,-541.58,-112.93,7.63
261,-12.94,-388.03,-113.47,-19.58
262,-2.49,-356.24,-114.17,-46.21
263,-60.92,-551.21,-89.01,29.17
264,-47.5,-457.33,-95.45,-8.76
265,2.94,-527.94,-107.37,-10.22
266,-21.78,-323.08,-92.7,9.82
267,-25.7,-472.5,-105.18,-28.26
268,-20.5,-509.7,-105.41,5.7
269,-19.61,-400.7,-109.94,10.31
270,-16.88,-403.68,-104.49,14.81
271,-57.28,-567.54,-92.13,39.58
272,-25.78,-425.34,-113.12,-2.9
273,-17.0,-342.37,-102.56,-17.34
274,-25.36,-423.93,-106.88,-14.54
275,-45.62,-514.27,-93.22,38.09
276,-16.48,-500.38,-137.87,-70.23
277,-35.25,-349.52,-98.3,11.19
278,-88.16,-571.23,-82.84,25.22
279,56.38,-427.97,-124.12,-66.92
280,-52.66,-417.85,-110.81,-30.98
281,40.87,-331.78,-144.41,-110.72
282,-87.45,-594.99,-60.05,65.19
283,-37.03,-581.35,-79.49,46.74
284,-53.38,-551.32,-98.88,-23.08
285,-56.09,-554.47,-80.62,11.81
286,-70.31,-597.88,-96.59,8.46
287,-20.89,-620.57,-86.14,4.17
288,1.48,-507.06,-94.71,-20.73
289,8.3,-430.17,-107.17,-25.92
290,-30.97,-532.12,-85.84,23.27
291,-39.69,-625.29,-106.37,-27.04
292,-34.21,-544.78,-97.2,24.83
293,-52.7,-449.75,-79.19,42.92
294,-20.11,-426.97,-97.97,-25.13
295,-57.95,-529.41,-82.94,22.2
296,-13.21,-375.38,-84.34,-19.32
297,-34.52,-445.2,-78.04,26.11
298,-48.14,-660.31,-76.46,33.04
299,-6.93,-412.36,-108.72,-52.28
300,-37.66,-486.88,-101.41,-26.29
301,-36.36,-397.36,-64.94,47.41
302,-36.96,-645.09,-68.46,9.79
303,-44.96,-574.94,-74.18,-3.37
304,5.51,-491.78,-99.33,-63.85
305,-15.35,-369.74,-86.53,-21.1
306,-48.22,-534.8,-57.19,50.79
307,9.14,-462.64,-112.06,-50.9
308,-32.48,-408.38,-67.78,23.06
309,-35.03,-573.99,-71.75,21.11
310,-26.04,-521.01,-81.51,6.06
311,-24.8,-282.53,-77.1,5.65
312,-44.99,-508.2,-67.09,26.78
313,-13.41,-534.15,-73.76,23.56
314,-32.05,-509.0,-90.56,-13.69
315,-21.22,-453.36,-83.98,-5.34
316,-27.41,-508.85,-104.01,-52.85
317,-8.45,-252.76,-80.21,-0.19
318,-57.88,-591.0,-53.99,36.35
319,-28.53,-457.68,-80.19,-2.75
320,29.77,-266.23,-102.56,-72.27
321,-54.87,-361.94,-55.12,59.35
322,-40.17,-600.13,-86.34,-0.78
323,-7.11,-483.33,-100.09,-43.5
324,-39.94,-513.7,-73.72,25.37
325,-18.35,-444.52,-75.32,13.59
326,-35.23,-439.93,-83.99,-14.86
327,-32.24,-470.51,-85.05,1.49
328,-36.48,-507.76,-86.36,-9.24
329,-9.13,-448.93,-89.55,-13.67
330,-3.05,-350.09,-70.49,29.24
331,-40.89,-485.59,-86.52,15.02
332,-38.28,-616.97,-81.66,-9.39
333,-18.37,-412.77,-97.04,-39.63
334,-28.0,-374.95,-74.18,10.17
335,-20.83,-620.29,-101.1,-21.84
336,5.3,-306.23,-90.04,-42.91
337,-8.65,-466.45,-76.14,4.41
338,-52.86,-599.04,-66.78,37.66
339,-18.83,-449.38,-80.64,16.39
340,-13.79,-486.6,-81.03,32.07
341,-40.27,-584.86,-83.15,21.32
342,-9.51,-394.46,-89.19,-9.28
343,-26.18,-434.82,-82.15,16.3
344,-6.44,-418.77,-103.96,-29.26
345,-51.32,-563.02,-84.5,15.59
346,-8.53,-316.26,-78.72,17.18
347,-17.83,-532.83,-85.73,16.27
348,-14.2,-408.68,-77.35,4.61
349,-5.22,-538.56,-112.48,-44.82
350,-31.11,-535.83,-72.14,37.31
351,-33.66,-510.99,-80.64,18.39
352,-25.72,-543.13,-93.95,-2.54
353,-0.18,-497.16,-107.05,-32.59
354,-11.22,-402.19,-88.32,18.59
355,-22.97,-466.39,-62.96,3.54
356,-20.97,-551.09,-104.51,-15.66
357,-26.54,-410.23,-93.23,18.33
358,-15.13,-510.84,-89.08,10.49
359,17.27,-312.72,-120.96,-76.27
360,-27.5,-292.46,-78.13,17.28
361,-28.45,-610.22,-90.71,7.54
362,-20.39,-530.31,-97.96,16.06
363,-25.98,-539.89,-97.6,-0.13
364,-21.31,-528.35,-111.86,-25.91
365,-18.96,-458.76,-83.29,24.24
366,-26.54,-391.86,-69.97,46.21
367,-34.6,-541.68,-71.92,-2.75
368,-2.7,-440.24,-112.41,-22.82
369,-7.15,-490.97,-115.05,-34.12
370,-56.66,-493.86,-66.79,52.58
371,-8.66,-398.76,-102.72,-1.58
372,6.18,-420.66,-93.97,26.77
373,-12.95,-451.52,-97.93,14.0
374,-68.86,-605.3,-66.03,39.87
375,25.62,-496.25,-95.77,-49.29
376,-31.21,-418.67,-71.78,55.49
377,-30.45,-523.14,-88.9,8.94
378,-14.34,-419.76,-88.57,18.07
379,-10.52,-414.54,-95.88,14.37
380,-8.67,-482.5,-86.15,11.47
381,-18.68,-547.53,-102.36,1.91
382,0.19,-437.72,-108.26,25.69
383,-31.1,-497.64,-93.2,10.16
384,-14.98,-382.94,-93.03,-28.08
385,-38.26,-594.74,-62.41,29.68
386,11.5,-463.64,-96.91,14.6
387,19.47,-412.63,-162.32,-30.28
388,-54.85,-597.52,-76.79,121.18
389,-28.49,-468.16,-74.41,-1.88
390,-14.54,-409.61,-78.4,31.35
391,17.17,-421.64,-97.16,-16.55
392,-25.7,-548.42,-71.57,73.3
393,7.6,-324.82,-96.23,11.44
394,-17.37,-573.61,-85.81,35.64
395,-6.37,-473.33,-95.3,40.41
396,-13.56,-500.46,-100.76,-19.8
397,-43.89,-528.44,-84.34,31.88
398,-16.98,-521.07,-119.39,-24.06
399,-22.0,-540.01,-80.28,49.72
400,12.77,-402.63,-84.92,25.02
401,-16.21,-452.77,-79.23,31.29
402,1.57,-410.12,-111.79,-16.7
403,-16.65,-520.83,-87.37,-17.75
404,-13.37,-474.08,-102.17,21.09
405,-11.16,-364.84,-127.15,29.25
406,-30.16,-497.02,-72.97,84.17
407,-10.4,-446.05,-76.38,29.32
408,-0.45,-552.62,-101.07,4.5
409,-6.15,-470.3,-86.92,15.19
410,-17.24,-463.52,-75.56,34.72
411,10.75,-434.03,-116.74,-17.51
412,-26.95,-618.41,-89.29,49.15
413,-28.09,-484.33,-102.63,14.85
414,-10.84,-360.67,-143.06,29.28
415,10.02,-497.16,-104.46,-1.57
416,-40.45,-516.28,-56.88,114.3
417,-30.55,-483.54,-110.71,8.19
418,-18.68,-464.89,-54.55,64.42
419,-10.9,-477.45,-124.37,17.38
420,6.02,-429.39,-107.83,-2.9
421,-25.21,-499.41,-76.16,1.02
422,-2.11,-310.47,-83.15,29.47
423,-13.4,-570.06,-95.18,15.09
424,-34.56,-423.82,-96.41,26.49
425,-19.55,-496.77,-99.52,35.76
426,-7.5,-369.41,-93.6,5.87
427,8.28,-509.95,-105.52,-10.8
428,-33.88,-495.54,-73.56,57.74
429,-9.74,-440.06,-94.09,53.4
430,8.77,-465.12,-117.03,-21.78
431,-19.74,-404.37,-84.15,-18.55
432,-21.34,-515.87,-160.06,47.29
433,-18.82,-501.81,-74.68,31.94
434,-19.68,-490.32,-110.5,33.89
435,6.83,-384.09,-165.87,66.17
436,-19.14,-474.55,-63.25,58.77
437,-10.38,-467.55,-86.83,6.47
438,-6.72,-378.64,-100.16,13.16
439,-35.82,-534.17,-71.72,14.61
440,-31.08,-493.04,-82.82,60.68
441,12.95,-413.9,-42.46,89.03
442,-8.51,-467.61,-108.78,20.77
443,-14.92,-449.08,-83.51,31.39
444,-18.61,-544.94,-96.48,25.85
445,-30.43,-516.0,-88.84,37.98
446,-19.99,-464.9,-100.15,6.15
447,8.27,-335.33,-82.74,41.01
448,1.99,-496.9,-93.27,46.53
449,-6.36,-431.63,-91.72,5.65
450,-28.85,-574.58,-88.02,68.9
451,-13.86,-468.36,-110.97,19.93
452,-4.5,-490.41,-76.38,24.17
453,-21.37,-423.02,-99.22,40.85
454,-9.72,-452.65,-89.0,18.28
455,11.22,-478.26,-142.45,24.46
456,-14.21,-399.48,-59.14,4.39
457,-34.96,-501.08,-44.13,124.76
458,-48.94,-517.94,-101.76,-2.68
459,-8.49,-533.25,-83.69,70.57
460,-2.27,-482.11,-96.61,21.39
461,-35.43,-548.85,-190.79,2.84
462,23.14,-306.11,-91.58,-1.43
463,-3.27,-469.35,-53.99,64.8
464,-23.39,-481.0,-103.19,38.43
465,3.84,-345.6,-90.63,56.15
466,-18.48,-490.7,-78.14,62.6
467,-15.4,-506.23,-95.12,45.78
468,-4.52,-337.57,-113.93,-3.52
469,-10.54,-543.19,-92.73,22.28
470,-42.12,-603.78,-81.31,62.92
471,-25.79,-521.02,-83.12,62.09
472,-10.65,-456.64,-99.1,1.65
473,-17.81,-427.81,-81.78,31.27
474,-6.78,-412.91,-69.25,58.42
475,-31.03,-543.13,-102.92,50.12
476,-40.89,-480.4,-93.48,-2.36
477,0.8,-450.0,-120.3,78.23
478,-3.82,-481.02,-73.87,43.0
479,-12.0,-430.97,-105.84,20.83
480,-24.29,-418.35,-49.06,58.19
481,-43.09,-561.98,-87.54,16.92
482,25.84,-343.62,-118.16,-50.66
483,-36.42,-586.73,-57.63,72.39
484,-22.54,-394.31,-99.6,30.88
485,-38.29,-522.57,-96.51,50.04
486,-18.62,-497.54,-55.57,69.53
487,-13.42,-502.87,-111.87,-19.04
488,-13.25,-540.95,-70.79,13.63
489,-20.57,-385.82,-80.78,16.66
490,-7.91,-439.45,-75.59,84.05
491,-3.75,-420.69,-157.31,21.05
492,8.01,-244.97,-95.83,7.37
493,-59.65,-742.87,-99.17,71.86
494,-12.85,-530.81,-71.6,-16.11
495,-29.71,-507.14,-86.4,51.56
496,-35.39,-513.31,-89.13,71.62
497,-8.92,-466.29,-101.46,-21.47
498,-12.12,-494.12,-93.25,33.92
499,-6.13,-398.39,-132.77,-7.46
500,-7.75,-487.32,-84.19,23.98
501,-15.05,-542.03,-104.85,22.06
502,-30.59,-469.16,-93.66,17.26
503,-49.7,-580.16,-81.27,56.44
504,16.93,-365.53,-84.32,31.77
505,20.52,-276.0,-124.99,-6.72
506,-53.22,-475.73,-82.2,84.37
507,-38.78,-517.6,-85.81,86.98
508,-23.69,-628.01,-121.31,-7.14
509,-14.81,-449.29,-90.62,31.56
510,-0.99,-430.95,-77.27,62.06
511,-18.61,-514.23,-96.19,-3.47
512,-25.51,-512.25,-108.01,17.31
513,-12.73,-419.26,-135.42,83.91
514,-24.26,-463.94,-88.6,-14.04
515,-24.77,-523.81,-117.3,34.71
516,7.94,-484.74,-110.68,-3.7
517,-25.03,-509.14,-136.09,-4.42
518,-29.28,-448.76,-105.06,62.59
519,-17.37,-479.99,-72.04,35.17
520,-2.12,-460.27,-105.98,-3.85
521,-20.81,-440.97,-99.0,24.32
522,-14.31,-524.62,-118.31,25.49
523,-18.35,-502.07,-114.0,8.81
524,-31.7,-300.62,-89.86,85.59
525,-27.87,-591.38,-99.45,19.18
526,2.9,-381.69,-91.54,7.95
527,-24.59,-561.92,-104.9,88.64
528,-18.09,-489.08,-93.42,15.0
529,-15.66,-500.23,-100.09,14.65
530,-5.91,-477.25,-109.26,15.46
531,-37.62,-463.22,-81.78,49.94
532,-31.49,-500.4,-106.98,32.15
533,-19.98,-457.38,-102.73,26.93
534,-9.24,-486.81,-124.69,24.35
535,-19.1,-514.57,-73.84,49.05
536,-25.15,-468.45,-113.16,-20.67
537,-24.23,-499.57,-109.12,57.72
538,-10.38,-419.1,-103.67,13.37
539,4.91,-507.38,-129.25,2.39
540,-34.96,-455.07,-161.14,64.38
541,-30.02,-501.54,-90.12,39.03
542,-42.09,-535.66,-101.06,0.46
543,-2.65,-414.36,-85.14,42.42
544,-19.09,-498.34,-87.45,67.7
545,-35.38,-553.06,-103.43,38.52
546,-1.57,-291.04,-113.64,-5.63
547,-36.5,-472.05,-114.39,46.28
548,7.69,-434.88,-113.12,-13.29
549,-37.56,-559.97,-60.0,130.67
550,-21.44,-510.58,-106.53,42.49
551,-13.5,-530.12,-100.84,20.2
552,-30.72,-491.61,-137.45,-4.2
553,-27.46,-492.25,-110.89,51.51
554,12.84,-381.42,-94.68,-3.2
555,-37.05,-519.1,-96.38,71.02
556,-30.17,-527.35,-103.46,24.58
557,4.15,-422.52,-107.29,7.37
558,-33.08,-486.0,-108.37,56.92
559,-25.5,-518.4,-84.23,40.5
560,19.34,-294.59,-103.94,23.71
561,-15.19,-487.78,-102.65,30.41
562,-33.08,-568.47,-92.61,66.38
563,-16.23,-474.09,-103.16,41.0
564,-3.12,-494.2,-132.77,5.74
565,-7.1,-460.12,-114.8,-0.34
566,-37.0,-527.67,-86.27,72.83
567,-18.0,-447.53,-100.77,22.01
568,-9.29,-488.38,-115.64,-1.61
569,-25.67,-478.61,-70.37,54.94
570,-14.94,-472.06,-109.33,10.7
571,-23.25,-447.15,-137.52,15.62
572,-34.9,-457.93,-82.22,78.0
573,-17.51,-416.64,-97.23,0.21
574,-12.92,-512.23,-99.8,63.78
575,-17.83,-505.67,-109.37,37.65
576,-13.65,-471.05,-148.79,-27.12
577,-28.21,-509.36,-86.61,74.78
578,-14.39,-517.22,-112.71,17.58
579,-25.35,-462.81,-110.17,7.73
580,-23.83,-411.21,-76.28,47.55
581,-18.32,-511.23,-99.72,29.48
582,-6.66,-467.05,-109.43,32.61
583,0.92,-382.09,-134.53,34.61
584,-27.81,-580.16,-100.06,8.94
585,-0.68,-432.82,-98.61,8.67
586,-11.72,-469.32,-101.55,-11.62
587,-24.07,-411.12,-95.14,48.98
588,-20.91,-505.76,-129.36,-10.86
589,-12.39,-495.85,-92.54,38.02
590,-22.22,-470.76,-77.93,39.49
591,-16.45,-454.73,-94.97,46.98
592,-3.88,-394.18,-95.72,27.86
593,-38.27,-567.66,-71.27,52.9
594,-15.85,-443.59,-98.88,47.46
595,-34.78,-474.63,-93.76,40.27
596,-12.86,-522.68,-102.29,4.79
597,3.34,-456.18,-115.27,10.07
598,-11.32,-505.23,-99.01,25.05
599,-38.7,-486.19,-77.15,58.18
600,-22.67,-453.69,-155.74,-24.25
601,-29.83,-315.99,-64.96,63.56
602,-12.08,-516.21,-93.07,50.26
603,-28.25,-565.38,-97.95,25.33
604,-1.09,-463.98,-117.06,-9.67
605,-13.71,-424.43,-90.55,74.88
606,-24.82,-457.34,-89.0,27.01
607,-16.72,-480.12,-106.82,-11.3
608,-12.59,-414.89,-112.66,12.12
609,-25.28,-471.02,-74.88,79.65
610,-17.98,-447.67,-116.89,-19.59
611,-27.19,-531.07,-96.15,51.68
612,-31.34,-534.74,-114.54,41.02
613,-32.16,-471.11,-85.74,51.65
614,-4.25,-486.56,-113.23,-35.38
615,-27.47,-497.16,-104.39,23.65
616,-3.27,-382.66,-80.96,44.54
617,-16.36,-492.85,-112.55,27.95
618,-28.38,-479.97,-101.57,12.4
619,-36.49,-627.62,-117.03,23.32
620,-20.92,-394.61,-65.35,61.95
621,1.19,-479.61,-104.02,-12.31
622,-2.4,-471.0,-86.64,69.99
623,-12.89,-437.79,-111.51,21.33
624,-6.96,-474.09,-121.59,-10.43
625,-32.28,-467.45,-93.97,36.57
626,-25.31,-483.51,-157.54,5.96
627,-20.4,-508.3,-140.01,13.37
628,-22.82,-535.04,-81.75,4.5
629,-24.89,-501.4,-102.25,-6.6
630,-19.31,-448.86,-115.27,19.83
631,-19.16,-409.07,-66.2,60.46
632,-13.2,-467.55,-89.74,23.42
633,-5.94,-431.94,-74.62,23.28
634,-33.21,-470.97,-103.5,41.96
635,-11.96,-474.71,-94.24,19.23
636,-35.14,-559.14,-107.81,17.77
637,-13.79,-418.04,-112.89,0.86
638,21.46,-377.4,-92.47,28.2
639,-14.2,-526.56,-111.0,7.82
640,-53.53,-479.84,-86.41,57.59
641,-22.66,-525.7,-94.52,29.07
642,-7.41,-469.2,-97.99,-5.49
643,-17.44,-506.16,-113.37,16.37
644,-17.81,-387.15,-99.1,9.68
645,0.03,-518.08,-107.96,-20.83
646,-9.8,-416.96,-111.92,16.87
647,-31.07,-492.04,-72.65,77.72
648,-16.74,-508.02,-90.51,11.72
649,-15.03,-479.31,-101.3,36.98
650,-29.32,-606.54,-106.33,-16.61
651,-0.8,-390.36,-110.98,19.68
652,-47.73,-509.61,-110.95,48.4
653,-31.23,-488.75,-109.07,12.53
654,5.48,-415.19,-108.78,25.26
655,-25.85,-508.27,-52.54,93.33
656,4.76,-421.95,-121.21,-32.7
657,-35.21,-423.74,-95.47,12.39
658,-26.34,-459.85,-91.78,23.16
659,-13.21,-501.19,-97.34,21.88
660,-16.1,-505.91,-93.59,29.01
661,3.47,-471.16,-131.23,-64.37
662,6.37,-444.59,-108.39,-2.5
663,-56.97,-530.72,-84.91,77.57
664,-35.97,-475.59,-94.27,43.9
665,-11.4,-460.66,-82.71,25.4
666,-29.86,-580.13,-89.71,39.6
667,-12.36,-488.95,-120.71,-29.27
668,-11.09,-371.53,-95.91,40.79
669,1.51,-332.44,-118.45,-41.38
670,-10.71,-476.55,-90.47,33.83
671,-23.05,-505.88,-148.56,2.31
672,-30.92,-538.49,-111.65,88.24
673,-16.43,-426.52,-102.79,-19.99
674,-39.51,-594.75,-98.18,-46.48
675,2.23,-442.37,-104.1,-6.55
676,-34.35,-501.35,-67.51,91.53
677,-8.99,-518.12,-87.2,26.8
678,-24.14,-471.32,-124.56,9.95
679,-9.34,-498.71,-132.54,85.56
680,-43.89,-535.64,-254.32,-54.29
681,6.34,-253.96,-76.22,-37.19
682,-7.31,-449.08,-95.61,-9.67
683,-23.25,-432.3,-53.12,68.03
684,-27.29,-565.02,-164.26,-4.58
685,-7.44,-518.53,-110.9,-34.16
686,2.25,-413.84,-113.76,-19.03
687,-60.17,-593.41,-63.58,46.55
688,-15.56,-451.25,-51.54,79.87
689,-5.05,-446.82,-121.11,-56.76
690,-15.0,-413.43,-81.37,87.64
691,-25.17,-539.93,-106.45,38.48
692,-14.76,-538.63,-108.75,-20.88
693,-14.15,-406.73,-86.93,-3.3
694,-22.96,-556.49,-94.49,43.57
695,-16.27,-479.28,-121.36,-14.99
696,-23.13,-475.15,-102.45,68.51
697,-24.86,-435.94,-96.07,-37.23
698,-20.9,-484.32,-77.8,81.8
699,-9.13,-505.19,-158.78,-76.69
700,-22.63,-432.51,-68.36,74.04
701,-29.2,-483.37,-96.28,18.9
702,-17.59,-434.37,-163.21,-30.01
703,-5.33,-420.14,-153.48,21.3
704,-45.12,-438.84,-66.83,73.64
705,-0.96,-416.13,-66.72,21.61
706,-26.8,-541.79,-89.06,2.37
707,-26.14,-502.72,-83.13,24.56
708,5.55,-330.48,-103.85,-26.46
709,-7.14,-443.52,-66.26,76.72
710,-21.76,-466.2,-104.02,12.62
711,-31.71,-490.95,-75.98,17.22
712,-24.5,-590.73,-78.12,57.49
713,-17.03,-554.2,-110.18,15.54
714,10.88,-314.37,-100.87,-27.05
715,-45.33,-584.98,-75.79,69.07
716,-20.43,-428.85,-64.93,60.55
717,-6.42,-438.29,-100.73,27.82
718,-11.87,-513.1,-99.74,42.39
719,-24.23,-446.34,-148.5,-47.15
720,-12.28,-505.69,-82.44,51.01
721,-12.06,-496.88,-121.21,-49.01
722,-9.84,-414.06,-107.62,28.21
723,-40.96,-546.67,-122.19,56.51
724,-19.84,-494.93,-62.96,43.14
725,-13.06,-484.51,-92.44,25.17
726,10.13,-450.25,-88.27,-12.17
727,-19.78,-470.74,-109.14,41.77
728,-45.48,-488.85,-98.65,40.53
729,-7.49,-470.25,-98.44,14.7
730,-10.8,-424.11,-82.58,72.43
731,-12.55,-442.21,-91.88,34.64
732,-42.91,-616.27,-102.3,35.64
733,-0.42,-319.24,-76.4,9.25
734,-6.53,-477.86,-63.0,37.94
735,-6.23,-503.23,-126.68,-2.45
736,-25.71,-612.66,-126.13,58.67
737,-17.21,-301.45,-80.22,2.82
738,-2.31,-486.27,-95.04,15.56
739,-32.71,-593.18,-122.22,26.7
740,-15.85,-498.88,-73.69,29.93
741,-5.17,-412.97,-84.55,27.6
742,-11.37,-399.26,-71.58,41.31
743,-10.5,-531.61,-128.51,24.05
744,-16.88,-548.96,-140.75,-0.57
745,-13.24,-483.83,-64.07,34.19
746,-10.85,-443.83,-77.89,40.89
747,-5.47,-477.51,-94.54,14.19
748,-22.7,-495.72,-104.99,32.44
749,-26.8,-421.32,-79.0,74.87
750,-33.84,-473.88,-77.24,4.95
751,7.59,-402.87,-104.75,31.7
752,-9.85,-495.4,-58.3,71.36
753,-13.63,-511.83,-102.7,18.82
754,-20.15,-521.38,-87.75,20.79
755,-18.65,-498.41,-85.53,46.79
756,-6.65,-489.62,-92.1,3.79
757,-0.7,-495.69,-108.01,-18.29
758,-52.16,-587.94,-72.38,72.57
759,-7.95,-251.26,-126.73,21.54
760,0.81,-476.21,-71.12,94.81
761,-21.4,-540.7,-82.68,20.28
762,-7.89,-460.83,-101.41,108.68
763,-28.59,-594.66,-77.17,-7.84
764,-4.79,-396.62,-92.29,41.17
765,-25.52,-539.61,-89.18,40.81
766,-28.52,-503.53,-91.55,37.76
767,-20.91,-492.77,-93.97,41.9
768,-7.04,-478.29,-104.38,3.35
769,-6.14,-463.07,-93.91,6.6
770,-3.85,-445.26,-175.06,36.41
771,-22.24,-553.36,-46.72,87.21
772,-39.27,-559.91,-97.41,22.37
773,9.15,-277.18,-114.88,86.71
774,-18.11,-402.71,-99.65,-13.33
775,-18.64,-567.38,-79.35,61.98
776,-8.42,-496.34,-83.61,57.33
777,-16.22,-491.11,-88.72,46.26
778,-5.97,-494.55,-101.9,34.84
779,10.74,-462.06,-133.6,-17.24
780,-10.33,-467.6,-96.73,35.15
781,-4.68,-421.61,-129.98,18.0
782,-48.54,-512.36,-79.38,94.52
783,1.59,-324.16,-85.66,41.89
784,-8.52,-552.5,-94.86,66.28
785,-22.72,-551.22,-76.48,51.38
786,-18.9,-520.67,-97.87,63.43
787,-6.37,-378.21,-100.13,-62.07
788,-17.3,-455.64,-92.1,103.1
789,-21.44,-584.15,-91.73,52.69
790,-14.03,-505.4,-134.87,12.16
791,-33.6,-516.99,-129.63,57.15
792,-22.54,-494.04,-104.03,45.02
793,-19.99,-549.01,-92.26,23.81
794,-15.07,-412.15,-120.37,3.78
795,-15.4,-528.44,-94.43,53.83
796,19.89,-362.22,-108.55,-4.72
797,-20.15,-466.48,-87.05,107.13
798,-3.88,-393.34,-139.96,-10.65
799,-6.32,-435.98,-80.07,75.4
800,-28.09,-600.04,-92.52,63.26
801,-11.0,-449.98,-96.52,8.77
802,-32.68,-551.27,-84.78,35.75
803,2.71,-448.4,-126.02,-56.14
804,-17.58,-494.94,-71.1,158.14
805,1.08,-459.72,-133.84,-29.04
806,-6.18,-420.23,-87.22,39.88
807,-18.42,-412.38,-83.01,69.94
808,-12.02,-522.98,-115.62,15.16
809,-14.47,-436.11,-128.04,61.15
810,-1.65,-582.24,-149.32,50.02
811,-4.51,-474.63,-116.72,53.94
812,-26.02,-480.69,-61.31,86.91
813,-38.98,-522.29,-82.56,38.01
814,19.32,-361.55,-125.04,-22.5
815,-16.08,-526.41,-103.07,33.89
816,-6.75,-430.63,-119.98,24.91
817,-24.47,-580.2,-181.21,-52.23
818,17.25,-260.65,-122.2,45.53
819,-3.06,-279.81,-90.43,66.93
820,-38.42,-663.43,-85.73,52.42
821,-2.44,-510.84,-162.49,15.0
822,-27.49,-468.75,-148.32,92.61
823,-25.88,-588.13,-64.08,-7.2
824,-19.27,-556.01,-89.31,37.43
825,-2.1,-415.29,-81.31,52.58
826,-20.98,-474.06,-86.49,46.25
827,-23.83,-514.18,-105.59,56.08
828,-7.29,-424.62,-101.9,18.03
829,3.92,-476.82,-111.24,41.6
830,10.65,-410.74,-83.45,-2.23
831,-16.26,-497.94,-100.56,38.51
832,-24.23,-503.82,-97.84,29.39
833,-4.16,-493.56,-96.97,53.19
834,-13.64,-508.21,-107.55,7.26
835,-23.06,-413.68,-94.89,41.28
836,-18.85,-554.92,-90.57,46.32
837,17.37,-410.99,-89.15,-21.71
838,-30.2,-545.14,-79.72,89.01
839,-29.78,-567.39,-105.02,71.24
840,12.28,-421.56,-97.83,69.86
841,-2.37,-386.53,-106.5,47.62
842,-27.26,-449.3,-120.54,22.94
843,-9.76,-531.07,-126.94,16.13
844,-8.06,-508.42,-144.31,97.45
845,-14.87,-489.44,-60.27,3.63
846,-17.78,-470.54,-98.91,17.2
847,-1.03,-434.24,-98.28,-33.03
848,-16.31,-483.94,-88.7,89.35
849,-10.48,-539.52,-88.12,29.13
850,16.3,-380.42,-82.09,40.3
851,-69.11,-674.75,-127.49,64.18
852,-7.47,-376.34,-94.64,46.1
853,-6.93,-452.96,-88.57,61.43
854,8.67,-441.58,-115.23,45.86
855,-11.67,-478.14,-108.0,49.43
856,-7.96,-348.05,-97.16,6.51
857,-1.48,-476.38,-103.6,67.63
858,-43.09,-525.62,-154.57,54.06
859,-1.19,-508.41,-71.04,55.05
860,6.92,-494.67,-124.59,-67.51
861,-57.36,-605.71,-80.79,2.96
862,-5.22,-458.9,-154.86,52.6
863,-8.88,-426.34,-57.57,66.68
864,-4.03,-421.65,-107.81,20.09
865,-26.82,-505.94,-103.68,80.91
866,-14.73,-525.5,-97.75,36.62
867,2.65,-461.34,-83.3,41.36
868,-12.15,-451.38,-118.82,62.26
869,-6.61,-358.78,-117.11,5.23
870,-17.63,-471.77,-111.44,-18.16
871,-37.82,-597.1,-150.67,52.2
872,-27.22,-576.06,-47.12,91.27
873,-0.68,-442.25,-100.03,-5.85
874,7.91,-307.52,-95.34,36.31
875,-16.96,-567.13,-99.5,3.34
876,-8.75,-464.58,-105.81,26.03
877,-7.15,-324.96,-130.56,55.71
878,-37.11,-610.23,-96.19,70.96
879,-7.49,-524.13,-86.44,29.39
880,16.68,-335.16,-153.41,8.32
881,-24.87,-556.63,-77.07,53.43
882,-32.9,-558.22,-82.7,53.32
883,-5.98,-447.86,-128.16,-48.78
884,-24.39,-481.71,-77.82,63.71
885,-4.79,-475.86,-100.28,77.14
886,-10.5,-446.25,-96.11,16.15
887,-12.77,-489.52,-117.81,-36.2
888,-45.5,-599.77,-106.05,53.82
889,13.28,-257.75,-97.39,-17.83
890,-22.36,-459.05,-81.34,59.52
891,-28.65,-555.16,-108.49,52.49
892,-15.54,-506.18,-93.56,19.9
893,-0.63,-341.07,-141.53,-5.18
894,-32.5,-583.13,-112.47,69.08
895,-19.91,-489.71,-106.95,52.54
896,0.93,-443.86,-103.82,-32.93
897,-25.23,-376.19,-82.94,26.02
898,-10.8,-586.7,-199.5,-66.26
899,6.37,-446.88,-76.49,35.65
900,-36.83,-444.9,-68.9,31.82
901,-49.76,-575.96,-76.46,82.08
902,25.92,-329.05,-196.61,-28.1
903,13.0,-485.81,-64.83,47.64
904,-52.59,-375.93,-73.82,41.07
905,-39.29,-587.93,-75.2,85.69
906,-26.93,-456.67,-86.31,58.44
907,9.78,-416.7,-96.19,53.02
908,-32.4,-640.64,-122.47,-11.43
909,-22.91,-489.17,-90.71,56.43
910,13.64,-419.99,-108.44,-78.64
911,-40.44,-451.04,-74.61,81.12
912,-35.33,-573.25,-146.36,-1.4
913,-7.89,-442.36,-69.79,17.08
914,28.39,-318.98,-146.49,-84.63
915,-55.03,-614.52,-59.54,115.31
916,-10.71,-368.01,-107.01,65.95
917,-27.85,-598.86,-138.5,20.17
918,-15.58,-407.97,-97.29,73.21
919,-7.85,-475.63,-87.24,7.85
920,-10.52,-436.7,-76.15,36.89
921,-41.61,-477.71,-103.43,46.58
922,-13.5,-497.1,-75.71,38.87
923,-22.47,-575.09,-122.67,-30.39
924,9.65,-283.41,-117.93,50.11
925,-33.87,-531.76,-58.04,60.61
926,1.51,-496.13,-119.83,-14.47
927,-22.05,-443.02,-72.85,64.86
928,-8.69,-426.02,-94.72,43.4
929,-33.88,-502.95,-86.29,28.63
930,-1.01,-582.11,-99.89,-5.54
931,-11.36,-457.11,-104.02,-16.65
932,-37.41,-579.64,-149.78,0.95
933,-17.0,-331.18,-60.97,73.96
934,-27.2,-413.69,-110.58,25.25
935,4.76,-447.57,-99.8,50.3
936,3.96,-446.47,-77.48,-39.62
937,-42.86,-471.06,-73.13,89.47
938,-15.49,-541.17,-117.43,-19.35
939,-15.17,-535.87,-110.98,23.89
940,-23.69,-497.88,-144.7,105.07
941,-46.85,-604.53,-50.83,22.24
942,22.11,-395.36,-105.34,-20.68
943,-22.29,-302.77,-80.34,5.45
944,-17.21,-558.31,-118.72,31.97
945,-19.98,-506.0,-62.69,103.52
946,-24.52,-471.48,-115.01,29.68
947,6.61,-419.4,-88.65,12.67
948,-9.17,-416.72,-83.46,26.63
949,-19.59,-583.53,-109.28,-32.76
950,-38.16,-531.04,-116.54,73.38
951,-8.26,-466.44,-153.15,8.54
952,-32.79,-498.49,-11.63,72.2
953,-12.58,-515.55,-71.13,37.73
954,-6.6,-504.61,-99.65,27.91
955,-5.27,-475.8,-93.95,-8.44
956,-18.26,-489.95,-94.54,4.6
957,-26.53,-449.43,-95.09,-10.6
958,-20.14,-517.39,-89.56,54.18
959,-16.1,-480.46,-85.8,42.82
960,-3.94,-431.08,-109.56,2.67
961,-41.96,-538.44,-97.37,87.48
962,-26.35,-510.7,-93.03,29.4
963,-5.56,-429.55,-139.74,20.23
964,-23.29,-579.75,-97.31,23.85
965,-13.55,-429.02,-116.86,0.57
966,10.29,-407.72,-98.03,64.28
967,-44.76,-485.3,-93.37,45.59
968,-20.6,-483.99,-84.69,37.35
969,-21.83,-498.1,-147.85,5.4
970,-20.56,-435.44,-49.99,12.11
971,-29.35,-560.94,-104.88,90.53
972,-27.63,-518.15,-79.51,-6.73
973,-27.45,-495.9,-80.05,26.75
974,-34.05,-515.78,-93.37,-16.19
975,-4.29,-498.65,-156.25,32.86
976,-6.09,-466.53,-89.28,16.89
977,0.87,-385.31,-99.49,34.89
978,-23.01,-572.69,-100.1,35.99
979,-4.6,-457.76,-100.84,18.22
980,-8.55,-516.66,-214.86,90.47
981,-20.62,-540.32,-16.81,94.63
982,-11.81,-509.48,-122.96,71.27
983,-7.42,-474.14,-91.81,-35.22
984,-7.97,-429.62,-93.21,23.68
985,-13.07,-461.86,-106.56,24.64
986,-1.56,-421.27,-104.62,-26.36
987,-35.74,-506.81,-78.11,79.63
988,0.74,-513.71,-116.37,5.48
989,-21.38,-505.03,-95.81,8.19
990,-41.71,-561.29,-99.35,58.08
991,-5.83,-353.21,-94.91,63.05
992,-4.3,-557.61,-111.16,11.53
993,-13.18,-487.04,-82.64,54.29
994,-13.84,-531.37,-85.77,27.9
995,-24.38,-537.06,-91.17,37.21
996,1.83,-429.13,-108.86,26.22
997,-13.23,-499.64,-85.75,47.18
998,8.6,-306.54,-126.09,22.53
999,-19.48,-495.09,-88.37,21.38
1000,-19.51,-555.35,-140.29,17.7
1001,3.12,-483.25,-103.9,72.27
1002,-2.55,-418.29,-153.09,58.9
1003,-10.87,-541.59,-168.56,-56.64
1004,-20.36,-507.65,-38.57,44.49
1005,-24.14,-469.55,-75.83,46.17
1006,0.2,-410.46,-85.12,54.18
1007,4.66,-384.81,-87.93,-22.91
1008,-20.15,-481.4,-114.39,73.46
1009,-21.96,-637.11,-75.94,48.15
1010,-11.41,-500.06,-86.29,47.52
1011,-3.35,-559.23,-102.26,20.96
1012,-22.6,-454.12,-100.03,13.57
1013,-7.39,-420.36,-58.24,100.1
1014,20.62,-346.26,-126.21,-2.69
1015,11.63,-367.73,-91.68,19.05
1016,-54.87,-662.24,-91.02,81.4
1017,-22.57,-508.42,-103.42,24.5
1018,-19.16,-490.94,-89.44,35.36
1019,-23.27,-541.04,-95.9,43.38
1020,-3.87,-413.29,-134.86,44.9
1021,-11.56,-441.85,-117.62,35.45
1022,-17.94,-556.13,-129.74,46.07
1023,-12.34,-513.69,-81.8,-0.28
1024,-19.3,-605.53,-146.85,-39.35
1025,-2.73,-304.45,-106.54,47.96
1026,-2.71,-463.18,-70.29,6.67
1027,-3.48,-470.86,-114.86,6.64
1028,17.85,-302.34,-65.49,80.14
1029,-23.95,-578.73,-84.32,92.54
1030,-5.18,-517.33,-118.82,-20.2
1031,-4.95,-335.42,-84.41,53.57
1032,-20.8,-609.99,-140.83,37.32
1033,-40.17,-542.7,-102.64,19.6
1034,-9.57,-479.06,-82.12,63.59
1035,-7.47,-525.9,-145.24,-0.23
1036,-6.67,-507.27,-121.04,-38.44
1037,-4.29,-373.06,-123.24,34.86
1038,2.33,-387.59,-57.42,58.98
1039,-66.7,-680.0,-81.37,20.93
1040,19.63,-250.11,-104.46,29.21
1041,-31.05,-571.17,-81.73,61.75
1042,-1.33,-486.36,-82.14,2.05
1043,-18.5,-581.33,-86.14,60.96
1044,2.79,-384.76,-94.65,-25.52
1045,-18.95,-503.34,-85.18,95.88
1046,-21.51,-522.42,-97.48,40.32
1047,-11.27,-493.25,-92.31,43.97
1048,-15.23,-557.34,-77.29,36.36
1049,5.24,-267.24,-98.87,42.0
1050,-25.61,-515.99,-105.26,15.65
1051,12.38,-384.43,-122.25,-20.27
1052,-25.49,-519.2,-83.18,47.55
1053,-31.33,-484.92,-94.3,-17.3
1054,-5.79,-454.55,-96.75,156.63
1055,-17.43,-502.38,-104.25,-33.21
1056,-46.25,-607.07,-158.57,-76.43
1057,-16.23,-520.88,-106.24,88.48
1058,-1.78,-511.35,-44.2,44.77
1059,-12.08,-456.26,-101.79,4.45
1060,-20.25,-444.75,-101.52,23.96
1061,-12.01,-477.26,-93.35,61.2
1062,-16.45,-552.56,-108.45,-21.25
1063,-27.03,-442.29,-84.2,123.6
1064,-9.96,-447.86,-117.86,55.61
1065,17.88,-432.63,-82.01,-76.12
1066,-21.49,-389.04,-97.08,9.34
1067,-35.25,-644.12,-89.54,56.53
1068,10.64,-310.78,-82.92,41.32
1069,-0.04,-440.69,-106.68,9.91
1070,-26.8,-539.55,-127.02,103.91
1071,-31.06,-614.73,-103.65,-7.78
1072,-27.26,-551.12,-182.21,6.36
1073,9.88,-296.56,-56.02,25.01
1074,-20.36,-466.0,-84.48,45.91
1075,-19.66,-529.44,-118.59,-16.77
1076,39.52,-209.95,-108.22,4.74
1077,-58.46,-603.67,-80.23,112.04
1078,-33.29,-551.34,-82.49,7.06
1079,12.98,-433.61,-115.7,49.14
1080,-9.59,-509.99,-100.44,13.16
1081,-11.16,-440.29,-96.1,-7.08
1082,-36.67,-531.32,-83.84,73.3
1083,-30.64,-551.38,-93.33,-16.36
1084,-8.62,-512.43,-90.73,48.39
1085,-10.85,-480.85,-105.11,28.96
1086,-36.08,-584.61,-196.86,81.62
1087,-19.83,-427.9,-44.47,15.23
1088,22.25,-397.65,-138.8,-15.09
1089,5.75,-329.48,-107.82,57.54
1090,-53.55,-645.77,-140.98,88.89
1091,-14.58,-361.0,-74.61,-0.5
1092,3.38,-296.87,-125.59,-10.3
1093,-37.51,-550.33,-83.21,31.21
1094,-22.0,-548.74,-92.03,39.66
1095,-17.97,-554.8,-95.08,49.3
1096,2.32,-424.47,-109.01,-0.17
1097,4.05,-319.93,-106.14,18.11
1098,-58.04,-724.01,-57.39,84.66
1099,20.66,-368.07,-97.77,33.08
1100,-10.7,-460.14,-101.36,25.88
1101,-39.5,-546.67,-109.71,53.06
1102,6.13,-408.18,-87.12,20.86
1103,17.52,-379.04,-118.31,-15.27
1104,-39.01,-524.26,-149.54,36.78
1105,-15.96,-530.86,-91.27,69.96
1106,-11.21,-472.65,-89.45,-30.04
1107,-15.8,-494.24,-152.73,-29.81
1108,-28.18,-477.2,-107.03,111.99
1109,-8.62,-485.79,-109.7,87.97
1110,-4.09,-440.58,-74.8,-24.65
1111,-31.38,-506.74,-95.14,10.54
1112,-10.06,-483.07,-87.68,25.93
1113,-12.34,-369.58,-85.9,47.3
1114,-53.68,-669.62,-107.53,-15.07
1115,-1.08,-260.44,-90.0,51.07
1116,2.74,-517.88,-92.74,9.24
1117,-10.97,-444.59,-86.18,78.0
1118,10.6,-464.0,-156.84,-17.36
1119,-21.78,-506.6,-75.62,29.62
1120,-26.67,-498.87,-90.09,52.53
1121,-1.88,-468.29,-162.58,-41.48
1122,-16.58,-553.2,-109.53,56.11
1123,-18.79,-456.67,-82.23,44.8
1124,-17.73,-453.83,-103.44,20.62
1125,-17.68,-536.28,-91.43,23.97
1126,-24.1,-454.26,-91.75,66.54
1127,-15.07,-406.19,-102.46,10.19
1128,-14.32,-539.98,-74.7,24.48
1129,-19.57,-427.13,-110.94,53.71
1130,3.03,-463.52,-94.61,108.81
1131,3.29,-471.26,-93.37,-15.98
1132,-19.11,-476.71,-113.77,-11.27
1133,-33.08,-497.35,-127.79,-6.51
1134,-59.67,-702.57,-106.69,43.74
1135,-10.36,-300.53,-107.9,48.8
1136,20.77,-427.63,-76.31,-11.14
1137,-17.11,-320.17,-98.01,-3.94
1138,-27.88,-527.37,-83.81,102.23
1139,10.11,-544.11,-102.42,-32.66
1140,-24.54,-463.48,-104.64,35.05
1141,0.07,-525.92,-65.48,143.59
1142,-6.22,-441.17,-119.65,-87.64
1143,-34.15,-425.69,-66.67,100.43
1144,-38.12,-571.8,-83.13,37.44
1145,-4.9,-509.41,-184.26,3.16
1146,-23.52,-499.68,-58.43,187.53
1147,-23.01,-571.15,-81.1,-33.07
1148,19.29,-386.35,-121.94,-12.31
1149,-12.62,-410.61,-133.28,29.84
1150,-4.26,-398.25,-40.13,34.53
1151,-35.57,-527.75,-86.41,40.96
1152,-21.73,-430.9,-97.32,84.51
1153,20.8,-481.54,-132.24,-25.7
1154,13.86,-405.6,-112.38,-21.65
1155,-40.7,-481.59,-64.06,44.76
1156,-32.8,-476.7,-134.36,-33.73
1157,-11.74,-482.57,-68.83,144.59
1158,-16.77,-518.48,-129.71,-34.62
1159,-21.54,-529.15,-63.06,61.52
1160,-8.01,-385.76,-174.53,107.66
1161,7.0,-378.26,-51.67,-22.03
1162,-10.95,-625.88,-92.47,5.9
1163,-20.57,-445.85,-74.7,50.69
1164,-12.84,-451.75,-142.15,-8.76
1165,-21.61,-443.1,-35.64,118.89
1166,-25.77,-534.76,-97.04,-16.09
1167,-32.89,-517.63,-127.35,72.11
1168,-1.98,-481.18,-64.11,12.74
1169,-12.27,-500.86,-122.04,98.45
1170,-20.95,-523.92,-92.48,-68.47
1171,4.99,-473.32,-88.71,-20.14
1172,-30.13,-449.36,-57.65,96.75
1173,-9.0,-378.72,-76.77,52.44
1174,-19.86,-534.86,-108.48,59.22
1175,-10.21,-511.98,-103.83,-39.21
1176,-30.61,-488.6,-80.06,56.33
1177,-7.63,-461.31,-70.9,84.91
1178,-18.16,-456.97,-92.42,45.19
1179,-13.46,-481.68,-73.66,41.99
1180,-36.27,-595.11,-96.48,-9.28
1181,-13.87,-360.57,-77.75,54.72
1182,-13.81,-452.79,-171.1,25.96
1183,-30.57,-532.86,-54.96,26.82
1184,-20.95,-563.31,-91.89,24.64
1185,2.06,-359.94,-140.72,60.67
1186,-20.5,-481.41,-48.5,53.91
1187,5.29,-348.63,-93.46,25.37
1188,-33.81,-596.46,-79.46,96.24
1189,-26.25,-518.98,-142.61,51.68
1190,-6.57,-416.7,-28.47,42.78
1191,-21.66,-547.06,-116.23,-33.31
1192,-17.29,-500.3,-71.05,46.32
1193,-20.91,-504.34,-89.75,1.49
1194,-11.49,-393.26,-82.12,27.86
1195,-13.18,-354.84,-75.16,100.92
1196,-48.02,-741.79,-107.36,33.91
1197,11.7,-319.83,-72.6,50.23
1198,12.12,-397.58,-131.05,-9.84
1199,-0.82,-391.3,-88.27,33.71
1200,-22.79,-439.35,-210.8,57.23
1201,-50.45,-689.83,-8.34,54.67
1202,-14.86,-450.22,-74.9,57.58
1203,-17.0,-502.53,-80.41,45.17
1204,-17.04,-521.53,-138.68,8.95
1205,-11.69,-506.12,-47.49,70.28
1206,-14.54,-612.1,-109.79,-33.53
1207,8.85,-176.55,-143.43,22.99
1208,-21.83,-465.11,-95.58,27.67
1209,-30.64,-529.42,-50.79,102.07
1210,-6.46,-428.08,-91.82,2.94
1211,-24.63,-575.26,-94.37,80.68
1212,-8.44,-443.24,-82.46,24.4
1213,-1.19,-568.35,-81.51,53.83
1214,-35.76,-477.28,-102.46,94.43
1215,-27.98,-461.29,-104.78,31.91
1216,-11.92,-444.19,-151.01,43.11
1217,-12.27,-528.91,-136.05,17.04
1218,-46.02,-548.41,-64.97,32.61
1219,5.69,-286.11,-82.92,28.88
1220,-16.26,-480.94,-117.32,74.23
1221,-24.36,-496.76,-85.3,10.58
1222,1.8,-337.78,-111.92,4.94
1223,-5.4,-565.14,-105.8,55.46
1224,-7.51,-430.39,-87.73,3.48
1225,-25.9,-543.84,-82.95,65.28
1226,-11.02,-455.39,-109.93,1.9
1227,-25.87,-430.36,-80.9,71.58
1228,-17.03,-516.29,-73.83,43.9
1229,-18.45,-575.76,-116.51,44.59
1230,-28.85,-449.74,-63.53,70.64
1231,-11.73,-425.78,-86.41,86.37
1232,-13.93,-505.34,-118.2,-5.29
1233,-21.42,-461.05,-91.2,49.46
1234,-6.2,-403.05,-136.22,48.32
1235,-17.86,-486.22,-162.26,-64.52
1236,-13.9,-523.35,-96.61,125.66
1237,-13.24,-459.98,-57.9,9.5
1238,-18.16,-461.39,-65.74,82.03
1239,-24.48,-501.24,-180.96,29.84
1240,-34.58,-545.56,-57.62,-8.62
1241,-10.54,-445.14,-97.76,20.96
1242,9.41,-385.38,-95.6,40.97
1243,-10.02,-402.24,-80.48,74.46
1244,-12.98,-372.84,-99.47,17.96
1245,-14.44,-551.69,-99.15,8.04
1246,-8.5,-506.19,-113.25,59.25
1247,-36.09,-502.15,-88.52,7.85
1248,-11.09,-445.93,-94.77,37.3
1249,-16.38,-506.72,-113.03,7.25
1250,-25.09,-483.19,-63.96,46.46
1251,-16.32,-529.72,-120.34,38.34
1252,-14.27,-486.58,-160.4,7.06
1253,-2.15,-500.48,-57.36,2.16
1254,-13.9,-380.64,-86.44,63.72
1255,-15.92,-314.41,-94.17,17.42
1256,-21.18,-587.76,-94.09,45.02
1257,-12.65,-491.05,-140.76,34.01
1258,-10.7,-449.74,-71.16,39.28
1259,-31.26,-493.51,-102.93,21.06
1260,-43.22,-618.08,-94.43,9.92
1261,11.69,-357.03,-95.46,19.76
1262,-30.09,-468.58,-89.63,73.79
1263,-17.92,-487.53,-87.82,55.26
1264,-9.79,-531.24,-187.84,-15.55
1265,-23.11,-516.16,-70.44,24.32
1266,-8.32,-402.27,-73.17,32.97
1267,-13.39,-463.75,-81.83,36.87
1268,-14.08,-485.81,-86.11,32.66
1269,1.36,-361.61,-99.5,28.84
1270,-22.6,-647.43,-125.64,-6.98
1271,-22.93,-297.83,-80.33,29.02
1272,-22.03,-509.34,-85.88,63.57
1273,2.08,-421.05,-117.1,-7.01
1274,-16.81,-546.58,-102.29,15.85
1275,-23.87,-490.33,-98.37,65.08
1276,-22.31,-501.05,-69.74,42.96
1277,-17.39,-517.92,-98.92,19.19
1278,36.16,-141.34,-127.13,-52.26
1279,-48.39,-658.7,-119.98,54.19
1280,-22.49,-461.97,-59.36,104.64
1281,-13.96,-501.82,-110.18,50.16
1282,-23.31,-537.99,-127.65,7.63
1283,-25.21,-520.18,-80.04,17.24
1284,-14.93,-438.22,-70.07,57.07
1285,-17.21,-437.09,-92.36,31.36
1286,-0.23,-453.46,-98.29,13.43
1287,-18.76,-457.93,-70.53,71.01
1288,-41.85,-547.64,-119.12,-6.91
1289,-14.38,-485.29,-73.23,59.38
1290,-3.3,-441.33,-105.22,64.07
1291,-25.32,-488.1,-177.51,-33.64
1292,-24.44,-508.26,-39.74,81.61
1293,-20.22,-509.38,-108.99,-40.1
1294,6.53,-185.96,-94.86,53.15
1295,-35.36,-579.17,-69.78,62.81
1296,-12.05,-585.57,-150.77,-12.71
1297,-45.03,-685.24,-52.18,137.03
1298,-24.24,-504.16,-100.88,-8.65
1299,24.85,-253.99,-82.35,-4.28
1300,-20.14,-446.14,-109.45,-10.56
1301,-26.88,-474.11,-94.59,64.12
1302,-16.75,-500.96,-83.15,23.78
1303,-9.48,-507.89,-165.45,42.81
1304,-21.7,-511.76,-69.81,73.65
1305,-22.34,-515.61,-84.69,17.66
1306,-22.56,-515.59,-78.82,48.58
1307,-26.45,-518.07,-98.5,26.5
1308,-27.37,-463.57,-92.82,33.46
1309,-30.91,-430.0,-111.77,9.42
1310,10.62,-339.54,-62.57,68.37
1311,-11.28,-468.5,-109.88,17.21
1312,-23.57,-545.19,-95.12,42.43
1313,-14.93,-462.83,-132.27,-15.12
1314,-22.93,-484.25,-75.79,75.32
1315,-12.58,-326.07,-145.12,-31.11
1316,-23.09,-525.78,-80.64,91.09
1317,-24.03,-418.3,-98.01,30.74
1318,-29.22,-491.48,-82.01,37.59
1319,-23.84,-553.71,-86.6,22.14
1320,-4.53,-457.58,-92.76,48.99
1321,-34.84,-537.96,-72.04,69.34
1322,-24.07,-527.37,-100.11,1.96
1323,0.11,-395.66,-99.49,22.35
1324,-21.02,-468.02,-81.27,22.88
1325,-26.2,-489.45,-103.55,35.59
1326,-24.18,-480.68,-86.54,34.53
1327,-4.52,-451.36,-88.43,35.29
1328,-11.31,-487.55,-77.22,26.4
1329,-20.36,-413.59,-114.81,35.98
1330,-28.91,-446.3,-156.68,-3.26
1331,-6.48,-428.93,-90.25,15.52
1332,1.19,-405.21,-105.34,72.49
1333,-34.05,-593.09,-85.28,10.28
1334,-19.84,-452.15,-95.83,50.38
1335,-25.42,-506.52,-105.84,54.34
1336,-24.08,-515.39,-75.88,68.46
1337,-20.51,-453.16,-76.98,28.34
1338,-9.18,-430.33,-95.54,7.96
1339,-9.83,-461.36,-95.36,33.79
1340,-12.18,-457.91,-166.46,9.17
1341,-35.71,-546.31,-105.2,-17.37
1342,-28.85,-479.69,-88.9,10.48
1343,-27.02,-518.41,-109.38,84.79
1344,-9.57,-434.48,-70.07,24.04
1345,-14.31,-481.18,-88.49,38.84
1346,-20.83,-507.57,-87.23,37.4
1347,-18.25,-459.9,-87.08,25.15
1348,-9.74,-527.66,-205.89,-3.89
1349,4.56,-321.61,-63.77,26.88
1350,-25.4,-399.97,-75.41,17.7
1351,-48.61,-590.84,-90.05,48.37
1352,-32.97,-538.69,-102.97,23.15
1353,-14.47,-478.25,-89.78,49.6
1354,-10.17,-430.39,-74.78,45.88
1355,-2.81,-543.75,-115.84,-8.19
1356,-35.61,-299.44,-213.69,-19.49
1357,-17.28,-538.19,-51.07,84.12
1358,-2.25,-408.09,-91.32,41.31
1359,-36.66,-553.44,-49.55,73.01
1360,-31.36,-493.6,-94.21,25.1
1361,-24.51,-509.7,-164.76,-35.69
1362,-15.14,-497.67,-25.34,135.83
1363,-35.16,-495.72,-103.21,-19.31
1364,-23.0,-489.45,-82.76,78.45
1365,-15.65,-484.63,-95.91,27.56
1366,-42.71,-594.07,-195.1,-9.25
1367,1.35,-365.45,-35.05,47.9
1368,-0.16,-417.95,-80.13,54.97
1369,-24.79,-488.17,-85.99,34.56
1370,-30.51,-511.79,-109.61,47.81
1371,-40.34,-579.2,-84.0,19.28
1372,-22.07,-415.93,-110.24,16.37
1373,-2.73,-393.94,-109.37,31.23
1374,-21.22,-449.8,-149.82,13.24
1375,-18.96,-404.53,-50.6,45.4
1376,-13.73,-443.97,-107.31,24.71
1377,-24.09,-596.13,-91.2,27.45
1378,-34.72,-552.75,-105.66,-9.7
1379,-3.49,-494.02,-137.32,29.68
1380,-13.73,-397.62,-97.04,40.24
1381,-27.71,-477.47,-128.63,62.7
1382,-18.18,-425.79,-79.77,40.75
1383,-16.2,-474.01,-49.09,70.78
1384,-22.97,-523.08,-104.19,43.37
1385,-10.27,-455.17,-95.0,-11.0
1386,-24.53,-360.53,-95.12,60.97
1387,-39.38,-626.21,-97.08,16.61
1388,-19.12,-473.59,-120.7,-5.26
1389,-17.8,-464.22,-86.21,60.92
1390,-38.16,-540.03,-126.81,32.38
1391,-21.18,-459.64,-69.78,62.71
1392,-28.54,-579.05,-95.55,-24.44
1393,2.71,-322.27,-117.06,48.53
1394,-11.12,-361.6,-80.02,48.03
1395,-18.22,-494.04,-91.75,88.04
1396,-27.03,-506.97,-111.4,59.76
1397,-15.67,-488.01,-105.76,-30.24
1398,-20.26,-428.71,-119.44,22.75
1399,-33.35,-490.5,-86.29,66.22
1400,-39.17,-571.23,-77.04,55.99
1401,-40.72,-558.39,-107.01,34.06
1402,-0.22,-424.05,-111.6,42.26
1403,-20.23,-476.84,-97.69,-0.49
1404,-16.74,-462.53,-86.96,66.21
1405,-10.43,-463.5,-86.4,48.03
1406,-22.65,-523.12,-99.59,33.85
1407,-31.68,-506.62,-121.27,-30.95
1408,-37.2,-515.47,-152.61,-35.7
1409,15.71,-362.21,-66.55,157.68
1410,8.1,-397.58,-86.11,1.33
1411,-25.2,-529.44,-113.15,62.57
1412,-13.01,-491.18,-69.61,75.35
1413,-25.84,-496.51,-96.9,5.68
1414,-17.64,-476.8,-87.11,22.34
1415,-31.22,-507.05,-94.88,24.45
1416,-6.01,-465.12,-117.34,39.46
1417,21.41,-392.22,-191.44,-83.21
1418,-54.19,-516.36,-55.93,74.46
1419,-33.9,-487.19,-69.32,75.62
1420,-38.99,-480.82,-78.78,50.94
1421,-27.84,-516.84,-183.95,-30.08
1422,7.45,-341.98,-59.28,46.71
1423,-9.37,-519.43,-91.31,78.41
1424,-10.98,-340.67,-88.48,16.43
1425,0.59,-427.16,-83.07,44.14
1426,-49.07,-614.76,-84.06,16.36
1427,-25.35,-545.94,-116.74,115.37
1428,-14.98,-444.92,-92.96,-56.24
1429,-22.54,-467.41,-87.59,32.82
1430,-20.76,-484.6,-91.06,24.3
1431,-16.13,-480.57,-99.56,37.96
1432,-18.65,-495.37,-91.69,30.23
1433,-35.94,-604.26,-123.11,15.38
1434,-37.24,-472.37,-96.47,7.92
1435,10.66,-301.39,-121.86,106.52
1436,-24.18,-461.35,-90.56,28.84
1437,-10.79,-423.86,-148.13,-110.36
1438,-5.41,-429.6,-59.44,102.63
1439,-29.09,-547.7,-75.85,60.15
1440,-29.16,-509.21,-112.84,27.71
1441,-17.05,-615.98,-110.97,-33.63
1442,-13.57,-230.77,-124.07,16.78
1443,-28.95,-463.45,-78.82,127.47
1444,-33.77,-542.1,-77.69,9.2
1445,-28.45,-525.15,-101.96,5.56
1446,-16.97,-503.34,-106.57,41.64
1447,-14.06,-465.52,-114.74,-2.53
1448,-15.37,-482.4,-81.42,37.24
1449,-18.33,-497.71,-101.66,-12.82
1450,-24.82,-350.49,-119.81,96.03
1451,-35.25,-512.76,-101.26,-22.95
1452,-24.19,-498.69,-143.13,-0.6
1453,-14.71,-475.43,-76.8,18.06
1454,-40.87,-576.6,-88.17,-11.2
1455,-38.65,-491.25,-92.08,55.49
1456,8.09,-384.75,-84.1,24.44
1457,-12.42,-469.74,-92.74,25.01
1458,-19.37,-359.64,-145.89,-47.21
1459,-19.42,-506.18,-62.53,79.81
1460,-5.64,-493.66,-94.92,51.2
1461,-23.97,-508.67,-143.37,37.76
1462,-31.66,-625.14,-89.61,69.88
1463,-21.71,-308.93,-92.52,-18.05
1464,-16.81,-400.23,-91.75,14.12
1465,-36.76,-555.34,-104.51,-9.21
1466,-49.01,-556.42,-109.46,-9.04
1467,-4.06,-456.54,-86.35,72.78
1468,-5.73,-451.62,-120.65,-31.84
1469,-11.62,-478.33,-94.76,83.5
1470,-2.16,-463.28,-139.15,13.24
1471,-25.41,-488.53,-45.94,104.77
1472,-22.42,-496.19,-100.42,-23.07
1473,-25.81,-490.5,-85.69,16.2
1474,-25.77,-496.99,-80.43,55.64
1475,-7.75,-379.16,-110.76,9.68
1476,-14.13,-403.91,-96.5,10.83
1477,-11.78,-495.62,-90.28,33.13
1478,-32.15,-600.62,-119.71,13.89
1479,-38.13,-594.11,-116.98,42.1
1480,8.58,-231.1,-121.64,25.4
1481,-18.34,-530.3,-113.46,29.99
1482,-21.27,-490.27,-69.66,22.36
1483,1.11,-400.01,-107.67,10.02
1484,-40.55,-529.94,-60.78,67.25
1485,-20.11,-521.58,-85.96,53.88
1486,-12.06,-382.31,-98.37,37.48
1487,24.04,-316.0,-156.45,-20.62
1488,-7.09,-521.26,-46.92,179.95
1489,-64.06,-669.9,-98.03,-24.44
1490,-34.0,-605.03,-93.81,-0.22
1491,-1.82,-352.64,-96.68,18.36
1492,-34.53,-493.8,-107.51,-19.78
1493,-12.33,-460.4,-84.93,42.46
1494,-6.15,-553.56,-69.82,86.58
1495,-10.89,-413.74,-140.93,18.65
1496,-15.9,-507.42,-133.61,10.05
1497,-12.62,-429.22,-129.86,3.41
1498,-17.16,-471.73,-99.4,30.88
1499,-22.46,-503.99,-65.31,30.15
1500,-14.44,-492.6,-95.1,1.08
1501,-17.13,-505.35,-73.67,70.84
1502,-17.27,-513.3,-119.96,49.02
1503,-24.38,-419.72,-141.37,13.93
1504,-9.85,-482.39,-91.44,35.19
1505,4.03,-356.88,-87.2,29.42
1506,-20.94,-534.02,-79.86,37.73
1507,-8.36,-489.74,-94.46,36.79
1508,-12.04,-377.12,-106.2,36.89
1509,-30.49,-558.59,-61.93,108.3
1510,-20.88,-469.22,-119.58,9.0
1511,-3.78,-463.19,-117.47,21.42
1512,-33.86,-566.26,-85.34,23.83
1513,-2.1,-405.68,-104.76,-4.2
1514,-21.77,-441.05,-91.34,33.85
1515,-41.05,-602.46,-129.22,20.84
1516,-4.86,-483.23,-83.94,53.32
1517,-4.94,-355.45,-85.28,31.45
1518,-17.86,-487.08,-84.25,89.12
1519,-22.91,-519.59,-95.4,65.47
1520,-10.91,-488.63,-95.88,-1.43
1521,-17.29,-533.79,-139.86,40.57
1522,-8.18,-466.76,-76.49,-17.34
1523,-20.89,-470.68,-207.4,60.72
1524,-31.52,-561.08,-84.74,-55.67
1525,-4.69,-337.91,-69.2,96.64
1526,-13.99,-503.43,-78.69,48.61
1527,-8.35,-476.48,-89.75,23.0
1528,-3.29,-443.97,-98.24,25.27
1529,-25.08,-508.76,-93.37,32.93
1530,-26.85,-580.26,-107.39,-21.3
1531,37.82,-193.8,-141.53,-21.53
1532,-43.79,-516.78,-105.1,50.92
1533,-31.77,-510.52,-76.0,74.6
1534,-15.09,-491.49,-82.65,60.88
1535,-6.18,-484.33,-99.32,42.6
1536,-14.05,-517.85,-101.55,14.35
1537,-17.01,-500.14,-97.09,30.34
1538,-16.3,-499.49,-99.52,26.13
1539,-5.38,-514.73,-102.82,18.03
1540,-13.33,-326.63,-137.65,-22.78
1541,-24.56,-541.62,-77.78,70.08
1542,-26.87,-579.82,-77.98,124.68
1543,-17.96,-440.08,-188.4,-38.95
1544,-8.45,-455.12,-95.72,-32.69
1545,-8.51,-482.2,-124.23,14.66
1546,-25.18,-485.91,-83.93,13.91
1547,-7.29,-453.94,-83.9,61.47
1548,-15.46,-467.88,-97.22,38.55
1549,-26.62,-517.66,-98.59,18.05
1550,-31.11,-493.51,-106.15,26.29
1551,-7.44,-366.15,-118.28,53.01
1552,-9.43,-432.53,-105.47,8.58
1553,-23.42,-553.84,-88.34,36.25
1554,-12.06,-518.47,-100.71,37.88
1555,-5.98,-450.47,-91.54,33.01
1556,-5.96,-449.12,-105.35,8.83
1557,-10.02,-480.52,-96.68,76.08
1558,-40.07,-532.93,-119.17,24.93
1559,-23.4,-471.29,-90.64,35.88
1560,-15.93,-452.4,-114.92,-7.11
1561,-21.38,-520.31,-107.38,45.5
1562,-15.08,-470.87,-157.98,53.15
1563,-40.12,-544.85,-122.98,46.49
1564,-20.55,-439.32,-83.67,64.2
1565,1.91,-424.15,-112.32,10.83
1566,-18.27,-493.48,-133.14,73.59
1567,-23.98,-482.05,-79.41,17.19
1568,-22.58,-506.47,-86.22,36.92
1569,-15.44,-400.1,-89.09,23.61
1570,-16.07,-441.19,-103.3,36.24
1571,-24.03,-589.71,-124.85,-67.02
1572,-5.83,-437.01,-93.45,71.02
1573,-18.11,-528.76,-113.39,14.14
1574,-33.08,-533.75,-113.95,63.47
1575,-22.8,-501.05,-90.17,37.66
1576,-24.24,-487.47,-121.54,41.36
1577,-19.74,-388.82,-113.88,-0.61
1578,-11.71,-450.76,-88.5,37.75
1579,-1.25,-434.25,-88.45,18.43
1580,-19.92,-483.13,-94.75,78.97
1581,-26.35,-542.29,-90.2,36.31
1582,-15.0,-533.76,-161.78,-50.09
1583,-35.44,-479.33,-116.45,75.55
1584,-18.74,-442.55,-66.47,79.61
1585,-32.15,-545.07,-87.11,33.21
1586,-18.08,-449.48,-185.41,-31.5
1587,-27.78,-547.18,-89.56,78.89
1588,-28.86,-475.92,-95.61,29.34
1589,-3.94,-331.94,-98.17,-0.36
1590,-6.6,-493.45,-137.4,-21.81
1591,-26.08,-521.22,-110.45,107.01
1592,-8.83,-449.88,-87.15,-8.33
1593,2.23,-421.12,-148.23,-59.22
1594,-25.31,-532.0,-45.0,81.23
1595,-34.68,-536.31,-94.5,39.16
1596,-25.01,-449.06,-94.98,48.37
1597,-16.26,-515.44,-138.78,4.89
1598,-20.46,-514.97,-83.05,29.91
1599,-0.91,-441.37,-82.76,37.2
1600,-20.77,-405.39,-106.63,23.83
1601,-21.12,-400.88,-102.87,28.45
1602,-28.92,-578.9,-100.63,5.75
1603,-9.56,-482.01,-113.19,2.55
1604,-20.95,-482.66,-145.67,45.36
1605,-10.36,-430.77,-90.28,62.02
1606,-14.35,-510.76,-97.67,3.57
1607,-31.03,-505.38,-85.76,57.88
1608,-24.27,-494.26,-95.47,69.18
1609,-16.17,-467.69,-75.57,5.73
1610,-31.82,-521.27,-99.42,44.37
1611,-7.77,-455.48,-95.86,40.77
1612,-18.07,-498.03,-94.24,55.2
1613,-26.63,-453.39,-108.4,34.59
1614,-23.5,-490.59,-66.41,46.49
1615,-19.84,-502.96,-185.1,55.62
1616,-15.54,-447.56,-56.86,20.3
1617,-20.89,-495.5,-85.22,33.57
1618,-22.51,-441.12,-99.42,32.32
1619,-15.17,-437.61,-83.94,42.37
1620,-9.33,-452.98,-97.55,51.34
1621,-34.82,-521.19,-93.45,26.45
1622,-28.94,-502.65,-94.35,22.75
1623,-19.05,-488.87,-96.72,46.52
1624,-16.35,-507.96,-101.01,22.75
1625,9.62,-423.12,-160.44,-135.13
1626,-55.3,-457.6,-135.12,127.82
1627,-41.58,-556.21,-59.67,84.75
1628,-18.06,-412.27,-74.59,34.11
1629,13.37,-340.88,-111.97,11.16
1630,-27.58,-556.25,-99.21,62.19
1631,-30.69,-526.49,-96.87,49.92
1632,-27.1,-495.59,-85.36,15.2
1633,-17.25,-470.62,-99.01,32.13
1634,-25.81,-481.57,-96.41,25.83
1635,-24.84,-481.59,-95.59,32.1
1636,-10.29,-469.44,-101.61,29.24
1637,4.35,-366.85,-110.13,8.96
1638,-34.71,-605.47,-128.44,-15.17
1639,-28.28,-508.54,-78.27,33.44
1640,-14.11,-328.17,-119.99,62.47
1641,-9.2,-314.19,-67.11,47.79
1642,-37.23,-617.92,-93.94,18.0
1643,-25.13,-503.86,-89.25,48.02
1644,-33.76,-528.42,-93.9,0.79
1645,-18.99,-466.06,-103.53,13.67
1646,-36.79,-511.98,-95.85,9.62
1647,-26.32,-456.72,-93.67,12.59
1648,-4.22,-554.34,-180.95,65.85
1649,-22.19,-442.45,-98.14,48.63
1650,-14.25,-434.48,-46.0,33.36
1651,-25.67,-488.06,-80.9,32.69
1652,-15.8,-482.61,-87.25,20.88
1653,-2.78,-386.07,-99.45,11.84
1654,-41.24,-551.31,-103.11,4.81
1655,-27.94,-521.85,-81.81,66.67
1656,-33.51,-498.65,-100.97,29.43
1657,-20.44,-410.9,-87.19,9.1
1658,-26.48,-489.5,-101.27,40.55
1659,-13.88,-509.58,-87.69,76.51
1660,-18.57,-460.22,-97.61,11.23
1661,-37.02,-543.79,-92.4,24.52
1662,-24.91,-486.76,-101.7,9.71
1663,-3.54,-428.51,-99.51,-33.32
1664,-25.25,-529.4,-95.03,40.52
1665,-16.26,-372.72,-103.8,53.19
1666,-22.5,-524.54,-96.29,30.19
1667,-11.02,-488.28,-92.46,40.45
1668,-23.27,-474.92,-177.27,10.93
1669,-18.76,-568.25,-84.44,6.35
1670,-15.68,-300.5,-93.59,-31.24
1671,-40.77,-548.4,-60.24,121.25
1672,-20.25,-519.38,-119.39,19.19
1673,-12.22,-472.76,-134.46,25.97
1674,-18.49,-476.71,-83.43,22.7
1675,-5.86,-365.52,-99.32,37.66
1676,-37.54,-577.37,-95.43,11.92
1677,-26.42,-512.04,-101.72,6.87
1678,-16.43,-444.82,-101.78,27.5
1679,-20.26,-507.26,-105.89,23.19
1680,-33.61,-608.83,-108.11,68.95
1681,-11.67,-449.18,-103.55,-1.08
1682,-6.08,-410.35,-93.88,28.04
1683,-8.26,-404.85,-107.45,-4.3
1684,-50.08,-612.96,-100.71,59.47
1685,-10.18,-429.56,-91.85,41.9
1686,-14.54,-443.48,-103.79,-2.72
1687,-8.35,-456.26,-104.73,-11.56
1688,-18.8,-406.68,-137.32,67.31
1689,-23.03,-544.72,-98.01,66.36
1690,-32.41,-492.56,-98.83,29.25
1691,-31.75,-508.51,-95.93,33.74
1692,-24.69,-515.62,-94.8,29.63
1693,-28.83,-485.02,-90.06,31.58
1694,-35.09,-573.07,-119.19,30.91
1695,-15.03,-452.49,-110.44,22.27
1696,-25.17,-410.93,-97.15,10.26
1697,24.6,-221.53,-102.49,-37.81
1698,-26.77,-584.08,-82.81,74.14
1699,-32.52,-502.21,-148.1,57.24
1700,-27.93,-526.94,-64.14,39.96
1701,-25.68,-512.39,-87.55,20.94
1702,-26.27,-508.38,-91.57,21.58
1703,-38.3,-496.11,-84.63,30.56
1704,-41.37,-489.47,-83.39,23.77
1705,0.47,-475.16,-98.4,-21.86
1706,2.39,-473.23,-136.94,42.49
1707,-73.45,-595.11,-96.86,0.82
1708,-16.59,-329.16,-75.91,61.97
1709,-4.37,-499.53,-112.63,48.3
1710,-11.75,-468.19,-96.19,91.66
1711,-19.35,-479.91,-89.7,-8.88
1712,-24.09,-489.4,-80.03,19.65
1713,-21.15,-470.58,-88.7,24.59
1714,-33.14,-535.2,-89.43,23.9
1715,-26.96,-500.98,-89.46,22.82
1716,-34.76,-495.06,-95.04,29.43
1717,-38.52,-483.5,-88.42,25.71
1718,-15.15,-500.51,-104.49,8.44
1719,-31.83,-580.66,-118.21,-9.48
1720,4.74,-272.67,-114.64,-66.41
1721,-50.19,-554.52,-76.92,109.55
1722,-11.94,-458.62,-119.87,45.3
1723,-18.54,-487.48,-72.67,65.56
1724,-11.01,-487.76,-50.71,85.58
1725,-20.72,-491.67,-174.64,-38.58
1726,-32.98,-516.86,-87.34,43.27
1727,-22.39,-463.78,-80.83,14.95
1728,-45.03,-625.8,-117.71,-6.49
1729,-31.12,-486.36,-96.64,39.64
1730,18.52,-201.63,-104.24,46.93
1731,-18.66,-505.26,-187.21,11.4
1732,-11.13,-438.05,-61.14,38.18
1733,-26.05,-539.11,-88.66,8.36
1734,-20.78,-494.45,-92.9,64.77
1735,-21.94,-498.11,-111.51,35.22
1736,-35.71,-519.63,-92.79,4.09
1737,-37.87,-502.34,-115.27,35.14
1738,-7.68,-495.64,-69.26,69.82
1739,-18.5,-512.82,-111.4,12.99
1740,-7.68,-464.88,-107.27,13.18
1741,-31.5,-552.52,-119.24,45.6
1742,-27.26,-497.64,-146.62,-27.84
1743,-30.68,-458.71,-61.54,56.43
1744,-31.34,-424.53,-83.79,68.71
1745,-18.6,-470.1,-107.07,-2.01
1746,36.99,-201.64,-113.95,11.1
1747,-47.34,-657.59,-87.81,10.29
1748,-28.56,-501.59,-94.45,67.31
1749,-21.96,-487.07,-98.46,32.82
1750,-27.05,-504.51,-107.62,38.7
1751,-29.5,-513.81,-114.18,30.54
1752,-25.96,-513.58,-94.73,28.12
1753,-38.68,-538.29,-111.54,11.27
1754,-9.85,-525.68,-90.49,6.74
1755,-29.62,-543.27,-112.04,18.14
1756,-11.92,-337.96,-134.13,61.49
1757,-15.87,-429.86,-100.07,7.02
1758,-18.45,-493.83,-105.26,62.19
1759,-13.95,-486.33,-89.54,20.1
1760,-22.62,-497.16,-98.66,28.51
1761,-23.38,-531.63,-95.66,1.95
1762,-17.6,-370.61,-109.26,41.05
1763,2.27,-348.96,-102.67,14.82
1764,-12.03,-562.74,-169.9,-109.9
1765,-16.25,-494.15,-50.69,189.39
1766,-42.01,-624.67,-110.91,-20.63
1767,-4.21,-347.5,-91.61,29.92
1768,-34.58,-573.71,-113.83,30.15
1769,-24.06,-460.05,-78.37,42.3
1770,-17.81,-482.99,-95.54,22.93
1771,-21.42,-473.27,-93.44,28.73
1772,-29.05,-514.38,-102.98,24.98
1773,-16.6,-441.93,-102.98,18.22
1774,-16.27,-443.44,-98.14,28.11
1775,-17.47,-507.9,-110.86,-42.91
1776,-26.81,-432.79,-82.64,73.48
1777,-34.98,-607.77,-104.66,12.55
1778,-16.47,-458.3,-103.42,11.78
1779,3.09,-402.98,-221.81,14.47
1780,-13.52,-477.66,-43.08,32.52
1781,-30.21,-493.51,-84.82,43.04
1782,-29.13,-485.52,-90.24,31.07
1783,-21.26,-456.48,-105.21,19.5
1784,5.97,-509.25,-64.93,56.71
1785,-40.93,-420.9,-133.84,8.24
1786,-7.01,-433.54,-101.36,27.39
1787,-9.59,-464.19,-101.97,21.75
1788,-30.13,-517.44,-89.45,57.18
1789,-35.34,-569.21,-108.38,98.13
1790,-36.75,-564.12,-106.26,-13.31
1791,-31.83,-418.41,-111.3,-33.21
1792,-7.26,-451.16,-103.44,81.19
1793,-16.43,-439.2,-86.13,29.74
1794,-21.5,-504.77,-118.91,-28.32
1795,-11.41,-494.78,-102.42,48.36
1796,-23.25,-487.92,-92.06,40.04
1797,-27.48,-496.31,-127.29,-2.51
1798,-26.01,-491.94,-80.99,71.61
1799,-19.88,-427.59,-113.62,6.36
1800,5.73,-428.44,-110.51,14.83
1801,-6.05,-400.43,-90.62,3.35
1802,-35.94,-536.04,-98.2,42.89
1803,-38.39,-611.85,-93.72,42.24
1804,-12.62,-421.35,-100.38,27.98
1805,-30.16,-519.46,-91.75,29.51
1806,-25.49,-477.12,-179.14,-5.64
1807,8.46,-340.83,-64.5,41.81
1808,-23.65,-454.01,-108.72,50.74
1809,-20.9,-509.7,-105.96,0.39
1810,-22.24,-467.38,-91.74,22.14
1811,-23.02,-525.32,-93.98,29.77
1812,-17.54,-502.11,-96.01,26.37
1813,-17.93,-489.13,-118.87,16.44
1814,-21.37,-486.89,-92.35,26.45
1815,-27.57,-479.54,-96.29,19.92
1816,-25.83,-590.55,-119.65,-4.3
1817,-5.79,-448.71,-94.3,-5.71
1818,-15.57,-402.74,-157.79,22.75
1819,-12.47,-427.52,-78.55,54.81
1820,-19.52,-453.89,-65.28,-11.34
1821,-22.87,-515.48,-117.68,45.95
1822,-22.42,-472.38,-123.7,69.85
1823,-18.16,-432.53,-84.95,12.72
1824,-30.72,-432.55,-102.07,27.38
1825,-13.71,-552.73,-99.21,38.16
1826,-16.89,-523.29,-116.93,4.31
1827,-22.03,-523.48,-121.58,16.12
1828,-19.92,-511.26,-77.73,103.3
1829,-39.52,-584.77,-118.0,-28.88
1830,2.8,-319.14,-98.05,26.16
1831,-16.46,-484.11,-104.9,-1.49
1832,-4.78,-483.05,-102.65,32.48
1833,-21.85,-459.02,-88.09,48.79
1834,-22.28,-489.49,-186.51,-76.24
1835,-21.59,-518.11,-137.36,83.14
1836,-2.65,-366.9,-61.88,11.82
1837,-25.84,-511.64,-92.3,34.72
1838,-50.11,-683.06,-91.03,67.69
1839,6.32,-260.23,-109.04,42.26
1840,-13.48,-450.08,-99.32,28.68
1841,-24.26,-498.12,-103.39,31.16
1842,-19.85,-424.65,-104.65,20.18
1843,-8.35,-527.75,-114.83,8.05
1844,-17.59,-536.3,-99.46,30.18
1845,-25.87,-523.4,-104.05,47.82
1846,-24.02,-501.67,-113.81,36.97
1847,-5.52,-432.79,-96.8,31.78
1848,-13.86,-461.79,-97.75,43.71
1849,-26.16,-611.35,-136.08,26.01
1850,-22.66,-461.41,-105.27,-0.2
1851,-20.7,-408.98,-107.31,35.91
1852,-14.67,-400.52,-137.32,5.96
1853,-1.1,-429.45,-138.28,76.6
1854,-24.75,-493.12,-109.92,-20.36
1855,-34.67,-612.19,-80.47,52.99
1856,4.68,-383.34,-98.09,24.4
1857,-15.26,-474.25,-92.11,38.01
1858,-36.17,-512.24,-93.56,35.16
1859,-30.83,-554.41,-104.81,36.75
1860,-18.25,-547.87,-93.12,20.51
1861,13.37,-323.52,-146.1,65.72
1862,-23.31,-507.81,-78.87,-8.13
1863,-21.72,-486.99,-101.11,10.34
1864,-21.4,-460.13,-106.49,5.63
1865,-33.2,-505.44,-96.02,26.2
1866,-24.31,-525.27,-122.93,18.79
1867,-18.78,-468.75,-96.82,30.54
1868,-2.63,-463.18,-124.43,-0.43
1869,-9.52,-427.77,-86.8,54.69
1870,-15.86,-470.56,-165.3,72.49
1871,-11.12,-490.4,-77.79,9.94
1872,-13.88,-472.85,-107.29,16.58
1873,-21.89,-477.53,-103.71,16.69
1874,-26.89,-472.14,-117.55,28.35
1875,-11.51,-504.62,-92.53,28.16
1876,-14.19,-484.71,-99.06,50.51
1877,-30.14,-519.86,-121.78,4.44
1878,-10.44,-419.77,-85.99,44.26
1879,-11.08,-528.85,-109.17,6.96
1880,-19.35,-483.77,-100.28,1.97
1881,-27.16,-466.61,-80.27,71.6
1882,-16.88,-462.3,-117.83,16.35
1883,-16.01,-445.31,-133.55,-38.57
1884,-22.63,-549.8,-75.04,75.75
1885,-20.0,-531.54,-146.74,36.05
1886,-17.06,-474.43,-111.42,26.07
1887,-14.02,-369.51,-97.75,33.24
1888,-23.11,-509.98,-108.77,37.51
1889,-27.29,-545.98,-115.42,44.65
1890,-14.25,-450.83,-106.41,34.43
1891,-13.82,-440.31,-102.27,-43.53
1892,-14.48,-445.53,-114.11,40.43
1893,-34.16,-554.13,-84.44,63.39
1894,-30.66,-483.25,-100.11,34.11
1895,-39.55,-572.99,-110.61,12.28
1896,-13.24,-426.43,-107.47,6.44
1897,-19.67,-432.26,-70.69,78.3
1898,-45.68,-601.71,-143.17,4.71
1899,-22.29,-487.33,-107.71,18.33
1900,-4.26,-211.35,-83.72,-6.83
1901,-16.92,-567.31,-88.97,61.17
1902,-21.04,-523.75,-113.18,48.38
1903,-21.26,-466.52,-115.5,18.97
1904,-30.32,-540.27,-91.83,10.83
1905,-20.51,-451.79,-119.36,31.13
1906,-32.31,-509.38,-88.41,34.69
1907,-14.77,-446.78,-114.79,14.91
1908,-17.35,-535.39,-111.26,22.84
1909,-34.85,-543.88,-136.31,42.51
1910,-13.78,-385.06,-82.17,33.77
1911,-15.19,-450.08,-94.63,12.25
1912,-17.41,-424.71,-172.3,-26.58
1913,-40.66,-575.9,-76.58,75.56
1914,-15.38,-469.44,-102.45,30.34
1915,-3.63,-429.39,-109.68,-15.0
1916,-10.51,-430.48,-89.57,75.43
1917,-13.59,-360.42,-140.35,5.14
1918,-33.01,-593.69,-96.76,72.8
1919,-37.76,-535.99,-113.2,-1.57
1920,-22.38,-454.01,-75.41,36.9
1921,-17.4,-552.18,-89.67,12.61
1922,-5.77,-428.4,-109.12,7.82
1923,-39.65,-505.04,-106.98,24.11
1924,-28.65,-526.28,-100.77,23.36
1925,-15.85,-453.43,-90.36,60.99
1926,-9.65,-443.11,-74.85,60.12
1927,-22.15,-382.0,-111.84,2.89
1928,-44.29,-590.5,-108.03,-0.5
1929,-21.2,-513.56,-138.53,-37.92
1930,-9.13,-532.05,-123.59,22.98
1931,-24.32,-416.54,-58.5,80.15
1932,-5.28,-392.39,-111.1,36.72
1933,-22.35,-473.59,-84.49,31.31
1934,-26.04,-518.94,-104.18,40.48
1935,-27.62,-452.51,-162.25,14.55
1936,-16.08,-431.61,-89.2,41.22
1937,-26.54,-577.23,-108.09,119.84
1938,-20.27,-436.02,-102.19,-40.94
1939,-21.15,-517.46,-90.7,31.94
1940,-31.76,-532.38,-99.9,28.69
1941,-9.12,-372.3,-96.24,10.39
1942,-12.61,-465.09,-115.62,22.31
1943,-28.03,-460.42,-144.46,11.75
1944,19.87,-293.42,-86.59,18.64
1945,-31.27,-565.83,-83.13,56.79
1946,-21.91,-520.38,-93.56,63.71
1947,-16.57,-484.57,-108.16,12.58
1948,-21.99,-521.15,-94.93,36.73
1949,-26.21,-531.68,-105.59,24.43
1950,-34.2,-548.8,-108.89,4.52
1951,-37.48,-544.98,-104.13,22.17
1952,2.89,-356.29,-87.56,70.11
1953,-1.73,-437.7,-167.94,41.35
1954,-20.7,-468.88,-77.2,-6.67
1955,-29.71,-522.39,-94.03,-0.68
1956,-24.05,-440.54,-120.13,72.32
1957,-12.5,-318.77,-103.46,-27.59
1958,-37.23,-503.44,-78.0,57.09
1959,-22.92,-485.56,-89.21,13.24
1960,-13.64,-502.12,-89.01,95.57
1961,-18.26,-544.62,-125.23,9.85
1962,-24.93,-514.47,-118.04,11.77
1963,-10.29,-437.82,-90.82,52.29
1964,-26.43,-485.89,-76.57,-27.62
1965,-29.84,-506.71,-55.34,124.82
1966,-22.63,-504.71,-126.78,-4.78
1967,3.91,-367.71,-120.31,-0.33
1968,-39.29,-511.6,-196.53,-29.56
1969,-22.91,-461.82,-134.83,40.23
1970,-28.48,-496.85,-48.94,61.93
1971,-22.67,-478.89,-97.83,36.51
1972,-18.14,-507.91,-125.24,49.93
1973,-9.36,-438.84,-79.91,-23.18
1974,-23.2,-491.39,-112.46,11.57
1975,-35.88,-553.06,-78.08,10.14
1976,-3.32,-379.65,-90.14,-4.92
1977,-19.58,-537.9,-113.18,31.42
1978,-15.58,-459.82,-107.11,6.45
1979,-38.72,-631.68,-98.59,28.75
1980,-20.15,-331.57,-86.38,63.38
1981,-1.32,-386.52,-88.93,3.25
1982,4.76,-395.42,-136.63,59.03
1983,-33.39,-598.45,-72.02,9.58
1984,-37.68,-534.83,-91.65,21.97
1985,-20.91,-425.43,-87.55,-36.77
1986,-20.78,-512.93,-143.51,46.72
1987,-31.86,-537.22,-138.32,41.51
1988,-13.74,-489.14,-33.69,57.93
1989,-16.07,-465.96,-159.96,0.39
1990,-24.41,-408.49,-89.42,73.86
1991,-31.62,-636.25,-73.23,1.95
1992,-11.63,-458.72,-129.21,4.32
1993,-20.91,-461.02,-50.81,47.76
1994,2.72,-343.46,-120.8,-52.0
1995,-35.18,-567.0,-113.54,70.16
1996,-8.96,-373.45,-87.53,-1.98
1997,-15.13,-469.5,-129.55,-11.99
1998,-19.92,-554.24,-116.35,45.96
1999,-9.65,-443.61,-89.9,12.9
2000,-31.47,-482.92,-159.39,-16.09
2001,-34.33,-549.33,-64.9,46.08
2002,-14.76,-416.18,-83.81,16.05
2003,-40.06,-561.08,-108.12,32.19
2004,-46.72,-668.28,-78.92,26.86
2005,0.14,-282.1,-98.51,26.4
2006,-8.69,-432.8,-95.48,18.71
2007,-26.59,-556.1,-159.11,45.38
2008,-14.74,-437.7,-68.01,30.09
2009,-5.25,-472.12,-92.98,72.5
2010,-9.08,-450.77,-82.91,1.45
2011,-23.49,-408.69,-101.5,3.95
2012,-49.22,-579.14,-94.97,40.94
2013,-15.53,-468.93,-73.28,55.2
2014,-15.94,-503.26,-111.01,18.67
2015,-18.79,-474.08,-101.78,-9.47
2016,-43.96,-633.3,-207.86,24.3
2017,-23.14,-447.98,-40.36,32.89
2018,1.66,-311.18,-75.11,8.65
2019,-20.59,-473.03,-104.86,28.61
2020,-30.31,-522.64,-97.84,23.64
2021,-18.65,-476.15,-91.83,35.77
2022,-24.93,-473.55,-83.88,-5.97
2023,-24.8,-491.99,-89.33,53.64
2024,-19.91,-513.63,-152.35,-0.82
2025,-20.62,-523.86,-43.61,46.49
2026,-13.59,-332.54,-87.15,63.17
2027,-33.26,-533.26,-83.22,23.47
2028,-16.71,-521.74,-108.39,13.61
2029,-8.16,-472.71,-93.04,48.4
2030,-31.15,-537.06,-84.71,18.42
2031,-23.03,-436.99,-79.8,40.7
2032,-23.36,-458.94,-142.71,3.93
2033,-24.18,-474.06,-69.6,-7.68
2034,-25.03,-537.7,-153.8,98.73
2035,-23.2,-490.83,-72.58,-48.81
2036,-16.36,-368.78,-108.54,8.17
2037,-30.69,-514.73,-75.78,34.67
2038,-14.52,-500.14,-107.28,4.82
2039,7.88,-238.38,-63.01,48.46
2040,-42.62,-601.49,-142.64,47.99
2041,-24.54,-509.92,-56.84,16.93
2042,-21.28,-504.64,-86.68,13.66
2043,-33.21,-523.5,-96.6,16.8
2044,-20.7,-502.82,-100.17,-29.07
2045,-22.65,-435.7,-106.2,92.68
2046,-26.62,-501.23,-79.26,3.9
2047,-31.08,-558.42,-70.6,37.87
2048,-7.77,-407.07,-106.07,4.39
2049,-27.88,-415.31,-134.79,8.81
2050,-7.23,-424.79,-60.47,24.36
2051,-24.09,-409.25,-103.32,-6.06
2052,-16.58,-507.27,-103.19,25.44
2053,-41.77,-570.48,-67.58,53.24
2054,-15.63,-489.19,-76.9,5.55
2055,-18.02,-478.5,-78.92,34.06
2056,-17.13,-479.14,-99.77,4.27
2057,-19.09,-438.19,-83.34,33.18
2058,-37.44,-536.86,-86.0,30.05
2059,-43.25,-588.22,-96.21,14.86
2060,-2.97,-366.13,-95.79,-2.07
2061,-4.49,-427.2,-84.99,23.26
2062,-21.06,-499.51,-83.96,79.94
2063,-29.45,-461.1,-116.89,15.61
2064,-28.59,-462.63,-72.59,49.35
2065,-20.59,-451.99,-96.62,14.48
2066,-26.67,-528.61,-84.83,-2.98
2067,-21.82,-415.51,-149.78,74.54
2068,-42.47,-478.42,-93.82,14.8
2069,2.7,-411.47,-71.47,26.02
2070,-26.42,-546.78,-89.93,43.47
2071,-22.76,-464.55,-82.25,28.61
2072,-21.23,-505.42,-91.68,27.76
2073,-18.68,-448.71,-85.16,33.48
2074,-19.69,-476.48,-92.3,23.52
2075,-22.17,-497.64,-118.7,8.29
2076,-32.41,-536.46,-90.93,-17.86
2077,-45.77,-431.68,-85.36,62.71
2078,0.78,-332.19,-133.72,61.34
2079,-26.97,-561.83,-97.92,-48.59
2080,-15.07,-445.01,-95.86,31.71
2081,-30.22,-492.68,-104.27,10.19
2082,-25.04,-494.4,-88.03,37.71
2083,-26.47,-482.21,-74.2,29.93
2084,-27.09,-479.93,-77.7,32.14
2085,-24.92,-480.32,-84.4,30.67
2086,-21.62,-469.43,-86.27,31.91
2087,-21.31,-451.44,-86.96,32.4
2088,-25.81,-481.62,-96.4,25.23
2089,-41.45,-516.79,-110.49,-11.39
2090,-46.46,-600.0,-106.73,24.53
2091,-16.82,-369.8,-99.26,100.56
2092,-5.17,-429.61,-85.71,55.3
2093,-7.82,-465.49,-95.08,7.54
2094,-15.5,-458.7,-72.96,13.06
2095,-6.59,-382.41,-86.72,40.0
2096,-9.74,-403.49,-84.13,53.48
2097,-39.35,-574.41,-96.55,24.26
2098,-43.81,-473.59,-87.35,8.95
2099,-39.04,-558.89,-83.74,32.29
2100,-40.66,-588.33,-88.79,24.26
2101,2.17,-372.23,-90.0,33.34
2102,-13.25,-436.93,-84.03,43.0
2103,-17.53,-457.09,-94.27,19.77
2104,-24.05,-510.27,-115.63,5.13
2105,-18.49,-474.75,-139.55,74.09
2106,-5.9,-451.54,-66.66,14.34
2107,-21.67,-503.94,-90.94,77.84
2108,-27.06,-488.52,-104.38,17.35
2109,-30.46,-517.64,-107.46,7.95
2110,-22.32,-444.4,-107.57,11.99
2111,-13.07,-407.77,-106.4,-15.31
2112,5.08,-339.69,-126.75,-23.64
2113,-9.38,-371.12,-75.87,88.5
2114,-46.64,-554.38,-78.07,35.05
2115,-46.9,-592.5,-75.97,37.41
2116,-29.66,-539.57,-93.1,37.33
2117,-17.74,-492.89,-109.47,-15.79
2118,-38.41,-532.73,-90.3,43.93
2119,-29.22,-492.08,-81.21,54.98
2120,-8.66,-360.73,-78.45,47.92
2121,-21.51,-451.6,-81.04,11.2
2122,-17.02,-506.88,-198.44,-5.85
2123,-9.95,-332.76,-47.03,24.58
2124,-28.88,-470.87,-83.74,52.32
2125,-44.78,-530.85,-78.57,38.84
2126,-19.92,-467.18,-96.78,-3.09
2127,-26.7,-435.45,-86.41,10.15
2128,-15.9,-488.49,-193.69,69.6
2129,-32.11,-646.45,-48.19,15.17
2130,-2.54,-122.93,-112.27,7.66
2131,-3.46,-495.29,-85.99,28.41
2132,-35.96,-568.02,-107.19,-19.06
2133,-35.18,-538.75,-55.5,59.23
2134,-27.02,-425.13,-77.56,52.01
2135,-24.75,-470.25,-134.38,-5.71
2136,-20.08,-493.54,-52.18,53.28
2137,-19.02,-467.59,-93.28,46.12
2138,-37.73,-466.3,-119.88,22.88
2139,-22.9,-467.82,-74.87,16.43
2140,-24.62,-510.01,-87.17,4.27
2141,-15.33,-517.83,-90.76,65.12
2142,-23.67,-467.59,-99.69,4.53
2143,-49.12,-562.09,-107.02,-8.93
2144,-10.12,-363.5,-126.78,105.58
2145,-10.18,-310.19,-59.89,62.05
2146,-27.57,-559.41,-102.48,-19.74
2147,-22.61,-488.32,-82.0,7.39
2148,-11.74,-457.29,-108.22,39.46
2149,-27.57,-546.91,-76.94,16.02
2150,-35.06,-370.91,-75.21,46.26
2151,-27.99,-529.56,-128.39,51.22
2152,-15.16,-467.65,-83.05,22.99
2153,-21.4,-468.28,-75.86,-64.13
2154,-21.65,-437.36,-140.26,90.17
2155,-25.36,-526.69,-52.09,1.2
2156,-30.14,-481.25,-86.44,3.45
2157,-27.32,-369.75,-74.42,51.05
2158,-27.86,-535.78,-74.52,65.84
2159,-13.62,-454.2,-111.03,9.62
2160,-34.88,-503.14,-68.49,23.46
2161,-24.75,-446.61,-89.08,29.44
2162,-17.91,-469.29,-101.02,-12.79
2163,-22.3,-454.4,-70.34,26.18
2164,-23.25,-513.31,-137.32,23.16
2165,-17.05,-447.24,-72.31,13.8
2166,-21.58,-475.02,-66.82,54.56
2167,-46.43,-489.47,-122.0,40.83
2168,-31.43,-502.18,-67.2,-31.82
2169,-26.0,-463.42,-91.35,16.81
2170,-13.43,-402.56,-71.45,25.34
2171,-26.81,-483.46,-106.23,11.64
2172,-36.45,-470.04,-86.48,34.29
2173,-1.33,-287.65,-116.74,90.92
2174,-45.33,-604.36,-57.65,3.64
2175,-18.77,-541.97,-71.77,30.04
2176,-9.75,-446.41,-105.49,17.5
2177,-26.47,-460.62,-104.59,1.87
2178,-32.19,-457.28,-85.97,25.21
2179,-28.04,-459.3,-97.37,6.88
2180,-26.57,-518.47,-95.24,38.68
2181,-32.74,-533.58,-113.43,30.78
2182,-41.87,-522.6,-88.3,-4.36
2183,-1.78,-330.49,-74.63,6.63
2184,-21.87,-516.09,-103.99,63.86
2185,-26.65,-432.22,-110.74,26.33
2186,-14.51,-465.36,-66.72,27.53
2187,-17.28,-504.07,-127.61,-39.53
2188,-17.15,-428.93,-63.8,49.32
2189,-28.97,-479.7,-57.47,63.08
2190,-28.94,-403.2,-124.86,-34.92
2191,-19.12,-417.44,-84.79,57.68
2192,-30.02,-552.57,-104.55,45.93
2193,-21.7,-507.71,-75.08,27.7
2194,-34.91,-537.97,-59.34,42.03
2195,-21.2,-424.64,-98.96,44.44
2196,-17.53,-507.83,-101.72,-33.59
2197,-33.68,-464.71,-69.43,79.06
2198,-42.81,-555.01,-100.45,38.4
2199,-17.16,-376.45,-108.74,-28.5
2200,-4.88,-432.66,-114.89,25.85
2201,-24.6,-490.98,-103.25,-33.46
2202,-20.26,-480.08,-77.58,21.82
2203,-24.86,-450.13,-69.7,49.98
2204,-14.51,-440.8,-137.08,-29.91
2205,-23.05,-532.36,-49.42,67.16
2206,-15.63,-395.53,-94.96,-22.61
2207,-23.97,-352.12,-85.74,75.61
2208,-52.7,-603.93,-103.34,81.57
2209,-12.79,-490.31,-71.78,10.62
2210,-23.79,-504.83,-102.02,-13.63
2211,-26.11,-516.54,-78.73,39.74
2212,-31.98,-532.53,-102.64,-8.96
2213,6.24,-298.75,-109.81,-22.17
2214,-15.44,-458.38,-106.94,42.56
2215,-43.26,-514.48,-78.81,77.08
2216,-32.3,-502.96,-170.39,-32.82
2217,-12.14,-458.1,-55.57,40.97
2218,-21.23,-485.48,-83.31,-41.26
2219,-1.43,-308.32,-75.38,45.13
2220,-42.4,-519.77,-68.27,45.7
2221,-25.95,-585.69,-97.57,-38.41
2222,-10.41,-391.88,-131.02,39.61
2223,-43.83,-621.64,-75.45,-20.11
2224,-22.57,-395.64,-111.81,43.21
2225,-36.6,-535.26,-27.64,49.42
2226,-13.07,-477.62,-101.78,13.37
2227,-47.08,-536.31,-129.95,40.49
2228,-9.22,-460.8,-74.07,20.89
2229,-8.79,-349.08,-137.95,-27.03
2230,-7.57,-438.1,-91.98,60.86
2231,-25.98,-486.16,-66.16,-24.23
2232,-14.12,-410.22,-71.91,14.99
2233,-5.59,-315.15,-87.53,26.88
2234,-35.11,-601.56,-77.86,39.21
2235,-19.33,-480.29,-93.19,-20.83
2236,-30.87,-497.87,-67.68,48.34
2237,-37.73,-566.7,-99.54,24.3
2238,-34.49,-611.83,-93.31,-3.47
2239,8.47,-345.23,-98.15,8.87
2240,-23.6,-396.42,-80.51,20.71
2241,3.58,-432.86,-154.37,21.5
2242,-33.97,-531.43,-50.05,87.25
2243,-36.28,-543.52,-111.09,-77.43
2244,-13.54,-354.0,-118.74,59.63
2245,-9.75,-536.2,-75.06,-28.32
2246,-21.64,-498.54,-137.36,84.04
2247,-7.91,-406.43,-45.87,1.06
2248,-19.91,-542.84,-76.97,30.0
2249,-11.74,-524.01,-100.21,33.78
2250,-35.57,-519.54,-78.08,28.6
2251,-46.05,-536.15,-88.44,-16.05
2252,-2.35,-396.72,-89.57,4.85
2253,-4.41,-413.08,-38.46,62.4
2254,-22.03,-477.41,-114.01,19.82
2255,-8.39,-473.43,-101.63,3.61
2256,-19.19,-481.52,-124.39,23.28
2257,-34.18,-481.9,-66.28,14.03
2258,-24.17,-448.95,-77.71,45.61
2259,-16.02,-433.47,-170.46,-18.23
2260,-11.69,-450.29,-73.42,51.9
2261,-5.87,-431.0,-67.02,154.3
2262,-44.28,-621.08,-80.24,-29.48
2263,-10.71,-404.13,-109.14,-1.92
2264,-4.96,-467.63,-74.93,29.11
2265,-2.31,-463.39,-95.16,-61.49
2266,-7.98,-439.31,-89.91,74.68
2267,-24.7,-427.66,-81.71,21.89
2268,-20.03,-395.74,-107.74,-1.18
2269,-19.06,-486.04,-100.79,-6.2
2270,-28.47,-538.24,-79.17,58.28
2271,-18.46,-432.92,-102.09,21.54
2272,-33.2,-562.91,-73.67,43.6
2273,-24.34,-565.3,-64.59,17.13
2274,-28.56,-502.62,-105.07,39.71
2275,-21.97,-498.37,-152.16,21.54
2276,-23.27,-545.09,-63.33,-9.45
2277,-33.06,-502.72,-76.02,49.09
2278,-16.13,-385.61,-133.82,48.29
2279,-15.52,-393.75,-51.8,17.97
2280,-6.92,-412.46,-85.54,28.91
2281,-18.72,-454.13,-81.15,16.37
2282,-35.71,-553.66,-98.3,3.31
2283,-9.42,-383.19,-75.13,5.27
2284,-0.56,-395.11,-80.24,24.34
2285,-8.26,-443.27,-80.89,-1.95
2286,-24.36,-592.16,-64.75,81.5
2287,-18.37,-456.24,-87.16,-0.53
2288,-14.24,-397.38,-117.89,-36.55
2289,-39.08,-507.42,-60.64,101.37
2290,-15.83,-465.03,-104.94,-20.89
2291,-15.37,-518.36,-95.68,28.91
2292,-28.98,-490.56,-141.31,76.79
2293,1.25,-445.97,-48.44,-0.85
2294,-46.09,-598.92,-188.29,-37.95
2295,-39.47,-485.93,-69.69,45.09
2296,1.6,-316.12,-66.13,12.67
2297,-12.65,-459.7,-73.97,27.38
2298,-18.49,-498.7,-80.12,33.89
2299,-11.79,-470.44,-107.49,38.55
2300,-23.2,-432.35,-73.65,3.5
2301,-16.25,-527.83,-74.99,-15.57
2302,-25.21,-485.04,-67.23,30.24
2303,-34.18,-633.58,-95.4,21.78
2304,-10.25,-312.18,-76.93,33.65
2305,-6.42,-441.08,-100.94,-3.87
2306,-16.71,-451.1,-84.82,10.22
2307,-31.11,-531.86,-74.85,55.44
2308,-25.93,-510.8,-83.87,56.93
2309,-13.15,-465.36,-94.69,-49.02
2310,-19.19,-429.77,-123.64,-7.35
2311,-13.62,-540.87,-82.28,70.9
2312,-15.44,-403.64,-89.96,22.21
2313,-30.72,-527.14,-65.39,16.0
2314,2.67,-383.64,-89.52,27.81
2315,-28.66,-499.47,-95.98,20.12
2316,-22.27,-514.76,-125.16,40.58
2317,1.72,-419.45,-120.19,-48.5
2318,-43.9,-524.09,-57.04,55.17
2319,-10.32,-446.69,-122.14,17.24
2320,-10.82,-505.56,-78.45,54.11
2321,-15.18,-455.53,-127.98,-11.7
2322,-23.05,-452.83,-70.76,29.57
2323,-24.22,-512.76,-75.79,31.55
2324,-13.39,-441.11,-78.27,19.66
2325,-33.69,-573.5,-75.61,88.61
2326,-27.88,-397.83,-96.71,-27.55
2327,-2.13,-460.09,-91.47,20.62
2328,-11.98,-453.12,-105.69,-6.08
2329,-13.57,-440.87,-81.67,-2.11
2330,-23.86,-486.4,-99.43,37.21
2331,-20.86,-435.71,-73.53,34.67
2332,-16.3,-485.07,-110.43,-50.48
2333,-23.75,-436.27,-151.36,61.33
2334,-38.21,-526.78,-28.55,36.01
2335,-32.03,-627.43,-104.67,61.81
2336,0.92,-394.18,-83.76,19.91
2337,-17.68,-478.62,-82.29,20.06
2338,-28.87,-518.88,-87.4,32.85
2339,-24.58,-455.25,-93.37,15.2
2340,21.35,-280.23,-162.34,54.98
2341,-45.08,-515.94,-65.95,53.04
2342,-38.41,-552.6,-81.25,22.41
2343,-26.85,-501.0,-90.98,-42.1
2344,-19.58,-496.76,-80.83,55.82
2345,-16.28,-496.85,-114.34,15.26
2346,-18.21,-484.15,-87.55,50.2
2347,-26.75,-504.16,-93.67,44.95
2348,-23.76,-479.0,-91.63,20.08
2349,-19.2,-424.27,-85.3,41.98
2350,-20.03,-556.27,-129.71,-99.62
2351,-5.98,-346.0,-114.82,56.43
2352,-43.06,-501.94,-102.65,-4.9
2353,-34.52,-592.4,-69.87,69.38
2354,-8.75,-414.15,-93.53,38.77
2355,-16.23,-404.24,-119.42,23.55
2356,-24.05,-472.83,-84.1,11.15
2357,-12.5,-378.4,-81.48,30.57
2358,-14.62,-438.8,-84.52,35.7
2359,-22.34,-551.97,-121.69,23.76
2360,-50.33,-593.09,-83.77,-27.09
2361,-22.53,-533.34,-78.53,24.72
2362,-21.7,-451.11,-110.13,6.88
2363,-12.12,-444.63,-108.42,33.8
2364,-16.75,-435.72,-66.74,41.51
2365,-28.69,-498.02,-113.21,-32.67
2366,-19.78,-443.02,-74.17,76.02
2367,-47.64,-571.91,-62.46,12.73
2368,-12.45,-403.83,-62.5,49.7
2369,-13.13,-481.84,-84.79,32.56
2370,-17.2,-457.8,-107.37,5.24
2371,-15.74,-419.64,-61.23,41.22
2372,-21.33,-545.36,-122.14,-62.07
2373,-40.85,-574.52,-71.71,2.58
2374,-19.72,-495.0,-103.97,41.84
2375,-5.99,-457.52,-73.86,1.95
2376,-16.61,-354.02,-105.3,29.16
2377,-23.82,-457.79,-70.83,5.86
2378,-34.18,-563.86,-61.72,21.66
2379,-8.21,-445.09,-73.07,46.65
2380,-21.17,-493.63,-88.94,-17.37
2381,-31.35,-523.66,-83.15,30.76
2382,-20.72,-452.71,-81.89,70.78
2383,-7.62,-360.24,-94.47,14.72
2384,-37.13,-511.2,-119.75,13.0
2385,-18.47,-513.67,-128.8,34.71
2386,-18.24,-522.09,-70.62,-26.57
2387,-28.47,-551.74,-74.42,11.31
2388,19.79,-332.77,-83.54,39.53
2389,-3.1,-383.15,-99.47,12.62
2390,-39.42,-508.65,-41.29,68.2
2391,-48.61,-590.8,-100.98,-9.22
2392,-21.19,-479.05,-123.74,-16.52
2393,-12.67,-449.85,-60.02,9.46
2394,-18.0,-473.64,-92.93,42.1
2395,-12.75,-412.92,-88.64,31.68
2396,-34.56,-570.66,-88.22,29.22
2397,-15.34,-494.67,-168.21,-39.61
2398,-19.56,-423.02,-56.34,48.9
2399,-34.45,-538.51,-123.33,65.82
2400,-22.26,-466.66,-52.28,5.91
2401,-27.28,-502.58,-66.42,27.78
2402,-24.42,-497.72,-97.12,43.23
2403,-9.62,-450.39,-109.5,25.24
2404,-19.05,-473.94,-61.91,29.39
2405,-24.08,-490.49,-87.2,26.84
2406,-20.06,-473.4,-88.41,15.52
2407,-20.04,-466.22,-63.56,36.52
2408,-8.45,-233.71,-105.96,32.18
2409,-24.14,-577.88,-74.15,47.96
2410,-23.42,-527.87,-101.9,37.78
2411,-26.71,-506.11,-88.54,29.36
2412,-18.79,-483.71,-101.17,20.14
2413,-19.27,-533.7,-94.87,15.4
2414,-47.73,-608.0,-91.9,4.68
2415,-35.47,-529.4,-99.02,0.48
2416,2.41,-254.28,-90.08,50.97
2417,-12.1,-461.47,-89.09,33.99
2418,-16.63,-468.46,-86.16,34.67
2419,-22.71,-498.84,-93.91,30.06
2420,-14.81,-478.28,-90.1,27.02
2421,-23.67,-481.79,-86.92,28.49
2422,-17.34,-486.04,-104.29,20.02
2423,-9.91,-487.53,-105.47,4.1
2424,-21.9,-501.78,-117.48,13.42
2425,-32.44,-339.78,-103.32,6.03
2426,-30.74,-571.72,-79.44,49.62
2427,-6.58,-424.0,-87.49,48.64
2428,-17.34,-506.63,-92.36,32.33
2429,-17.09,-506.2,-107.12,-21.75
2430,-13.35,-430.19,-81.37,48.56
2431,-12.07,-515.71,-132.69,14.65
2432,-18.01,-439.7,-117.13,77.92
2433,-14.4,-465.16,-64.07,-2.94
2434,-16.29,-491.41,-83.47,10.88
2435,-24.14,-493.04,-86.6,35.47
2436,-26.18,-480.09,-80.34,22.27
2437,-12.99,-476.27,-91.41,23.01
2438,-15.62,-480.62,-95.55,26.54
2439,-19.94,-479.87,-90.74,22.13
2440,-29.65,-492.99,-123.64,-11.59
2441,-24.43,-441.41,-86.63,-9.27
2442,-17.15,-540.93,-79.15,49.88
2443,-25.37,-494.93,-101.88,57.1
2444,-8.84,-405.95,-81.06,26.92
2445,-10.63,-455.56,-91.32,8.42
2446,-13.31,-457.96,-85.41,38.39
2447,-24.46,-505.06,-87.36,10.92
2448,-27.1,-499.36,-93.65,33.06
2449,-21.16,-489.17,-96.21,23.84
2450,-23.1,-480.48,-102.45,22.25
2451,-23.7,-481.42,-94.78,23.02
2452,-23.74,-480.61,-100.0,18.41
2453,-45.33,-476.11,-92.97,21.72
2454,-30.96,-467.03,-97.04,22.24
2455,-2.46,-623.95,-131.03,-39.29
2456,-23.9,-444.18,-125.11,69.68
2457,-16.01,-409.2,-106.43,44.68
2458,-7.45,-404.68,-70.82,29.39
2459,-18.57,-467.45,-94.72,11.45
2460,-15.61,-474.19,-97.57,15.21
2461,-23.42,-489.55,-99.37,24.63
2462,-20.6,-476.91,-112.61,19.06
2463,4.07,-257.93,-105.08,-2.48
2464,-47.77,-674.05,-121.54,3.28
2465,-9.09,-409.37,-106.19,40.35
2466,-38.89,-519.55,-107.91,43.96
2467,-29.07,-527.38,-92.1,23.54
2468,-15.75,-473.71,-100.25,32.04
2469,-24.38,-482.04,-107.75,27.39
2470,-21.77,-480.67,-99.56,21.85
2471,-25.08,-487.65,-112.04,-45.79
2472,-36.31,-515.35,-107.69,87.57
2473,-19.31,-554.79,-89.18,31.4
2474,-13.77,-412.39,-94.63,25.67
2475,-17.15,-465.55,-107.74,-7.11
2476,-24.95,-487.8,-102.65,27.28
2477,-30.31,-483.85,-110.06,18.26
2478,-12.25,-409.85,-104.69,12.17
2479,-34.69,-589.32,-129.8,-24.01
2480,-28.68,-385.54,-95.94,27.31
2481,-39.24,-516.56,-97.35,32.82
2482,-32.47,-477.73,-97.33,30.56
2483,5.51,-367.81,-91.95,20.47
2484,-23.97,-520.49,-152.91,-30.41
2485,-28.3,-536.84,-106.4,20.67
2486,-16.49,-446.97,-66.75,72.97
2487,-21.71,-514.89,-111.5,59.45
2488,-39.16,-602.16,-165.81,-36.09
2489,-26.51,-408.23,-72.93,10.12
2490,-34.75,-432.53,-113.56,15.79
2491,-35.37,-479.19,-95.83,38.18
2492,-23.86,-514.78,-110.28,-16.96
2493,-9.98,-452.75,-117.94,37.27
2494,-38.05,-521.98,-93.94,11.12
2495,-34.56,-521.81,-111.92,-25.13
2496,-12.14,-384.08,-111.9,-20.44
2497,-19.66,-464.63,-88.86,32.8
2498,-18.39,-497.78,-126.33,6.58
2499,-15.45,-485.74,-108.95,88.77
2500,-26.64,-451.99,-132.07,13.01
2501,-11.86,-498.95,-72.53,8.86
2502,-16.75,-451.77,-87.38,48.44
2503,-32.31,-483.1,-107.37,-0.75
2504,-18.22,-482.72,-100.39,-21.46
2505,-22.26,-484.46,-105.22,13.41
2506,-31.95,-481.29,-112.08,-8.5
2507,-33.59,-516.8,-180.46,3.27
2508,-5.85,-401.07,-86.6,-24.19
2509,-50.06,-689.42,-116.97,40.1
2510,-19.59,-365.06,-88.98,11.72
2511,-6.52,-326.92,-84.16,23.5
2512,-5.04,-416.2,-139.21,43.64
2513,-21.14,-485.94,-132.08,50.11
2514,-30.69,-509.67,-102.17,-5.22
2515,-37.55,-565.17,-144.64,61.7
2516,-8.02,-384.07,-84.23,-36.62
2517,-39.26,-543.41,-68.08,50.57
2518,-46.85,-613.03,-112.27,-3.92
2519,0.04,-390.02,-72.08,-11.1
2520,-29.76,-534.28,-87.43,16.28
2521,-31.41,-514.76,-88.75,33.44
2522,4.16,-392.15,-93.55,12.19
2523,-11.07,-460.22,-96.55,11.12
2524,-18.91,-394.25,-187.51,-4.81
2525,-16.86,-455.89,-85.58,62.41
2526,-31.88,-472.72,-100.65,23.04
2527,-18.21,-484.88,-105.61,35.87
2528,-33.2,-532.34,-80.58,-34.58
2529,-25.88,-484.14,-192.76,-11.38
2530,-25.27,-533.26,-50.77,48.81
2531,-29.23,-557.05,-93.19,14.02
2532,-42.89,-542.53,-77.21,51.59
2533,5.13,-365.26,-111.53,-3.41
2534,-6.59,-423.66,-65.93,-26.94
2535,-20.63,-489.51,-66.39,19.8
2536,-34.78,-546.03,-97.14,-9.46
2537,-23.18,-447.65,-103.17,-6.2
2538,-9.58,-452.05,-98.28,2.75
2539,-18.04,-450.99,-198.15,18.3
2540,-19.87,-469.26,-29.2,31.95
2541,-30.27,-477.27,-82.6,27.16
2542,-31.21,-459.69,-92.35,-25.99
2543,-25.9,-515.58,-115.87,23.37
2544,-18.06,-453.23,-101.99,13.33
2545,-40.05,-542.01,-93.42,15.93
2546,-28.41,-530.44,-70.15,39.29
2547,-17.94,-446.68,-91.85,-2.96
2548,-1.45,-432.12,-141.5,44.28
2549,-16.46,-441.35,-66.88,-11.78
2550,-31.06,-536.76,-80.59,16.82
2551,-12.61,-362.42,-90.54,15.22
2552,-15.98,-577.56,-91.25,-15.62
2553,-25.97,-467.48,-85.69,35.65
2554,-27.65,-537.16,-88.77,17.28
2555,-24.68,-475.03,-88.34,21.21
2556,-32.78,-494.11,-83.81,30.7
2557,-26.98,-512.08,-84.47,-1.66
2558,-20.77,-546.1,-94.2,21.61
2559,-27.3,-472.39,-113.4,49.06
2560,-17.23,-459.63,-84.64,2.16
2561,-19.01,-465.27,-109.74,-47.88
2562,-40.64,-531.13,-90.39,42.26
2563,-16.68,-392.86,-80.06,36.86
2564,-23.37,-411.94,-83.66,19.07
2565,-47.22,-627.96,-86.34,25.98
2566,-1.76,-446.9,-106.41,-5.98
2567,-11.26,-412.41,-101.8,21.44
2568,-17.97,-433.23,-91.92,47.87
2569,-17.05,-500.02,-99.65,-0.36
2570,-38.83,-571.66,-79.31,31.39
2571,-15.72,-476.58,-94.27,-69.41
2572,-20.7,-503.87,-117.49,58.4
2573,-34.14,-513.31,-95.83,25.03
2574,-44.34,-581.15,-128.22,-34.24
2575,-13.72,-347.24,-172.21,34.37
2576,-20.64,-490.18,-56.85,61.98
2577,-19.77,-464.25,-65.07,59.2
2578,-17.85,-492.47,-80.7,29.64
2579,-17.28,-484.43,-100.62,-9.72
2580,-18.13,-470.37,-107.82,-4.21
2581,-39.5,-523.67,-95.63,2.35
2582,-27.85,-469.1,-115.82,36.01
2583,4.88,-375.07,-95.88,-12.74
2584,-11.2,-459.09,-86.76,-13.54
2585,-22.53,-467.82,-97.63,24.16
2586,-22.13,-509.76,-112.0,29.25
2587,-32.8,-488.09,-100.86,3.93
2588,-35.69,-550.98,-93.07,32.26
2589,-7.69,-476.81,-175.72,7.22
2590,-40.58,-478.27,-52.7,68.77
2591,-11.02,-425.13,-87.7,-8.42
2592,-25.3,-564.36,-114.03,4.4
2593,-26.72,-521.57,-99.23,19.21
2594,-13.32,-365.96,-77.73,19.92
2595,-8.98,-448.31,-154.26,4.34
2596,-31.09,-445.06,-59.25,-11.26
2597,-34.58,-632.09,-154.91,-110.99
2598,-6.73,-489.15,-136.46,82.69
2599,-28.81,-491.78,-121.82,46.03
2600,-24.42,-432.59,-86.5,13.54
2601,-14.8,-442.28,-40.49,104.43
2602,-49.36,-550.57,-146.07,-43.52
2603,-22.38,-423.61,-98.94,-0.29
2604,-16.13,-533.62,-147.42,33.83
2605,-22.87,-544.76,-88.4,80.95
2606,-20.05,-450.37,-102.18,26.64
2607,-30.74,-514.8,-72.58,-45.98
2608,-40.1,-481.84,-81.33,35.25
2609,-10.54,-408.59,-246.52,-156.48
2610,-14.61,-559.13,-69.18,30.29
2611,1.59,-280.44,-116.14,-32.97
2612,-26.41,-486.56,-214.29,95.5
2613,-38.29,-616.14,-52.37,76.54
2614,-17.08,-435.95,-295.19,-112.42
2615,-30.78,-492.11,-20.61,5.63
2616,-47.05,-639.16,-62.22,18.7
2617,-39.3,-559.6,-126.6,65.58
2618,-3.68,-309.04,-81.7,21.02
2619,5.11,-532.02,-248.8,-26.12
2620,-29.47,-474.82,-191.46,120.06
2621,-29.69,-515.79,-1.96,-109.89
2622,-13.64,-454.83,-45.02,13.02
2623,-34.25,-548.2,-75.33,42.64
2624,-24.98,-424.2,-90.81,-23.71
2625,-18.13,-389.75,-143.76,-9.9
2626,-53.09,-690.41,-52.17,52.08
2627,0.43,-386.01,-78.29,-20.0
2628,-10.57,-296.73,-80.9,20.49
2629,-28.77,-536.43,-71.32,-29.95
2630,-14.67,-436.9,-73.29,83.29
2631,-12.36,-411.85,-107.1,25.78
2632,-24.66,-543.25,-67.92,10.12
2633,-15.55,-557.7,-89.04,-19.53
2634,-41.96,-527.17,-84.34,4.37
2635,-6.11,-385.89,-185.43,-2.62
2636,-8.02,-503.98,-37.46,120.62
2637,-21.79,-561.87,-97.5,101.95
2638,-31.76,-501.06,-92.2,-120.99
2639,9.54,-418.08,-83.39,-4.25
2640,-10.89,-450.53,-95.66,156.58
2641,-29.01,-463.92,-75.82,-74.35
2642,-10.27,-474.82,-126.29,9.62
2643,-29.54,-584.73,-140.79,-57.68
2644,-20.54,-370.94,-234.24,-52.96
2645,10.67,-364.92,-14.31,120.9
2646,-35.3,-546.9,-62.36,8.02
2647,-14.51,-445.12,-148.46,-19.59
2648,-9.68,-472.03,-10.54,54.74
2649,-15.43,-495.82,-101.33,24.16
2650,-23.53,-559.94,-67.21,12.61
2651,-22.51,-389.79,-61.97,70.02
2652,-28.25,-556.83,-70.86,31.0
2653,9.37,-355.15,-99.35,-14.49
2654,-32.27,-627.5,-66.84,71.82
2655,-26.05,-538.96,-114.43,-5.76
2656,-24.07,-436.12,-96.16,80.45
2657,-4.51,-384.15,-76.54,0.54
2658,-5.71,-512.93,-87.15,11.48
2659,-14.3,-507.11,-27.9,119.45
2660,-9.88,-455.35,-246.23,-30.38
2661,-23.35,-472.45,-121.99,-17.99
2662,-1.92,-466.22,-79.91,22.79
2663,-36.71,-491.91,-70.03,72.08
2664,-28.95,-485.8,-100.74,-24.54
2665,-6.6,-504.21,-90.91,50.72
2666,-13.58,-448.8,-146.5,4.84
2667,-23.53,-490.88,-68.94,46.22
2668,-14.89,-501.24,-45.37,38.43
2669,-8.39,-483.31,-92.51,-38.44
2670,-16.6,-327.19,-108.88,47.97
2671,-48.7,-690.19,-52.5,37.04
2672,-15.08,-443.74,-70.97,26.35
2673,-6.57,-526.55,-79.64,26.82
2674,-23.2,-417.3,-77.86,26.1
2675,9.16,-367.99,-118.98,-46.44
2676,-9.71,-535.88,-111.82,69.0
2677,-20.54,-422.91,-51.18,64.29
2678,-31.84,-491.96,-120.17,44.14
2679,-14.15,-524.02,-76.79,53.19
2680,-17.79,-511.99,-108.96,-37.9
2681,-15.86,-470.66,-57.32,29.6
2682,-18.25,-516.56,-47.95,64.14
2683,-16.76,-532.95,-109.81,-0.43
2684,-18.06,-467.04,-122.11,12.98
2685,-17.84,-508.51,-48.55,80.35
2686,-8.66,-416.76,-169.4,-3.26
2687,-31.03,-502.21,-24.76,53.58
2688,-9.16,-441.69,-106.01,-4.19
2689,-5.13,-484.19,-73.57,-29.36
2690,-37.03,-582.67,-89.97,59.3
2691,2.09,-427.37,-70.13,61.17
2692,0.48,-422.32,-82.68,71.57
2693,-0.86,-414.93,-100.1,-24.71
2694,-48.45,-623.82,-67.83,40.47
2695,2.32,-437.41,-127.32,-17.9
2696,-11.16,-455.68,-81.02,72.88
2697,-3.29,-464.07,-79.06,0.12
2698,-36.43,-584.33,-59.03,20.68
2699,-24.61,-433.31,-78.86,96.28
2700,-20.94,-503.3,-77.37,32.54
2701,-14.68,-480.7,-68.69,32.62
2702,-13.27,-450.23,-89.83,14.34
2703,-21.93,-562.19,-161.61,-10.22
2704,-11.17,-387.69,-84.82,92.04
2705,-16.01,-513.56,-53.94,11.49
2706,-25.75,-486.29,-69.1,39.74
2707,-9.09,-455.49,-92.76,36.19
2708,-20.48,-498.34,-72.36,34.48
2709,-25.52,-509.65,-97.81,24.08
2710,-16.77,-471.35,-90.91,7.22
2711,-23.12,-495.25,-96.04,-5.59
2712,-15.64,-488.57,-75.47,72.21
2713,-17.84,-467.15,-95.63,-8.25
2714,-36.07,-550.86,-86.26,60.19
2715,-20.97,-510.06,-80.53,2.72
2716,-21.81,-527.31,-97.67,12.25
2717,-4.95,-441.02,-90.81,34.39
2718,-15.61,-398.84,-79.15,70.18
2719,-21.57,-546.05,-81.74,27.62
2720,-21.45,-415.63,-122.96,-23.29
2721,-13.51,-466.13,-71.6,60.62
2722,-8.45,-437.42,-224.7,-67.31
2723,-10.01,-486.23,-46.35,71.75
2724,-27.17,-582.17,-64.56,81.68
2725,-22.25,-430.07,-74.6,11.61
2726,-20.33,-492.73,-123.74,29.2
2727,-3.15,-405.58,-69.49,-8.1
2728,-30.01,-525.16,-93.4,23.67
2729,-23.55,-520.87,-91.23,24.67
2730,-18.35,-507.39,-96.59,1.83
2731,-22.05,-501.66,-94.18,59.12
2732,-27.62,-500.67,-92.66,-3.86
2733,-9.71,-533.1,-117.41,-43.39
2734,-36.52,-407.39,-95.26,51.41
2735,-10.17,-344.4,-174.43,3.04
2736,-13.92,-550.72,-75.86,42.9
2737,-24.66,-554.51,-58.16,68.29
2738,-25.13,-509.93,-73.65,21.94
2739,-19.02,-475.65,-95.33,10.55
2740,-28.33,-488.92,-93.66,19.05
2741,-29.45,-479.59,-94.83,16.44
2742,-23.59,-443.16,-95.97,19.58
2743,-33.74,-601.1,-103.9,26.1
2744,-29.75,-570.43,-165.2,19.78
2745,-2.86,-360.38,-75.43,-12.45
2746,-13.57,-215.27,-97.04,14.12
2747,-20.13,-522.93,-140.12,-9.87
2748,-33.06,-587.24,-58.63,60.16
2749,-27.5,-516.18,-64.72,78.2
2750,-28.4,-511.12,-87.27,6.3
2751,-22.53,-491.57,-84.85,18.02
2752,-31.22,-516.67,-92.58,16.23
2753,-31.78,-585.57,-141.99,-53.24
2754,-33.82,-423.19,-72.43,94.58
2755,-26.03,-452.29,-164.14,0.68
2756,-0.75,-433.82,-52.41,24.53
2757,-3.33,-473.84,-93.47,15.75
2758,-33.31,-495.36,-108.8,35.23
2759,-33.3,-502.39,-96.77,23.32
2760,-28.02,-490.79,-89.69,12.94
2761,-29.07,-491.08,-97.44,18.96
2762,-29.65,-516.24,-147.58,0.21
2763,-12.66,-448.5,-92.7,13.13
2764,-2.21,-402.29,-100.84,3.47
2765,-16.23,-462.84,-105.0,26.74
2766,-23.77,-496.84,-93.86,34.69
2767,-24.82,-493.12,-90.14,22.22
2768,-31.11,-426.42,-99.28,11.51
2769,-37.67,-586.72,-112.14,9.84
2770,-54.05,-654.29,-106.35,12.03
2771,0.89,-262.61,-97.74,28.22
2772,-13.56,-534.37,-111.63,28.04
2773,-14.66,-497.74,-176.22,-14.39
2774,-7.16,-355.59,-95.05,-18.68
2775,-29.16,-503.07,-125.42,111.39
2776,-21.56,-424.42,-70.43,-29.5
2777,-24.81,-534.51,-108.47,53.64
2778,-32.0,-500.05,-93.45,6.54
2779,-26.31,-495.4,-102.56,20.92
2780,-24.92,-494.09,-107.65,21.43
2781,-25.09,-492.45,-108.55,21.3
2782,-36.78,-497.96,-106.46,24.34
2783,-43.57,-480.89,-98.78,25.62
2784,-18.48,-464.91,-103.17,24.31
2785,10.02,-477.91,-127.47,-15.82
2786,-42.55,-588.85,-109.11,22.82
2787,-42.6,-315.83,-128.16,40.59
2788,-23.94,-540.51,-137.42,40.58
2789,-13.09,-427.25,-119.02,-67.58
2790,-19.53,-505.71,-83.05,102.3
2791,-28.39,-522.68,-115.18,20.63
2792,-6.84,-435.82,-71.68,83.12
2793,-19.61,-460.01,-126.97,-51.65
2794,-25.25,-507.78,-105.5,28.6
2795,-27.61,-494.83,-112.69,15.17
2796,-32.32,-498.13,-102.35,19.54
2797,-33.13,-482.49,-97.12,22.12
2798,-30.84,-487.73,-110.15,17.2
2799,-14.86,-484.19,-112.23,21.41
2800,-18.84,-478.24,-107.62,17.95
2801,-18.66,-483.83,-110.99,19.71
2802,-16.88,-487.14,-112.32,22.3
2803,-21.55,-486.47,-113.67,20.04
2804,-13.34,-460.97,-112.71,6.58
2805,-9.02,-500.75,-117.35,6.06
2806,-52.26,-539.98,-122.14,8.26
2807,-32.88,-539.11,-98.15,33.24
2808,9.64,-291.65,-127.75,0.18
2809,-17.95,-319.65,-108.24,87.65
2810,-6.44,-413.14,-131.06,-10.37
2811,-8.94,-454.22,-105.81,41.48
2812,-43.46,-577.21,-106.53,14.25
2813,-30.18,-526.38,-112.43,105.67
2814,-20.6,-419.33,-94.79,25.18
2815,-24.96,-559.08,-169.56,-35.29
2816,-16.97,-468.82,-100.58,-85.48
2817,-39.71,-535.73,-136.41,58.77
2818,-27.72,-497.79,-84.93,18.05
2819,-29.25,-511.53,-115.82,10.07
2820,-28.28,-486.58,-102.17,30.18
2821,-13.02,-439.53,-88.64,25.83
2822,-17.04,-473.63,-111.06,67.37
2823,-27.41,-460.4,-107.98,-20.59
2824,-24.72,-497.54,-174.02,29.85
2825,-21.55,-504.22,-57.96,6.28
2826,-12.7,-411.05,-102.89,27.37
2827,15.18,-385.33,-115.6,61.19
2828,-27.49,-520.18,-119.47,-11.8
2829,-26.69,-513.04,-106.69,61.65
2830,9.43,-293.99,-105.94,-101.43
2831,16.35,-246.27,-24.77,12.02
2832,-66.48,-724.79,-110.93,87.31
2833,-52.67,-696.57,-115.92,44.29
2834,-59.15,-598.84,-118.36,17.41
2835,-19.54,-463.26,-116.16,20.33
2836,11.18,-330.74,-102.08,25.85
2837,-12.67,-461.34,-114.87,8.75
2838,-11.2,-481.53,-51.5,130.85
2839,-17.69,-541.27,-104.28,-78.42
2840,-22.28,-488.87,-117.94,33.13
2841,-26.2,-493.85,-114.95,-19.76
2842,-10.89,-486.53,-121.76,-4.23
2843,-14.91,-476.47,-117.1,31.65
2844,-31.33,-580.88,-122.03,18.28
2845,-13.04,-397.96,-88.96,48.13
2846,-8.06,-454.41,-131.17,-30.15
2847,-41.2,-572.3,-192.53,66.22
2848,-8.1,-468.28,-46.63,2.71
2849,-21.27,-522.31,-98.04,16.41
2850,-27.1,-475.37,-110.83,35.59
2851,-14.66,-464.61,-142.9,32.03
2852,-8.37,-395.58,-78.31,5.12
2853,-15.17,-411.03,-88.58,20.78
2854,3.01,-313.63,-123.72,66.9
2855,-28.55,-594.87,-91.67,-5.57
2856,-33.75,-597.82,-114.21,35.76
2857,-31.38,-460.22,-132.36,-16.63
2858,16.17,-448.65,-64.58,40.78
2859,-53.17,-627.79,-130.06,-57.6
2860,-22.06,-433.28,-92.89,82.29
2861,-19.15,-481.29,-77.33,44.65
2862,-19.54,-479.34,-113.32,15.25
2863,-2.66,-421.17,-162.57,9.02
2864,-27.31,-482.12,-91.88,140.36
2865,-16.18,-383.02,-68.87,-3.79
2866,-21.2,-500.88,-150.78,-3.51
2867,-32.33,-568.59,-121.5,-37.71
2868,-25.96,-490.93,-125.92,35.69
2869,-19.81,-519.23,-63.66,31.79
2870,-7.16,-503.1,-93.8,9.77
2871,-26.79,-468.97,-136.2,45.8
2872,-27.05,-496.53,-89.57,56.5
2873,-28.36,-499.78,-134.63,-92.52
2874,-23.18,-499.02,-97.72,53.38
2875,-24.59,-571.07,-100.72,-0.36
2876,-26.96,-403.81,-105.02,23.25
2877,4.33,-385.74,-106.98,60.11
2878,-7.96,-452.43,-74.37,62.04
2879,-33.71,-529.0,-117.73,-18.71
2880,-27.87,-498.85,-84.61,9.27
2881,-19.03,-425.35,-163.31,-9.92
2882,-21.51,-488.17,-111.29,38.36
2883,-21.88,-456.82,-84.28,1.16
2884,-23.01,-534.0,-85.91,8.25
2885,-24.0,-523.4,-114.52,49.07
2886,-23.76,-400.25,-102.92,-10.41
2887,-28.49,-551.25,-97.8,41.19
2888,-22.58,-492.53,-137.58,20.83
2889,-32.95,-542.74,-146.78,-50.04
2890,-42.86,-525.39,-70.83,32.72
2891,-3.13,-306.39,-95.58,38.85
2892,-21.84,-512.68,-98.91,86.33
2893,-25.78,-507.84,-91.87,-0.09
2894,-13.55,-487.13,-84.79,48.28
2895,-37.31,-467.55,-129.3,-4.35
2896,-30.53,-517.47,-89.59,2.16
2897,-37.37,-536.97,-164.98,-5.34
2898,-0.42,-375.74,-97.7,40.99
2899,-17.01,-407.36,-103.06,18.87
2900,-21.69,-485.74,-134.73,-28.14
2901,-26.91,-489.97,-91.79,23.19
2902,-17.63,-367.79,-98.32,52.8
2903,-30.36,-565.86,-98.9,3.12
2904,-35.3,-562.75,-106.22,46.71
2905,-33.03,-525.41,-118.28,-33.16
2906,-20.05,-437.06,-114.98,37.45
2907,-28.73,-492.41,-117.44,20.39
2908,-27.23,-515.88,-108.33,5.07
2909,-34.89,-488.73,-77.76,21.1
2910,-16.19,-437.03,-97.08,42.42
2911,-23.59,-514.91,-148.97,55.23
2912,-25.07,-468.63,-94.9,10.22
2913,-19.99,-354.57,-101.26,-6.01
2914,-37.98,-576.22,-81.08,18.09
2915,-28.09,-486.28,-92.14,18.44
2916,-26.64,-491.04,-107.91,10.56
2917,-26.82,-473.14,-168.9,-67.99
2918,-3.61,-386.75,-127.8,96.85
2919,-38.09,-597.72,-84.77,24.22
2920,-28.48,-446.61,-96.69,-0.53
2921,-13.31,-421.28,-89.58,-7.26
2922,-23.02,-522.36,-88.18,52.06
2923,-12.27,-445.67,-97.95,5.61
2924,-23.95,-482.3,-108.26,-12.5
2925,-27.48,-477.15,-91.26,24.93
2926,-21.12,-460.16,-123.45,45.4
2927,-18.1,-504.31,-89.14,58.88
2928,-9.68,-477.2,-167.06,-23.36
2929,-23.81,-533.07,-82.51,35.46
2930,-39.09,-623.04,-80.76,-29.93
2931,-21.04,-375.78,-95.96,-19.97
2932,-22.55,-435.23,-173.84,-80.18
2933,-9.6,-446.3,-59.54,82.48
2934,-19.93,-459.64,-96.11,20.96
2935,-25.05,-505.21,-96.56,28.31
2936,-23.18,-484.29,-106.28,18.51
2937,-10.87,-477.96,-109.99,-16.51
2938,-6.03,-459.12,-115.08,-27.36
2939,-28.1,-450.19,-183.63,46.16
2940,-18.7,-403.46,-42.36,72.22
2941,-42.4,-609.69,-111.81,36.95
2942,-22.39,-491.33,-97.38,-17.84
2943,-27.55,-546.58,-136.94,-10.26
2944,-16.92,-451.8,-86.91,11.32
2945,-5.42,-428.85,-89.85,18.51
2946,-17.58,-470.56,-94.51,21.35
2947,-18.88,-473.49,-98.32,13.72
2948,-24.3,-478.69,-101.51,8.74
2949,-12.98,-473.62,-113.43,-32.07
2950,-9.55,-460.48,-111.73,11.33
2951,-4.79,-411.32,-141.95,-18.68
2952,-36.15,-570.04,-90.62,32.1
2953,-41.28,-448.02,-102.16,6.05
2954,-18.44,-382.36,-88.82,26.07
2955,-19.59,-512.35,-82.81,61.51
2956,-18.43,-500.59,-93.93,2.18
2957,-28.09,-494.31,-98.81,13.08
2958,-25.46,-446.81,-100.81,5.84
2959,-7.76,-497.18,-93.95,-12.6
2960,-16.09,-508.19,-282.92,59.85
2961,-11.03,-411.33,-31.12,-65.18
2962,-36.94,-566.41,-57.92,30.69
2963,-7.49,-411.26,-103.66,37.47
2964,-21.75,-410.6,-92.36,7.87
2965,-20.68,-504.11,-96.57,11.03
2966,-13.62,-509.04,-116.41,-12.87
2967,-17.33,-479.52,-137.3,-24.34
2968,-39.33,-494.22,-63.3,53.28
2969,-13.52,-450.49,-92.21,15.06
2970,-13.58,-476.16,-88.68,24.89
2971,-4.33,-372.83,-101.12,14.61
2972,-44.76,-660.19,-86.82,22.58
2973,-22.96,-482.82,-98.14,6.11
2974,-2.95,-333.06,-129.33,-28.75
2975,-11.74,-472.41,-100.23,41.75
2976,-24.29,-589.34,-113.23,43.85
2977,-21.09,-442.7,-105.68,33.14
2978,-30.93,-484.36,-169.25,-8.32
2979,-25.0,-447.36,-129.68,-23.35
2980,-28.99,-423.39,-114.2,-78.75
2981,-28.99,-549.4,-84.03,49.99
2982,1.94,-380.9,-69.96,35.8
2983,-14.33,-516.56,-54.32,105.19
2984,-4.46,-373.54,-117.57,-8.46
2985,-39.86,-685.13,-134.13,118.25
2986,-15.32,-363.32,-187.61,-176.98
2987,-1.74,-450.24,-177.86,11.04
2988,-7.93,-481.96,-70.12,74.22
2989,-20.14,-520.37,-122.06,-43.48
2990,-29.86,-456.15,-76.4,31.54
2991,-25.08,-564.53,-105.76,-32.42
2992,-14.95,-421.17,-269.66,-27.12
2993,-13.13,-441.66,-49.62,32.2
2994,-16.9,-490.67,-65.73,-7.59
2995,-32.14,-499.51,-73.99,49.15
2996,-34.27,-538.45,-98.28,19.27
2997,-18.52,-475.57,-94.11,27.49
2998,0.83,-423.9,-135.5,-47.31
2999,-32.82,-486.2,-81.59,80.12
