,ch1,ch2,ch3,ch4
0,127.03,-485.19,-954.7,-11.51
1,33.66,-457.14,-1031.46,38.07
2,18.84,-447.38,-1060.42,11.08
3,3.95,-516.28,-1069.21,0.38
4,-140.93,-467.12,-1126.09,-16.96
5,113.91,-371.74,-1018.94,3.6
6,34.81,-426.6,-1067.3,3.58
7,2.17,-492.73,-1116.89,-22.82
8,-116.51,-365.14,-1091.24,-38.78
9,131.81,-504.79,-1017.94,19.97
10,7.75,-639.37,-1062.15,3.74
11,19.88,-410.06,-1057.98,8.28
12,5.49,-322.45,-1081.31,0.44
13,-18.99,-376.28,-1086.05,3.38
14,25.02,-441.66,-1027.42,14.67
15,-17.06,-444.58,-1073.09,13.21
16,38.09,-452.71,-1264.44,-41.55
17,17.27,-463.1,-984.43,-9.49
18,13.85,-487.78,-1008.8,9.19
19,-14.17,-666.11,-1052.2,-5.02
20,-41.75,-727.26,-1062.36,-9.16
21,11.63,-306.28,-1068.78,0.73
22,-7.56,-536.17,-1040.4,14.92
23,-25.94,-717.29,-1059.77,-16.31
24,-21.58,-689.87,-1004.41,-6.21
25,-22.29,-573.36,-901.7,-6.97
26,-33.03,-590.61,-958.48,21.88
27,-8.47,-815.76,-859.92,22.5
28,-14.86,-215.12,-993.48,71.82
29,66.32,357.81,-1104.84,58.16
30,46.09,-337.82,-943.46,21.84
31,-75.62,-424.29,-835.36,-85.8
32,8.26,-177.75,-801.31,93.2
33,42.9,-176.54,-1262.86,109.02
34,32.19,-298.4,-1192.26,-118.66
35,7.58,-619.02,-1203.77,-110.84
36,-27.88,-940.36,-1195.71,0.78
37,31.37,-335.7,-1264.71,8.54
38,-13.81,-483.82,-1021.17,28.85
39,-21.54,-471.24,-1082.91,-20.05
40,5.83,-248.5,-1031.26,23.53
41,38.57,-225.05,-1082.19,25.28
42,-0.84,-403.28,-1050.04,23.15
43,-26.93,-556.0,-1040.06,22.17
44,-46.99,-601.91,-1039.22,35.43
45,-14.8,-483.23,-1042.54,28.21
46,-83.24,-800.91,-1087.06,-0.52
47,24.53,-64.3,-1012.16,57.67
48,8.65,-314.1,-1201.36,21.41
49,-19.27,-417.76,-996.82,31.86
50,-38.75,-575.83,-1102.31,16.98
51,3.98,-343.48,-982.15,66.83
52,-20.55,-535.61,-1067.29,30.47
53,-14.43,-513.56,-1035.77,41.02
54,-34.05,-562.97,-1042.57,41.88
55,-1.17,-245.63,-1006.96,62.91
56,9.04,-299.42,-1014.92,59.51
57,-13.14,-419.52,-1091.26,49.49
58,-24.82,-459.63,-1155.61,25.82
59,-63.08,-686.19,-1036.04,48.91
60,-12.88,-368.25,-1047.11,66.41
61,-32.68,-305.81,-1048.56,61.09
62,-159.48,-740.01,-1137.76,15.91
63,32.61,-181.05,-1239.2,15.54
64,71.68,-370.38,-1139.3,23.18
65,18.3,-441.86,-900.53,100.59
66,-7.23,-481.45,-1037.49,72.94
67,-25.53,-530.73,-1060.36,56.95
68,-55.06,-674.71,-1069.59,47.91
69,15.26,-236.97,-1061.74,75.42
70,-18.54,-365.99,-1080.44,53.47
71,-5.61,-360.25,-1070.64,61.49
72,-49.09,-527.14,-1086.41,44.77
73,-22.36,-441.23,-1086.8,41.9
74,-12.43,-385.38,-1072.29,48.83
75,-53.46,-701.87,-1081.76,39.52
76,-67.98,-474.95,-1093.69,53.98
77,2.13,-283.82,-1137.64,63.08
78,-11.82,-382.1,-1108.87,43.7
79,-17.48,-432.93,-1006.77,79.35
80,-10.18,-446.21,-1048.34,53.74
81,-36.07,-440.44,-1103.66,61.11
82,-34.35,-527.94,-1066.17,58.47
83,-44.19,-451.45,-1090.03,69.86
84,-9.99,-395.65,-1076.37,66.99
85,-23.34,-434.0,-1049.96,68.88
86,-3.66,-346.86,-1167.18,33.31
87,-20.34,-442.75,-1086.67,61.57
88,-96.34,-460.01,-1077.31,49.6
89,9.85,-430.73,-1075.59,50.27
90,64.54,-461.78,-1047.11,82.83
91,-47.0,-467.02,-1087.19,64.44
92,-105.67,-274.32,-1288.16,-3.57
93,0.03,-479.43,-1253.69,-36.43
94,-56.43,-502.41,-987.45,52.33
95,-232.17,-363.19,-1442.94,-76.77
96,252.72,-460.11,-1175.71,-23.93
97,-25.21,-455.41,-1139.54,74.3
98,-323.45,-446.16,-1749.3,-29.62
99,256.56,-502.98,-1251.03,-44.36
100,102.01,-509.95,-701.39,95.37
101,-132.07,-405.73,-911.17,37.69
102,-64.89,-334.34,-964.49,116.69
103,-823.34,-317.68,-1722.09,-167.19
104,-643.43,-511.81,-955.69,109.39
105,-751.1,-567.51,-853.48,154.25
106,8.05,-450.68,-8.4,94.66
107,110.63,-463.3,-210.66,20.55
108,9.36,-456.39,-161.76,13.98
109,-22.25,-472.46,-151.39,45.21
110,-40.68,-491.49,26.77,71.46
111,-30.37,-456.17,-105.16,48.27
112,-144.39,-439.79,-136.13,23.85
113,33.89,-470.25,-105.72,26.78
114,-22.38,-456.65,-104.55,21.89
115,-392.26,-388.73,-489.96,-90.15
116,254.82,-486.81,-2.2,-54.39
117,76.36,-459.35,-28.9,85.05
118,-97.91,-419.45,-33.08,84.69
119,-44.49,-473.15,-78.31,34.52
120,71.74,-423.7,-159.9,-71.23
121,-16.6,-457.1,-116.56,56.62
122,-114.48,-521.89,-56.04,81.67
123,13.37,-471.35,-76.64,56.48
124,8.74,-398.46,-80.82,40.16
125,-55.35,-446.1,-148.69,23.57
126,-132.28,-434.43,-104.46,5.4
127,-81.67,-458.02,-158.72,-4.81
128,125.51,-477.8,-254.78,-35.05
129,-13.13,-482.29,-39.19,44.89
130,52.35,-452.09,-51.15,-1.93
131,-28.33,-454.16,-58.59,23.11
132,-37.23,-423.92,-140.52,3.43
133,-273.86,-419.7,-416.06,-78.09
134,188.69,-492.31,67.83,-9.09
135,36.71,-459.8,-25.31,68.99
136,-4.57,-451.86,-138.69,8.88
137,7.3,-465.71,-104.69,9.52
138,0.87,-460.93,-36.57,27.71
139,-11.97,-501.86,-101.7,7.2
140,-22.92,-440.43,-98.82,-8.5
141,-34.76,-427.7,-79.09,4.34
142,-23.78,-452.29,-97.17,-9.42
143,-96.95,-558.38,-105.54,9.79
144,-6.15,-845.89,-156.89,-41.14
145,-38.72,-173.07,-134.27,7.62
146,-123.87,-257.06,-460.91,-73.6
147,178.72,-480.86,199.78,63.86
148,30.63,-447.48,-33.77,-7.94
149,-3.84,-516.33,-67.13,7.63
150,-10.55,-480.51,-88.49,-6.77
151,-8.01,-635.63,-82.4,-23.97
152,-31.44,-755.62,-112.02,-10.27
153,-20.07,-400.95,-102.25,-2.93
154,-1.71,-201.92,-46.33,17.98
155,3.43,-546.33,-2.52,5.37
156,-71.62,-1220.76,37.64,-11.31
157,-74.6,-777.71,-33.06,-23.85
158,-5.39,-112.36,-85.64,23.32
159,19.55,-462.06,180.76,53.07
160,6.58,-219.5,-81.17,32.64
161,28.74,-101.0,-125.9,28.67
162,-15.83,-1055.91,273.82,-31.55
163,-13.43,-627.75,-93.05,-9.67
164,-14.69,-347.63,27.58,66.14
165,20.44,-103.48,-138.37,73.69
166,-10.47,-673.41,-289.04,-68.43
167,-14.19,-564.23,-207.48,-93.36
168,-16.99,-708.22,-156.26,-2.52
169,-12.35,-52.31,-115.77,26.05
170,16.89,-364.68,-90.0,23.49
171,-77.38,-946.3,-186.65,-51.92
172,14.57,-929.6,-187.5,10.71
173,20.85,-1251.64,52.71,65.65
174,0.59,-1354.75,-192.17,-0.14
175,-27.89,-1422.26,-72.45,28.31
176,-18.34,-1489.95,-78.51,-1.65
177,-14.36,-1534.29,-23.77,22.72
178,-88.15,-1374.44,-32.19,43.07
179,-55.17,-1433.76,-53.82,44.81
180,13.19,-1574.03,-93.16,22.31
181,19.71,-1241.0,-73.36,31.06
182,17.15,-1425.8,-206.87,21.18
183,-8.13,-1452.91,-245.41,-20.71
184,-31.17,-1556.49,27.2,75.53
185,-13.44,-1343.99,-94.04,34.01
186,-79.92,-1784.85,-67.56,22.96
187,-87.02,-1559.82,-42.62,67.03
188,29.56,-964.71,-54.52,76.49
189,-45.12,-1305.99,-69.64,60.82
190,-118.36,-1525.22,-74.58,58.93
191,-172.82,-1334.84,-81.98,56.42
192,-40.82,-1546.49,-84.07,52.05
193,51.01,-1344.87,-83.05,60.49
194,-83.88,-1694.85,-88.44,65.75
195,-49.95,-1697.83,-71.42,50.43
196,-11.25,-1193.35,-93.92,48.61
197,80.39,-1325.34,-86.83,54.77
198,0.67,-1440.28,-85.65,58.21
199,-36.77,-1371.85,-176.03,35.54
200,20.73,-1358.27,-157.62,32.6
201,7.54,-1441.78,-42.77,55.64
202,-6.92,-1590.42,-45.26,62.71
203,-99.62,-1986.21,-34.83,71.67
204,51.8,-1814.33,-81.87,89.18
205,8.46,-2293.33,-76.48,72.02
206,-0.68,-2442.89,-78.67,67.33
207,-70.76,-2711.16,-117.76,31.42
208,-91.75,-3026.5,-122.47,22.08
209,64.19,-2708.51,-72.37,104.45
210,39.15,-3121.69,-75.73,74.11
211,-80.29,-3351.02,-84.66,62.48
212,-78.92,-3378.96,-110.63,57.9
213,93.76,-3423.96,-146.67,32.83
214,44.71,-3399.83,-68.74,66.87
215,-7.82,-3390.63,-148.19,54.11
216,61.74,-3419.99,-116.22,50.95
217,-97.36,-3416.49,-28.08,84.87
218,-60.82,-3360.58,-508.42,-42.99
219,-48.33,-3416.19,-242.92,-7.1
220,32.99,-3380.89,-83.7,39.57
221,-123.33,-3355.51,-231.41,-102.97
222,174.91,-3419.38,-636.91,-108.76
223,-288.25,-3361.62,-240.11,47.77
224,169.04,-3429.51,283.29,163.42
225,41.57,-3400.61,44.67,131.36
226,24.57,-3392.64,-57.55,107.9
227,-9.1,-3391.99,-189.37,57.91
228,-493.26,-3333.72,-326.98,8.1
229,359.3,-3448.16,43.0,88.07
230,89.57,-3389.98,-283.81,18.56
231,33.53,-3409.4,-191.99,29.36
232,-43.28,-3415.94,-95.81,68.43
233,-112.8,-3389.93,-58.57,67.63
234,-25.44,-3369.56,-135.02,74.79
235,-189.15,-3378.1,-193.58,13.8
236,98.19,-3427.36,-84.13,33.03
237,-36.93,-3401.37,-59.77,76.13
238,-114.17,-3389.9,-28.92,45.07
239,10.83,-3371.99,-89.07,44.59
240,-8.96,-3397.99,-113.03,33.1
241,-86.68,-3393.82,-127.87,-12.94
242,-145.71,-3365.91,-168.43,0.72
243,-10.69,-3384.65,-209.69,58.57
244,-27.09,-3421.62,-68.22,88.69
245,-29.32,-3383.31,-25.06,69.0
246,-73.58,-3343.85,-103.21,15.88
247,-199.11,-3426.38,-152.9,11.31
248,-92.21,-3308.18,-192.72,-53.81
249,207.29,-3463.25,-20.28,83.7
250,30.9,-3413.69,-78.03,87.51
251,-1.36,-3404.76,-92.73,47.01
252,-30.33,-3397.99,-118.46,31.36
253,-224.72,-3369.01,-198.84,-14.78
254,174.16,-3419.66,-13.86,17.05
255,27.93,-3391.1,-107.77,54.04
256,24.47,-3396.56,-265.83,14.67
257,-7.35,-3421.88,-54.05,38.25
258,6.21,-3384.62,-60.67,17.83
259,9.55,-3387.07,-90.18,24.99
260,3.77,-3385.71,-114.19,13.66
261,-116.48,-3436.9,-172.39,-7.95
262,129.03,-3375.31,-50.9,18.77
263,25.88,-3577.23,-94.81,18.24
264,-15.21,-3673.86,-102.85,9.29
265,9.82,-3143.01,-91.52,39.83
266,32.58,-3248.25,-81.06,20.99
267,-54.71,-4220.23,-117.24,-25.38
268,-54.43,-3292.05,-108.52,-7.02
269,39.61,-3217.13,-62.94,37.42
270,-29.86,-3941.53,-7.68,-7.16
271,13.56,-3898.51,-117.82,7.11
272,28.34,-4510.24,60.65,32.54
273,-12.8,-4832.68,97.49,-9.31
274,44.68,-4635.83,-62.9,109.34
275,72.32,-5111.04,26.75,51.28
276,37.36,-5434.38,7.56,-15.23
277,16.92,-5516.39,208.25,26.37
278,-44.3,-5957.15,-268.45,4.32
279,-70.49,-5755.28,-138.37,-76.91
280,83.1,-5735.86,-61.35,86.6
281,-12.6,-6711.23,-170.78,19.35
282,-35.68,-6434.83,-275.38,-12.47
283,16.66,-6511.29,-50.24,9.56
284,-32.14,-6086.03,-38.5,32.32
285,28.39,-6324.81,-88.54,26.87
286,9.62,-5998.75,-175.31,13.27
287,95.53,-5877.06,-239.19,8.23
288,6.31,-6299.51,-45.21,38.58
289,-51.24,-6571.32,-50.46,41.65
290,-29.81,-6546.7,-65.53,25.95
291,-68.62,-6248.41,-86.75,-12.35
292,-13.37,-6232.05,-242.41,-88.36
293,-23.14,-6224.56,-81.23,18.24
294,68.23,-6306.86,-106.57,89.74
295,17.89,-6356.43,-250.71,-34.52
296,6.32,-6413.77,4.34,84.09
297,-54.01,-6593.3,18.9,109.12
298,16.58,-6205.59,-290.59,6.23
299,15.42,-6206.79,-46.19,65.38
300,-48.38,-6629.24,18.44,76.71
301,-28.46,-6313.45,-75.22,52.46
302,7.77,-6220.62,-67.08,64.67
303,14.64,-6246.12,-52.09,67.16
304,-49.69,-6631.38,-117.41,48.87
305,7.13,-6162.36,-94.83,63.01
306,14.84,-6281.67,-78.31,73.79
307,-44.64,-654.07,-79.7,41.39
308,47.47,-164.22,17.73,83.92
309,-59.02,-387.09,-155.81,41.04
310,38.12,-433.1,-95.01,63.15
311,-109.84,-877.76,-168.76,37.85
312,86.74,-164.81,-91.17,67.25
313,34.34,-305.86,-57.0,80.85
314,-15.5,-458.4,-85.35,59.82
315,6.43,-415.41,-137.37,56.09
316,-21.64,-454.43,-75.47,58.01
317,-17.4,-583.32,-64.97,60.89
318,-22.37,-440.89,-132.91,55.81
319,0.48,-418.28,-236.35,12.89
320,14.7,-410.74,9.71,89.36
321,-38.99,-476.58,-136.24,34.97
322,-133.45,-937.76,-79.16,58.51
323,-92.47,-394.31,-75.92,72.54
324,45.41,-335.91,-80.32,81.91
325,20.65,-92.91,-74.22,75.59
326,-189.37,-238.56,-91.78,72.44
327,194.7,-429.65,-143.67,62.79
328,48.94,-494.7,-66.89,62.07
329,15.29,-484.93,-53.69,71.33
330,-43.15,-459.17,-105.23,67.65
331,14.94,-485.76,-238.32,38.61
332,-153.74,-379.73,-606.76,-89.81
333,-157.92,-492.3,-117.83,-40.0
334,164.67,-497.82,-31.76,-7.74
335,-55.48,-472.0,-149.6,82.44
336,-146.94,-408.76,-405.66,71.55
337,5.99,-444.63,-735.77,-104.15
338,-320.46,-475.34,-351.33,-63.77
339,289.88,-497.77,135.15,-19.91
340,77.49,-526.76,-86.46,155.06
341,-41.95,-244.86,-359.2,-20.08
342,336.41,-547.65,-200.37,14.95
343,386.31,-555.25,308.67,149.68
344,49.97,-456.02,-23.18,58.52
345,72.77,-419.9,-258.39,38.24
346,-3.16,-485.28,-65.15,75.01
347,-42.27,-463.46,-44.16,74.68
348,-37.63,-441.77,-17.91,41.94
349,-30.58,-429.44,-105.73,63.89
350,10.21,-455.15,-216.53,33.89
351,-25.89,-467.21,-63.5,50.74
352,-20.1,-434.34,-73.2,23.11
353,-120.76,-453.37,-212.09,15.47
354,-281.74,-449.37,-171.14,28.19
355,-8.25,-400.88,-47.88,10.76
356,124.64,-396.0,-31.81,14.25
357,74.0,-470.67,-103.02,24.26
358,33.53,-449.11,-114.24,10.1
359,-41.38,-424.45,-113.32,9.29
360,-165.72,-456.84,-227.85,-24.43
361,42.8,-452.93,-30.89,8.92
362,50.22,-455.76,-75.28,31.25
363,-24.79,-475.37,-87.17,84.42
364,-246.71,-470.28,-194.48,27.19
365,61.99,-418.33,-17.68,-24.52
366,125.66,-477.44,-112.19,-56.27
367,28.56,-483.2,-114.62,48.89
368,24.49,-460.12,-299.36,-30.78
369,12.97,-477.37,10.05,23.74
370,14.49,-447.51,-48.06,0.32
371,-34.23,-547.16,-71.54,2.52
372,21.73,-500.39,-250.44,-64.98
373,40.66,-336.07,-48.56,27.1
374,-42.99,-423.22,-67.83,32.76
375,-57.25,-400.36,-88.33,18.67
376,103.5,-478.09,-109.97,-9.43
377,45.19,-559.15,-85.68,-4.4
378,-20.43,-982.25,-102.38,-2.44
379,-16.42,-369.98,-128.0,-13.73
380,-17.82,-190.62,-34.02,40.92
381,50.21,-516.32,-88.41,-8.73
382,25.81,-368.4,-109.9,-21.39
383,10.65,-457.7,-103.57,-7.23
384,17.36,-431.69,-146.43,-15.95
385,19.92,-445.16,-38.35,-14.44
386,5.51,-607.85,2.0,-4.46
387,-44.58,-965.89,-32.31,-23.4
388,1.35,-161.39,-141.89,-2.87
389,23.64,-357.88,-57.52,13.36
390,5.55,-530.9,-35.01,-8.1
391,-39.83,-1060.96,-151.22,-38.79
392,-64.1,-608.09,-114.03,-31.46
393,-9.14,-729.43,328.87,18.6
394,6.45,-78.19,75.98,51.13
395,25.63,-136.62,-351.42,26.91
396,-16.14,-791.78,-71.11,-48.49
397,-15.07,-418.95,-91.9,27.27
398,17.87,-184.73,17.71,38.87
399,2.49,-320.23,34.56,29.32
400,-41.31,-805.05,44.67,-34.02
401,15.07,-95.4,-155.79,8.0
402,23.09,-308.65,-230.98,-30.19
403,9.03,-497.28,-64.19,30.4
404,-20.76,-618.38,-278.05,-71.34
405,-65.21,-787.7,-104.65,5.63
406,-16.55,-336.98,24.7,58.8
407,-33.48,-276.66,-76.41,29.45
408,47.9,-415.35,-42.37,29.63
409,-140.05,-726.64,-92.92,12.68
410,-21.11,-404.71,-132.09,22.97
411,66.54,-334.19,-32.53,45.13
412,-69.82,-732.44,-86.33,12.12
413,38.47,-211.14,-83.24,36.49
414,20.57,-348.41,-132.28,30.63
415,-38.15,-604.35,-129.42,20.77
416,22.93,-230.42,-58.89,47.38
417,-1.65,-484.16,-49.14,43.48
418,-32.58,-505.96,-69.84,44.47
419,11.02,-330.5,-90.13,44.92
420,-4.17,-430.33,-96.07,35.82
421,-88.2,-866.92,-232.51,-21.84
422,-32.45,-359.46,-45.2,50.85
423,53.89,-231.75,-9.82,88.41
424,-21.21,-553.48,-72.76,44.04
425,-27.9,-288.72,-72.39,53.79
426,22.38,-320.14,-85.33,50.73
427,-45.8,-552.41,-84.56,46.56
428,20.52,-575.01,-135.12,24.24
429,30.01,-359.74,-84.21,58.01
430,32.33,-391.45,-53.27,69.34
431,1.94,-545.57,-83.98,50.36
432,-30.62,-567.45,-95.85,44.48
433,-7.24,-459.44,-97.05,52.45
434,-88.88,-859.55,-104.03,25.49
435,69.14,115.4,-59.98,94.55
436,33.18,-266.74,-80.88,65.11
437,7.61,-420.95,-94.06,53.33
438,-11.32,-464.84,-93.16,51.07
439,-3.11,-454.95,-94.3,51.98
440,-8.39,-457.86,-93.76,48.99
441,-14.27,-456.41,-98.89,56.57
442,-58.55,-472.09,-215.04,12.76
443,7.93,-657.94,-54.2,61.15
444,-29.69,-683.58,-66.67,64.04
445,-3.68,-339.89,-86.01,68.73
446,43.31,-155.76,-81.98,72.65
447,13.46,-369.51,-106.11,57.79
448,-6.57,-474.93,-134.08,31.49
449,-6.32,-423.48,-64.07,65.06
450,2.08,-435.36,-83.48,60.93
451,-25.34,-496.05,-93.8,59.14
452,-133.58,-757.64,-106.1,42.91
453,98.1,-158.63,-81.52,77.19
454,29.25,-345.94,-92.9,62.82
455,2.95,-472.89,-80.73,65.31
456,-19.12,-493.13,-103.34,52.89
457,1.15,-402.27,-90.74,62.51
458,-1.52,-447.21,-99.31,60.49
459,-14.74,-483.75,-98.01,55.17
460,-6.88,-384.64,-101.92,57.23
461,-15.72,-436.33,-102.01,62.91
462,-17.79,-433.92,-99.64,60.75
463,-15.0,-454.51,-103.5,56.95
464,-6.9,-436.99,-106.11,54.19
465,-3.84,-434.99,-108.49,51.22
466,-10.83,-449.25,-104.37,50.44
467,-14.94,-456.58,-100.63,52.51
468,-9.42,-423.42,-100.0,49.71
469,-11.1,-442.85,-101.48,46.08
470,-13.34,-448.98,-96.58,48.69
471,-9.74,-454.2,-101.44,52.61
472,-4.05,-411.56,-100.32,52.8
473,-13.74,-428.48,-100.48,55.31
474,-25.84,-460.23,-99.42,51.06
475,-20.68,-441.21,-101.55,47.31
476,-23.89,-441.05,-100.14,47.14
477,-19.72,-440.67,-102.83,50.05
478,-24.58,-433.61,-106.49,48.61
479,-27.42,-435.13,-97.73,47.5
480,-30.68,-455.31,-103.38,47.98
481,-34.07,-435.42,-105.07,50.3
482,-35.51,-420.19,-102.54,46.53
483,-31.76,-435.39,-109.42,42.38
484,-32.57,-440.72,-103.86,48.29
485,-39.68,-430.92,-102.64,44.95
486,-37.38,-437.35,-105.74,43.96
487,-36.76,-440.89,-101.7,39.14
488,-34.25,-438.54,-102.91,35.44
489,-36.63,-434.13,-105.05,34.03
490,-40.78,-443.11,-109.27,32.63
491,-39.45,-438.61,-104.32,38.77
492,-35.89,-433.15,-104.68,34.42
493,-32.08,-445.58,-106.51,35.3
494,-34.72,-444.31,-104.49,33.45
495,-32.02,-441.96,-102.51,33.81
496,-31.88,-447.21,-104.57,32.59
497,-28.91,-458.08,-100.52,33.67
498,-32.83,-451.92,-104.96,31.12
499,-33.26,-453.71,-102.53,30.89
500,-30.43,-462.63,-105.08,31.65
501,-28.54,-461.08,-105.22,31.35
502,-28.26,-456.12,-108.25,30.87
503,-21.14,-467.23,-102.31,29.6
504,-18.21,-468.12,-101.75,27.12
505,-16.92,-460.71,-105.42,29.84
506,-12.4,-467.11,-110.48,33.38
507,-11.03,-474.85,-108.42,29.79
508,-6.93,-468.21,-109.71,23.93
509,-11.9,-467.23,-113.69,26.02
510,-4.73,-483.22,-112.38,26.12
511,-6.17,-478.95,-106.61,27.64
512,-11.05,-477.32,-104.37,23.12
513,-13.77,-491.11,-101.65,18.04
514,-8.73,-493.58,-101.58,20.88
515,-12.89,-485.27,-103.92,16.34
516,-14.29,-491.82,-105.93,16.97
517,-14.17,-497.0,-103.3,16.83
518,-17.13,-487.02,-103.47,13.99
519,-23.0,-486.36,-101.51,9.8
520,-19.45,-493.03,-106.39,15.58
521,-19.18,-483.16,-107.73,5.1
522,-15.5,-472.62,-103.56,5.59
523,-15.43,-481.05,-105.4,10.47
524,-15.14,-478.83,-106.53,8.99
525,-15.17,-467.13,-101.59,7.65
526,-20.03,-473.24,-102.01,9.08
527,-23.28,-479.75,-98.9,8.4
528,-26.32,-468.45,-106.21,6.31
529,-31.81,-467.31,-100.53,7.55
530,-30.16,-477.09,-100.07,7.43
531,-30.09,-472.79,-99.08,7.76
532,-27.82,-465.41,-100.76,9.21
533,-29.35,-475.63,-95.09,8.88
534,-28.12,-472.2,-103.91,10.85
535,-24.12,-459.59,-103.61,6.2
536,-25.43,-462.19,-101.69,8.7
537,-19.36,-461.51,-96.8,8.25
538,-24.24,-451.65,-98.95,7.64
539,-27.55,-456.0,-97.88,5.01
540,-35.53,-468.08,-99.2,4.42
541,-37.8,-465.49,-99.63,9.64
542,-38.91,-457.12,-95.01,7.08
543,-47.73,-470.95,-103.18,5.1
544,-49.65,-469.06,-101.37,8.7
545,-43.9,-462.91,-95.85,4.81
546,-49.79,-465.38,-98.73,5.0
547,-44.85,-471.79,-99.22,6.45
548,-41.43,-462.42,-97.0,7.95
549,-39.07,-460.55,-101.52,12.78
550,-37.85,-471.7,-102.61,16.13
551,-31.95,-465.79,-102.82,7.63
552,-36.65,-464.33,-105.01,-2.66
553,-35.61,-472.42,-107.11,-5.92
554,-30.21,-467.64,-103.03,-1.46
555,-24.08,-461.27,-102.25,-0.34
556,-32.83,-466.37,-110.21,-0.51
557,-27.76,-474.92,-102.53,2.29
558,-32.03,-465.83,-101.52,4.47
559,-28.42,-463.84,-101.25,5.64
560,-33.89,-473.48,-102.49,5.33
561,-31.25,-469.32,-100.02,5.87
562,-28.76,-463.57,-102.38,8.2
563,-34.67,-470.54,-102.56,10.86
564,-34.49,-474.12,-105.32,21.62
565,-30.72,-464.83,-101.42,31.87
566,-32.79,-467.87,-96.83,33.52
567,-31.05,-476.73,-97.95,27.54
568,-30.25,-462.14,-101.01,22.57
569,-26.65,-458.35,-105.48,23.54
570,-18.63,-467.92,-104.62,18.76
571,-22.28,-460.19,-99.95,19.77
572,-21.65,-455.2,-87.35,17.12
573,-28.58,-467.99,-33.25,18.23
574,-30.88,-473.09,8.55,13.74
575,-30.19,-457.81,-29.21,12.1
576,-25.88,-460.21,-69.03,11.63
577,-30.62,-475.25,-82.68,13.69
578,-34.62,-474.66,-87.78,12.66
579,-38.85,-474.39,-96.29,5.16
580,-43.96,-491.28,-104.2,5.86
581,-47.62,-479.34,-104.36,3.98
582,-53.35,-474.85,-98.65,2.06
583,-61.15,-481.63,-100.69,-0.36
584,-66.21,-481.76,-98.97,-3.45
585,-75.91,-478.87,-100.76,-6.11
586,-87.57,-490.31,-105.02,-8.86
587,-104.2,-498.89,-104.94,-13.43
588,-119.25,-490.7,-105.16,-13.13
589,-148.65,-489.77,-98.75,-13.2
590,-191.64,-508.81,-103.32,-12.17
591,-208.38,-507.6,-106.93,-7.42
592,-228.71,-497.86,-113.2,-7.56
593,-216.58,-498.45,-121.86,-9.93
594,-204.73,-491.04,-138.49,-6.19
595,-187.4,-481.09,-121.03,-2.2
596,-195.76,-486.14,-122.32,-2.72
597,-224.88,-487.52,-125.18,3.33
598,-232.13,-466.58,-126.12,14.23
599,-198.19,-464.87,-115.68,14.84
600,-191.33,-486.26,-128.04,9.07
601,-198.24,-493.43,-111.06,7.6
602,-160.08,-494.22,-107.05,-0.88
603,-105.82,-507.38,-117.86,-0.71
604,-79.33,-507.81,-123.36,-1.0
605,-53.31,-482.72,-138.29,1.38
606,-16.44,-481.27,-139.06,-6.42
607,19.8,-491.49,-131.84,-7.15
608,40.0,-478.14,-122.64,-7.2
609,47.16,-474.65,-116.29,-10.73
610,55.47,-477.36,-109.86,-8.4
611,58.79,-470.78,-114.41,-7.22
612,54.87,-458.4,-115.26,-6.1
613,57.01,-467.02,-122.18,-11.31
614,60.76,-461.49,-119.63,-5.51
615,69.18,-449.51,-123.72,-8.72
616,66.23,-459.0,-124.94,-7.27
617,59.58,-471.31,-124.89,-8.97
618,61.2,-456.71,-124.19,-7.37
619,53.88,-455.36,-126.58,-11.16
620,51.57,-464.73,-125.63,-8.89
621,49.76,-458.95,-124.48,-9.97
622,46.84,-454.08,-129.16,-7.66
623,39.79,-466.17,-136.03,-8.67
624,41.32,-468.47,-152.91,-7.24
625,40.57,-458.76,-138.96,-8.16
626,36.41,-463.42,-130.94,-11.86
627,32.48,-473.69,-129.09,-12.83
628,36.68,-463.67,-132.68,-14.23
629,35.21,-462.53,-129.96,-13.03
630,31.7,-470.05,-130.89,-15.32
631,30.17,-469.16,-127.11,-12.25
632,33.09,-456.77,-129.49,-7.93
633,26.33,-469.76,-127.26,-14.45
634,24.31,-469.65,-125.9,-12.71
635,18.65,-460.77,-122.2,-14.72
636,14.65,-466.31,-119.82,-12.13
637,14.28,-472.13,-121.13,-10.47
638,13.09,-461.13,-125.81,-8.61
639,13.67,-458.37,-126.36,-8.11
640,9.47,-471.6,-125.28,-8.81
641,9.99,-462.1,-130.12,-7.89
642,1.98,-455.6,-128.76,-12.45
643,-13.85,-476.31,-127.49,-15.06
644,-32.17,-487.73,-126.37,-10.11
645,-38.11,-468.72,-125.49,-14.53
646,-34.64,-451.58,-125.08,-12.34
647,-25.53,-458.45,-120.99,-8.78
648,-32.26,-441.81,-118.26,-8.82
649,-26.84,-443.56,-115.02,-9.49
650,-14.99,-467.69,-116.87,-16.38
651,-3.15,-475.7,-113.12,-13.07
652,12.34,-484.2,-113.98,-14.37
653,35.22,-498.8,-123.27,-12.7
654,76.01,-502.28,-121.9,-14.16
655,77.41,-490.74,-124.23,-13.0
656,70.51,-491.24,-127.52,-10.9
657,55.05,-492.17,-126.3,-8.73
658,29.42,-477.79,-114.33,-7.05
659,8.92,-480.72,-112.62,-8.52
660,-2.49,-485.36,-115.01,-5.72
661,-8.51,-485.48,-119.56,-6.24
662,-13.56,-477.31,-117.9,-6.89
663,-18.85,-488.43,-119.56,-7.57
664,-18.0,-483.98,-123.38,-6.16
665,-18.22,-471.08,-124.05,0.03
666,-18.75,-469.74,-123.39,-4.08
667,-14.98,-475.94,-127.7,-3.88
668,-15.61,-467.45,-126.97,-4.18
669,-12.87,-471.79,-118.81,-1.28
670,-11.92,-483.34,-116.86,-3.03
671,-7.31,-479.22,-115.43,-0.02
672,-5.59,-474.64,-108.83,3.44
673,0.47,-479.36,-111.95,3.81
674,-2.08,-476.32,-115.16,4.3
675,-8.8,-468.47,-116.94,4.51
676,-12.58,-469.94,-117.29,8.01
677,-22.9,-478.42,-115.32,9.1
678,-24.9,-472.97,-118.87,5.03
679,-31.97,-473.25,-115.42,6.95
680,-36.87,-482.17,-117.18,11.68
681,-35.65,-477.28,-115.22,9.88
682,-35.57,-470.0,-115.8,7.0
683,-33.54,-476.71,-118.75,6.56
684,-35.86,-479.81,-122.08,10.1
685,-32.35,-469.06,-117.06,11.1
686,-26.28,-472.36,-113.56,9.68
687,-23.34,-481.81,-117.73,9.33
688,-19.7,-470.64,-113.24,11.15
689,-11.36,-471.94,-112.77,14.63
690,-15.52,-482.07,-114.15,16.85
691,-9.34,-478.32,-113.89,11.06
692,-4.0,-470.32,-117.23,10.97
693,4.71,-479.84,-119.28,11.17
694,7.75,-480.27,-121.79,11.95
695,7.75,-472.47,-120.83,10.43
696,15.54,-476.29,-119.42,10.27
697,17.33,-481.02,-118.72,11.28
698,21.36,-473.83,-122.95,9.79
699,21.08,-472.37,-115.03,13.1
700,20.19,-479.14,-115.57,11.52
701,30.21,-476.16,-115.09,13.72
702,29.21,-472.61,-113.38,15.11
703,31.37,-481.03,-114.67,15.65
704,29.99,-479.23,-112.5,12.22
705,36.69,-472.9,-115.59,13.38
706,34.88,-478.97,-112.01,11.39
707,33.22,-483.79,-116.67,13.52
708,35.53,-477.97,-116.96,13.51
709,37.61,-475.06,-115.77,14.88
710,34.55,-485.75,-108.49,18.25
711,32.31,-483.71,-114.92,17.1
712,34.18,-476.12,-111.69,16.76
713,39.13,-482.53,-110.38,17.12
714,41.1,-487.54,-108.9,15.3
715,35.81,-474.68,-109.78,12.59
716,37.91,-481.56,-112.93,17.0
717,39.21,-486.96,-108.8,14.38
718,38.22,-477.8,-112.43,14.15
719,35.61,-476.34,-111.04,12.64
720,36.77,-485.82,-112.2,14.08
721,31.53,-479.59,-113.12,18.78
722,37.46,-474.47,-113.98,14.21
723,36.78,-482.82,-116.96,16.84
724,43.61,-479.98,-108.8,17.24
725,44.81,-466.2,-111.86,17.3
726,47.91,-469.07,-113.79,16.35
727,50.61,-459.88,-105.16,18.32
728,51.11,-458.83,-105.15,23.61
729,39.11,-464.24,-112.19,19.02
730,38.18,-479.71,-107.11,19.05
731,34.49,-475.76,-106.03,20.98
732,29.54,-468.88,-104.89,20.06
733,21.87,-477.11,-111.07,22.81
734,18.93,-481.01,-112.6,18.58
735,16.59,-473.49,-110.57,16.6
736,0.65,-478.75,-112.69,12.97
737,6.58,-480.31,-110.04,21.0
738,13.41,-472.74,-111.47,16.65
739,8.58,-471.22,-111.31,13.59
740,11.37,-479.24,-106.11,13.76
741,7.04,-472.47,-110.62,13.75
742,6.74,-466.76,-109.54,18.23
743,9.15,-472.73,-109.14,18.16
744,8.49,-473.71,-108.93,16.24
745,7.23,-464.9,-105.21,19.15
746,3.14,-469.52,-105.91,18.75
747,0.74,-477.38,-108.29,19.37
748,1.2,-470.67,-113.98,17.76
749,-5.63,-475.63,-108.64,18.52
750,-8.9,-491.62,-107.75,13.92
751,-12.29,-485.87,-102.75,12.52
752,-9.42,-478.95,-107.54,12.97
753,-15.38,-483.46,-106.73,14.87
754,-7.9,-484.44,-106.31,18.42
755,-11.12,-473.75,-99.41,19.76
756,-10.55,-474.82,-102.96,21.23
757,-9.51,-481.98,-102.05,22.06
758,-9.91,-475.94,-103.46,23.01
759,-7.88,-474.0,-107.02,19.41
760,-16.87,-489.31,-102.99,21.55
761,-20.48,-486.74,-101.06,24.01
762,-24.23,-483.8,-102.54,22.69
763,-31.73,-487.89,-105.3,22.11
764,-24.23,-484.22,-108.26,22.89
765,-24.17,-472.94,-109.03,20.6
766,-18.58,-475.02,-106.03,21.67
767,-19.59,-480.07,-104.68,19.29
768,-24.67,-467.03,-103.09,21.12
769,-26.82,-466.12,-104.53,23.65
770,-23.22,-474.73,-103.4,19.18
771,-17.29,-473.28,-108.73,19.72
772,-15.66,-465.51,-102.12,19.55
773,-14.97,-476.48,-98.51,19.3
774,-16.24,-476.81,-104.47,20.49
775,-19.72,-469.1,-100.81,16.63
776,-16.58,-472.9,-103.0,13.36
777,-11.86,-476.41,-102.16,11.4
778,-19.14,-468.35,-106.96,12.77
779,-18.74,-470.76,-102.42,15.93
780,-19.94,-476.61,-103.39,13.85
781,-19.28,-470.61,-105.99,11.54
782,-21.68,-468.36,-107.42,14.17
783,-22.29,-472.37,-100.31,12.16
784,-25.57,-477.44,-102.07,11.24
785,-26.78,-464.01,-104.09,15.08
786,-32.4,-471.67,-112.23,17.56
787,-30.82,-477.96,-108.7,16.45
788,-30.29,-473.06,-105.47,13.32
789,-34.12,-472.25,-111.18,10.58
790,-32.15,-472.58,-113.42,9.84
791,-32.96,-463.0,-105.89,11.89
792,-22.59,-459.64,-109.61,11.42
793,-25.13,-470.3,-108.52,12.88
794,-23.62,-472.27,-104.34,10.59
795,-16.29,-466.65,-106.04,9.94
796,-16.79,-471.85,-110.62,9.55
797,-23.53,-481.14,-110.85,15.0
798,-22.69,-472.83,-108.23,11.59
799,-20.3,-474.39,-106.82,10.29
800,-20.27,-479.0,-103.85,13.89
801,-16.11,-476.39,-106.17,12.7
802,-14.74,-475.93,-104.55,10.2
803,-15.34,-482.68,-105.19,12.45
804,-12.8,-485.45,-104.56,13.53
805,-11.8,-475.62,-108.21,17.15
806,-12.32,-476.68,-110.98,12.52
807,-12.05,-483.32,-112.53,14.27
808,-7.9,-475.93,-108.65,13.29
809,-8.22,-475.01,-105.47,14.12
810,-9.93,-483.64,-113.4,13.12
811,-14.99,-479.36,-110.28,13.38
812,-12.54,-474.25,-107.83,10.21
813,-11.3,-480.02,-105.46,13.47
814,-6.56,-480.59,-111.96,14.76
815,-12.46,-470.97,-108.21,18.59
816,-9.23,-477.29,-106.47,15.86
817,-9.43,-483.85,-111.63,14.92
818,-13.01,-474.59,-111.02,13.9
819,-11.6,-474.56,-109.36,17.13
820,-14.37,-482.66,-113.54,13.62
821,-10.74,-474.18,-111.6,19.52
822,-9.18,-472.72,-105.93,18.37
823,-16.1,-479.11,-106.88,14.03
824,-13.97,-478.72,-107.9,17.73
825,-6.96,-471.71,-112.8,16.17
826,-12.01,-480.85,-111.22,15.92
827,-8.88,-484.05,-106.14,9.77
828,-13.04,-476.72,-107.32,10.42
829,-9.11,-474.53,-106.74,10.36
830,-8.09,-482.83,-106.16,7.36
831,-7.28,-477.73,-110.2,9.48
832,-12.37,-476.19,-105.47,5.98
833,-10.28,-480.78,-107.03,0.05
834,-12.33,-483.67,-108.03,4.65
835,-3.84,-476.45,-110.04,5.57
836,-2.53,-477.18,-108.84,8.7
837,-4.13,-481.73,-111.26,9.71
838,-0.0,-475.35,-111.68,10.73
839,0.11,-475.39,-113.2,10.27
840,-6.0,-484.78,-108.48,11.51
841,-8.25,-480.1,-110.08,10.81
842,-6.21,-474.89,-111.51,6.95
843,-0.66,-481.06,-108.65,9.17
844,-5.97,-481.58,-109.22,9.88
845,-10.73,-471.55,-107.16,11.95
846,-10.19,-472.1,-113.88,12.11
847,-13.47,-482.5,-116.09,10.66
848,-11.11,-477.3,-110.93,6.71
849,-14.88,-475.8,-110.53,5.51
850,-12.95,-480.08,-108.2,8.61
851,-14.76,-474.18,-104.84,9.98
852,-17.58,-487.02,-113.81,6.75
853,-11.39,-486.79,-100.89,11.88
854,-15.88,-481.64,-105.89,5.75
855,-11.85,-468.73,-103.44,7.91
856,-8.65,-479.76,-109.84,5.14
857,-7.33,-481.38,-109.59,7.18
858,-12.79,-472.65,-106.55,5.09
859,-7.45,-475.08,-112.63,7.87
860,-19.32,-482.65,-107.9,7.52
861,-2.06,-478.63,-104.47,10.95
862,-13.84,-474.08,-105.2,10.16
863,-23.29,-480.15,-101.5,17.79
864,-2.92,-482.02,-103.5,15.77
865,-15.72,-473.39,-106.3,12.49
866,-12.4,-474.37,-105.96,14.74
867,-8.7,-478.93,-107.17,10.47
868,-13.3,-473.53,-109.41,11.79
869,-29.47,-480.75,-106.63,11.39
870,-23.23,-484.1,-103.05,11.15
871,-8.82,-471.2,-112.01,12.24
872,-3.49,-465.66,-105.19,9.98
873,-27.13,-475.78,-111.53,12.38
874,-6.47,-464.53,-112.49,14.11
875,-6.19,-465.22,-114.9,12.06
876,-39.08,-479.6,-111.92,9.55
877,-26.97,-484.01,-112.8,14.09
878,-6.75,-452.8,-108.85,18.27
879,-23.38,-476.22,-111.23,14.17
880,-18.48,-481.64,-113.02,14.26
881,-29.87,-477.54,-109.26,17.7
882,-25.61,-466.75,-109.74,12.9
883,-23.26,-475.93,-109.35,14.8
884,-24.07,-470.28,-109.64,15.21
885,-33.48,-467.27,-104.15,18.14
886,-37.43,-471.62,-106.14,12.8
887,-39.26,-475.06,-102.81,13.44
888,-40.33,-469.45,-105.89,15.37
889,-48.79,-465.77,-105.92,14.93
890,-59.47,-468.13,-105.95,9.82
891,-56.22,-464.85,-109.72,13.86
892,-59.72,-460.45,-109.93,15.72
893,-75.16,-454.58,-108.19,18.67
894,-101.94,-477.09,-114.24,15.36
895,-87.05,-476.26,-110.22,11.77
896,-87.27,-469.67,-110.46,14.12
897,-97.47,-463.09,-111.25,13.91
898,-77.08,-473.12,-108.49,9.84
899,-141.83,-471.15,-102.6,15.94
900,-203.03,-450.89,-110.09,7.52
901,-58.9,-487.44,-120.63,3.66
902,-9.82,-402.43,-113.24,7.31
903,-53.22,-411.16,-114.77,-1.44
904,-59.05,-541.57,-122.29,8.74
905,-75.99,-502.17,-118.54,17.71
906,-79.35,-415.85,-108.76,11.47
907,-45.77,-357.17,-106.99,4.98
908,-73.34,-527.47,-103.83,2.92
909,-99.16,-585.83,-97.4,14.32
910,-123.06,-491.53,-106.4,12.78
911,-65.04,-438.65,-114.42,4.31
912,-45.83,-445.76,-108.23,6.81
913,-151.27,-585.09,-102.65,17.13
914,-99.63,-472.86,-109.3,4.32
915,-19.85,-286.1,-112.47,-4.55
916,-232.59,-511.72,-85.41,24.38
917,-213.4,-517.96,-102.75,16.64
918,44.99,-390.46,-132.06,-29.81
919,-44.81,-134.39,-120.89,1.08
920,-143.51,-579.46,-87.43,41.98
921,-71.42,-484.45,-87.68,27.2
922,-97.59,-434.72,-109.87,-7.78
923,-200.99,-351.8,-113.62,-8.63
924,-186.32,-252.68,-129.76,-21.62
925,-30.43,-447.4,-120.16,3.69
926,-252.28,-531.86,-104.93,11.2
927,34.78,-73.27,-124.81,-19.46
928,-80.01,-1.0,-112.31,-6.4
929,-130.72,120.67,-123.58,-22.22
930,-285.41,-843.48,-109.41,7.54
931,-311.93,-415.55,-67.72,83.18
932,153.23,-951.14,-82.13,69.97
933,-396.13,-397.31,-70.5,39.34
934,-216.34,255.91,-101.67,-12.0
935,253.8,-443.02,-127.31,-15.74
936,149.24,-1022.9,-74.03,57.52
937,-197.4,-644.01,-95.53,11.31
938,-293.72,-409.52,-119.21,-13.55
939,72.64,-110.08,-86.64,55.08
940,-425.18,-607.6,-80.56,47.19
941,192.65,-549.08,-125.21,2.44
942,78.52,-671.39,-98.1,38.79
943,110.45,-496.58,-82.2,50.25
944,97.59,-406.95,-103.25,25.38
945,-177.43,-457.92,-91.63,42.43
946,-82.85,-404.34,-120.68,7.37
947,-101.97,-409.84,-90.48,61.03
948,-89.87,-436.32,-129.78,9.79
949,26.92,-767.32,-99.04,85.85
950,-160.51,-229.66,-96.79,71.57
951,-294.85,-396.55,-86.59,82.07
952,-112.95,-541.8,-97.68,69.03
953,-133.06,-686.41,-145.6,2.65
954,-211.41,-393.71,-83.08,106.17
955,-45.96,-587.52,-82.65,101.68
956,-205.22,-623.32,-92.3,64.7
957,-192.71,-394.45,-108.56,40.3
958,-295.05,-702.17,-102.13,53.39
959,-261.37,-575.17,-104.27,70.07
960,-222.97,-435.55,-104.89,72.21
961,-142.34,-538.43,-117.02,64.51
962,-263.84,-512.4,-115.47,71.97
963,-153.58,-748.39,-123.87,80.56
964,105.18,-271.06,-139.45,70.77
965,-201.27,-334.64,-115.34,93.1
966,10.41,-570.12,-115.86,96.85
967,25.18,-693.54,-133.37,59.9
968,-37.67,-607.09,-132.85,44.08
969,-151.99,-276.86,-99.0,103.58
970,168.73,-462.42,-124.46,63.41
971,57.8,-787.54,-102.39,96.69
972,-121.34,-733.13,-108.59,81.11
973,201.25,-453.03,-121.21,53.49
974,4.26,-655.15,-101.01,90.77
975,-121.27,-725.95,-119.15,55.0
976,123.37,-612.42,-135.85,50.82
977,123.47,-403.72,-100.65,94.12
978,25.19,-563.48,-116.13,61.29
979,58.38,-266.05,-135.02,39.45
980,82.88,-515.18,-126.99,63.81
981,-101.81,-852.01,-125.71,62.47
982,86.88,-564.26,-108.23,83.26
983,-38.18,-519.31,-117.54,73.04
984,18.31,-387.07,-115.69,70.8
985,28.97,-276.27,-128.23,51.68
986,279.1,-543.68,-146.89,27.6
987,-50.26,-581.81,-107.89,88.62
988,107.27,-212.5,-113.67,63.92
989,-43.12,-788.56,-122.57,45.64
990,5.13,-369.76,-114.09,62.12
991,159.99,-427.0,-111.02,62.07
992,-177.3,-707.31,-123.43,44.44
993,217.3,75.19,-125.12,49.98
994,86.49,-725.05,-106.65,76.01
995,-7.54,-740.63,-115.25,55.84
996,20.96,-294.34,-114.48,43.2
997,37.08,-656.62,-115.39,46.51
998,-35.8,-535.26,-112.39,52.57
999,37.34,-587.13,-121.61,39.56
1000,48.51,-537.46,-130.17,33.63
1001,-26.39,-294.29,-119.3,43.4
1002,27.57,-337.41,-122.77,37.41
1003,75.94,-583.01,-121.36,47.89
1004,35.21,-714.37,-119.42,52.84
1005,73.67,-518.37,-127.21,62.66
1006,58.69,-527.71,-139.3,45.29
1007,111.74,156.83,-121.55,61.83
1008,-124.97,60.46,-130.04,63.67
1009,58.39,416.99,-109.36,78.57
1010,1.3,465.5,-139.06,37.54
1011,172.76,292.55,-116.83,70.43
1012,46.53,453.09,-117.11,67.92
1013,-56.47,482.28,-133.43,40.51
1014,32.04,488.33,-121.31,53.89
1015,177.48,509.58,-129.48,49.1
1016,3.1,330.55,-112.65,74.64
1017,-75.1,308.54,-149.61,17.55
1018,136.35,879.88,-123.76,67.48
1019,35.96,198.1,-104.46,82.37
1020,66.66,477.55,-124.91,55.49
1021,3.08,335.82,-124.7,47.6
1022,9.05,369.94,-123.03,56.79
1023,150.38,919.0,-133.54,26.66
1024,-31.99,274.9,-117.58,67.77
1025,86.42,475.55,-131.72,54.55
1026,-5.89,454.47,-115.51,55.64
1027,-21.8,411.39,-124.6,58.24
1028,-38.05,510.63,-119.48,64.73
1029,136.78,482.76,-128.89,46.78
1030,30.11,421.51,-131.55,52.41
1031,11.23,445.74,-120.43,54.45
1032,3.7,461.03,-123.33,53.26
1033,-36.03,528.27,-130.27,43.8
1034,44.0,467.98,-167.75,14.8
1035,64.79,430.1,-277.59,-17.63
1036,19.38,592.64,-344.33,-79.85
1037,-174.14,445.57,-346.35,-14.39
1038,166.85,453.21,-180.99,25.43
1039,-87.06,564.35,-47.14,32.07
1040,99.97,488.72,-658.02,-182.87
1041,86.7,423.53,-487.83,-200.86
1042,50.09,400.68,68.74,74.71
1043,-43.59,485.86,49.4,184.98
1044,52.92,463.74,-624.81,-136.03
1045,30.16,492.63,-192.7,-49.48
1046,-38.18,557.3,-207.39,61.16
1047,106.16,513.44,-958.34,-222.12
1048,53.04,431.2,-803.67,61.56
1049,65.55,529.61,-684.12,201.72
1050,17.67,461.69,-1128.18,118.12
1051,45.76,472.2,-1332.59,-11.86
1052,28.86,496.63,-963.74,76.31
1053,0.69,479.98,-878.16,118.37
1054,41.3,509.54,-1197.62,4.64
1055,12.69,492.77,-1360.38,-91.96
1056,33.07,498.2,-970.13,85.25
1057,69.37,503.48,-1939.21,-147.56
1058,59.32,443.41,-1809.49,-194.41
1059,-1.42,463.55,-1767.48,67.68
1060,84.08,556.87,-1931.78,69.54
1061,25.93,454.84,-2141.06,-24.42
1062,74.8,523.19,-1733.21,192.75
1063,31.35,459.4,-2483.55,-45.6
1064,-16.11,390.7,-1893.2,98.69
1065,35.87,489.26,-1784.35,109.3
1066,39.33,509.22,-2001.44,41.84
1067,-22.04,452.31,-2041.2,59.37
1068,-9.97,473.8,-2036.89,68.9
1069,14.22,480.64,-2062.2,43.61
1070,39.66,583.29,-2072.35,14.57
1071,-1.02,448.28,-2062.99,50.84
1072,-21.0,562.55,-2072.2,25.08
1073,47.84,519.31,-2060.34,36.71
1074,14.63,579.95,-2067.56,31.45
1075,23.09,616.1,-2065.74,41.86
1076,-16.05,532.63,-2066.14,33.67
1077,-11.24,460.35,-2113.76,33.24
1078,13.53,561.47,-2054.56,34.11
1079,-35.19,569.25,-2026.72,31.15
1080,89.03,619.84,-2058.9,3.82
1081,47.13,507.63,-2059.4,27.05
1082,20.78,474.28,-2117.69,46.03
1083,5.75,494.28,-2148.46,-4.56
1084,-55.62,500.85,-2092.07,-16.52
1085,76.84,502.2,-2074.58,-37.08
1086,8.35,494.99,-1940.75,10.32
1087,15.26,555.91,-2054.5,-26.09
1088,18.41,615.93,-2081.13,-25.92
1089,0.29,516.46,-2007.29,6.45
1090,22.27,600.37,-2026.84,-5.97
1091,-13.19,525.55,-2047.7,34.57
1092,13.42,561.65,-2049.96,7.8
1093,18.94,607.13,-2062.72,7.05
1094,-5.62,547.08,-2140.47,8.9
1095,28.1,490.81,-2007.83,42.5
1096,10.37,583.76,-2036.36,19.11
1097,8.65,477.58,-2034.56,33.15
1098,-5.25,515.24,-2060.96,28.78
1099,21.06,468.47,-2015.13,47.5
1100,-3.05,454.57,-2044.81,40.94
1101,-8.21,467.37,-2032.31,44.8
1102,29.05,585.37,-2078.87,15.56
1103,4.18,495.96,-2028.82,26.27
1104,25.67,558.9,-2052.97,19.36
1105,17.34,591.38,-2040.35,10.43
1106,-25.91,484.87,-2137.68,49.09
1107,-27.83,455.88,-2108.03,16.3
1108,2.23,543.27,-1910.19,59.6
1109,10.95,536.39,-2030.09,34.68
1110,27.69,592.73,-2037.81,20.18
1111,44.97,-315.72,-87.51,-11.23
1112,-40.09,-550.62,-61.81,54.68
1113,-13.45,-493.27,-168.2,19.03
1114,-11.76,-479.35,-246.61,-37.15
1115,40.17,-447.67,42.78,30.5
1116,16.87,-396.7,-35.13,18.63
1117,-12.66,-447.51,-55.1,33.21
1118,-8.47,-445.25,-62.67,26.7
1119,-4.99,-429.77,-81.9,3.96
1120,-26.61,-471.13,-69.38,26.22
1121,-23.17,-452.77,-77.99,16.27
1122,27.77,-359.32,-84.27,5.18
1123,-5.03,-482.97,-151.96,23.4
1124,-31.53,-498.58,-78.08,18.78
1125,-0.18,-428.38,-9.99,31.76
1126,3.58,-436.87,-72.05,12.03
1127,-14.17,-480.02,-77.03,10.6
1128,7.63,-436.43,-55.28,25.55
1129,-23.16,-475.91,-91.23,24.53
1130,-7.88,-418.61,-81.31,15.4
1131,10.1,-387.72,-83.7,17.56
1132,-33.57,-446.62,-77.49,15.8
1133,14.5,-372.01,-83.35,7.85
1134,-18.31,-535.71,-71.85,36.38
1135,-17.24,-524.92,-81.33,27.61
1136,-15.05,-402.84,-78.76,27.22
1137,16.94,-420.06,-90.92,11.91
1138,-47.79,-562.25,-53.95,61.14
1139,-10.27,-443.22,-78.93,12.69
1140,-9.91,-489.73,-59.44,32.3
1141,0.32,-434.34,-120.84,15.37
1142,-22.99,-536.19,-169.38,21.47
1143,-17.96,-503.3,-6.35,39.82
1144,-15.11,-496.73,210.88,59.4
1145,-7.83,-469.22,-59.13,30.3
1146,-3.33,-446.57,-180.87,24.34
1147,3.15,-408.25,-175.18,6.63
1148,-36.66,-504.54,-135.38,15.8
1149,-27.72,-503.28,-121.95,20.64
1150,-1.65,-430.97,-260.12,-10.44
1151,8.94,-420.91,-287.11,-124.79
1152,-31.19,-480.7,-92.19,46.7
1153,-16.08,-493.42,-452.3,-85.59
1154,-36.74,-474.45,241.79,97.35
1155,13.54,-349.61,100.23,37.05
1156,-42.64,-522.22,-239.85,-32.91
1157,-27.58,-533.52,-82.29,17.72
1158,-62.62,-505.75,-343.41,-42.72
1159,-25.81,-494.84,-142.75,-33.89
1160,45.45,-484.13,186.7,85.87
1161,2.72,-447.7,-24.53,27.02
1162,-8.33,-443.83,-33.56,21.45
1163,-5.36,-389.32,-174.46,-12.02
1164,-33.98,-481.33,-233.14,-68.27
1165,0.69,-423.64,-173.12,-9.58
1166,-15.41,-478.02,-9.87,23.76
1167,-34.75,-490.46,2.0,51.47
1168,25.31,-287.52,-67.19,-23.73
1169,-62.73,-528.95,-45.43,54.43
1170,-38.94,-480.86,-66.67,19.12
1171,-39.16,-545.6,-91.1,33.4
1172,-35.79,-500.42,-161.14,-5.43
1173,-8.5,-441.46,-368.66,-74.56
1174,-31.42,-544.55,29.0,67.26
1175,-19.57,-464.48,56.29,23.8
1176,-22.73,-466.53,-85.73,15.13
1177,-17.93,-413.0,-107.26,-13.08
1178,-18.13,-483.18,-57.65,30.89
1179,11.89,-359.0,-88.76,-17.77
1180,-40.0,-523.44,-135.68,16.86
1181,-29.49,-498.94,-120.98,23.43
1182,-20.86,-460.97,-271.06,-41.02
1183,-14.64,-435.77,72.02,32.46
1184,-17.49,-447.44,-271.35,-10.61
1185,-29.79,-501.97,-376.39,-90.8
1186,-13.35,-515.54,163.37,44.89
1187,-54.77,-503.66,0.31,48.07
1188,39.31,-396.35,-46.92,-1.53
1189,-2.59,-417.76,-91.52,4.24
1190,-45.56,-497.14,-82.01,27.29
1191,-11.79,-423.27,-189.93,-35.26
1192,-43.18,-531.59,-93.11,13.62
1193,-30.2,-467.23,-40.29,24.65
1194,-0.97,-431.29,-100.19,3.48
1195,-30.67,-478.77,-79.61,16.8
1196,5.07,-397.58,-329.17,-47.65
1197,-2.19,-466.93,-43.34,13.76
1198,-37.81,-515.4,-54.11,25.93
1199,-22.84,-447.55,-78.22,1.99
1200,-27.36,-505.36,-243.93,3.06
1201,-33.9,-473.05,2.56,-0.86
1202,-8.01,-410.81,-78.55,10.69
1203,-38.39,-497.55,-85.95,12.04
1204,-16.81,-464.08,-223.45,-15.41
1205,-27.07,-472.26,19.24,33.43
1206,-30.23,-414.98,-338.2,-48.94
1207,4.55,-439.16,-97.69,-17.66
1208,-20.05,-512.91,46.11,51.86
1209,-9.07,-446.38,-70.58,10.77
1210,-28.8,-518.46,-239.36,-16.96
1211,-33.91,-457.41,-240.97,-35.79
1212,6.31,-334.23,81.25,32.16
1213,-21.01,-512.4,-54.03,28.23
1214,-24.28,-491.56,-137.13,10.26
1215,-8.28,-473.97,-47.39,-6.63
1216,-39.04,-548.6,-107.42,35.28
1217,-16.09,-427.61,-87.6,12.21
1218,7.39,-407.21,-253.95,-29.03
1219,-64.68,-587.56,-310.26,-5.47
1220,-24.43,-467.93,65.38,32.71
1221,-17.77,-471.22,-18.66,28.29
1222,-20.37,-458.99,-84.4,4.87
1223,-14.96,-429.77,-147.28,-15.18
1224,-13.12,-458.76,-150.3,10.31
1225,-25.39,-494.19,-286.87,-60.35
1226,-30.24,-449.67,39.35,43.22
1227,-15.68,-431.2,-36.79,19.88
1228,-36.1,-517.64,-79.24,25.25
1229,-29.82,-453.63,-121.75,9.59
1230,12.71,-386.21,-168.67,-24.14
1231,-17.62,-454.75,-29.66,6.55
1232,-7.56,-457.59,-91.18,4.36
1233,-41.84,-522.65,-76.24,28.64
1234,-25.65,-454.18,-97.71,2.66
1235,-15.14,-428.53,-104.4,-11.74
1236,-39.84,-543.67,-74.86,19.68
1237,-38.2,-490.84,-84.81,5.0
1238,-29.35,-465.24,-92.12,9.26
1239,4.45,-424.0,-309.9,-72.4
1240,-22.06,-471.53,35.05,30.67
1241,-27.94,-474.73,-36.15,28.73
1242,-18.02,-423.39,-75.76,2.79
1243,-29.77,-477.36,-80.45,11.83
1244,13.21,-322.1,-91.66,-16.67
1245,6.95,-320.83,-84.69,-11.52
1246,-63.98,-563.68,-90.31,27.38
1247,-42.71,-523.66,-85.87,26.32
1248,-15.57,-422.93,-91.72,0.08
1249,-1.05,-378.84,-93.45,-2.82
1250,-71.42,-594.63,-70.78,44.35
1251,-40.99,-480.63,-81.22,17.41
1252,-23.2,-562.37,-79.85,11.66
1253,-25.62,-515.12,-144.01,9.33
1254,-18.04,-512.35,-405.48,-80.28
1255,-26.74,-522.11,54.26,62.05
1256,-26.79,-498.65,-9.53,31.17
1257,4.36,-429.93,-156.12,-7.75
1258,-23.49,-498.38,-83.78,-0.73
1259,-24.82,-480.13,-60.09,34.84
1260,2.04,-364.2,-138.95,-10.91
1261,-17.77,-514.3,-484.76,-123.8
1262,-31.24,-538.76,207.98,119.8
1263,-21.84,-471.82,-4.44,27.23
1264,2.45,-406.42,-61.68,11.44
1265,-9.56,-433.07,-79.06,9.78
1266,-47.59,-543.33,-77.96,40.74
1267,-27.77,-493.42,-83.27,28.07
1268,-5.81,-412.39,-94.5,3.54
1269,-38.61,-503.23,-85.18,23.93
1270,-10.2,-478.43,-95.55,16.02
1271,8.59,-378.48,-96.61,-2.99
1272,-35.2,-528.81,-87.28,22.82
1273,-30.91,-499.31,-76.98,33.82
1274,-22.22,-479.48,-86.26,27.53
1275,-10.02,-476.3,-111.88,10.34
1276,-22.63,-493.07,-203.78,0.89
1277,-10.92,-432.21,-70.17,32.82
1278,-43.81,-486.18,-16.26,35.11
1279,-10.57,-434.86,-73.43,10.28
1280,-11.29,-444.72,-149.29,-1.17
1281,-16.57,-448.46,-259.35,-40.32
1282,-51.33,-548.89,44.27,56.62
1283,-14.15,-458.83,-39.24,32.74
1284,-17.1,-470.2,-100.47,18.59
1285,-32.4,-469.97,-91.47,28.59
1286,-15.73,-452.74,-78.05,15.11
1287,-19.54,-430.97,-92.77,15.95
1288,-14.69,-461.88,-110.68,17.9
1289,-38.58,-533.35,-79.7,31.04
1290,-29.52,-469.84,-69.45,29.77
1291,1.75,-429.92,-145.54,2.31
1292,-24.61,-518.64,-130.59,19.25
1293,-33.74,-483.94,-29.51,23.34
1294,20.24,-426.77,-77.89,0.21
1295,-24.1,-483.71,-78.77,44.41
1296,-15.73,-438.92,-181.97,-7.55
1297,-24.6,-482.44,-112.41,7.04
1298,-20.16,-468.79,-180.33,10.12
1299,-18.07,-519.99,-98.92,18.36
1300,-1.32,-451.02,18.95,36.54
1301,-28.03,-464.76,-62.61,36.65
1302,-18.5,-466.37,-65.68,29.06
1303,-17.01,-477.9,-127.42,10.34
1304,-15.72,-473.02,-43.8,30.91
1305,-5.62,-431.85,-101.82,11.68
1306,-23.2,-480.19,-96.56,11.26
1307,-23.55,-527.39,-100.2,23.11
1308,-11.79,-492.46,-293.51,-28.46
1309,-21.49,-479.28,-14.37,23.83
1310,-10.34,-452.6,-31.5,23.72
1311,-18.51,-472.21,-60.28,28.89
1312,-3.69,-426.16,-180.61,-17.47
1313,-40.43,-523.91,-96.56,19.89
1314,-20.29,-492.9,0.14,45.17
1315,-8.74,-452.47,-126.67,2.36
1316,-15.4,-493.93,-66.7,39.13
1317,-1.85,-455.82,-121.33,7.37
1318,-47.88,-465.71,-77.53,29.02
1319,4.77,-418.0,-99.0,-11.49
1320,-14.8,-501.86,-86.28,33.74
1321,-32.78,-506.79,-91.42,21.5
1322,-15.58,-467.4,-134.66,5.81
1323,-29.69,-544.79,-85.1,23.7
1324,-16.72,-490.21,-122.43,11.53
1325,7.93,-395.23,-82.06,7.29
1326,-4.42,-483.12,-136.24,0.48
1327,-38.75,-523.98,-347.03,-43.71
1328,-20.62,-511.95,35.87,70.66
1329,-18.53,-473.0,-10.42,22.43
1330,-23.65,-497.62,-63.83,45.99
1331,-5.77,-444.7,-72.8,24.17
1332,-12.78,-500.25,-158.25,15.77
1333,-7.92,-485.88,-401.82,-97.01
1334,-1.57,-461.41,115.38,61.3
1335,-21.75,-485.65,-38.1,43.97
1336,-9.96,-396.67,-74.59,16.73
1337,-21.82,-486.97,-89.09,20.69
1338,-43.0,-518.25,-89.32,35.05
1339,-43.47,-499.43,-96.14,22.65
1340,1.75,-437.76,-100.85,1.46
1341,19.07,-372.38,-107.51,-25.5
1342,-35.85,-548.7,-103.83,38.18
1343,-17.54,-463.76,-115.67,7.86
1344,-33.46,-515.06,-77.06,29.8
1345,0.34,-381.91,-121.7,-16.25
1346,-42.77,-545.99,-89.56,23.04
1347,-34.36,-529.44,-94.19,34.9
1348,-27.35,-502.49,-82.28,21.2
1349,-24.5,-473.77,-73.08,18.39
1350,-8.85,-437.13,-120.22,2.59
1351,7.13,-402.51,-107.29,-1.73
1352,-44.9,-562.64,-375.39,-23.8
1353,-15.26,-493.02,-87.0,-3.42
1354,26.99,-377.67,53.9,18.4
1355,-20.55,-495.18,-58.68,36.5
1356,-30.76,-511.41,-80.02,39.33
1357,-8.94,-428.86,-92.37,9.19
1358,3.19,-389.79,-93.29,-0.96
1359,-54.18,-579.45,-79.5,40.07
1360,-28.96,-523.29,-89.92,23.08
1361,0.99,-442.42,-119.16,-10.77
1362,-21.71,-497.63,-82.33,23.85
1363,-11.99,-477.43,-104.73,7.5
1364,-18.46,-474.95,-91.74,6.71
1365,-24.16,-499.95,-123.4,11.5
1366,7.77,-411.45,-94.4,0.86
1367,-24.0,-470.05,-96.9,21.6
1368,-41.96,-515.63,-69.73,29.2
1369,-12.93,-506.78,-135.3,12.59
1370,4.31,-420.15,-106.24,-6.81
1371,-13.76,-465.75,-222.12,-20.37
1372,-33.06,-529.07,-61.38,34.18
1373,-9.37,-471.12,-43.98,4.25
1374,-9.63,-472.38,-79.3,11.0
1375,-21.6,-453.39,-89.29,2.78
1376,-25.38,-490.47,-128.62,8.54
1377,-27.0,-474.97,-77.37,24.28
1378,-28.19,-505.14,-82.69,25.34
1379,3.78,-428.24,-114.68,6.15
1380,4.85,-401.28,-164.63,-22.97
1381,-49.02,-575.33,-84.5,52.68
1382,-24.99,-492.31,-94.99,-1.37
1383,-14.5,-479.26,-107.48,14.86
1384,-4.69,-411.78,-183.72,-5.18
1385,-29.04,-528.83,-243.88,-11.97
1386,-25.44,-492.89,65.87,44.65
1387,-16.47,-461.39,-64.24,11.91
1388,-1.05,-427.25,-86.8,-4.52
1389,-7.69,-425.23,-92.82,4.93
1390,-37.79,-514.82,-91.04,22.05
1391,-18.62,-493.67,-95.51,13.08
1392,7.92,-346.01,-101.95,-7.42
1393,-29.78,-558.78,-87.92,24.37
1394,-62.71,-538.48,-91.23,32.26
1395,-0.79,-429.17,-94.52,2.42
1396,-42.89,-553.56,-85.3,23.63
1397,-17.79,-498.54,-112.07,16.21
1398,-2.85,-438.4,-198.1,-17.68
1399,-2.97,-457.28,-105.27,-4.52
1400,-31.38,-518.93,-46.42,35.21
1401,-8.62,-430.11,-148.54,-4.14
1402,5.55,-447.09,-62.04,10.81
1403,-24.49,-505.69,-251.94,-4.23
1404,-33.54,-501.2,-16.75,32.23
1405,-22.82,-478.22,-44.68,13.6
1406,3.57,-423.28,-84.17,-0.24
1407,-25.0,-488.92,-98.82,28.7
1408,-12.72,-443.89,-153.18,-12.93
1409,-25.92,-464.78,-69.1,24.35
1410,-34.05,-523.54,-81.27,20.28
1411,-16.11,-463.55,-99.16,13.51
1412,-28.28,-516.58,-89.01,37.31
1413,-23.0,-483.01,-117.02,3.27
1414,-7.82,-434.99,-83.75,0.8
1415,-2.82,-488.83,-102.11,15.91
1416,-26.57,-485.85,-107.48,16.85
1417,-19.8,-478.97,-124.88,11.4
1418,-16.3,-481.88,-76.31,8.66
1419,-14.81,-458.65,-78.67,8.82
1420,-12.84,-479.69,-288.6,-15.24
1421,-36.34,-504.68,-87.68,18.31
1422,-39.87,-498.04,19.83,34.03
1423,-5.96,-472.81,-54.98,14.9
1424,-0.04,-432.62,-95.46,3.87
1425,-1.39,-387.06,-100.14,-0.42
1426,-36.75,-550.08,-86.47,31.01
1427,-13.75,-461.58,-104.81,15.07
1428,-34.75,-502.87,-89.83,18.33
1429,-43.36,-506.34,-89.26,26.65
1430,-4.56,-453.87,-109.98,4.48
1431,-21.79,-471.68,-117.98,5.38
1432,-13.92,-497.32,-145.99,19.01
1433,-8.7,-444.01,-50.57,17.99
1434,6.05,-454.86,-113.21,6.1
1435,-43.08,-526.14,-103.05,24.42
1436,-22.34,-492.41,-79.61,22.22
1437,-10.23,-488.7,-151.53,-10.47
1438,-14.54,-487.65,-136.99,-1.13
1439,-13.1,-484.53,-127.32,13.91
1440,-4.54,-476.52,-61.29,25.73
1441,5.32,-427.55,-62.1,1.59
1442,-41.18,-518.54,-121.63,30.28
1443,-19.26,-435.16,-140.03,-10.82
1444,-2.56,-472.22,-51.53,14.74
1445,-35.86,-530.25,-55.82,41.48
1446,-12.23,-467.15,-158.07,5.25
1447,-16.74,-490.85,-50.22,21.4
1448,-17.02,-475.64,-87.06,18.1
1449,4.24,-414.38,-104.34,-15.33
1450,-41.78,-535.76,-134.69,10.83
1451,-2.85,-429.27,-85.66,19.85
1452,17.14,-411.03,-101.95,7.75
1453,-36.79,-556.1,-88.43,23.07
1454,-29.81,-517.53,-104.92,19.37
1455,-3.99,-461.46,-73.98,18.19
1456,-13.5,-501.86,-226.18,-19.84
1457,-22.64,-492.31,-90.04,11.61
1458,-20.86,-465.62,-73.38,2.42
1459,-14.05,-465.97,-69.84,12.13
1460,7.18,-418.05,-88.79,19.84
1461,-29.9,-534.98,-83.19,24.73
1462,-20.64,-492.17,-160.53,-2.08
1463,-13.21,-469.35,-121.92,-8.05
1464,-0.83,-429.17,-63.42,12.82
1465,-28.58,-511.86,-85.67,25.03
1466,-18.25,-463.01,-119.01,18.32
1467,13.48,-376.07,-70.14,-17.33
1468,-52.84,-552.37,-71.68,32.17
1469,-11.96,-502.07,-125.39,11.75
1470,-18.83,-473.77,-85.85,8.19
1471,-30.51,-454.54,-99.16,10.59
1472,-26.93,-386.49,-114.26,3.49
1473,-21.0,-579.2,-162.74,14.09
1474,-13.53,-494.09,-105.59,21.29
1475,8.92,-439.66,-44.82,13.11
1476,-34.91,-548.38,-200.0,21.65
1477,-9.61,-488.46,-77.09,27.62
1478,-5.12,-474.62,-157.33,5.73
1479,-30.24,-505.69,-84.43,14.11
1480,-23.69,-466.81,-86.81,6.77
1481,-21.55,-478.77,-32.51,34.09
1482,-2.37,-418.97,-116.84,7.3
1483,0.56,-467.56,-101.07,3.18
1484,-36.4,-535.39,-78.9,32.3
1485,-13.39,-443.16,-102.12,13.67
1486,9.84,-421.84,-113.33,-7.01
1487,-30.09,-497.21,-110.01,9.94
1488,-1.06,-410.17,-101.6,8.08
1489,-44.97,-529.92,-97.29,38.8
1490,-9.26,-485.77,-96.02,22.76
1491,-19.96,-474.18,-101.84,14.5
1492,-24.43,-505.23,-107.6,16.24
1493,-28.94,-518.95,-100.73,16.07
1494,-8.68,-468.94,-198.77,-5.9
1495,-12.26,-469.59,-259.29,-49.01
1496,-32.4,-515.58,70.01,77.98
1497,-18.0,-460.21,-85.88,21.01
1498,5.9,-465.85,-220.34,1.63
1499,-20.57,-513.43,-105.22,22.59
1500,-33.47,-492.39,-30.63,19.38
1501,-28.91,-490.69,-110.96,22.85
1502,-26.26,-455.89,-92.28,19.6
1503,4.51,-398.62,-92.7,10.03
1504,-23.22,-496.11,-103.04,7.74
1505,-11.21,-434.23,-108.89,11.68
1506,-22.88,-448.83,-101.34,18.66
1507,-38.88,-585.37,-71.71,41.72
1508,-19.31,-402.1,-104.22,-3.26
1509,28.21,-405.46,-103.78,6.29
1510,-33.72,-572.38,-81.94,47.1
1511,-25.07,-519.46,-94.0,42.45
1512,-15.62,-477.52,-152.79,4.2
1513,-9.66,-424.66,-165.18,-6.51
1514,-14.44,-505.15,-26.47,34.77
1515,-45.7,-540.96,-79.66,35.93
1516,-28.38,-504.13,-117.62,9.05
1517,-17.6,-484.5,-136.21,7.21
1518,-13.55,-490.0,-244.86,-33.96
1519,-0.68,-416.53,12.07,30.03
1520,-29.71,-483.66,-57.88,15.73
1521,-32.42,-472.08,-95.41,16.46
1522,-13.14,-484.33,-91.27,17.18
1523,-34.65,-463.13,-129.94,15.22
1524,-7.63,-427.26,-82.93,7.46
1525,-19.12,-463.82,-130.94,-1.66
1526,-13.62,-485.73,-106.3,-3.52
1527,-3.34,-431.43,-77.85,-2.89
1528,-59.11,-546.42,-78.23,36.43
1529,-23.3,-511.94,-83.04,27.87
1530,-29.04,-486.18,-80.17,11.5
1531,-8.67,-480.28,-107.81,5.69
1532,-16.95,-511.87,-143.29,11.84
1533,-15.23,-484.97,-144.17,4.38
1534,-9.04,-462.77,-78.61,16.86
1535,-7.07,-463.85,-100.13,12.59
1536,-8.08,-471.54,-158.91,-12.51
1537,-9.16,-465.28,-65.8,29.11
1538,-16.55,-482.54,-314.26,-32.79
1539,-14.16,-441.96,35.17,28.28
1540,-19.71,-506.81,-49.92,19.96
1541,-33.11,-483.43,-90.22,20.0
1542,-24.31,-465.31,-116.92,13.16
1543,-8.33,-448.32,-59.61,16.86
1544,-11.59,-466.86,-76.13,18.52
1545,-27.08,-519.64,-110.33,14.09
1546,-22.95,-485.35,-96.0,16.23
1547,19.61,-405.37,-109.2,-10.12
1548,-32.65,-510.49,-92.33,27.22
1549,-22.82,-471.12,-126.02,16.34
1550,-63.57,-562.46,-147.88,17.99
1551,-0.39,-497.92,-112.18,6.27
1552,-9.94,-476.33,-40.74,27.59
1553,-23.35,-508.9,-85.17,27.63
1554,4.39,-447.42,-142.98,-6.54
1555,-8.75,-448.86,-128.79,19.79
1556,-6.01,-490.94,-151.31,16.81
1557,-35.07,-521.96,-31.11,35.12
1558,-22.04,-454.4,-79.16,22.5
1559,3.95,-440.82,-95.7,15.85
1560,-28.71,-517.09,-113.68,19.93
1561,-14.06,-471.6,-199.08,-19.61
1562,-21.85,-476.12,-22.5,45.54
1563,-4.32,-441.84,-115.65,-6.92
1564,12.53,-398.39,-116.92,-16.42
1565,-23.22,-497.24,-63.87,42.28
1566,-36.14,-515.95,-74.54,33.5
1567,-12.47,-468.06,-90.37,10.07
1568,-48.84,-528.29,-121.37,27.89
1569,-33.65,-487.74,-106.38,24.95
1570,8.8,-453.28,-183.39,-19.81
1571,-18.05,-506.91,-60.65,37.06
1572,-24.89,-505.48,-58.04,34.84
1573,-19.85,-455.62,-71.8,15.27
1574,-12.22,-457.0,-81.11,18.1
1575,-35.35,-499.51,-228.59,3.35
1576,-25.71,-471.31,-69.29,32.0
1577,5.28,-460.38,-37.95,23.56
1578,-5.53,-451.02,-83.28,11.56
1579,-27.13,-482.22,-127.73,16.54
1580,5.85,-440.88,-164.74,-5.43
1581,20.4,-411.66,-74.82,-1.71
1582,-53.17,-532.78,-54.2,35.01
1583,-9.67,-406.86,-104.28,8.76
1584,-19.02,-486.93,-129.98,14.82
1585,-33.87,-515.69,-66.82,21.61
1586,-21.32,-538.61,-100.48,20.04
1587,-13.66,-468.53,-91.36,23.29
1588,-7.86,-489.47,-77.74,19.83
1589,-8.28,-445.99,-105.18,16.6
1590,-32.58,-500.2,-105.51,13.59
1591,-19.63,-492.51,-215.26,-10.96
1592,0.19,-452.77,-105.5,-5.96
1593,-22.84,-481.75,-31.65,40.07
1594,-8.98,-410.73,-139.69,-8.4
1595,-13.4,-524.88,-119.48,18.61
1596,-23.71,-490.4,-40.61,43.68
1597,-18.04,-503.98,-134.5,9.38
1598,-16.31,-462.1,-98.96,19.07
1599,-3.12,-465.1,-79.57,-4.67
1600,6.08,-415.39,-112.43,-4.3
1601,-37.08,-510.23,-72.97,32.6
1602,-30.84,-512.09,-93.74,25.88
1603,-20.04,-503.29,-98.5,13.89
1604,-4.09,-428.64,-107.0,-9.32
1605,-52.92,-457.91,-89.71,23.01
1606,22.73,-422.02,-123.07,3.74
1607,-30.39,-575.07,-81.71,22.77
1608,-5.16,-471.74,-96.54,0.46
1609,-1.98,-473.06,-193.11,-29.33
1610,-20.44,-536.3,-155.94,3.14
1611,-1.9,-470.12,-110.56,21.61
1612,-16.83,-465.15,-50.01,19.54
1613,-9.05,-432.02,-44.59,20.95
1614,22.08,-377.36,-124.48,-1.73
1615,-33.34,-557.07,-101.03,25.59
1616,-16.99,-452.91,-77.19,6.2
1617,-25.56,-474.71,-151.03,0.4
1618,-26.8,-475.68,-120.38,26.67
1619,-13.18,-457.69,-55.27,15.2
1620,-35.58,-559.41,-76.18,44.54
1621,18.04,-388.4,-106.81,2.35
1622,1.21,-453.79,-140.42,-14.42
1623,-47.09,-520.17,-99.41,31.79
1624,-36.34,-507.18,-44.42,48.23
1625,2.84,-474.64,-116.3,21.53
1626,-7.85,-434.39,-101.18,11.64
1627,-11.0,-503.53,-130.2,22.46
1628,-10.51,-458.44,-77.42,31.33
1629,-9.87,-487.83,-112.32,27.5
1630,-4.94,-423.9,-235.62,-38.15
1631,-27.0,-478.2,-44.75,30.02
1632,-26.76,-485.13,-51.0,35.84
1633,38.98,-314.07,-103.06,-26.03
1634,-49.99,-608.01,-146.77,49.72
1635,-43.1,-529.93,-100.05,40.6
1636,-22.69,-494.86,-101.29,13.0
1637,-0.28,-427.64,-65.02,21.06
1638,-14.65,-481.01,-70.5,27.05
1639,-15.34,-470.85,-106.3,19.76
1640,-7.48,-426.7,-119.22,5.44
1641,15.78,-387.77,-131.71,-5.18
1642,-61.48,-612.78,-164.42,36.61
1643,-22.12,-503.26,-91.16,27.6
1644,-8.07,-442.31,-161.31,-10.34
1645,-24.3,-489.36,-175.34,11.28
1646,-37.06,-526.16,-142.22,10.66
1647,-18.34,-466.48,41.81,45.26
1648,15.77,-362.84,-78.04,0.87
1649,-51.24,-554.15,-72.03,48.92
1650,-13.09,-484.96,-97.21,37.35
1651,-10.31,-446.96,-100.31,22.85
1652,2.13,-419.12,-114.92,-4.61
1653,-27.86,-461.78,-99.27,29.47
1654,-43.93,-519.98,-92.02,38.02
1655,-13.85,-451.06,-102.32,10.87
1656,-21.01,-516.09,-126.84,27.35
1657,-27.1,-498.23,-104.52,31.05
1658,3.09,-370.03,-125.38,-4.49
1659,-30.13,-528.22,-122.87,18.7
1660,-19.46,-516.89,-45.03,38.89
1661,4.94,-436.72,-119.99,11.06
1662,-17.94,-499.62,-280.57,-8.3
1663,-62.65,-515.94,-169.02,5.93
1664,15.06,-484.09,-6.99,49.21
1665,-15.69,-475.3,-50.3,31.23
1666,-19.41,-502.04,-110.43,28.74
1667,-3.97,-454.55,-91.29,28.64
1668,-17.28,-466.83,-109.14,21.55
1669,-24.96,-498.7,-101.84,22.23
1670,8.25,-376.28,-109.08,-3.57
1671,9.5,-450.55,-104.72,0.51
1672,-61.13,-565.38,-106.36,55.24
1673,-36.83,-512.1,-109.88,28.49
1674,-8.93,-449.43,-114.9,7.29
1675,-6.83,-451.12,-122.18,19.79
1676,1.18,-416.54,-153.15,-4.46
1677,-41.52,-529.13,-193.24,21.73
1678,12.12,-338.65,-47.46,11.41
1679,-26.37,-521.38,-138.39,23.4
1680,-22.31,-544.77,-111.57,30.33
1681,-20.58,-528.18,-59.39,40.41
1682,-15.51,-450.38,-115.22,15.09
1683,-27.37,-532.56,-142.37,16.85
1684,-10.47,-487.59,-75.47,37.22
1685,-16.18,-477.61,-61.99,32.19
1686,-23.13,-497.03,-121.6,17.95
1687,16.14,-390.85,-122.23,-0.13
1688,-4.44,-489.11,-160.23,5.82
1689,-25.67,-507.06,-205.5,-6.29
1690,8.07,-407.43,-130.42,-0.89
1691,-28.29,-517.62,-22.78,49.02
1692,-5.55,-462.08,-87.56,18.04
1693,-1.66,-431.96,-123.14,9.3
1694,-50.3,-539.37,-120.4,30.78
1695,3.47,-379.04,-82.51,-0.68
1696,-30.44,-538.9,-97.24,32.7
1697,-8.83,-444.69,-107.56,20.54
1698,-4.53,-466.89,-104.25,19.56
1699,-12.61,-481.6,-105.19,19.22
1700,7.11,-462.01,-155.56,7.85
1701,-35.62,-558.7,-71.36,41.23
1702,-19.08,-499.99,-93.07,25.74
1703,-26.13,-457.7,-125.01,15.78
1704,-9.3,-440.2,-123.91,0.15
1705,-11.21,-473.38,-167.18,4.11
1706,-26.03,-494.78,-24.72,34.02
1707,7.28,-398.27,-144.5,-11.63
1708,-17.68,-530.4,-98.69,26.42
1709,-22.55,-442.77,-63.47,21.84
1710,5.47,-360.77,-143.18,-12.0
1711,-26.27,-521.61,-77.51,25.16
1712,-24.98,-490.05,-89.28,26.23
1713,25.69,-325.78,-148.43,-40.97
1714,-60.52,-575.97,-88.01,42.3
1715,-38.67,-552.79,-88.26,42.57
1716,-7.26,-451.71,-104.83,24.97
1717,1.79,-431.6,-112.94,10.37
1718,-40.03,-545.06,-88.02,45.63
1719,-19.72,-492.61,-191.41,5.85
1720,4.56,-473.89,-116.47,10.23
1721,0.92,-446.72,-38.18,34.8
1722,-11.93,-465.23,-79.64,32.26
1723,-3.91,-445.58,-115.73,17.43
1724,-4.94,-454.42,-135.37,5.8
1725,-25.9,-481.2,-183.09,13.44
1726,-31.87,-459.82,-41.73,34.36
1727,-15.25,-469.15,-92.43,19.43
1728,16.54,-353.54,-112.48,-12.81
1729,-44.75,-569.53,-87.86,48.18
1730,-21.57,-483.22,-102.08,21.27
1731,-9.91,-458.16,-106.99,23.98
1732,-21.5,-429.15,-108.36,8.03
1733,14.89,-439.77,-110.42,3.27
1734,-16.99,-499.81,-103.17,21.81
1735,-36.36,-540.62,-94.31,40.64
1736,-22.98,-467.01,-107.05,17.66
1737,-8.98,-456.76,-127.75,22.64
1738,7.57,-447.64,-157.28,-13.38
1739,-28.1,-520.49,-270.2,-12.76
1740,-12.2,-496.42,-40.65,38.38
1741,-17.61,-473.76,-49.06,34.53
1742,-21.34,-474.16,-62.96,35.85
1743,-5.14,-458.58,-128.72,17.38
1744,20.09,-361.49,-104.8,6.33
1745,-23.25,-495.01,-72.56,21.83
1746,-26.99,-487.88,-115.11,20.49
1747,6.07,-438.93,-90.43,12.08
1748,-23.12,-443.13,-93.72,21.21
1749,27.56,-290.22,-118.97,-17.53
1750,-59.73,-633.32,-86.83,55.69
1751,-43.29,-573.19,-89.49,53.91
1752,-6.9,-483.91,-99.02,35.32
1753,-24.32,-477.09,-79.96,28.21
1754,-35.79,-473.49,-131.73,4.62
1755,-0.82,-507.39,-119.6,35.04
1756,4.08,-457.79,-135.79,25.39
1757,-5.0,-450.82,-70.42,26.19
1758,-29.06,-498.7,-107.79,23.76
1759,-19.81,-473.65,-201.45,1.94
1760,-5.81,-454.73,-140.12,3.99
1761,-4.81,-446.3,-108.89,17.41
1762,2.13,-399.45,-30.5,18.77
1763,-14.45,-478.1,-84.33,17.38
1764,-22.52,-483.78,-93.53,33.13
1765,-18.46,-502.58,-88.75,43.58
1766,-19.1,-505.64,-99.75,23.02
1767,7.88,-394.77,-149.07,-13.23
1768,-30.9,-483.75,-109.47,21.5
1769,-21.28,-512.19,-62.83,51.77
1770,-6.11,-451.88,-97.94,19.29
1771,-26.22,-506.92,-97.35,30.8
1772,13.1,-393.64,-108.4,7.91
1773,-43.88,-572.69,-94.86,35.98
1774,-22.95,-500.17,-99.79,28.06
1775,-14.19,-478.13,-106.66,18.89
1776,-7.69,-422.96,-128.3,8.43
1777,-13.75,-487.65,-176.1,-7.09
1778,-33.27,-499.96,-133.94,21.01
1779,-7.7,-483.17,-134.58,9.05
1780,-2.69,-456.72,-63.94,27.83
1781,18.37,-403.83,-85.67,11.13
1782,-28.21,-453.38,-96.91,32.79
1783,-12.53,-430.07,-158.51,-4.84
1784,-21.05,-507.11,-105.72,30.87
1785,-37.0,-544.77,-58.67,46.98
1786,6.1,-393.89,-109.68,-7.05
1787,-15.79,-519.67,-103.83,32.65
1788,-18.05,-452.82,-104.7,22.03
1789,0.86,-458.3,-115.07,-3.95
1790,-44.34,-521.43,-116.32,45.32
1791,-19.53,-503.29,-97.73,23.65
1792,-11.51,-436.07,-94.06,13.03
1793,-14.77,-541.04,-88.01,37.46
1794,-20.27,-494.86,-105.42,16.73
1795,-7.36,-460.88,-115.44,15.04
1796,-5.43,-472.94,-183.75,-4.75
1797,-25.68,-485.95,-79.03,23.6
1798,-13.91,-456.71,-67.55,27.21
1799,4.36,-434.46,-98.22,5.91
1800,-4.58,-437.57,-93.08,17.67
1801,-2.27,-398.1,-105.99,2.96
1802,-42.05,-553.9,-184.33,21.09
1803,-18.93,-488.18,-61.36,39.16
1804,-35.65,-468.45,-90.33,8.06
1805,-18.68,-493.52,-126.45,-3.21
1806,10.69,-462.75,-67.43,51.26
1807,11.98,-374.67,-94.85,16.71
1808,-19.46,-516.89,-112.57,26.07
1809,-27.41,-518.67,-87.27,30.63
1810,8.49,-437.42,-114.83,-8.59
1811,-10.59,-466.95,-91.69,32.96
1812,-43.94,-560.42,-79.29,52.69
1813,-26.02,-486.17,-107.57,19.66
1814,-9.05,-463.94,-147.12,14.3
1815,-16.38,-484.58,-207.95,-8.69
1816,-11.16,-469.45,-29.91,45.87
1817,-12.27,-467.17,-74.71,28.3
1818,1.65,-392.16,-98.68,-4.35
1819,-25.42,-514.19,-92.9,32.92
1820,-38.45,-468.99,-96.66,26.44
1821,24.37,-408.76,-170.58,3.09
1822,-0.94,-485.29,-104.67,15.54
1823,-22.79,-475.39,-70.16,39.96
1824,-13.86,-404.33,-93.7,6.87
1825,-17.58,-534.82,-87.37,37.37
1826,-30.29,-478.0,-88.28,33.86
1827,-11.22,-462.17,-106.8,16.71
1828,-15.64,-498.75,-97.8,23.88
1829,-15.67,-447.85,-103.86,15.89
1830,2.02,-463.35,-101.71,15.94
1831,-32.94,-502.87,-127.61,27.13
1832,-7.18,-486.97,-135.8,3.74
1833,-32.63,-485.59,-103.79,24.6
1834,-8.93,-452.83,-126.36,-15.91
1835,-23.82,-479.16,-142.32,17.96
1836,-19.43,-488.05,-87.98,32.65
1837,-20.08,-489.56,-32.05,34.6
1838,-16.48,-432.57,-120.56,10.62
1839,-59.86,-491.37,-75.97,14.94
1840,45.47,-366.57,-104.79,-4.46
1841,-19.66,-481.59,-78.56,31.27
1842,-29.29,-493.47,-91.49,31.12
1843,-31.47,-489.58,-114.87,11.11
1844,-11.05,-476.68,-112.72,11.63
1845,-33.45,-448.23,-68.08,25.67
1846,-32.18,-506.9,-94.56,23.23
1847,-41.19,-524.22,-106.87,30.42
1848,-37.46,-490.09,-207.84,8.01
1849,-0.32,-445.06,-105.76,0.76
1850,7.92,-405.85,-92.36,-6.41
1851,-44.02,-502.4,-87.12,47.75
1852,-37.6,-499.84,-149.28,13.79
1853,-23.45,-482.43,-96.01,27.11
1854,-9.73,-467.93,-137.87,2.64
1855,-16.56,-441.44,-41.36,36.94
1856,-8.92,-437.08,-77.56,34.27
1857,-19.76,-462.58,-70.18,42.29
1858,14.03,-389.01,-103.87,9.93
1859,-41.17,-507.67,-89.06,33.85
1860,-28.32,-506.2,-94.61,31.94
1861,-22.03,-463.94,-121.91,20.42
1862,-2.35,-381.81,-139.86,-4.51
1863,-35.32,-529.55,-55.29,40.0
1864,-22.08,-511.76,-39.12,54.06
1865,-23.52,-426.67,-93.09,20.71
1866,20.41,-340.72,-142.3,-13.67
1867,-41.62,-557.7,-220.18,-6.95
1868,-29.31,-478.51,-39.47,44.97
1869,8.35,-403.45,-54.35,19.75
1870,-45.39,-553.87,-61.02,53.3
1871,-4.47,-480.63,-112.0,24.56
1872,0.09,-413.02,-169.73,-18.93
1873,-29.89,-495.51,-30.12,44.61
1874,-19.07,-500.08,-77.71,27.28
1875,-11.35,-463.63,-89.45,15.81
1876,-2.58,-436.11,-181.7,10.07
1877,-25.88,-459.42,-130.92,-6.1
1878,-25.44,-466.63,-15.96,46.43
1879,0.02,-464.41,-103.7,9.93
1880,-20.37,-477.86,-179.47,-14.29
1881,-22.38,-469.04,-65.89,30.54
1882,14.28,-368.99,-48.4,13.51
1883,-33.02,-513.67,-82.71,29.91
1884,16.81,-325.72,-97.06,-3.31
1885,-58.62,-604.41,-83.97,45.94
1886,-42.12,-536.9,-89.05,39.82
1887,-7.33,-480.32,-90.18,16.83
1888,-16.11,-464.28,-79.87,13.29
1889,-15.85,-459.04,-150.02,16.17
1890,-23.87,-499.73,-98.19,17.01
1891,-11.92,-478.33,-162.23,10.0
1892,-7.3,-445.88,-48.32,13.73
1893,-13.02,-460.52,-84.86,12.88
1894,-24.08,-470.82,-103.74,19.1
1895,-29.76,-504.59,-229.29,-24.75
1896,-8.37,-478.66,-152.09,6.6
1897,4.68,-381.56,-65.01,2.88
1898,21.22,-371.51,-20.46,11.65
1899,-68.75,-593.96,-57.68,67.67
1900,-27.85,-496.63,-74.75,41.08
1901,-7.05,-488.78,-95.65,29.03
1902,-23.79,-444.77,-110.98,7.76
1903,-28.98,-481.44,-78.09,20.2
1904,-1.64,-496.1,-81.52,43.35
1905,3.5,-403.16,-89.36,7.67
1906,-17.15,-529.93,-94.97,33.83
1907,-20.79,-482.56,-120.3,23.62
1908,-18.72,-470.06,-86.24,16.14
1909,-27.17,-492.71,-111.4,20.2
1910,-15.23,-477.74,-74.34,23.26
1911,-18.15,-482.1,-86.83,31.42
1912,-12.02,-455.31,-97.22,23.86
1913,4.12,-410.75,-154.69,-6.02
1914,-26.78,-474.56,-117.13,13.28
1915,-28.51,-472.1,-76.38,30.67
1916,-27.19,-471.22,-83.26,27.84
1917,23.45,-414.62,-125.57,-29.58
1918,-22.96,-414.58,-64.25,37.12
1919,-36.11,-542.29,-78.15,46.6
1920,-25.33,-487.24,-120.59,21.53
1921,-45.35,-540.97,-115.46,27.22
1922,1.63,-490.98,-102.82,15.8
1923,-3.03,-448.58,-138.78,-6.36
1924,-15.44,-515.05,-91.63,37.1
1925,-30.08,-464.97,-132.11,10.9
1926,-10.82,-492.47,-68.63,39.03
1927,-27.1,-497.09,-62.97,28.71
1928,-13.7,-463.51,-86.68,25.65
1929,-27.51,-473.75,-81.72,26.02
1930,-12.16,-474.22,-106.88,22.05
1931,-5.03,-442.08,-122.04,12.14
1932,-5.31,-478.63,-159.22,-4.84
1933,-7.9,-472.38,-51.65,20.7
1934,-12.22,-438.73,-69.87,24.4
1935,-11.98,-401.37,-131.4,0.28
1936,-59.86,-568.72,-150.2,18.91
1937,4.54,-474.77,-36.23,35.01
1938,-15.63,-489.55,-72.55,24.71
1939,-17.08,-477.4,-86.01,33.56
1940,9.17,-384.97,-113.26,-9.83
1941,-27.87,-475.14,-90.39,22.73
1942,-41.79,-508.56,-84.9,37.49
1943,-19.74,-535.28,-93.11,34.13
1944,-2.19,-481.59,-100.86,16.99
1945,-30.94,-512.89,-97.43,25.9
1946,-16.94,-471.25,-114.59,4.96
1947,-26.76,-503.7,-84.33,24.58
1948,-16.93,-464.78,-67.35,22.78
1949,-9.3,-466.1,-168.72,16.37
1950,-22.73,-485.57,-193.46,-14.22
1951,6.4,-409.07,-31.88,21.33
1952,-10.33,-440.27,-88.06,8.22
1953,-17.57,-487.74,-107.51,24.15
1954,-37.41,-508.28,-43.31,31.06
1955,-20.68,-429.2,-82.19,8.13
1956,-8.41,-471.48,-90.0,6.64
1957,-45.98,-497.46,-84.57,26.55
1958,-33.49,-447.13,-135.89,10.59
1959,23.89,-405.6,-86.36,8.34
1960,-4.27,-487.7,-85.49,23.95
1961,-25.86,-489.84,-127.6,10.89
1962,-5.74,-473.81,-66.61,21.0
1963,-39.37,-521.17,-85.96,35.43
1964,-47.8,-533.42,-81.57,45.95
1965,-40.44,-483.5,-113.7,27.02
1966,-13.71,-408.87,-161.33,-10.29
1967,9.45,-507.75,-135.66,29.05
1968,-21.89,-494.08,-82.33,27.45
1969,-11.98,-478.2,-40.12,40.74
1970,-14.14,-485.07,-129.46,22.21
1971,-10.02,-428.97,-87.14,17.99
1972,9.88,-363.94,-95.45,-10.28
1973,-30.86,-492.22,-199.43,20.37
1974,-38.29,-516.57,-64.74,36.64
1975,-28.17,-481.19,-47.7,36.96
1976,14.84,-400.55,-95.79,3.58
1977,-6.08,-442.65,-93.71,8.64
1978,-29.46,-504.07,-105.99,17.67
1979,-64.44,-497.77,-93.71,29.7
1980,-6.03,-471.2,-78.71,38.42
1981,-35.79,-520.87,-98.68,21.75
1982,3.47,-450.47,-100.59,13.73
1983,-3.57,-470.37,-111.93,26.32
1984,1.93,-454.74,-234.57,-13.42
1985,-26.45,-515.25,-24.3,38.12
1986,1.75,-414.33,-89.75,16.78
1987,-18.05,-507.76,-107.83,19.13
1988,-11.4,-484.36,-97.29,34.47
1989,-11.75,-475.99,-151.01,13.47
1990,-18.91,-468.13,-138.89,-10.21
1991,-8.85,-437.38,-31.27,46.54
1992,-24.92,-483.18,-127.21,16.39
1993,-17.77,-420.24,-76.66,19.75
1994,29.48,-355.64,-94.63,-6.13
1995,-56.29,-580.65,-82.4,51.61
1996,-18.25,-506.52,-89.15,48.59
1997,-27.42,-489.81,-90.49,35.51
1998,7.56,-431.45,-104.22,20.9
1999,-11.66,-458.15,-123.15,18.14
2000,-10.89,-460.53,-113.07,14.04
2001,-8.37,-471.12,-178.05,-3.35
2002,-12.09,-440.94,-70.53,19.04
2003,-0.84,-461.8,-133.51,9.17
2004,-36.31,-525.73,-92.57,45.17
2005,25.68,-431.69,-7.05,44.08
2006,-29.52,-492.0,-64.15,49.77
2007,-20.56,-495.28,-96.14,41.17
2008,-33.99,-489.57,-172.92,2.36
2009,-4.06,-453.81,-86.78,35.21
2010,-2.61,-438.78,-87.33,29.67
2011,-9.16,-481.26,-102.44,35.32
2012,-9.04,-472.21,-121.94,21.2
2013,1.57,-419.8,-113.41,18.28
2014,-34.38,-509.15,-104.9,22.44
2015,7.67,-427.21,-83.79,29.52
2016,-17.31,-505.54,-114.29,30.44
2017,-5.72,-492.93,-172.01,-4.58
2018,-19.74,-495.6,-62.8,44.51
2019,-36.49,-474.96,-99.65,27.83
2020,22.35,-420.78,-102.45,10.05
2021,-20.21,-508.27,-93.13,43.11
2022,-2.64,-436.85,-170.05,-4.12
2023,29.56,-468.4,-191.75,-4.86
2024,-4.05,-469.82,-20.49,60.76
2025,-20.12,-524.28,-74.09,40.32
2026,-2.54,-485.48,-150.46,18.96
2027,-2.16,-471.52,-91.07,23.47
2028,-15.48,-462.46,-113.49,25.75
2029,-24.43,-496.02,-73.74,24.75
2030,2.11,-432.83,-106.73,2.19
2031,6.63,-432.21,-94.23,10.78
2032,-69.17,-541.46,-89.39,46.34
2033,8.48,-467.6,-132.78,6.89
2034,6.55,-444.79,-107.92,8.39
2035,-13.6,-477.5,-110.32,30.23
2036,-9.9,-472.3,-83.77,25.58
2037,-9.06,-468.5,-73.46,37.33
2038,-15.62,-488.5,-74.19,39.71
2039,-8.45,-480.06,-111.17,17.43
2040,-4.34,-469.87,-124.82,5.15
2041,4.37,-449.89,-138.41,25.78
2042,-27.36,-498.64,-92.81,25.92
2043,-0.69,-416.01,-68.2,7.51
2044,-26.82,-513.17,-96.88,25.81
2045,-32.46,-516.32,-93.06,37.96
2046,-15.9,-473.57,-102.19,18.09
2047,39.27,-342.36,-111.67,-6.29
2048,17.23,-446.62,-108.79,5.54
2049,-51.59,-568.55,-135.58,43.52
2050,-13.15,-449.38,-140.41,-2.05
2051,-23.55,-431.23,-50.42,10.61
2052,-24.96,-532.29,-90.28,43.29
2053,-6.5,-472.75,-137.0,19.56
2054,14.8,-425.58,-70.35,21.51
2055,-22.62,-535.62,-89.53,35.36
2056,-25.49,-511.99,-196.38,11.27
2057,-13.23,-501.79,-116.28,30.22
2058,-19.99,-484.53,-44.82,24.34
2059,6.21,-450.73,-85.07,20.34
2060,-1.09,-447.99,-161.24,-5.86
2061,-12.26,-459.95,-46.56,41.18
2062,-8.5,-434.52,-82.37,23.92
2063,-21.36,-491.19,-93.46,21.2
2064,-19.97,-463.09,-92.4,27.98
2065,11.55,-413.0,-103.08,8.91
2066,-29.1,-535.71,-92.91,30.01
2067,-31.71,-494.24,-95.7,26.0
2068,-31.81,-467.53,-96.89,29.69
2069,35.77,-351.77,-108.04,-8.52
2070,-36.39,-541.19,-122.65,28.61
2071,-22.64,-475.6,-123.88,12.02
2072,-3.24,-481.56,-67.31,30.82
2073,-9.51,-499.87,-94.77,24.25
2074,-16.47,-503.35,-74.85,26.8
2075,16.87,-432.83,-100.44,11.85
2076,-38.94,-495.08,-92.36,31.56
2077,-13.1,-454.91,-67.29,23.18
2078,-3.56,-425.63,-57.8,22.29
2079,8.18,-405.17,-43.35,27.56
2080,0.61,-427.42,-200.44,-11.32
2081,-37.26,-543.08,-169.08,22.34
2082,0.97,-478.01,43.12,41.35
2083,-8.29,-479.02,-88.07,29.88
2084,-38.54,-510.46,-97.16,47.01
2085,-8.88,-428.68,-161.59,-0.28
2086,15.07,-413.18,-186.4,-34.06
2087,-22.24,-481.08,-88.1,37.65
2088,-55.88,-542.91,-209.01,16.5
2089,-11.17,-483.4,-211.51,-25.26
2090,5.61,-442.42,59.1,54.56
2091,-3.46,-513.59,-56.78,51.89
2092,-14.84,-485.52,-89.61,30.99
2093,-10.02,-500.4,-149.24,15.65
2094,-47.55,-483.09,-69.55,29.56
2095,-41.9,-493.01,-75.65,27.92
2096,45.95,-460.66,-124.45,16.1
2097,-3.11,-450.16,-177.81,-9.9
2098,10.45,-440.43,-50.12,28.14
2099,-6.31,-483.91,-111.68,24.23
2100,-10.49,-458.25,-81.69,16.63
2101,-16.98,-436.7,-87.03,29.45
2102,-4.19,-449.1,-94.9,16.35
2103,-20.89,-465.13,-102.94,14.74
2104,-13.16,-493.36,-101.25,27.43
2105,-16.31,-469.75,-101.38,24.48
2106,15.66,-336.7,-115.96,-13.36
2107,-49.78,-601.35,-89.37,49.92
2108,0.7,-436.26,-135.17,7.85
2109,-32.59,-508.77,-93.29,30.28
2110,-36.7,-543.06,-76.71,46.12
2111,-29.74,-479.27,-137.39,17.26
2112,6.8,-469.87,-128.87,16.63
2113,-26.25,-501.24,-227.86,10.49
2114,-13.6,-479.12,-15.64,31.47
2115,-1.38,-443.76,-54.66,28.25
2116,-11.76,-437.24,-89.62,17.47
2117,-21.08,-512.7,-90.77,36.5
2118,-15.59,-433.96,-92.27,23.36
2119,-12.93,-444.3,-107.89,16.43
2120,-24.45,-499.51,-202.41,-3.73
2121,-18.88,-456.85,-55.52,33.56
2122,-26.01,-480.08,-60.2,34.46
2123,-12.05,-452.19,-91.18,26.9
2124,-14.99,-428.21,-105.59,18.61
2125,-36.57,-522.4,-135.36,35.98
2126,-15.41,-424.16,-132.4,-5.13
2127,27.88,-418.02,-57.68,21.81
2128,-26.02,-542.09,-86.25,50.67
2129,-19.09,-479.43,-68.87,35.55
2130,-18.0,-510.48,-172.17,21.45
2131,-13.6,-467.08,-205.48,2.05
2132,-13.24,-451.47,-34.57,33.33
2133,-10.17,-468.79,-74.89,32.12
2134,-16.36,-486.44,-100.2,23.73
2135,-13.65,-472.46,-125.49,5.62
2136,-2.4,-440.63,-73.8,30.56
2137,-16.9,-468.85,-137.51,15.21
2138,-10.19,-464.17,-60.36,19.11
2139,-18.71,-470.03,-107.77,15.72
2140,-15.56,-408.14,-91.12,22.18
2141,10.93,-374.51,-96.64,5.98
2142,-61.53,-595.67,-85.18,58.63
2143,-31.58,-534.4,-90.38,36.79
2144,-6.4,-462.93,-116.34,17.39
2145,-24.65,-492.2,-121.71,17.07
2146,-24.33,-479.83,-108.94,27.89
2147,-21.1,-423.8,-82.23,15.9
2148,18.39,-476.37,-168.69,8.75
2149,9.1,-439.05,-78.08,26.02
2150,1.82,-384.43,-70.69,22.04
2151,-17.5,-470.7,-89.64,22.04
2152,-43.62,-527.9,-118.09,36.57
2153,-27.1,-492.85,-59.11,36.26
2154,-8.12,-444.15,-94.82,17.7
2155,-30.61,-497.42,-137.95,19.84
2156,-11.92,-485.24,-73.92,24.44
2157,-13.25,-451.09,-88.49,25.12
2158,-28.42,-508.04,-92.31,37.5
2159,-20.56,-476.8,-95.61,30.56
2160,-20.6,-439.66,-98.06,14.73
2161,17.24,-321.61,-131.81,-9.32
2162,-86.84,-544.78,-138.88,18.98
2163,-25.72,-567.55,-104.61,40.09
2164,25.52,-413.65,-164.88,-5.22
2165,-5.18,-501.28,-117.26,22.48
2166,7.74,-435.52,-39.35,34.87
2167,-19.27,-479.69,-88.47,28.06
2168,-22.67,-492.55,-80.22,31.23
2169,18.62,-384.44,-121.37,-2.34
2170,-55.77,-518.96,-89.65,32.58
2171,-33.47,-525.38,-76.35,32.24
2172,9.23,-439.83,-107.99,16.88
2173,16.84,-388.37,-165.99,-7.53
2174,-24.41,-502.09,-59.46,39.1
2175,-25.86,-441.06,-100.27,15.03
2176,-38.59,-498.33,-93.01,29.23
2177,-27.52,-479.21,-119.78,23.8
2178,5.2,-384.39,-209.9,-14.35
2179,-29.77,-537.39,-81.88,26.71
2180,-10.97,-430.89,-47.14,25.35
2181,5.98,-416.48,-137.85,0.08
2182,-39.46,-528.81,-150.78,16.66
2183,-42.37,-534.12,-107.53,38.21
2184,-4.02,-407.55,-34.48,33.88
2185,-15.13,-494.71,-63.3,36.97
2186,-40.35,-489.89,-82.12,35.0
2187,-3.97,-413.94,-91.92,16.94
2188,-14.22,-478.68,-92.15,20.08
2189,10.71,-440.0,-103.29,9.47
2190,-27.1,-503.38,-120.9,32.53
2191,-22.16,-503.12,-108.84,23.42
2192,-12.44,-441.12,-85.73,24.81
2193,-19.86,-464.65,-81.07,14.23
2194,-23.79,-465.51,-131.14,18.2
2195,-24.07,-489.97,-89.28,32.06
2196,6.24,-440.82,-71.65,10.06
2197,-12.17,-464.76,-84.76,23.17
2198,-32.09,-438.7,-106.98,20.1
2199,-18.24,-474.08,-123.93,14.3
2200,0.88,-461.17,-102.91,9.8
2201,-12.09,-485.12,-114.76,27.58
2202,-29.33,-503.94,-75.98,31.7
2203,-36.6,-534.28,-192.48,-5.44
2204,3.68,-456.88,-80.11,32.94
2205,30.16,-345.25,-97.01,14.24
2206,-65.59,-591.5,-72.48,45.79
2207,-20.63,-502.69,-87.52,28.99
2208,-1.06,-457.0,-70.46,29.16
2209,-20.86,-477.14,-88.88,29.73
2210,-19.88,-481.12,-92.52,24.72
2211,29.42,-331.96,-90.74,4.53
2212,-5.11,-471.88,-114.8,25.12
2213,-50.18,-532.64,-139.06,37.87
2214,9.36,-379.66,-72.13,16.71
2215,3.69,-364.55,-87.11,6.7
2216,-16.45,-477.59,-92.92,19.9
2217,-57.17,-603.96,-83.75,64.06
2218,-18.93,-473.41,-105.15,26.97
2219,10.24,-387.05,-154.26,-8.06
2220,-24.17,-520.6,-70.11,35.15
2221,-58.71,-527.63,-153.63,22.5
2222,12.05,-422.22,-85.58,13.29
2223,-0.41,-512.43,0.99,47.28
2224,-21.0,-501.52,24.13,43.86
2225,2.32,-467.42,193.74,67.8
2226,11.28,-419.2,14.54,48.88
2227,-15.1,-454.47,-322.01,-24.5
2228,14.41,-430.28,191.83,46.54
2229,-35.11,-523.43,3.95,39.54
2230,13.18,-405.2,393.09,65.75
2231,29.34,-262.46,-412.34,-25.38
2232,-22.47,-489.38,-334.58,-29.71
2233,-33.15,-504.24,-169.0,19.34
2234,0.71,-336.63,-145.64,19.25
2235,-21.09,-457.26,-126.79,21.55
2236,-88.47,-544.86,-99.49,39.19
2237,-30.6,-495.33,-193.29,12.29
2238,72.06,-353.4,-276.22,-60.87
2239,-79.92,-635.1,-141.57,51.33
2240,-7.95,-546.5,30.34,88.98
2241,3.11,-377.46,-101.61,12.45
2242,11.76,-503.64,-139.79,25.85
2243,-91.57,-553.23,-59.06,53.68
2244,14.5,-425.84,-138.09,-3.01
2245,-2.47,-494.02,-226.27,-8.17
2246,-5.81,-510.52,-156.16,11.44
2247,30.08,-346.77,62.54,17.71
2248,-33.08,-524.38,-173.09,22.11
2249,5.69,-354.42,-62.76,12.65
2250,-26.89,-524.26,-25.73,45.06
2251,-36.15,-524.38,-122.16,39.82
2252,11.64,-412.92,-264.48,-37.7
2253,-30.09,-456.87,-5.39,41.52
2254,23.07,-339.36,-97.22,15.1
2255,-22.97,-533.12,-102.25,32.05
2256,-86.94,-609.15,-82.06,68.83
2257,-6.04,-474.32,-163.54,14.39
2258,56.33,-220.78,-71.88,-27.51
2259,-61.47,-646.36,-20.62,78.26
2260,-37.01,-552.31,-32.48,60.91
2261,-13.17,-491.31,-7.5,37.24
2262,-14.79,-473.16,-180.89,8.88
2263,-20.23,-483.77,-126.98,20.17
2264,-16.31,-476.98,-229.49,7.95
2265,-12.46,-465.74,-187.91,12.25
2266,41.89,-226.6,-39.64,-1.69
2267,18.88,-416.23,-116.5,-12.09
2268,-100.47,-638.29,-182.27,62.19
2269,-34.8,-487.09,-51.93,30.57
2270,-1.71,-418.9,-265.33,-41.46
2271,-35.54,-566.4,-9.76,65.86
2272,-33.12,-443.1,-76.79,27.7
2273,81.61,-196.65,-120.85,-38.55
2274,-58.36,-602.24,-92.33,63.92
2275,-30.53,-518.32,-174.07,23.6
2276,-20.64,-543.41,-116.85,36.78
2277,-41.21,-581.24,-169.04,35.24
2278,-1.98,-465.68,-6.61,48.44
2279,-14.61,-484.19,-61.27,37.1
2280,-23.12,-491.59,-82.26,28.71
2281,-32.23,-497.11,-194.09,7.38
2282,-27.01,-489.34,-114.36,31.56
2283,20.76,-374.04,-102.7,17.24
2284,61.82,-239.14,-119.04,-30.04
2285,-53.34,-570.63,-98.21,50.44
2286,-60.74,-573.17,-70.43,54.94
2287,43.81,-294.08,-192.66,-36.24
2288,-29.57,-502.26,-156.03,6.06
2289,-66.24,-574.42,-87.92,73.28
2290,-35.57,-534.54,-71.18,54.41
2291,-16.41,-478.34,-132.73,23.58
2292,-12.92,-469.81,-133.64,32.98
2293,-49.39,-545.44,-83.0,46.01
2294,33.06,-466.19,-209.94,-15.11
2295,-10.76,-476.92,-18.39,49.74
2296,-29.36,-514.11,-131.76,9.56
2297,21.55,-428.25,29.38,47.95
2298,30.15,-299.52,-127.31,-15.75
2299,-49.13,-562.99,-106.89,66.74
2300,-33.99,-541.97,-71.61,60.61
2301,-22.28,-473.96,-125.56,28.82
2302,5.73,-338.79,-130.38,-5.43
2303,-25.76,-507.57,-119.21,20.62
2304,7.0,-432.08,-115.92,14.51
2305,-12.82,-412.1,-132.84,16.82
2306,-33.55,-524.81,-105.64,41.17
2307,-46.32,-608.68,-170.57,47.55
2308,-20.91,-476.02,-87.42,38.67
2309,-35.0,-437.72,-88.12,22.23
2310,-54.02,-480.71,-149.85,26.35
2311,53.38,-456.65,-271.09,-39.0
2312,-24.63,-524.08,5.53,67.28
2313,-9.15,-472.88,-79.35,33.75
2314,12.79,-392.51,-127.7,14.6
2315,-17.06,-500.17,-59.8,47.0
2316,-42.01,-542.63,-75.58,32.08
2317,-37.2,-509.95,-146.66,15.95
2318,7.19,-393.67,-51.69,13.41
2319,6.39,-429.23,-135.45,13.94
2320,-39.69,-527.66,-126.56,33.21
2321,7.48,-366.31,-136.08,7.25
2322,19.22,-356.04,-152.47,-17.39
2323,-76.88,-654.43,-78.06,73.18
2324,-7.23,-425.05,-98.22,21.93
2325,-12.59,-514.98,-111.13,27.94
2326,-54.95,-572.2,-138.93,53.41
2327,7.01,-383.51,-109.34,11.13
2328,-37.5,-546.05,-106.39,41.58
2329,-25.33,-494.05,-188.1,7.97
2330,-1.51,-455.22,-55.14,17.38
2331,-14.25,-508.63,-71.59,39.8
2332,-11.74,-487.67,-172.46,16.32
2333,-19.37,-480.64,44.48,38.13
2334,-11.78,-453.18,-57.93,42.4
2335,-19.18,-440.47,-156.2,13.68
2336,22.27,-339.38,-153.77,-22.9
2337,-25.81,-509.52,-92.46,33.98
2338,3.9,-391.01,-128.78,3.47
2339,1.35,-476.62,-130.58,-0.54
2340,-91.19,-616.86,-102.56,70.01
2341,-20.01,-460.52,-95.59,38.98
2342,-14.8,-436.58,-103.5,30.01
2343,-6.52,-417.28,-136.0,1.09
2344,-16.21,-496.67,-228.11,23.05
2345,-5.32,-483.89,-116.19,35.33
2346,-42.5,-527.66,0.81,58.16
2347,-32.61,-502.72,-144.52,26.05
2348,-17.06,-474.05,-166.23,5.62
2349,-2.14,-449.66,-43.54,28.43
2350,-10.76,-493.4,-84.47,44.18
2351,-27.36,-494.04,-109.08,31.54
2352,14.13,-405.31,-105.86,6.29
2353,32.65,-336.69,-159.28,-22.58
2354,-54.19,-559.27,-60.72,69.76
2355,-33.95,-484.59,-89.74,28.73
2356,-18.77,-432.08,-97.13,24.25
2357,-17.98,-459.58,-105.54,21.07
2358,-41.48,-527.3,-138.06,33.55
2359,-24.6,-501.67,-109.79,31.17
2360,-4.09,-476.79,-78.26,34.92
2361,-17.84,-437.5,-95.3,13.59
2362,-38.0,-514.42,-169.34,28.78
2363,-31.06,-500.93,-108.38,22.45
2364,10.06,-479.92,-48.75,42.14
2365,-24.42,-483.6,-99.9,36.23
2366,-18.19,-475.91,-91.48,29.49
2367,20.53,-426.21,-181.86,2.63
2368,-23.29,-491.92,-165.27,17.08
2369,-24.67,-433.2,4.75,45.51
2370,-14.84,-434.71,-107.13,16.76
2371,3.64,-405.87,-120.5,4.47
2372,-70.68,-615.9,-90.54,70.26
2373,-6.27,-466.57,-93.22,39.56
2374,-9.6,-480.05,-85.18,33.25
2375,-9.5,-434.58,-194.76,-5.02
2376,48.92,-314.47,-210.4,-51.02
2377,-20.35,-431.75,-180.68,16.98
2378,-63.04,-595.39,10.77,83.78
2379,-54.91,-589.78,-59.75,74.55
2380,-17.92,-496.78,-105.18,27.56
2381,-19.64,-482.36,-123.92,28.37
2382,-23.8,-470.9,-62.42,45.42
2383,0.43,-409.1,-96.35,19.2
2384,-11.88,-503.35,-97.91,46.03
2385,-30.06,-481.88,-92.85,34.4
2386,-43.16,-501.66,-99.3,18.57
2387,39.89,-355.43,-97.23,6.3
2388,16.53,-437.7,-206.78,15.9
2389,-28.09,-512.89,-177.0,15.57
2390,-28.76,-518.75,-143.25,15.69
2391,-18.88,-497.12,5.12,62.86
2392,-28.8,-460.86,-65.07,45.0
2393,-15.27,-470.92,-92.74,27.18
2394,-21.34,-516.75,-92.21,35.36
2395,-22.75,-493.63,-91.49,36.4
2396,-27.82,-489.75,-93.81,33.2
2397,-14.97,-438.74,-98.28,21.13
2398,99.95,-138.49,-119.36,-67.08
2399,-10.91,-413.19,-182.86,-0.03
2400,-86.92,-659.01,-35.73,106.76
2401,-2.19,-495.15,-81.52,55.4
2402,-40.01,-548.0,-122.09,43.08
2403,-36.19,-534.36,-124.65,26.3
2404,-14.23,-475.49,-65.1,30.75
2405,-21.11,-477.76,-71.51,29.4
2406,-9.72,-457.27,-278.68,-9.41
2407,-37.39,-458.72,-242.73,-32.67
2408,24.36,-358.1,75.76,42.53
2409,-22.4,-507.33,-111.17,41.2
2410,-8.18,-490.85,-102.66,36.95
2411,-31.79,-528.95,-97.09,44.46
2412,6.67,-437.21,-113.69,15.76
2413,-37.96,-542.06,-64.03,48.57
2414,-8.92,-416.38,-80.71,31.05
2415,16.21,-393.8,-68.54,17.71
2416,-41.5,-582.27,-107.24,63.23
2417,-15.93,-470.48,-120.39,34.33
2418,22.5,-278.76,-195.76,-36.39
2419,-27.8,-521.24,-248.78,-16.17
2420,2.19,-444.37,-46.63,52.04
2421,-13.08,-541.65,-210.72,1.09
2422,-41.14,-542.08,96.05,102.8
2423,-1.8,-428.75,-87.89,28.2
2424,-4.52,-357.3,-139.66,15.14
2425,45.17,-365.36,-149.86,-28.02
2426,-34.89,-601.85,-40.48,66.57
2427,-27.63,-428.88,-121.88,37.59
2428,66.63,-228.82,-228.69,-54.44
2429,-81.57,-674.2,-209.08,35.23
2430,-29.91,-533.13,59.46,82.0
2431,-44.13,-592.69,-118.98,64.11
2432,-28.89,-510.63,-89.47,42.14
2433,1.87,-375.17,-68.03,25.8
2434,-17.34,-478.64,-172.07,21.61
2435,-3.8,-435.35,-152.43,7.08
2436,5.91,-387.02,-44.99,34.29
2437,28.78,-374.64,-110.73,-2.65
2438,-53.96,-553.58,-110.01,52.51
2439,-70.95,-583.39,-95.94,54.44
2440,-27.46,-504.1,-173.39,2.8
2441,-23.56,-499.3,-116.29,42.71
2442,-4.74,-435.53,-47.21,37.77
2443,29.44,-344.64,-134.47,-13.36
2444,-5.31,-429.17,-111.51,28.68
2445,-44.11,-532.92,-135.86,33.11
2446,43.5,-287.77,-164.84,-16.46
2447,-40.33,-517.39,-98.02,48.27
2448,-66.2,-620.44,-147.15,60.12
2449,-12.75,-434.13,-92.91,9.79
2450,16.96,-403.18,-38.06,31.78
2451,-31.83,-483.73,-142.21,44.78
2452,-21.39,-539.62,-172.9,24.74
2453,-3.66,-418.9,-29.65,40.3
2454,-3.31,-454.68,-52.7,48.5
2455,-6.5,-435.76,-193.92,2.79
2456,-10.88,-469.13,-79.35,29.88
2457,-71.82,-591.31,-83.87,60.31
2458,20.99,-304.75,-147.67,-9.49
2459,47.74,-348.06,-100.89,-13.06
2460,-95.86,-699.08,-103.02,82.0
2461,-45.02,-545.14,-109.27,47.69
2462,-19.83,-458.23,-117.34,23.14
2463,28.26,-350.8,-137.44,-30.18
2464,-27.4,-491.43,-109.7,13.76
2465,-62.08,-590.81,-59.69,68.2
2466,-21.11,-484.71,-157.79,9.8
2467,6.91,-431.24,-133.5,-5.85
2468,-13.34,-491.14,-24.29,58.09
2469,28.74,-355.57,-94.85,15.43
2470,-40.54,-473.17,-88.73,36.48
2471,-10.74,-464.68,-95.54,30.98
2472,-42.45,-552.77,-95.49,37.08
2473,-16.12,-424.26,-111.94,16.37
2474,14.33,-383.15,-128.88,-11.52
2475,-43.82,-566.92,-103.26,34.72
2476,-16.4,-454.55,-111.96,19.83
2477,-26.96,-444.61,-82.56,27.77
2478,-6.27,-426.58,-368.34,-58.99
2479,0.6,-432.72,-9.91,34.17
2480,-19.23,-548.1,-12.11,57.37
2481,-32.17,-507.87,-121.94,36.49
2482,-12.96,-457.4,-101.43,25.52
2483,39.22,-296.95,-108.45,-34.04
2484,-51.33,-518.02,-96.88,49.28
2485,-68.89,-618.81,-102.32,60.68
2486,-3.48,-410.05,-121.12,10.78
2487,47.4,-294.0,-143.21,-29.51
2488,-75.31,-673.52,-50.02,76.39
2489,-31.08,-521.2,-77.92,32.37
2490,9.92,-416.97,-181.65,-9.86
2491,-16.74,-442.56,-137.26,19.85
2492,-52.95,-544.24,-55.02,43.7
2493,-28.26,-498.27,-126.34,7.94
2494,-11.92,-476.61,-86.33,27.22
2495,-12.5,-464.32,-123.63,28.71
2496,-28.95,-484.4,-83.39,27.55
2497,-13.48,-445.56,-104.95,18.72
2498,34.59,-254.11,-123.36,-20.87
2499,-54.48,-565.45,-97.94,41.4
2500,-34.18,-492.6,-94.22,36.61
2501,16.0,-375.83,-106.23,5.47
2502,-47.29,-520.15,-184.05,21.79
2503,-62.98,-614.67,-126.61,47.05
2504,-23.07,-473.43,-65.87,33.77
2505,-21.1,-487.33,-82.35,36.7
2506,-36.45,-513.68,-99.15,30.65
2507,-31.4,-489.5,-103.04,30.31
2508,-29.27,-472.08,-102.19,28.59
2509,-32.44,-472.83,-106.22,24.75
2510,1.29,-422.18,-107.51,33.02
2511,92.76,-131.63,-355.41,-81.45
2512,34.68,-293.4,-124.75,-49.53
2513,-107.77,-692.36,56.54,122.32
2514,-83.14,-669.27,-117.74,42.27
2515,-29.47,-459.28,-69.62,45.06
2516,-13.85,-456.02,-96.33,20.69
2517,-50.82,-573.59,-95.2,46.85
2518,-33.37,-499.62,-98.69,33.33
2519,-23.98,-468.07,-100.43,22.41
2520,2.0,-433.92,-106.85,-0.37
2521,6.48,-378.74,-115.19,15.07
2522,-0.27,-442.72,-213.46,17.48
2523,-5.47,-420.91,-108.84,15.51
2524,-12.27,-472.76,-37.84,30.57
2525,-43.58,-555.27,-77.03,44.01
2526,-53.64,-562.25,-220.12,12.16
2527,-41.29,-524.95,-65.27,40.79
2528,-25.66,-489.47,-82.0,25.91
2529,-25.76,-487.44,-76.61,30.07
2530,-17.38,-481.83,-101.97,31.13
2531,-7.02,-430.11,-127.68,12.25
2532,42.29,-311.43,-171.95,-12.14
2533,28.76,-398.39,-107.89,2.68
2534,-36.19,-476.38,-53.25,54.63
2535,-44.59,-573.04,-123.01,29.66
2536,-38.2,-492.99,-66.4,40.66
2537,-29.21,-464.55,-78.77,17.6
2538,-25.29,-524.98,-115.25,14.53
2539,28.23,-364.39,-169.29,-29.21
2540,-28.6,-507.76,-147.57,20.22
2541,-45.95,-522.79,-60.12,57.58
2542,-33.84,-527.0,-51.61,35.34
2543,-19.2,-458.0,-135.31,9.96
2544,-9.58,-496.92,-138.05,5.05
2545,-26.7,-497.18,-123.34,4.55
2546,9.66,-393.75,-64.04,10.47
2547,-29.61,-499.27,-34.77,43.11
2548,-31.68,-492.29,-175.12,-6.94
2549,9.12,-462.76,-123.91,1.34
2550,-18.96,-478.2,-39.42,47.4
2551,-25.12,-517.7,-140.56,20.99
2552,-12.1,-477.6,-196.03,-8.83
2553,-23.66,-485.4,-127.96,1.54
2554,21.73,-290.32,-17.63,7.32
2555,19.05,-282.44,-92.65,-3.6
2556,-39.52,-560.72,-92.78,30.44
2557,-57.65,-654.47,-114.7,48.6
2558,-8.07,-468.33,-90.23,13.75
2559,15.49,-386.76,-89.13,-4.3
2560,-55.72,-548.16,-89.98,51.66
2561,-24.17,-456.53,-101.7,32.56
2562,-20.49,-482.74,-116.17,6.01
2563,21.54,-349.56,-149.08,-27.53
2564,-28.55,-566.49,-166.72,37.77
2565,-47.55,-540.64,-78.65,28.3
2566,5.27,-454.09,-105.44,7.46
2567,-35.61,-554.62,-154.89,18.28
2568,-13.52,-437.72,-47.92,40.44
2569,-13.24,-494.83,-141.53,6.17
2570,-21.07,-491.11,-51.79,36.35
2571,-3.61,-415.95,-91.87,11.16
2572,-0.6,-431.57,-82.54,7.52
2573,-21.6,-488.08,-153.5,3.81
2574,-7.21,-419.47,-88.2,30.98
2575,27.3,-375.03,-105.18,3.56
2576,-38.33,-488.92,-113.58,26.41
2577,15.87,-331.31,-100.24,13.38
2578,4.55,-453.68,-97.78,6.96
2579,-53.7,-577.85,-86.92,27.48
2580,-67.2,-644.51,-82.66,64.03
2581,-15.52,-506.5,-74.91,36.5
2582,-19.13,-455.62,-139.79,13.41
2583,-24.97,-502.71,-204.93,-2.05
2584,-4.98,-507.82,-145.36,12.12
2585,-3.08,-453.16,5.15,40.19
2586,-10.81,-459.15,-116.74,5.33
2587,-7.74,-481.41,-240.19,-29.11
2588,-9.21,-448.37,-77.95,-9.31
2589,-6.34,-427.22,-9.95,39.75
2590,-17.88,-439.73,-70.96,26.11
2591,1.64,-351.66,-95.51,5.91
2592,-6.89,-441.96,-115.69,3.27
2593,-33.85,-535.38,-112.9,26.04
2594,-25.21,-469.36,-61.42,28.22
2595,16.46,-331.39,-95.97,-0.53
2596,-4.64,-448.76,-114.46,-5.95
2597,-54.46,-572.92,-125.67,20.7
2598,-40.87,-563.71,-50.9,67.29
2599,-28.46,-524.78,-88.72,35.7
2600,-16.57,-477.07,-86.47,21.91
2601,-7.53,-480.82,-132.19,21.84
2602,-4.22,-495.22,-171.71,-5.95
2603,-21.9,-484.87,-50.78,26.63
2604,-9.09,-412.63,-73.16,25.07
2605,-22.65,-450.4,-134.22,11.82
2606,18.46,-336.75,-130.33,-17.9
2607,-72.03,-655.71,-188.38,20.25
2608,-14.58,-466.43,-31.37,23.95
2609,39.8,-310.62,-103.81,-17.65
2610,14.34,-318.6,-87.79,3.48
2611,-22.95,-498.28,-96.52,7.25
2612,-63.15,-579.04,-80.39,71.47
2613,-11.14,-385.69,-98.93,26.09
2614,-53.85,-636.47,-93.67,51.79
2615,33.14,-302.08,-119.91,-29.44
2616,34.32,-346.46,-168.41,-20.79
2617,-88.93,-702.07,-161.42,59.49
2618,-35.7,-529.35,-60.24,49.31
2619,-18.06,-503.58,-35.14,38.08
2620,-3.41,-488.71,-73.92,28.95
2621,-15.34,-479.89,-240.53,-19.59
2622,-29.45,-506.53,-108.21,26.54
2623,-22.81,-480.48,-13.29,37.96
2624,21.45,-350.39,-111.19,5.18
2625,-8.67,-453.33,-69.49,8.6
2626,-57.21,-552.94,-93.16,38.93
2627,-21.1,-474.58,-103.77,18.18
2628,-7.97,-427.42,-122.29,4.87
2629,21.89,-353.98,-153.5,-11.11
2630,-26.79,-523.13,-85.99,36.4
2631,-15.49,-439.19,-80.57,38.17
2632,-15.53,-476.01,-90.91,28.62
2633,-2.53,-386.29,-107.14,15.22
2634,-39.11,-542.55,-92.73,41.54
2635,-38.73,-505.11,-96.68,30.63
2636,39.12,-352.83,-125.17,-14.43
2637,2.21,-463.06,-98.7,28.33
2638,-37.94,-537.3,-79.35,33.79
2639,-32.95,-480.21,-99.98,27.87
2640,-6.91,-365.92,-141.13,0.93
2641,-33.63,-569.32,-156.39,29.61
2642,-44.32,-578.99,-79.33,47.87
2643,-20.87,-514.82,-193.39,-1.65
2644,-17.53,-490.31,-107.41,28.99
2645,2.06,-444.87,-37.9,32.7
2646,-20.84,-482.97,-160.53,24.65
2647,23.59,-387.82,-71.01,3.11
2648,5.55,-432.94,-124.41,4.4
2649,-34.51,-461.77,-85.04,39.96
2650,-39.74,-541.43,-77.6,51.85
2651,23.86,-332.09,-108.4,0.49
2652,-1.2,-439.48,-101.99,19.88
2653,-6.14,-443.39,-111.88,15.97
2654,-57.51,-610.54,-87.53,67.65
2655,-40.47,-524.82,-100.31,40.54
2656,-10.8,-444.24,-115.99,21.12
2657,8.29,-426.14,-111.58,16.22
2658,-19.91,-511.07,-96.66,35.44
2659,-18.96,-501.14,-143.9,18.26
2660,13.06,-428.08,-93.88,14.82
2661,-39.17,-504.81,-136.01,20.21
2662,-7.0,-436.34,-145.12,-17.62
2663,7.46,-401.9,-100.19,9.69
2664,-51.15,-545.09,-66.33,59.25
2665,-7.57,-442.35,-79.71,35.82
2666,-32.39,-529.88,-155.24,19.31
2667,-28.26,-510.25,-228.17,15.39
2668,-17.75,-473.57,-18.73,32.41
2669,-8.18,-382.16,-60.97,24.76
2670,30.89,-336.4,-118.84,-14.25
2671,-23.89,-563.79,-85.48,48.56
2672,-0.53,-442.91,-104.75,19.81
2673,-41.74,-504.04,-96.48,43.35
2674,-38.53,-520.47,-96.48,37.24
2675,-19.88,-510.39,-95.37,26.96
2676,-19.34,-494.5,-104.07,17.12
2677,20.87,-395.77,-196.08,-8.88
2678,20.07,-361.22,-94.85,-5.79
2679,8.37,-439.42,-46.56,11.36
2680,-47.4,-574.64,-99.02,36.16
2681,-34.83,-521.34,-100.36,31.25
2682,-19.6,-478.0,-120.2,20.54
2683,-42.25,-549.05,-112.07,22.48
2684,-25.02,-502.66,-89.41,29.04
2685,-29.19,-485.5,-94.63,26.9
2686,-10.69,-456.33,-102.11,19.85
2687,-9.64,-483.43,-94.75,27.46
2688,42.8,-294.52,-269.93,-38.07
2689,66.7,-311.53,-187.28,-47.69
2690,-90.38,-664.79,10.19,79.11
2691,-33.51,-488.3,-43.03,46.82
2692,-35.82,-529.61,-55.99,59.24
2693,-25.02,-507.55,-102.81,32.12
2694,-2.9,-478.44,-125.63,16.81
2695,1.81,-398.1,-125.36,8.28
2696,-39.16,-511.02,-73.85,36.45
2697,-24.72,-507.52,-94.7,36.63
2698,48.72,-336.36,-149.47,-4.36
2699,-4.05,-425.17,-148.16,3.25
2700,-73.56,-651.15,-79.84,61.31
2701,-23.98,-527.65,-70.19,39.24
2702,-4.14,-431.36,-92.58,25.3
2703,-7.27,-467.61,-106.48,13.35
2704,3.35,-423.52,-106.74,8.59
2705,-23.2,-503.36,-148.9,21.01
2706,-30.19,-481.68,-238.12,-10.0
2707,14.32,-425.29,-35.8,38.41
2708,-18.05,-474.78,-31.22,29.51
2709,-29.06,-472.19,-98.39,24.04
2710,-35.69,-561.47,-173.65,21.29
2711,1.43,-401.3,-128.12,0.35
2712,-31.11,-455.62,-46.65,33.48
2713,-36.51,-537.26,-133.02,20.58
2714,-26.98,-509.42,-35.92,46.87
2715,-8.32,-449.25,-106.32,31.16
2716,-6.54,-483.45,-111.12,25.18
2717,-5.46,-458.29,-113.49,19.38
2718,21.59,-380.92,-238.28,-25.05
2719,-1.07,-427.18,-104.06,3.94
2720,-54.97,-537.47,-32.53,62.71
2721,-53.19,-574.19,-82.47,45.78
2722,1.29,-429.73,-111.3,23.01
2723,6.78,-468.89,-140.31,3.92
2724,25.91,-344.3,-86.48,1.01
2725,-28.37,-537.24,-85.9,31.6
2726,-43.25,-551.57,-148.41,34.64
2727,-8.15,-451.28,-124.01,4.28
2728,-27.2,-494.91,-52.18,35.0
2729,-18.99,-498.94,-123.6,19.61
2730,-18.16,-459.96,-133.51,-1.81
2731,-12.63,-498.01,-97.0,39.68
2732,-7.17,-462.73,-152.26,8.54
2733,31.63,-285.71,-149.66,-30.89
2734,-19.26,-510.7,-26.3,36.14
2735,-61.55,-585.66,-75.91,44.92
2736,-26.53,-478.65,-85.51,21.98
2737,20.95,-259.06,-95.71,-12.08
2738,27.25,-324.5,-151.56,-28.74
2739,-77.23,-737.37,-106.55,62.46
2740,-32.7,-546.58,-74.5,38.25
2741,-0.96,-435.31,-141.43,-3.69
2742,-9.25,-443.36,-165.81,-14.57
2743,-30.76,-524.68,-27.04,53.01
2744,-40.28,-538.01,-123.85,22.3
2745,-13.9,-470.03,-140.98,5.6
2746,43.37,-319.01,-105.41,-13.74
2747,-17.64,-544.74,-123.89,30.65
2748,-43.55,-503.92,-50.91,58.95
2749,-2.4,-392.06,-70.24,-1.62
2750,-29.78,-563.81,-93.47,26.97
2751,-25.3,-494.83,-162.83,11.21
2752,16.79,-388.5,-98.32,-8.56
2753,-10.48,-407.91,-83.96,26.07
2754,59.0,-271.45,-167.03,-33.11
2755,-88.23,-675.4,-157.38,43.12
2756,-34.39,-506.79,-17.24,49.88
2757,-12.54,-444.01,-99.12,14.68
2758,-32.83,-572.88,-88.91,39.22
2759,-26.45,-526.85,-93.46,30.81
2760,-6.49,-456.97,-104.24,15.06
2761,27.98,-345.94,-197.18,-12.29
2762,-2.92,-423.46,-127.36,4.45
2763,-60.34,-593.02,-23.05,62.29
2764,-18.75,-493.05,-99.34,32.21
2765,12.06,-341.12,-113.79,-0.37
2766,-20.08,-484.66,-221.61,-14.41
2767,-45.27,-587.7,-111.84,40.91
2768,-17.03,-477.04,-6.43,52.14
2769,15.78,-406.44,-34.69,24.06
2770,-15.42,-471.36,-131.32,18.57
2771,-37.08,-529.71,-110.95,24.82
2772,-13.59,-449.23,-72.43,30.41
2773,-11.91,-413.5,-99.84,21.32
2774,-19.95,-437.37,-105.14,16.95
2775,-1.48,-453.39,-123.39,18.81
2776,57.51,-187.74,-202.81,-61.17
2777,-6.6,-514.99,-95.95,33.52
2778,-84.96,-706.11,-37.86,84.22
2779,-41.28,-520.87,-149.03,26.5
2780,-21.71,-459.97,-61.2,31.32
2781,10.96,-411.92,-100.67,15.53
2782,-30.78,-554.99,-59.83,44.63
2783,-19.08,-486.96,-127.38,6.79
2784,5.37,-466.85,-171.03,-1.69
2785,-31.55,-477.51,-62.41,42.89
2786,-9.64,-458.96,-98.36,22.22
2787,-10.98,-407.92,-137.71,1.65
2788,3.55,-379.05,-73.96,9.89
2789,-44.88,-593.93,-60.43,57.1
2790,-18.63,-488.0,-270.96,-7.82
2791,32.98,-322.28,-34.52,13.12
2792,-1.5,-408.96,-69.61,19.48
2793,-41.36,-529.63,-113.68,44.04
2794,-4.99,-442.76,-75.84,11.92
2795,-61.04,-520.57,-97.58,35.03
2796,52.74,-206.97,-102.4,-20.29
2797,-12.03,-579.05,-73.55,29.42
2798,-73.38,-667.28,-104.75,60.81
2799,-9.6,-389.85,-114.87,6.5
2800,15.34,-389.79,-106.24,-8.56
2801,-55.59,-627.98,-128.31,38.93
2802,-11.43,-465.15,-119.76,11.15
2803,-33.29,-510.85,-138.35,26.2
2804,-8.22,-461.11,-232.52,-7.61
2805,-2.12,-399.12,-84.31,0.74
2806,-2.63,-443.12,1.8,29.29
2807,27.14,-365.12,-94.96,-4.38
2808,-10.9,-514.7,-61.39,34.1
2809,-3.01,-401.76,-66.7,16.55
2810,-18.56,-394.97,-130.81,8.33
2811,-36.28,-565.36,-114.49,39.89
2812,-3.83,-394.64,-103.2,1.94
2813,30.18,-348.28,-115.87,-23.51
2814,1.87,-397.5,-104.21,8.53
2815,-73.62,-630.83,-85.14,63.57
2816,-78.04,-679.68,-147.48,29.27
2817,-22.63,-522.32,-73.55,33.91
2818,2.16,-462.02,-65.91,30.03
2819,13.67,-439.87,-89.04,25.02
2820,-4.38,-490.78,-102.46,28.05
2821,-17.17,-436.32,-94.04,24.18
2822,23.85,-253.98,-91.03,-19.79
2823,17.65,-431.23,-226.17,-36.81
2824,-53.39,-586.07,-45.67,60.61
2825,-43.29,-569.32,-179.65,34.89
2826,-0.33,-420.35,-55.5,11.66
2827,-5.46,-398.46,-52.52,16.61
2828,-29.08,-501.51,-181.72,3.03
2829,-11.09,-494.82,-113.76,8.66
2830,1.47,-427.04,-70.58,19.2
2831,-16.29,-444.66,-103.2,27.85
2832,-10.69,-503.96,-229.76,-6.09
2833,-56.64,-585.52,-102.1,29.49
2834,-0.18,-445.56,35.93,63.74
2835,19.43,-306.11,-74.69,0.9
2836,-35.72,-515.03,-89.76,51.11
2837,-33.47,-516.31,-93.07,28.69
2838,-19.93,-555.65,-120.93,22.65
2839,12.87,-295.03,-96.78,7.46
2840,-27.6,-524.93,-100.59,27.69
2841,-25.71,-492.46,-95.28,18.53
2842,-14.11,-455.94,-89.68,20.52
2843,-16.94,-493.54,-122.18,11.92
2844,-7.75,-481.45,-124.73,4.67
2845,-11.35,-461.78,-79.05,14.12
2846,-35.93,-522.48,-70.07,42.59
2847,-22.7,-524.8,-196.69,-1.23
2848,3.17,-407.99,-137.74,-16.38
2849,-20.2,-474.08,-33.82,35.93
2850,-42.66,-532.85,-68.14,49.17
2851,-17.27,-426.42,-80.71,33.73
2852,-3.7,-451.33,-144.87,17.9
2853,-18.49,-479.83,-143.16,11.75
2854,10.45,-361.42,-86.46,5.09
2855,5.52,-417.66,-114.98,15.79
2856,-75.79,-641.05,-50.38,60.83
2857,-5.76,-441.46,-99.03,21.84
2858,14.07,-399.89,-111.17,-1.86
2859,-61.96,-575.22,-87.75,61.43
2860,-9.31,-421.64,-114.52,19.62
2861,-4.39,-382.55,-112.28,0.99
2862,-31.78,-565.65,-69.93,40.78
2863,-36.76,-521.59,-129.43,24.52
2864,-10.73,-476.08,-97.8,21.06
2865,-11.94,-503.18,-97.82,17.26
2866,-5.42,-442.41,-77.28,24.08
2867,-30.46,-507.41,-141.56,21.62
2868,-30.54,-503.02,-145.35,13.63
2869,-24.49,-475.83,-135.57,18.25
2870,-17.47,-450.06,-36.21,23.31
2871,-9.04,-437.63,-59.24,31.28
2872,-15.32,-467.12,-88.42,23.99
2873,-10.34,-404.69,-112.62,5.91
2874,16.92,-309.42,-115.92,-10.88
2875,-50.08,-565.64,-172.72,15.89
2876,-40.08,-542.8,-111.14,22.79
2877,9.39,-355.9,-57.82,13.53
2878,-39.89,-518.9,-66.84,40.35
2879,-2.25,-441.47,-93.92,7.44
2880,-30.92,-558.58,-96.95,32.33
2881,-3.12,-422.28,-118.41,7.59
2882,-37.8,-530.43,-140.7,13.76
2883,-39.86,-542.44,-111.48,40.24
2884,-7.66,-447.51,-75.98,24.36
2885,-30.15,-507.0,-86.63,24.32
2886,-13.71,-503.9,-70.36,35.9
2887,-12.75,-466.8,-185.97,-4.33
2888,-21.0,-476.91,-215.03,-37.9
2889,-38.59,-487.13,43.46,69.47
2890,-11.93,-421.33,-72.24,24.18
2891,9.62,-376.28,-98.57,9.87
2892,24.33,-340.07,-135.72,-19.22
2893,-39.2,-495.62,-76.96,34.39
2894,-59.06,-539.89,-141.19,37.15
2895,-16.98,-432.4,-135.5,8.75
2896,-5.86,-398.42,-29.09,33.55
2897,-36.08,-527.9,-81.47,24.93
2898,12.77,-435.54,-103.97,3.44
2899,-27.17,-543.73,-131.17,38.49
2900,-48.35,-561.98,-73.82,29.21
2901,-38.85,-497.57,-78.55,36.61
2902,-18.3,-482.0,-98.96,26.51
2903,-31.94,-494.09,-97.39,22.38
2904,-8.83,-444.7,-147.03,10.08
2905,-4.85,-411.61,-131.62,0.09
2906,4.2,-394.66,-23.25,26.57
2907,-37.93,-520.03,-92.27,46.15
2908,-14.36,-436.22,-115.42,15.46
2909,-19.17,-478.13,-138.4,10.53
2910,-47.84,-537.33,-106.53,38.16
2911,49.34,-218.35,-127.86,-35.81
2912,1.24,-439.15,-81.27,18.91
2913,-59.53,-645.94,-85.09,53.47
2914,-18.31,-435.2,-96.45,20.03
2915,55.43,-172.35,-115.73,-30.95
2916,-68.51,-618.51,-148.48,43.42
2917,-46.95,-572.59,-117.83,23.03
2918,-28.09,-550.45,-115.61,9.39
2919,-27.83,-521.3,-80.79,25.25
2920,33.32,-261.96,-49.03,2.54
2921,8.64,-399.54,-121.22,6.14
2922,-62.91,-643.04,-184.99,7.71
2923,-42.51,-540.47,-9.11,46.14
2924,-2.2,-499.61,-73.67,28.25
2925,-16.36,-465.8,-78.51,29.44
2926,-21.46,-509.95,-121.11,32.61
2927,-25.71,-490.33,-126.08,23.56
2928,-3.47,-407.28,-106.49,9.74
2929,19.37,-346.68,-109.66,-3.43
2930,-32.87,-560.81,-99.87,49.79
2931,-38.22,-517.84,-102.0,35.99
2932,-22.54,-462.69,-114.21,19.65
2933,-15.98,-435.36,-149.12,-8.77
2934,17.35,-402.71,-80.32,19.94
2935,-2.55,-363.88,-101.15,25.28
2936,1.22,-416.84,-109.25,11.3
2937,-27.44,-521.7,-107.7,27.97
2938,-13.45,-515.51,-108.43,22.78
2939,-32.92,-541.77,-107.89,27.97
2940,23.03,-363.44,-158.56,-16.47
2941,-11.02,-516.49,-76.2,37.34
2942,-38.01,-532.53,-127.72,29.3
2943,-2.03,-414.84,-122.14,13.86
2944,-42.7,-553.05,-137.04,19.5
2945,-13.45,-443.23,-127.08,9.66
2946,-6.72,-521.27,-109.83,35.79
2947,-21.29,-537.64,-133.65,29.91
2948,-10.74,-472.15,-48.28,32.8
2949,-1.54,-440.75,-65.17,30.06
2950,-28.73,-481.7,-95.59,19.46
2951,-7.22,-428.91,-101.64,16.03
2952,-20.28,-466.15,-92.91,32.16
2953,44.45,-252.49,-119.71,-17.04
2954,-3.42,-405.4,-105.84,19.28
2955,-94.15,-685.98,-102.97,64.01
2956,-33.09,-526.75,-108.47,26.96
2957,18.31,-388.27,-98.24,3.51
2958,31.16,-272.93,-117.06,-8.99
2959,15.89,-444.14,-146.5,5.09
2960,-84.44,-660.33,-86.04,66.8
2961,-17.02,-458.27,-77.04,18.73
2962,9.52,-373.34,-116.87,6.7
2963,-40.12,-596.84,-143.48,37.12
2964,-24.83,-540.56,-141.55,32.44
2965,-32.91,-522.83,-223.75,0.85
2966,-28.93,-493.46,-89.8,45.99
2967,-9.94,-463.55,-38.03,32.95
2968,-0.65,-455.39,-58.63,29.4
2969,-17.52,-467.99,-85.37,29.45
2970,-17.26,-473.81,-102.03,24.77
2971,-3.57,-437.43,-90.82,19.51
2972,0.1,-412.58,-104.7,15.4
2973,28.59,-301.78,-112.95,-1.05
2974,2.48,-384.64,-111.8,10.38
2975,-82.72,-655.62,-91.1,52.24
2976,-4.92,-443.05,-149.65,4.27
2977,-37.13,-554.68,-78.77,36.99
2978,-3.69,-426.62,-80.85,4.58
2979,-26.2,-530.19,-105.41,33.34
2980,1.97,-384.23,-162.3,-25.98
2981,-33.62,-571.33,-61.74,53.52
2982,-19.22,-518.9,-72.48,30.6
2983,3.0,-440.92,-112.68,21.69
2984,-12.31,-407.18,-113.95,19.07
2985,-16.9,-420.94,-127.68,16.49
2986,-37.54,-543.1,-79.64,38.64
2987,-6.07,-441.44,-99.35,24.1
2988,-33.67,-530.75,-172.79,11.56
2989,-40.74,-531.75,-88.85,10.75
2990,-12.46,-488.13,-69.44,24.27
2991,-1.31,-415.61,-86.3,14.8
2992,-28.56,-465.77,-131.42,17.99
2993,-5.13,-409.2,-179.88,5.36
2994,-10.62,-442.27,-40.52,28.6
2995,-6.3,-423.84,-147.19,6.78
2996,-24.26,-470.77,-124.19,23.55
2997,-26.99,-518.64,9.3,50.39
2998,-15.76,-450.79,-99.63,36.18
2999,-14.02,-479.16,-95.11,25.04
