,ch1,ch2,ch3,ch4
0,-12.8,-471.1,-109.18,14.08
1,-20.44,-462.12,-110.17,17.49
2,-14.91,-459.71,-110.88,20.68
3,-29.93,-465.02,-108.5,18.86
4,-45.22,-556.25,-108.39,16.3
5,-9.7,-443.34,-112.16,20.84
6,5.67,-374.1,-113.77,21.74
7,-14.69,-580.21,-112.91,20.37
8,-62.79,-609.9,-125.31,10.94
9,-59.42,-394.31,-115.27,31.43
10,44.01,-521.82,-111.69,21.46
11,-24.17,-388.38,-106.23,19.24
12,21.31,-432.84,-109.52,21.87
13,-3.39,-388.33,-116.23,21.15
14,-10.15,-414.79,-108.65,23.53
15,2.03,-448.3,-109.56,26.07
16,-15.23,-425.07,-112.82,21.43
17,-24.51,-476.64,-111.5,25.87
18,-4.14,-454.8,-109.21,20.33
19,-15.25,-454.64,-111.17,21.46
20,-19.54,-457.18,-109.84,23.97
21,-21.21,-452.85,-108.09,18.94
22,-9.08,-450.48,-113.72,22.9
23,-14.8,-456.41,-111.32,24.55
24,-38.49,-450.12,-110.98,18.3
25,-9.5,-456.75,-108.75,20.17
26,-30.17,-457.98,-118.53,17.67
27,-46.82,-374.87,-116.78,15.78
28,18.86,-472.04,-112.69,18.94
29,-51.2,-527.98,-109.21,20.59
30,22.7,-488.29,-110.27,21.87
31,19.03,-464.21,-110.95,21.38
32,-23.17,-487.96,-110.91,19.06
33,2.12,-353.39,-114.58,17.25
34,-5.63,-415.88,-113.2,21.38
35,-27.35,-494.33,-107.46,21.97
36,-25.74,-550.11,-116.28,23.6
37,-15.84,-460.0,-110.55,21.33
38,-37.54,-494.63,-107.34,18.51
39,-74.33,-501.4,-112.12,16.95
40,-1.39,-461.77,-112.08,17.2
41,-8.21,-417.26,-102.7,18.76
42,18.23,-455.39,-108.02,18.85
43,-3.28,-466.59,-114.63,13.73
44,-29.37,-473.64,-112.02,15.85
45,1.46,-444.12,-111.48,17.25
46,-3.34,-455.88,-110.91,12.92
47,-19.01,-459.32,-112.08,12.93
48,-9.31,-435.51,-105.62,20.01
49,-16.25,-477.69,-112.66,19.69
50,-18.28,-499.0,-106.49,18.81
51,-21.07,-406.99,-109.79,24.53
52,-5.35,-439.36,-110.14,22.33
53,-14.54,-507.77,-109.36,18.53
54,-22.97,-353.07,-107.99,25.25
55,-23.91,-413.47,-107.38,17.31
56,-53.99,-418.78,-107.51,19.68
57,38.32,-547.37,-106.86,27.59
58,2.03,-467.61,-102.66,22.83
59,0.27,-448.93,-106.84,25.59
60,-1.81,-471.35,-110.36,22.7
61,-8.8,-460.8,-112.42,23.65
62,-7.64,-444.71,-109.41,18.4
63,-18.27,-467.64,-104.77,24.42
64,-19.63,-434.51,-102.03,23.16
65,-33.51,-452.45,-106.93,24.34
66,6.4,-480.89,-109.76,24.11
67,-6.01,-444.62,-109.63,23.15
68,-3.88,-453.67,-106.96,22.91
69,0.15,-450.67,-105.3,23.01
70,-6.15,-459.77,-107.67,20.64
71,-22.05,-492.2,-108.98,23.56
72,-37.17,-453.45,-105.2,22.31
73,-53.09,-469.07,-100.06,22.75
74,-21.18,-452.16,-101.28,23.08
75,30.66,-445.88,-107.65,26.46
76,-8.99,-447.32,-103.74,24.8
77,-2.54,-457.57,-103.23,27.53
78,9.05,-462.67,-106.43,21.45
79,-8.8,-473.63,-105.84,20.1
80,-32.26,-468.53,-103.68,18.63
81,-13.56,-457.49,-103.47,16.41
82,-53.1,-457.2,-98.86,16.95
83,8.85,-345.31,-99.86,17.27
84,9.07,-389.46,-105.09,18.83
85,-2.34,-543.12,-111.69,18.85
86,-9.59,-510.52,-110.53,20.26
87,-10.52,-473.84,-109.51,18.93
88,-21.01,-481.5,-103.6,14.46
89,-24.83,-462.37,-104.98,16.17
90,-55.58,-470.61,-103.68,20.67
91,-45.87,-469.61,-108.56,21.93
92,25.02,-420.22,-109.06,18.52
93,12.05,-394.98,-109.21,19.51
94,3.63,-429.15,-105.98,17.48
95,-9.53,-515.91,-103.72,17.87
96,-16.66,-481.39,-102.17,19.63
97,-20.74,-481.03,-105.0,18.18
98,-38.68,-462.68,-101.43,17.99
99,-81.38,-492.73,-93.43,16.1
100,8.12,-464.78,-110.8,18.16
101,-7.66,-449.48,-105.55,18.77
102,7.93,-494.82,-105.78,16.25
103,6.8,-394.57,-103.64,20.28
104,16.75,-449.1,-110.59,10.43
105,-4.95,-461.74,-103.89,19.01
106,-8.92,-437.74,-106.04,17.92
107,-17.54,-453.41,-109.03,17.98
108,-28.64,-480.73,-103.95,19.99
109,-28.78,-473.55,-100.53,15.47
110,-33.79,-470.18,-103.43,22.6
111,-0.65,-450.45,-105.04,15.95
112,-24.59,-470.23,-108.66,18.29
113,-12.33,-454.2,-110.93,19.01
114,-23.88,-441.22,-106.05,18.4
115,8.21,-469.01,-103.6,17.06
116,-8.69,-444.96,-103.65,18.91
117,-54.15,-466.29,-98.7,20.2
118,11.35,-471.39,-106.12,16.49
119,-8.85,-473.81,-109.2,18.46
120,-29.35,-441.59,-108.56,21.69
121,-4.62,-462.53,-107.44,18.66
122,-7.42,-465.26,-105.91,18.01
123,-51.39,-460.33,-104.58,17.79
124,-61.3,-466.49,-104.66,17.53
125,57.97,-475.2,-103.86,18.55
126,-14.16,-472.83,-101.87,20.01
127,-25.36,-431.96,-99.82,21.96
128,-2.34,-478.12,-107.45,20.57
129,-10.11,-478.0,-108.95,20.77
130,-15.65,-457.76,-109.78,24.18
131,-16.99,-458.98,-105.24,21.36
132,-17.65,-462.77,-103.58,16.87
133,-42.51,-458.58,-102.45,20.65
134,-4.95,-449.76,-105.18,17.8
135,-11.6,-461.94,-107.65,21.62
136,-78.83,-473.86,-98.01,16.36
137,49.51,-459.36,-104.28,21.7
138,-0.24,-458.95,-102.61,19.27
139,-14.9,-470.69,-102.18,18.6
140,-61.7,-451.68,-104.45,18.14
141,2.85,-441.47,-97.49,20.25
142,-13.3,-504.39,-101.29,20.28
143,14.14,-474.54,-107.25,17.64
144,-7.2,-465.77,-105.19,16.63
145,-25.21,-472.76,-105.27,17.76
146,-14.92,-458.54,-105.7,14.31
147,-9.88,-457.33,-102.84,20.05
148,-58.77,-441.25,-99.0,20.97
149,-6.44,-486.29,-102.19,18.14
150,5.15,-449.94,-105.62,17.9
151,6.37,-441.03,-105.62,15.73
152,-24.41,-468.23,-104.28,18.59
153,-20.49,-469.85,-101.33,18.82
154,-34.58,-467.99,-103.64,14.48
155,-11.15,-455.46,-99.92,21.6
156,8.49,-469.11,-101.52,19.56
157,-40.5,-473.69,-98.3,18.17
158,-37.23,-448.95,-104.1,14.38
159,7.1,-458.44,-102.73,7.74
160,-1.83,-495.79,-103.75,20.64
161,-19.08,-462.51,-104.55,25.46
162,-11.89,-438.77,-101.71,13.97
163,-18.86,-449.05,-99.39,17.78
164,-7.79,-448.12,-100.19,18.58
165,-64.97,-447.18,-94.95,18.85
166,34.25,-447.55,-103.98,18.72
167,0.89,-463.64,-104.37,17.02
168,-37.1,-444.53,-106.28,16.87
169,-11.65,-465.85,-104.48,17.87
170,-18.14,-453.0,-103.87,21.43
171,16.91,-458.11,-99.27,22.15
172,-19.56,-466.19,-108.26,21.21
173,-10.26,-455.12,-106.84,26.62
174,-1.62,-452.45,-105.42,23.57
175,-39.93,-481.71,-106.35,20.6
176,-61.04,-450.14,-105.36,28.49
177,-20.78,-432.5,-106.45,21.14
178,35.08,-454.93,-109.89,11.94
179,-22.24,-472.31,-115.81,7.66
180,-22.19,-456.01,-104.47,20.93
181,1.71,-464.32,-111.04,19.76
182,-0.31,-496.69,-102.32,24.6
183,-13.33,-456.61,-104.31,26.51
184,-5.49,-428.73,-110.63,-0.16
185,-16.45,-451.99,-106.3,2.9
186,-25.33,-469.12,-95.88,54.88
187,-15.46,-460.02,-107.27,30.79
188,-6.51,-452.4,-108.52,18.76
189,-5.73,-451.38,-107.22,28.25
190,-4.37,-448.2,-107.82,28.95
191,-41.91,-472.64,-105.11,21.24
192,-73.29,-456.38,-102.96,11.56
193,14.84,-474.34,-114.07,7.62
194,16.32,-466.01,-99.48,39.45
195,-24.51,-414.22,-105.79,29.12
196,7.23,-459.42,-106.77,27.4
197,-9.88,-466.7,-106.23,16.36
198,-12.89,-456.08,-102.79,23.1
199,-7.07,-456.33,-111.01,17.67
200,-4.77,-463.24,-113.06,20.15
201,-10.42,-452.54,-114.4,-4.66
202,-7.95,-454.29,-112.39,-1.07
203,-8.22,-449.57,-101.29,43.68
204,-23.85,-450.64,-105.68,11.17
205,-22.13,-443.82,-104.37,20.29
206,-10.31,-428.77,-112.64,20.42
207,-29.48,-462.97,-119.56,-8.94
208,-27.37,-486.05,-107.23,25.35
209,-37.4,-483.73,-107.88,48.41
210,-26.91,-470.41,-98.85,45.69
211,10.79,-433.75,-107.76,7.61
212,14.85,-442.59,-129.13,-54.38
213,-6.76,-479.44,-109.94,24.17
214,-18.44,-476.52,-95.83,73.09
215,-46.09,-455.27,-104.82,48.87
216,-8.59,-470.58,-106.34,21.95
217,-16.21,-470.5,-97.23,27.24
218,5.72,-459.54,-104.03,24.16
219,-4.38,-461.89,-108.99,23.92
220,-23.48,-466.03,-108.9,19.72
221,-28.58,-450.21,-115.62,18.03
222,-38.58,-470.08,-104.85,17.11
223,28.26,-466.15,-110.86,44.83
224,20.9,-441.49,-115.37,2.89
225,-21.37,-469.25,-105.28,23.27
226,-55.75,-469.93,-101.61,34.37
227,-6.88,-472.38,-100.78,24.79
228,-19.58,-451.68,-113.21,11.86
229,16.66,-465.45,-123.02,7.07
230,-6.72,-476.8,-102.23,22.77
231,-16.1,-464.73,-103.56,17.97
232,-32.04,-477.51,-104.28,24.35
233,-21.0,-471.36,-106.76,14.43
234,-53.85,-453.51,-107.68,12.71
235,-3.36,-453.47,-104.62,29.62
236,-5.47,-465.84,-110.7,0.92
237,-9.13,-462.52,-106.74,10.07
238,-17.4,-471.26,-106.24,25.7
239,2.99,-470.33,-100.6,41.89
240,-7.06,-465.02,-106.27,4.3
241,-43.64,-459.1,-95.3,32.38
242,-24.64,-471.17,-101.9,18.55
243,4.23,-468.72,-108.67,11.31
244,-38.94,-462.28,-113.64,22.83
245,9.1,-452.08,-109.1,-0.02
246,-6.79,-472.11,-110.13,-4.03
247,-24.82,-470.56,-102.03,25.62
248,-27.84,-462.79,-103.48,26.99
249,-12.62,-454.84,-108.88,11.93
250,-2.4,-457.27,-111.88,14.11
251,-16.98,-464.25,-108.2,17.58
252,-20.36,-461.52,-111.28,7.37
253,-60.97,-466.0,-104.88,22.87
254,22.74,-447.93,-112.2,17.72
255,0.58,-464.0,-109.74,-2.62
256,-16.21,-455.1,-107.36,11.73
257,-17.02,-438.41,-102.35,18.53
258,1.72,-464.06,-112.94,2.85
259,1.79,-463.99,-115.65,-52.71
260,-18.93,-471.51,-94.77,52.74
261,-24.64,-458.16,-97.33,21.15
262,-29.53,-460.45,-101.55,20.06
263,-15.19,-459.62,-102.61,12.58
264,-11.83,-459.19,-107.63,10.25
265,-15.31,-457.18,-108.8,18.49
266,-4.0,-457.34,-112.6,2.91
267,-27.61,-461.12,-103.46,4.2
268,-33.6,-457.46,-106.46,7.8
269,-36.4,-457.53,-105.83,2.44
270,-5.4,-452.05,-105.8,-6.85
271,-8.47,-442.6,-104.59,17.18
272,-27.66,-439.55,-101.92,14.2
273,5.28,-452.3,-104.7,7.74
274,-7.0,-462.21,-103.74,-5.99
275,-25.16,-449.8,-118.4,-24.03
276,15.36,-471.78,-117.48,-83.15
277,-12.24,-478.88,-94.59,32.58
278,-25.57,-468.55,-101.61,24.86
279,-22.19,-468.53,-102.97,13.25
280,-20.98,-462.68,-103.04,12.54
281,-27.97,-457.27,-109.59,0.72
282,2.5,-452.45,-107.34,16.11
283,-12.77,-455.33,-110.32,0.11
284,-85.86,-467.08,-105.19,5.32
285,-9.6,-435.9,-103.91,7.49
286,30.86,-457.68,-107.46,3.5
287,2.69,-468.79,-106.26,8.21
288,-6.4,-462.64,-104.65,9.72
289,-18.96,-465.04,-116.03,-25.57
290,-12.28,-481.31,-97.06,13.93
291,-15.8,-467.88,-104.47,6.85
292,-15.31,-473.9,-109.11,4.76
293,-14.63,-470.91,-113.81,-0.55
294,-10.01,-464.19,-107.97,-2.84
295,-24.86,-469.22,-113.29,-9.41
296,-18.42,-467.36,-114.19,-23.22
297,6.49,-461.01,-114.77,-26.95
298,-16.29,-465.79,-99.11,33.9
299,-29.82,-468.01,-105.92,7.39
300,-18.67,-475.17,-101.1,10.73
301,-37.89,-446.55,-95.74,18.48
302,7.37,-475.74,-118.31,-38.53
303,7.67,-472.71,-105.83,-4.73
304,-2.21,-465.61,-101.63,2.76
305,-23.75,-470.45,-103.68,0.69
306,-20.14,-465.74,-102.39,7.95
307,1.46,-459.43,-104.45,1.67
308,-9.02,-465.34,-106.37,0.09
309,-9.3,-467.95,-108.85,-4.65
310,-46.26,-476.41,-118.87,-15.42
311,-32.01,-458.44,-122.26,-47.0
312,4.82,-471.66,-91.42,20.48
313,-12.88,-466.55,-103.04,13.72
314,-8.17,-462.66,-105.0,3.13
315,-15.03,-446.47,-106.07,3.04
316,-21.34,-459.26,-110.07,6.47
317,-43.78,-471.19,-134.36,-30.0
318,36.53,-464.53,-111.47,-37.9
319,-11.07,-474.72,-99.63,35.54
320,2.77,-465.38,-124.22,14.92
321,-1.76,-455.71,-115.41,-37.9
322,-11.17,-462.19,-100.18,17.2
323,-18.82,-462.59,-105.65,6.53
324,-15.33,-456.12,-110.28,0.92
325,-53.03,-476.06,-126.53,-6.6
326,-7.68,-481.82,-101.18,-9.2
327,-25.81,-476.7,-99.56,0.79
328,2.1,-463.47,-104.63,0.08
329,-0.85,-469.33,-109.02,-2.45
330,-5.68,-459.0,-109.01,-0.39
331,-5.29,-440.76,-105.39,4.38
332,-34.67,-470.58,-109.04,-19.57
333,0.74,-480.12,-126.81,-56.41
334,-20.42,-482.7,-93.14,40.6
335,-13.79,-468.83,-108.46,7.21
336,-3.58,-461.42,-114.4,3.33
337,-27.07,-456.42,-107.12,0.47
338,-74.27,-463.23,-103.94,6.87
339,-95.38,-486.45,-102.74,-4.52
340,114.58,-428.1,-117.15,-1.56
341,20.62,-448.53,-110.18,-6.78
342,1.85,-472.46,-107.77,-1.33
343,-14.37,-484.43,-111.48,-4.62
344,-47.84,-487.58,-107.78,2.69
345,-1.78,-465.51,-103.69,19.21
346,-47.78,-460.86,-127.12,-26.21
347,5.61,-473.58,-135.64,-44.08
348,21.82,-467.92,-103.86,14.67
349,-3.32,-470.83,-104.05,17.02
350,-7.82,-468.17,-116.08,5.9
351,-12.68,-461.15,-138.17,-5.44
352,0.27,-468.64,-139.79,-68.42
353,-17.22,-477.3,-98.74,48.5
354,-28.92,-458.86,-106.75,-26.96
355,-50.14,-478.82,-102.88,34.11
356,31.06,-489.28,-101.26,1.22
357,-19.54,-483.52,-100.77,-0.51
358,-26.97,-479.4,-103.61,-2.05
359,-12.48,-474.35,-111.89,-12.03
360,-7.27,-474.85,-109.9,-9.62
361,9.0,-439.27,-108.72,-3.86
362,-1.27,-452.92,-106.89,11.0
363,-34.79,-512.22,-108.81,3.3
364,-23.48,-479.57,-103.94,3.74
365,-32.27,-480.08,-101.89,-4.51
366,-25.76,-480.99,-102.89,-5.48
367,-11.77,-469.96,-110.23,-2.15
368,-9.61,-462.96,-105.12,1.86
369,-15.98,-466.08,-109.65,-4.08
370,-45.35,-454.64,-110.02,3.72
371,-5.37,-466.1,-115.65,-18.13
372,-82.44,-476.56,-104.96,-13.38
373,72.98,-462.53,-126.81,-38.37
374,16.88,-467.2,-103.7,35.73
375,8.37,-455.43,-109.64,10.86
376,-2.51,-459.47,-112.1,7.68
377,-17.78,-454.67,-113.06,-1.76
378,6.72,-412.36,-117.47,-0.49
379,11.26,-453.46,-120.85,-4.31
380,-18.1,-475.78,-105.91,16.9
381,-7.81,-409.68,-164.53,-2.31
382,3.39,-402.07,-171.23,-24.44
383,-3.83,-403.63,-76.27,-13.92
384,16.0,-393.51,-334.68,-73.71
385,-16.37,-470.77,-195.95,-34.24
386,-19.53,-463.0,21.05,31.99
387,1.69,-382.42,-69.9,11.05
388,35.18,-340.66,-208.73,-28.46
389,-45.15,-547.6,-107.04,7.12
390,-43.15,-514.71,-31.36,38.26
391,-16.09,-463.0,-70.16,27.85
392,-26.3,-469.48,-197.62,-39.41
393,-16.4,-454.45,-112.69,-19.91
394,3.34,-440.13,-48.13,33.61
395,-1.96,-402.86,-90.78,11.15
396,22.37,-340.93,-329.35,-73.41
397,41.82,-278.76,-87.55,-47.49
398,15.12,-423.37,-44.59,0.85
399,-49.37,-567.02,-89.62,50.43
400,-8.39,-357.01,-77.61,8.6
401,33.46,-342.49,-93.54,-12.11
402,-36.67,-533.17,-83.57,22.8
403,-34.27,-474.38,-127.89,20.1
404,-24.48,-509.3,-108.68,7.09
405,30.19,-340.69,-129.26,-28.68
406,14.55,-411.8,-219.99,-66.91
407,-12.17,-518.43,-112.94,19.62
408,-14.08,-472.22,-25.77,34.7
409,-30.7,-504.29,-180.42,-15.87
410,-32.76,-521.35,-603.75,-116.86
411,-27.82,-503.84,1.19,3.76
412,2.99,-461.91,32.36,33.44
413,11.68,-391.93,-51.6,21.31
414,-6.84,-413.02,-169.65,-34.49
415,-7.85,-378.46,-88.53,-4.5
416,-15.56,-474.76,-77.65,13.19
417,-35.62,-478.72,-70.31,14.67
418,-23.09,-448.12,-90.71,24.49
419,29.21,-370.76,-142.08,-41.19
420,-68.27,-606.17,-58.0,47.82
421,-53.75,-484.68,-62.3,31.64
422,1.85,-382.24,-125.48,-32.28
423,63.8,-271.16,-143.1,-51.61
424,-82.38,-664.5,-246.2,9.25
425,-59.81,-563.21,-144.61,10.55
426,-31.57,-484.55,3.03,37.16
427,-49.62,-463.63,-65.96,24.54
428,-6.45,-466.68,-92.58,13.53
429,-21.24,-512.22,-99.99,10.67
430,-15.77,-352.85,-92.78,-7.41
431,2.6,-455.95,-139.02,8.08
432,-44.84,-472.0,-95.0,7.52
433,-15.16,-384.16,-91.58,-5.18
434,0.98,-516.57,-133.37,10.63
435,-41.25,-487.12,-220.69,-25.41
436,-31.95,-542.28,-128.55,36.41
437,-50.8,-489.35,-163.99,-14.9
438,-62.39,-436.16,-48.36,14.53
439,11.41,-376.02,-140.75,-20.37
440,19.3,-464.56,-155.3,-14.26
441,1.55,-463.87,-104.88,-35.53
442,-30.61,-505.84,-17.94,63.45
443,1.31,-499.8,-205.9,-8.51
444,-17.44,-517.18,-212.24,-1.18
445,-29.23,-483.94,-175.59,-23.16
446,-16.27,-513.94,-27.39,13.44
447,-0.34,-436.97,-92.83,9.75
448,-25.08,-448.61,-54.53,15.81
449,-29.3,-501.67,-277.82,-38.78
450,-39.34,-453.7,-101.3,14.5
451,60.23,-272.93,-53.79,-22.29
452,-54.97,-609.14,-164.43,-1.57
453,-29.7,-516.75,-30.74,25.73
454,-7.72,-460.16,-54.31,27.52
455,-23.99,-375.13,-84.51,6.28
456,-10.61,-500.41,-148.07,20.51
457,-74.68,-483.13,-67.01,33.28
458,-30.24,-402.07,-105.01,-7.15
459,19.87,-516.3,-111.68,15.8
460,-56.94,-543.48,-98.82,37.01
461,5.15,-494.37,-75.26,25.1
462,-25.72,-451.16,-112.43,-1.24
463,30.91,-420.42,-160.27,-13.41
464,-44.02,-561.13,-351.03,-59.52
465,26.89,-443.03,4.13,11.23
466,-13.57,-489.59,-194.9,-16.41
467,-27.9,-512.33,-94.0,20.91
468,-46.62,-448.97,-69.6,11.86
469,0.62,-408.99,-133.99,19.26
470,35.11,-406.02,-103.85,-17.07
471,-60.24,-594.91,-196.6,9.13
472,1.36,-502.85,-31.07,27.99
473,-9.47,-448.13,-74.2,5.86
474,-11.05,-467.69,-84.73,5.69
475,-30.59,-475.99,-79.19,20.22
476,-50.91,-522.08,-194.83,2.48
477,-11.13,-443.59,-141.74,-10.26
478,40.96,-431.61,-37.27,7.2
479,-43.66,-481.08,-70.21,17.63
480,-59.55,-484.16,-73.21,26.77
481,1.7,-437.65,-128.75,19.16
482,-28.88,-414.42,-155.25,-3.67
483,5.78,-490.07,-66.84,18.13
484,22.77,-461.4,-92.63,3.02
485,-16.29,-536.05,-132.04,15.98
486,-20.22,-519.23,-97.5,16.64
487,2.42,-452.42,-83.87,0.69
488,1.85,-428.19,-110.34,-2.73
489,-8.01,-461.3,-180.76,-10.1
490,-12.18,-525.79,-211.03,-22.88
491,-12.3,-448.74,7.57,36.48
492,-4.1,-452.23,-189.29,-32.03
493,-25.04,-454.99,-119.29,-13.27
494,-1.53,-415.28,-21.82,23.26
495,-90.95,-582.02,-90.11,30.45
496,-21.54,-467.56,-299.95,-65.02
497,7.59,-507.93,-21.75,37.61
498,7.06,-424.14,-63.78,15.12
499,-23.73,-520.55,-83.17,23.02
500,2.63,-392.99,-106.02,-24.16
501,-30.15,-494.3,-92.01,22.99
502,-43.24,-490.04,-106.34,26.17
503,-21.24,-509.15,-80.64,21.18
504,-7.56,-492.65,-154.9,-0.2
505,2.75,-453.14,-172.77,-20.25
506,13.91,-436.53,-21.11,31.02
507,-3.64,-451.64,-117.71,-3.16
508,-45.77,-431.7,-121.6,2.08
509,55.16,-403.76,-110.59,-25.42
510,-53.65,-588.23,-57.11,44.94
511,-22.89,-488.61,-55.37,14.09
512,-45.27,-446.56,-273.63,-49.98
513,26.7,-453.41,-127.84,-14.99
514,48.32,-308.33,-51.38,-48.19
515,-101.48,-586.26,-64.64,51.15
516,39.15,-428.6,-104.8,-3.79
517,25.41,-360.49,-116.74,-14.34
518,-59.07,-611.24,-126.98,37.04
519,-52.14,-501.49,-63.32,18.62
520,49.01,-454.86,-79.64,6.96
521,-31.28,-484.41,-184.75,-19.89
522,-44.95,-484.24,-100.52,0.65
523,-1.13,-513.28,-40.61,35.46
524,23.84,-407.42,-92.04,5.39
525,-12.88,-454.27,-106.94,1.65
526,-97.64,-526.56,-116.21,16.68
527,29.29,-449.32,-169.95,-5.0
528,31.31,-465.17,-110.5,-0.96
529,19.13,-450.9,-320.85,-60.34
530,-12.18,-460.05,-9.94,13.62
531,21.66,-394.88,-64.28,-5.7
532,-36.84,-454.72,-62.4,21.62
533,-12.67,-482.17,-88.48,41.35
534,-41.49,-497.28,-133.38,10.22
535,-53.8,-504.02,-77.92,7.16
536,-13.72,-525.04,-82.95,20.31
537,16.58,-459.04,-87.28,22.75
538,-11.31,-467.43,-114.9,3.6
539,-56.92,-395.9,-106.74,-4.08
540,-23.41,-505.17,-147.81,20.0
541,-26.59,-462.3,-167.95,-5.66
542,-49.76,-534.06,-26.2,40.41
543,41.11,-481.88,-108.53,16.16
544,5.46,-459.03,-172.85,-13.22
545,-15.49,-479.59,-112.83,-2.54
546,-11.39,-490.27,-178.74,-17.35
547,-12.12,-456.02,-78.52,3.81
548,27.75,-394.78,-89.54,-13.74
549,16.0,-406.61,-101.07,-13.53
550,-47.43,-555.45,-79.46,33.85
551,-39.02,-396.6,-97.73,18.31
552,-15.82,-477.99,-101.78,-1.31
553,-30.03,-555.92,-141.23,25.96
554,2.97,-427.47,-98.56,-9.96
555,-34.12,-427.08,-76.66,27.81
556,-4.56,-516.87,-89.19,16.56
557,2.07,-510.56,-98.86,19.56
558,-13.44,-478.1,-86.94,18.59
559,-6.91,-458.53,-123.38,4.82
560,-12.1,-481.03,-170.26,-4.3
561,-26.3,-511.75,-208.51,-5.78
562,-11.22,-499.9,-76.22,21.16
563,-8.21,-473.21,-3.43,20.95
564,-2.95,-398.68,-94.72,1.75
565,2.75,-442.88,-101.62,10.23
566,-24.43,-480.52,-123.65,6.58
567,-17.82,-487.28,-90.77,13.07
568,-21.31,-464.59,-103.54,3.92
569,-29.45,-420.12,-98.8,9.62
570,-2.61,-499.28,-106.99,4.44
571,25.25,-364.49,-116.18,-2.97
572,-15.74,-490.86,-103.62,22.33
573,-38.92,-449.53,-113.05,18.19
574,-76.52,-538.51,-105.7,35.73
575,20.14,-456.09,-94.46,15.26
576,-4.53,-471.09,-117.4,17.68
577,2.01,-468.09,-154.29,9.3
578,-23.7,-552.42,-171.53,10.47
579,-9.16,-489.49,-82.06,22.49
580,-7.49,-489.68,-220.48,2.1
581,-7.62,-476.33,-187.82,-22.75
582,-0.28,-416.48,19.31,21.41
583,-25.96,-494.88,-77.25,27.75
584,-10.91,-468.75,-112.61,22.78
585,-14.54,-471.15,-80.88,15.45
586,-8.15,-428.7,-100.55,12.17
587,-28.04,-424.77,-100.27,6.39
588,-4.49,-443.46,-93.34,20.24
589,12.09,-454.29,-147.14,-7.15
590,-32.2,-512.8,-103.27,23.16
591,-40.68,-473.46,-68.85,28.71
592,37.05,-350.14,-135.87,-21.33
593,-32.73,-547.58,-133.36,16.31
594,-8.81,-479.47,-61.12,30.45
595,33.66,-388.67,-179.26,-18.76
596,-46.46,-533.55,-175.9,5.83
597,6.42,-379.89,-15.18,23.91
598,28.61,-429.07,-174.26,-25.32
599,-57.8,-613.67,-267.23,-10.25
600,-33.06,-545.23,38.56,48.95
601,-16.12,-470.67,-59.73,20.1
602,-13.08,-460.73,-81.69,20.75
603,3.53,-442.69,-95.56,8.71
604,-10.76,-465.79,-165.72,-9.83
605,-8.72,-439.95,-63.93,11.94
606,-2.34,-385.35,-104.41,-3.18
607,-12.28,-474.83,-140.71,8.31
608,-16.4,-466.71,-51.92,24.44
609,-4.55,-473.33,-99.18,4.27
610,-14.01,-497.86,-92.85,19.25
611,-55.55,-467.58,-96.72,8.39
612,26.29,-394.42,-143.87,-2.34
613,-25.57,-549.12,-129.15,10.4
614,-11.64,-512.12,-167.79,-1.0
615,3.81,-492.92,-62.56,20.81
616,-27.73,-511.29,-116.11,12.6
617,-1.9,-473.48,-85.48,13.82
618,-9.27,-472.8,-247.67,-37.57
619,-10.42,-464.47,-16.72,28.0
620,-4.04,-404.37,-101.76,-15.63
621,-9.47,-431.78,-111.27,-10.93
622,-72.01,-528.99,-57.75,29.48
623,35.37,-392.56,-100.07,1.17
624,7.59,-432.43,-133.51,-3.88
625,-14.39,-478.77,-107.8,-5.25
626,-44.65,-507.61,-90.28,16.56
627,-13.27,-413.95,-138.31,-18.95
628,-28.38,-478.57,-62.17,25.04
629,10.34,-464.0,-111.01,10.52
630,-5.99,-460.49,-135.58,0.25
631,-0.79,-474.93,-98.51,15.73
632,-45.6,-560.86,-130.81,18.21
633,-22.28,-483.83,-78.98,18.23
634,7.22,-441.42,-113.77,-1.85
635,-25.25,-460.55,-96.51,15.86
636,6.87,-486.5,-78.04,33.33
637,-5.15,-481.49,-183.47,5.2
638,-18.74,-435.21,-63.15,19.27
639,-19.63,-491.8,-81.46,16.77
640,-5.7,-467.87,-132.15,16.46
641,13.13,-384.02,-145.93,-20.82
642,-32.98,-510.85,-91.39,12.41
643,-10.67,-426.54,-82.95,16.06
644,-14.37,-356.62,-182.56,-30.06
645,-34.84,-564.15,-131.31,7.35
646,-17.54,-509.6,6.78,63.99
647,-8.62,-385.84,-104.8,2.79
648,26.56,-333.84,-106.85,-19.88
649,-78.54,-617.53,-83.58,58.47
650,20.23,-475.42,-101.84,24.86
651,-0.68,-463.57,-93.16,19.2
652,-11.54,-531.19,-151.81,17.83
653,-30.9,-492.32,-152.62,5.73
654,-15.45,-461.82,-38.84,15.51
655,8.84,-426.33,-114.62,4.65
656,2.93,-485.41,-135.11,11.85
657,-26.85,-486.68,-288.33,-39.21
658,-28.0,-423.11,-64.67,5.06
659,18.89,-479.56,-4.18,40.61
660,-2.9,-459.67,-67.42,17.64
661,11.38,-411.32,-97.14,-19.11
662,-12.77,-440.06,-84.55,-12.45
663,-30.96,-465.19,-104.93,41.56
664,-4.8,-368.93,-109.01,-0.6
665,-37.08,-437.77,-141.82,-7.3
666,-18.2,-543.57,-68.59,42.29
667,1.31,-436.75,-79.72,13.89
668,-1.33,-379.88,-100.5,-7.03
669,-62.1,-580.15,-78.57,43.4
670,-15.69,-434.46,-83.24,26.7
671,-13.51,-469.32,-97.58,3.74
672,-12.76,-508.84,-94.21,24.92
673,-24.53,-463.46,-172.18,1.6
674,-17.45,-468.56,-176.62,-4.12
675,17.87,-446.82,-157.64,-14.0
676,-9.36,-465.97,-81.53,8.71
677,-15.5,-440.04,-132.88,-1.51
678,-30.66,-474.06,-34.14,40.14
679,9.98,-389.0,-62.45,-2.32
680,-14.09,-464.11,-95.53,12.06
681,-43.95,-424.67,-98.62,9.02
682,-51.68,-455.04,-87.93,13.8
683,38.17,-485.94,-97.53,14.05
684,21.36,-400.92,-107.87,-15.76
685,-45.08,-506.91,-96.85,24.38
686,-19.0,-424.41,-109.98,-3.3
687,-29.88,-487.87,-149.44,-5.76
688,11.26,-439.34,-76.09,15.68
689,20.35,-453.49,-201.44,-5.1
690,-42.48,-507.89,-35.56,23.07
691,-15.34,-458.11,-58.56,26.35
692,-17.8,-475.98,-93.66,12.83
693,2.29,-479.93,-91.31,17.84
694,1.82,-420.69,-119.86,-2.89
695,-10.38,-495.55,-177.14,-5.22
696,-20.44,-484.81,-90.11,16.52
697,-13.48,-405.82,-68.43,9.71
698,30.55,-396.47,-93.19,1.5
699,-29.61,-480.91,-159.74,-10.1
700,-27.14,-473.72,-58.35,20.18
701,-5.72,-438.37,-90.98,5.83
702,26.96,-366.6,-126.43,-23.55
703,-57.58,-587.02,-86.47,52.92
704,-44.91,-427.03,-84.24,5.72
705,23.19,-447.87,-126.36,5.85
706,-42.67,-528.65,-80.33,36.87
707,-12.14,-432.18,-72.02,2.83
708,-12.25,-481.2,-103.62,19.54
709,-15.44,-457.05,-151.85,-5.0
710,27.13,-469.68,-70.93,27.98
711,-36.13,-510.65,-372.57,-34.95
712,-29.95,-504.87,3.35,34.09
713,6.94,-470.56,-57.86,28.33
714,-17.37,-474.88,-114.71,15.89
715,-16.5,-461.04,-48.77,17.59
716,-16.16,-444.97,-86.66,10.32
717,-13.74,-427.24,-104.91,10.48
718,-21.56,-472.56,-86.16,10.67
719,19.21,-406.34,-138.4,-20.07
720,-14.68,-441.92,-90.54,27.71
721,-57.55,-460.54,-70.06,17.15
722,-17.55,-441.65,-110.2,-12.2
723,3.86,-452.91,-103.96,2.95
724,-46.52,-514.32,-82.02,25.7
725,26.25,-400.82,-106.08,-3.33
726,24.8,-409.36,-86.56,7.29
727,-35.87,-489.13,-92.37,14.7
728,-43.85,-564.37,-161.64,10.69
729,-22.47,-505.91,-57.15,21.5
730,-29.77,-447.33,-93.19,12.21
731,-13.91,-493.53,-129.51,28.88
732,-21.1,-508.07,-126.86,-2.55
733,-11.51,-489.3,-101.47,26.07
734,-10.37,-458.71,-73.75,10.82
735,-19.3,-459.27,-142.55,4.01
736,-19.97,-460.98,-142.35,-2.53
737,3.64,-445.93,-68.05,11.67
738,-82.79,-477.12,-101.66,2.14
739,-35.98,-457.22,-93.73,25.34
740,80.97,-340.94,-117.63,-26.14
741,2.77,-488.37,-102.24,18.96
742,-58.35,-488.29,-125.71,11.89
743,-4.79,-351.63,-115.97,-20.87
744,-8.04,-562.19,-82.15,57.87
745,6.09,-433.65,-133.35,-3.97
746,-19.03,-522.67,-121.08,19.36
747,-24.37,-496.58,-100.47,18.51
748,-12.16,-455.89,-122.52,-6.49
749,-47.76,-478.67,-76.57,28.06
750,4.46,-481.61,-233.23,-9.0
751,-22.81,-498.3,-125.49,14.83
752,-19.24,-474.03,-50.77,18.82
753,4.56,-408.84,-121.97,-10.1
754,-12.29,-422.93,-174.68,-33.63
755,-31.26,-518.94,-28.36,43.51
756,-8.75,-384.41,-121.15,-12.47
757,-1.31,-398.51,-83.02,2.47
758,-14.24,-557.2,-90.69,43.34
759,-52.51,-494.18,-99.42,18.28
760,-35.14,-445.85,-101.32,11.81
761,31.56,-376.75,-147.15,-15.48
762,-22.13,-499.55,-95.82,13.8
763,-46.37,-535.2,-77.02,28.94
764,-5.99,-499.0,-87.47,20.14
765,0.94,-403.65,-135.37,-11.25
766,-14.27,-503.23,-196.35,3.38
767,-42.81,-495.82,-33.24,28.02
768,-20.73,-430.4,-113.69,-2.68
769,29.56,-388.83,-92.28,-0.24
770,-30.73,-468.58,-102.99,22.24
771,-38.3,-501.05,-104.71,33.02
772,-9.94,-509.56,-162.77,2.35
773,26.87,-348.36,-178.02,-37.39
774,-12.65,-470.42,-104.96,15.58
775,-28.98,-530.67,-96.16,28.29
776,-63.58,-509.85,-201.42,-2.77
777,-10.96,-480.31,-42.12,21.46
778,16.39,-419.85,-88.3,11.06
779,4.15,-450.33,-95.51,-1.07
780,-51.2,-423.96,-134.46,-9.3
781,-34.49,-466.03,-106.63,3.07
782,9.28,-469.68,-41.8,26.98
783,18.7,-399.25,-134.35,-6.12
784,8.14,-486.33,-132.04,3.01
785,-32.7,-472.37,-134.69,2.02
786,3.28,-388.67,-61.55,-3.17
787,-1.19,-473.62,-94.09,22.55
788,-44.39,-575.12,-83.99,38.85
789,-13.5,-474.82,-110.87,9.72
790,-15.92,-474.87,-108.43,3.21
791,-22.72,-433.78,-98.67,-0.59
792,10.8,-428.29,-159.52,-10.75
793,-47.64,-505.81,-127.85,8.39
794,21.57,-373.71,-213.71,-27.21
795,3.08,-482.71,-44.06,22.34
796,-33.35,-520.0,-79.73,20.17
797,-28.77,-469.77,-57.72,22.83
798,12.9,-447.14,-133.61,-6.47
799,-40.5,-501.23,-138.14,0.96
800,9.87,-455.7,-83.67,10.09
801,-15.5,-431.28,-75.94,10.99
802,-16.75,-439.93,-106.32,-4.91
803,15.36,-432.41,-98.7,-7.15
804,-1.97,-426.41,-92.73,4.62
805,-54.65,-480.38,-93.72,11.71
806,-5.61,-544.31,-100.04,14.75
807,24.09,-386.56,-107.46,-4.81
808,6.46,-380.33,-107.28,-13.95
809,-23.17,-533.71,-106.51,33.89
810,-51.92,-532.82,-112.38,17.77
811,24.51,-365.04,-165.67,-31.01
812,-35.84,-463.58,-54.75,19.55
813,-11.24,-438.05,-167.48,-8.6
814,13.81,-465.64,-79.84,9.89
815,-13.82,-519.64,-48.08,30.96
816,-16.5,-511.87,-128.53,7.62
817,-26.88,-489.09,-120.8,-11.82
818,-25.66,-487.09,-121.91,16.69
819,-23.28,-472.27,-73.83,18.27
820,0.59,-399.12,-73.15,-0.03
821,-3.07,-418.26,-107.98,-8.77
822,-17.47,-480.61,-89.48,8.52
823,-14.17,-451.65,-115.75,-6.47
824,-60.05,-504.04,-70.56,5.51
825,26.03,-422.53,-114.04,-9.76
826,14.12,-360.85,-174.42,-36.72
827,-29.82,-578.64,-48.31,50.49
828,-3.8,-436.69,-105.44,14.46
829,-2.76,-426.94,-74.28,12.68
830,-0.54,-486.59,-122.63,6.33
831,7.03,-373.59,-92.09,-8.11
832,-28.09,-579.05,-92.46,28.2
833,-25.0,-478.93,-118.11,-5.7
834,-18.16,-483.44,-85.34,26.12
835,-22.83,-476.26,-95.38,6.87
836,15.16,-438.52,-104.36,-2.76
837,-20.13,-488.75,-167.96,5.39
838,-26.43,-453.27,-102.9,-0.72
839,28.21,-406.8,-221.56,-33.76
840,-22.83,-470.26,-45.42,29.66
841,31.87,-316.15,-53.44,-6.65
842,-40.3,-480.34,-74.76,-0.84
843,-42.18,-523.14,-89.23,37.36
844,11.17,-455.5,-93.09,2.76
845,-18.6,-401.21,-105.41,-2.71
846,7.61,-379.17,-108.34,-2.82
847,-33.54,-530.77,-96.26,31.58
848,-3.36,-527.64,-133.17,16.14
849,-2.6,-467.49,-62.1,19.18
850,-32.11,-530.77,-80.02,25.02
851,-17.97,-479.24,-109.86,10.41
852,3.06,-446.71,-177.65,-0.73
853,-26.55,-480.0,-145.1,-2.15
854,-1.02,-456.5,-26.56,21.5
855,4.22,-398.83,-90.27,0.05
856,10.1,-415.6,-125.55,-4.33
857,-12.62,-477.63,-145.64,-2.22
858,-19.94,-437.84,-44.82,10.84
859,6.84,-432.79,-97.77,-3.22
860,-45.31,-543.09,-91.03,18.91
861,-7.08,-405.32,-100.49,-1.73
862,-18.08,-377.75,-219.31,-54.42
863,-18.62,-538.07,-33.74,39.4
864,15.2,-348.65,-84.43,-10.34
865,31.91,-408.53,-141.48,-34.23
866,-18.84,-413.83,-72.91,9.38
867,-47.97,-591.62,-82.14,44.53
868,-56.72,-506.73,-93.23,12.21
869,19.72,-396.07,-92.19,-4.47
870,28.44,-444.11,-148.63,-19.68
871,-32.28,-495.24,-78.31,23.05
872,-25.1,-529.25,-149.21,11.92
873,-9.94,-503.26,-122.12,-1.9
874,-13.63,-466.08,-58.06,28.99
875,-9.78,-457.41,-66.89,11.58
876,-12.6,-463.61,-98.98,3.62
877,-21.71,-406.84,-123.79,-9.3
878,-19.91,-468.32,-265.79,-43.71
879,-17.18,-459.48,-0.66,27.91
880,29.47,-339.63,-84.17,-22.8
881,1.6,-499.45,-97.95,10.17
882,-59.58,-551.1,-98.41,48.25
883,-2.25,-340.84,-124.07,-17.69
884,-8.43,-375.22,-100.72,-38.13
885,-49.23,-604.21,-76.53,59.85
886,2.66,-522.44,-138.25,7.15
887,2.84,-454.27,-89.37,10.57
888,-34.88,-414.29,-98.48,0.39
889,-3.92,-429.99,-92.54,7.94
890,-27.62,-540.33,-84.2,31.48
891,2.58,-498.24,-109.94,21.83
892,0.99,-465.76,-219.28,-22.26
893,-0.88,-449.34,-115.17,1.26
894,-25.57,-494.21,-17.09,29.36
895,2.04,-454.04,-81.61,22.04
896,-12.29,-452.25,-102.2,8.44
897,-25.06,-469.46,-93.17,3.56
898,-16.77,-451.24,-120.47,-6.27
899,49.38,-232.14,-189.6,-84.45
900,-50.2,-570.38,-107.18,19.75
901,-76.09,-517.16,-71.49,24.63
902,29.98,-395.77,-61.89,-7.23
903,-35.64,-528.5,-70.94,33.9
904,7.84,-498.62,-73.17,28.91
905,12.11,-402.96,-129.56,-12.28
906,-6.17,-437.29,-117.04,1.02
907,-15.0,-486.96,-71.85,10.07
908,11.63,-429.82,-102.24,8.74
909,-34.42,-552.34,-99.78,32.42
910,-33.36,-517.58,-95.44,27.05
911,-12.37,-476.09,-111.45,1.56
912,-1.44,-460.49,-159.85,-4.81
913,-19.13,-478.52,-141.62,-2.07
914,-9.25,-467.46,-79.38,20.04
915,-7.46,-464.2,-72.4,12.94
916,6.19,-430.97,-83.35,-4.3
917,-12.61,-363.34,-122.32,-16.74
918,-52.5,-498.17,-114.16,6.47
919,10.5,-463.95,-75.67,6.24
920,-1.5,-492.51,-77.05,25.38
921,-28.66,-464.51,-106.38,26.66
922,-1.13,-463.49,-95.52,21.2
923,28.23,-361.61,-110.12,-4.93
924,23.46,-423.98,-121.99,3.41
925,-59.63,-603.6,-82.05,47.34
926,-36.24,-520.16,-91.22,24.91
927,-0.95,-480.89,-94.79,19.85
928,-6.19,-466.6,-110.75,13.51
929,-26.64,-462.35,-100.16,7.78
930,-22.22,-460.31,-146.73,8.36
931,-27.24,-486.21,-215.8,-13.47
932,51.03,-404.16,-96.9,5.34
933,42.07,-310.63,-182.9,-62.18
934,-65.65,-569.0,12.5,76.18
935,-52.5,-498.38,-86.09,27.82
936,15.2,-476.82,-83.13,6.55
937,-11.63,-415.6,-79.69,15.15
938,-38.85,-504.25,-101.87,18.91
939,-49.74,-540.22,-100.33,21.58
940,-30.96,-410.79,-106.69,5.46
941,30.33,-402.16,-112.78,4.25
942,7.52,-465.24,-97.25,18.04
943,1.02,-472.73,-114.08,4.51
944,-12.97,-517.77,-91.46,25.9
945,-22.11,-477.34,-99.68,17.72
946,-16.76,-467.45,-144.69,-1.49
947,-35.21,-479.81,-96.11,13.78
948,-45.8,-487.62,-78.72,20.57
949,-23.82,-463.57,-95.83,7.72
950,26.86,-313.5,-121.69,-32.56
951,42.53,-395.94,-121.2,-8.15
952,-35.75,-572.76,-303.92,1.11
953,-6.56,-482.71,-143.8,16.78
954,21.15,-408.23,13.07,25.94
955,-22.83,-474.18,-71.98,11.96
956,-52.46,-527.25,-73.19,26.52
957,-36.39,-460.95,-125.27,-1.09
958,-3.16,-473.83,-90.64,7.27
959,-64.54,-529.78,-73.97,30.58
960,6.03,-464.66,-90.53,26.93
961,-0.03,-462.84,-106.49,12.39
962,-17.7,-464.16,-148.93,-5.83
963,-28.46,-387.69,-84.06,2.15
964,68.38,-351.7,-165.51,-12.64
965,-28.55,-555.08,-119.79,16.46
966,-52.27,-518.05,-48.04,26.82
967,-13.52,-470.28,-113.46,-10.73
968,19.67,-420.7,-157.31,-11.09
969,-18.02,-456.39,-74.86,27.7
970,-19.18,-522.42,-91.75,26.3
971,-19.25,-492.84,-137.16,15.46
972,-30.84,-498.27,-232.52,0.17
973,-16.56,-431.6,-5.92,26.23
974,-18.71,-468.57,-97.0,14.91
975,-11.17,-461.63,-113.59,20.38
976,22.56,-458.41,-66.81,32.29
977,-29.68,-396.66,-137.49,-0.88
978,23.75,-408.59,-93.7,-0.89
979,-0.04,-512.83,-98.15,26.08
980,-8.98,-355.68,-149.05,-24.75
981,-31.03,-574.0,-72.34,41.49
982,-69.6,-541.72,-96.44,36.17
983,3.42,-441.0,-111.69,-2.46
984,18.46,-430.48,-115.01,13.4
985,-41.67,-480.68,-124.72,21.7
986,-46.63,-496.72,-139.12,8.69
987,56.26,-381.04,-129.17,-27.37
988,-22.2,-523.99,-90.23,34.52
989,-30.18,-504.92,-113.05,19.34
990,6.21,-419.95,-95.63,6.93
991,-5.6,-418.27,-154.56,-20.49
992,-17.33,-509.3,-115.58,9.22
993,-40.11,-514.9,-73.99,34.55
994,-24.95,-480.7,-125.74,12.92
995,-34.59,-463.92,-245.6,-27.7
996,34.65,-355.81,-52.68,-7.73
997,-27.0,-496.75,-103.84,9.75
998,-16.24,-493.36,-72.81,41.49
999,-13.5,-466.44,-171.36,-3.66
1000,-12.44,-476.19,-127.51,8.87
1001,-11.15,-454.53,-20.78,60.14
1002,-14.42,-466.7,-81.1,11.44
1003,-24.35,-473.73,-144.65,13.67
1004,-23.08,-471.97,-121.6,7.34
1005,-1.48,-441.22,-58.99,-28.73
1006,-58.74,-492.15,-106.94,65.6
1007,-15.04,-457.11,-93.75,9.03
1008,27.91,-449.2,-100.61,5.54
1009,-31.66,-565.22,-111.44,32.54
1010,-4.18,-442.98,-146.91,15.83
1011,-66.76,-433.37,-187.08,-8.56
1012,29.23,-427.5,-243.53,-47.69
1013,-4.3,-504.22,30.56,58.94
1014,-7.02,-480.2,-61.22,26.3
1015,-32.37,-425.91,-121.79,11.19
1016,-17.91,-454.61,-120.69,-7.95
1017,-3.08,-484.06,-74.52,35.98
1018,-5.15,-460.6,-144.45,4.72
1019,-27.38,-487.09,-74.07,28.34
1020,36.16,-332.84,-97.26,-3.56
1021,-68.66,-557.38,-108.22,28.84
1022,7.48,-466.82,-100.91,25.06
1023,1.88,-469.95,-82.36,-7.37
1024,-26.81,-507.36,-94.78,27.42
1025,-2.71,-452.9,-104.97,6.7
1026,3.39,-414.06,-108.55,13.44
1027,-6.02,-466.57,-95.75,18.48
1028,-14.59,-485.51,-119.15,15.26
1029,-15.65,-448.28,-169.62,-16.13
1030,-16.55,-481.45,-59.9,36.55
1031,-15.71,-477.98,-138.22,-7.75
1032,-18.02,-480.39,-205.89,-20.26
1033,-22.34,-490.74,20.85,41.92
1034,-21.02,-470.88,-137.62,14.79
1035,-28.05,-445.8,-96.71,7.04
1036,-4.23,-372.16,-150.54,-29.96
1037,-31.93,-511.3,-90.67,27.91
1038,-26.74,-446.57,-67.99,33.28
1039,7.38,-535.84,-223.92,-14.37
1040,8.53,-454.7,-28.33,32.65
1041,-15.89,-450.87,-78.46,23.8
1042,-1.9,-451.15,-139.47,0.63
1043,14.84,-409.09,-98.47,1.45
1044,-42.48,-507.5,-73.56,43.73
1045,-52.31,-498.56,-89.75,31.2
1046,11.92,-466.15,-97.54,15.82
1047,30.65,-397.86,-102.13,0.7
1048,-17.46,-477.28,-93.12,21.83
1049,-28.99,-496.98,-135.55,23.0
1050,-18.77,-461.49,-85.08,29.58
1051,-7.56,-406.43,-174.23,-0.07
1052,-7.22,-440.62,-171.37,-25.7
1053,-38.88,-537.1,-95.29,53.33
1054,-13.27,-433.47,-46.4,20.37
1055,-0.75,-458.66,-62.16,28.91
1056,-22.05,-387.17,-87.96,17.14
1057,-8.78,-491.99,-88.46,35.93
1058,-1.36,-489.56,-126.3,23.98
1059,-13.67,-406.43,-142.86,-10.7
1060,-45.83,-560.03,-64.2,36.72
1061,-27.66,-488.64,-108.63,17.2
1062,-2.8,-455.13,-71.79,20.26
1063,-5.94,-475.79,-108.51,19.98
1064,-20.11,-496.44,-98.1,28.1
1065,-8.92,-429.8,-104.52,5.59
1066,-9.14,-416.74,-199.87,-3.33
1067,-28.16,-485.7,-130.17,12.21
1068,-28.49,-489.21,-36.71,24.11
1069,17.01,-441.89,-65.39,24.87
1070,-0.73,-471.69,-153.21,14.25
1071,2.08,-452.28,-147.98,0.41
1072,-51.54,-449.95,-38.69,28.89
1073,21.72,-408.62,-87.66,6.99
1074,-26.9,-491.92,-98.24,14.78
1075,-11.76,-461.31,-125.94,0.88
1076,-27.43,-524.65,-107.59,9.36
1077,-15.64,-504.61,-126.43,0.28
1078,-7.37,-452.13,-48.13,24.12
1079,19.25,-385.64,-113.19,-24.22
1080,-50.68,-488.11,-91.92,22.5
1081,-12.7,-477.12,-87.48,32.55
1082,22.82,-374.64,-109.2,-6.74
1083,-16.0,-468.25,-160.32,8.71
1084,-67.74,-522.77,-131.51,13.9
1085,23.84,-367.58,-57.09,-12.24
1086,-34.23,-525.28,-94.76,17.69
1087,10.01,-436.93,-119.67,14.45
1088,32.36,-387.55,-174.02,-16.05
1089,-45.74,-549.98,-155.91,22.66
1090,-20.94,-528.28,-161.63,6.68
1091,-26.09,-480.32,39.26,47.0
1092,-42.41,-489.69,-83.73,15.1
1093,-36.04,-490.87,-92.04,19.67
1094,-23.98,-474.0,-104.23,20.67
1095,2.51,-467.2,-99.69,14.04
1096,16.51,-400.04,-101.58,-0.37
1097,-23.85,-475.84,-108.9,2.95
1098,-18.03,-463.88,-93.81,17.89
1099,6.36,-389.0,-105.95,3.14
1100,-27.57,-501.72,-102.94,5.39
1101,5.9,-412.56,-104.96,-2.28
1102,-52.93,-442.57,-99.89,12.47
1103,-18.29,-444.48,-177.7,-10.03
1104,-13.22,-518.97,-84.39,24.69
1105,39.62,-392.86,-101.28,-8.8
1106,-24.47,-521.45,-56.05,42.07
1107,-40.36,-517.14,-88.68,21.74
1108,-59.97,-511.86,-115.91,26.17
1109,-40.54,-468.53,-142.17,3.12
1110,12.94,-451.46,-88.99,24.07
1111,-6.59,-471.03,-146.33,12.44
1112,-38.46,-498.86,-132.41,19.66
1113,8.45,-491.16,-37.4,23.3
1114,-5.94,-458.3,-90.99,18.93
1115,-3.27,-431.43,-104.4,9.87
1116,-0.99,-421.64,-216.79,-22.32
1117,-25.6,-511.75,-32.09,25.18
1118,-21.16,-460.93,-76.25,30.41
1119,-15.97,-438.51,-85.11,20.8
1120,-28.84,-428.56,-101.15,14.13
1121,-3.93,-500.05,-97.09,20.23
1122,-34.28,-485.93,-95.81,25.95
1123,-18.14,-428.67,-112.1,12.64
1124,35.98,-392.87,-101.17,8.99
1125,-74.9,-457.76,-193.87,-2.23
1126,-9.36,-527.41,-89.17,27.27
1127,20.15,-425.9,-60.65,22.53
1128,-3.91,-474.84,-108.76,15.74
1129,-45.37,-497.44,-104.42,19.59
1130,-4.1,-478.23,-71.25,14.71
1131,-18.54,-506.91,-116.79,19.42
1132,-30.18,-458.63,-173.08,-13.1
1133,22.91,-425.5,-39.23,25.58
1134,-21.45,-468.79,-101.8,24.36
1135,-35.69,-501.29,-182.41,12.92
1136,1.14,-474.56,-98.5,12.95
1137,2.77,-442.71,-46.93,30.97
1138,-18.8,-449.97,-86.17,20.33
1139,-35.53,-427.24,-104.0,6.12
1140,-4.77,-439.11,-134.02,9.1
1141,1.83,-482.49,-70.2,17.67
1142,-23.97,-356.87,-105.04,-29.73
1143,2.43,-408.8,-200.07,-16.46
1144,-33.65,-574.21,-76.5,57.74
1145,-23.6,-522.37,-63.97,51.53
1146,-16.87,-445.66,-134.77,10.12
1147,-6.68,-472.06,-106.44,22.51
1148,-6.02,-467.35,-67.88,18.18
1149,-23.07,-493.73,-90.38,23.69
1150,-9.19,-376.37,-100.45,-4.17
1151,17.27,-441.97,-123.05,18.85
1152,-18.21,-535.05,-107.7,33.83
1153,-15.36,-455.82,-122.88,5.3
1154,-49.44,-491.95,-95.82,20.04
1155,31.45,-462.39,-97.64,10.04
1156,17.62,-421.48,-132.21,-14.78
1157,-25.91,-456.75,-127.17,12.03
1158,-41.42,-487.74,-206.69,-7.26
1159,-3.9,-445.03,-6.47,41.51
1160,6.64,-405.63,-96.7,6.76
1161,-31.02,-427.52,-238.07,-6.66
1162,12.15,-504.99,-76.94,25.84
1163,-7.85,-488.45,-47.24,18.44
1164,2.29,-416.05,-88.5,22.76
1165,-48.35,-501.09,-115.16,28.93
1166,-7.15,-476.08,-100.22,11.59
1167,5.33,-454.27,-132.3,7.83
1168,-21.67,-506.37,-72.5,47.16
1169,11.25,-451.97,-115.69,19.92
1170,-12.5,-441.67,-142.41,10.01
1171,-14.9,-435.18,-93.53,23.64
1172,-14.39,-485.46,-71.85,15.6
1173,-31.49,-507.43,-127.33,19.57
1174,-2.02,-443.96,-152.3,10.85
1175,20.65,-342.62,-195.37,-10.0
1176,15.14,-415.04,-251.6,-46.98
1177,-37.89,-510.63,80.13,58.5
1178,-45.9,-483.38,-45.02,47.48
1179,-14.26,-423.75,-111.74,10.11
1180,-17.89,-380.8,-142.29,-13.25
1181,10.22,-365.2,-170.43,18.28
1182,-45.32,-558.29,-30.81,51.59
1183,14.7,-542.55,-100.34,-0.68
1184,-4.86,-367.24,-117.53,5.24
1185,-33.72,-541.53,-337.87,-37.72
1186,-33.15,-535.88,59.32,56.47
1187,0.26,-478.39,-166.71,22.7
1188,-5.98,-452.5,-42.66,35.07
1189,-1.25,-447.61,-148.86,12.57
1190,-60.05,-483.66,-36.97,28.46
1191,-17.43,-420.51,-104.05,10.58
1192,40.18,-397.1,-191.11,-9.47
1193,-7.99,-481.99,-70.9,22.27
1194,-47.6,-473.63,-137.85,2.62
1195,0.3,-545.97,-74.18,41.22
1196,-1.74,-420.89,-70.29,17.27
1197,-35.54,-476.49,-80.35,43.11
1198,-24.52,-480.81,-98.44,23.63
1199,9.07,-423.35,-110.52,7.13
1200,-9.91,-498.05,-90.24,46.97
1201,-12.81,-439.08,-114.21,15.05
1202,-43.56,-471.62,-145.4,14.76
1203,-50.72,-443.14,-72.32,45.79
1204,12.16,-523.68,-111.1,25.35
1205,-4.12,-477.81,-204.31,1.95
1206,2.21,-419.41,-42.74,30.61
1207,0.12,-395.05,-220.99,-26.41
1208,-20.16,-515.54,-4.75,36.87
1209,-12.32,-442.3,-96.3,18.87
1210,-29.11,-464.22,-146.54,26.34
1211,17.45,-358.75,-115.78,6.37
1212,-27.62,-522.1,-60.41,27.47
1213,-37.84,-545.89,-95.78,27.73
1214,-6.6,-500.52,-191.9,-17.64
1215,-20.91,-469.27,-35.12,33.1
1216,-47.25,-470.66,-78.05,19.18
1217,24.95,-370.57,-107.34,10.3
1218,-10.46,-509.42,-117.69,29.63
1219,-9.67,-423.82,-93.14,12.15
1220,-12.6,-453.03,-124.57,5.52
1221,-35.08,-512.07,-51.92,11.09
1222,-31.81,-501.97,-153.75,10.58
1223,-28.17,-445.56,-161.48,-4.96
1224,8.56,-370.49,-70.17,16.34
1225,-27.6,-550.0,-94.25,32.75
1226,-19.07,-487.22,-125.91,5.99
1227,4.97,-366.54,-87.33,4.82
1228,-38.38,-528.36,-133.43,21.97
1229,-35.89,-508.26,-113.57,3.28
1230,-27.51,-502.6,-88.84,9.88
1231,-16.61,-463.02,-53.59,22.6
1232,-12.33,-460.94,-103.07,24.07
1233,-38.59,-405.74,-91.48,8.9
1234,17.77,-454.73,-177.27,6.68
1235,-19.2,-516.28,-191.22,-21.6
1236,-8.15,-427.5,16.6,26.15
1237,-9.5,-424.5,-97.46,24.84
1238,-30.08,-510.74,-104.88,17.7
1239,-10.86,-474.46,-117.58,12.22
1240,-15.85,-401.69,-158.87,-1.84
1241,-13.59,-440.23,-132.29,8.53
1242,-36.83,-504.29,-52.18,40.35
1243,-14.77,-481.93,-63.78,27.47
1244,21.99,-373.69,-100.54,-12.05
1245,-58.52,-545.46,-87.07,40.99
1246,-57.45,-520.42,-99.09,24.67
1247,35.48,-509.26,-113.01,23.28
1248,15.43,-405.34,-101.09,10.16
1249,-17.63,-446.53,-217.86,-18.42
1250,-17.75,-474.0,-96.71,18.09
1251,0.28,-430.01,-85.82,19.58
1252,-27.02,-479.76,-176.15,5.02
1253,-18.87,-465.86,-25.09,12.63
1254,-8.89,-473.95,-59.53,35.03
1255,3.21,-405.73,-97.98,24.78
1256,-67.36,-435.16,-112.27,6.3
1257,-15.74,-415.13,-88.74,17.09
1258,36.88,-420.47,-122.02,15.73
1259,-76.49,-573.75,-91.44,41.31
1260,-12.68,-491.44,-92.18,24.06
1261,6.8,-458.66,-87.16,13.73
1262,-18.55,-498.48,-96.49,23.24
1263,-24.33,-463.42,-98.89,18.95
1264,-76.88,-392.31,-116.06,6.28
1265,49.31,-479.15,-165.5,1.55
1266,23.37,-392.92,-183.35,-8.18
1267,-9.14,-430.95,4.5,38.94
1268,9.77,-471.69,-136.0,20.14
1269,-35.15,-521.55,-171.03,17.25
1270,-16.23,-416.05,-78.69,16.16
1271,-33.96,-448.38,-132.34,-11.36
1272,-9.99,-541.66,-109.83,29.98
1273,-13.73,-488.83,-174.68,-2.52
1274,3.23,-379.78,-16.7,19.08
1275,-4.8,-419.25,-107.44,17.97
1276,-19.63,-459.35,-150.25,11.85
1277,-51.47,-565.64,-28.71,42.37
1278,2.7,-447.54,-89.02,11.75
1279,-34.34,-481.53,-114.06,22.94
1280,-16.48,-459.18,-141.17,14.64
1281,-27.13,-433.21,-54.88,24.71
1282,-31.54,-452.16,-85.5,15.24
1283,16.87,-383.15,-113.27,-6.05
1284,-18.19,-480.03,-122.29,24.58
1285,-51.92,-530.16,-86.13,34.72
1286,-67.79,-546.64,-103.02,28.98
1287,-3.38,-460.62,-137.16,18.45
1288,-12.32,-427.74,-215.56,-21.68
1289,-37.29,-494.81,-24.45,19.73
1290,30.69,-428.9,-73.19,11.35
1291,-17.81,-481.94,-93.63,27.46
1292,-17.45,-495.68,-193.84,24.59
1293,-12.78,-453.36,-107.03,-5.53
1294,-15.5,-461.24,-56.62,19.42
1295,3.42,-377.59,-69.95,2.53
1296,4.68,-369.49,-123.99,10.39
1297,-26.7,-462.73,-110.81,7.6
1298,-24.36,-490.87,-69.31,24.65
1299,-45.04,-504.53,-92.05,31.57
1300,-10.97,-388.21,-102.55,-0.84
1301,-57.53,-568.68,-158.08,13.11
1302,-59.39,-514.19,-74.06,43.81
1303,15.18,-445.86,-78.19,21.59
1304,-7.12,-503.64,-88.59,22.13
1305,-10.65,-484.04,-98.54,18.56
1306,-7.2,-455.44,-91.39,12.99
1307,-8.01,-418.49,-109.72,8.8
1308,-12.13,-469.11,-132.25,15.75
1309,8.54,-379.69,-206.8,-16.79
1310,-25.75,-450.67,-29.87,20.03
1311,-28.16,-524.23,-129.29,25.71
1312,-18.36,-421.93,-112.69,17.88
1313,-40.04,-417.02,-71.26,12.72
1314,-20.77,-536.73,-207.04,1.69
1315,12.07,-465.76,-70.14,20.66
1316,1.92,-419.97,-63.45,7.94
1317,7.41,-399.59,-78.78,25.32
1318,-31.75,-502.8,-101.27,24.76
1319,-52.31,-557.64,-91.35,28.08
1320,-38.87,-500.36,-145.06,2.83
1321,-30.06,-431.77,-77.93,12.86
1322,40.23,-360.46,-297.87,-37.87
1323,-27.63,-535.51,-33.2,51.61
1324,-19.24,-522.63,-23.82,28.36
1325,-14.82,-467.64,-54.13,30.62
1326,-1.19,-428.2,-116.86,6.97
1327,-15.99,-448.38,-103.16,18.01
1328,-31.79,-471.66,-142.89,18.2
1329,-6.2,-447.98,-121.16,9.47
1330,-37.27,-457.57,-61.49,21.55
1331,14.27,-451.64,-120.2,-7.65
1332,-12.78,-512.89,-71.4,35.27
1333,-28.72,-480.23,-83.97,28.04
1334,-10.5,-444.49,-97.09,13.71
1335,44.07,-308.95,-110.95,-3.85
1336,-21.96,-463.32,-116.18,12.64
1337,-34.26,-512.54,-128.79,40.45
1338,3.53,-427.81,-142.73,-0.18
1339,-21.72,-506.39,-74.66,19.24
1340,-61.01,-529.69,-97.23,34.19
1341,-14.08,-473.04,-103.14,16.79
1342,-36.45,-464.5,-114.59,21.87
1343,-12.01,-360.29,-121.09,-20.58
1344,-34.8,-523.3,-48.67,48.69
1345,101.74,-308.35,-153.75,-17.27
1346,-17.64,-391.42,-119.62,13.35
1347,-32.65,-489.32,-49.39,39.36
1348,-28.6,-524.7,-147.75,12.37
1349,-30.42,-551.1,-70.12,40.63
1350,0.75,-489.17,-98.24,21.03
1351,-42.94,-503.22,-93.96,31.19
1352,-20.02,-486.28,-301.75,-23.23
1353,-17.09,-471.21,-54.55,15.15
1354,-11.72,-418.3,-17.58,41.12
1355,-16.06,-411.9,-112.23,14.96
1356,-17.27,-498.97,-93.92,13.12
1357,-15.07,-490.42,-75.29,25.83
1358,-83.45,-372.91,-98.3,-2.54
1359,75.33,-318.08,-110.06,-21.18
1360,-33.91,-485.76,-81.3,37.83
1361,7.22,-501.31,-100.66,8.86
1362,0.68,-456.66,-134.91,3.19
1363,-28.03,-475.92,-104.2,10.11
1364,-22.75,-487.98,-78.74,16.5
1365,-34.31,-509.08,-85.14,16.01
1366,-5.77,-455.56,-152.14,10.45
1367,-27.72,-466.78,-146.52,10.04
1368,-4.09,-418.52,-25.95,31.89
1369,-30.9,-556.32,-166.25,13.66
1370,-58.05,-491.56,-127.17,9.22
1371,-11.6,-468.75,-119.65,8.08
1372,18.43,-477.92,-136.75,-0.3
1373,2.7,-417.25,-34.49,26.1
1374,-20.11,-409.09,-91.8,-8.12
1375,-19.27,-430.4,-90.93,3.8
1376,-0.58,-438.47,-168.46,3.32
1377,-35.39,-525.15,-202.19,-3.93
1378,-8.44,-451.3,8.1,17.71
1379,-9.01,-421.33,-84.63,13.54
1380,-11.96,-423.0,-91.61,21.88
1381,-15.67,-442.99,-120.68,15.46
1382,-79.74,-419.8,-94.17,11.82
1383,15.83,-576.44,-91.29,24.43
1384,-14.64,-427.23,-106.25,8.94
1385,-1.33,-497.02,-106.28,17.67
1386,-19.32,-457.45,-113.09,5.37
1387,2.13,-460.18,-144.25,13.26
1388,-53.65,-486.47,-76.26,22.51
1389,5.31,-396.15,-174.34,-13.75
1390,-10.32,-505.98,-137.55,7.2
1391,-50.52,-517.28,-183.49,-2.06
1392,-11.52,-461.54,-3.39,37.89
1393,-40.76,-488.28,-61.16,35.89
1394,-57.09,-459.42,-109.25,13.32
1395,-19.05,-483.79,-143.51,7.74
1396,8.46,-467.84,-55.46,24.67
1397,-45.04,-388.54,-93.96,0.74
1398,14.19,-328.51,-108.99,-12.38
1399,-5.04,-450.13,-109.96,15.31
1400,12.08,-520.39,-294.55,-49.18
1401,-7.06,-492.94,-2.98,50.34
1402,21.73,-401.94,-61.95,21.61
1403,-15.0,-367.53,-90.33,1.18
1404,-50.2,-565.07,-69.81,49.01
1405,-10.14,-427.31,-112.78,7.99
1406,-39.95,-494.12,-141.95,24.73
1407,-24.67,-491.0,-96.06,15.26
1408,-12.34,-442.24,-120.01,1.42
1409,-38.99,-431.81,-74.67,7.07
1410,-61.79,-525.31,-101.62,17.8
1411,-25.74,-469.19,-83.18,23.53
1412,17.53,-429.75,-112.57,9.53
1413,-34.95,-464.59,-122.95,-0.71
1414,-31.22,-478.78,-69.63,18.29
1415,12.23,-438.54,-79.19,3.3
1416,41.06,-395.92,-110.12,-10.71
1417,-10.42,-420.34,-147.95,4.2
1418,-43.21,-401.43,-139.04,-0.65
1419,-2.87,-547.75,-85.79,33.82
1420,-12.6,-483.04,-61.02,29.65
1421,-11.52,-450.18,-90.37,10.81
1422,-33.93,-427.4,-160.27,6.9
1423,-49.25,-480.24,-96.24,25.24
1424,-58.03,-445.63,-118.96,30.72
1425,51.88,-374.0,-65.81,1.96
1426,31.87,-366.49,-91.16,3.53
1427,-29.5,-510.45,-90.59,50.45
1428,-45.34,-555.7,-97.43,39.04
1429,-23.17,-509.69,-95.19,23.71
1430,-39.59,-489.08,-108.18,14.95
1431,-14.41,-405.84,-143.13,-5.56
1432,-5.71,-491.72,-112.54,19.64
1433,-15.13,-465.81,-134.98,12.58
1434,-5.75,-393.5,-167.64,-7.91
1435,26.13,-418.9,-34.5,22.14
1436,-66.47,-538.82,-134.39,24.21
1437,-68.46,-476.8,-132.78,18.68
1438,-13.42,-478.02,-72.01,28.62
1439,15.69,-406.71,-146.33,-8.8
1440,-20.34,-454.51,-69.67,15.85
1441,-28.0,-476.68,-167.23,23.93
1442,-47.36,-514.34,-182.43,4.55
1443,-40.55,-457.53,-23.45,45.56
1444,6.97,-403.24,-107.19,17.67
1445,84.04,-336.44,-140.5,-12.08
1446,-40.76,-589.4,-86.76,45.12
1447,-31.83,-519.5,-109.65,32.85
1448,-27.7,-466.73,-87.7,13.64
1449,-16.81,-453.26,-124.94,14.56
1450,10.63,-369.74,-107.57,3.86
1451,-38.16,-423.59,-165.24,19.68
1452,-17.56,-460.52,-80.05,33.0
1453,-36.36,-511.53,-96.3,17.57
1454,-14.87,-479.13,-155.23,15.65
1455,-32.6,-519.75,-139.84,15.1
1456,-27.72,-435.03,-51.56,18.9
1457,23.24,-299.21,-195.82,-64.89
1458,-24.74,-516.85,-186.05,37.14
1459,-53.19,-544.18,-12.35,56.64
1460,-21.53,-465.95,-57.97,39.66
1461,-16.94,-443.09,-97.14,15.86
1462,-1.62,-496.67,-94.71,24.06
1463,-10.87,-510.68,-108.73,24.34
1464,-21.84,-484.68,-103.91,21.82
1465,-17.09,-469.48,-104.21,22.3
1466,8.18,-376.46,-260.49,-25.33
1467,-0.06,-389.72,-151.23,-11.11
1468,7.04,-396.23,-11.57,19.99
1469,-13.37,-467.35,-88.33,19.32
1470,-36.12,-551.68,-189.53,16.68
1471,-39.44,-540.06,-66.52,37.81
1472,-34.49,-507.58,-71.73,32.91
1473,-19.07,-483.78,-97.39,28.08
1474,-32.01,-458.23,-98.9,22.82
1475,-25.4,-464.86,-101.9,18.76
1476,-39.47,-470.27,-111.25,4.01
1477,-28.13,-447.51,-107.76,25.3
1478,66.42,-351.08,-113.08,-4.47
1479,69.87,-314.92,-162.15,-7.48
1480,-39.78,-531.51,-216.59,8.85
1481,-37.04,-522.52,-8.73,53.75
1482,-9.28,-447.53,-87.56,14.62
1483,-10.24,-420.29,-91.65,16.21
1484,-25.64,-518.89,-105.45,13.51
1485,-51.95,-543.85,-97.47,38.67
1486,-4.6,-413.72,-160.86,-4.12
1487,-13.41,-495.04,-160.06,10.39
1488,-18.48,-440.23,-36.56,26.09
1489,-8.31,-473.61,-89.5,13.64
1490,-20.68,-458.21,-73.52,16.61
1491,-25.45,-452.74,-132.65,14.66
1492,-48.15,-489.28,-184.0,-5.31
1493,-18.19,-489.31,-41.88,41.39
1494,19.05,-409.48,-90.79,-6.67
1495,-2.89,-403.63,-163.86,-44.15
1496,-84.22,-516.74,-118.63,19.95
1497,8.2,-505.25,-114.54,33.45
1498,16.14,-417.48,-36.37,20.26
1499,-30.55,-522.64,-100.34,28.74
1500,-25.61,-489.67,-63.43,21.1
1501,-12.95,-428.11,-128.13,4.21
1502,-4.27,-430.28,-81.31,12.91
1503,-20.32,-512.65,-99.45,21.38
1504,8.13,-391.89,-90.33,4.59
1505,-10.23,-421.13,-92.16,13.83
1506,-86.99,-560.68,-87.15,32.51
1507,-53.72,-508.52,-99.14,17.48
1508,-1.19,-443.31,-117.83,-3.95
1509,-4.7,-405.72,-103.22,3.63
1510,18.6,-450.16,-109.24,23.25
1511,-10.27,-481.51,-131.92,28.98
1512,-12.69,-417.82,-164.0,-9.9
1513,22.65,-403.91,-112.35,3.61
1514,-0.49,-391.36,-118.97,-2.49
1515,-44.16,-555.15,-73.07,53.07
1516,-24.37,-524.23,-141.6,31.15
1517,-32.51,-442.29,-47.67,22.2
1518,-26.36,-481.65,-77.32,29.84
1519,-6.67,-472.05,-154.03,-4.28
1520,-18.78,-471.07,-91.63,20.36
1521,-32.71,-436.75,-71.71,27.1
1522,-25.92,-425.21,-99.83,4.52
1523,-17.62,-432.16,-101.14,6.75
1524,-19.71,-388.78,-107.24,5.39
1525,32.56,-435.92,-168.67,-3.95
1526,-3.62,-408.34,-46.72,30.78
1527,-77.05,-576.78,-69.65,46.02
1528,-26.13,-519.36,-87.36,34.43
1529,19.53,-417.86,-152.31,7.02
1530,-3.58,-441.59,-140.12,-3.65
1531,-9.97,-491.35,-114.76,36.9
1532,-38.86,-488.85,-57.9,23.94
1533,-29.15,-477.24,-83.28,23.44
1534,7.75,-479.29,-133.22,2.24
1535,1.48,-475.28,-95.16,29.05
1536,-13.79,-453.09,-91.0,28.08
1537,-21.09,-431.89,-76.21,15.92
1538,-18.15,-426.56,-95.86,12.01
1539,-46.0,-480.93,-131.32,2.27
1540,31.8,-350.55,-102.54,-3.93
1541,-38.97,-502.39,-129.4,20.45
1542,13.52,-297.67,-83.59,-8.05
1543,-42.14,-574.26,-95.22,47.5
1544,-45.73,-552.69,-88.33,33.29
1545,5.64,-420.36,-111.62,7.3
1546,15.93,-346.46,-153.98,-8.95
1547,-39.64,-465.06,-86.3,18.72
1548,-62.67,-577.92,-48.64,51.55
1549,-18.46,-519.57,-98.04,20.44
1550,-25.91,-499.26,-201.68,-15.64
1551,25.92,-463.26,-39.11,33.19
1552,10.05,-441.09,-76.93,19.34
1553,-8.97,-478.33,-134.43,4.0
1554,-34.69,-490.07,-63.93,19.88
1555,-19.99,-424.53,-94.07,13.9
1556,15.39,-368.68,-123.71,-14.49
1557,-52.23,-478.43,-125.89,16.29
1558,0.89,-478.7,-152.24,7.55
1559,-22.69,-498.92,-78.61,35.71
1560,-26.07,-491.64,-44.88,39.16
1561,-9.75,-400.81,-189.54,8.52
1562,7.73,-342.06,-116.31,-9.58
1563,-11.72,-455.13,-45.47,19.08
1564,-67.97,-554.56,-130.24,46.93
1565,-14.45,-520.64,-148.1,21.45
1566,-47.79,-478.92,-51.93,32.56
1567,-2.46,-461.84,-139.77,21.33
1568,2.97,-416.78,-72.9,22.27
1569,-30.24,-526.16,-91.45,29.13
1570,2.9,-482.12,-104.66,28.34
1571,16.83,-381.67,-86.09,8.92
1572,-2.94,-412.82,-108.46,0.85
1573,-30.7,-555.78,-137.7,13.78
1574,-12.09,-426.42,-104.47,18.37
1575,18.2,-338.15,-129.1,-23.2
1576,-27.44,-465.06,-64.44,39.3
1577,-65.51,-617.55,-116.35,31.65
1578,-21.85,-487.23,-96.6,8.64
1579,-0.81,-435.41,-146.18,-26.27
1580,-48.5,-474.38,-63.6,36.98
1581,-21.06,-488.48,-79.18,25.35
1582,10.47,-426.4,-92.89,8.12
1583,-53.19,-472.72,-108.11,23.8
1584,-29.74,-514.93,-158.22,22.19
1585,27.49,-459.96,-61.27,19.03
1586,7.96,-448.01,-89.1,16.57
1587,-30.76,-450.23,-141.79,15.55
1588,17.57,-336.46,-81.23,14.52
1589,-1.57,-505.61,-81.11,11.26
1590,-25.61,-550.31,-187.78,15.72
1591,-6.3,-449.74,-110.5,6.13
1592,-7.64,-442.73,-49.46,39.25
1593,-23.77,-440.54,-111.43,26.39
1594,-52.5,-514.37,-142.85,14.68
1595,3.55,-486.75,-35.8,35.34
1596,-40.4,-450.02,-91.76,23.89
1597,0.27,-459.58,-116.28,11.07
1598,-15.77,-363.76,-120.52,10.03
1599,3.77,-502.59,-101.67,16.29
1600,-12.18,-548.07,-99.25,23.64
1601,-3.72,-449.83,-142.65,-16.02
1602,-1.19,-433.55,-144.91,-15.96
1603,-46.63,-517.98,-56.31,66.93
1604,-30.46,-513.55,-131.34,22.96
1605,-19.28,-461.92,-62.19,30.15
1606,9.9,-421.78,-92.25,14.19
1607,-36.96,-485.59,-136.56,6.01
1608,6.37,-385.66,-161.09,-0.68
1609,11.12,-450.93,-48.3,20.64
1610,-48.13,-499.7,-78.91,41.05
1611,-72.76,-479.77,-150.17,22.8
1612,21.78,-465.8,-100.34,4.98
1613,-6.03,-467.16,-116.56,11.45
1614,-47.95,-485.13,-83.46,21.35
1615,26.11,-482.62,-82.9,12.96
1616,-21.18,-524.03,-118.75,13.6
1617,23.11,-337.8,-92.3,-7.03
1618,-29.26,-532.07,-79.74,34.98
1619,-29.31,-542.47,-181.65,10.36
1620,-18.51,-487.87,-42.22,38.35
1621,9.53,-421.25,-91.82,9.37
1622,-2.79,-386.66,-88.69,13.72
1623,-41.48,-546.45,-97.03,31.68
1624,-19.91,-443.34,-107.56,20.3
1625,-16.12,-384.28,-121.62,7.06
1626,0.88,-487.51,-169.23,-3.08
1627,10.01,-403.07,-50.73,15.77
1628,-32.98,-542.18,-64.73,35.64
1629,-39.27,-522.72,-285.96,-7.2
1630,-12.54,-459.19,-45.59,28.58
1631,-53.29,-474.57,-54.27,35.77
1632,28.48,-441.5,-161.58,-4.58
1633,-10.8,-480.45,-66.01,17.39
1634,14.08,-336.27,-74.63,6.85
1635,-17.5,-519.98,-132.03,14.68
1636,-34.52,-544.23,-76.9,33.21
1637,24.6,-395.3,-95.17,3.01
1638,-13.82,-460.02,-104.81,28.63
1639,-29.63,-500.01,-101.25,27.76
1640,-12.01,-422.69,-106.42,11.14
1641,-10.58,-460.45,-98.91,13.39
1642,-10.07,-444.16,-136.15,-0.13
1643,-41.18,-526.64,-166.51,4.4
1644,-37.93,-504.14,-59.52,32.68
1645,-1.54,-464.4,-150.44,-3.78
1646,-26.68,-473.16,-48.28,34.33
1647,-5.3,-410.63,-77.82,16.57
1648,-20.86,-385.65,-96.49,10.78
1649,41.11,-366.49,-111.17,-8.75
1650,-12.9,-481.61,-127.06,3.83
1651,-60.77,-533.42,-82.48,48.34
1652,-2.06,-447.76,-103.72,9.17
1653,-10.31,-522.53,-125.42,9.46
1654,4.59,-453.0,-90.51,20.99
1655,-8.13,-390.23,-218.57,-6.83
1656,-21.88,-533.93,-23.28,37.84
1657,-33.05,-474.31,-94.43,16.14
1658,-41.3,-446.32,-267.97,-23.6
1659,12.52,-474.32,-20.21,35.23
1660,28.08,-417.84,-65.14,22.4
1661,2.94,-435.79,-93.78,12.47
1662,-23.31,-505.64,-88.02,38.96
1663,-50.45,-488.58,-93.72,30.39
1664,-6.0,-479.8,-95.28,16.91
1665,-2.48,-372.2,-100.63,3.99
1666,-2.42,-443.78,-96.0,17.1
1667,-0.9,-386.4,-96.44,18.06
1668,-6.1,-451.49,-111.42,27.23
1669,-73.97,-437.98,-99.6,13.8
1670,17.95,-415.89,-112.05,8.65
1671,0.09,-422.66,-182.6,-5.36
1672,-1.31,-466.03,-69.85,34.16
1673,-2.42,-460.81,-143.21,15.74
1674,7.55,-413.67,-156.1,0.24
1675,-16.55,-428.47,-60.19,7.5
1676,0.13,-470.44,-83.48,17.58
1677,-27.46,-503.44,-87.7,25.48
1678,-58.31,-571.31,-86.02,41.89
1679,-19.27,-471.85,-98.33,22.6
1680,-21.46,-447.83,-89.05,26.4
1681,-12.57,-370.46,-127.55,9.24
1682,-11.9,-471.93,-89.0,18.84
1683,-42.77,-530.39,-99.93,20.55
1684,-16.38,-425.16,-108.23,5.59
1685,4.69,-366.15,-222.52,-12.92
1686,-25.0,-463.47,-179.61,8.0
1687,-42.01,-517.64,-73.8,3.16
1688,-25.21,-557.91,-19.3,49.34
1689,7.93,-473.35,-96.11,29.64
1690,-38.48,-481.1,-159.88,8.47
1691,16.64,-436.03,-88.23,11.61
1692,-11.3,-456.94,-73.41,26.09
1693,-4.49,-371.04,-100.18,18.77
1694,-2.43,-331.36,-111.03,1.98
1695,-10.89,-519.05,-104.98,27.61
1696,-34.65,-578.42,-98.29,32.34
1697,-27.18,-478.88,-114.49,16.88
1698,-19.07,-431.36,-120.71,-6.51
1699,8.37,-435.39,-134.63,12.34
1700,-26.52,-476.08,-86.11,27.04
1701,-7.79,-360.34,-84.12,14.11
1702,1.9,-292.51,-146.71,3.26
1703,-32.11,-594.66,-247.18,19.64
1704,-11.07,-550.58,14.99,51.8
1705,-3.14,-507.04,-100.7,26.51
1706,-22.18,-459.56,-117.31,27.38
1707,-32.97,-425.09,-110.44,7.07
1708,-15.95,-472.66,-68.09,33.15
1709,-19.51,-499.53,-109.81,15.18
1710,7.7,-441.02,-99.72,23.87
1711,-1.7,-519.86,-130.51,18.23
1712,7.3,-398.85,-87.31,24.68
1713,-13.64,-401.67,-148.35,6.78
1714,-25.17,-516.44,-98.26,29.88
1715,-43.78,-524.55,-71.59,39.25
1716,-27.31,-434.26,-180.27,-10.14
1717,10.26,-439.36,-158.62,-1.14
1718,-32.2,-465.11,-20.08,36.16
1719,10.3,-438.87,-91.16,16.05
1720,-24.19,-491.02,-201.67,-1.13
1721,-17.05,-446.27,-86.75,8.82
1722,-2.69,-501.45,-86.73,29.86
1723,34.85,-339.79,-84.37,6.48
1724,-35.78,-483.51,-65.09,36.67
1725,-39.58,-543.96,-104.14,43.33
1726,-2.42,-434.29,-110.79,19.34
1727,-12.08,-404.56,-109.79,12.39
1728,-26.69,-501.75,-127.01,10.92
1729,-5.36,-504.56,-143.74,19.09
1730,-22.23,-500.26,-163.04,5.03
1731,5.75,-428.04,-39.5,21.48
1732,-8.04,-408.4,-77.99,6.63
1733,-26.29,-472.0,-98.64,39.64
1734,3.95,-493.95,-218.17,-12.52
1735,-66.82,-509.89,-43.12,46.96
1736,-45.81,-505.56,-54.25,33.3
1737,36.49,-438.58,-98.49,11.84
1738,21.96,-404.98,-95.26,5.53
1739,-58.38,-490.41,-84.03,34.61
1740,49.9,-450.84,-187.18,-1.4
1741,-5.31,-486.2,-103.78,22.85
1742,-31.36,-509.63,-55.8,33.46
1743,-17.76,-411.37,-90.08,17.64
1744,29.42,-244.35,-100.85,1.39
1745,-13.07,-506.37,-100.34,20.46
1746,-46.12,-607.68,-134.2,28.49
1747,-46.15,-499.67,-99.71,29.08
1748,-38.66,-434.29,-89.07,11.88
1749,31.54,-412.17,-160.04,-18.97
1750,-15.48,-461.07,-106.88,15.89
1751,-1.21,-532.48,-91.84,42.7
1752,-31.9,-561.5,-101.82,29.62
1753,-15.14,-469.89,-62.82,35.5
1754,6.1,-469.3,-131.03,17.5
1755,-9.65,-480.11,-49.26,32.85
1756,-17.29,-454.67,-113.68,14.66
1757,13.04,-315.33,-158.23,-11.68
1758,54.97,-271.96,-156.45,-24.48
1759,-77.8,-643.38,-61.92,64.8
1760,-19.39,-506.21,-62.81,46.17
1761,-47.32,-522.56,-92.98,29.38
1762,-11.56,-478.95,-91.48,31.1
1763,-13.03,-465.06,-97.2,20.76
1764,-56.0,-440.93,-109.08,19.14
1765,23.59,-269.19,-264.96,-41.77
1766,73.46,-359.02,-71.82,9.25
1767,-30.71,-658.92,-17.48,53.91
1768,-28.7,-532.6,-78.88,29.52
1769,1.03,-438.16,-97.64,7.63
1770,-11.99,-473.77,-103.76,14.14
1771,-37.89,-494.49,-97.69,22.3
1772,-4.59,-474.75,-103.27,14.75
1773,29.25,-418.18,-176.01,3.39
1774,-2.08,-454.51,-97.45,9.05
1775,-11.71,-452.42,-74.27,19.69
1776,-7.33,-463.79,-96.97,7.05
1777,-38.36,-440.44,-103.2,11.45
1778,-3.27,-418.52,-110.57,2.47
1779,51.28,-332.56,-180.4,-34.41
1780,-40.65,-530.17,-82.8,37.44
1781,-38.66,-468.41,-94.59,22.63
1782,4.22,-487.39,-127.26,-18.07
1783,-39.48,-539.17,-144.42,8.38
1784,10.39,-494.09,-57.51,33.13
1785,-0.43,-445.61,-84.76,18.76
1786,-19.68,-493.69,-103.2,19.13
1787,1.37,-436.01,-132.6,2.24
1788,20.69,-314.36,-138.17,-21.52
1789,-37.3,-506.37,-58.01,38.9
1790,-18.45,-522.13,-91.85,23.85
1791,-18.45,-509.3,-81.23,20.63
1792,-13.9,-477.65,-126.5,13.94
1793,-8.57,-454.51,-184.58,-22.64
1794,-5.96,-418.08,-56.28,25.01
1795,-13.57,-489.46,-106.18,14.18
1796,-22.0,-493.81,-84.93,19.13
1797,-17.93,-453.92,-137.73,11.62
1798,-19.44,-437.87,-258.34,-27.93
1799,21.27,-413.65,-107.02,-6.79
1800,12.62,-468.63,-54.07,24.79
1801,29.12,-253.08,-66.07,-5.45
1802,13.74,-490.27,-88.6,15.8
1803,-53.07,-601.62,-118.75,46.08
1804,-34.66,-491.48,-110.08,22.58
1805,-1.03,-471.87,-76.09,23.72
1806,5.84,-438.18,-103.68,17.11
1807,10.26,-373.17,-91.76,8.48
1808,1.69,-378.79,-98.78,20.16
1809,21.83,-394.82,-113.97,8.99
1810,-37.57,-571.84,-168.47,9.56
1811,-37.44,-544.78,-76.7,38.1
1812,-21.21,-488.5,-173.67,15.63
1813,8.11,-448.42,-147.49,9.25
1814,25.8,-375.91,-24.49,10.71
1815,-14.49,-378.26,-111.54,-5.69
1816,-63.98,-543.6,-105.11,37.03
1817,33.92,-406.66,-50.21,32.24
1818,13.67,-394.41,-63.04,18.44
1819,-12.88,-469.22,-117.36,16.07
1820,9.24,-441.63,-109.9,16.04
1821,8.88,-375.06,-104.83,1.57
1822,-43.15,-548.78,-135.92,21.35
1823,-10.07,-475.56,-81.77,23.16
1824,1.11,-390.36,-79.47,22.08
1825,-12.86,-488.89,-187.64,-6.35
1826,-17.35,-504.45,-235.79,-23.5
1827,-34.84,-529.59,-14.65,62.04
1828,-34.17,-494.57,-53.42,25.26
1829,14.02,-431.87,-60.28,16.09
1830,-19.38,-333.37,-99.73,9.93
1831,-5.71,-444.14,-117.89,16.34
1832,-46.11,-538.74,-76.6,31.65
1833,8.3,-347.18,-102.21,13.35
1834,-25.51,-516.9,-79.28,27.0
1835,-67.82,-525.71,-105.11,28.29
1836,26.73,-442.61,-104.9,23.65
1837,24.65,-317.81,-114.23,0.68
1838,0.51,-298.37,-114.25,3.78
1839,-63.49,-585.68,-93.79,42.58
1840,-4.8,-541.35,-118.14,21.94
1841,-5.28,-453.83,-267.99,-29.42
1842,3.26,-450.83,-196.66,-10.73
1843,-32.15,-494.94,-31.64,26.86
1844,-58.94,-551.92,-19.5,49.82
1845,-3.94,-490.86,-65.03,30.68
1846,-7.25,-451.23,-100.78,14.57
1847,-9.83,-481.19,-159.71,7.43
1848,-26.21,-489.08,-48.45,42.25
1849,-23.28,-467.8,-114.49,13.31
1850,-6.76,-408.82,-113.26,4.72
1851,0.57,-436.98,-108.82,21.79
1852,-18.42,-458.7,-99.12,28.35
1853,-20.31,-403.94,-109.7,8.54
1854,-0.61,-271.83,-116.85,-0.17
1855,-37.45,-546.27,-95.14,39.66
1856,3.99,-341.45,-124.06,-20.12
1857,21.75,-470.54,-94.35,41.5
1858,-33.09,-490.3,-100.49,16.85
1859,-49.38,-570.96,-111.39,22.63
1860,-24.52,-504.23,-121.66,23.52
1861,24.63,-334.74,-178.08,-18.42
1862,-7.72,-515.3,-146.07,6.21
1863,-51.0,-589.57,-98.61,45.53
1864,-21.85,-447.88,-48.13,21.56
1865,-31.55,-514.23,-98.74,23.58
1866,-7.18,-441.59,-108.94,18.06
1867,-20.53,-465.46,-96.29,13.44
1868,-21.04,-452.53,-76.51,22.87
1869,-42.05,-511.49,-72.8,33.97
1870,-24.17,-438.96,-98.67,17.36
1871,-11.1,-426.52,-92.44,15.69
1872,8.71,-376.41,-100.7,9.92
1873,-2.78,-441.73,-97.15,17.38
1874,-5.39,-443.55,-131.42,-9.61
1875,-29.66,-525.75,-82.76,41.05
1876,-62.92,-443.45,-88.77,14.56
1877,-38.09,-368.45,-101.48,3.21
1878,9.59,-571.78,-97.07,32.14
1879,-34.78,-529.23,-156.11,12.14
1880,-11.49,-437.45,-133.13,-3.81
1881,-7.49,-474.02,-128.02,18.64
1882,12.63,-419.98,-135.22,0.26
1883,17.24,-318.08,-84.41,-20.55
1884,-53.19,-558.95,-59.18,43.23
1885,-22.39,-523.72,-134.92,24.58
1886,-18.86,-496.78,-67.02,25.69
1887,-23.31,-506.46,-172.47,-11.13
1888,-31.51,-436.6,-81.54,12.69
1889,16.33,-313.62,-78.92,-12.6
1890,-49.02,-565.94,-118.66,41.42
1891,-12.63,-512.55,-35.3,40.25
1892,4.71,-443.93,-97.7,5.87
1893,-50.67,-504.66,-104.32,29.97
1894,2.83,-437.11,-65.11,17.84
1895,25.05,-366.14,-103.6,-4.07
1896,-51.11,-473.96,-90.22,16.16
1897,-17.9,-414.53,-91.08,4.84
1898,31.44,-350.43,-109.03,-22.23
1899,-28.48,-522.43,-114.85,42.74
1900,19.78,-413.45,-49.72,4.49
1901,-69.52,-602.88,-107.31,53.93
1902,-34.82,-445.45,-221.58,-11.19
1903,33.32,-383.91,-140.26,-9.55
1904,-19.11,-518.26,-37.05,51.39
1905,-37.86,-551.54,-91.61,33.72
1906,-15.75,-489.71,-61.5,30.41
1907,-24.02,-462.7,-115.26,28.45
1908,-11.02,-410.64,-131.34,-0.71
1909,-19.43,-496.01,-104.02,36.3
1910,-9.69,-452.56,-103.14,14.25
1911,-10.5,-424.5,-52.57,17.73
1912,10.14,-424.59,-88.06,17.44
1913,5.61,-398.05,-75.78,12.28
1914,-24.04,-456.51,-164.05,-1.94
1915,-62.49,-485.81,-76.15,33.31
1916,-5.97,-434.4,-122.6,22.38
1917,-37.09,-524.41,-111.28,24.17
1918,-33.69,-381.7,-121.1,-0.15
1919,38.78,-412.76,-74.33,13.92
1920,-7.92,-467.18,-85.18,26.61
1921,10.55,-429.59,-98.45,16.78
1922,-29.58,-428.01,-90.99,20.23
1923,-35.7,-557.54,-194.59,34.44
1924,-20.52,-513.26,-68.92,30.11
1925,7.48,-473.57,-44.37,29.44
1926,-33.12,-454.96,-133.39,16.16
1927,-12.5,-469.14,-74.85,17.36
1928,-7.78,-471.66,-75.49,31.16
1929,-17.49,-390.97,-76.69,15.95
1930,-56.18,-514.18,-112.17,34.08
1931,17.43,-424.76,-115.89,-8.7
1932,29.81,-400.49,-73.43,4.45
1933,-28.15,-500.16,-91.81,41.74
1934,-59.05,-513.73,-92.99,32.78
1935,3.33,-455.79,-91.39,18.2
1936,-15.47,-479.52,-93.16,25.26
1937,-13.46,-436.05,-94.34,15.84
1938,19.19,-315.11,-179.67,-31.37
1939,19.94,-409.97,-99.42,-0.87
1940,-73.04,-496.63,-186.39,24.65
1941,-10.89,-401.41,-31.71,21.61
1942,-4.74,-505.78,-59.68,33.74
1943,-23.01,-532.16,-84.14,39.69
1944,-16.43,-496.28,-89.87,31.48
1945,-27.94,-489.21,-91.72,30.38
1946,-21.59,-479.87,-93.95,25.27
1947,-20.62,-463.08,-99.37,20.11
1948,-16.56,-458.19,-99.41,23.98
1949,-20.01,-461.46,-94.76,20.58
1950,-21.84,-458.39,-96.63,17.53
1951,-22.07,-455.83,-90.89,17.28
1952,-17.76,-449.91,-92.15,9.88
1953,11.85,-341.27,-118.1,-10.4
1954,-26.75,-418.91,-162.84,-11.57
1955,-48.5,-519.62,-26.32,43.31
1956,-27.53,-472.95,-92.13,41.87
1957,12.79,-404.6,-153.52,10.42
1958,-79.41,-485.26,-73.73,28.65
1959,29.08,-505.95,-133.71,17.86
1960,23.97,-417.85,-52.05,16.77
1961,-2.01,-460.36,-81.2,15.79
1962,-22.85,-483.47,-86.26,21.12
1963,-24.72,-476.15,-90.1,20.39
1964,-8.46,-443.01,-90.71,22.22
1965,-22.96,-472.57,-94.49,17.24
1966,-24.09,-437.83,-92.71,13.67
1967,-3.93,-465.87,-96.55,12.0
1968,14.37,-443.0,-127.06,5.47
1969,-2.23,-420.22,-282.01,-45.01
1970,12.92,-366.12,-12.48,10.79
1971,-17.73,-481.14,-79.16,23.3
1972,-48.63,-555.65,-39.74,47.01
1973,-40.44,-466.93,-74.51,20.44
1974,-66.37,-487.86,-82.72,19.99
1975,-1.7,-461.96,-89.59,18.0
1976,20.18,-401.14,-93.27,-0.04
1977,-11.46,-434.36,-76.19,20.18
1978,-25.57,-383.26,-113.03,-15.72
1979,-6.05,-512.36,-97.36,18.49
1980,-18.94,-501.19,-88.51,29.21
1981,-8.06,-461.21,-85.58,24.39
1982,-30.88,-382.03,-103.21,-5.05
1983,20.92,-359.12,-140.81,-24.04
1984,-23.57,-576.19,-118.34,26.73
1985,3.3,-469.21,-177.72,7.56
1986,-6.46,-434.64,-162.43,-18.48
1987,-18.06,-486.61,-14.79,41.76
1988,-25.75,-459.74,-44.48,27.01
1989,21.59,-396.51,-137.55,-8.15
1990,0.11,-363.27,-195.76,-24.15
1991,-30.37,-414.25,-145.12,-12.91
1992,11.63,-492.01,-61.27,51.26
1993,8.98,-441.74,-85.72,-0.06
1994,15.76,-280.36,-51.11,1.87
1995,-50.99,-549.85,-97.84,30.24
1996,-94.74,-622.67,-101.28,54.43
1997,2.55,-453.38,-121.16,3.91
1998,88.08,-175.85,-97.24,-42.37
1999,-62.08,-612.58,-178.77,36.96
2000,-57.65,-632.32,-48.78,49.18
2001,-27.56,-494.75,-30.6,36.98
2002,-11.75,-425.16,-118.07,9.74
2003,-12.91,-439.78,-77.12,26.55
2004,-20.73,-449.86,-76.8,15.99
2005,-26.56,-454.5,-117.89,23.31
2006,-16.46,-454.6,-84.42,24.36
2007,-7.18,-439.9,-76.82,15.14
2008,-15.0,-423.51,-74.58,14.23
2009,-28.76,-451.75,-88.11,16.74
2010,-19.85,-364.08,-173.77,-7.29
2011,25.14,-377.36,-172.65,-30.18
2012,-41.79,-589.16,2.29,57.75
2013,-47.55,-466.55,-82.85,14.49
2014,-1.12,-376.44,-82.69,13.31
2015,1.2,-413.13,-93.54,22.0
2016,-31.69,-515.56,-89.77,20.09
2017,-3.84,-327.91,-135.01,-6.21
2018,-41.62,-610.65,-166.75,47.58
2019,-9.94,-478.08,-27.91,44.44
2020,17.69,-356.19,-119.95,-3.94
2021,-8.58,-472.66,-183.5,18.34
2022,-30.25,-510.19,-265.16,-29.24
2023,-41.97,-531.52,10.15,52.53
2024,-6.48,-474.61,-10.36,50.92
2025,-9.43,-444.23,-117.05,24.89
2026,-31.44,-485.51,-123.23,-1.18
2027,-29.24,-487.37,-24.86,55.89
2028,-41.18,-412.64,-80.1,21.95
2029,-3.03,-476.41,-88.33,29.86
2030,-11.69,-469.47,-105.53,32.18
2031,14.25,-394.64,-96.32,11.38
2032,4.74,-417.48,-101.73,10.32
2033,-42.47,-431.75,-133.9,11.74
2034,2.45,-426.65,-95.04,15.75
2035,-11.55,-458.72,-81.56,23.25
2036,-31.0,-491.91,-194.58,24.93
2037,-2.43,-373.13,-81.6,11.14
2038,-4.36,-522.83,-29.19,49.08
2039,-51.1,-542.46,-72.26,39.46
2040,-0.88,-423.98,-93.11,11.87
2041,9.77,-389.46,-193.81,-7.05
2042,-22.37,-558.42,-92.76,45.51
2043,-13.59,-484.14,-111.94,35.25
2044,-8.0,-439.92,-138.94,8.76
2045,-69.43,-483.99,-42.09,18.56
2046,2.18,-484.74,-31.12,38.37
2047,14.16,-381.38,-191.8,-20.66
2048,2.2,-362.0,-56.55,-1.7
2049,-66.53,-530.85,-65.15,60.26
2050,17.75,-520.45,-86.29,32.64
2051,23.87,-378.94,-103.77,7.86
2052,4.21,-371.41,-103.33,-4.2
2053,-42.83,-465.87,-102.68,19.58
2054,-33.53,-573.63,-76.62,62.82
2055,-17.26,-487.41,-119.96,26.12
2056,-21.51,-436.49,-74.53,18.53
2057,35.24,-346.82,-97.45,-6.24
2058,-1.6,-484.75,-190.19,2.62
2059,-35.5,-532.07,-5.02,49.6
2060,-21.89,-484.78,-74.6,42.79
2061,1.1,-461.71,-144.01,2.24
2062,-21.55,-479.73,-206.52,-0.05
2063,-22.91,-469.0,-130.63,26.99
2064,-33.89,-451.49,-25.88,49.05
2065,-46.54,-483.17,-51.88,29.45
2066,16.46,-414.64,-120.27,3.85
2067,12.58,-394.63,-66.25,24.55
2068,37.69,-330.2,-112.51,-18.24
2069,-13.61,-477.75,-92.6,26.18
2070,-52.35,-527.46,-87.39,37.04
2071,-54.27,-544.62,-119.73,28.82
2072,4.54,-460.35,-72.53,27.47
2073,18.65,-420.26,-78.93,24.99
2074,22.76,-353.75,-106.62,-5.74
2075,-16.15,-545.1,-123.81,38.71
2076,-42.75,-513.54,-104.72,45.6
2077,-22.18,-479.46,-61.15,23.6
2078,-15.15,-460.73,-88.05,39.17
2079,-20.96,-481.3,-144.54,24.59
2080,1.66,-457.21,-98.07,29.04
2081,-24.7,-458.18,-80.1,21.04
2082,-40.5,-460.36,-134.17,10.85
2083,20.19,-436.98,-69.2,29.2
2084,0.51,-389.99,-149.31,0.28
2085,16.98,-435.39,-99.62,1.67
2086,10.19,-451.57,-73.86,16.72
2087,-29.89,-494.81,-63.11,37.2
2088,-24.58,-485.32,-74.55,39.43
2089,-55.6,-436.63,-78.91,18.39
2090,17.72,-420.25,-94.34,8.76
2091,21.32,-400.55,-98.79,2.2
2092,-51.59,-475.91,-109.37,16.92
2093,18.21,-375.52,-84.09,8.64
2094,-40.15,-491.67,-86.64,41.07
2095,-79.92,-549.85,-63.01,45.87
2096,6.95,-501.18,-102.25,21.54
2097,26.5,-453.23,-88.77,18.01
2098,30.72,-399.2,-98.27,1.02
2099,-14.01,-488.66,-97.88,21.23
2100,-10.95,-488.86,-68.95,26.74
2101,-1.82,-438.8,-103.46,13.75
2102,19.95,-381.83,-147.52,-0.89
2103,8.9,-461.4,-179.57,-6.57
2104,-27.6,-488.99,-45.76,30.52
2105,-19.38,-454.76,-37.37,49.8
2106,-8.08,-447.88,-136.48,17.79
2107,-18.37,-482.42,-54.91,36.97
2108,-3.74,-370.46,-80.03,7.07
2109,29.55,-409.82,-123.04,-0.59
2110,-36.46,-514.83,-77.22,47.71
2111,13.58,-387.67,-83.54,13.78
2112,-18.91,-486.27,-81.29,28.5
2113,-0.18,-445.21,-114.57,15.62
2114,-23.22,-433.16,-96.63,26.26
2115,-30.57,-458.85,-76.21,12.36
2116,23.82,-450.44,-88.62,31.33
2117,2.84,-431.15,-90.19,21.36
2118,0.85,-424.21,-103.42,13.29
2119,-74.44,-532.63,-130.78,37.29
2120,2.87,-492.95,-89.71,33.7
2121,-21.92,-467.92,-125.51,3.33
2122,34.41,-417.2,-175.13,-4.23
2123,-4.25,-489.11,-192.88,0.73
2124,2.45,-456.0,-33.58,23.59
2125,-13.74,-458.9,-19.29,32.92
2126,-34.81,-473.11,-66.28,25.98
2127,-5.03,-442.92,-75.85,31.65
2128,-17.92,-376.82,-178.6,-22.32
2129,16.3,-464.83,-131.42,-1.27
2130,-9.25,-433.42,-6.88,41.49
2131,1.66,-476.66,-96.86,30.41
2132,-30.7,-417.31,-113.56,19.92
2133,10.91,-487.1,-135.24,10.94
2134,-22.9,-539.92,-29.55,45.72
2135,-11.27,-455.55,-78.15,20.54
2136,-0.95,-450.67,-123.62,20.06
2137,12.16,-402.9,-166.7,-1.27
2138,-5.1,-383.39,-96.65,2.41
2139,-54.6,-532.59,-165.92,30.16
2140,-12.92,-513.46,-140.84,26.17
2141,-7.13,-488.32,-128.55,2.52
2142,8.22,-459.94,48.29,51.93
2143,23.45,-425.21,-59.36,33.58
2144,-13.52,-479.72,-145.92,13.95
2145,-65.9,-489.48,-64.6,37.6
2146,-14.29,-453.59,-33.42,27.86
2147,52.36,-392.39,-107.63,19.77
2148,-25.99,-502.33,-160.72,30.41
2149,-13.5,-438.99,-156.57,-24.1
2150,-10.49,-469.53,-15.88,49.69
2151,-10.64,-466.47,-74.07,36.83
2152,-8.26,-463.88,-89.02,21.71
2153,5.9,-460.96,-96.71,16.73
2154,-6.18,-391.36,-86.71,21.08
2155,-21.57,-484.14,-156.81,2.09
2156,5.77,-499.01,-158.84,23.11
2157,12.58,-420.98,-144.36,-5.07
2158,-16.52,-435.86,-3.79,25.79
2159,-7.17,-307.05,-84.49,-2.69
2160,-14.21,-519.18,-101.99,28.34
2161,-68.43,-571.69,-233.78,2.84
2162,-31.03,-513.02,-108.38,34.9
2163,27.41,-483.43,-33.83,35.64
2164,-2.29,-483.16,-68.17,26.94
2165,-10.55,-455.68,-61.84,33.79
2166,-21.94,-466.84,-86.82,23.31
2167,-27.2,-455.35,-114.79,7.48
2168,-18.2,-298.3,-112.45,-16.57
2169,21.22,-469.03,-75.08,23.65
2170,32.39,-408.44,-148.14,0.69
2171,-48.68,-597.63,-110.13,35.97
2172,-14.86,-479.38,-122.84,22.99
2173,-63.05,-469.93,-16.06,16.52
2174,48.93,-357.22,-74.85,7.98
2175,-8.08,-459.09,-83.0,22.7
2176,0.24,-498.38,-123.02,19.16
2177,34.81,-363.53,-151.11,-34.77
2178,-28.53,-531.75,-222.96,16.12
2179,-46.2,-562.0,-5.22,68.15
2180,-23.0,-490.19,-30.99,37.62
2181,-14.21,-448.65,-79.41,27.7
2182,-26.87,-455.07,-126.61,12.4
2183,-1.07,-395.7,-210.23,-42.91
2184,-14.85,-478.12,-67.57,43.96
2185,1.38,-360.75,-64.27,-0.37
2186,-6.4,-523.4,-71.86,27.03
2187,-9.34,-461.67,-142.8,30.94
2188,23.64,-447.54,-207.45,-2.68
2189,-21.68,-488.32,25.65,33.38
2190,-33.14,-412.74,-82.06,24.55
2191,-19.58,-465.72,-78.33,32.08
2192,40.28,-331.78,-115.24,-20.2
2193,-0.93,-478.47,-98.05,19.34
2194,-55.33,-514.87,-113.85,27.32
2195,-57.33,-528.25,-188.48,6.0
2196,22.27,-510.55,-86.67,32.76
2197,4.98,-472.65,-48.46,34.66
2198,11.6,-410.97,-123.63,0.12
2199,-31.05,-507.64,-16.02,33.07
2200,-16.14,-494.37,-122.8,21.36
2201,8.47,-384.45,-81.1,-3.94
2202,-32.3,-496.48,-87.38,30.36
2203,-31.03,-513.56,-93.95,36.59
2204,-12.29,-441.13,-105.19,12.99
2205,14.41,-376.81,-158.77,-12.65
2206,-25.19,-522.11,-141.83,24.33
2207,0.77,-435.36,-49.51,13.55
2208,12.34,-390.72,-108.52,-10.21
2209,-26.04,-478.42,-161.91,5.39
2210,-13.44,-434.03,-79.43,32.72
2211,-64.9,-423.77,-94.68,-3.84
2212,5.09,-571.7,-52.47,49.27
2213,-27.88,-502.41,-116.06,34.26
2214,43.62,-292.09,-150.85,-37.37
2215,29.23,-386.81,-167.52,-30.08
2216,-105.17,-658.86,-85.99,87.91
2217,-51.96,-546.72,-100.0,29.72
2218,-46.11,-488.86,-57.83,39.66
2219,7.06,-463.24,-181.27,-1.07
2220,5.69,-445.68,-58.39,30.83
2221,-8.14,-451.93,-108.8,19.98
2222,1.41,-464.98,-98.27,0.49
2223,6.04,-417.47,-79.06,4.1
2224,-13.01,-392.64,-86.46,13.39
2225,-27.35,-507.04,-120.52,21.66
2226,5.25,-435.9,-115.21,8.79
2227,-52.34,-454.39,-77.35,22.16
2228,1.82,-493.64,-114.58,32.93
2229,10.59,-441.88,-90.26,19.53
2230,18.18,-376.95,-106.65,-22.12
2231,-43.07,-465.98,-101.21,32.18
2232,-14.79,-472.71,-174.13,6.32
2233,-33.92,-493.46,-69.18,28.64
2234,-0.69,-497.8,-63.25,33.37
2235,-59.31,-500.18,-73.87,35.22
2236,-36.02,-461.78,-97.71,17.16
2237,29.44,-406.34,-138.21,-5.18
2238,-30.44,-505.03,-129.08,21.51
2239,1.73,-504.85,-212.38,9.96
2240,15.8,-424.5,-51.3,19.3
2241,15.81,-368.47,-137.38,-5.64
2242,-34.62,-520.72,-29.48,49.07
2243,-18.55,-454.44,-112.2,15.21
2244,-15.46,-482.12,-168.85,6.3
2245,-34.76,-450.52,-49.48,16.15
2246,-15.5,-391.49,-73.99,7.11
2247,-48.35,-506.63,-65.51,46.31
2248,3.34,-454.22,-86.85,23.87
2249,10.3,-487.73,-94.26,22.52
2250,-34.09,-524.91,-88.76,39.9
2251,-7.24,-475.73,-67.22,28.83
2252,50.3,-386.11,-208.64,-29.78
2253,-4.85,-427.4,-90.18,6.49
2254,-59.09,-559.67,-16.61,59.99
2255,-22.51,-445.65,-110.42,29.02
2256,30.81,-370.79,-202.8,-5.71
2257,14.75,-462.74,-173.49,-14.61
2258,-26.41,-511.9,14.96,58.22
2259,-33.44,-490.79,-106.45,27.13
2260,3.47,-389.42,-267.18,-28.32
2261,-9.79,-406.48,-12.04,22.7
2262,-45.59,-557.43,-47.37,49.76
2263,-54.4,-503.39,-134.21,14.07
2264,24.49,-392.11,-68.73,1.75
2265,-26.35,-521.88,-82.09,32.15
2266,-1.56,-453.55,-84.98,30.12
2267,-6.89,-335.1,-107.99,-17.22
2268,-44.79,-553.42,-82.05,42.09
2269,29.11,-448.08,-94.2,23.27
2270,-11.39,-455.03,-134.74,7.74
2271,-0.3,-402.27,-177.87,-27.52
2272,-25.45,-546.89,-32.72,57.3
2273,-17.84,-466.72,-69.19,29.25
2274,-6.51,-441.86,-113.59,5.44
2275,1.98,-449.66,-157.66,2.57
2276,-19.38,-493.73,-123.19,29.57
2277,-21.07,-466.77,-114.13,15.96
2278,13.09,-437.18,-156.45,-0.15
2279,9.57,-400.58,-20.02,29.64
2280,-10.76,-419.62,-92.29,7.87
2281,-43.24,-526.22,-107.78,29.0
2282,-39.66,-519.46,-72.29,34.26
2283,-50.64,-506.11,-84.42,30.82
2284,-59.54,-438.86,-103.51,20.02
2285,16.37,-434.23,-128.09,6.06
2286,70.77,-424.01,-127.63,-26.42
2287,29.88,-364.19,-58.59,0.86
2288,-41.39,-534.28,-87.43,40.87
2289,-28.38,-510.52,-96.91,26.67
2290,-29.61,-501.98,-92.5,21.31
2291,-4.43,-485.62,-94.53,23.72
2292,-11.02,-446.49,-89.3,20.74
2293,-57.05,-453.38,-105.9,26.56
2294,70.57,-156.9,-306.46,-93.15
2295,76.47,-414.12,-268.89,-41.94
2296,-79.55,-668.44,126.21,110.7
2297,-54.51,-570.22,-66.06,41.9
2298,-26.08,-478.81,-103.6,14.3
2299,-19.13,-470.85,-46.76,31.67
2300,-7.8,-492.34,-84.86,20.19
2301,-12.56,-465.75,-96.91,17.13
2302,-13.02,-466.75,-170.62,-3.26
2303,3.36,-372.21,-93.56,0.29
2304,-7.61,-442.57,-150.91,3.75
2305,-33.2,-465.35,-42.52,40.3
2306,4.32,-396.82,-99.83,-0.43
2307,-4.46,-517.89,-89.3,35.46
2308,-25.81,-525.2,-91.06,35.88
2309,-15.78,-491.31,-129.57,19.31
2310,-19.62,-450.46,-100.5,14.98
2311,-90.6,-323.19,-83.34,-5.54
2312,106.21,-311.0,-109.33,-33.7
2313,-15.4,-514.42,-86.03,39.13
2314,-20.69,-544.78,-83.0,49.56
2315,-12.12,-531.45,-96.42,36.35
2316,-13.04,-495.22,-105.9,16.83
2317,-23.13,-483.76,-123.87,22.16
2318,-15.87,-470.81,-194.84,-3.47
2319,3.72,-410.23,-29.37,21.83
2320,10.97,-355.6,-56.41,8.52
2321,-47.91,-562.31,-41.71,88.71
2322,-15.79,-494.52,-92.84,23.81
2323,27.65,-380.69,-95.59,-36.16
2324,15.16,-439.25,-137.99,-7.03
2325,-38.45,-504.13,-114.19,26.17
2326,-19.04,-472.39,-54.71,21.2
2327,5.97,-374.01,-75.63,13.42
2328,-2.29,-385.61,-104.88,7.32
2329,-31.29,-513.86,-98.65,37.54
2330,9.29,-467.62,-110.58,27.1
2331,-22.29,-431.79,-63.52,-2.02
2332,-94.97,-372.41,-92.92,1.6
2333,9.8,-560.91,-94.5,43.94
2334,-9.02,-532.96,-207.18,0.37
2335,13.71,-462.77,-73.67,18.87
2336,44.96,-386.93,-105.98,-13.47
2337,-22.84,-558.44,-184.12,20.28
2338,-30.81,-516.92,8.05,73.2
2339,-20.94,-471.72,-51.4,19.75
2340,12.47,-365.21,-44.18,11.92
2341,-22.21,-504.98,-72.77,36.72
2342,-19.45,-475.52,-74.45,29.97
2343,-24.56,-450.13,-121.09,15.71
2344,-5.36,-434.78,-92.27,13.94
2345,43.02,-291.2,-85.42,-15.22
2346,18.88,-359.55,-100.87,-6.79
2347,-40.14,-578.81,-85.38,42.83
2348,-13.05,-358.7,-95.03,16.66
2349,26.63,-330.84,-93.52,-11.72
2350,-63.24,-623.62,-50.6,70.99
2351,-26.53,-518.81,-72.38,38.74
2352,-76.61,-564.32,-90.67,47.83
2353,-22.57,-374.05,-96.87,-0.85
2354,72.73,-413.07,-109.61,9.76
2355,-39.45,-577.65,-320.08,-11.02
2356,-28.06,-516.19,-88.03,46.31
2357,-19.6,-478.12,32.7,42.15
2358,0.48,-442.84,-61.15,24.47
2359,-15.76,-450.08,-139.92,-0.62
2360,-32.25,-477.81,-190.64,-10.84
2361,-16.07,-455.62,9.48,51.99
2362,-16.36,-463.04,-92.32,29.07
2363,2.41,-403.55,-59.34,5.61
2364,-0.28,-431.59,-83.8,8.64
2365,-11.6,-506.5,-99.47,31.43
2366,17.62,-377.25,-105.61,-10.48
2367,-90.32,-482.92,-157.29,14.78
2368,-70.74,-498.52,-59.26,41.63
2369,64.66,-443.81,-68.26,20.23
2370,29.95,-312.14,-109.69,-16.25
2371,22.88,-396.77,-90.8,5.4
2372,-96.92,-640.78,-74.81,74.86
2373,-34.12,-532.74,-121.82,20.73
2374,38.09,-427.68,-99.53,-14.07
2375,-25.06,-493.7,-85.32,39.33
2376,-12.47,-465.25,-86.36,15.55
2377,-18.1,-462.6,-116.43,19.82
2378,-1.24,-462.13,-222.85,-8.42
2379,-14.15,-493.23,-68.9,15.63
2380,-8.68,-446.34,-22.11,36.65
2381,-31.91,-482.54,-62.22,35.96
2382,-5.69,-444.1,-133.74,-4.01
2383,-2.98,-407.97,-79.48,15.19
2384,-6.18,-440.13,-85.25,10.92
2385,-5.24,-316.51,-132.93,-16.9
2386,-52.34,-516.67,-60.22,57.2
2387,-3.21,-556.34,-73.58,29.78
2388,-13.27,-492.12,-133.23,16.67
2389,-10.08,-388.88,-59.71,14.29
2390,35.71,-366.62,-103.99,-3.7
2391,-15.47,-496.21,-70.07,43.28
2392,-10.14,-452.34,-94.5,20.16
2393,-43.22,-508.6,-104.66,37.91
2394,-47.38,-475.94,-101.92,19.42
2395,-7.81,-514.37,-154.4,29.44
2396,4.83,-476.43,-188.59,4.41
2397,-13.3,-457.84,-84.46,14.58
2398,-15.03,-463.35,-20.73,45.82
2399,-13.78,-419.99,-65.61,23.48
2400,-3.24,-464.77,-82.74,25.93
2401,-0.11,-409.49,-92.39,15.15
2402,15.9,-363.31,-115.33,15.61
2403,-41.83,-524.32,-122.88,16.78
2404,-22.47,-414.74,-65.9,25.12
2405,-4.79,-374.23,-92.01,13.2
2406,15.65,-433.06,-94.18,-6.32
2407,-50.79,-588.04,-85.21,59.37
2408,-36.2,-456.23,-112.17,26.08
2409,7.57,-372.94,-106.67,11.54
2410,-2.26,-497.31,-108.79,19.62
2411,-50.27,-581.68,-56.75,62.71
2412,-11.51,-485.53,-104.7,21.15
2413,-17.05,-460.62,-101.38,36.53
2414,-5.48,-447.0,-101.53,40.86
2415,11.72,-413.83,-215.35,-7.09
2416,-33.75,-495.47,-87.62,12.44
2417,-10.8,-465.55,-23.1,48.75
2418,-6.01,-366.94,-80.09,8.46
2419,-4.3,-433.22,-104.59,23.33
2420,-68.23,-526.84,-97.31,46.99
2421,-13.9,-454.97,-95.2,17.75
2422,25.52,-422.46,-57.29,-2.89
2423,-12.81,-410.15,-106.6,9.59
2424,-1.42,-344.25,-70.15,13.59
2425,7.6,-459.94,-55.56,31.16
2426,-56.19,-531.14,-77.1,25.18
2427,-56.62,-572.42,-80.47,44.17
2428,14.14,-454.86,-140.44,18.6
2429,3.29,-477.49,-94.66,22.65
2430,-3.35,-429.57,-68.65,20.45
2431,-13.53,-419.43,-75.56,19.91
2432,-52.32,-508.29,-221.34,5.45
2433,-42.1,-515.13,-254.08,-20.89
2434,-6.65,-446.34,30.41,61.97
2435,4.31,-443.22,-103.52,30.39
2436,7.94,-445.1,-65.24,34.28
2437,-6.6,-458.26,-29.9,26.09
2438,-34.14,-465.56,-98.75,30.64
2439,-9.47,-467.07,-109.8,14.8
2440,29.55,-382.46,-80.79,-7.92
2441,-45.86,-471.29,-119.99,15.39
2442,7.74,-447.73,-58.3,22.9
2443,7.04,-463.87,-78.59,40.41
2444,0.98,-349.31,-115.58,-2.57
2445,-29.19,-553.1,-87.78,41.66
2446,-33.89,-518.11,-81.61,40.77
2447,-17.84,-445.42,-115.66,10.45
2448,-11.97,-436.64,-101.09,16.93
2449,-1.16,-465.66,-102.81,30.89
2450,-6.0,-437.42,-228.77,-18.03
2451,-28.59,-553.63,-115.6,26.32
2452,-15.24,-454.91,-39.16,39.06
2453,-11.09,-400.99,-87.92,20.72
2454,-33.88,-486.87,-54.74,32.59
2455,-6.75,-498.33,-64.41,26.35
2456,-7.05,-466.96,-89.03,29.3
2457,-16.45,-487.18,-145.58,19.86
2458,-8.89,-464.04,-60.78,28.37
2459,-1.92,-444.72,-75.85,17.76
2460,27.12,-364.15,-114.99,-5.91
2461,-45.98,-379.53,-81.12,4.39
2462,-110.05,-538.24,-77.86,46.4
2463,53.39,-496.09,-88.0,34.89
2464,27.3,-403.54,-112.8,2.26
2465,8.03,-461.96,-111.4,10.96
2466,-8.49,-435.62,-82.11,30.32
2467,27.63,-408.44,-97.07,3.43
2468,-53.48,-578.63,-80.53,59.66
2469,-15.09,-436.33,-99.69,22.25
2470,2.33,-375.88,-104.91,4.43
2471,4.29,-507.76,-286.98,-18.23
2472,-44.8,-568.93,-3.72,65.46
2473,-5.33,-475.54,-61.02,38.97
2474,2.83,-439.57,-63.03,30.18
2475,-2.92,-443.03,-88.89,27.07
2476,-15.77,-474.45,-90.35,23.9
2477,-19.24,-467.01,-229.71,-2.84
2478,-7.79,-475.64,-219.31,-10.98
2479,-22.4,-427.19,40.95,43.83
2480,2.55,-317.79,-84.59,-5.79
2481,-0.22,-518.86,-70.63,36.53
2482,0.69,-522.9,-98.04,43.32
2483,8.55,-444.87,-81.67,14.86
2484,-22.02,-494.78,-79.2,42.9
2485,1.16,-452.9,-93.9,15.53
2486,26.26,-374.27,-103.93,-5.22
2487,-8.89,-426.54,-100.46,16.41
2488,-41.15,-530.05,-69.41,49.85
2489,-5.95,-461.28,-211.25,-2.63
2490,-45.02,-443.52,-60.34,15.71
2491,9.82,-496.91,-44.73,32.69
2492,-27.09,-514.28,-76.64,49.71
2493,-19.04,-508.72,-90.93,25.44
2494,-19.66,-468.34,-100.65,18.78
2495,-1.11,-464.33,-100.15,14.77
2496,-10.88,-474.94,-100.78,15.94
2497,-9.52,-466.76,-94.82,17.08
2498,-11.62,-464.59,-96.04,17.33
2499,-11.9,-464.81,-95.73,15.14
2500,-18.01,-447.82,-100.41,11.45
2501,0.85,-282.24,-161.34,-37.89
2502,-1.74,-301.42,-168.74,-36.91
2503,-9.69,-611.2,-58.69,54.89
2504,45.94,-381.1,-80.84,-1.85
2505,-20.47,-518.9,-140.35,24.93
2506,-28.41,-523.13,-44.74,33.99
2507,-31.77,-530.18,-56.29,41.46
2508,-2.02,-467.0,-96.57,9.18
2509,19.79,-373.85,-115.01,-11.33
2510,57.28,-238.25,-142.36,-52.68
2511,-49.66,-547.36,-99.68,72.72
2512,-65.19,-582.01,-79.94,55.43
2513,-37.17,-511.8,-93.35,21.37
2514,-25.03,-515.57,-75.51,38.31
2515,-17.34,-498.62,-85.93,31.95
2516,-12.87,-474.24,-97.19,19.84
2517,-9.31,-463.8,-140.42,7.09
2518,-14.33,-471.11,-168.01,10.41
2519,-26.49,-422.11,-68.55,15.63
2520,-22.64,-327.3,-106.28,-19.89
2521,-2.82,-477.88,-131.05,30.63
2522,51.87,-398.97,-220.33,-41.55
2523,57.14,-325.23,4.61,12.13
2524,-25.04,-551.61,-54.76,58.62
2525,-63.92,-614.93,-58.52,80.41
2526,-54.72,-527.3,-68.18,39.87
2527,-10.01,-407.9,-94.05,-0.91
2528,13.51,-401.81,-100.38,15.86
2529,-12.91,-463.55,-109.29,17.76
2530,-26.2,-544.51,-177.73,8.66
2531,-22.37,-498.2,-46.86,42.37
2532,-4.3,-477.21,-69.27,31.26
2533,-16.04,-462.26,-85.7,24.13
2534,11.17,-451.68,-135.1,16.18
2535,-31.16,-449.22,-171.1,-2.58
2536,-45.7,-366.19,-64.37,-2.73
2537,43.82,-489.76,-98.26,31.72
2538,1.76,-481.47,-98.45,7.55
2539,-10.39,-474.5,-171.85,3.51
2540,17.87,-408.85,-79.75,-5.79
2541,22.76,-365.84,-62.44,27.58
2542,-26.63,-474.85,-139.47,38.27
2543,-50.38,-552.83,-63.7,38.99
2544,-42.53,-512.59,-87.87,26.51
2545,-9.95,-491.61,-91.88,27.16
2546,-14.14,-457.68,-99.67,23.04
2547,-36.68,-447.99,-98.85,33.67
2548,-16.76,-489.09,-116.75,15.81
2549,6.2,-421.32,-147.47,-2.94
2550,11.58,-452.63,-48.53,27.74
2551,-36.61,-495.4,-93.01,45.26
2552,-64.66,-473.66,-105.86,27.42
2553,21.55,-501.81,-222.43,0.42
2554,39.69,-400.73,-17.24,23.91
2555,-29.88,-477.41,-58.81,26.38
2556,-3.25,-512.04,-95.45,25.46
2557,-13.3,-478.53,-199.1,-6.89
2558,0.27,-444.47,-75.83,16.58
2559,0.36,-404.63,-51.06,26.93
2560,-27.5,-436.47,-74.27,31.01
2561,-25.47,-483.56,-95.01,13.69
2562,-18.78,-510.03,-90.88,35.07
2563,1.86,-454.85,-106.73,12.33
2564,-4.28,-429.88,-123.21,6.97
2565,8.58,-373.95,-101.74,-10.55
2566,-67.78,-466.04,-66.4,41.09
2567,7.41,-438.37,-123.21,13.25
2568,16.38,-433.05,-181.9,-1.18
2569,-63.84,-604.14,-19.36,71.6
2570,13.38,-492.44,-78.08,31.94
2571,7.35,-424.63,-90.49,22.92
2572,-18.57,-520.23,-84.07,33.53
2573,-12.91,-474.76,-91.56,25.18
2574,-27.18,-463.95,-87.13,24.64
2575,-0.97,-438.59,-134.17,18.54
2576,23.47,-367.56,-268.04,-20.63
2577,-9.99,-447.88,-211.25,-36.13
2578,-26.2,-508.94,80.09,86.32
2579,6.31,-416.34,-69.92,15.06
2580,-38.18,-509.56,-76.89,38.38
2581,-27.31,-479.27,-61.75,30.43
2582,-15.79,-508.39,-107.36,33.15
2583,-9.97,-478.06,-97.9,24.54
2584,-11.8,-462.58,-98.11,23.19
2585,-14.33,-463.05,-104.14,24.93
2586,-19.19,-464.47,-100.49,24.34
2587,-15.59,-457.99,-94.31,23.84
2588,-22.7,-457.85,-99.36,22.98
2589,-30.31,-457.14,-98.53,21.7
2590,-27.19,-441.29,-89.3,21.73
2591,-30.05,-398.9,-111.41,10.85
2592,43.25,-299.95,-221.62,-15.72
2593,55.83,-435.82,-164.47,-6.46
2594,-21.73,-545.84,26.87,44.96
2595,-14.23,-427.77,-88.41,17.2
2596,-31.94,-526.38,-89.13,36.13
2597,-17.89,-473.42,-136.66,-0.2
2598,-43.29,-455.69,-105.17,18.02
2599,-32.01,-490.43,-62.61,48.43
2600,-41.14,-417.55,-87.34,13.47
2601,60.59,-406.31,-94.32,9.85
2602,3.11,-451.71,-97.98,13.28
2603,-4.01,-447.91,-120.94,17.84
2604,-33.78,-536.32,-90.31,38.73
2605,-10.23,-490.06,-92.91,25.76
2606,-15.43,-484.95,-116.79,25.74
2607,-10.26,-473.29,-124.15,21.63
2608,-7.37,-452.86,-249.62,-20.17
2609,1.08,-404.83,-73.43,-3.18
2610,-1.93,-439.51,-9.67,44.35
2611,8.85,-398.05,-66.86,14.46
2612,15.9,-348.48,-122.61,-22.91
2613,16.35,-386.76,-118.88,-15.81
2614,-16.51,-427.82,-117.13,30.13
2615,-71.2,-595.14,-41.08,72.92
2616,-26.22,-461.07,-149.18,10.2
2617,2.85,-370.84,-99.92,4.35
2618,-17.67,-472.77,-75.27,29.37
2619,-43.02,-531.98,-86.98,45.8
2620,-8.81,-467.57,-95.06,22.38
2621,0.48,-373.28,-112.34,8.99
2622,-31.25,-541.81,-85.36,51.54
2623,-23.09,-509.79,-93.6,36.12
2624,-12.32,-438.33,-225.34,-10.4
2625,10.02,-421.85,-252.29,-30.9
2626,-20.01,-507.13,18.62,51.22
2627,-20.78,-482.07,-137.81,-0.02
2628,-20.79,-475.56,-13.42,44.75
2629,-12.79,-461.08,-91.93,29.4
2630,-25.3,-461.03,-77.06,18.88
2631,-38.83,-472.87,-391.54,-56.08
2632,15.61,-461.63,72.91,53.24
2633,17.14,-423.01,-36.11,25.99
2634,-12.28,-419.78,-82.42,16.91
2635,-1.98,-396.22,-139.61,-8.33
2636,-19.78,-433.5,-165.02,-0.07
2637,-29.82,-478.64,-78.77,25.66
2638,-17.89,-493.69,-73.01,21.18
2639,18.33,-404.23,-85.62,4.92
2640,-30.05,-522.31,-99.2,33.58
2641,0.61,-340.19,-95.4,4.83
2642,17.87,-441.61,-91.15,8.81
2643,-3.24,-471.53,-118.08,19.42
2644,-96.15,-472.59,-69.35,27.54
2645,44.84,-503.99,-98.73,11.29
2646,16.73,-376.25,-86.09,11.76
2647,-36.87,-521.42,-113.69,26.52
2648,-48.7,-522.57,-249.12,8.19
2649,0.89,-497.42,-215.24,-9.86
2650,2.2,-471.97,-81.4,12.14
2651,-9.4,-450.7,-19.2,31.66
2652,-32.03,-458.14,-84.94,30.96
2653,-6.88,-448.07,-99.02,13.34
2654,-19.67,-454.2,-80.39,23.57
2655,-4.1,-482.66,-107.2,23.9
2656,33.11,-328.36,-113.03,-24.44
2657,36.73,-324.8,-119.14,-18.92
2658,-74.62,-578.25,-89.53,66.88
2659,-33.61,-382.68,-112.32,6.19
2660,45.67,-330.36,-137.76,-11.86
2661,-114.91,-643.17,-108.18,80.25
2662,-31.03,-489.69,-53.1,52.23
2663,31.28,-433.1,-112.62,-0.16
2664,-28.54,-532.83,-95.8,44.79
2665,22.07,-399.12,-99.89,6.3
2666,-37.19,-431.24,-158.27,6.74
2667,-29.36,-556.35,-158.62,18.64
2668,6.83,-482.41,-62.73,45.38
2669,-13.67,-466.54,-232.49,-29.08
2670,-19.38,-485.41,0.31,56.03
2671,-17.22,-455.92,-179.01,-10.68
2672,-9.36,-456.51,-38.7,43.69
2673,5.57,-416.57,-91.17,10.2
2674,-1.47,-412.21,-109.4,8.07
2675,11.72,-384.72,-89.07,-9.66
2676,-55.4,-555.67,-102.85,45.57
2677,-2.68,-418.25,-103.06,14.33
2678,-62.47,-458.33,-100.75,27.44
2679,-14.9,-337.51,-113.74,-7.03
2680,-29.35,-576.68,-85.89,40.11
2681,-37.68,-521.22,-92.69,29.55
2682,14.33,-456.43,-134.51,18.03
2683,15.49,-374.3,-136.79,-14.8
2684,-12.13,-504.66,-92.3,30.71
2685,-33.9,-534.93,-71.81,46.28
2686,-12.34,-472.06,-108.89,20.33
2687,12.87,-374.0,-230.08,-21.27
2688,-20.72,-468.06,-99.06,15.33
2689,-45.29,-535.46,-109.21,19.89
2690,-20.56,-470.92,-45.3,38.26
2691,10.41,-366.29,-89.14,-1.94
2692,-17.69,-456.85,-100.21,12.78
2693,-45.35,-535.61,-87.44,48.58
2694,-2.38,-399.79,-106.62,10.79
2695,-11.0,-437.99,-96.47,29.54
2696,-27.61,-496.49,-93.97,26.36
2697,-12.86,-438.08,-100.61,20.03
2698,-10.75,-466.16,-135.88,-0.24
2699,-3.56,-411.2,-161.02,0.08
2700,-33.97,-496.93,-89.41,35.29
2701,-11.62,-431.31,-91.01,20.35
2702,3.96,-403.58,-67.57,19.56
2703,-33.36,-506.72,-81.85,34.94
2704,-34.58,-493.61,-91.54,27.51
2705,-33.8,-461.52,-98.15,2.95
2706,-39.61,-476.02,-163.66,29.63
2707,1.61,-469.51,-164.56,6.87
2708,-17.09,-455.52,-67.87,34.75
2709,-22.23,-470.58,-105.16,12.16
2710,6.53,-432.35,-69.59,18.03
2711,-25.14,-429.76,-95.74,10.23
2712,19.66,-441.32,-94.93,21.45
2713,17.25,-399.7,-158.56,-12.37
2714,-21.72,-343.74,-216.86,-40.18
2715,-51.1,-576.61,-46.57,59.9
2716,21.29,-513.28,-48.49,38.44
2717,-25.15,-433.71,-85.31,12.81
2718,-28.1,-454.74,-88.5,16.6
2719,18.46,-420.78,-106.53,3.88
2720,-32.49,-489.12,-96.77,16.25
2721,-10.85,-411.12,-97.44,-0.61
2722,55.48,-337.51,-104.2,-8.75
2723,-27.79,-358.37,-338.66,-42.32
2724,33.2,-510.81,-92.71,33.94
2725,-36.31,-578.23,-25.29,53.9
2726,-27.75,-516.89,-21.31,50.91
2727,-21.87,-474.35,-63.62,26.83
2728,-28.43,-457.6,-92.38,24.43
2729,-27.45,-471.33,-92.82,15.08
2730,-13.11,-462.72,-97.4,11.86
2731,-12.47,-449.46,-99.33,16.23
2732,-13.34,-461.19,-102.09,8.34
2733,-12.59,-453.25,-102.0,4.3
2734,45.48,-310.25,-106.82,2.33
2735,23.14,-364.71,-155.03,-19.25
2736,-17.7,-483.87,-100.43,37.71
2737,-104.02,-546.53,-55.37,42.74
2738,36.65,-397.85,-112.54,-9.35
2739,-8.62,-470.14,-102.98,19.91
2740,26.95,-367.53,-118.29,-23.74
2741,-62.08,-579.2,-103.39,38.36
2742,-43.55,-499.88,-118.67,19.93
2743,-23.11,-485.51,-73.59,31.25
2744,-10.86,-462.75,-93.75,24.68
2745,-15.69,-450.36,-98.82,15.49
2746,-25.03,-468.94,-101.96,11.28
2747,-15.64,-449.5,-105.09,22.1
2748,-23.27,-457.35,-105.01,14.05
2749,-16.38,-460.21,-104.2,11.51
2750,-23.45,-451.64,-107.95,14.9
2751,-9.14,-460.56,-109.91,5.55
2752,1.96,-377.9,-111.25,1.8
2753,-5.71,-316.85,-136.19,-29.3
2754,4.97,-428.51,-360.42,-43.58
2755,25.87,-334.65,4.17,11.14
2756,-56.38,-549.0,-58.34,47.49
2757,-36.91,-488.16,-64.59,25.56
2758,-31.58,-569.7,-235.42,-2.14
2759,-7.41,-465.16,-95.77,5.58
2760,-26.68,-517.61,-24.88,50.39
2761,-19.36,-486.09,-292.42,-19.39
2762,2.97,-413.4,-101.24,-18.76
2763,-17.18,-492.4,-64.97,36.35
2764,-20.32,-460.58,-41.36,29.94
2765,-3.79,-423.93,-84.25,-11.09
2766,-36.42,-536.49,-62.42,61.94
2767,-31.18,-480.16,-116.39,23.75
2768,-2.74,-456.56,-75.7,29.95
2769,-0.58,-417.36,-103.83,1.1
2770,-12.85,-422.52,-148.54,-15.15
2771,-39.09,-516.37,-68.71,45.05
2772,-32.73,-453.83,-90.51,22.77
2773,-7.07,-346.19,-229.54,-29.67
2774,15.24,-343.22,-45.99,-15.61
2775,-38.81,-554.29,-257.85,0.23
2776,-47.21,-563.36,-42.61,44.21
2777,-7.7,-379.01,-96.25,0.18
2778,12.86,-497.52,-172.99,-4.68
2779,-2.67,-416.07,-41.02,15.96
2780,-19.06,-409.21,-57.81,25.79
2781,-15.97,-503.69,-169.2,3.21
2782,-19.3,-495.48,-113.87,20.96
2783,-9.65,-480.44,-82.65,36.25
2784,-24.82,-512.12,-205.57,-8.85
2785,-54.58,-470.22,-102.38,19.43
2786,18.89,-373.97,-29.64,4.99
2787,-25.87,-436.0,-99.0,6.0
2788,-35.5,-555.81,-45.65,51.91
2789,24.75,-478.35,-101.61,29.7
2790,-7.65,-489.35,-125.57,10.4
2791,-16.14,-498.41,-65.54,17.52
2792,8.0,-301.98,-217.97,-29.28
2793,-21.12,-413.07,-99.87,26.41
2794,-44.53,-466.77,-30.64,22.62
2795,-17.96,-536.51,-77.8,30.97
2796,32.46,-355.83,-98.88,11.61
2797,22.22,-391.26,-109.88,1.7
2798,-24.6,-521.26,-95.85,22.61
2799,-10.78,-433.79,-97.36,9.79
2800,-1.79,-395.55,-119.31,-10.68
2801,-71.93,-561.18,-181.55,14.02
2802,-33.58,-503.99,-160.96,15.72
2803,21.9,-377.71,-57.52,-4.6
2804,-57.14,-469.13,-71.33,18.85
2805,-23.1,-535.27,-99.43,15.65
2806,22.53,-475.53,-96.11,6.05
2807,-26.33,-471.44,-154.69,3.04
2808,4.46,-427.78,-77.34,4.96
2809,-28.54,-494.81,-34.52,22.44
2810,5.51,-452.39,-83.27,28.12
2811,-14.07,-450.44,-132.22,-3.9
2812,2.38,-320.99,-107.15,-13.77
2813,-39.4,-525.5,-85.43,17.97
2814,-50.89,-504.19,-70.55,33.72
2815,15.06,-451.55,-175.98,-0.48
2816,7.27,-435.83,-91.57,11.06
2817,3.19,-390.72,-59.21,13.32
2818,-36.7,-412.1,-95.73,9.26
2819,16.46,-348.2,-121.83,-24.03
2820,-64.76,-615.48,-98.5,67.81
2821,-30.05,-488.75,-59.73,38.05
2822,42.55,-446.02,-114.28,19.4
2823,-1.96,-498.7,-85.81,26.87
2824,-23.35,-478.4,-79.18,16.95
2825,-13.73,-474.78,-239.53,-13.86
2826,-18.51,-459.58,-160.5,-0.8
2827,-24.68,-488.23,-98.79,30.12
2828,-22.95,-474.37,-108.88,11.13
2829,-24.8,-451.33,3.72,32.97
2830,-13.52,-368.6,-93.12,-7.19
2831,16.18,-458.87,-107.89,2.87
2832,-19.12,-508.26,-72.55,33.02
2833,-0.06,-342.8,-101.99,-9.5
2834,1.14,-350.73,-100.47,15.38
2835,-26.54,-520.72,-84.17,50.69
2836,-20.88,-532.12,-95.04,37.31
2837,-34.6,-484.62,-115.3,24.89
2838,-41.08,-395.95,-87.76,-0.27
2839,34.05,-520.48,-79.64,39.45
2840,7.64,-449.1,-96.35,20.56
2841,-15.81,-465.72,-132.18,19.29
2842,11.03,-400.31,-230.85,-25.59
2843,-27.51,-513.48,-67.55,39.57
2844,-27.26,-498.45,-174.98,12.18
2845,-56.54,-488.8,-46.63,29.94
2846,-30.79,-478.16,12.8,47.6
2847,11.12,-444.92,-75.33,24.23
2848,11.4,-382.43,-104.88,0.84
2849,-20.41,-490.66,-114.15,10.79
2850,-32.98,-469.86,-92.21,24.35
2851,-13.51,-458.72,-81.27,24.46
2852,-26.81,-389.62,-90.38,-4.11
2853,36.18,-288.99,-103.37,-22.9
2854,-64.01,-555.82,-79.43,42.56
2855,-8.27,-472.15,-141.51,12.49
2856,4.72,-519.61,-75.54,34.13
2857,3.75,-446.46,-79.62,24.1
2858,-27.86,-495.75,-48.11,36.67
2859,-24.44,-391.8,-122.29,6.69
2860,34.76,-334.25,-152.1,-3.93
2861,-3.24,-435.17,-150.51,-14.57
2862,-57.66,-602.73,-3.94,77.88
2863,-14.02,-513.89,-99.8,71.38
2864,-5.15,-438.83,-171.53,-9.35
2865,-13.71,-479.67,-206.21,-5.49
2866,-16.87,-479.11,38.32,68.03
2867,-6.67,-450.7,-156.43,-2.53
2868,-7.85,-439.12,-23.96,46.15
2869,-17.27,-377.74,-55.76,11.96
2870,-3.12,-429.67,-63.02,26.26
2871,-13.67,-514.74,-134.58,33.39
2872,-0.01,-433.77,-191.59,-35.47
2873,-28.65,-500.19,-117.58,21.42
2874,-47.48,-517.54,11.23,72.07
2875,-18.82,-451.54,-83.53,22.17
2876,67.01,-330.06,-94.05,11.91
2877,-16.21,-457.19,-90.38,52.36
2878,-9.27,-440.34,-147.38,-13.02
2879,-32.77,-473.23,-95.13,26.2
2880,-54.66,-554.31,-73.16,39.08
2881,-4.81,-501.38,-141.09,24.71
2882,-10.22,-440.97,-215.03,-10.85
2883,-23.09,-445.16,-5.27,53.5
2884,-21.9,-428.17,-72.42,38.37
2885,18.91,-471.88,-98.11,20.12
2886,0.62,-450.41,-74.33,25.15
2887,-11.53,-443.57,-52.46,29.99
2888,-13.35,-451.95,-159.08,-1.27
2889,6.99,-420.18,-155.11,-8.63
2890,-26.02,-428.18,-19.14,39.1
2891,-28.7,-402.62,-95.26,11.01
2892,10.28,-457.43,-101.24,28.89
2893,-19.64,-502.98,-128.21,18.31
2894,-17.71,-477.02,-168.0,-19.01
2895,-7.96,-463.95,-64.62,32.07
2896,-34.49,-444.95,-72.78,51.19
2897,-15.78,-395.47,-178.63,-12.77
2898,-32.2,-587.11,-27.83,63.4
2899,0.76,-459.69,-60.63,28.35
2900,-0.58,-388.61,-124.25,6.65
2901,-25.27,-487.36,-119.64,19.06
2902,-46.93,-468.83,-108.07,36.34
2903,7.13,-463.77,-67.89,26.18
2904,-28.62,-482.4,-90.82,7.27
2905,-7.51,-490.5,-152.41,25.16
2906,-11.47,-482.6,-36.5,30.16
2907,-16.47,-431.8,-148.95,11.81
2908,8.89,-379.13,-274.71,-68.15
2909,-47.71,-528.29,29.15,67.6
2910,-15.06,-482.88,-47.71,32.04
2911,7.58,-447.85,-83.38,27.17
2912,-13.33,-462.32,-81.45,21.57
2913,-19.32,-455.63,-86.53,14.03
2914,-49.18,-435.72,-96.17,-2.02
2915,61.34,-209.34,-154.77,-60.23
2916,35.66,-420.76,-127.56,33.49
2917,-38.28,-585.38,-132.01,45.16
2918,4.02,-495.2,-47.22,19.47
2919,-16.06,-473.87,-78.37,17.64
2920,-10.01,-457.89,-114.0,15.58
2921,-31.42,-507.44,-75.21,37.26
2922,-30.36,-473.3,-90.83,17.67
2923,-70.45,-446.39,-81.07,14.5
2924,5.63,-386.87,-101.3,12.4
2925,76.39,-326.61,-156.81,-22.44
2926,52.1,-361.3,-236.15,-42.52
2927,-26.12,-575.47,-161.17,6.63
2928,-41.34,-535.58,52.55,60.13
2929,-14.98,-480.94,-67.15,30.36
2930,-18.83,-494.69,-86.93,22.48
2931,-7.08,-453.81,-93.67,17.01
2932,-15.85,-453.37,-91.65,12.0
2933,-25.17,-452.97,-90.48,13.79
2934,-20.61,-441.51,-92.79,15.49
2935,26.27,-349.17,-219.86,-27.16
2936,109.65,-211.68,-202.79,-53.69
2937,-44.35,-599.55,-19.67,44.84
2938,-17.45,-526.09,-29.38,51.49
2939,-20.35,-483.86,-87.58,23.08
2940,8.04,-403.75,-98.14,-1.15
2941,-28.89,-521.96,-81.63,28.94
2942,-54.53,-473.92,-109.68,16.59
2943,-21.58,-355.33,-122.6,-14.43
2944,61.23,-310.81,-123.53,-38.13
2945,32.12,-495.36,-132.28,30.79
2946,-43.4,-620.93,-75.84,39.05
2947,-15.85,-470.87,-85.66,12.32
2948,-7.96,-448.86,-89.51,15.51
2949,-13.13,-478.51,-93.81,18.85
2950,-17.59,-477.52,-129.51,15.62
2951,4.88,-394.89,-278.37,-39.63
2952,-48.9,-390.61,-173.62,-27.89
2953,62.85,-373.25,42.91,-0.24
2954,1.01,-412.79,-72.73,29.02
2955,-32.35,-614.54,-76.26,56.26
2956,-17.41,-494.21,-146.97,12.58
2957,-18.33,-434.43,-86.45,24.24
2958,-20.27,-482.46,-142.98,16.93
2959,14.62,-353.22,-112.51,-32.38
2960,66.38,-228.39,-111.96,-35.18
2961,-71.9,-671.58,-75.86,76.44
2962,-48.79,-532.91,-46.98,54.64
2963,-39.25,-469.69,-85.35,20.77
2964,24.81,-366.44,-106.14,-4.97
2965,-39.17,-538.56,-202.37,10.61
2966,-2.96,-495.44,-97.93,29.12
2967,-1.7,-375.26,-114.17,13.13
2968,-9.03,-405.03,-25.86,31.02
2969,26.53,-394.44,-173.7,-24.9
2970,13.64,-410.06,-135.52,-3.86
2971,-31.85,-557.01,-113.63,22.86
2972,-33.21,-528.59,-44.25,24.45
2973,-18.11,-460.02,-141.36,6.3
2974,-4.81,-356.44,-270.8,-31.94
2975,-0.82,-442.89,-289.1,-50.22
2976,1.96,-526.25,100.73,48.43
2977,-9.9,-574.35,-70.46,26.52
2978,-70.28,-428.82,-120.86,-15.11
2979,-40.39,-424.33,-91.58,27.81
2980,20.76,-456.62,-86.77,6.23
2981,-2.48,-465.68,-85.1,16.22
2982,-23.48,-472.61,-85.28,8.1
2983,-10.11,-483.67,-95.59,28.7
2984,16.77,-255.52,-106.16,-7.64
2985,-8.65,-513.04,-95.8,50.43
2986,-38.39,-447.09,-105.34,28.68
2987,-16.51,-461.07,-188.0,12.24
2988,-11.53,-566.71,-284.8,-20.28
2989,-7.65,-490.97,-186.39,-20.28
2990,-30.86,-469.51,68.48,42.87
2991,2.85,-443.59,-65.96,17.64
2992,-7.04,-457.35,-70.35,18.44
2993,-53.57,-436.08,-44.11,9.11
2994,17.41,-448.98,-120.69,0.04
2995,13.52,-444.32,-102.33,-6.49
2996,17.59,-335.57,-92.93,-0.68
2997,-49.49,-497.76,-106.82,10.02
2998,-13.27,-530.42,-101.31,26.95
2999,-22.33,-449.45,-101.53,9.74
