,ch1,ch2,ch3,ch4
0,-86.68,23.68,82.77,84.65
1,-86.05,32.51,84.01,81.68
2,-81.6,39.9,101.5,76.67
3,-87.09,25.52,79.27,56.08
4,-89.75,-12.48,58.21,58.85
5,-93.61,4.58,57.07,39.58
6,-75.8,33.08,62.33,45.26
7,-49.37,40.77,220.71,37.95
8,-29.73,33.04,32.89,46.52
9,22.44,25.58,-84.07,62.75
10,-103.29,18.99,-25.39,69.94
11,-120.05,47.1,-7.19,93.6
12,-88.53,-13.53,-0.71,68.86
13,-64.71,-10.94,17.83,66.93
14,-116.46,15.87,10.41,37.52
15,-55.17,-2.5,23.02,20.2
16,-35.72,-22.89,45.98,13.71
17,-53.56,15.87,54.15,-19.66
18,-28.29,12.86,51.14,-26.24
19,-31.36,4.46,80.04,-15.25
20,-40.94,-6.4,47.26,-33.86
21,-15.84,46.77,16.33,-31.97
22,-9.59,-1.46,46.78,5.58
23,-25.02,-24.16,31.88,20.2
24,-29.38,-1.33,50.62,-54.23
25,-13.49,15.23,21.78,-26.74
26,13.13,35.26,53.41,-8.43
27,87.89,-9.13,140.82,-41.03
28,-105.9,-28.9,-13.09,-20.9
29,-54.95,-12.03,13.48,-65.06
30,-29.0,-3.4,49.69,14.52
31,-42.27,0.95,86.41,-42.54
32,40.05,12.79,28.04,-21.69
33,19.92,69.87,-28.06,-12.97
34,5.67,9.22,-0.71,-40.21
35,7.65,-15.33,37.98,-6.05
36,-7.66,5.69,18.49,-14.08
37,-10.13,1.46,50.05,-7.89
38,95.28,11.3,54.26,-1.36
39,-21.44,8.99,30.86,-1.56
40,-34.62,4.59,102.89,13.29
41,-32.82,24.97,39.69,2.39
42,1.23,2.51,-4.44,-11.63
43,16.69,17.82,40.19,-14.52
44,-17.58,6.8,25.76,-1.8
45,4.32,13.98,58.37,16.59
46,-25.06,-13.08,97.56,-26.21
47,-5.09,-22.3,-13.24,-5.54
48,8.99,15.01,39.36,-12.32
49,6.69,11.8,41.31,9.61
50,4.26,-27.89,25.28,-30.03
51,8.44,-3.87,42.29,-20.35
52,100.4,23.77,36.99,-3.91
53,-72.94,22.23,103.02,-12.34
54,-41.15,-0.71,108.5,-13.78
55,41.09,20.84,-50.82,12.68
56,-7.43,-24.42,42.34,11.25
57,23.48,-11.68,51.19,-22.34
58,-13.79,57.45,53.9,-20.2
59,8.8,15.1,77.55,14.66
60,-19.87,-38.31,153.91,18.66
61,8.84,-18.17,-40.32,-0.1
62,10.36,6.15,-4.88,-15.16
63,6.45,10.01,39.08,22.79
64,41.2,-6.82,32.32,-2.68
65,-42.85,69.38,65.79,31.74
66,-10.68,-8.02,16.82,15.09
67,2.05,-43.62,60.76,-9.42
68,23.32,12.82,49.61,15.17
69,-25.06,33.03,27.21,20.16
70,-3.92,31.62,64.69,29.51
71,-15.44,-34.44,24.8,-28.21
72,-29.18,-0.51,40.89,-7.29
73,-8.24,87.89,57.16,-12.14
74,-29.53,-12.27,67.24,30.7
75,-22.39,-73.15,52.45,-9.95
76,-25.38,-15.39,38.0,-1.39
77,-46.34,8.86,106.32,12.1
78,40.8,4.35,12.02,0.55
79,13.6,4.46,-9.13,3.93
80,-102.34,-8.06,93.9,13.37
81,-30.07,-2.27,110.74,21.43
82,-27.64,2.63,-20.5,-4.06
83,-15.52,-18.85,24.95,36.48
84,-82.48,-22.41,31.65,-13.74
85,-43.8,12.46,33.74,-12.53
86,-37.8,8.56,53.4,22.58
87,-41.55,-19.07,37.01,11.79
88,-37.31,5.92,42.0,7.14
89,-16.73,38.15,55.84,1.14
90,-19.31,-47.4,57.32,9.69
91,-22.55,-2.46,108.99,16.47
92,-79.47,15.9,45.12,-1.06
93,-73.08,-11.34,-6.63,19.62
94,-68.11,4.64,47.99,2.43
95,19.9,29.05,111.17,-16.88
96,-97.71,-26.17,36.26,-26.26
97,-66.54,3.46,-20.06,10.47
98,-32.01,7.95,26.1,18.46
99,-50.63,0.84,31.64,10.65
100,-49.91,13.51,36.42,-1.41
101,-48.36,6.26,38.29,-4.44
102,18.22,10.51,158.13,7.49
103,-107.73,19.72,-37.78,19.2
104,-81.26,27.71,20.0,87.35
105,-60.72,6.28,35.26,-23.25
106,-9.84,14.51,33.37,-13.42
107,-23.67,-9.72,91.99,19.51
108,-75.19,27.56,8.46,16.09
109,-43.45,29.33,126.2,36.62
110,-46.91,5.4,32.79,6.71
111,-45.13,3.44,2.7,10.46
112,6.58,46.54,51.9,11.99
113,-52.54,38.26,114.07,57.35
114,-110.07,-22.66,17.87,-4.99
115,-43.8,-14.95,-9.11,21.65
116,-38.17,17.13,29.66,16.44
117,-45.06,22.17,34.83,27.48
118,-39.93,23.51,26.93,-2.51
119,32.69,11.88,25.44,4.64
120,-46.01,8.28,144.31,17.48
121,-18.95,37.41,10.92,45.97
122,-30.72,-33.81,-2.81,34.3
123,-19.7,-10.35,53.97,-23.57
124,-35.61,7.95,58.84,-1.94
125,8.53,17.12,-16.68,6.17
126,-12.23,25.68,37.01,-2.84
127,-53.66,20.46,40.22,-12.41
128,-59.51,4.16,25.13,4.41
129,-33.96,13.11,45.12,35.11
130,-63.79,10.93,21.87,-9.53
131,37.54,-43.9,59.83,4.69
132,-26.45,19.05,110.22,-2.18
133,-38.38,42.17,-8.48,4.53
134,-29.71,-22.05,2.71,21.82
135,-29.5,4.14,50.83,-13.56
136,-23.72,18.13,98.14,23.64
137,-25.0,-8.3,-38.43,-16.55
138,-25.01,-1.77,2.09,-32.9
139,62.99,10.27,6.23,-26.94
140,-79.01,-5.15,25.58,-1.89
141,-61.53,-5.28,33.63,5.82
142,-21.15,-3.09,39.46,6.94
143,-32.27,1.97,111.32,3.48
144,-66.69,16.53,109.58,-3.54
145,-39.77,0.67,-78.68,3.35
146,-15.25,7.95,-6.18,7.22
147,-25.97,21.64,25.24,2.63
148,-16.01,33.32,29.74,9.4
149,-40.41,-0.16,31.0,28.49
150,66.56,19.24,22.08,-48.82
151,-166.63,3.76,47.92,22.13
152,-22.55,31.38,109.04,14.56
153,-35.83,3.13,-13.86,7.99
154,-42.42,-24.12,15.63,13.74
155,-33.73,-15.49,36.69,5.22
156,-35.48,24.93,66.76,7.97
157,-39.67,28.94,15.98,0.7
158,-39.36,15.5,45.48,-4.19
159,-37.68,8.47,26.53,25.81
160,-16.36,20.93,39.45,18.59
161,-75.03,22.5,41.09,20.42
162,2.83,25.21,41.77,14.93
163,-12.09,27.21,63.15,42.72
164,16.54,20.63,46.33,11.46
165,-74.63,13.28,32.73,52.33
166,-26.92,11.43,57.7,3.5
167,-58.14,12.21,60.64,27.02
168,-34.12,21.4,54.48,25.42
169,-29.83,23.53,78.05,24.83
170,-34.64,11.56,41.73,17.13
171,-42.71,-7.28,153.64,6.77
172,-32.11,6.54,-65.97,72.72
173,-9.51,24.63,18.78,51.38
174,-25.2,51.58,24.33,58.57
175,-20.34,18.25,29.47,45.82
176,-20.36,28.49,25.95,44.03
177,-9.68,17.84,32.82,40.9
178,-33.16,6.76,45.54,42.95
179,-84.84,20.37,22.88,27.56
180,-40.34,2.84,34.1,33.02
181,-11.26,23.93,32.44,28.91
182,-4.34,20.66,42.51,17.36
183,-31.94,15.03,99.04,30.06
184,-43.41,-5.81,-3.53,-3.49
185,-23.52,7.21,55.9,40.13
186,-10.73,12.71,-1.1,23.16
187,-29.85,-5.32,22.94,3.04
188,-33.8,3.71,35.36,7.4
189,-16.59,16.79,30.64,3.91
190,-19.48,8.98,33.27,4.42
191,-10.33,2.31,35.07,-3.1
192,-57.6,-3.14,31.41,4.99
193,-11.28,7.72,38.27,5.97
194,-23.82,-3.55,36.07,4.08
195,-15.05,18.9,34.77,2.58
196,-2.64,31.76,37.97,3.56
197,-9.56,7.53,35.05,0.66
198,-15.7,52.1,34.01,-0.17
199,-3.58,55.38,34.78,3.5
200,-25.66,-4.3,35.5,-5.11
201,-10.62,-16.41,36.15,6.46
202,15.05,68.89,37.09,-0.37
203,-8.63,64.36,34.5,5.01
204,-16.61,-15.37,37.77,1.84
205,11.74,43.83,40.08,5.04
206,-17.65,104.7,32.46,1.98
207,41.46,188.98,17.71,-0.6
208,-47.79,8.09,30.64,18.07
209,30.55,124.92,9.82,20.44
210,-83.15,38.19,59.75,-15.23
211,-34.54,-93.53,30.77,-28.92
212,-56.6,-79.1,-2.67,15.74
213,18.39,141.13,53.25,13.89
214,107.91,3.21,41.64,2.36
215,-19.44,-34.61,50.41,1.41
216,-24.21,55.57,-15.9,10.37
217,133.16,30.72,41.45,-39.61
218,-70.94,18.02,52.99,12.82
219,-101.53,-25.53,43.26,34.4
220,-5.6,57.51,73.55,18.18
221,-47.62,97.23,16.08,17.2
222,-36.11,130.85,29.12,34.14
223,-49.25,177.36,35.45,35.32
224,-58.59,-204.57,-19.39,-3.26
225,-1.69,-125.99,66.69,-9.85
226,1.3,70.67,-8.53,24.04
227,-41.91,13.95,5.96,19.78
228,-42.68,181.16,43.34,35.8
229,58.08,273.7,41.53,40.74
230,-180.9,-261.49,-2.95,1.24
231,-99.16,-111.87,-36.89,23.56
232,56.92,37.23,40.0,25.3
233,46.81,57.84,45.87,15.08
234,-62.36,34.29,55.23,15.9
235,-44.83,65.89,23.08,22.96
236,-56.23,6.96,-19.66,-25.42
237,-63.64,4.21,2.56,64.31
238,-60.85,41.25,20.53,161.93
239,-49.13,62.09,45.49,-92.5
240,-21.38,102.96,-1.56,7.44
241,-94.09,111.66,60.19,306.94
242,-78.12,-94.54,-11.7,-125.61
243,-55.37,-56.0,31.94,-13.18
244,-64.2,8.95,47.91,24.8
245,-100.69,1.32,-20.92,16.81
246,-104.08,41.73,-35.9,-0.55
247,-37.52,84.04,-75.52,-66.47
248,-48.59,44.49,77.89,96.52
249,-11.41,6.03,21.12,96.41
250,-14.87,36.56,8.58,-23.48
251,-89.7,-10.4,-22.0,197.64
252,-76.54,-18.48,51.29,-20.03
253,-58.76,4.04,-15.03,-53.73
254,-58.2,9.16,-38.5,-13.99
255,-48.4,59.13,104.83,44.08
256,-45.69,49.25,-8.41,-57.73
257,-69.02,-54.58,52.15,92.85
258,-81.2,34.73,128.14,210.51
259,-91.78,88.93,-33.11,-188.72
260,-27.26,134.96,7.47,10.56
261,-46.04,-84.93,-81.05,9.62
262,-95.89,-81.33,71.34,211.27
263,-43.79,78.89,28.51,41.27
264,-80.96,23.5,45.64,-150.6
265,-94.45,-49.56,25.48,3.23
266,-46.54,-20.46,34.91,113.93
267,-68.77,13.78,21.27,-138.21
268,-126.22,-13.18,12.18,-47.28
269,-45.34,-44.95,21.64,88.67
270,-30.16,32.31,21.41,16.56
271,-83.72,11.27,-32.02,-67.53
272,-59.21,104.04,-21.34,-185.92
273,-79.82,-40.66,91.25,164.55
274,-82.06,-106.7,-27.36,-29.45
275,-74.89,-14.97,-8.74,19.73
276,-35.03,17.73,87.9,96.44
277,-55.52,51.91,20.49,3.48
278,-76.93,-0.6,63.66,126.34
279,-34.97,-31.06,-82.23,-296.7
280,-61.79,-14.24,75.28,57.87
281,-56.29,-0.02,13.55,-6.73
282,-42.53,36.77,-5.32,-65.88
283,-34.14,-7.35,27.1,-38.31
284,-93.64,-11.04,27.65,73.75
285,-39.36,-1.32,42.52,91.66
286,37.22,94.33,-7.29,26.11
287,-44.88,-8.48,105.55,-73.17
288,-15.78,86.11,-36.7,-146.95
289,-58.08,-43.43,106.36,437.77
290,-54.14,-66.93,22.49,-194.01
291,-41.04,-168.88,77.06,72.9
292,-27.93,21.27,-52.93,-48.07
293,-23.74,89.97,86.2,44.02
294,-29.06,5.29,-7.72,-18.85
295,-29.97,33.56,-8.23,-22.29
296,-22.08,74.41,55.19,-80.34
297,-45.31,-4.54,86.13,117.0
298,-47.71,-4.31,41.97,42.44
299,-40.19,-9.87,32.59,26.5
300,-27.07,55.15,128.62,114.12
301,-45.61,-7.88,116.49,-10.05
302,-44.67,70.87,-63.57,-111.72
303,-40.05,18.8,23.28,148.42
304,-29.27,-31.85,71.82,-117.7
305,-53.54,24.0,-11.73,-121.8
306,-0.34,70.45,96.35,25.24
307,-33.29,30.87,26.68,110.91
308,-58.72,-18.56,46.57,116.82
309,-53.03,-53.12,25.85,71.94
310,-20.52,22.46,-5.23,-198.87
311,-0.69,22.98,111.06,92.92
312,-50.25,57.81,14.48,-34.02
313,-49.42,10.76,53.61,83.76
314,-20.21,36.4,37.46,-69.53
315,-42.33,48.73,45.06,-7.23
316,-4.14,-19.79,28.16,-102.89
317,-7.56,21.61,87.17,89.16
318,-25.01,34.44,17.59,-42.5
319,-5.69,-41.9,5.42,38.34
320,5.68,30.8,78.9,-82.52
321,-3.02,36.88,68.49,46.03
322,21.52,29.37,3.82,-63.58
323,33.74,3.4,24.07,87.33
324,9.88,20.44,-1.99,-34.84
325,0.98,-16.55,69.42,9.44
326,12.65,-77.28,73.67,-144.16
327,22.07,55.71,93.6,386.25
328,-14.73,-35.21,-39.33,-257.05
329,68.42,175.4,24.48,-114.23
330,31.55,105.62,36.2,12.29
331,-66.89,-152.49,14.51,58.9
332,24.83,36.43,1.97,-58.88
333,11.52,-76.78,-8.76,-102.2
334,-11.0,-61.55,22.99,2.5
335,4.89,25.84,52.94,48.27
336,-5.19,-93.09,31.6,-45.63
337,30.91,87.42,16.99,-111.6
338,19.52,53.73,-46.88,-2.32
339,-2.44,-16.62,51.53,-109.4
340,3.53,-58.47,-4.8,-72.12
341,-23.1,-46.01,44.33,-12.81
342,-17.75,8.41,-6.34,-7.54
343,5.57,35.07,4.51,-41.4
344,12.79,40.62,32.19,52.7
345,9.04,-25.13,29.57,-26.38
346,-28.69,3.72,-8.58,-60.33
347,-28.31,7.64,40.06,-28.34
348,-2.66,73.31,44.48,-38.79
349,-21.29,-43.3,43.06,-24.89
350,-30.0,-19.44,18.35,130.13
351,2.55,52.03,49.8,-52.97
352,19.39,-16.94,85.51,61.37
353,0.82,101.8,97.41,303.15
354,5.31,8.96,20.26,-198.79
355,-31.5,-36.46,53.24,69.91
356,12.87,63.69,100.12,25.99
357,23.96,76.28,52.54,-94.88
358,-10.29,-31.47,78.83,27.28
359,5.15,1.39,17.55,-21.75
360,25.12,90.96,78.98,14.88
361,21.79,67.14,93.01,58.15
362,34.89,26.19,109.61,232.5
363,24.53,79.6,23.91,-47.95
364,11.17,51.54,66.76,15.14
365,1.51,78.64,74.05,5.29
366,34.49,72.5,74.7,54.29
367,-14.35,-114.84,61.07,-11.94
368,-23.9,57.49,56.6,214.63
369,26.09,103.2,30.85,-61.77
370,32.52,76.84,100.74,49.34
371,-6.49,-70.85,29.0,-89.04
372,-3.65,-24.83,67.49,141.54
373,6.59,56.74,47.07,132.32
374,11.34,140.07,82.69,72.8
375,45.34,164.58,29.69,-115.96
376,9.24,-12.75,70.08,54.34
377,-13.62,-20.53,37.59,-53.7
378,-35.61,-70.69,21.63,-6.72
379,-33.75,-108.06,9.99,-20.38
380,-16.26,51.53,41.75,-155.29
381,-20.07,50.47,74.65,84.36
382,-30.55,-20.95,50.4,66.71
383,-9.44,9.94,12.18,-32.75
384,-24.56,-14.8,-43.78,-107.44
385,-45.38,-51.44,15.49,44.3
386,-14.02,-30.18,68.52,64.01
387,-30.44,-31.27,22.69,80.06
388,-43.01,28.02,32.95,-145.8
389,-16.38,10.63,1.74,-33.12
390,-22.3,54.96,35.05,-128.71
391,-7.02,76.82,5.65,13.2
392,-61.46,-100.81,41.16,29.46
393,-37.23,-64.07,11.7,-74.31
394,-35.67,31.44,0.39,-14.17
395,-24.71,-22.22,85.01,188.37
396,-15.42,18.0,5.41,-167.01
397,-21.7,29.18,14.25,0.99
398,-42.32,-24.7,38.31,-61.96
399,-32.35,-1.87,26.22,2.95
400,-20.12,23.37,18.14,12.48
401,-20.06,30.48,7.75,-35.23
402,-30.03,-36.66,70.32,-54.97
403,-6.56,7.58,44.16,96.02
404,-27.37,-21.03,-6.2,-28.4
405,-27.83,43.0,71.66,6.93
406,-11.07,28.95,-1.57,-34.04
407,-6.63,54.72,75.15,45.49
408,-45.09,43.86,50.22,49.21
409,-24.25,-60.23,3.41,-86.97
410,-21.29,7.72,103.31,189.44
411,-30.25,67.19,39.78,-29.74
412,-41.49,39.1,25.83,11.89
413,-25.2,41.34,65.35,52.97
414,-26.09,55.53,30.72,-24.68
415,-40.37,-12.05,78.2,36.76
416,-43.66,-0.0,5.09,-6.53
417,-63.9,16.56,61.28,36.55
418,-73.63,-16.22,50.01,-61.44
419,-44.95,56.98,36.45,1.11
420,-46.86,20.65,71.97,121.97
421,-65.14,14.1,97.31,60.67
422,-71.04,25.48,39.17,41.25
423,-36.72,113.29,6.83,-2.35
424,-69.67,26.76,21.91,14.39
425,-76.63,-39.09,80.36,68.45
426,-82.47,20.1,30.26,-19.43
427,-59.09,30.06,92.79,22.53
428,-88.5,44.91,8.2,78.17
429,-71.78,64.45,15.02,-34.49
430,-85.83,5.64,11.93,23.55
431,-120.39,-27.38,66.04,273.56
432,-101.88,47.24,34.87,-95.29
433,-88.9,-59.65,50.34,-29.89
434,-100.66,68.96,25.53,-34.97
435,-115.47,-24.01,24.59,25.69
436,-88.56,-8.67,25.5,62.3
437,-92.56,54.4,92.89,305.5
438,-105.49,16.48,1.05,-69.9
439,-66.39,125.11,19.43,-49.81
440,-102.59,-16.48,9.28,-49.32
441,-173.53,-88.54,27.88,-10.94
442,-120.67,7.78,18.9,21.69
443,-93.48,-6.88,16.67,6.16
444,-100.29,13.19,11.63,106.49
445,-94.22,-21.8,25.97,-128.16
446,-84.41,-24.97,82.9,98.6
447,-97.18,9.29,13.07,-71.65
448,-92.67,1.14,45.41,-25.21
449,-75.2,26.85,-25.69,-51.97
450,-74.16,-21.47,-49.98,13.39
451,-82.38,-46.66,31.57,-34.09
452,-71.62,27.54,-9.9,13.34
453,-47.85,13.68,55.34,93.44
454,-64.8,22.06,-6.91,-85.28
455,-58.99,53.1,5.04,-46.97
456,-41.22,18.85,33.66,33.23
457,-47.78,42.68,17.04,-30.69
458,-54.6,-39.06,-15.76,-63.22
459,-38.61,10.04,21.75,66.06
460,-31.26,-36.47,-2.08,-62.17
461,-43.9,27.39,11.09,-13.03
462,-37.22,3.12,39.91,6.9
463,-41.06,-5.31,-12.59,-60.49
464,-19.59,45.99,10.12,3.29
465,-16.07,-19.31,24.9,45.92
466,22.73,28.52,32.03,-46.1
467,31.34,72.26,57.24,24.25
468,13.45,44.85,10.55,-41.18
469,16.79,9.3,19.26,57.69
470,11.12,-4.65,52.21,9.73
471,42.03,78.61,13.63,-21.51
472,51.77,-18.26,71.66,-27.15
473,64.33,-9.52,-4.08,-34.96
474,38.84,56.62,10.09,-29.66
475,61.49,31.05,55.72,-25.15
476,78.32,-37.07,79.07,98.87
477,85.89,46.64,-29.63,-95.93
478,66.99,71.0,23.36,-0.96
479,85.22,66.08,42.64,102.75
480,109.47,51.38,16.67,-94.33
481,134.86,120.09,46.14,68.91
482,94.96,50.25,9.62,-118.58
483,27.36,-98.34,31.62,24.71
484,67.57,44.23,52.03,0.12
485,64.89,-17.13,12.34,27.89
486,87.31,16.98,37.66,-31.49
487,85.94,58.34,39.53,-29.22
488,76.53,14.58,82.28,44.76
489,102.19,40.3,16.03,-11.89
490,81.27,-3.41,31.01,-15.46
491,53.15,30.87,32.15,-14.36
492,84.38,9.8,-5.79,-52.71
493,100.88,52.44,111.55,1.3
494,55.27,-4.79,0.45,6.23
495,66.53,9.45,4.88,-44.88
496,96.06,12.08,50.22,170.16
497,89.52,64.98,-2.55,-165.05
498,78.65,36.92,24.16,15.02
499,79.74,-42.96,73.04,-4.0
500,64.67,133.64,47.79,-85.28
501,57.65,-84.07,96.06,-21.95
502,49.65,3.97,4.16,19.62
503,95.28,49.22,-4.19,-34.65
504,81.69,-104.32,22.39,-31.57
505,70.66,29.64,14.1,2.42
506,67.96,65.81,42.54,6.68
507,77.63,23.35,58.97,5.96
508,74.42,11.76,27.69,19.51
509,91.32,63.2,17.57,-96.92
510,61.33,0.8,58.02,-29.35
511,77.09,-11.71,16.85,-36.24
512,107.04,82.69,31.47,15.28
513,88.46,-36.15,58.53,16.69
514,52.07,-18.02,21.04,67.27
515,63.26,10.85,71.59,-86.07
516,98.24,49.65,71.71,6.37
517,94.42,66.69,-0.81,-130.51
518,72.55,-0.34,51.43,160.28
519,107.55,18.92,35.2,-54.16
520,90.97,-82.6,40.6,-30.35
521,46.01,76.09,34.18,-55.81
522,60.19,73.24,53.34,4.56
523,103.13,76.53,53.16,-0.21
524,110.97,106.02,31.05,-16.44
525,66.11,-39.81,46.65,55.67
526,105.04,16.18,59.6,-11.39
527,72.96,-7.71,74.57,63.0
528,51.67,-2.66,61.06,-71.01
529,70.95,18.73,8.47,-47.26
530,75.06,-40.68,46.57,14.27
531,68.35,18.99,71.62,-115.87
532,67.92,-30.4,34.33,95.35
533,97.45,74.08,19.76,-38.78
534,92.99,77.02,32.84,-30.64
535,63.21,2.47,27.7,17.15
536,89.65,-30.92,41.71,-23.02
537,90.66,116.86,30.7,-17.99
538,93.94,70.65,53.33,1.53
539,77.06,-20.68,53.42,14.41
540,70.65,19.08,38.47,75.66
541,54.42,0.24,56.42,-44.76
542,75.98,7.34,49.07,-39.79
543,95.77,68.13,34.55,-23.05
544,53.09,38.81,62.26,91.32
545,10.98,59.54,85.29,-106.77
546,53.33,114.75,31.99,125.58
547,26.73,1.65,60.97,-49.85
548,23.47,-44.56,45.33,-92.18
549,31.2,12.78,72.96,121.86
550,45.17,-0.17,84.85,-40.26
551,15.05,48.41,6.88,37.57
552,19.99,-12.1,52.21,119.25
553,17.24,-90.11,38.26,-40.14
554,8.56,112.09,60.3,-10.52
555,4.54,-0.11,66.13,-31.4
556,5.79,36.99,8.37,-74.51
557,21.58,26.03,40.66,77.9
558,-35.45,93.78,71.91,24.84
559,-37.98,18.77,47.65,6.33
560,-6.74,58.76,52.15,66.0
561,-44.21,60.64,29.36,-16.39
562,11.83,31.21,58.99,31.04
563,-67.73,-80.83,28.56,9.9
564,-28.07,17.84,49.85,68.17
565,-14.47,9.94,28.91,50.49
566,-52.84,-79.15,35.64,-29.07
567,-113.83,-37.91,37.86,3.86
568,-79.66,43.37,34.96,-20.68
569,-81.13,-20.76,24.85,24.39
570,-61.68,-34.78,55.51,22.71
571,-79.36,72.54,94.93,22.43
572,-79.06,85.73,-6.21,81.44
573,-134.09,-97.0,59.9,-20.7
574,-137.71,-15.49,85.72,-7.99
575,-121.74,46.04,-22.24,26.51
576,-106.1,-33.32,13.07,77.0
577,-117.55,-13.96,26.63,75.46
578,-130.31,47.6,30.79,97.54
579,-90.54,9.0,132.47,-85.61
580,-67.55,-27.75,-14.05,30.24
581,-60.81,-55.38,18.31,37.93
582,-84.31,54.83,25.12,82.03
583,-60.15,25.79,17.57,-26.33
584,-53.75,17.29,17.38,-41.05
585,-76.93,90.92,56.86,139.3
586,-66.89,-54.97,35.26,-16.65
587,-64.02,-2.52,27.74,-13.39
588,-60.61,-112.26,37.02,-29.8
589,-28.94,136.6,30.08,49.36
590,-43.94,20.29,37.93,44.64
591,-45.74,-56.08,25.19,-4.9
592,-37.56,-43.12,59.57,-12.26
593,-33.82,-76.01,49.58,150.36
594,-50.67,74.23,52.66,-59.99
595,-49.39,49.6,86.36,1.32
596,-26.18,23.87,106.82,17.45
597,-42.6,0.3,-50.07,9.27
598,-60.2,26.05,56.84,74.49
599,-48.66,34.03,5.11,67.66
600,-53.36,29.23,46.28,-11.08
601,-38.18,-10.93,19.9,5.52
602,-51.48,-27.98,37.35,144.55
603,-30.55,14.07,16.33,-110.52
604,-56.14,-31.09,24.44,-5.22
605,-42.86,-37.73,31.95,39.51
606,-13.28,23.98,25.27,38.11
607,-30.7,68.95,30.36,-10.88
608,-22.01,48.35,8.28,45.51
609,-22.92,-80.89,21.82,-40.37
610,-29.59,70.96,15.82,25.24
611,-41.07,5.39,13.45,-23.8
612,0.2,-47.67,15.35,-48.79
613,-9.33,-31.83,19.19,58.5
614,-22.6,-69.84,64.73,-49.13
615,-2.9,35.94,-7.39,-85.17
616,15.59,48.91,29.43,-28.67
617,56.45,50.05,-10.3,26.91
618,-25.02,-110.0,4.06,-2.31
619,-12.99,-12.51,33.01,74.02
620,-15.62,67.25,-3.81,-69.37
621,-6.43,-62.47,6.07,-56.98
622,-12.93,-140.97,11.92,-23.53
623,19.66,4.45,31.62,-34.26
624,13.78,111.13,67.02,80.55
625,8.07,2.13,-28.06,-77.43
626,23.54,-14.61,-5.86,-52.63
627,17.44,-23.37,24.76,-22.86
628,-5.6,84.9,31.05,-5.95
629,29.97,-50.17,34.05,-32.05
630,29.18,26.01,24.49,-28.2
631,-11.08,-11.39,24.06,-2.76
632,-1.72,-22.99,42.01,0.99
633,22.32,34.51,25.65,7.1
634,-2.13,-71.6,100.03,89.27
635,20.09,103.72,115.02,16.39
636,13.81,190.71,-0.31,-28.14
637,19.52,-110.66,49.96,23.25
638,-13.53,-50.81,51.01,71.33
639,13.37,118.39,48.07,-40.04
640,19.53,13.34,65.01,40.26
641,3.12,-12.8,63.7,42.61
642,14.22,90.59,63.52,29.26
643,20.83,52.51,63.12,22.32
644,-2.59,34.78,88.05,21.8
645,7.99,28.69,68.32,11.89
646,14.19,25.93,38.37,69.05
647,5.66,72.97,65.26,28.98
648,-15.31,25.35,65.02,58.34
649,-4.16,43.83,65.11,32.15
650,9.46,55.57,68.57,219.65
651,-16.77,-22.18,54.13,-31.98
652,-16.49,95.1,42.03,-3.62
653,17.55,19.76,40.14,6.75
654,-27.1,1.63,57.74,25.29
655,4.26,55.56,21.21,18.03
656,13.37,76.05,54.38,24.59
657,21.28,75.44,32.35,42.69
658,-6.22,-28.43,38.5,4.84
659,4.5,-15.53,39.95,4.75
660,27.31,15.43,21.45,-12.33
661,6.06,12.9,38.63,19.34
662,16.91,-76.45,63.28,-15.87
663,17.59,11.69,48.03,-14.78
664,20.21,-13.3,-12.11,54.9
665,5.09,-59.05,9.71,-50.95
666,18.66,-68.01,-2.29,-47.97
667,28.73,57.94,12.87,-28.43
668,20.96,-36.46,46.24,-5.85
669,38.29,84.17,6.84,-45.32
670,38.71,25.19,7.56,-61.11
671,3.57,-41.09,4.95,23.18
672,27.25,-119.29,35.12,-64.14
673,41.94,89.43,-1.19,17.66
674,25.5,-15.64,22.55,-55.42
675,4.51,-76.01,-5.93,-51.24
676,35.41,17.31,25.61,-1.75
677,16.04,-32.28,1.72,107.16
678,11.8,44.04,28.95,-113.09
679,55.48,152.12,37.24,-42.21
680,8.11,0.26,36.73,51.32
681,-9.92,-87.33,21.2,-51.34
682,5.03,-56.59,46.17,-12.8
683,14.42,132.01,35.82,-18.69
684,-14.9,-45.03,39.65,-5.87
685,-9.3,8.48,98.94,-68.7
686,1.97,14.58,119.52,65.5
687,0.5,-5.35,-41.95,41.05
688,-22.48,-19.27,42.66,17.76
689,-26.2,52.97,45.43,142.75
690,-9.76,7.89,55.73,-73.58
691,-24.8,79.21,59.3,12.3
692,101.15,-62.74,57.71,35.87
693,-6.43,16.65,40.24,-2.37
694,-74.18,65.99,48.38,-6.76
695,-80.85,195.2,73.5,97.09
696,-61.56,98.97,44.12,72.62
697,-34.58,1.91,75.89,19.1
698,-39.58,51.01,52.61,24.3
699,11.55,67.66,39.98,4.01
700,-76.29,-183.48,99.61,79.23
701,-94.75,-162.01,42.0,105.31
702,-35.67,127.65,75.22,0.74
703,-16.35,65.76,8.9,-35.8
704,-30.32,53.81,38.86,-19.81
705,-11.22,-35.61,51.32,148.52
706,-21.91,97.82,37.61,-77.56
707,-17.07,62.82,39.94,26.36
708,-13.76,-13.19,47.55,69.93
709,-48.07,-16.61,34.81,-9.4
710,-15.26,-72.55,123.53,-22.45
711,9.99,19.08,46.87,19.3
712,-8.4,5.29,-24.77,53.95
713,-19.11,-14.85,8.88,-44.21
714,-23.32,11.85,16.47,40.38
715,-3.93,176.54,30.87,21.85
716,15.77,-56.86,24.48,-61.42
717,2.03,-15.21,34.76,-9.99
718,-17.38,-93.46,34.21,38.62
719,10.5,-39.1,52.05,-44.3
720,30.64,94.8,9.94,-17.45
721,20.03,68.58,6.87,-7.42
722,-14.45,-82.95,54.03,90.96
723,10.46,52.65,16.0,-57.94
724,8.44,22.16,29.55,-11.13
725,6.67,-19.83,29.14,-22.32
726,14.48,29.45,34.32,-25.49
727,-5.79,8.29,49.25,-26.36
728,-4.07,-11.98,19.12,9.31
729,-4.94,-57.71,27.34,-33.08
730,15.58,-6.24,40.25,184.58
731,-19.27,1.57,80.34,-166.96
732,20.64,79.62,17.33,2.26
733,49.59,-47.31,16.41,-26.08
734,-8.68,55.31,26.49,115.8
735,-15.08,127.03,25.54,-67.98
736,-21.7,-72.88,33.37,-19.09
737,7.89,-3.29,88.26,-12.36
738,2.35,23.79,74.13,-44.45
739,4.47,-44.04,-22.98,11.35
740,23.03,11.45,14.68,32.91
741,3.05,51.02,49.27,6.74
742,4.26,47.18,22.62,86.04
743,-4.1,-0.82,23.07,-72.71
744,-2.45,-17.01,45.05,4.42
745,13.69,23.17,31.22,103.91
746,20.11,7.08,46.46,-73.49
747,10.97,-20.0,29.71,-41.19
748,41.06,58.98,53.62,-30.08
749,81.84,37.72,25.04,-21.71
750,-40.38,34.68,53.84,28.59
751,-41.72,36.28,39.08,-19.88
752,-1.29,-20.82,57.33,28.48
753,33.51,11.21,65.39,65.03
754,-1.46,29.36,34.18,14.92
755,4.2,-29.79,33.25,-44.04
756,48.78,103.88,39.29,77.97
757,-9.46,16.88,12.44,-52.13
758,2.0,84.29,32.39,-25.93
759,26.22,-3.22,66.73,17.45
760,10.39,-55.51,14.83,-12.47
761,-4.53,17.27,79.51,42.28
762,12.17,61.31,53.25,62.05
763,28.05,-1.6,-28.33,-148.32
764,-10.17,12.42,31.46,21.52
765,13.34,71.2,38.85,61.42
766,33.76,40.56,19.42,-39.3
767,23.22,-12.15,63.65,127.19
768,27.91,39.19,21.72,-51.15
769,-4.95,-81.09,43.32,-76.17
770,2.48,-49.92,50.88,77.26
771,-1.2,111.37,14.61,-79.43
772,30.84,12.43,9.19,-17.64
773,17.95,49.14,39.64,-7.5
774,18.41,31.88,20.17,-14.46
775,1.25,0.87,117.3,-5.87
776,46.8,8.23,31.92,-33.36
777,20.6,12.76,10.17,100.2
778,-7.64,33.98,36.79,46.73
779,4.02,22.23,18.34,-4.72
780,13.39,50.07,27.73,-33.14
781,-10.28,-2.81,35.39,-26.56
782,33.36,76.53,37.6,-1.88
783,21.89,45.88,24.63,-39.04
784,-24.68,-26.17,105.18,122.89
785,-0.33,-94.72,15.5,-71.7
786,11.58,106.65,79.3,-4.79
787,11.41,39.23,4.29,-11.8
788,7.02,30.87,14.67,-83.16
789,28.53,61.92,59.94,113.23
790,16.48,91.81,30.78,-8.6
791,-3.67,-11.23,37.16,1.07
792,7.92,30.63,43.85,77.32
793,-27.95,9.04,52.57,66.62
794,-29.1,76.51,52.21,-5.38
795,-16.35,-47.75,44.77,-63.22
796,4.73,26.27,48.98,7.69
797,2.29,50.88,27.41,26.43
798,-14.46,10.36,71.65,-3.9
799,-3.11,-15.46,10.86,-36.6
800,-9.92,79.27,39.95,47.5
801,-18.33,25.36,38.47,11.65
802,1.6,-15.86,49.37,4.4
803,-5.67,-24.37,39.69,-1.09
804,-29.16,42.49,61.36,17.14
805,-23.15,44.58,34.86,41.69
806,-4.68,64.38,66.91,-23.65
807,-25.12,5.63,54.11,-43.61
808,-21.0,4.06,-0.61,6.24
809,-2.06,26.15,28.4,8.2
810,-20.55,15.78,34.2,22.33
811,-22.38,3.86,50.74,23.27
812,-15.75,66.21,25.68,46.98
813,-24.11,65.3,44.48,11.39
814,-6.37,0.13,40.33,-15.75
815,-34.57,-16.44,20.1,-12.54
816,-23.62,0.37,26.27,49.84
817,-14.97,11.25,35.09,-43.43
818,-43.08,-40.13,28.91,21.67
819,-11.02,49.35,51.63,-4.59
820,-26.36,68.79,25.08,-18.76
821,-42.09,-49.28,19.39,-0.35
822,-22.35,4.99,38.85,-7.28
823,-9.09,57.52,26.94,-29.31
824,-13.05,-16.63,47.33,25.91
825,-37.64,3.24,54.64,95.87
826,-20.63,-26.7,17.04,-53.61
827,-21.71,4.47,19.17,-8.3
828,-32.77,49.33,15.53,-11.22
829,-22.51,-4.09,46.36,31.54
830,-23.23,28.25,42.99,106.12
831,-25.51,145.79,32.4,-74.32
832,-38.71,-61.48,54.33,43.14
833,-30.93,-36.17,33.05,-18.32
834,-46.67,-63.25,31.31,-1.38
835,-30.74,63.88,57.81,39.69
836,-9.31,48.56,36.52,-3.09
837,-38.3,-12.71,40.25,10.49
838,-39.29,-6.21,40.21,8.82
839,-24.95,21.75,42.17,37.33
840,-38.28,-28.93,47.18,1.57
841,-32.22,111.19,44.42,-50.03
842,-0.44,51.59,43.38,41.83
843,-49.17,33.33,45.32,39.75
844,-42.41,0.57,31.86,4.78
845,-28.47,32.69,61.78,29.0
846,-26.81,-32.18,31.94,30.07
847,-41.18,5.84,35.93,49.42
848,-45.62,58.16,45.67,46.1
849,-24.29,-36.54,23.33,-13.58
850,-35.24,-49.18,-0.84,15.89
851,-46.16,48.33,83.34,35.06
852,-27.78,79.15,100.88,-6.31
853,1.21,22.88,-9.79,-13.79
854,-41.47,13.39,20.36,-1.64
855,-62.16,-118.53,28.77,-11.55
856,-28.97,85.18,33.94,-3.12
857,-24.04,66.33,69.54,50.97
858,-48.47,47.43,14.12,22.79
859,-23.85,-44.6,27.76,-52.09
860,-7.34,26.03,32.85,40.96
861,-6.77,44.5,29.08,-1.7
862,-53.52,14.24,34.26,53.67
863,-46.16,-27.82,34.33,-3.17
864,-31.98,0.48,19.89,25.76
865,-28.59,89.19,48.34,65.34
866,-13.6,-105.7,23.91,-53.33
867,-20.52,38.3,21.55,22.86
868,-19.52,55.11,36.04,-36.85
869,-37.8,-19.63,41.76,-18.46
870,-46.54,18.92,27.27,58.12
871,-42.66,-2.75,21.29,-0.39
872,-16.77,-21.61,43.21,22.83
873,-27.16,56.31,33.61,1.07
874,-36.03,60.4,69.21,19.74
875,-43.09,-31.98,75.28,-7.24
876,-41.79,-20.14,11.75,11.3
877,-35.93,15.29,25.26,121.5
878,-41.68,30.22,6.74,-80.98
879,-42.42,84.24,31.72,-18.5
880,-34.84,-47.61,35.42,23.9
881,-11.63,-21.37,44.95,14.33
882,-5.7,18.5,8.69,47.15
883,-22.3,-75.25,60.81,77.83
884,-32.68,154.33,34.95,-26.74
885,-55.0,7.1,33.8,-4.26
886,-46.16,-55.88,33.67,0.86
887,-32.91,34.79,34.35,47.79
888,-34.35,-5.98,38.74,-15.13
889,-3.58,55.39,42.95,29.67
890,-25.81,44.57,53.06,-8.6
891,-54.78,-40.37,9.87,-39.79
892,-26.72,34.1,33.68,21.01
893,-19.0,82.71,40.44,21.7
894,-43.29,-35.24,77.85,16.98
895,-25.72,-13.27,25.67,20.72
896,-10.77,33.06,58.2,-38.9
897,-29.52,51.28,41.88,116.67
898,-35.9,-60.7,-23.49,-31.66
899,-15.06,11.76,18.79,0.88
900,-31.34,44.29,21.84,-22.92
901,-35.63,-20.69,30.77,57.07
902,-32.4,7.69,20.52,-56.83
903,-15.91,9.27,44.01,101.9
904,-29.42,27.62,15.43,-90.03
905,-28.94,-18.9,34.86,15.31
906,0.15,96.12,36.03,21.1
907,-31.14,-4.96,14.96,10.62
908,-37.96,-10.83,49.86,16.7
909,-20.69,48.7,30.85,-9.24
910,-22.13,-37.23,29.84,-6.05
911,-33.58,7.81,26.22,-8.34
912,-12.99,16.51,35.77,42.0
913,2.27,50.34,31.18,29.03
914,-29.38,6.92,41.94,16.49
915,-52.91,-69.95,34.87,-48.71
916,-19.22,56.06,23.44,44.25
917,-5.69,37.26,26.15,-35.44
918,-34.42,20.07,27.3,16.78
919,-19.44,-18.89,34.68,0.61
920,-9.91,-14.0,71.84,28.62
921,-18.67,86.17,23.38,19.08
922,-30.68,65.85,12.41,-13.68
923,-13.23,-36.17,27.52,-8.48
924,-26.92,7.32,65.82,9.31
925,-34.69,-20.86,41.38,-8.02
926,-9.14,27.54,-9.43,9.95
927,0.15,-21.41,30.94,-8.33
928,-30.93,3.21,30.49,71.47
929,-25.69,8.12,33.21,-6.05
930,-17.57,16.92,27.77,-20.58
931,-26.17,3.96,33.29,-0.35
932,-22.6,19.32,25.55,12.24
933,-13.31,56.79,38.1,12.29
934,-35.01,-43.95,32.94,4.65
935,-15.25,25.63,24.96,-14.44
936,-16.95,23.26,40.39,15.36
937,-40.69,33.03,39.18,21.6
938,-17.97,33.77,53.03,-22.89
939,-29.46,-13.8,16.1,22.23
940,-19.47,-7.72,58.49,37.61
941,-46.38,4.89,7.95,-28.11
942,-29.73,-19.71,26.91,0.77
943,-11.27,34.8,40.75,48.15
944,-21.9,-1.51,30.54,-25.7
945,-30.98,4.9,33.02,20.05
946,-11.98,53.36,42.03,-24.94
947,-25.38,5.28,63.18,20.99
948,-38.43,25.73,13.16,2.48
949,-27.41,-28.0,26.2,2.33
950,-15.83,47.06,26.39,8.54
951,-32.71,25.88,40.36,19.02
952,-23.38,14.79,35.87,20.33
953,-5.35,23.04,32.92,-19.3
954,-19.06,38.52,37.51,-2.62
955,-28.49,-0.2,20.69,-27.67
956,-14.94,-35.4,42.78,23.0
957,-22.7,35.67,47.89,65.64
958,-38.07,-3.01,56.33,-49.25
959,-5.1,39.93,75.95,21.98
960,-22.33,12.97,-9.07,0.78
961,-36.19,36.5,20.18,6.69
962,-15.12,11.75,32.23,9.05
963,-4.6,4.37,37.47,20.39
964,-23.09,66.48,30.51,-1.22
965,-27.72,-47.98,40.5,7.38
966,-12.3,98.62,40.36,23.47
967,-23.57,34.76,28.45,16.84
968,-23.27,-8.19,37.68,-0.13
969,0.34,47.98,43.85,9.75
970,-28.09,40.34,36.49,-27.39
971,-52.85,-39.04,46.19,15.64
972,-16.99,-47.7,60.61,25.12
973,-0.94,36.96,22.34,28.38
974,2.95,126.82,32.86,10.6
975,-36.7,5.79,62.12,22.27
976,-37.41,-53.89,13.61,-9.94
977,-17.64,7.42,32.71,10.75
978,-11.03,128.39,37.59,22.07
979,-17.2,-1.32,46.28,18.28
980,-23.51,-19.36,36.1,0.97
981,-39.4,-0.22,33.72,11.93
982,-17.92,15.52,31.32,0.71
983,-4.62,10.77,46.52,78.69
984,-18.37,19.76,33.01,-29.8
985,-24.83,-7.25,27.69,-19.67
986,-11.86,57.44,26.46,-12.14
987,-25.22,53.54,38.67,7.12
988,-20.61,-17.38,40.73,20.82
989,-17.65,-44.16,41.36,111.56
990,-13.91,29.92,33.99,-39.42
991,6.23,76.77,37.14,-2.88
992,-10.81,44.71,33.03,-9.86
993,-27.45,90.2,26.39,-6.48
994,-21.28,-50.25,62.81,87.19
995,-35.43,-21.21,9.76,-86.72
996,-36.59,-32.41,37.73,64.1
997,-14.65,32.34,32.05,-23.61
998,-18.23,4.15,29.18,-15.47
999,1.77,34.12,16.64,21.5
1000,-7.85,-18.95,36.12,-45.89
1001,-48.25,-6.03,37.03,31.01
1002,-34.41,91.4,55.26,-7.39
1003,-9.96,-29.01,16.31,8.45
1004,-15.74,-62.64,24.78,54.91
1005,-23.22,0.87,73.63,-22.01
1006,1.36,95.86,86.15,-13.47
1007,-13.94,44.34,-23.29,1.79
1008,-25.04,57.16,14.01,25.16
1009,7.81,50.66,31.12,53.24
1010,-55.81,-83.89,17.7,-14.57
1011,-51.23,-10.56,52.3,-2.48
1012,-2.97,28.99,94.79,42.36
1013,-4.43,-12.85,-4.0,-39.97
1014,-7.77,14.9,41.89,-49.36
1015,-30.31,-21.03,74.16,42.58
1016,-5.33,94.95,-21.32,-16.74
1017,17.35,54.87,27.95,152.73
1018,-21.58,-53.71,32.94,-73.06
1019,-36.66,-29.5,54.95,-0.29
1020,-15.66,10.17,77.14,5.73
1021,-20.03,53.9,-1.7,-57.11
1022,-2.86,-13.71,14.11,22.43
1023,-43.54,-16.8,49.39,54.91
1024,-8.71,-2.37,92.63,-18.85
1025,-12.41,72.85,77.79,-3.54
1026,13.99,80.26,9.22,47.39
1027,-17.21,70.9,19.38,-14.61
1028,-37.5,-29.49,58.57,139.5
1029,62.25,116.82,21.91,-96.35
1030,-80.54,-128.83,19.35,5.23
1031,-54.19,-31.68,124.48,-47.91
1032,4.24,40.07,-6.96,79.99
1033,9.45,39.03,-2.46,-24.0
1034,11.09,9.01,32.18,8.46
1035,-27.9,149.26,35.26,-1.2
1036,-17.37,-2.47,38.56,1.7
1037,-52.27,-186.42,56.97,-22.27
1038,-35.39,-20.02,54.72,33.19
1039,-8.11,13.86,27.62,29.2
1040,-6.14,-46.98,96.73,-12.87
1041,-19.61,-45.82,85.43,-12.78
1042,-13.9,67.17,-2.59,-34.27
1043,-9.1,33.44,10.71,114.52
1044,-8.19,35.99,5.05,6.64
1045,11.7,53.01,17.56,-90.45
1046,-3.57,122.25,33.04,-4.66
1047,0.19,40.97,33.25,42.22
1048,-51.09,-129.86,66.47,-12.35
1049,-0.63,-26.96,74.07,89.21
1050,54.85,48.94,-11.19,-58.57
1051,-71.08,-26.83,16.46,-9.79
1052,-42.03,-23.35,34.32,1.52
1053,-2.63,-9.17,35.69,11.02
1054,-6.46,-12.67,58.03,-9.17
1055,4.12,7.58,38.77,45.92
1056,-11.02,48.89,33.38,-38.68
1057,-5.25,-0.58,42.34,-18.58
1058,5.96,56.26,37.55,17.45
1059,-32.55,-57.76,73.63,-22.41
1060,-48.39,0.59,90.14,-3.5
1061,-15.59,31.22,-13.56,40.28
1062,21.06,7.66,23.49,-37.36
1063,-28.72,3.92,19.97,89.29
1064,4.23,11.04,12.59,54.05
1065,-12.33,-6.07,40.73,-73.03
1066,-0.02,38.78,54.29,31.14
1067,-11.22,-30.94,10.44,-15.15
1068,-24.17,-10.41,122.0,0.48
1069,-11.77,-26.27,-9.01,-57.49
1070,-12.44,-50.73,9.91,17.89
1071,10.86,12.14,32.68,-2.15
1072,-28.2,61.54,29.21,-3.67
1073,2.17,-13.68,63.14,32.29
1074,-12.39,-84.2,48.03,-45.86
1075,-5.47,82.14,32.86,82.75
1076,24.92,87.28,32.72,-29.55
1077,-8.79,-49.62,78.1,6.48
1078,-27.28,40.69,5.56,-1.5
1079,-6.41,-47.73,67.31,13.16
1080,-9.07,-33.17,3.1,-7.95
1081,-24.58,-3.34,2.13,-21.79
1082,22.79,65.58,38.09,5.02
1083,-21.28,-33.14,21.61,-12.14
1084,-64.85,-91.37,77.21,106.54
1085,-1.82,71.74,41.02,-93.76
1086,28.91,13.95,34.17,8.58
1087,-22.6,-47.95,102.51,100.2
1088,-11.88,-11.86,-12.83,-78.39
1089,9.13,50.68,9.69,14.13
1090,7.61,22.19,34.65,-36.42
1091,-31.79,63.44,32.82,-24.91
1092,-11.83,-79.86,26.44,14.2
1093,15.92,26.77,59.11,-17.64
1094,-19.09,-3.63,10.71,9.67
1095,-1.38,-10.66,29.54,-7.05
1096,0.13,49.72,94.29,24.2
1097,-1.74,8.99,17.95,50.05
1098,-17.37,-43.39,54.52,-50.5
1099,2.29,-11.75,-14.91,-5.37
1100,-6.94,19.26,20.95,24.22
1101,-35.19,31.36,62.55,17.94
1102,-14.08,-70.04,15.74,10.63
1103,14.24,43.15,49.41,76.27
1104,3.26,33.19,24.42,-75.77
1105,17.51,-11.32,26.7,-28.39
1106,3.04,20.76,57.07,34.91
1107,-13.73,71.96,19.21,-24.83
1108,-41.71,-49.36,66.3,-37.33
1109,-41.25,-37.17,21.62,20.64
1110,18.85,-13.41,30.11,-11.41
1111,-14.75,2.78,40.9,-24.85
1112,14.96,-6.78,44.0,26.55
1113,-17.03,13.28,58.44,-2.21
1114,-25.65,-17.82,43.12,25.86
1115,-12.97,-17.44,24.75,1.33
1116,-10.6,22.0,49.2,52.28
1117,20.24,-8.35,84.62,-30.24
1118,2.71,21.08,94.12,16.61
1119,-13.01,23.9,10.75,-36.79
1120,6.48,11.75,55.39,-2.76
1121,-17.16,39.38,-27.69,58.45
1122,-11.96,8.57,22.49,34.67
1123,-18.48,9.77,25.27,-45.26
1124,-14.46,-93.81,44.01,-7.94
1125,-4.41,34.8,22.93,1.88
1126,8.16,8.4,36.75,-9.63
1127,4.33,45.74,52.21,-18.58
1128,-50.0,-28.87,58.16,37.54
1129,-12.74,14.05,23.04,-44.68
1130,10.1,21.39,36.65,65.88
1131,-37.11,-29.67,32.25,-27.18
1132,-27.65,-13.53,32.35,-14.48
1133,15.83,33.28,66.36,-24.11
1134,-3.78,-3.55,64.11,-8.19
1135,8.24,44.0,-9.57,15.49
1136,-2.21,-36.09,27.5,8.94
1137,-23.34,-8.56,59.09,-3.7
1138,-25.09,-5.46,18.05,-16.36
1139,14.78,22.41,26.19,9.65
1140,-0.91,19.52,35.95,-7.16
1141,-24.55,-52.36,34.18,10.62
1142,6.15,48.66,36.35,-27.02
1143,-5.67,8.15,35.99,65.33
1144,-41.45,-20.4,36.85,-49.26
1145,-35.4,-43.41,50.51,2.51
1146,3.88,10.51,96.87,-0.47
1147,0.9,30.47,-13.38,-9.96
1148,-19.19,-50.32,18.64,-6.55
1149,-14.35,21.03,56.99,54.77
1150,3.33,29.44,29.03,-101.38
1151,-12.39,31.16,29.25,73.4
1152,-24.84,-6.72,11.92,-26.1
1153,-6.98,48.93,70.79,10.26
1154,-8.49,24.27,46.98,-5.29
1155,-27.0,3.8,24.33,-5.34
1156,-15.49,31.07,37.89,1.29
1157,-2.16,-6.45,19.59,-6.58
1158,-26.83,-67.51,28.81,80.27
1159,-11.67,60.15,34.09,-31.83
1160,-10.8,-30.86,40.81,-15.05
1161,-23.54,34.75,39.56,1.1
1162,-30.6,-39.23,32.2,-31.88
1163,-19.9,62.46,34.74,2.28
1164,-25.44,-2.21,76.93,8.4
1165,-31.95,-5.98,73.24,1.62
1166,-4.06,-0.35,8.08,1.3
1167,-7.87,46.05,24.44,26.21
1168,-20.3,3.08,53.3,-9.56
1169,-31.91,-0.99,168.96,3.41
1170,-22.85,0.66,4.92,5.17
1171,-32.39,12.85,-47.22,-5.39
1172,-13.19,14.58,28.9,15.76
1173,-1.29,12.08,37.3,25.98
1174,-37.17,-53.38,60.26,-18.25
1175,-16.49,43.36,141.53,-12.84
1176,32.85,88.23,-59.56,-4.13
1177,-47.62,12.0,7.23,10.98
1178,-43.35,-13.29,16.31,-12.86
1179,31.49,33.29,32.7,-22.59
1180,-15.36,-4.66,39.36,38.79
1181,-52.14,10.66,41.41,-8.52
1182,-20.98,8.45,67.05,-7.15
1183,-13.3,17.41,38.14,-39.36
1184,-20.08,-0.72,42.61,30.81
1185,-21.05,13.79,65.18,5.48
1186,-16.32,29.33,2.64,-2.25
1187,0.49,40.65,15.71,44.78
1188,3.03,115.01,11.24,5.37
1189,-23.43,-65.09,41.26,-15.84
1190,-14.46,18.57,40.25,35.24
1191,-18.77,31.09,28.09,-17.79
1192,-27.17,-16.34,45.85,-2.52
1193,-20.85,-15.56,40.16,-14.32
1194,-24.92,-12.47,43.22,6.87
1195,-17.41,30.36,63.51,1.86
1196,-1.77,-7.87,75.77,-4.31
1197,-13.22,8.01,-11.7,3.31
1198,-0.34,78.39,31.45,16.45
1199,-7.86,14.15,58.05,13.85
1200,-26.42,-11.57,41.43,-6.58
1201,-28.19,-42.54,114.17,0.62
1202,9.81,77.04,-36.04,4.31
1203,-9.16,86.31,10.51,33.74
1204,-38.28,-66.44,65.55,1.26
1205,-1.2,92.81,6.81,-3.42
1206,-33.1,17.38,16.14,17.53
1207,-30.04,-37.47,34.75,-7.05
1208,5.02,13.88,49.68,4.08
1209,-1.23,14.94,16.06,-6.36
1210,-26.26,-22.2,39.81,-44.78
1211,-43.17,-77.9,36.58,29.87
1212,-27.56,2.7,43.54,27.82
1213,-23.18,8.37,25.98,-34.73
1214,-12.49,33.73,52.22,1.45
1215,-4.56,68.92,49.77,0.41
1216,-5.25,13.07,19.73,-8.32
1217,-21.28,3.4,32.87,7.22
1218,-33.17,-15.5,103.92,27.16
1219,-14.86,32.09,26.61,23.13
1220,-20.62,-2.04,24.23,-25.12
1221,-11.48,61.07,22.3,-10.57
1222,-15.8,13.68,41.17,-10.81
1223,-19.75,-4.67,35.62,37.8
1224,-41.15,-19.72,-7.63,-11.99
1225,-7.42,45.24,31.75,23.99
1226,-11.11,52.47,31.74,-14.97
1227,-24.55,-13.66,34.99,-3.46
1228,-42.74,-5.79,35.41,-25.09
1229,-19.94,9.8,42.37,29.07
1230,-21.57,20.53,44.38,11.45
1231,-29.39,-59.07,42.19,5.49
1232,-40.85,23.19,45.72,-6.24
1233,4.16,42.56,40.35,37.69
1234,-8.54,59.46,41.02,2.2
1235,-35.87,0.3,32.06,2.5
1236,-10.53,34.33,29.53,-2.18
1237,-7.25,61.1,23.08,-23.08
1238,-47.1,-17.65,52.76,19.39
1239,-31.67,-0.24,51.87,13.38
1240,-12.84,-1.2,21.03,22.93
1241,-13.98,75.88,60.6,5.86
1242,-23.7,15.93,96.23,-17.93
1243,-2.72,-16.26,13.52,-15.66
1244,-14.7,9.59,69.95,-3.78
1245,-27.68,4.97,-23.46,20.27
1246,-28.09,-20.66,1.95,-3.93
1247,-25.57,-16.87,31.29,-15.84
1248,4.23,100.14,44.92,81.24
1249,-22.06,13.56,18.59,-66.06
1250,-29.32,-20.75,34.61,7.26
1251,-30.24,-3.5,34.6,-30.58
1252,-18.48,6.29,41.84,24.72
1253,-17.84,12.5,20.17,-0.9
1254,-6.29,9.19,69.72,2.66
1255,-8.08,25.86,25.35,17.09
1256,11.1,32.06,46.26,43.15
1257,4.77,108.81,21.14,-18.44
1258,-20.11,0.33,30.77,-16.17
1259,-44.8,-43.31,36.4,-5.94
1260,-16.65,-6.29,62.3,-4.8
1261,-34.8,29.79,39.13,0.3
1262,-5.22,-22.78,46.54,3.66
1263,-3.81,-42.06,-1.25,-6.3
1264,-27.56,-71.23,59.42,31.52
1265,-9.36,92.6,56.87,5.98
1266,-7.58,26.72,10.23,24.29
1267,-19.02,40.26,12.2,-8.91
1268,-21.08,32.95,29.12,-2.55
1269,-1.92,-23.93,34.85,13.5
1270,25.97,34.06,55.12,-23.29
1271,-26.45,46.75,85.0,31.47
1272,-11.09,33.05,-2.97,9.32
1273,-2.5,80.29,23.86,-14.07
1274,-15.25,21.16,52.12,4.15
1275,-44.81,-0.12,45.43,-2.47
1276,-6.22,-28.05,5.41,-17.14
1277,-22.27,-23.92,34.24,4.01
1278,-32.77,-28.59,43.57,15.41
1279,-9.73,0.07,50.84,-2.05
1280,-7.64,-33.09,37.85,25.83
1281,-15.11,15.32,37.43,-5.87
1282,-5.47,19.12,26.46,6.94
1283,-24.79,7.27,64.86,-0.5
1284,-24.38,-0.57,35.69,12.54
1285,30.86,43.02,44.62,17.33
1286,17.64,62.66,65.18,-6.09
1287,-2.23,57.96,-4.94,11.36
1288,-43.76,-26.14,22.88,70.85
1289,-14.53,13.29,29.9,-42.54
1290,-5.83,-31.91,30.72,-10.52
1291,28.14,93.0,30.95,-7.46
1292,-37.05,-43.34,39.05,-5.8
1293,-39.25,-13.72,38.87,15.21
1294,-28.11,11.96,37.95,1.59
1295,-5.32,47.03,69.75,8.49
1296,-5.35,-38.18,38.76,4.7
1297,-13.83,-42.01,15.1,17.34
1298,-8.77,31.27,8.34,-28.69
1299,-1.23,29.12,40.96,22.01
1300,-19.81,-2.31,23.39,-14.39
1301,-33.88,45.92,29.95,9.02
1302,8.96,-9.49,49.56,5.54
1303,-3.06,-45.35,40.11,-0.61
1304,-19.56,42.49,27.56,-3.58
1305,-9.17,-3.37,39.37,3.75
1306,4.73,48.5,62.55,3.01
1307,-15.8,8.97,15.07,33.39
1308,-19.0,13.64,45.4,-6.97
1309,1.22,-5.45,85.11,0.67
1310,4.85,55.98,-7.32,-1.84
1311,-18.1,7.0,52.12,-2.33
1312,-14.23,-14.61,-7.11,64.01
1313,-23.8,-24.19,19.6,-73.23
1314,-26.96,10.5,30.93,50.81
1315,-30.34,77.94,27.69,-28.21
1316,-1.08,-66.45,54.45,43.56
1317,-6.39,-39.07,37.34,-27.49
1318,10.63,92.96,123.39,18.22
1319,5.02,9.87,-3.67,-31.15
1320,6.08,31.01,23.51,43.66
1321,-44.23,-58.28,18.54,3.24
1322,-19.2,11.01,66.96,25.59
1323,17.43,70.79,40.58,29.96
1324,-18.31,-16.22,11.72,-25.38
1325,-19.07,-2.8,32.27,-0.64
1326,-23.12,4.07,65.31,-2.49
1327,-13.47,24.28,99.65,17.04
1328,-10.75,56.33,-17.57,-13.27
1329,17.16,11.34,4.62,25.36
1330,-17.54,11.78,42.91,-3.14
1331,-27.11,-28.92,24.29,9.88
1332,-12.58,41.82,40.72,-16.41
1333,-5.82,-7.0,36.59,13.03
1334,9.07,34.7,36.0,5.58
1335,8.78,12.66,74.41,29.44
1336,-25.71,20.43,64.4,-16.73
1337,-23.06,-5.29,-11.16,10.89
1338,-28.61,-1.08,31.98,0.46
1339,0.57,26.67,30.82,5.6
1340,-5.4,25.94,29.58,13.9
1341,-18.32,10.96,37.42,0.42
1342,-18.38,-5.27,30.71,-4.05
1343,-5.96,6.85,63.31,39.22
1344,-10.2,-7.94,41.78,-27.48
1345,-10.37,51.37,56.64,-15.35
1346,23.99,11.89,50.79,-0.91
1347,-10.65,73.7,3.6,58.82
1348,-30.01,-8.52,8.28,-5.42
1349,-5.56,-32.83,22.85,-0.13
1350,-15.97,-0.8,52.25,-3.15
1351,-15.7,1.48,37.54,5.56
1352,-2.41,-17.48,27.87,11.32
1353,-6.46,23.52,28.88,-0.18
1354,-32.76,18.2,32.83,64.24
1355,-19.18,9.15,34.96,-14.99
1356,-18.2,-19.43,45.33,-17.06
1357,-13.72,-18.75,32.59,8.39
1358,-17.39,5.39,20.47,-1.06
1359,-0.1,56.48,28.91,7.59
1360,-9.54,32.95,39.94,3.26
1361,-33.6,29.56,90.11,11.0
1362,-5.3,5.43,30.55,-9.34
1363,-2.53,-55.23,-10.36,-12.36
1364,-19.61,28.78,21.57,33.99
1365,-29.78,30.51,31.19,12.88
1366,-12.81,24.0,25.36,14.67
1367,-15.46,-28.38,81.32,0.38
1368,-20.26,-33.26,21.89,8.93
1369,-5.41,20.16,44.53,-0.91
1370,3.84,20.3,9.46,72.29
1371,-44.63,-35.09,62.1,35.31
1372,1.87,38.26,33.51,-65.51
1373,-18.89,-3.14,20.79,17.91
1374,-33.51,-7.53,40.5,7.9
1375,-20.7,7.83,31.7,27.02
1376,-2.06,4.79,32.34,-12.13
1377,-23.76,39.61,43.39,8.62
1378,-28.86,-23.57,36.64,5.77
1379,9.68,45.33,30.46,6.62
1380,-3.91,41.68,26.14,17.19
1381,-41.83,-3.67,35.99,-27.79
1382,-22.85,25.08,38.34,24.21
1383,-11.86,102.68,31.72,12.34
1384,-39.1,-74.75,31.82,8.22
1385,-13.48,-39.15,67.91,13.32
1386,3.29,47.75,18.28,1.07
1387,-20.98,23.41,25.33,24.85
1388,-25.61,-15.92,20.92,-13.39
1389,-6.66,35.12,32.68,24.47
1390,5.92,38.43,26.86,-7.41
1391,-33.84,6.4,40.77,47.32
1392,-6.14,11.46,29.76,-23.24
1393,4.66,32.65,67.33,-2.01
1394,-37.67,-12.05,67.38,-8.9
1395,-29.42,-15.25,-3.3,25.42
1396,-1.85,-1.91,80.23,-3.57
1397,-23.81,-12.35,57.55,-5.66
1398,-27.15,3.53,-37.49,2.71
1399,-10.76,24.3,13.49,-13.05
1400,-0.01,52.43,32.68,18.94
1401,-23.58,31.45,34.18,1.29
1402,-8.72,40.13,28.11,0.36
1403,-23.38,16.17,83.12,110.79
1404,-27.57,47.65,12.77,-64.49
1405,-14.24,64.49,7.05,-2.44
1406,-8.77,-59.99,32.41,11.41
1407,-0.5,22.41,32.98,-0.85
1408,-8.79,-27.77,39.92,15.4
1409,-22.16,25.19,36.64,0.47
1410,-10.73,47.58,41.75,6.44
1411,-36.86,15.79,39.64,12.69
1412,-30.1,-6.81,35.6,-0.69
1413,-6.3,15.89,53.6,4.19
1414,-20.11,27.25,86.51,4.74
1415,-25.49,-0.3,1.31,8.33
1416,-12.22,6.04,17.92,8.44
1417,-15.76,43.91,37.51,11.14
1418,-16.36,68.76,26.72,-10.49
1419,-10.69,40.45,46.53,8.4
1420,-24.03,-16.36,43.01,66.82
1421,-26.72,34.98,36.42,-10.03
1422,-15.34,-1.74,104.67,5.84
1423,-10.63,21.14,9.88,7.62
1424,-15.98,-3.9,29.24,-6.82
1425,-20.03,12.16,25.66,20.29
1426,-10.43,29.33,17.2,12.28
1427,-9.14,23.65,35.18,20.92
1428,-3.65,66.78,28.19,8.88
1429,-17.26,49.5,30.3,1.92
1430,-23.21,-47.21,31.43,4.24
1431,-18.5,36.6,39.34,13.95
1432,-13.08,6.86,39.5,4.29
1433,-12.54,13.86,35.69,8.5
1434,-25.95,30.93,25.89,12.54
1435,-12.03,23.02,36.74,2.6
1436,-10.28,-14.22,37.57,15.29
1437,-8.41,48.31,31.66,2.7
1438,-22.23,42.8,43.54,4.45
1439,-11.35,28.37,81.48,86.66
1440,2.67,23.02,0.38,-43.49
1441,-36.99,-13.67,16.19,-9.64
1442,-12.64,109.61,37.7,12.76
1443,-19.35,-3.48,43.2,-2.24
1444,-27.62,15.54,3.44,0.85
1445,4.8,14.8,36.79,12.88
1446,-12.63,-42.9,43.73,0.3
1447,-25.22,10.34,38.98,6.72
1448,-12.74,53.33,56.02,6.16
1449,-11.69,39.45,9.47,5.44
1450,-5.82,15.19,39.08,-0.83
1451,-38.33,-14.07,23.19,13.17
1452,-16.84,19.49,25.7,9.85
1453,-11.43,58.82,44.62,13.2
1454,-15.48,-37.25,30.35,9.15
1455,-15.67,26.46,34.18,22.79
1456,-27.41,-39.95,46.43,18.82
1457,-27.92,37.04,25.72,4.86
1458,-21.09,-19.22,29.46,-2.6
1459,8.91,25.46,32.67,64.56
1460,-15.61,25.01,30.33,-37.91
1461,-23.95,17.02,42.46,-20.5
1462,-16.9,34.27,32.26,30.38
1463,2.4,2.08,27.68,-2.93
1464,-5.27,66.19,30.79,6.8
1465,-30.43,6.38,58.31,5.21
1466,-16.71,-35.86,128.91,-19.48
1467,-8.4,16.99,-34.87,27.0
1468,-27.4,-4.7,-19.48,7.93
1469,-7.88,0.03,33.05,10.66
1470,-13.6,6.66,31.4,6.55
1471,-30.84,10.28,48.42,7.93
1472,3.7,6.58,27.66,10.09
1473,0.86,17.59,56.6,11.49
1474,-27.63,-7.89,52.73,14.32
1475,-24.48,-8.62,9.64,-3.37
1476,-4.63,-50.1,40.12,78.21
1477,-11.66,-14.4,30.16,-33.05
1478,-15.31,19.97,32.76,-5.12
1479,-4.24,52.21,46.11,-4.86
1480,-9.59,23.32,32.93,2.36
1481,-9.41,22.4,40.48,0.23
1482,-0.66,19.88,25.62,-17.74
1483,-33.83,27.37,27.5,25.91
1484,-12.86,11.39,32.68,8.35
1485,-19.53,-23.3,43.27,8.63
1486,-11.11,-33.22,30.44,3.68
1487,-14.0,-18.83,52.24,-0.21
1488,-14.95,32.32,100.2,21.21
1489,-3.62,18.21,13.43,-0.11
1490,-14.96,3.53,5.41,10.38
1491,-22.15,8.04,25.05,8.68
1492,-0.66,36.94,36.33,40.43
1493,-12.67,25.37,67.47,12.86
1494,-20.69,42.78,47.84,6.82
1495,-15.62,-8.18,11.55,-19.02
1496,-11.43,-15.77,55.87,-5.52
1497,-13.42,9.7,3.38,-6.97
1498,3.01,5.88,29.2,23.42
1499,-14.36,2.33,19.9,-0.61
1500,-17.32,9.78,47.39,-7.57
1501,-6.12,93.82,29.23,28.09
1502,-15.16,39.7,32.87,13.2
1503,-25.53,-52.69,42.91,-0.9
1504,-23.68,-22.0,29.51,9.17
1505,-12.34,-8.33,33.89,17.08
1506,-14.77,5.24,36.57,1.36
1507,-16.55,7.8,109.33,36.05
1508,-7.87,33.52,33.05,4.5
1509,-12.43,22.28,11.99,61.56
1510,-30.58,-15.26,12.44,-50.36
1511,-42.13,7.51,29.09,11.47
1512,12.05,48.93,33.71,-16.96
1513,8.58,33.5,64.09,8.9
1514,-15.83,11.51,40.14,20.15
1515,-22.19,16.11,22.81,11.62
1516,-22.91,-26.27,24.3,2.85
1517,-27.55,62.39,32.26,14.44
1518,-17.39,12.7,45.86,-19.1
1519,-5.17,30.12,46.75,32.08
1520,-17.1,1.23,21.74,1.79
1521,-19.28,22.39,37.73,11.32
1522,-9.63,13.44,65.56,7.97
1523,-7.7,-24.69,43.96,-15.8
1524,-17.28,60.81,10.97,32.58
1525,-32.46,-4.95,23.28,12.89
1526,-6.89,17.95,32.0,-0.42
1527,-22.79,28.63,42.29,70.75
1528,-17.77,2.88,28.87,-48.73
1529,-4.94,-6.87,41.14,2.63
1530,-13.16,-6.87,35.32,-2.74
1531,-5.63,33.19,38.73,-3.26
1532,-19.68,-13.84,42.83,4.9
1533,-10.06,6.89,94.78,-3.24
1534,-19.11,7.33,-10.19,4.87
1535,-16.33,40.89,29.5,25.77
1536,-1.91,-42.59,34.54,-6.78
1537,-1.96,38.17,23.06,7.29
1538,-34.39,29.94,36.17,7.12
1539,-15.89,3.64,35.88,28.54
1540,-12.83,-1.1,52.7,11.99
1541,-1.97,14.41,12.21,-2.54
1542,-0.65,-48.13,22.05,-4.8
1543,-39.16,44.41,22.38,-5.38
1544,-24.93,8.97,46.54,63.85
1545,-10.08,47.07,28.46,-21.29
1546,-3.49,13.03,26.05,-12.85
1547,-19.39,18.16,30.24,-5.26
1548,-34.28,7.89,33.29,-0.77
1549,-3.67,-32.46,38.83,-1.41
1550,-18.66,34.01,34.83,8.36
1551,-38.1,-32.14,29.0,9.38
1552,-18.36,10.45,28.63,-5.04
1553,-12.8,0.92,34.34,-3.97
1554,-21.63,23.29,39.31,2.41
1555,-19.27,47.3,39.02,0.85
1556,-10.85,-61.33,34.27,8.88
1557,-13.24,5.76,35.28,1.92
1558,-3.06,22.02,56.74,-16.06
1559,5.83,34.3,93.33,10.11
1560,-18.47,5.8,-13.28,27.14
1561,-33.07,2.27,25.21,4.9
1562,-25.38,26.56,31.03,31.84
1563,-12.01,-27.96,30.48,-34.14
1564,-15.08,6.21,34.57,-2.27
1565,-10.47,-0.92,36.62,-4.65
1566,3.47,37.14,93.58,-4.43
1567,-16.21,10.77,17.82,2.77
1568,-26.84,6.6,13.01,3.9
1569,-28.4,-10.46,65.43,3.43
1570,-16.24,-2.1,28.18,1.54
1571,-23.61,2.96,24.92,4.39
1572,-7.69,36.4,29.49,2.19
1573,-0.72,29.98,33.86,1.32
1574,11.28,42.6,40.77,7.37
1575,-32.02,14.03,33.45,-10.12
1576,-34.64,-66.08,49.8,45.51
1577,-25.37,-21.01,32.08,-20.89
1578,-3.2,44.42,47.55,36.76
1579,-13.45,40.83,44.83,-26.33
1580,-10.96,23.01,44.82,6.54
1581,-18.49,34.22,40.02,5.35
1582,-18.47,-3.48,26.78,-5.97
1583,-6.54,16.32,46.03,15.29
1584,-26.37,-36.85,74.03,5.97
1585,-17.78,22.27,66.13,1.27
1586,-0.83,26.44,1.65,7.11
1587,-7.7,37.79,34.34,6.4
1588,-24.66,2.82,45.29,4.52
1589,-20.43,29.78,31.6,2.16
1590,-20.15,-5.74,38.14,4.18
1591,-17.7,59.45,34.92,23.83
1592,-18.94,-8.1,60.12,1.15
1593,1.28,-7.25,29.82,-5.09
1594,-40.02,-2.43,39.13,10.23
1595,-28.2,-15.72,43.98,10.09
1596,-2.15,20.77,80.02,69.62
1597,-18.69,-9.12,6.82,-60.14
1598,-7.06,-0.49,29.73,3.74
1599,-2.62,25.66,26.8,0.33
1600,-3.3,35.64,35.34,8.21
1601,-17.7,-76.33,34.81,3.19
1602,-18.81,-26.79,33.12,19.48
1603,-14.2,24.67,65.96,-1.87
1604,-23.71,7.03,76.08,3.63
1605,-10.36,-1.27,-7.9,2.33
1606,-1.2,-1.83,24.6,-16.6
1607,-17.11,-50.78,25.74,17.07
1608,-7.69,78.58,38.48,9.99
1609,-2.55,97.65,36.62,3.67
1610,-35.64,22.8,73.04,21.5
1611,-29.93,-43.98,41.61,-20.11
1612,-13.83,26.0,16.1,-0.29
1613,-0.3,5.2,28.88,14.04
1614,2.24,48.59,32.65,20.31
1615,-13.5,33.07,25.74,-31.77
1616,-33.97,-38.1,28.71,-1.71
1617,-30.49,-62.42,31.28,1.33
1618,-11.57,41.43,40.34,6.17
1619,-22.7,4.27,33.03,-4.58
1620,-10.43,-4.09,40.02,16.34
1621,-16.72,-10.94,39.27,-2.11
1622,-2.22,98.63,39.59,-2.4
1623,-3.59,-6.07,25.38,12.54
1624,-29.94,-12.47,46.97,33.61
1625,-17.07,29.99,39.98,14.11
1626,4.58,11.18,50.03,-3.84
1627,-18.71,-23.52,57.8,-0.27
1628,-10.79,56.41,15.6,14.22
1629,5.15,38.93,34.77,4.44
1630,-26.33,-66.33,30.49,-1.78
1631,-31.82,14.09,59.49,83.31
1632,-0.22,146.35,35.27,-27.41
1633,-14.4,-34.5,17.11,-19.28
1634,-34.44,-19.15,45.06,2.89
1635,-16.65,8.52,40.1,2.04
1636,-11.75,19.67,37.72,0.31
1637,-9.76,14.42,35.08,14.39
1638,-19.73,40.57,86.59,8.63
1639,-19.51,104.02,25.36,2.37
1640,-18.13,-51.26,2.29,1.31
1641,-13.33,31.79,20.23,4.44
1642,-14.83,-2.57,31.3,0.65
1643,-25.84,-12.55,33.18,6.82
1644,-33.35,-10.84,59.01,1.79
1645,-13.77,5.08,69.9,8.0
1646,-2.04,6.6,-7.33,48.36
1647,-4.98,96.8,19.95,-0.08
1648,-14.79,-35.84,27.74,-2.14
1649,-8.82,-15.53,23.81,-21.06
1650,-14.07,31.3,23.63,-4.2
1651,-21.79,24.72,35.19,3.64
1652,-17.77,16.73,41.96,-22.99
1653,-1.07,21.46,21.62,11.83
1654,-15.92,24.26,51.18,8.78
1655,-14.91,35.3,47.78,6.8
1656,-11.69,19.33,10.74,15.28
1657,-36.93,-24.21,21.01,0.85
1658,-21.82,25.78,32.76,-5.71
1659,0.49,21.2,23.84,6.43
1660,-4.18,0.82,33.29,5.11
1661,-29.8,-7.47,26.33,0.89
1662,-21.35,-3.22,35.63,3.58
1663,13.67,31.07,34.85,3.55
1664,-24.76,23.84,33.86,10.73
1665,-21.5,-14.19,50.69,4.29
1666,1.11,46.72,96.79,-19.37
1667,-15.58,8.4,-13.65,37.63
1668,-19.06,29.56,6.46,-12.77
1669,5.54,3.52,37.3,-5.98
1670,7.58,24.76,34.13,74.22
1671,-22.22,-0.52,34.72,-21.45
1672,-18.73,22.47,33.1,-8.18
1673,-5.66,3.53,30.55,-0.96
1674,-16.16,26.25,35.97,1.23
1675,-19.45,38.09,38.86,4.52
1676,-10.05,6.29,39.36,0.46
1677,6.48,41.71,44.28,-0.44
1678,-29.55,19.25,36.61,10.48
1679,-24.92,3.34,44.47,7.68
1680,-3.04,-30.37,38.58,2.22
1681,-1.94,22.95,38.55,1.7
1682,-14.98,30.19,33.39,27.13
1683,-12.76,-6.52,42.78,-24.15
1684,-10.7,35.21,32.76,-6.74
1685,-5.55,40.97,46.0,27.37
1686,-8.33,-4.51,37.47,53.91
1687,-26.57,-2.46,49.23,-50.11
1688,-20.5,49.73,56.41,-5.01
1689,-9.19,-19.6,38.89,-1.78
1690,-15.33,-32.14,20.48,-2.88
1691,-17.68,-13.78,32.44,3.33
1692,1.06,-18.82,34.19,-0.24
1693,9.66,90.0,30.76,-3.45
1694,-0.66,17.72,38.96,-1.9
1695,-12.88,8.16,44.17,2.13
1696,-11.16,8.69,58.18,12.15
1697,-42.48,7.31,79.84,-11.0
1698,-14.86,10.99,-1.6,-1.96
1699,-6.35,24.48,26.94,22.14
1700,-22.04,-31.57,16.38,-8.43
1701,-12.76,39.74,48.97,24.77
1702,0.79,27.14,35.68,-7.91
1703,-10.46,23.99,37.85,-1.46
1704,-36.19,15.41,41.21,66.16
1705,-22.07,5.33,42.36,-37.41
1706,8.54,54.37,39.02,-11.6
1707,-19.02,22.49,40.6,23.18
1708,-25.67,14.63,36.25,-23.26
1709,-2.2,-32.02,34.91,11.52
1710,-7.89,-39.42,43.19,13.08
1711,-15.43,49.69,40.5,2.13
1712,-1.51,114.43,38.11,6.67
1713,-17.52,-86.47,44.98,-3.85
1714,-27.33,25.93,40.62,6.19
1715,-22.41,10.33,35.97,3.41
1716,-6.55,28.71,41.75,24.98
1717,-5.16,6.63,63.52,-21.08
1718,-27.9,0.22,10.57,-2.12
1719,-22.13,-3.26,32.33,3.37
1720,-0.7,23.51,87.93,7.59
1721,-26.93,-2.08,23.69,2.74
1722,-29.73,14.71,0.23,47.62
1723,5.85,62.02,25.49,-19.17
1724,-7.94,56.46,29.49,-3.65
1725,-26.36,-5.07,36.86,-4.18
1726,-5.95,-40.35,37.66,-23.62
1727,-11.68,-53.02,39.72,30.05
1728,-22.92,18.96,33.81,-13.75
1729,0.2,11.36,38.46,30.56
1730,11.34,65.17,44.65,13.71
1731,-12.89,-31.07,25.76,-21.63
1732,-23.39,-16.28,35.1,45.72
1733,-11.98,5.23,36.32,9.1
1734,-33.36,-57.94,37.77,-12.04
1735,-8.31,23.7,72.43,17.9
1736,8.78,59.55,62.53,-5.94
1737,-34.84,-40.35,-12.39,37.47
1738,-8.84,39.45,31.17,-19.93
1739,-29.41,28.45,41.44,25.06
1740,-17.94,-24.98,19.39,-11.55
1741,-5.5,-14.76,27.4,1.55
1742,-11.09,-14.97,36.8,2.13
1743,-3.16,40.62,29.0,-18.42
1744,-19.11,10.27,28.21,15.34
1745,-27.74,-7.81,103.16,15.5
1746,6.21,0.29,72.98,-1.42
1747,-5.02,41.89,8.02,-6.03
1748,-29.78,58.26,-0.76,34.16
1749,-8.29,55.82,17.98,3.58
1750,-1.55,32.48,25.97,3.07
1751,-18.25,-39.74,35.67,23.67
1752,-27.7,-0.62,35.47,50.74
1753,-6.92,-4.98,26.46,-47.54
1754,-16.36,-19.83,30.99,-1.71
1755,-8.12,30.58,28.86,-8.36
1756,-5.42,5.89,34.37,-13.24
1757,-13.19,-38.04,43.9,22.72
1758,-15.49,54.08,22.82,-2.57
1759,3.05,8.98,35.81,2.25
1760,-5.45,59.87,35.11,9.74
1761,-41.58,16.6,27.89,12.8
1762,-22.72,0.52,37.46,26.67
1763,3.75,26.92,34.86,-5.98
1764,-14.21,-1.84,29.62,5.46
1765,-8.12,77.88,33.25,-0.2
1766,6.47,67.34,48.68,21.92
1767,-34.38,-76.2,32.54,-3.73
1768,-30.57,9.88,48.5,60.78
1769,-23.02,-46.64,15.2,-0.19
1770,-6.23,9.71,37.67,-20.35
1771,-2.75,44.43,38.03,-1.96
1772,-21.42,0.29,35.74,-3.28
1773,-13.36,-6.25,65.51,-24.02
1774,-16.69,35.41,19.99,24.96
1775,-11.91,19.05,58.9,31.28
1776,-9.09,5.37,56.56,-30.04
1777,-14.64,-1.1,16.05,14.94
1778,-27.04,2.63,3.2,5.42
1779,4.46,65.18,24.44,2.71
1780,-15.05,92.97,52.56,5.64
1781,-24.08,-22.48,19.84,26.58
1782,0.18,26.43,25.97,-0.91
1783,1.46,32.92,36.27,-1.4
1784,-38.62,6.67,20.54,-4.13
1785,-29.92,-33.68,43.63,-14.83
1786,-6.62,12.16,33.45,46.82
1787,-18.92,12.51,49.13,44.16
1788,-29.56,-5.24,33.18,-31.94
1789,-1.54,54.26,37.9,-0.87
1790,-7.48,17.29,34.23,-18.99
1791,-23.78,-0.92,36.52,15.36
1792,-8.54,7.81,38.8,9.09
1793,-7.72,21.59,34.88,6.39
1794,-23.82,22.28,41.88,27.92
1795,-0.97,25.68,39.19,8.2
1796,-5.02,30.11,27.22,-18.17
1797,-15.54,19.55,38.91,12.41
1798,-19.33,24.63,36.41,6.76
1799,-3.09,-16.02,36.73,26.36
1800,-6.15,-0.53,37.9,-13.07
1801,-17.04,43.64,26.8,-5.05
1802,-26.39,-18.26,38.46,15.02
1803,-19.84,44.99,34.99,5.33
1804,-9.45,4.82,35.33,7.61
1805,-1.86,2.25,36.58,52.42
1806,-10.73,15.17,39.82,-39.39
1807,-7.85,14.18,55.32,0.51
1808,-10.97,71.13,71.93,18.96
1809,-7.61,7.87,0.59,2.33
1810,-20.95,-13.06,24.34,-1.77
1811,-21.97,15.34,67.78,8.06
1812,5.92,33.24,8.29,-0.22
1813,0.45,50.02,31.29,-2.25
1814,-24.79,-7.0,19.08,10.71
1815,-22.92,-0.04,27.12,36.25
1816,11.12,-9.1,34.16,-22.98
1817,-21.19,-39.15,25.93,-8.01
1818,-27.5,32.9,34.7,6.24
1819,-2.17,36.92,32.38,-1.65
1820,-7.71,16.36,41.2,6.02
1821,-8.98,31.57,39.59,69.89
1822,-3.65,-16.09,22.93,-46.3
1823,-9.39,14.97,30.08,-8.29
1824,-28.36,31.42,34.82,4.81
1825,-9.39,25.74,36.24,5.31
1826,11.5,19.4,22.6,-14.02
1827,-8.46,31.59,45.51,31.13
1828,-9.18,61.4,40.2,-5.21
1829,4.83,-2.6,35.74,9.44
1830,-12.17,13.68,27.88,-3.95
1831,-21.78,-0.83,36.51,27.93
1832,-3.39,12.29,29.83,-7.67
1833,-14.98,-9.88,31.82,-0.66
1834,-19.89,-1.82,31.14,4.17
1835,-11.01,8.18,31.77,9.68
1836,7.08,23.18,33.85,1.92
1837,-15.33,12.9,36.8,7.82
1838,-19.44,5.96,42.98,10.44
1839,-16.46,-3.41,90.52,4.39
1840,-7.22,1.78,13.63,42.41
1841,-15.05,5.77,44.39,-23.63
1842,-15.04,17.21,1.31,-7.01
1843,-2.46,-7.12,30.65,-3.55
1844,-10.45,37.23,34.73,-0.43
1845,3.79,52.5,36.4,2.72
1846,-9.79,-4.65,32.56,-14.6
1847,-2.91,8.48,32.89,32.48
1848,-26.32,-7.54,51.69,7.91
1849,-13.2,22.09,34.8,-5.76
1850,-15.2,-14.43,34.48,-4.36
1851,-19.48,-7.66,39.95,4.85
1852,-18.25,0.8,32.14,-25.76
1853,-7.6,28.46,35.76,27.21
1854,-3.09,27.34,58.55,17.76
1855,-18.04,14.73,15.13,-15.81
1856,-25.09,37.11,43.42,32.73
1857,-12.44,-35.71,29.95,24.33
1858,-18.84,9.27,37.12,-18.17
1859,-3.72,28.41,44.78,1.23
1860,-2.8,40.3,31.67,-7.66
1861,-22.13,34.71,25.07,-9.23
1862,-15.43,-17.0,48.55,11.84
1863,4.47,-40.82,43.81,4.36
1864,-39.3,6.99,34.97,-2.18
1865,-27.37,18.27,40.79,17.78
1866,-10.09,23.25,36.72,-5.91
1867,-14.73,35.04,68.67,-35.36
1868,-7.99,26.27,63.98,22.91
1869,-14.52,-9.63,-1.63,4.03
1870,-13.07,11.71,24.8,2.85
1871,-19.6,68.67,26.73,-1.0
1872,-7.88,-13.2,46.96,34.68
1873,-12.08,8.93,30.24,-21.99
1874,-28.97,11.19,50.48,4.64
1875,-19.39,-1.9,44.69,22.25
1876,-0.7,22.75,19.22,-4.32
1877,-11.47,6.47,34.53,9.21
1878,-25.81,-7.1,30.25,-1.28
1879,11.23,39.94,36.42,1.43
1880,-21.22,24.74,37.85,8.36
1881,-35.81,-27.66,37.02,-9.35
1882,-15.53,-9.92,32.67,-25.95
1883,-13.14,-14.36,17.97,0.75
1884,-21.7,20.98,47.52,0.11
1885,-2.44,26.25,44.51,12.71
1886,-19.16,-25.84,23.87,0.04
1887,-21.73,6.37,43.83,9.19
1888,-19.02,4.25,32.39,17.35
1889,-19.08,-9.25,32.83,-7.7
1890,-22.98,25.41,38.28,51.62
1891,-27.79,-16.76,41.8,-38.98
1892,0.13,29.73,31.2,-18.22
1893,8.84,12.41,39.29,-1.04
1894,4.95,62.43,37.99,2.76
1895,-25.92,-0.53,39.85,37.28
1896,-8.92,7.2,22.46,-5.37
1897,-22.48,53.66,38.75,-33.68
1898,-42.77,-29.33,43.43,18.12
1899,-13.13,-9.66,47.15,2.97
1900,-3.9,26.97,43.05,-4.88
1901,-47.87,-49.05,38.79,24.43
1902,-23.16,19.78,29.24,-5.49
1903,-20.2,27.36,35.4,-1.43
1904,-18.35,-27.01,23.03,-10.46
1905,-13.11,1.38,45.74,19.21
1906,-2.08,10.78,41.23,-0.54
1907,-16.89,8.05,36.8,5.77
1908,-17.21,2.82,38.74,62.14
1909,9.69,24.17,41.36,-45.29
1910,-16.18,9.89,32.01,-5.73
1911,-31.45,3.35,35.88,-14.77
1912,-11.4,9.16,51.22,-8.48
1913,2.67,31.23,34.06,67.52
1914,-15.58,0.48,21.52,-22.11
1915,-25.7,23.42,38.35,3.02
1916,-12.22,11.1,31.93,2.87
1917,-30.74,-18.07,28.99,10.11
1918,-21.84,-3.6,39.48,8.67
1919,-12.72,-1.93,38.93,-13.45
1920,-17.29,-11.19,38.53,22.41
1921,-17.34,30.37,35.12,1.84
1922,-18.27,1.35,31.61,7.65
1923,2.66,23.28,40.95,34.69
1924,-19.92,48.29,36.33,-30.94
1925,-33.84,-37.74,42.88,28.7
1926,-10.08,-8.87,34.17,-7.79
1927,-6.55,14.91,37.2,3.84
1928,-19.2,15.43,31.48,-10.53
1929,-9.8,9.05,51.1,50.74
1930,3.16,-9.27,28.45,-14.59
1931,-57.11,-4.56,37.55,6.07
1932,-40.56,-7.56,29.13,1.3
1933,-6.0,30.08,32.6,6.32
1934,-20.84,20.09,34.18,1.3
1935,-32.06,15.34,39.4,11.8
1936,-12.7,29.29,32.01,2.89
1937,-7.99,4.93,36.13,-1.43
1938,-18.07,-2.83,44.28,15.21
1939,-3.5,46.13,39.36,74.88
1940,-15.37,30.29,35.29,-49.63
1941,-26.35,42.47,34.49,-1.07
1942,-9.35,8.43,34.45,41.55
1943,-11.6,12.13,46.7,-5.68
1944,-6.76,37.93,29.92,-4.34
1945,-18.91,20.89,31.98,-2.79
1946,-7.2,12.35,37.22,12.43
1947,-33.11,6.59,38.28,6.52
1948,-29.29,-10.29,42.46,27.68
1949,-24.91,-1.41,25.94,-29.81
1950,-12.75,13.5,31.01,15.11
1951,-17.49,16.42,37.54,6.57
1952,-10.49,13.54,63.88,-6.66
1953,0.63,26.74,78.17,39.77
1954,-25.04,36.78,1.73,-18.29
1955,-20.78,5.28,32.86,64.45
1956,-1.31,-5.17,38.13,15.57
1957,-22.1,-6.89,63.68,-30.47
1958,-17.04,-8.18,44.61,-1.96
1959,-7.64,14.51,-3.25,-2.61
1960,-8.46,14.49,27.99,16.48
1961,-3.33,31.4,25.3,4.58
1962,5.37,30.2,35.16,-9.14
1963,-29.28,-19.74,35.12,1.18
1964,-28.52,-4.55,35.77,22.91
1965,-9.79,28.71,34.09,-6.04
1966,-6.3,0.26,32.24,2.28
1967,-9.32,20.98,34.06,4.64
1968,-5.37,2.28,23.54,-0.17
1969,-5.63,-18.57,41.2,13.13
1970,0.92,22.42,34.11,-9.74
1971,-24.74,18.75,37.4,-5.07
1972,-18.8,9.14,36.89,84.26
1973,-2.17,-0.66,36.55,-29.75
1974,-15.61,2.06,58.31,-9.08
1975,-8.84,-51.75,21.64,5.65
1976,2.63,54.94,38.77,-3.97
1977,-4.08,57.14,29.68,13.94
1978,4.82,33.95,27.2,-2.32
1979,-10.89,-6.87,38.33,2.65
1980,-12.96,-21.21,34.92,-1.85
1981,-18.78,-7.54,44.4,2.57
1982,1.61,0.84,37.84,6.21
1983,-1.01,0.17,22.53,-3.61
1984,-21.84,24.66,56.16,13.77
1985,-4.34,25.05,37.35,6.47
1986,-20.52,-27.67,33.23,-10.14
1987,-2.69,-3.38,36.83,11.38
1988,-26.15,2.35,40.94,15.26
1989,-12.96,31.14,37.66,67.97
1990,7.94,19.17,46.56,-76.38
1991,-13.15,16.61,35.21,23.82
1992,-6.16,19.03,37.53,3.99
1993,-5.02,29.34,65.45,3.44
1994,-18.92,9.58,41.59,17.96
1995,-6.52,15.06,15.96,1.91
1996,4.01,30.15,63.68,3.48
1997,-12.6,23.55,68.17,-7.75
1998,-17.98,31.87,0.38,6.96
1999,-19.74,0.33,15.62,45.29
2000,-8.82,12.33,28.33,-29.24
2001,-15.54,1.98,21.16,-7.22
2002,-10.56,-9.54,33.44,4.17
2003,-15.4,29.21,36.39,5.67
2004,-20.85,26.3,19.94,-7.96
2005,-21.32,-17.01,57.83,97.4
2006,-0.26,4.37,28.33,-60.15
2007,0.01,49.69,45.77,-3.64
2008,-9.51,-11.46,39.34,1.95
2009,-5.9,30.43,44.06,-10.06
2010,-2.35,43.88,36.59,16.38
2011,-18.11,4.77,38.33,4.3
2012,2.93,29.13,31.37,-1.97
2013,29.84,66.66,37.61,4.14
2014,-42.63,-28.14,40.91,6.92
2015,-23.28,-23.14,30.72,17.98
2016,3.71,-0.63,38.1,-24.69
2017,-18.48,-2.98,45.72,40.44
2018,-17.56,13.09,40.02,-15.74
2019,7.84,30.85,32.32,5.54
2020,-9.82,16.18,43.88,-3.76
2021,-18.88,17.88,32.97,7.54
2022,-16.52,9.48,44.95,55.2
2023,-0.82,26.82,43.12,-28.98
2024,-17.34,2.16,30.31,-3.58
2025,-15.45,8.14,14.0,-9.04
2026,-3.44,14.0,41.34,-32.05
2027,-13.15,16.59,48.73,32.65
2028,-23.95,8.94,29.79,2.79
2029,10.21,31.75,55.53,8.29
2030,-4.68,31.26,39.48,23.55
2031,-15.66,5.05,20.37,-7.52
2032,2.57,27.62,32.1,5.48
2033,-0.24,54.87,42.82,-12.43
2034,-9.22,27.78,35.67,16.98
2035,-35.73,-41.46,44.43,32.15
2036,-7.78,32.18,32.44,3.66
2037,-28.91,24.14,47.19,60.08
2038,-18.56,-37.93,39.63,-3.81
2039,2.94,-1.16,55.15,-0.26
2040,-9.9,26.61,16.8,-24.83
2041,-22.59,29.66,32.69,-0.24
2042,-9.45,40.2,27.64,-1.28
2043,-10.2,21.74,59.52,23.51
2044,-21.67,25.58,24.33,-16.43
2045,-18.85,19.48,44.6,12.93
2046,-3.0,12.67,26.69,3.52
2047,-6.17,33.24,46.7,8.45
2048,-38.5,3.02,31.49,2.41
2049,-9.84,1.88,40.75,7.57
2050,-4.52,28.59,37.62,4.41
2051,3.52,40.33,42.28,3.31
2052,-12.7,28.03,39.48,31.61
2053,-33.26,-20.86,34.59,-3.92
2054,-26.54,-9.99,29.16,-5.33
2055,-27.3,-4.65,47.12,17.18
2056,-7.43,4.46,31.9,-7.98
2057,-12.22,31.46,35.7,0.54
2058,-12.68,25.14,30.68,37.51
2059,-8.18,33.88,44.99,-9.72
2060,-32.38,-15.57,34.92,0.34
2061,-26.66,-40.54,33.6,4.59
2062,-19.17,40.55,40.59,-1.51
2063,-18.3,-7.53,26.63,1.87
2064,-20.87,84.24,45.62,22.42
2065,-18.38,-12.3,49.61,-4.59
2066,-15.64,2.06,31.85,27.65
2067,-19.79,24.73,26.43,-7.06
2068,-22.59,25.81,32.98,-0.6
2069,-10.99,2.09,46.89,6.25
2070,-22.33,7.48,36.77,9.9
2071,-22.61,21.62,34.95,9.93
2072,-8.55,19.56,40.61,45.63
2073,-29.16,-10.02,35.08,-16.9
2074,-25.29,33.15,45.09,32.19
2075,-12.5,34.9,31.33,-27.24
2076,-20.18,-7.35,29.98,-21.31
2077,-31.77,-14.97,42.39,7.09
2078,-26.84,16.47,33.06,4.47
2079,-11.58,20.72,36.72,7.42
2080,-14.65,38.48,37.98,7.56
2081,-21.84,39.98,40.62,6.12
2082,-19.56,21.65,25.76,11.54
2083,-23.0,5.57,35.9,-19.34
2084,-27.45,-5.43,33.82,22.92
2085,-26.58,1.54,39.93,21.92
2086,-17.14,9.44,42.54,0.3
2087,-30.64,12.8,55.68,6.33
2088,-34.77,-1.53,12.18,5.04
2089,-16.19,1.87,26.05,54.52
2090,-17.88,4.42,28.41,-34.81
2091,-37.85,8.94,70.72,27.15
2092,-24.79,3.02,14.94,-1.5
2093,-12.14,15.17,34.44,-10.43
2094,-27.24,7.8,30.86,-6.1
2095,-21.24,14.77,43.64,44.93
2096,-7.38,43.26,36.02,-13.04
2097,-18.43,17.46,42.22,3.86
2098,-18.56,45.72,41.56,-3.86
2099,-31.08,-28.66,30.08,-9.27
2100,-31.53,-6.28,35.59,2.01
2101,-49.64,2.86,40.42,18.64
2102,-21.19,14.92,31.94,6.06
2103,-19.94,10.04,39.23,9.12
2104,-45.38,3.08,43.27,0.82
2105,-23.2,15.86,46.26,28.25
2106,-17.65,12.52,36.9,-0.52
2107,-31.03,12.91,35.68,8.24
2108,-29.24,16.03,44.65,12.62
2109,-21.8,13.86,30.01,-2.21
2110,-19.74,23.2,68.05,79.56
2111,-25.43,37.57,91.19,-26.91
2112,-21.76,-19.04,-11.47,-14.48
2113,-15.26,13.11,24.46,2.7
2114,-36.33,11.5,47.53,15.9
2115,-37.02,-5.61,17.74,-6.37
2116,-13.82,16.03,41.77,5.01
2117,-30.96,3.58,41.66,-3.7
2118,-34.61,-1.46,22.35,14.16
2119,-16.29,34.54,44.12,6.4
2120,-14.25,26.59,41.65,8.58
2121,-44.91,2.56,37.1,4.04
2122,-8.1,29.25,40.88,23.98
2123,-10.26,31.21,38.87,-4.33
2124,-51.49,4.44,40.33,8.27
2125,-27.9,21.02,37.38,9.48
2126,-7.72,28.41,37.0,34.37
2127,-28.54,9.87,35.67,-6.38
2128,-37.31,-3.58,41.07,9.59
2129,-11.53,-2.07,37.07,0.45
2130,-23.59,17.45,37.43,10.54
2131,-31.45,21.26,33.75,8.34
2132,-26.73,22.78,42.2,15.85
2133,-14.99,3.38,38.25,40.98
2134,-25.7,17.6,43.14,-26.08
2135,-19.23,11.44,33.78,-6.01
2136,-10.91,18.1,51.04,22.81
2137,-27.13,14.31,34.25,12.24
2138,-28.97,20.22,42.31,23.59
2139,-4.56,34.37,36.36,5.31
2140,-6.7,99.49,35.87,-10.21
2141,-13.37,-0.41,38.07,10.66
2142,-30.66,-3.9,38.81,6.46
2143,-40.57,-44.64,37.23,7.13
2144,-28.71,-0.45,24.6,16.33
2145,-30.85,-2.06,41.21,-15.11
2146,-12.28,4.99,63.78,39.58
2147,-9.42,15.85,31.49,-4.69
2148,-8.56,47.28,58.35,76.87
2149,-21.24,7.53,25.09,-61.04
2150,-7.19,1.72,7.39,7.93
2151,-26.59,20.66,28.48,3.98
2152,-23.11,14.37,52.73,4.0
2153,-25.0,12.49,31.7,8.72
2154,-15.95,0.57,38.04,9.04
2155,0.31,17.87,33.84,4.53
2156,0.12,15.75,33.07,0.18
2157,-13.41,17.6,34.91,6.2
2158,-20.44,5.13,32.99,16.76
2159,-7.94,1.47,34.39,8.07
2160,-13.77,3.06,28.99,-3.65
2161,-14.36,5.76,39.47,21.98
2162,-5.45,38.74,36.99,-1.03
2163,-9.96,20.22,35.47,10.64
2164,-24.1,5.61,34.37,-3.87
2165,-22.01,6.77,32.13,0.69
2166,-5.28,18.96,25.58,-21.04
2167,-18.81,-17.8,34.96,70.8
2168,-19.11,-24.63,36.72,-24.71
2169,-4.28,22.84,27.32,-5.39
2170,-8.16,22.68,33.44,-3.23
2171,-9.44,42.78,34.91,6.74
2172,5.14,38.92,41.48,5.03
2173,-4.93,-9.4,36.9,-0.69
2174,-15.68,21.14,46.9,21.62
2175,-10.79,12.53,30.49,-3.23
2176,13.79,43.79,22.69,6.82
2177,1.96,13.28,35.34,-31.86
2178,-24.38,-19.35,41.18,24.83
2179,-11.86,6.92,38.71,63.77
2180,-18.02,-5.0,23.72,-49.84
2181,-16.86,32.51,60.07,14.01
2182,-7.77,11.14,33.73,4.22
2183,-2.8,-17.01,28.77,-3.53
2184,-8.23,6.52,35.11,7.85
2185,-7.63,12.58,39.96,68.62
2186,-8.99,-22.74,29.46,-40.81
2187,-8.96,3.15,20.24,-11.12
2188,-12.47,-7.05,35.61,3.5
2189,2.63,22.78,40.79,1.03
2190,-2.05,5.13,28.99,3.76
2191,-18.85,-25.19,32.98,12.09
2192,-6.29,-13.64,32.3,-5.16
2193,-2.88,26.03,25.18,-3.47
2194,-15.51,18.38,34.64,18.17
2195,-4.47,19.53,30.58,5.61
2196,2.55,-4.57,23.96,1.86
2197,-9.68,-26.9,31.73,-12.62
2198,-16.97,38.98,39.92,17.68
2199,-2.71,6.06,30.16,2.35
2200,1.7,20.99,27.29,-1.45
2201,-5.23,18.54,34.24,19.61
2202,1.35,24.08,20.71,-7.31
2203,-1.84,0.02,33.82,0.13
2204,-22.9,5.11,37.31,4.27
2205,-22.98,17.29,29.06,58.36
2206,10.39,-17.5,54.62,-19.18
2207,-16.17,-28.71,10.09,-15.84
2208,-14.7,7.84,33.67,2.38
2209,-0.44,42.0,33.13,-6.71
2210,-4.69,-21.6,37.48,18.3
2211,-21.8,-46.14,29.54,-6.82
2212,-11.47,21.14,33.71,29.68
2213,2.59,12.99,43.54,-12.82
2214,-9.3,7.18,29.08,-22.38
2215,1.19,22.26,46.86,47.37
2216,-7.64,-33.79,35.85,-5.49
2217,-19.38,-48.07,34.3,1.47
2218,-16.87,20.3,43.22,-2.27
2219,-2.33,30.18,37.47,40.41
2220,-4.41,29.94,30.73,-26.12
2221,-17.29,33.37,39.21,1.08
2222,-10.32,16.61,25.83,10.24
2223,-3.3,-2.06,35.47,5.77
2224,-2.97,35.41,32.81,-15.01
2225,-7.23,9.66,39.43,54.22
2226,-20.87,-19.95,59.13,7.31
2227,-17.99,14.97,12.08,-15.52
2228,-17.78,-2.23,28.71,-2.92
2229,-8.75,-0.44,31.65,-1.06
2230,-3.69,3.33,36.41,2.39
2231,-19.78,5.53,32.26,6.18
2232,-13.41,7.44,34.91,10.43
2233,-8.13,9.1,33.64,15.26
2234,-24.3,0.82,32.61,-1.11
2235,-11.55,4.76,37.96,35.54
2236,5.25,47.66,30.67,11.72
2237,-9.25,-11.81,29.79,-7.09
2238,-13.96,-8.32,26.14,-34.33
2239,-1.7,35.9,40.68,6.72
2240,-8.55,10.47,30.6,3.74
2241,-22.94,-39.7,31.63,3.6
2242,-3.51,-23.46,32.89,2.07
2243,-0.69,47.09,29.56,14.79
2244,-18.44,24.2,36.5,15.62
2245,-16.01,-2.96,35.36,-20.99
2246,-7.99,17.17,31.69,1.55
2247,-3.89,31.23,48.08,10.98
2248,-15.91,2.35,21.68,-10.13
2249,-6.15,11.83,21.06,-2.21
2250,-6.43,13.55,39.51,1.27
2251,-16.14,15.4,37.97,7.98
2252,-6.12,8.33,21.6,-1.53
2253,4.62,5.93,18.35,-12.85
2254,-16.57,19.11,35.76,-32.97
2255,-11.73,0.57,48.64,112.91
2256,0.54,8.5,16.69,-17.11
2257,-10.75,14.39,30.58,-22.94
2258,-16.55,17.66,40.04,1.42
2259,-10.35,20.17,38.06,-19.95
2260,-13.15,-6.13,31.78,25.2
2261,-16.34,24.61,34.81,4.78
2262,-4.77,34.27,32.6,0.37
2263,0.1,-23.81,28.54,18.15
2264,-14.05,-6.48,32.85,-6.59
2265,-8.99,4.42,31.12,-4.1
2266,-2.09,-0.73,30.3,1.62
2267,-10.64,7.66,32.93,18.77
2268,-15.54,-36.11,61.82,23.27
2269,-2.46,-14.32,2.7,-10.64
2270,-1.56,51.98,21.22,-13.8
2271,-21.4,6.8,26.42,0.08
2272,-4.34,5.02,30.03,25.05
2273,-11.18,67.66,30.59,-9.66
2274,-18.04,14.11,26.58,-2.22
2275,-0.26,8.8,26.99,61.85
2276,-3.82,3.66,14.14,-58.94
2277,-21.25,-3.42,33.3,16.9
2278,-15.17,16.19,42.68,0.54
2279,2.77,26.45,32.6,-14.15
2280,-23.39,-19.15,24.12,31.13
2281,-23.46,2.63,25.56,-4.51
2282,-11.23,17.96,24.04,1.09
2283,-2.09,26.09,26.41,10.13
2284,-19.41,13.27,27.98,-5.24
2285,-11.83,21.12,27.54,2.7
2286,-4.69,19.42,37.03,7.98
2287,-16.29,15.53,30.03,1.08
2288,-11.46,-35.39,29.84,6.45
2289,1.67,8.34,34.68,0.91
2290,-13.72,41.45,19.04,-2.9
2291,-17.87,-4.2,44.6,24.83
2292,-8.71,-22.64,59.19,10.37
2293,-0.92,33.74,19.58,20.88
2294,-18.36,34.51,27.04,-28.38
2295,-16.93,10.36,29.93,24.66
2296,3.96,27.58,17.59,-9.2
2297,-6.12,23.42,50.11,1.53
2298,-3.28,21.18,37.29,25.27
2299,0.95,18.73,41.33,-21.69
2300,-13.4,7.8,33.27,16.97
2301,-0.56,34.36,40.31,21.95
2302,-4.17,9.18,32.84,-7.12
2303,-5.77,-17.35,26.84,-7.07
2304,-15.8,14.34,27.0,10.48
2305,-7.12,93.27,41.68,9.13
2306,-0.93,-29.02,35.04,0.27
2307,-9.52,-8.06,38.19,6.25
2308,-17.66,-17.47,37.5,4.8
2309,-0.54,-28.35,29.36,5.09
2310,-4.3,33.38,37.0,31.54
2311,-14.36,21.47,38.82,2.75
2312,0.82,38.76,35.25,17.79
2313,-2.13,20.09,27.99,-31.22
2314,-22.85,13.13,67.28,33.68
2315,-23.01,-13.73,21.11,7.74
2316,-7.79,-40.11,22.78,-29.27
2317,-5.63,48.92,39.29,16.52
2318,-13.14,20.06,27.44,1.52
2319,-2.19,-3.11,29.22,29.52
2320,-8.39,22.56,29.1,-16.43
2321,-18.22,25.65,43.01,0.31
2322,-0.13,7.78,40.0,19.05
2323,5.3,32.72,34.41,-8.94
2324,-11.95,34.93,34.01,-4.58
2325,-26.53,-18.11,32.51,3.98
2326,1.74,8.78,35.61,4.67
2327,1.57,53.32,23.57,1.26
2328,-12.7,-64.2,34.6,-6.6
2329,5.76,46.38,30.8,0.5
2330,7.3,44.2,37.22,3.88
2331,-18.47,-7.62,29.71,5.42
2332,-15.11,8.12,34.17,55.54
2333,-7.42,-13.78,26.37,-8.86
2334,-26.22,13.87,45.28,-10.89
2335,-17.09,2.23,21.67,-8.6
2336,4.0,13.02,26.57,-10.79
2337,-9.71,0.17,23.0,0.06
2338,-18.42,-14.99,34.25,29.24
2339,1.17,38.57,16.21,-10.78
2340,1.13,33.31,35.13,4.21
2341,-16.55,-3.42,34.01,5.34
2342,4.24,9.33,37.9,6.47
2343,-0.42,3.35,31.27,2.57
2344,-16.66,1.54,26.82,8.0
2345,-4.26,13.82,39.88,11.78
2346,-4.69,20.6,28.25,0.89
2347,-30.61,-18.61,25.44,-12.6
2348,-5.62,7.23,36.46,16.97
2349,1.93,-13.94,45.61,46.86
2350,-4.92,-6.12,35.31,8.49
2351,-23.64,2.34,38.28,-1.93
2352,-4.21,60.19,33.24,-21.91
2353,-10.11,-12.45,26.68,16.48
2354,-19.63,-5.71,31.88,16.03
2355,-7.92,-15.44,58.17,34.54
2356,1.25,17.58,25.5,-21.07
2357,-23.03,1.64,27.28,-11.75
2358,-14.96,13.93,29.38,-6.66
2359,-4.56,14.13,34.09,9.87
2360,-2.06,33.99,38.88,24.64
2361,-13.11,40.91,30.73,-10.1
2362,0.05,17.34,22.79,6.31
2363,-28.97,-48.41,37.74,3.96
2364,-22.2,29.0,20.09,-1.93
2365,-12.72,24.99,40.39,84.6
2366,-6.44,4.33,33.07,-59.64
2367,-19.34,15.71,37.57,16.61
2368,-18.63,24.34,31.76,5.23
2369,-2.18,18.08,19.3,1.96
2370,-6.73,-19.18,42.7,14.9
2371,-19.14,30.9,32.25,20.7
2372,-13.59,-5.0,24.42,-3.38
2373,2.97,26.0,28.54,-4.85
2374,-15.98,19.84,30.95,4.05
2375,-8.25,-5.13,36.08,19.21
2376,-0.96,4.31,35.1,-3.95
2377,-15.54,13.41,37.89,3.14
2378,-22.93,-8.05,34.59,-5.05
2379,-0.87,3.74,26.02,-27.99
2380,-10.89,31.01,33.37,11.4
2381,-14.92,4.92,35.08,12.43
2382,-16.21,1.83,34.43,5.43
2383,-9.93,-2.1,35.8,1.73
2384,-17.89,19.93,36.58,2.3
2385,-6.6,12.86,29.74,7.81
2386,-6.82,-20.14,32.72,57.98
2387,-27.22,20.13,33.41,-23.98
2388,-22.79,3.2,28.66,-12.09
2389,-1.4,31.13,23.53,12.54
2390,-18.74,8.7,43.05,-19.68
2391,-16.96,34.39,35.46,3.19
2392,-9.93,-2.61,32.78,-0.99
2393,-10.33,3.18,34.7,2.71
2394,-28.11,13.39,27.42,3.72
2395,-20.23,7.89,31.85,-14.47
2396,-4.5,12.02,40.68,68.85
2397,-10.76,45.18,15.31,-60.28
2398,-14.23,33.54,51.98,37.43
2399,-9.46,-14.11,28.97,-8.71
2400,-6.38,14.31,31.9,-3.86
2401,-25.18,-12.37,30.33,0.9
2402,-13.05,-9.04,45.62,0.49
2403,-6.24,-22.25,20.92,-5.82
2404,-14.32,-1.38,32.22,68.29
2405,-2.29,43.99,33.15,-32.17
2406,4.65,21.66,34.28,-9.92
2407,-21.31,-0.82,38.23,-4.04
2408,-27.26,-34.54,38.76,1.31
2409,-17.58,13.74,28.21,-2.47
2410,-11.49,19.77,36.6,16.62
2411,-17.41,11.59,39.22,1.81
2412,-8.6,15.82,33.7,-12.83
2413,-12.61,-7.3,36.09,34.58
2414,-20.22,-1.1,39.94,-28.64
2415,-11.46,15.32,36.22,12.6
2416,-11.6,9.83,39.0,-1.19
2417,-17.3,-17.4,36.52,-0.71
2418,-20.7,-5.43,34.52,4.56
2419,-12.65,5.55,33.16,4.0
2420,-15.15,13.9,33.4,12.27
2421,-23.37,26.21,33.77,3.26
2422,-8.56,12.27,34.3,-3.14
2423,-4.26,30.68,27.56,10.89
2424,-26.88,29.07,40.07,-18.93
2425,-16.13,59.41,35.28,7.49
2426,-10.76,7.99,52.03,12.56
2427,-20.23,-5.35,21.26,-9.55
2428,-19.37,-4.62,42.08,15.63
2429,-8.94,2.72,35.51,-16.29
2430,-13.96,-5.55,33.98,15.21
2431,-24.09,27.2,27.52,4.64
2432,-7.79,21.41,37.56,5.15
2433,-10.45,19.09,30.65,4.63
2434,-18.79,14.62,36.12,5.78
2435,-19.08,-1.08,32.85,11.97
2436,-6.99,5.61,36.59,11.38
2437,-23.49,7.15,41.47,6.12
2438,-25.83,1.2,32.08,-4.46
2439,-15.69,-7.52,24.55,-1.88
2440,-16.59,-27.33,35.44,12.12
2441,-22.71,-20.46,37.53,3.41
2442,-13.33,38.77,43.75,50.14
2443,-12.3,21.23,25.57,-22.07
2444,-16.22,9.07,33.11,-9.09
2445,-15.23,21.76,33.27,-4.74
2446,-6.76,21.38,30.84,-9.48
2447,-25.84,-2.06,36.82,-2.73
2448,-18.91,-2.78,49.04,18.87
2449,-8.99,-2.55,29.34,5.3
2450,-10.66,37.58,35.0,5.5
2451,-22.78,10.12,34.45,9.24
2452,-10.92,-2.54,36.36,1.97
2453,-5.55,-9.04,31.99,-1.93
2454,-25.53,-4.53,32.95,20.06
2455,-8.82,3.62,38.27,30.8
2456,-2.25,19.34,42.17,-32.7
2457,-21.32,2.93,35.13,47.2
2458,-29.24,-6.23,44.41,-5.46
2459,4.35,25.55,34.55,43.23
2460,-7.23,17.85,26.28,-23.77
2461,-29.75,-0.69,27.79,-11.19
2462,-6.4,4.32,23.33,1.66
2463,-2.17,17.18,40.53,-5.93
2464,-22.88,19.58,38.24,9.22
2465,-16.03,-19.91,35.24,9.46
2466,-10.0,-46.46,23.41,-0.69
2467,-19.97,73.08,28.06,5.42
2468,-18.87,16.05,19.91,-10.95
2469,-0.68,18.33,37.36,20.9
2470,-13.07,24.04,25.57,4.69
2471,-21.7,29.75,35.35,3.76
2472,-15.55,-6.2,44.83,6.59
2473,-9.72,15.03,24.07,3.93
2474,-11.66,86.83,29.51,4.95
2475,-16.83,-21.79,29.2,23.03
2476,-19.58,-30.33,28.97,3.28
2477,-22.36,16.66,36.53,-35.84
2478,-32.22,8.49,26.08,16.62
2479,-5.82,-3.53,25.78,-1.17
2480,-5.74,6.4,33.21,48.82
2481,-21.64,31.77,28.86,-44.18
2482,-13.53,17.83,30.64,0.89
2483,-9.53,17.06,38.15,3.68
2484,-24.19,15.02,36.68,18.64
2485,-7.34,26.42,29.39,-16.84
2486,-0.98,11.05,19.15,-14.66
2487,-21.24,-28.23,38.39,15.09
2488,-19.31,33.27,31.59,4.5
2489,-4.13,15.71,35.63,-3.8
2490,-11.65,9.88,31.87,38.66
2491,-19.18,15.62,25.81,-18.62
2492,-17.3,-24.01,27.02,6.28
2493,-11.66,9.67,36.52,40.38
2494,-31.48,0.46,36.41,2.98
2495,-3.88,18.16,26.07,-18.61
2496,4.55,17.29,37.8,-2.46
2497,-12.28,25.72,30.7,1.23
2498,-11.16,25.04,24.12,-10.37
2499,-18.83,23.86,35.97,12.71
2500,-23.73,-3.91,21.01,-36.4
2501,-26.29,-20.9,34.73,-13.75
2502,-11.76,-0.53,35.5,56.86
2503,-3.7,18.87,33.66,5.51
2504,-14.6,33.74,33.51,16.48
2505,-21.6,22.61,59.02,76.94
2506,-17.6,14.97,20.16,-37.58
2507,-25.49,21.34,40.34,3.43
2508,-36.72,-49.34,46.16,46.2
2509,2.57,47.08,38.95,1.42
2510,-8.7,40.72,30.65,-3.61
2511,-31.23,-41.12,26.8,-5.32
2512,6.27,25.95,32.65,2.98
2513,-1.24,23.0,21.12,-26.76
2514,-30.0,16.94,55.02,46.46
2515,-0.55,20.81,21.6,-2.1
2516,-3.63,19.51,30.78,-0.53
2517,-17.6,-10.54,27.57,-9.11
2518,-14.34,44.72,40.18,40.3
2519,-37.17,-29.16,32.31,-8.67
2520,-8.8,-13.62,32.06,20.1
2521,-16.41,34.92,43.71,64.74
2522,-5.42,81.71,23.73,-38.22
2523,4.5,19.44,31.44,-10.87
2524,0.33,6.21,29.61,2.13
2525,-24.09,-11.8,38.49,-4.73
2526,-27.63,-41.48,16.44,-27.68
2527,-10.54,-8.85,37.64,22.75
2528,-24.06,-0.96,36.84,4.84
2529,7.57,-16.12,27.74,0.17
2530,-12.36,28.67,27.74,-0.34
2531,-39.31,2.7,35.08,19.93
2532,-19.8,-1.48,95.72,54.22
2533,-13.3,43.07,81.78,-39.23
2534,-20.94,-14.81,-32.66,-6.09
2535,0.02,30.13,26.55,7.66
2536,0.13,89.04,9.06,27.12
2537,-30.67,-25.64,41.59,-28.56
2538,-26.51,-22.78,38.08,2.08
2539,-0.18,11.25,16.22,4.94
2540,-3.94,21.4,24.06,1.28
2541,-27.35,43.39,31.54,7.52
2542,-17.03,-10.23,30.42,9.13
2543,1.6,-5.59,32.89,5.46
2544,-15.86,-4.4,79.75,174.85
2545,-34.58,47.93,83.76,-19.85
2546,12.21,79.15,18.65,60.95
2547,15.82,45.29,-20.06,-36.44
2548,-42.95,-37.53,22.23,-33.28
2549,-16.12,-31.78,24.17,-10.04
2550,-21.05,-2.9,55.01,-22.13
2551,-22.64,-6.01,97.08,17.72
2552,-10.03,-3.64,40.36,-15.7
2553,-1.65,45.35,-21.95,85.64
2554,-17.04,-18.75,24.35,-75.77
2555,-17.71,12.91,47.92,-7.61
2556,-12.39,11.57,28.54,-5.0
2557,-12.43,4.83,27.77,29.85
2558,-14.45,-1.57,15.83,17.38
2559,-4.93,-23.6,44.37,61.89
2560,-24.03,9.88,41.48,7.29
2561,-28.84,-7.03,49.95,15.0
2562,-4.98,-21.88,32.6,-38.45
2563,9.77,49.76,61.53,70.02
2564,-27.86,33.09,15.12,-93.69
2565,-37.94,-30.04,30.49,11.82
2566,-10.79,-17.82,35.75,-47.53
2567,0.3,25.88,28.63,15.43
2568,-16.44,13.86,50.81,32.93
2569,-9.21,26.47,30.01,46.04
2570,-7.0,-26.33,36.57,-29.64
2571,-20.87,-12.23,44.07,-31.65
2572,6.53,48.1,80.16,-37.65
2573,-9.81,-27.79,1.65,87.88
2574,-11.31,29.32,29.86,-30.25
2575,-27.23,-22.61,50.5,16.26
2576,-5.65,-11.24,20.87,2.07
2577,-27.29,-32.51,56.78,-2.56
2578,-16.26,-6.53,27.89,-0.05
2579,12.76,30.55,61.28,-2.1
2580,-16.76,12.2,33.64,37.86
2581,-29.0,18.76,15.47,-46.64
2582,-13.84,7.36,32.96,46.76
2583,-14.97,-37.43,31.86,-133.82
2584,-29.35,8.45,44.4,44.13
2585,-27.35,5.0,32.42,42.29
2586,40.55,12.55,63.31,-8.3
2587,-12.78,2.23,74.67,43.32
2588,-5.9,93.86,5.51,40.23
2589,-21.9,3.29,19.33,-47.55
2590,-8.11,-20.52,31.59,68.89
2591,-34.87,8.36,94.68,-10.99
2592,6.39,-16.13,76.3,46.7
2593,0.72,-22.54,-11.17,-35.69
2594,-23.91,-39.85,0.43,-56.23
2595,5.64,66.05,22.33,-10.9
2596,-18.61,-17.56,23.3,-18.38
2597,-17.13,37.86,32.97,4.93
2598,-39.51,-2.03,26.36,38.11
2599,-14.2,-15.74,47.67,-37.27
2600,-15.02,38.77,40.33,4.9
2601,-15.12,8.15,44.33,-18.07
2602,-3.36,34.14,28.94,-17.52
2603,0.8,10.86,41.42,32.78
2604,-16.7,-39.41,31.88,43.74
2605,-11.21,30.17,43.2,3.45
2606,-2.9,56.01,26.38,1.01
2607,-21.53,44.37,38.65,-24.72
2608,-15.77,-14.6,44.59,47.26
2609,2.25,-30.81,70.85,-30.36
2610,-9.91,18.34,39.43,-23.13
2611,-46.83,2.88,9.59,43.37
2612,-25.47,-0.64,31.01,54.87
2613,-8.91,3.4,41.14,-130.95
2614,-15.11,-5.88,81.12,45.92
2615,5.33,23.95,76.67,38.16
2616,-6.05,13.28,-38.19,-70.81
2617,-36.48,13.16,39.24,16.31
2618,-11.04,-18.15,17.79,-19.5
2619,1.36,6.28,29.17,98.83
2620,-8.81,6.45,20.82,-86.0
2621,-7.74,1.23,21.61,-30.19
2622,-25.09,12.31,63.37,8.62
2623,23.64,5.49,26.98,3.36
2624,37.22,50.89,40.96,190.99
2625,-71.11,-4.07,25.9,-135.98
2626,-30.55,24.89,46.65,50.51
2627,-2.35,37.37,42.85,-18.19
2628,-51.78,6.82,15.23,50.59
2629,-13.16,-10.01,39.82,-65.29
2630,-38.0,-96.0,86.73,11.32
2631,-4.26,27.68,17.7,-180.06
2632,33.17,142.85,57.47,149.57
2633,27.19,41.36,25.39,-7.6
2634,-74.58,-55.2,13.4,83.59
2635,-11.88,47.43,12.02,-73.03
2636,-7.44,-67.39,46.36,-6.51
2637,-41.63,-31.92,62.16,66.21
2638,-12.08,17.67,11.12,-36.34
2639,10.88,15.07,13.1,-21.77
2640,0.93,55.0,13.27,13.72
2641,-38.48,-24.53,38.29,4.24
2642,-20.12,-14.27,28.12,-64.23
2643,-37.9,9.89,96.37,111.55
2644,6.79,-6.89,0.64,-76.42
2645,-2.98,20.0,27.72,-25.41
2646,3.65,21.05,23.18,69.34
2647,-18.11,16.92,35.43,38.52
2648,-3.05,57.01,27.38,-40.91
2649,-4.53,1.47,42.0,-10.06
2650,-27.31,-37.44,71.29,-27.84
2651,-20.95,26.53,48.67,-7.21
2652,5.25,22.4,27.54,55.2
2653,-13.28,-17.88,35.55,-30.27
2654,-17.9,1.56,27.88,33.53
2655,-8.18,-13.78,26.31,48.93
2656,16.83,61.51,27.54,-40.11
2657,-22.12,-6.71,44.13,-11.41
2658,-29.8,-15.59,34.08,-28.23
2659,9.16,14.65,23.66,21.11
2660,-6.55,26.29,81.38,132.32
2661,-31.77,66.24,-7.61,-83.57
2662,0.66,-27.37,20.77,-57.48
2663,-6.54,-21.15,36.12,40.4
2664,2.18,8.37,44.32,-47.18
2665,-15.06,-3.57,32.66,58.26
2666,-17.85,-13.85,49.85,-16.04
2667,-1.77,39.19,38.41,6.61
2668,-16.67,36.31,20.88,25.47
2669,-8.33,30.53,39.12,2.08
2670,-33.34,-58.92,38.03,13.91
2671,-21.38,0.89,33.31,-51.25
2672,-5.51,56.77,36.54,10.62
2673,16.27,49.68,46.27,-7.86
2674,-34.8,19.4,25.81,22.79
2675,-22.17,-11.73,47.2,18.27
2676,-4.6,13.43,45.24,-39.13
2677,-22.58,0.7,82.48,-30.39
2678,-20.85,-1.72,39.62,26.35
2679,-9.05,2.75,-22.11,0.15
2680,-16.15,14.67,20.06,-36.34
2681,-14.34,7.45,59.98,43.66
2682,7.02,25.01,14.72,5.75
2683,-1.86,25.38,25.66,229.48
2684,-10.13,48.81,48.28,-158.65
2685,-42.94,-52.04,24.84,-19.32
2686,-7.48,-14.08,23.84,-34.14
2687,-14.38,51.35,33.17,36.45
2688,-2.71,-17.55,19.89,-9.85
2689,-14.02,-19.51,28.98,-35.95
2690,-41.35,0.48,40.85,-7.0
2691,-10.21,19.49,30.09,-3.82
2692,8.95,32.91,32.76,28.66
2693,-5.99,-39.03,35.67,-24.67
2694,-0.76,-1.05,33.58,-11.1
2695,-35.82,42.88,59.08,41.98
2696,-22.83,20.75,11.75,-3.44
2697,-28.2,0.25,18.79,41.82
2698,-33.08,-19.54,28.19,-63.8
2699,0.9,11.89,62.28,6.76
2700,9.95,13.32,57.04,6.81
2701,-28.39,8.04,14.27,0.7
2702,-27.84,2.78,26.13,-0.77
2703,9.79,61.41,100.38,3.0
2704,-23.86,44.31,35.21,16.4
2705,-33.2,-61.33,-26.69,4.78
2706,3.71,-23.71,48.39,16.79
2707,-30.24,-15.67,56.47,-14.65
2708,-19.47,7.04,-7.84,37.08
2709,0.68,13.81,3.35,-34.69
2710,5.88,32.08,35.18,91.6
2711,-39.47,6.97,31.07,-75.57
2712,-19.73,5.33,38.43,-1.02
2713,-30.43,-1.59,20.47,68.86
2714,-12.98,8.15,23.16,-29.23
2715,-1.22,-13.16,28.29,-17.31
2716,-5.67,44.46,40.75,-39.56
2717,-24.48,-13.73,28.02,38.99
2718,-17.55,21.32,53.63,-9.83
2719,-3.93,22.07,23.51,10.37
2720,-22.21,-13.58,19.75,-5.09
2721,-26.67,19.96,26.12,18.61
2722,-34.3,-53.42,56.8,26.47
2723,-5.11,59.19,52.92,-43.22
2724,-18.08,-0.66,15.64,13.63
2725,-6.75,-18.38,-0.56,-29.89
2726,-14.77,-0.94,17.04,128.52
2727,-31.61,-4.41,68.82,-26.89
2728,-18.9,-32.55,56.09,-34.36
2729,-0.92,-17.82,9.36,-10.56
2730,-13.76,41.72,-14.11,10.32
2731,-10.69,28.18,33.32,-27.61
2732,2.91,36.39,34.35,13.64
2733,7.66,38.24,19.13,-9.16
2734,-37.59,-22.48,36.48,87.88
2735,-18.57,34.97,25.74,-46.9
2736,-16.31,-48.49,27.17,-18.44
2737,-18.41,6.87,20.12,-4.7
2738,-16.82,4.04,42.56,4.46
2739,-3.98,12.16,58.42,32.83
2740,-6.39,23.68,2.73,38.09
2741,-1.84,20.14,50.22,-48.49
2742,-9.42,0.65,18.04,91.75
2743,-17.98,33.94,49.62,-22.85
2744,-31.52,-28.94,31.66,-11.48
2745,-7.35,9.85,26.28,-2.34
2746,-5.94,14.5,81.45,-13.01
2747,-13.02,1.72,-2.44,-46.09
2748,-5.18,-2.69,8.14,39.31
2749,-5.56,-13.33,23.3,31.18
2750,-20.63,13.12,21.35,-23.38
2751,-23.63,21.78,27.1,5.01
2752,-17.74,-32.21,31.19,7.59
2753,-1.78,25.99,33.44,3.24
2754,-10.8,48.2,24.29,78.2
2755,-19.81,18.92,19.57,-45.88
2756,-12.23,-12.76,27.05,-24.17
2757,-13.22,22.31,38.73,21.73
2758,-10.56,35.44,21.44,50.85
2759,-5.36,4.09,29.1,-36.73
2760,-8.07,18.76,25.25,-6.97
2761,-31.0,9.15,26.52,2.92
2762,-15.72,10.0,31.52,8.74
2763,3.91,31.82,36.22,-10.25
2764,-6.02,29.03,52.07,-23.57
2765,-11.29,-35.46,-3.07,10.2
2766,-13.67,-23.84,42.14,75.91
2767,-18.3,12.38,17.56,-25.95
2768,-29.55,25.41,15.85,-4.67
2769,-4.82,18.57,37.26,22.72
2770,5.58,7.2,35.97,-23.48
2771,-13.45,-17.73,27.49,-84.17
2772,15.85,48.02,38.61,50.64
2773,-2.84,30.7,28.86,6.67
2774,-28.65,-26.94,66.25,75.1
2775,-27.56,34.9,26.53,-50.21
2776,-15.33,-2.67,86.3,-16.55
2777,-11.5,-7.76,12.46,-5.55
2778,-21.04,29.86,7.15,0.52
2779,-6.85,26.86,23.88,6.03
2780,-16.52,-38.95,18.96,-35.16
2781,-9.72,39.33,44.79,79.16
2782,-2.55,25.74,24.61,-25.74
2783,-4.34,21.75,34.79,-16.81
2784,-22.86,5.03,33.76,59.67
2785,-16.31,4.63,48.63,-5.22
2786,5.33,52.53,37.19,-19.36
2787,16.51,79.97,53.91,83.89
2788,-24.92,-14.05,32.72,-43.54
2789,-23.85,-43.08,57.39,-27.65
2790,-17.35,-7.29,20.78,17.86
2791,-40.22,-5.83,45.23,18.35
2792,-28.27,2.16,22.66,-35.16
2793,-1.19,25.46,22.9,-16.61
2794,-2.6,21.11,36.08,12.21
2795,8.95,51.26,28.14,29.95
2796,-11.35,-34.9,66.68,36.42
2797,-6.41,36.86,20.17,49.49
2798,-12.26,26.85,24.66,-0.19
2799,-7.29,48.27,33.37,-15.82
2800,-18.28,-9.26,37.16,-7.41
2801,-26.65,-33.99,46.36,-0.13
2802,4.79,45.34,36.6,-31.91
2803,-8.94,28.72,21.79,31.84
2804,-41.66,-14.92,31.03,-3.25
2805,-41.37,-19.79,30.79,-1.82
2806,0.8,12.56,30.45,-4.72
2807,-5.51,55.82,41.73,27.02
2808,-14.13,-27.66,18.7,8.44
2809,-2.86,11.87,58.13,-6.68
2810,1.26,45.84,43.85,64.92
2811,3.03,42.29,47.77,-37.5
2812,-33.2,7.54,99.62,56.75
2813,-18.91,-67.9,28.93,-5.75
2814,-17.33,28.96,10.73,-65.41
2815,-7.97,71.89,48.08,10.25
2816,-1.35,17.56,38.67,-29.13
2817,-26.48,11.83,20.17,-2.71
2818,-26.66,3.5,25.08,57.29
2819,-24.78,-7.19,36.68,-6.46
2820,-8.29,13.7,44.7,2.96
2821,-5.89,52.86,53.5,30.77
2822,-11.99,-11.44,28.81,-20.87
2823,-0.78,17.7,29.15,0.51
2824,14.68,81.62,28.42,-13.79
2825,-24.04,3.29,36.8,91.2
2826,-22.4,-1.97,46.81,-55.08
2827,-35.64,-14.42,24.73,-24.88
2828,-14.3,11.61,39.07,14.87
2829,6.04,30.26,44.4,7.82
2830,-16.7,0.99,95.99,89.06
2831,-31.69,-8.94,84.89,-78.28
2832,17.68,41.48,50.28,-7.92
2833,-26.25,43.5,-28.04,8.77
2834,-33.32,-57.57,36.7,18.07
2835,0.75,28.76,27.27,43.93
2836,6.97,38.24,17.97,-13.82
2837,-14.61,20.46,23.45,4.99
2838,-20.8,34.15,39.4,99.93
2839,2.32,0.6,41.67,-43.35
2840,-30.24,7.02,34.05,-7.2
2841,-23.36,23.28,29.27,-38.42
2842,-17.08,41.71,40.05,146.36
2843,-15.44,62.91,53.04,-45.5
2844,-25.28,-45.82,6.2,-125.57
2845,-19.78,-12.36,43.46,59.51
2846,5.28,28.09,58.59,14.94
2847,-41.51,1.14,44.86,17.57
2848,-18.28,14.9,81.25,-78.13
2849,1.96,10.4,-9.77,133.47
2850,-6.04,8.04,20.32,-12.33
2851,-34.38,-17.7,69.55,-14.52
2852,-9.3,44.16,36.58,-9.61
2853,-11.83,-14.33,7.23,206.7
2854,-29.62,5.49,33.81,-132.33
2855,-14.47,18.78,28.25,-19.24
2856,0.65,23.06,46.31,-13.22
2857,-23.42,58.56,18.91,-8.13
2858,-19.47,-7.14,29.0,-9.1
2859,-7.32,-0.38,32.25,-26.78
2860,-32.37,10.57,34.85,5.57
2861,-32.98,-9.07,45.38,22.78
2862,19.2,57.3,25.94,2.82
2863,5.62,27.91,43.26,10.93
2864,-85.56,-72.4,84.84,77.34
2865,-25.43,31.21,25.17,-31.06
2866,4.13,38.66,81.49,-8.24
2867,-7.5,20.81,1.9,8.73
2868,-17.22,50.82,12.74,196.97
2869,-24.77,-14.74,3.79,-113.28
2870,-25.44,-18.29,87.79,-51.03
2871,-22.31,-2.02,14.45,6.47
2872,-6.7,63.87,35.78,32.87
2873,-1.07,146.38,23.93,18.08
2874,-40.08,-114.15,32.04,-109.04
2875,-19.01,-18.77,99.11,52.81
2876,5.98,18.61,10.75,-1.02
2877,-4.33,99.79,15.08,19.45
2878,-54.07,-25.41,30.18,11.71
2879,-15.59,-22.13,41.39,-10.65
2880,-12.08,19.62,51.04,21.12
2881,-24.49,41.59,28.05,7.01
2882,-18.37,4.65,23.42,94.88
2883,-2.26,41.23,30.89,-73.81
2884,-24.21,0.28,47.48,3.75
2885,-9.73,10.5,64.59,35.25
2886,-6.34,51.03,25.7,-13.84
2887,-20.7,52.38,61.62,-4.33
2888,-19.98,39.4,-4.2,-11.4
2889,2.26,59.0,22.04,33.59
2890,-2.13,-36.14,31.79,-55.28
2891,-20.97,-37.61,69.55,26.1
2892,-1.25,52.8,44.9,33.86
2893,-11.73,-36.42,20.54,95.75
2894,-64.28,-70.15,19.59,-38.94
2895,-26.67,52.09,37.86,-8.02
2896,5.5,-0.85,25.67,-17.61
2897,-30.02,-2.63,25.86,40.22
2898,-40.29,-8.27,53.1,19.82
2899,1.39,35.0,33.39,-34.29
2900,-0.43,83.11,58.53,-23.45
2901,-20.76,-3.16,35.6,-18.62
2902,-22.26,6.11,29.89,-9.79
2903,10.83,73.25,94.37,49.01
2904,-20.94,-4.48,-5.93,43.88
2905,-18.16,-37.02,12.32,101.0
2906,-6.7,2.87,25.93,-46.76
2907,-5.0,-29.98,8.29,-38.01
2908,-57.25,34.15,40.98,47.52
2909,-34.42,-21.3,33.47,3.92
2910,-16.74,-6.58,71.78,-53.64
2911,-17.14,23.85,41.48,51.63
2912,-17.58,21.21,22.73,-8.5
2913,-8.25,20.63,35.39,-14.34
2914,-11.39,60.69,56.09,4.23
2915,-17.09,13.94,50.96,-39.64
2916,-27.79,-69.69,76.39,71.99
2917,-28.62,-8.89,-6.03,-19.33
2918,2.89,63.99,25.26,75.96
2919,-1.98,48.7,81.95,-59.69
2920,-26.12,35.62,32.66,-28.11
2921,-5.93,-4.59,15.73,39.42
2922,-2.85,7.88,-1.68,5.44
2923,-3.96,-4.14,-3.67,31.82
2924,-9.34,-8.77,64.06,56.61
2925,-26.91,-30.59,31.5,-53.83
2926,-5.04,48.72,28.22,24.97
2927,-5.19,-10.22,84.59,-64.75
2928,-32.24,16.22,13.36,98.06
2929,6.22,27.31,50.9,-4.53
2930,-14.86,28.45,17.5,-68.62
2931,-54.09,-9.93,62.13,23.89
2932,6.63,35.55,78.62,52.01
2933,-12.1,52.52,43.54,-59.7
2934,-16.36,-41.97,17.94,34.84
2935,-18.06,-34.47,77.61,105.36
2936,-5.7,-16.65,-23.73,-60.87
2937,-14.05,23.39,9.45,-70.21
2938,-0.67,66.66,27.21,48.22
2939,-3.72,34.08,63.13,19.87
2940,-9.74,-2.59,24.21,59.35
2941,-42.84,-30.02,34.06,12.36
2942,-20.35,22.3,84.98,-13.5
2943,-0.54,3.28,10.16,-29.51
2944,-22.46,49.15,37.74,-0.17
2945,-10.01,35.12,35.27,38.14
2946,6.88,28.14,68.18,121.93
2947,-34.84,97.6,15.25,-91.92
2948,-11.53,1.65,44.59,26.56
2949,-17.35,-48.16,127.4,-27.03
2950,-14.02,3.82,28.84,9.76
2951,-18.97,-15.02,-38.22,5.24
2952,-25.17,-24.35,31.4,-15.14
2953,5.25,32.43,10.15,-44.01
2954,-19.09,56.01,41.34,22.83
2955,-12.93,8.68,54.02,24.39
2956,-11.02,-17.32,10.31,-9.01
2957,-25.61,15.41,71.06,46.24
2958,-24.76,-12.16,21.79,-46.74
2959,-10.58,-33.63,51.67,243.98
2960,-14.11,0.15,24.99,-173.04
2961,-8.94,56.72,28.79,-31.12
2962,-29.54,5.42,31.87,-11.67
2963,14.04,6.0,35.82,-11.7
2964,-34.28,-6.19,50.63,41.23
2965,-8.8,-14.25,116.44,46.0
2966,2.81,59.05,4.73,4.35
2967,-20.7,-21.15,69.69,-27.61
2968,-8.64,20.91,-7.89,-25.27
2969,10.12,52.7,8.55,21.96
2970,3.73,27.61,30.94,-29.89
2971,-27.43,24.46,4.39,60.32
2972,-26.9,-40.56,78.68,-30.56
2973,-24.94,-4.28,26.39,41.74
2974,-19.25,33.65,37.1,46.5
2975,-8.76,-11.6,37.66,8.45
2976,-3.39,54.27,28.02,-35.07
2977,2.43,12.52,58.11,9.31
2978,-26.49,-0.59,15.76,-85.2
2979,-14.85,-18.37,80.04,26.57
2980,-9.89,12.86,86.74,-21.09
2981,-15.17,20.32,12.78,47.77
2982,-6.04,106.55,42.52,122.58
2983,12.11,53.74,-1.42,-46.53
2984,-51.6,-74.18,0.53,36.78
2985,-19.64,-32.19,42.16,-66.36
2986,4.28,20.54,37.61,-4.9
2987,-1.89,36.13,34.55,-3.41
2988,-18.49,18.95,30.57,-2.75
2989,-6.02,-19.77,47.58,-6.44
2990,-4.25,4.68,41.35,0.41
2991,2.85,6.24,24.28,-35.58
2992,0.14,8.21,38.81,107.13
2993,-23.08,38.98,38.55,-43.84
2994,-16.15,18.4,38.96,40.62
2995,-25.72,-6.41,101.21,63.75
2996,7.92,36.75,30.35,-89.53
2997,-18.58,66.24,6.81,16.98
2998,-30.7,44.1,24.93,-39.05
2999,-9.71,-74.98,33.39,5.61
