,ch1,ch2,ch3,ch4
0,-5.12,-432.77,-98.23,8.91
1,-16.62,-537.53,-111.05,13.1
2,-48.3,-481.32,-91.87,21.55
3,-42.45,-412.38,-101.49,14.05
4,-23.19,-549.68,-100.18,11.43
5,-21.82,-494.82,-95.3,14.97
6,0.65,-462.93,-93.64,9.23
7,-1.9,-483.69,-101.35,9.62
8,-14.31,-443.61,-100.55,8.0
9,-22.62,-480.15,-97.37,22.39
10,-14.95,-509.32,-101.19,13.83
11,-39.3,-554.3,-93.57,6.71
12,-23.89,-527.7,-99.8,12.01
13,-15.32,-443.63,-102.35,9.12
14,0.54,-428.55,-95.66,13.01
15,21.42,-420.96,-91.18,22.09
16,-71.18,-549.25,-104.69,8.2
17,-17.26,-296.78,-92.73,24.23
18,-3.51,-559.72,-107.39,7.36
19,-15.26,-492.0,-100.48,18.77
20,-13.85,-426.55,-98.99,16.25
21,-13.73,-540.25,-103.27,20.0
22,-30.85,-518.56,-94.66,16.37
23,-35.87,-495.31,-91.0,15.21
24,-29.41,-493.62,-90.37,18.9
25,-26.45,-450.28,-92.21,12.49
26,42.59,-374.03,-93.97,27.64
27,-4.42,-490.7,-104.2,7.81
28,-25.76,-353.0,-97.37,23.67
29,-30.7,-571.09,-98.78,17.37
30,-37.82,-500.52,-107.23,9.53
31,-55.77,-564.73,-96.74,20.48
32,-12.4,-500.8,-98.39,19.34
33,-15.99,-430.02,-104.68,18.46
34,-28.04,-530.37,-106.8,11.49
35,-32.67,-546.91,-108.41,15.33
36,-5.48,-458.64,-108.14,14.04
37,-46.63,-505.01,-106.52,19.62
38,-30.27,-425.98,-106.83,12.44
39,-17.83,-411.11,-98.9,5.08
40,-11.89,-496.84,-101.07,12.63
41,-43.11,-460.17,-100.37,15.96
42,-4.41,-494.29,-105.85,16.61
43,3.21,-494.34,-106.18,13.01
44,3.44,-432.92,-110.26,5.05
45,-27.91,-527.57,-95.11,25.31
46,-33.02,-473.16,-106.65,12.41
47,19.11,-451.88,-100.92,22.62
48,-14.16,-485.81,-106.78,13.7
49,-28.18,-499.26,-102.66,21.43
50,-44.55,-509.75,-108.08,13.73
51,-11.62,-472.27,-104.28,14.66
52,-10.21,-479.69,-105.12,15.25
53,-33.0,-497.11,-109.14,12.7
54,-45.12,-493.02,-104.8,17.27
55,-10.24,-434.43,-109.71,7.76
56,-36.16,-442.87,-109.46,12.02
57,0.03,-516.29,-105.87,19.45
58,-36.9,-497.7,-101.69,19.77
59,9.73,-479.49,-102.75,19.71
60,-43.09,-482.49,-103.1,15.26
61,25.68,-352.52,-101.58,29.97
62,-50.75,-571.47,-98.82,14.83
63,-46.54,-514.63,-110.02,14.1
64,-29.29,-506.17,-109.78,15.06
65,-44.43,-478.7,-107.06,16.9
66,14.55,-462.86,-115.61,11.75
67,-7.26,-473.12,-103.98,9.43
68,21.02,-348.96,-109.18,11.45
69,-16.63,-488.97,-103.98,24.54
70,-41.58,-519.81,-114.76,10.15
71,7.29,-429.48,-106.5,15.14
72,-46.33,-526.95,-104.74,12.53
73,-23.23,-467.07,-114.68,8.84
74,-28.01,-511.97,-107.09,12.83
75,-65.34,-476.52,-105.36,12.3
76,16.81,-344.52,-97.47,14.12
77,-23.67,-520.85,-115.16,11.04
78,-19.93,-587.51,-104.13,18.6
79,-62.47,-458.66,-105.55,26.04
80,-55.4,-524.37,-108.37,13.27
81,59.31,-397.09,-110.09,13.31
82,6.73,-383.89,-108.17,11.93
83,-27.52,-518.76,-106.59,19.93
84,-54.56,-611.72,-109.32,10.02
85,-15.15,-374.26,-103.16,15.92
86,8.59,-459.76,-97.8,24.72
87,-33.49,-531.49,-101.33,18.43
88,-12.31,-472.5,-100.9,24.73
89,-21.69,-499.23,-107.13,19.04
90,-15.43,-484.15,-107.31,18.19
91,-15.53,-494.67,-103.08,21.9
92,-20.09,-451.88,-99.55,26.98
93,-27.87,-435.71,-105.9,17.16
94,-18.21,-478.44,-105.38,12.53
95,-14.59,-507.2,-97.19,22.02
96,-23.28,-479.92,-107.87,19.03
97,10.41,-449.37,-107.36,13.36
98,-64.09,-510.98,-102.83,17.09
99,-24.1,-520.65,-108.08,12.53
100,0.93,-458.71,-106.83,8.83
101,-8.93,-491.13,-108.49,14.07
102,-17.11,-423.35,-97.1,15.53
103,-25.34,-456.38,-100.13,23.26
104,-30.93,-503.01,-99.08,13.18
105,-36.49,-489.45,-93.62,18.97
106,-45.6,-485.16,-100.17,8.9
107,25.13,-448.31,-103.6,13.0
108,-31.85,-519.11,-109.73,17.56
109,-1.27,-458.73,-101.49,17.75
110,-21.99,-478.96,-109.58,9.45
111,-24.24,-383.71,-101.21,11.24
112,-6.34,-462.98,-102.07,4.81
113,-9.39,-535.63,-101.63,13.75
114,-36.29,-496.05,-110.75,8.12
115,-6.99,-468.85,-104.58,9.62
116,-50.62,-469.72,-102.51,10.71
117,-72.46,-552.23,-105.69,18.9
118,13.21,-520.06,-109.12,16.87
119,-20.84,-462.78,-94.73,16.12
120,7.86,-412.2,-105.79,8.24
121,-15.99,-511.09,-103.66,19.31
122,-22.93,-486.05,-101.25,20.8
123,-6.36,-453.7,-106.05,14.48
124,-22.86,-495.42,-106.87,11.82
125,-12.53,-451.81,-103.18,19.62
126,-20.56,-436.87,-107.23,20.22
127,-21.68,-486.43,-111.59,15.42
128,-17.75,-481.46,-105.32,15.05
129,-26.44,-477.25,-101.6,14.96
130,-26.75,-567.59,-102.24,15.37
131,-33.86,-524.64,-100.22,20.42
132,-24.41,-455.74,-98.17,18.53
133,-1.35,-450.55,-100.3,24.62
134,-25.4,-489.59,-103.96,17.17
135,-31.86,-494.76,-100.84,21.14
136,-9.17,-450.47,-98.48,18.07
137,-34.7,-485.17,-103.44,17.28
138,-18.94,-441.72,-96.92,19.08
139,-55.32,-521.92,-90.62,18.06
140,-16.77,-505.53,-98.96,12.85
141,-17.13,-500.67,-106.45,11.49
142,-24.32,-497.21,-100.99,17.25
143,-23.91,-506.78,-97.69,19.42
144,-0.43,-423.97,-104.64,19.46
145,-6.44,-320.26,-102.77,18.94
146,-69.55,-629.44,-98.26,14.53
147,-35.06,-571.15,-100.64,15.88
148,-9.79,-389.22,-95.44,21.58
149,-10.23,-458.76,-101.08,16.57
150,-23.13,-490.92,-99.31,13.82
151,-35.41,-442.73,-100.01,14.69
152,-11.4,-350.95,-102.48,11.73
153,-40.77,-560.45,-98.34,17.12
154,-21.41,-504.79,-108.74,8.82
155,-37.84,-483.43,-97.93,11.87
156,-10.06,-484.39,-96.18,16.95
157,-23.85,-490.39,-104.85,11.45
158,-19.19,-478.73,-101.9,11.76
159,-17.65,-497.01,-103.66,6.56
160,-35.88,-494.08,-90.62,12.11
161,-38.63,-454.95,-97.32,12.82
162,-7.7,-493.52,-101.73,5.39
163,-25.8,-493.17,-105.95,4.2
164,-23.24,-425.12,-106.25,8.96
165,-8.84,-320.44,-107.99,7.05
166,-12.19,-550.95,-105.7,13.92
167,-40.07,-540.38,-102.01,14.95
168,-25.45,-504.35,-104.45,12.11
169,-15.51,-465.01,-104.99,8.54
170,-21.47,-492.01,-99.94,13.47
171,-24.85,-486.63,-108.72,10.52
172,-29.13,-462.08,-110.58,9.51
173,-38.32,-485.82,-104.92,10.75
174,-11.38,-494.05,-99.36,10.7
175,-29.12,-522.44,-111.33,8.3
176,-22.96,-435.61,-103.8,10.23
177,-1.79,-461.77,-102.49,5.62
178,-41.58,-530.92,-103.55,13.02
179,-33.9,-503.57,-108.27,7.28
180,14.83,-446.57,-104.29,0.71
181,-22.86,-543.64,-102.43,-0.04
182,-49.93,-439.73,-109.57,3.22
183,-18.65,-496.1,-108.81,4.32
184,14.05,-450.28,-110.73,3.27
185,-13.03,-474.83,-103.61,12.76
186,-37.11,-487.69,-99.24,19.14
187,-45.55,-460.56,-100.89,10.12
188,13.94,-498.79,-107.15,9.28
189,-36.52,-524.66,-105.37,5.04
190,-13.35,-497.06,-103.37,4.56
191,-15.26,-458.92,-106.92,5.48
192,-1.82,-399.67,-108.89,3.44
193,-22.3,-482.53,-104.62,9.19
194,-24.19,-486.73,-102.76,9.81
195,-27.3,-426.09,-101.86,6.08
196,-29.81,-536.87,-109.38,8.44
197,-27.62,-529.51,-104.89,8.88
198,-17.79,-438.25,-105.47,6.46
199,-17.04,-436.0,-106.55,1.58
200,-16.97,-453.12,-105.01,6.23
201,-17.99,-449.42,-111.0,4.37
202,-25.88,-481.42,-106.47,-3.68
203,-5.75,-459.17,-109.95,-1.48
204,-17.56,-481.58,-108.2,-5.06
205,-23.49,-487.45,-106.0,-7.97
206,-27.55,-484.72,-96.24,14.29
207,-63.11,-524.9,-101.94,10.56
208,-15.22,-446.28,-93.97,11.39
209,-11.41,-515.31,-102.03,9.31
210,-10.36,-474.77,-115.61,8.33
211,-35.13,-443.02,-109.64,2.17
212,-13.19,-442.03,-106.45,-2.53
213,-10.57,-506.61,-107.7,8.2
214,-30.12,-479.27,-105.23,5.86
215,-13.22,-388.52,-101.74,11.04
216,-19.72,-490.2,-100.15,3.87
217,-20.25,-514.41,-106.27,11.6
218,-26.44,-491.1,-102.55,12.04
219,-22.86,-452.49,-100.78,7.87
220,-18.06,-463.86,-102.21,6.14
221,-16.88,-449.99,-102.93,5.49
222,-16.11,-471.38,-105.07,6.79
223,-58.93,-496.18,-104.6,7.27
224,-1.16,-491.21,-111.97,2.37
225,-9.88,-472.21,-103.0,4.56
226,-27.85,-528.02,-104.0,-0.7
227,-47.49,-479.01,-106.62,-7.61
228,3.13,-392.61,-96.26,22.93
229,-22.95,-479.56,-96.29,20.53
230,-37.74,-539.95,-108.69,-1.82
231,-15.22,-385.41,-102.73,7.13
232,-25.41,-465.33,-99.44,20.01
233,-43.34,-532.09,-95.69,13.48
234,-33.37,-465.97,-100.8,9.62
235,-9.02,-479.03,-101.52,9.48
236,-16.91,-429.31,-109.65,-1.61
237,-31.88,-516.37,-102.39,13.44
238,-27.03,-469.41,-101.4,12.74
239,-24.43,-410.5,-112.89,-11.09
240,-13.25,-469.43,-115.6,-4.43
241,-30.59,-515.05,-100.86,19.85
242,-54.72,-500.25,-101.3,16.02
243,-8.69,-496.33,-107.59,6.63
244,-33.75,-551.12,-105.21,16.62
245,-38.08,-388.63,-103.29,6.49
246,2.07,-429.44,-106.97,-4.18
247,-19.54,-517.63,-98.01,17.83
248,-24.06,-417.15,-95.18,13.95
249,-22.08,-439.34,-106.56,2.84
250,13.56,-356.03,-119.75,-24.69
251,2.45,-376.69,-118.15,-14.93
252,-45.19,-460.8,-98.07,37.4
253,-57.73,-595.37,-102.45,21.72
254,-24.71,-464.62,-104.42,8.22
255,-41.4,-497.61,-101.58,15.1
256,-34.09,-457.28,-103.12,7.38
257,-27.81,-500.0,-105.58,3.76
258,-25.51,-425.22,-100.5,1.07
259,-30.79,-525.4,-103.05,5.62
260,-43.57,-553.49,-108.26,-0.92
261,-33.91,-467.45,-101.1,13.01
262,-37.14,-446.48,-101.09,3.91
263,-5.23,-484.43,-107.18,-0.79
264,-30.92,-254.78,-102.77,1.21
265,-35.6,-631.55,-98.94,16.37
266,-32.92,-473.48,-101.6,-2.38
267,-8.02,-493.86,-111.04,12.1
268,-27.81,-513.4,-95.63,21.47
269,-37.23,-583.75,-101.37,9.36
270,-18.08,-378.84,-97.1,5.34
271,-15.16,-420.77,-105.11,-13.13
272,-45.22,-533.39,-106.0,-1.62
273,-8.3,-436.13,-104.59,-2.07
274,-10.81,-495.27,-112.53,-12.47
275,-22.1,-473.43,-105.77,-2.24
276,-45.44,-429.79,-96.28,25.59
277,-32.97,-538.18,-101.98,12.05
278,-22.15,-525.82,-110.29,-1.96
279,-26.23,-363.9,-99.48,5.06
280,-26.65,-448.2,-98.96,16.74
281,-44.21,-678.61,-106.09,-1.28
282,-18.75,-388.23,-101.49,11.42
283,-20.26,-406.72,-95.52,-1.22
284,-14.82,-527.04,-106.01,-3.25
285,-24.07,-461.23,-104.95,-3.42
286,-17.61,-420.07,-108.83,-4.52
287,-20.21,-378.1,-111.94,-14.93
288,-5.74,-367.4,-99.34,11.1
289,-45.71,-576.46,-90.24,22.18
290,-28.98,-458.87,-92.59,4.32
291,-25.64,-540.11,-107.67,-31.73
292,-39.35,-569.11,-100.2,-17.24
293,-27.94,-509.52,-87.72,7.48
294,-36.37,-505.02,-106.31,-27.24
295,-26.54,-483.47,-104.39,1.45
296,-12.08,-301.1,-92.37,-3.12
297,-4.78,-395.92,-144.52,-74.29
298,18.56,-380.01,-106.61,-44.03
299,42.58,-4.63,-99.59,-19.0
300,-101.32,-782.53,-66.52,58.88
301,-68.35,-639.03,-68.65,57.49
302,-22.7,-531.32,-120.24,-73.18
303,-35.15,-537.44,-159.61,-25.36
304,2.37,-415.19,-126.77,37.85
305,-56.9,-334.86,-95.06,81.41
306,-15.96,-503.76,-83.42,41.21
307,-50.7,-675.05,-113.98,-19.58
308,-13.44,-404.17,-75.85,9.3
309,-56.25,-669.4,-83.35,33.93
310,-42.79,-619.08,-110.57,-104.48
311,-18.49,-376.42,-115.62,6.66
312,-7.53,-441.07,-75.93,-25.44
313,-31.85,-403.58,-69.51,8.12
314,-6.45,-470.31,-87.32,44.09
315,-82.29,-663.71,-77.17,45.02
316,-7.11,-365.64,-79.82,25.58
317,-6.26,-454.06,-86.56,18.1
318,-36.01,-536.3,-81.26,-13.85
319,-20.6,-362.41,-78.91,-14.02
320,-24.78,-571.95,-105.22,8.24
321,-49.54,-538.2,-65.38,79.17
322,-45.83,-626.27,-98.58,7.91
323,-42.26,-628.51,-115.98,60.17
324,0.37,-534.72,-129.09,-47.27
325,-40.97,-622.59,-51.58,16.95
326,-25.23,-485.87,-116.89,44.55
327,9.23,-413.84,-130.21,-63.95
328,-56.53,-478.68,-71.36,50.9
329,-60.37,-619.79,-174.37,26.05
330,-13.21,-368.54,-75.81,-17.7
331,2.21,-305.4,-91.6,-33.12
332,-59.0,-499.4,-73.75,87.16
333,-68.87,-566.25,-99.09,-2.65
334,-28.61,-456.75,-85.7,9.54
335,-26.46,-429.3,-68.13,34.01
336,-28.11,-478.76,-81.63,31.9
337,-14.39,-484.03,-86.66,11.7
338,27.15,-168.75,-116.62,-36.45
339,-74.06,-644.07,-59.95,73.43
340,-32.49,-517.86,-67.09,76.55
341,-3.83,-496.54,-72.55,57.88
342,-22.12,-507.39,-65.18,3.49
343,-29.4,-420.43,-84.56,41.02
344,0.18,-417.18,-113.96,50.71
345,-24.18,-476.17,-93.04,32.03
346,-9.32,-406.51,-128.61,46.38
347,-0.24,-409.4,-86.61,-51.27
348,-22.73,-506.11,-69.32,63.32
349,-28.59,-633.34,-68.66,47.44
350,-12.44,-563.75,-99.89,-10.14
351,-31.81,-579.38,-82.17,49.53
352,-7.53,-438.24,-99.02,14.85
353,-53.39,-689.67,-77.43,104.39
354,-24.01,-471.07,-99.93,52.01
355,-7.93,-373.63,-109.12,29.98
356,-28.5,-506.43,-156.1,27.71
357,3.67,-349.01,-65.5,36.08
358,-30.48,-551.19,-113.96,34.91
359,-33.84,-513.91,-56.59,73.95
360,-21.18,-512.3,-76.69,33.79
361,-24.17,-509.82,-86.72,70.98
362,-22.37,-488.68,-138.07,55.78
363,-21.02,-505.23,-84.99,7.36
364,-17.5,-521.38,-86.46,24.57
365,-4.25,-326.46,-84.66,48.92
366,-21.52,-524.31,-84.44,55.19
367,10.24,-335.37,-92.26,25.13
368,16.77,-408.83,-135.42,43.12
369,-38.4,-398.93,-62.45,74.89
370,-25.81,-665.98,-74.33,32.37
371,-2.32,-469.66,-72.13,73.72
372,-19.2,-483.03,-106.67,28.66
373,-17.76,-441.21,-78.75,54.45
374,-27.66,-574.0,-73.46,78.92
375,-9.34,-346.01,-127.37,10.22
376,-14.86,-500.35,-88.31,-15.6
377,-16.21,-528.7,-68.24,112.95
378,-2.05,-552.09,-73.77,73.84
379,-21.04,-524.38,-92.25,21.29
380,-25.08,-538.1,-149.59,18.19
381,-15.04,-466.64,-97.51,46.49
382,1.12,-448.95,-67.8,68.67
383,-41.42,-504.91,-103.34,14.9
384,-29.56,-551.04,-65.51,87.9
385,-12.13,-493.03,-73.73,82.59
386,-12.15,-506.5,-151.73,8.53
387,-33.96,-496.79,-62.96,64.69
388,-2.19,-287.92,-95.17,39.96
389,9.68,-351.0,-91.25,9.63
390,-20.26,-513.34,-99.26,34.72
391,-19.66,-506.27,-72.8,38.68
392,-41.07,-563.08,-92.28,84.23
393,-19.22,-567.4,-85.05,54.44
394,-27.23,-443.85,-89.81,42.17
395,-6.47,-445.71,-73.67,89.55
396,-6.15,-469.7,-89.97,32.23
397,-20.06,-486.85,-63.13,76.63
398,-25.79,-524.9,-102.63,79.27
399,-7.89,-463.4,-81.77,87.31
400,-12.77,-533.85,-129.23,-40.51
401,-16.42,-417.09,-161.02,29.26
402,38.72,-232.67,-181.3,-17.46
403,-35.27,-621.35,-62.28,25.97
404,-18.82,-639.84,-114.27,61.11
405,-32.86,-573.44,-60.7,107.9
406,-12.12,-336.1,-80.97,34.78
407,-24.75,-605.5,-83.03,0.17
408,-7.82,-371.42,-95.89,56.77
409,-10.41,-501.59,-86.08,36.26
410,-7.93,-483.53,-95.95,28.39
411,-18.38,-587.31,-110.65,101.27
412,12.15,-372.56,-64.56,34.23
413,6.68,-424.68,-97.9,29.9
414,-33.44,-556.96,-128.21,32.7
415,-6.66,-483.42,-117.32,37.78
416,-12.5,-537.88,-100.84,20.53
417,-3.08,-493.8,-118.77,68.94
418,-19.89,-439.01,-82.61,2.08
419,0.61,-396.26,-33.12,98.4
420,-6.58,-395.23,-112.52,0.77
421,21.43,-440.38,-101.83,20.69
422,2.65,-372.81,-95.82,-23.16
423,47.03,-330.42,-95.26,-33.91
424,-84.97,-789.79,-84.93,228.47
425,-36.1,-655.39,-98.33,-8.2
426,-25.1,-571.26,-84.23,34.27
427,-6.0,-432.09,-86.42,51.36
428,12.11,-357.46,-96.69,-8.25
429,-27.12,-434.1,-108.02,40.86
430,3.47,-538.19,-74.8,22.82
431,3.2,-545.53,-80.25,53.36
432,-32.36,-568.08,-81.67,54.56
433,4.53,-323.31,-59.32,106.0
434,-29.12,-634.3,-95.03,-8.83
435,-11.62,-510.39,-130.44,48.97
436,-2.4,-450.9,-75.3,-52.54
437,7.97,-350.69,-107.25,60.14
438,-28.49,-644.34,-51.71,14.41
439,-40.52,-560.18,-117.06,15.79
440,17.07,-320.42,-66.58,100.2
441,20.77,-324.92,-114.4,-33.23
442,-24.51,-622.75,-101.38,45.71
443,-24.02,-526.29,-88.32,63.38
444,2.4,-521.8,-71.97,35.99
445,-17.43,-435.99,-130.49,35.34
446,29.04,-333.1,-85.8,76.19
447,-34.5,-551.81,-52.71,94.88
448,-8.97,-476.07,-68.34,6.6
449,-22.64,-567.46,-87.25,-18.58
450,-7.94,-419.0,-93.67,46.42
451,-8.05,-603.23,-67.12,104.98
452,-10.35,-403.07,-79.76,34.93
453,-5.2,-419.61,-65.89,57.88
454,-22.91,-583.24,-116.94,11.09
455,-12.14,-490.56,-89.58,23.28
456,-13.62,-504.18,-112.95,45.61
457,-23.83,-544.15,-66.56,44.51
458,0.01,-457.77,-56.7,48.84
459,19.03,-342.63,-121.22,3.03
460,-26.81,-559.53,-53.46,90.03
461,-22.37,-517.42,-80.47,47.04
462,9.63,-291.5,-74.98,54.9
463,4.27,-567.59,-126.07,-54.06
464,26.29,-256.94,-132.91,91.58
465,-74.59,-758.23,-73.1,79.76
466,-31.57,-544.13,-90.21,60.05
467,-23.46,-522.34,-61.37,41.65
468,1.15,-446.13,-79.69,55.53
469,-0.27,-444.05,-95.76,52.25
470,-22.21,-583.81,-125.93,65.84
471,-5.23,-445.09,-89.47,-30.01
472,-1.63,-405.48,-70.03,35.04
473,-26.87,-466.19,-73.68,78.76
474,-18.0,-529.99,-99.91,37.02
475,4.63,-467.06,-71.98,72.65
476,-6.51,-515.18,-100.56,-32.36
477,0.56,-438.28,-83.63,74.02
478,-20.52,-553.59,-73.61,81.14
479,-27.82,-485.99,-78.27,60.46
480,-8.74,-507.23,-111.29,45.15
481,-22.39,-552.13,-102.8,49.6
482,1.15,-372.62,-78.54,19.98
483,-39.02,-653.03,-122.26,17.93
484,-1.47,-273.95,-58.71,76.79
485,1.46,-428.75,-89.48,29.59
486,0.26,-608.89,-134.4,-5.7
487,-14.52,-409.76,-56.89,105.3
488,-5.46,-514.36,-96.33,-1.38
489,-23.76,-538.56,-85.25,-7.84
490,7.25,-457.8,-98.98,123.2
491,-1.7,-424.39,-79.08,26.81
492,-45.73,-648.46,-78.83,105.32
493,1.66,-518.99,-75.63,-7.1
494,-11.82,-459.62,-80.71,82.73
495,-5.32,-336.7,-77.1,64.2
496,-21.2,-608.19,-102.13,25.51
497,26.13,-388.75,-133.37,23.18
498,13.45,-396.07,-136.09,3.64
499,-41.76,-551.09,-44.75,111.65
500,-32.06,-567.16,-81.98,43.83
501,-1.46,-425.66,-127.43,-36.42
502,-11.76,-485.44,-132.27,40.08
503,-22.96,-502.91,-54.37,33.15
504,-21.12,-466.22,-66.76,87.49
505,-3.86,-568.41,-100.49,-9.25
506,-36.16,-486.06,-69.28,83.61
507,-6.57,-546.56,-83.67,63.89
508,18.91,-317.16,-143.54,32.45
509,-7.44,-410.66,-38.52,98.25
510,-12.11,-566.22,-100.95,-15.62
511,-6.73,-456.26,-62.78,147.24
512,4.92,-470.85,-104.42,-42.22
513,-11.3,-480.95,-82.19,37.97
514,-31.7,-557.91,-96.56,20.01
515,-28.74,-531.48,-168.51,28.12
516,10.39,-421.87,-63.83,30.25
517,-33.51,-638.63,-212.34,-23.85
518,-2.97,-395.68,-23.04,149.57
519,19.0,-321.81,-80.08,56.47
520,-22.41,-498.17,-66.73,73.92
521,-14.04,-491.59,-117.43,34.66
522,18.7,-271.91,-122.7,13.66
523,-28.89,-635.66,-63.71,54.55
524,-40.93,-612.75,-76.88,58.15
525,5.55,-445.48,-96.0,25.89
526,-18.5,-536.27,-91.1,-14.57
527,-16.71,-486.67,-85.83,68.19
528,-19.33,-481.96,-53.24,106.11
529,-12.59,-454.9,-87.42,82.9
530,-9.02,-545.27,-117.54,12.28
531,5.57,-477.11,-120.81,-23.38
532,0.56,-308.71,-81.69,49.71
533,-10.04,-517.17,-202.14,59.65
534,-21.32,-517.74,-29.47,60.99
535,-14.16,-497.06,-107.21,34.73
536,-19.85,-495.12,-65.23,75.97
537,2.17,-477.74,-139.82,-2.51
538,-8.48,-367.08,-55.92,21.65
539,-33.02,-642.73,-106.98,23.08
540,-23.34,-519.25,-86.81,75.43
541,-9.98,-477.44,-70.61,70.67
542,-21.77,-480.75,-84.08,28.42
543,-7.82,-432.5,-97.27,50.87
544,14.0,-426.9,-99.98,-44.48
545,-41.02,-560.32,-65.85,157.11
546,-5.38,-389.29,-91.3,18.49
547,14.5,-401.66,-74.81,66.84
548,-6.6,-511.96,-106.39,61.09
549,-24.98,-574.2,-137.73,40.63
550,-18.09,-527.4,-93.8,12.0
551,-3.48,-581.86,-100.59,9.06
552,-6.63,-390.61,-139.24,121.28
553,-28.56,-470.88,-48.71,27.77
554,-0.48,-440.12,-81.62,28.08
555,-6.98,-483.25,-79.69,48.75
556,-1.86,-468.24,-82.15,42.04
557,-24.2,-549.04,-79.35,19.38
558,-9.02,-348.47,-97.59,59.43
559,-21.06,-484.69,-81.63,60.84
560,11.04,-487.8,-91.45,35.77
561,-19.33,-543.05,-79.1,48.56
562,-23.72,-475.94,-88.95,48.5
563,-28.21,-579.75,-36.25,80.73
564,-9.82,-501.2,-135.83,-3.13
565,0.45,-384.34,-89.99,58.62
566,-0.25,-490.22,-183.72,-9.46
567,-16.02,-498.97,-113.25,70.49
568,5.59,-495.78,-89.47,21.21
569,-16.5,-518.35,-88.75,50.94
570,-21.95,-426.27,-85.89,67.24
571,-11.37,-437.8,-83.96,66.48
572,-4.36,-465.98,-112.29,1.33
573,-23.89,-509.58,-128.61,64.37
574,-8.12,-459.39,-77.6,42.78
575,6.71,-452.74,-106.3,28.74
576,18.59,-255.84,-79.03,68.09
577,-45.93,-701.13,-110.73,38.58
578,11.36,-395.68,-82.95,5.45
579,-33.16,-609.48,-99.37,81.8
580,-24.42,-541.31,-107.76,53.07
581,2.71,-486.2,-67.37,84.35
582,-3.55,-507.73,-130.3,-13.84
583,-4.63,-376.81,-99.14,40.74
584,-10.65,-474.39,-95.39,52.88
585,-20.43,-504.84,-117.88,70.79
586,-10.28,-459.5,-82.09,-10.37
587,-22.52,-541.29,-89.49,77.92
588,-22.53,-516.95,-122.25,-45.12
589,-1.56,-411.9,-102.16,73.7
590,-4.97,-372.17,-123.78,15.05
591,-29.93,-461.21,-78.76,139.34
592,-20.04,-528.79,-84.65,34.47
593,-10.58,-510.26,-159.37,-5.51
594,-30.91,-521.82,-94.32,-12.18
595,-14.43,-534.54,-93.23,89.91
596,7.49,-454.63,-127.75,-11.54
597,-15.21,-389.18,-108.49,73.72
598,-28.84,-556.06,-92.77,30.68
599,-9.23,-432.13,-88.75,70.35
600,-22.58,-519.04,-99.19,51.54
601,9.79,-335.35,-124.71,31.52
602,-11.89,-567.33,-126.23,-13.89
603,-24.36,-566.29,-95.78,50.36
604,-6.66,-510.75,-89.27,14.93
605,-33.98,-446.07,-139.64,17.41
606,-22.03,-453.02,-127.8,74.61
607,-28.56,-573.38,-85.49,59.64
608,-3.39,-401.8,-126.19,16.12
609,-10.63,-476.23,-87.35,41.12
610,-27.24,-480.9,-109.15,81.26
611,9.62,-277.63,-98.78,5.94
612,2.69,-461.77,-176.52,2.61
613,-36.88,-597.43,-64.84,98.39
614,-20.78,-548.68,-94.02,38.67
615,-23.03,-606.87,-93.77,46.56
616,-29.64,-491.06,-95.03,41.6
617,5.85,-419.44,-96.76,25.54
618,-10.68,-473.38,-140.11,44.74
619,-20.09,-484.41,-107.31,25.9
620,-7.12,-493.11,-107.38,-12.38
621,-14.97,-514.07,-151.09,95.76
622,-22.67,-506.23,-95.71,-18.24
623,2.86,-334.75,-103.61,13.47
624,-21.65,-431.57,-102.33,35.85
625,-17.5,-501.63,-95.11,32.51
626,-8.61,-478.22,-107.96,-25.85
627,-47.76,-712.35,-114.86,72.98
628,-16.89,-471.94,-95.91,36.75
629,5.67,-423.15,-120.83,10.42
630,-6.06,-456.89,-64.31,93.1
631,-25.34,-540.57,-103.69,75.42
632,-16.4,-517.95,-102.02,11.75
633,-1.23,-397.05,-127.42,45.2
634,-14.94,-394.43,-176.17,55.62
635,-29.05,-437.83,-62.59,12.23
636,7.15,-401.95,-101.63,19.91
637,-12.35,-505.37,-117.54,20.28
638,-12.1,-567.82,-80.46,90.53
639,-15.05,-486.85,-101.97,-4.58
640,-19.14,-516.21,-115.24,17.17
641,-22.47,-575.81,-100.58,58.53
642,-15.06,-404.18,-108.35,61.15
643,-7.09,-423.53,-103.48,42.63
644,-17.35,-541.25,-82.03,46.03
645,-7.38,-408.33,-145.57,-0.29
646,-17.54,-491.34,-88.27,60.59
647,0.31,-489.12,-111.19,15.67
648,-25.57,-479.86,-176.14,62.27
649,-23.75,-501.11,-86.85,38.38
650,-4.37,-429.67,-87.38,50.41
651,-24.39,-568.5,-101.7,61.84
652,-9.97,-412.02,-107.81,29.98
653,-6.09,-487.33,-110.95,-3.33
654,-17.58,-516.42,-161.66,43.77
655,-24.57,-491.92,-75.98,27.33
656,-23.1,-556.25,-95.01,37.65
657,-16.07,-400.93,-95.7,48.13
658,-13.96,-455.41,-93.35,47.43
659,10.26,-438.62,-80.27,40.71
660,-20.31,-523.17,-110.33,43.76
661,-4.91,-427.95,-114.37,33.27
662,-0.55,-378.73,-102.42,25.48
663,-15.53,-419.36,-73.63,63.89
664,18.39,-480.02,-123.57,-19.9
665,6.5,-410.89,-120.84,5.81
666,-34.9,-593.1,-93.03,33.12
667,-28.14,-483.35,-129.12,45.42
668,-31.52,-521.96,-130.83,5.9
669,-6.7,-465.66,-133.22,69.53
670,13.48,-461.98,-175.22,19.38
671,-39.49,-588.67,-75.76,-9.8
672,-21.51,-477.36,-72.81,38.29
673,-18.76,-407.17,-89.01,6.21
674,0.12,-448.21,-102.46,7.02
675,0.73,-472.19,-54.9,76.05
676,-19.59,-517.92,-121.16,41.38
677,-16.66,-583.76,-118.12,6.59
678,-15.45,-430.83,-79.8,57.53
679,-1.54,-488.18,-94.34,-18.95
680,-29.94,-469.0,-78.1,71.33
681,-9.57,-423.95,-74.67,17.74
682,-11.84,-588.64,-117.2,25.18
683,-5.2,-379.17,-112.83,55.74
684,5.51,-320.03,-100.65,20.12
685,-27.2,-609.41,-121.83,29.81
686,-29.66,-569.96,-71.36,61.56
687,-4.78,-453.56,-147.26,-4.04
688,-2.61,-457.92,-81.57,50.49
689,28.38,-314.74,-143.88,15.72
690,-9.79,-428.66,-81.38,42.69
691,-26.82,-473.92,-82.51,37.29
692,-19.06,-576.87,-123.39,26.08
693,-17.91,-574.1,-125.68,110.45
694,3.11,-467.32,-79.54,-81.75
695,-30.99,-522.85,-86.51,70.27
696,-17.21,-479.53,-108.32,36.85
697,-3.62,-487.8,-116.25,-17.69
698,-34.65,-466.49,-90.81,32.86
699,-21.72,-506.59,-92.17,46.11
700,-8.9,-503.1,-153.1,-26.34
701,-30.68,-534.6,-136.12,35.72
702,-23.93,-521.63,-74.41,43.51
703,-6.31,-442.92,-158.06,6.08
704,9.25,-190.55,-69.27,50.46
705,-29.21,-599.45,-142.41,84.38
706,-13.45,-523.77,-71.91,30.75
707,-7.5,-514.21,-51.07,127.23
708,-6.43,-507.44,-161.51,-50.27
709,-24.33,-528.09,-40.2,72.22
710,-14.83,-485.0,-121.06,13.5
711,-16.98,-459.26,-104.72,28.34
712,4.76,-352.44,-98.12,18.91
713,-32.12,-593.38,-123.93,-31.24
714,-11.31,-479.1,-165.54,113.02
715,-8.6,-447.65,-67.93,-12.25
716,-23.23,-409.77,-128.82,53.35
717,-10.71,-436.87,-58.37,65.21
718,-20.36,-529.64,-130.91,50.65
719,-10.69,-493.34,-91.14,-10.15
720,-12.27,-532.94,-119.43,-22.28
721,-27.15,-460.93,-75.13,99.16
722,-26.27,-505.98,-82.66,143.05
723,-34.77,-554.46,-105.59,-65.69
724,-0.93,-494.29,-122.02,38.83
725,-18.21,-520.19,-367.83,125.19
726,-31.93,-516.54,-12.71,-95.22
727,-22.32,-423.65,-72.13,23.15
728,2.39,-438.6,-103.46,-22.78
729,-13.11,-467.53,-101.11,21.02
730,-34.22,-567.32,-111.1,57.12
731,-17.39,-495.66,-94.36,32.9
732,-6.46,-470.02,-97.3,-49.32
733,-20.22,-459.88,-92.57,46.9
734,-5.06,-409.81,-98.95,71.29
735,-23.15,-487.34,-84.33,70.15
736,-25.83,-541.03,-95.94,44.14
737,-10.41,-494.49,-109.75,-0.76
738,-14.89,-461.4,-195.62,-19.47
739,-23.13,-459.48,-42.59,114.74
740,-7.3,-456.84,-101.72,4.91
741,-39.38,-480.68,-125.49,99.05
742,-7.8,-472.46,-110.8,-53.24
743,-0.5,-420.4,-74.9,58.75
744,-37.86,-590.34,-94.74,67.28
745,-14.01,-565.29,-125.17,19.11
746,-15.79,-475.82,-110.53,60.64
747,-11.07,-444.29,-101.71,4.5
748,-36.45,-563.45,-89.66,14.1
749,-15.22,-592.66,-156.4,-20.67
750,-5.73,-294.35,-59.8,45.3
751,-2.86,-380.18,-200.41,53.72
752,-25.57,-565.35,-105.49,-32.98
753,-26.5,-525.94,-90.87,83.54
754,3.52,-381.89,-75.1,8.16
755,-12.35,-477.77,-76.71,1.23
756,-34.68,-492.16,-68.96,72.95
757,-27.4,-488.17,-104.76,17.49
758,-16.55,-390.73,-137.17,28.57
759,-21.77,-613.16,-93.97,58.08
760,-25.24,-562.31,-82.86,74.19
761,-31.36,-557.93,-83.82,50.1
762,-3.8,-369.28,-103.61,13.41
763,0.84,-476.16,-142.61,-49.93
764,-46.51,-581.29,-57.0,132.39
765,-0.22,-346.94,-86.98,14.01
766,3.77,-482.47,-101.48,-1.42
767,-26.23,-508.46,-96.16,56.7
768,-21.58,-504.9,-79.41,53.21
769,-10.72,-460.12,-155.48,54.14
770,-6.9,-423.92,-44.42,24.91
771,-1.23,-419.64,-99.46,64.47
772,-14.26,-571.01,-96.18,26.91
773,-26.9,-541.77,-130.95,-33.84
774,-25.04,-548.34,-88.53,121.32
775,-29.36,-547.61,-123.99,69.98
776,-0.76,-448.63,-78.82,-3.37
777,-2.7,-438.89,-136.81,-34.81
778,-13.14,-490.81,-76.42,100.7
779,-9.42,-515.66,-78.35,45.86
780,-29.64,-511.17,-96.12,10.25
781,-28.13,-465.09,-122.04,-65.23
782,-12.27,-501.76,-71.93,66.88
783,0.27,-443.65,-83.16,65.1
784,-8.25,-460.03,-167.58,80.57
785,-11.16,-509.17,-56.53,62.09
786,-23.39,-471.75,-99.3,20.26
787,-2.62,-407.72,-104.27,-5.84
788,-13.56,-402.85,-86.79,33.86
789,-21.89,-571.94,-101.08,29.43
790,-26.97,-607.14,-91.43,36.16
791,-12.2,-416.16,-168.04,57.76
792,-13.28,-446.14,-54.23,51.99
793,-16.86,-454.55,-85.13,46.0
794,-26.14,-563.48,-91.26,45.52
795,-10.53,-504.13,-90.07,32.28
796,-26.15,-528.95,-99.64,4.44
797,-26.07,-480.72,-112.57,41.65
798,-28.69,-567.07,-101.77,48.02
799,6.23,-238.66,-104.27,-1.48
800,-18.05,-455.34,-109.98,55.76
801,-33.86,-522.28,-139.69,6.24
802,-22.47,-566.58,-97.52,85.61
803,-19.89,-509.18,-97.28,19.03
804,-10.59,-494.53,-86.11,56.83
805,-3.89,-457.62,-101.65,7.07
806,-14.5,-480.96,-94.74,36.15
807,-17.25,-463.61,-89.27,55.92
808,-5.21,-422.13,-109.71,1.81
809,-27.34,-501.38,-111.43,65.13
810,-9.47,-495.56,-178.36,-46.81
811,-26.75,-519.3,-53.16,91.47
812,-26.91,-535.7,-84.5,52.92
813,-2.92,-434.68,-115.33,10.8
814,2.68,-354.93,-93.36,55.37
815,-50.23,-606.49,-83.53,80.48
816,-26.3,-531.4,-104.96,28.72
817,-13.84,-486.46,-92.86,30.72
818,-13.87,-474.96,-102.77,26.49
819,-17.26,-471.34,-96.49,37.16
820,-31.68,-543.41,-88.37,66.01
821,-19.77,-524.45,-172.22,-33.97
822,-21.28,-484.86,-49.29,69.7
823,-20.45,-534.27,-123.94,28.03
824,-12.49,-318.08,-79.82,46.36
825,-16.58,-464.85,-89.84,46.91
826,-26.96,-558.71,-97.07,29.44
827,-16.18,-436.24,-98.84,20.07
828,-23.71,-594.41,-107.87,20.16
829,-8.52,-507.32,-145.45,-35.49
830,-3.44,-415.1,-77.08,107.12
831,-21.07,-491.79,-78.51,54.84
832,-3.18,-458.32,-96.14,11.99
833,-10.14,-458.76,-61.59,85.32
834,-36.76,-550.0,-146.48,19.05
835,-24.77,-533.36,-80.57,48.82
836,-21.94,-500.73,-117.63,-12.16
837,-15.77,-508.27,-93.4,48.36
838,-3.79,-292.58,-92.86,28.78
839,-3.34,-500.41,-95.43,21.48
840,-17.56,-526.27,-108.92,34.43
841,-30.4,-588.45,-94.57,52.79
842,-7.36,-394.32,-101.51,36.23
843,-19.71,-476.32,-101.91,33.29
844,-12.57,-499.76,-105.68,31.14
845,-18.17,-508.96,-94.05,35.4
846,-19.32,-477.65,-104.16,25.26
847,-9.12,-413.44,-106.21,25.87
848,-3.53,-443.61,-106.44,-2.42
849,-30.07,-540.86,-150.55,10.63
850,-28.38,-444.99,-97.04,69.3
851,-13.25,-435.31,-98.28,26.39
852,-17.35,-598.97,-92.46,39.91
853,-8.32,-438.17,-97.87,28.82
854,-12.14,-462.49,-105.21,10.8
855,-24.97,-591.71,-112.2,16.38
856,-7.92,-399.94,-99.71,36.88
857,-36.36,-561.73,-128.85,31.76
858,-19.89,-507.28,-87.24,40.94
859,-6.48,-449.58,-120.48,-19.22
860,-26.45,-510.93,-89.56,58.02
861,-23.55,-389.28,-103.79,19.39
862,-11.35,-528.09,-90.02,38.07
863,6.94,-359.38,-125.09,13.45
864,-10.4,-408.78,-109.83,26.91
865,-40.56,-643.96,-115.03,24.23
866,-25.91,-585.1,-115.44,7.48
867,5.93,-289.73,-139.84,-10.55
868,-27.85,-477.74,-89.65,81.59
869,-26.99,-485.32,-96.93,61.07
870,-11.79,-506.28,-88.82,47.34
871,-2.61,-468.47,-109.11,1.24
872,-17.41,-504.62,-182.48,13.1
873,-11.75,-437.47,-123.07,89.79
874,-16.6,-541.05,-111.23,-22.56
875,-6.4,-468.59,-94.79,-9.46
876,-21.74,-389.09,-73.29,34.29
877,-33.47,-568.76,-116.22,52.08
878,-16.97,-456.14,-99.46,-10.65
879,-14.74,-431.76,-143.61,37.34
880,-31.5,-529.64,-125.16,-11.63
881,-13.09,-488.52,-109.89,36.5
882,-29.33,-515.82,-89.23,25.59
883,-14.18,-427.42,-112.28,-8.57
884,2.44,-323.0,-121.69,-14.67
885,-21.07,-546.5,-184.84,82.83
886,-39.62,-503.49,-89.91,23.7
887,1.57,-439.27,-128.36,-20.39
888,-4.35,-448.27,-41.39,126.88
889,-32.11,-597.24,-462.09,-6.37
890,-23.57,-529.22,-67.49,-68.19
891,-23.85,-529.81,-35.22,-7.56
892,-24.39,-472.44,-123.38,-2.97
893,-7.47,-469.77,-121.44,159.6
894,-19.87,-469.37,-87.05,3.69
895,-14.03,-501.38,-192.06,-1.43
896,-27.69,-527.55,-204.4,-125.09
897,-27.81,-522.43,-136.36,31.04
898,-13.64,-304.28,-101.9,45.36
899,-12.53,-543.67,-36.15,74.09
900,-30.12,-497.72,-158.52,-54.09
901,-24.17,-491.27,-67.85,18.5
902,-26.28,-452.74,-84.95,11.83
903,-12.82,-455.08,-93.15,13.7
904,-8.55,-466.95,-95.55,10.58
905,-13.65,-435.53,-92.49,14.52
906,-30.31,-484.36,-86.22,56.01
907,-24.19,-523.26,-94.42,27.29
908,-7.13,-438.49,-85.9,19.13
909,0.07,-447.89,-97.99,37.68
910,-31.87,-520.63,-104.7,22.07
911,-30.07,-524.18,-84.02,44.62
912,0.19,-454.97,-144.73,4.2
913,-28.16,-531.75,-112.54,-46.86
914,-27.71,-501.5,-60.68,57.9
915,-19.98,-495.76,-79.77,16.44
916,-16.92,-501.08,-94.47,12.9
917,-15.74,-436.18,-159.17,-42.02
918,-22.6,-444.38,-105.18,41.28
919,-17.5,-413.38,-53.34,48.21
920,-26.26,-547.77,-85.61,-26.32
921,-33.77,-489.97,-43.01,152.72
922,-1.36,-456.84,-111.2,-30.78
923,-28.19,-484.63,-197.7,-79.59
924,-41.28,-542.74,-54.7,33.55
925,-24.28,-380.23,-92.27,-4.86
926,7.15,-494.31,-62.22,103.36
927,-10.99,-472.61,-219.91,-89.82
928,-12.55,-526.32,-37.46,3.97
929,-11.87,-410.93,-78.87,-26.06
930,-8.69,-456.02,-16.82,122.09
931,-24.63,-505.51,-82.84,79.33
932,-1.9,-451.92,-81.75,1.59
933,-7.59,-502.09,-82.11,-1.56
934,-6.77,-407.59,-86.52,28.53
935,-25.55,-586.12,-97.19,-20.68
936,-35.43,-437.8,-161.4,-23.13
937,-24.78,-491.02,-119.18,19.31
938,-6.68,-466.49,-70.93,37.37
939,1.44,-464.67,-64.28,81.16
940,-22.19,-513.02,-118.47,-35.56
941,-34.88,-541.54,-68.35,63.34
942,-36.98,-554.5,-98.1,1.91
943,-8.32,-298.24,-63.73,43.5
944,-16.39,-522.28,-114.85,58.13
945,-27.51,-492.91,-79.92,88.71
946,-18.26,-483.36,-84.32,-35.19
947,-21.4,-483.98,-80.7,23.88
948,-21.55,-501.7,-71.68,60.72
949,-19.34,-505.85,-106.14,10.72
950,-12.09,-431.26,-166.66,-66.46
951,-24.37,-473.75,-130.58,54.28
952,-15.0,-389.1,-59.84,29.08
953,-23.26,-513.32,-117.92,13.21
954,-17.86,-553.81,-65.7,47.77
955,-13.06,-488.78,-71.22,51.28
956,-18.63,-516.57,-85.1,76.79
957,-31.54,-506.92,-90.0,-5.94
958,-24.4,-501.45,-72.41,17.97
959,-22.08,-469.25,-99.03,34.04
960,-38.18,-601.16,-100.44,-2.08
961,-12.27,-360.8,-68.77,81.92
962,-15.33,-423.05,-93.16,45.11
963,-12.75,-457.79,-91.57,-12.77
964,-6.4,-412.59,-77.53,14.78
965,-11.46,-537.85,-131.4,74.35
966,-32.57,-511.48,-121.47,-65.58
967,-32.84,-495.88,-63.36,36.47
968,-29.84,-544.72,-96.96,16.25
969,-20.89,-484.2,-137.71,36.74
970,-12.79,-451.4,-98.23,66.77
971,-19.29,-479.83,-107.89,44.96
972,-22.92,-473.96,-108.74,-47.12
973,-11.56,-433.24,-83.15,37.44
974,-39.22,-565.82,-99.68,26.3
975,-18.73,-463.94,-78.99,87.19
976,-8.7,-336.23,-108.11,-29.63
977,-15.14,-521.71,-58.77,79.35
978,-20.91,-501.64,-93.38,16.11
979,-6.28,-478.13,-146.02,-4.36
980,-8.58,-495.88,-68.71,-55.06
981,-28.33,-552.31,-85.22,27.87
982,-26.45,-500.34,-91.31,10.06
983,-22.14,-471.08,-116.14,11.95
984,-24.17,-469.96,-82.55,32.06
985,-12.74,-499.46,-195.89,-7.24
986,-20.75,-466.92,-62.76,107.06
987,-12.45,-517.39,-84.42,-39.62
988,-18.01,-383.3,-79.25,48.94
989,-26.9,-499.38,-79.42,47.52
990,-25.01,-562.06,-96.81,-0.42
991,-30.29,-537.65,-89.68,4.08
992,-8.12,-423.12,-133.28,72.46
993,-8.26,-463.78,-85.7,-47.38
994,-15.31,-482.14,-99.13,14.13
995,-22.59,-390.43,-82.63,26.49
996,-27.84,-528.72,-75.9,47.57
997,-29.12,-534.46,-120.42,3.82
998,-26.34,-501.02,-144.52,-46.04
999,-16.84,-480.2,-73.38,67.86
1000,-10.95,-550.69,-95.79,4.13
1001,9.05,-474.86,-121.11,-26.82
1002,-29.22,-355.66,-36.42,80.04
1003,-32.65,-481.91,-92.62,42.58
1004,-28.7,-520.61,-96.76,35.76
1005,-12.91,-486.44,-161.37,17.58
1006,-11.54,-492.37,-49.71,3.9
1007,-13.41,-488.18,-105.3,-6.11
1008,-30.01,-526.73,-93.7,-4.38
1009,-17.95,-448.81,-74.61,16.72
1010,-22.78,-524.62,-81.08,76.89
1011,-12.09,-454.67,-115.28,-5.34
1012,-28.3,-487.19,-123.54,-12.9
1013,-22.57,-492.74,-61.14,60.87
1014,-10.11,-487.12,-100.83,11.23
1015,-27.79,-439.14,-116.01,21.1
1016,-26.88,-491.7,-107.05,66.3
1017,-21.93,-460.41,-61.48,-15.53
1018,-22.86,-477.93,-101.93,63.82
1019,-20.6,-485.33,-64.5,28.87
1020,-9.85,-487.36,-94.42,-8.47
1021,-9.84,-474.52,-94.4,29.68
1022,-10.09,-509.96,-91.41,-48.61
1023,-12.98,-489.36,-99.0,0.91
1024,-37.37,-430.46,-62.45,86.84
1025,-34.75,-544.19,-79.09,47.37
1026,-16.09,-472.5,-151.88,107.56
1027,1.89,-465.7,-66.65,62.86
1028,-17.9,-484.9,-138.6,-66.0
1029,-21.27,-518.01,-45.88,18.52
1030,-29.94,-544.13,-98.29,-1.53
1031,4.18,-300.75,-96.4,-34.11
1032,-9.15,-407.28,-56.09,96.01
1033,-33.94,-538.46,-81.38,10.36
1034,-26.41,-505.14,-85.06,79.4
1035,-25.94,-474.37,-100.02,-29.26
1036,-17.67,-523.18,-50.97,75.04
1037,-20.07,-516.44,-76.23,51.22
1038,-20.24,-531.88,-89.1,16.91
1039,-7.22,-411.14,-84.4,40.72
1040,-3.12,-458.72,-132.39,-6.47
1041,-34.86,-530.26,-187.36,61.96
1042,-30.54,-492.87,-38.15,38.67
1043,-22.29,-479.81,-99.08,16.35
1044,-23.63,-502.9,-66.42,10.85
1045,3.27,-435.46,-82.79,-0.13
1046,-2.95,-484.09,-68.88,5.66
1047,-18.51,-465.3,-96.57,14.5
1048,-26.34,-533.76,-91.69,13.96
1049,-39.07,-481.71,-87.1,10.53
1050,-14.59,-426.43,-77.99,42.63
1051,-11.77,-482.58,-109.5,5.18
1052,-18.35,-491.36,-94.62,52.76
1053,-16.3,-469.33,-77.89,35.07
1054,-13.03,-480.53,-98.63,30.13
1055,-24.36,-564.05,-84.31,4.87
1056,-12.4,-485.25,-100.78,-8.59
1057,-13.08,-399.68,-240.23,20.62
1058,-23.11,-475.48,-24.21,58.39
1059,-39.38,-492.55,-58.63,31.6
1060,-11.92,-488.99,-62.66,59.43
1061,-10.89,-482.6,-125.08,111.19
1062,-24.82,-482.56,-91.86,-26.44
1063,-15.8,-494.26,-86.87,26.64
1064,-15.19,-479.0,-105.35,8.79
1065,-9.44,-411.07,-71.06,32.84
1066,-19.67,-586.49,-121.93,-57.36
1067,-30.49,-462.04,-76.32,35.56
1068,-32.74,-439.4,-85.48,46.8
1069,-12.65,-448.51,-67.41,65.22
1070,-23.05,-491.32,-162.86,-0.1
1071,-18.39,-499.27,-72.86,105.33
1072,-10.05,-473.85,-69.43,21.82
1073,-15.5,-498.04,-105.48,21.63
1074,-13.49,-491.33,-106.66,2.8
1075,-6.37,-461.29,-120.16,41.88
1076,-19.89,-492.9,-73.98,116.15
1077,-31.06,-530.67,-158.44,-72.38
1078,-12.88,-363.91,-79.89,54.63
1079,-33.86,-497.8,-93.18,5.85
1080,-27.05,-508.49,-81.25,35.4
1081,-5.88,-498.03,-95.72,11.27
1082,-18.56,-485.81,-87.47,51.13
1083,-13.96,-475.43,-158.57,22.25
1084,-18.38,-507.16,-74.85,29.53
1085,-22.13,-391.25,-111.88,64.23
1086,-30.74,-517.78,-145.62,96.32
1087,-17.79,-500.64,-56.28,-12.62
1088,0.05,-422.95,-113.23,-23.08
1089,-18.47,-531.2,-162.19,85.88
1090,-23.8,-501.85,-73.71,-1.25
1091,-21.81,-512.01,-102.57,-26.95
1092,-18.65,-444.52,-90.3,41.42
1093,-22.17,-539.99,-100.25,45.39
1094,-23.19,-487.23,-65.74,9.42
1095,-0.38,-475.16,-109.63,31.16
1096,-21.43,-534.7,-133.49,-4.11
1097,-35.32,-519.04,-84.34,47.76
1098,-30.77,-492.2,-105.0,26.34
1099,5.35,-280.74,-89.02,49.44
1100,-18.01,-503.14,-184.18,-68.35
1101,-30.82,-520.79,-57.56,78.55
1102,-7.45,-470.4,-57.66,82.91
1103,-20.15,-423.26,-177.05,-3.67
1104,-24.73,-516.98,-67.46,32.85
1105,-19.66,-459.75,-113.74,-12.69
1106,-14.08,-534.5,-101.16,13.25
1107,-13.29,-520.34,-127.14,100.03
1108,-16.63,-505.47,-120.55,-107.83
1109,-24.11,-456.75,-89.97,86.9
1110,-30.67,-623.09,-141.84,-32.46
1111,4.13,-403.21,-197.7,-31.38
1112,-6.54,-409.93,-119.15,18.02
1113,-6.64,-482.98,-56.27,-33.73
1114,-12.27,-510.51,-44.5,192.79
1115,-7.43,-494.47,-196.4,-114.0
1116,-3.36,-458.41,-259.8,58.86
1117,-21.15,-516.53,-145.32,22.69
1118,-47.11,-666.61,-33.78,-53.45
1119,-8.51,-423.27,-256.62,107.38
1120,23.93,-357.54,-245.26,-28.38
1121,-18.79,-464.77,-6.8,-64.62
1122,-13.63,-399.18,-124.86,-148.73
1123,-15.01,-443.24,-116.0,60.07
1124,14.04,-502.91,-385.68,-73.74
1125,-25.96,-468.91,47.17,75.02
1126,-41.66,-606.27,-128.85,-3.72
1127,-3.72,-408.47,-85.0,79.26
1128,-11.13,-457.98,-63.22,-2.89
1129,-2.3,-397.7,-168.76,104.08
1130,-23.49,-513.25,-54.45,-9.71
1131,-27.11,-526.99,-80.15,-23.37
1132,-4.85,-458.87,-79.56,41.14
1133,-19.86,-469.5,-130.33,107.52
1134,-40.3,-518.25,-106.27,-12.88
1135,-15.81,-462.19,-74.59,-0.12
1136,-16.03,-502.05,-112.83,39.43
1137,-18.64,-468.7,-74.37,23.08
1138,-21.19,-514.92,-120.13,-20.78
1139,-2.75,-440.94,-100.62,67.7
1140,-23.22,-527.44,-92.55,62.87
1141,-16.07,-542.04,-207.62,-63.15
1142,-19.85,-441.71,-74.63,82.19
1143,-1.19,-494.83,-78.64,-34.92
1144,-11.42,-476.78,-167.55,48.7
1145,20.61,-426.66,-3.27,64.37
1146,-11.17,-442.75,-89.0,78.76
1147,-18.64,-422.01,-116.65,-0.64
1148,-18.82,-506.08,-92.21,115.31
1149,-27.02,-512.96,-51.11,-3.69
1150,-5.79,-474.33,-203.23,67.85
1151,-3.25,-452.29,-124.14,-61.16
1152,-23.51,-500.13,-86.54,-22.28
1153,-9.71,-515.81,-73.18,6.56
1154,-29.18,-450.06,-70.52,52.8
1155,-28.65,-529.38,-57.42,78.03
1156,-15.3,-453.89,-137.74,9.34
1157,-1.22,-427.62,-116.83,18.47
1158,-11.18,-453.16,-67.51,41.6
1159,-4.11,-456.76,-138.24,-2.82
1160,-10.83,-496.04,-185.6,-51.55
1161,-35.4,-560.75,-22.28,95.65
1162,-20.89,-470.12,-53.01,165.82
1163,13.88,-393.12,-114.3,-98.36
1164,-17.68,-539.28,-117.01,-19.57
1165,-27.78,-493.26,-116.86,161.0
1166,-29.34,-543.31,-112.94,-47.3
1167,-14.91,-428.75,-79.93,17.15
1168,23.25,-487.59,-284.51,-265.13
1169,-54.18,-496.59,-51.8,187.01
1170,-16.93,-514.97,-3.12,77.5
1171,-1.14,-457.37,-69.48,49.68
1172,-9.71,-492.0,-165.94,20.27
1173,-30.04,-477.89,-45.98,-25.54
1174,-11.87,-468.07,-159.42,18.75
1175,-19.42,-495.96,-108.11,30.6
1176,-25.49,-548.59,-67.69,-15.71
1177,-2.0,-429.34,-90.23,15.0
1178,-13.85,-502.22,-112.34,92.79
1179,-7.08,-471.91,-54.77,-10.47
1180,-9.14,-465.05,-89.47,-17.25
1181,-3.22,-477.63,-188.43,61.12
1182,-25.17,-478.54,-141.25,-75.81
1183,-22.41,-489.5,-179.77,8.74
1184,8.88,-439.53,-18.19,70.83
1185,-27.05,-513.11,-44.31,148.51
1186,-20.27,-431.86,-119.45,-59.31
1187,-24.71,-593.01,-97.83,-53.33
1188,-23.99,-504.81,-68.01,16.13
1189,-17.82,-388.7,-81.83,18.38
1190,-15.02,-422.63,-86.31,67.52
1191,-16.38,-532.13,-60.35,86.57
1192,-10.8,-504.88,-102.49,-42.98
1193,-27.41,-500.51,-127.87,42.78
1194,-28.1,-513.32,-36.42,68.19
1195,0.45,-468.27,-113.95,81.25
1196,-5.87,-494.69,-100.13,1.5
1197,-2.72,-465.55,-116.47,-53.05
1198,-30.41,-509.11,-49.25,83.92
1199,-22.52,-453.11,-68.1,38.62
1200,-19.95,-521.07,-93.02,41.22
1201,-25.25,-531.55,-76.33,63.08
1202,-5.33,-452.87,-94.31,-26.2
1203,9.74,-419.99,-111.11,-39.67
1204,-45.08,-500.91,-44.67,137.23
1205,-24.55,-513.71,-84.84,26.94
1206,-19.71,-535.32,-96.35,11.56
1207,-5.29,-337.2,-71.25,55.59
1208,-23.41,-487.6,-72.22,46.79
1209,-6.23,-470.22,-56.94,48.07
1210,-32.76,-511.31,-78.93,64.45
1211,6.33,-286.11,-93.69,6.07
1212,-18.84,-561.87,-92.02,-8.64
1213,-52.87,-609.57,-61.96,75.83
1214,-11.9,-441.63,-80.0,55.95
1215,-16.92,-466.26,-69.27,53.79
1216,2.0,-476.84,-97.35,9.18
1217,-24.64,-488.22,-80.48,38.29
1218,-11.37,-518.48,-94.59,13.47
1219,-25.4,-559.53,-93.16,37.27
1220,-12.95,-444.05,-93.43,26.27
1221,-20.48,-472.53,-84.7,53.39
1222,-17.01,-501.1,-93.63,25.9
1223,-4.19,-494.32,-101.14,-4.56
1224,-23.61,-476.75,-115.59,18.79
1225,-29.01,-548.97,-207.53,16.05
1226,-18.53,-565.05,-22.76,85.13
1227,-9.47,-351.36,-110.16,-6.8
1228,-17.49,-434.57,-85.54,29.52
1229,-24.47,-508.37,-88.98,36.6
1230,1.59,-400.64,-192.89,-54.27
1231,-32.26,-459.97,-74.87,58.43
1232,-34.01,-591.3,-121.96,45.37
1233,-0.9,-466.76,-96.72,-34.24
1234,-30.25,-422.17,-80.16,18.81
1235,-27.75,-497.28,-94.34,39.14
1236,-20.7,-511.83,-111.7,-20.26
1237,-29.98,-597.04,-106.05,23.14
1238,-20.53,-349.03,-54.43,82.24
1239,-19.52,-465.43,-96.23,51.61
1240,-17.38,-490.0,-96.71,10.64
1241,5.53,-404.58,-227.4,-12.74
1242,-42.51,-547.94,-27.61,28.85
1243,-32.25,-575.59,-92.13,101.83
1244,-19.46,-475.34,-121.46,-31.52
1245,7.43,-450.92,-118.17,-64.86
1246,-50.28,-551.42,-114.24,80.31
1247,-29.9,-550.89,-96.25,33.56
1248,-6.17,-508.65,-221.38,-44.52
1249,-42.14,-549.38,-36.81,67.45
1250,-32.95,-475.06,-79.89,21.75
1251,-12.1,-469.43,-110.37,27.41
1252,-22.62,-539.71,-74.16,85.38
1253,-29.61,-403.14,-105.31,11.69
1254,-12.67,-305.46,-109.42,0.98
1255,-18.72,-508.95,-150.93,-35.55
1256,-15.67,-486.29,-57.14,151.37
1257,-30.93,-524.33,-111.01,-31.79
1258,3.38,-469.19,-145.94,-56.32
1259,-29.39,-469.47,-108.38,54.68
1260,-19.01,-496.4,-107.12,32.33
1261,-24.39,-500.65,-84.3,32.01
1262,-13.51,-477.24,-134.06,-32.1
1263,-35.41,-480.5,-116.29,44.29
1264,-36.5,-585.43,-59.92,50.02
1265,-27.23,-586.68,-102.21,3.82
1266,1.4,-336.49,-127.0,29.15
1267,-31.47,-387.54,-134.19,-22.3
1268,-38.2,-517.08,-73.81,56.37
1269,-39.44,-527.25,-79.68,27.13
1270,-11.96,-491.73,-103.56,31.82
1271,-31.06,-455.53,-139.45,23.06
1272,-24.7,-485.16,-39.68,63.71
1273,-27.64,-495.13,-134.16,-55.45
1274,-47.1,-553.9,-151.31,-60.79
1275,-14.38,-430.48,-37.41,114.34
1276,-30.56,-504.45,-151.09,23.42
1277,-50.2,-500.85,-67.37,45.74
1278,-24.37,-490.1,-102.22,-16.33
1279,-2.94,-356.22,-108.54,-20.16
1280,-37.19,-482.43,-127.84,-56.03
1281,-26.84,-516.34,-65.57,93.66
1282,-17.06,-472.57,-106.93,12.12
1283,-28.88,-531.14,-101.86,-23.13
1284,-33.9,-490.7,-90.15,58.82
1285,-14.79,-442.66,-91.96,38.39
1286,-18.2,-480.98,-100.04,-21.55
1287,-20.61,-436.76,-97.89,51.17
1288,-22.64,-485.65,-119.22,35.82
1289,-29.64,-500.63,-80.75,24.69
1290,-16.49,-497.94,-104.56,10.28
1291,-44.67,-636.38,-113.38,-17.01
1292,-23.08,-404.72,-153.12,81.95
1293,-10.73,-449.48,-110.56,31.26
1294,-10.94,-463.8,-100.93,10.58
1295,-21.43,-468.9,-95.19,21.1
1296,-24.62,-524.95,-90.46,3.1
1297,-21.75,-461.33,-153.09,-11.62
1298,-18.99,-478.78,-95.79,-25.97
1299,-29.68,-488.4,-98.24,2.84
1300,-18.53,-438.53,-63.73,94.04
1301,-7.92,-319.16,-120.86,-8.87
1302,-38.34,-613.79,-140.84,3.53
1303,-14.44,-509.62,-57.16,80.25
1304,-17.27,-510.24,-100.31,-1.05
1305,-26.22,-494.45,-92.53,33.2
1306,-20.39,-489.77,-100.23,21.79
1307,-13.98,-445.43,-109.67,-17.28
1308,-53.67,-668.67,-104.85,-14.58
1309,-52.71,-492.11,-84.62,64.86
1310,28.15,-305.91,-90.77,46.26
1311,-29.29,-490.81,-56.01,57.3
1312,-24.51,-506.01,-93.82,11.69
1313,-8.89,-405.17,-99.49,22.95
1314,-27.75,-508.52,-91.2,29.25
1315,-30.81,-505.15,-75.03,39.68
1316,-13.32,-301.09,-133.61,-28.84
1317,-31.04,-618.92,-103.28,-19.28
1318,-51.98,-617.76,-133.31,128.1
1319,-7.47,-374.78,-86.9,45.28
1320,-25.04,-467.84,-218.28,-38.9
1321,-13.25,-430.72,-33.01,49.35
1322,-23.29,-483.87,-72.1,46.81
1323,-28.71,-501.22,-93.26,16.91
1324,-24.29,-502.72,-110.89,4.22
1325,-16.84,-481.15,-81.48,39.25
1326,7.71,-467.56,-195.16,-168.81
1327,-51.76,-499.34,-33.89,227.95
1328,-46.57,-529.81,-85.6,-18.85
1329,-12.77,-422.35,-86.05,44.08
1330,1.16,-502.36,-136.64,65.74
1331,-37.14,-540.81,-66.52,47.03
1332,-11.45,-373.26,-89.22,-16.67
1333,-22.5,-501.88,-83.65,36.84
1334,-14.22,-488.06,-102.43,13.37
1335,-0.03,-405.09,-119.37,-48.65
1336,-31.05,-467.75,-72.99,107.44
1337,-37.03,-504.05,-149.96,-14.33
1338,-31.64,-581.53,-183.57,39.67
1339,1.36,-488.4,-46.25,-71.03
1340,-13.35,-417.62,-61.62,131.39
1341,-27.34,-458.72,-99.46,32.34
1342,-21.19,-467.71,-94.84,19.02
1343,-21.85,-524.95,-91.13,20.31
1344,-20.99,-500.9,-97.49,19.96
1345,-10.86,-482.49,-115.05,-31.25
1346,-24.27,-478.11,-110.57,-22.11
1347,-37.62,-476.96,-85.51,95.68
1348,-30.42,-522.61,-110.01,1.53
1349,2.45,-442.81,-126.67,47.62
1350,-20.44,-471.13,-72.43,-19.53
1351,-23.71,-532.62,-205.83,47.04
1352,-28.59,-451.85,-13.03,26.25
1353,-12.28,-430.91,-162.19,-28.75
1354,6.53,-463.32,-78.62,-57.21
1355,-33.79,-472.53,-66.57,164.84
1356,-49.99,-536.62,-59.98,8.25
1357,-33.66,-487.85,-86.56,27.54
1358,-26.13,-510.84,-88.52,38.37
1359,-10.28,-403.55,-129.19,23.94
1360,-11.38,-477.05,-85.14,-17.38
1361,-34.36,-518.21,-88.54,54.8
1362,-19.42,-496.69,-93.95,37.88
1363,-16.03,-502.23,-98.56,2.45
1364,-25.57,-465.9,-110.77,29.31
1365,-35.07,-428.34,-95.41,5.3
1366,-24.82,-484.87,-79.71,76.74
1367,-17.19,-456.89,-96.11,11.31
1368,-19.05,-470.81,-95.36,11.43
1369,-24.81,-504.5,-97.37,29.73
1370,-29.15,-482.69,-206.03,-68.62
1371,-15.9,-464.33,-58.35,106.97
1372,-18.3,-487.84,-123.5,35.19
1373,-33.51,-461.5,-44.68,53.74
1374,-0.42,-481.43,-98.62,-75.51
1375,-32.8,-472.18,-109.7,112.47
1376,-28.73,-552.67,-80.07,-10.6
1377,-7.53,-396.07,-102.42,31.53
1378,-17.62,-419.63,-81.82,50.19
1379,-24.4,-507.65,-78.88,36.88
1380,-15.19,-495.7,-109.66,-38.26
1381,-30.9,-536.06,-91.33,52.04
1382,-18.47,-451.05,-89.76,8.72
1383,-24.08,-474.75,-81.84,39.29
1384,-30.09,-574.45,-91.8,24.99
1385,-32.38,-464.51,-89.77,13.09
1386,-11.52,-405.25,-98.26,-62.31
1387,-20.23,-459.87,-76.95,76.31
1388,0.45,-499.7,-179.34,12.13
1389,-38.18,-432.8,-69.56,109.96
1390,-42.59,-602.39,-66.1,-13.61
1391,-12.05,-358.93,-104.14,37.93
1392,-17.23,-464.25,-99.8,-13.34
1393,-15.44,-470.46,-122.45,49.02
1394,-12.6,-446.55,-71.07,33.89
1395,-29.01,-434.06,-92.91,46.7
1396,-26.98,-564.23,-114.61,-7.89
1397,-8.86,-473.27,-131.03,-110.94
1398,-37.56,-487.01,-64.2,118.08
1399,-24.48,-486.95,-84.6,61.66
1400,-30.01,-539.29,-86.76,52.97
1401,-25.73,-479.11,-87.43,43.45
1402,-27.4,-503.59,-90.88,37.24
1403,-18.13,-462.96,-108.06,20.26
1404,-12.32,-470.61,-147.41,-83.39
1405,-29.02,-404.98,-98.58,98.66
1406,-28.61,-483.16,-37.05,83.18
1407,-31.19,-500.54,-63.27,75.88
1408,-6.19,-432.17,-118.4,23.22
1409,-28.02,-511.78,-107.02,60.71
1410,-25.76,-497.88,-79.86,16.29
1411,-23.01,-466.65,-88.07,14.22
1412,-16.13,-490.4,-90.25,25.37
1413,14.4,-466.31,-135.42,-62.88
1414,-71.33,-446.94,-105.29,27.07
1415,-60.25,-632.41,-109.94,131.93
1416,-19.57,-508.54,-139.61,-25.57
1417,-1.89,-469.6,-101.78,6.09
1418,-24.04,-447.11,-105.63,44.76
1419,-29.22,-530.27,-64.92,67.39
1420,-34.39,-545.14,-84.57,22.97
1421,-8.75,-401.33,-86.5,44.62
1422,18.53,-354.34,-101.92,-33.36
1423,-42.77,-495.2,-82.7,142.57
1424,-39.46,-508.36,-87.46,11.26
1425,-19.9,-420.02,-126.28,11.3
1426,-24.29,-525.29,-114.47,12.29
1427,-18.23,-480.02,-86.61,9.93
1428,-16.52,-489.7,-91.08,63.13
1429,-25.21,-503.55,-115.55,78.91
1430,-3.28,-473.48,-112.78,-31.87
1431,-44.18,-480.61,-71.21,38.12
1432,-16.35,-395.4,-81.32,47.05
1433,-3.08,-435.45,-91.98,68.3
1434,-33.18,-554.56,-197.72,15.64
1435,-23.73,-526.79,-11.02,59.29
1436,-28.79,-509.26,-93.12,-61.04
1437,-14.34,-473.59,-98.3,37.7
1438,-16.29,-519.94,-137.85,-48.59
1439,-36.82,-486.08,-127.94,-0.25
1440,-6.71,-435.83,-26.65,111.22
1441,-18.03,-437.48,-119.32,28.52
1442,-14.58,-484.86,-193.32,-62.49
1443,-20.3,-476.0,-32.24,113.0
1444,-37.47,-463.88,-79.39,19.64
1445,-27.38,-533.98,-85.76,54.65
1446,-29.86,-583.07,-89.65,-2.77
1447,-12.47,-408.9,-110.42,5.48
1448,-0.18,-252.81,-136.07,-33.29
1449,-45.34,-608.39,-64.84,-13.66
1450,-8.54,-473.77,-119.23,45.9
1451,-6.17,-476.0,-108.13,-36.48
1452,-31.07,-510.84,-106.65,2.88
1453,-28.03,-513.39,-118.03,75.59
1454,-25.33,-458.28,-49.84,50.11
1455,-15.01,-469.14,-106.25,82.48
1456,-28.35,-531.78,-87.17,-31.47
1457,-33.87,-495.46,-110.9,55.83
1458,-31.8,-486.84,-78.28,25.64
1459,-20.23,-500.11,-93.28,-2.53
1460,-4.86,-392.43,-132.01,-62.48
1461,-23.11,-451.86,-75.52,25.16
1462,-12.77,-459.59,-113.19,14.8
1463,-16.95,-501.27,-145.86,22.22
1464,-27.55,-566.46,-86.94,-15.38
1465,-20.81,-379.6,-54.64,55.08
1466,-8.66,-453.47,-95.77,19.83
1467,-35.41,-492.83,-106.42,49.1
1468,-9.45,-468.78,-131.66,-8.69
1469,-27.18,-459.25,-59.99,14.11
1470,-22.7,-445.74,-81.73,17.1
1471,-33.61,-566.63,-88.15,18.86
1472,-5.79,-436.12,-90.01,12.48
1473,-14.63,-475.76,-180.61,-28.3
1474,-27.74,-470.22,-59.75,71.44
1475,-9.77,-451.82,-73.44,-6.23
1476,-14.15,-483.5,-73.47,60.14
1477,-19.73,-479.09,-117.57,-26.87
1478,-22.53,-405.97,-88.72,-3.05
1479,-26.72,-549.65,-87.23,46.47
1480,-18.06,-516.08,-48.39,115.44
1481,-27.08,-487.27,-107.16,-0.01
1482,-29.58,-511.5,-93.63,-4.39
1483,-12.05,-526.93,-72.51,124.61
1484,-2.63,-364.24,-147.73,-79.49
1485,-23.86,-482.38,-87.72,37.01
1486,-28.66,-511.41,-83.2,22.5
1487,-21.87,-478.97,-109.69,-11.61
1488,-29.09,-581.58,-89.1,26.51
1489,-31.82,-428.04,-91.99,40.79
1490,-30.26,-507.87,-99.22,-6.28
1491,4.9,-450.0,-143.47,-21.55
1492,-23.6,-441.41,-137.81,59.74
1493,-18.63,-489.07,-49.38,30.18
1494,-15.7,-478.81,-90.6,22.7
1495,-14.68,-495.39,-95.47,11.84
1496,-14.02,-472.05,-94.21,7.67
1497,-32.01,-535.2,-92.37,48.14
1498,-14.39,-424.33,-84.09,35.83
1499,-21.88,-480.37,-83.92,39.49
1500,-26.17,-505.61,-85.01,34.52
1501,-15.07,-488.42,-100.69,8.13
1502,-22.37,-492.8,-108.24,17.47
1503,-23.56,-484.73,-96.74,64.76
1504,-25.12,-484.18,-92.76,33.49
1505,-15.28,-475.48,-103.55,5.16
1506,-17.6,-454.74,-66.33,53.32
1507,-24.37,-473.13,-143.08,-42.11
1508,-12.01,-459.32,-101.58,41.85
1509,-19.35,-533.45,-93.45,18.96
1510,-44.17,-545.6,-94.04,61.83
1511,-23.25,-475.61,-83.01,52.44
1512,-24.61,-462.53,-99.8,23.94
1513,-10.23,-408.89,-110.56,46.62
1514,-22.34,-478.58,-94.65,4.7
1515,-29.84,-552.23,-93.43,33.87
1516,-1.34,-338.06,-96.98,31.76
1517,-32.07,-507.29,-141.5,1.63
1518,-19.13,-498.05,-70.28,41.82
1519,-15.44,-460.65,-91.5,21.95
1520,-20.35,-476.14,-88.31,16.87
1521,-1.94,-443.58,-110.65,-46.37
1522,-37.75,-512.35,-104.03,91.63
1523,-41.54,-617.57,-117.4,-34.65
1524,-19.59,-391.05,-78.05,-8.57
1525,-20.57,-460.8,-85.61,103.82
1526,-18.22,-432.3,-85.8,23.3
1527,-27.76,-444.09,-97.76,18.21
1528,-35.99,-580.38,-83.61,25.3
1529,-31.79,-519.78,-90.53,24.19
1530,-28.12,-443.08,-82.32,24.51
1531,23.95,-301.27,-139.82,-55.91
1532,-26.0,-499.3,-128.57,80.09
1533,-20.14,-514.4,-66.16,73.36
1534,-16.94,-549.1,-124.41,-7.69
1535,-33.17,-555.37,-73.15,47.95
1536,-6.97,-351.29,-97.6,-5.02
1537,-24.87,-507.33,-94.55,36.68
1538,-31.81,-510.51,-94.39,28.22
1539,-23.88,-513.81,-145.57,-53.0
1540,-21.45,-539.91,-121.71,56.16
1541,-25.5,-445.16,-77.81,29.46
1542,3.08,-252.3,-101.64,25.87
1543,-15.73,-538.55,-97.0,4.77
1544,-21.07,-587.37,-94.68,29.31
1545,-21.47,-455.48,-170.8,-68.84
1546,-13.51,-468.27,-37.16,109.2
1547,-5.35,-475.01,-109.09,18.36
1548,-16.29,-536.62,-177.4,88.12
1549,-21.79,-423.46,-75.1,-46.93
1550,-38.55,-541.67,-70.49,33.88
1551,-41.88,-635.98,-91.11,35.8
1552,-4.28,-358.75,-81.3,22.8
1553,-0.37,-372.72,-92.46,47.75
1554,3.31,-364.38,-161.06,-17.65
1555,-18.15,-551.05,-131.14,-2.88
1556,-36.08,-509.86,-61.74,31.82
1557,-20.82,-489.11,-116.85,-39.45
1558,-6.36,-515.13,-116.51,172.55
1559,-31.91,-525.85,-118.36,12.14
1560,-22.7,-517.96,-39.97,11.61
1561,-16.05,-468.46,-102.84,-52.93
1562,-17.58,-467.93,-76.75,157.35
1563,-21.15,-498.04,-206.39,-153.26
1564,-9.8,-517.19,-261.94,-66.16
1565,-33.3,-500.55,-250.44,218.91
1566,-18.32,-554.37,29.55,-142.24
1567,-2.67,-462.98,-67.98,84.16
1568,-26.08,-413.72,-146.42,-21.06
1569,-21.36,-545.41,-261.52,-77.17
1570,-14.25,-502.49,-213.53,-49.54
1571,-18.61,-394.61,9.63,47.18
1572,-9.25,-346.28,-52.76,0.35
1573,-38.79,-528.71,-64.14,87.41
1574,-11.02,-492.69,-160.91,2.66
1575,-15.76,-459.34,-53.11,-26.48
1576,-32.25,-496.76,-59.41,116.54
1577,-4.6,-473.64,-151.64,-24.72
1578,-23.61,-522.76,-90.85,51.37
1579,-27.77,-512.2,-133.61,-114.98
1580,-35.22,-621.05,-25.2,56.59
1581,-12.46,-361.24,-153.01,-21.18
1582,10.47,-435.25,-151.93,97.01
1583,-15.04,-521.72,-47.21,64.92
1584,-22.85,-499.38,-105.47,-8.59
1585,19.5,-408.73,-233.98,-168.38
1586,-23.31,-388.97,-34.31,82.42
1587,-34.68,-586.31,-53.29,92.14
1588,-15.17,-476.7,-93.61,-41.69
1589,-8.92,-469.34,-119.5,-27.26
1590,-20.42,-511.23,-125.87,-79.9
1591,-28.56,-569.59,-66.42,31.73
1592,-7.44,-419.04,-115.33,-18.89
1593,-10.09,-432.83,-68.41,24.71
1594,-57.96,-554.92,-98.76,117.84
1595,-0.93,-429.38,-71.62,53.07
1596,15.32,-422.78,-85.01,-15.61
1597,-23.62,-438.78,-183.22,34.58
1598,-20.72,-546.78,-182.5,-93.95
1599,-31.58,-503.52,-80.94,34.31
1600,36.04,-345.95,-73.48,-33.1
1601,-60.4,-540.04,-60.32,12.02
1602,-34.87,-507.88,-61.82,107.31
1603,-16.82,-596.38,-53.77,4.96
1604,-27.05,-521.66,-92.83,-5.47
1605,-9.46,-306.95,-66.5,41.84
1606,-24.54,-317.68,-106.9,-35.83
1607,-0.52,-570.89,-155.52,53.22
1608,-41.45,-495.3,-38.51,99.36
1609,-21.69,-505.2,-90.58,34.65
1610,-10.05,-478.87,-76.45,-34.2
1611,-18.43,-503.88,-62.13,55.98
1612,-27.78,-549.02,-127.63,-6.59
1613,-28.15,-569.55,-59.15,19.59
1614,0.92,-367.85,-77.52,12.25
1615,-13.96,-453.68,-32.35,129.22
1616,-18.35,-547.63,-231.35,-84.01
1617,-42.66,-481.29,-54.65,125.06
1618,-13.79,-488.53,-133.95,-17.93
1619,-8.35,-418.31,-72.97,-60.56
1620,-17.76,-480.87,-74.45,24.56
1621,-15.01,-486.75,-84.12,59.17
1622,-23.8,-502.78,-59.78,31.87
1623,-18.03,-459.06,-68.15,51.88
1624,-4.8,-477.49,-82.2,-15.69
1625,4.12,-411.28,-104.4,-12.24
1626,-37.42,-512.77,-32.22,88.76
1627,-23.19,-531.91,-113.54,83.96
1628,-23.0,-512.44,-99.51,3.69
1629,-13.1,-467.71,-130.55,-36.55
1630,-23.75,-491.35,-47.38,95.94
1631,-34.99,-596.99,-57.53,38.5
1632,-15.49,-452.5,-77.36,33.41
1633,-9.79,-424.4,-84.81,-9.43
1634,-17.27,-510.67,-93.62,5.51
1635,-25.17,-470.38,-87.96,58.6
1636,-16.55,-460.81,-68.21,-6.1
1637,-27.42,-553.62,-158.22,49.78
1638,-8.92,-461.27,-18.13,83.6
1639,-0.24,-453.84,-146.85,17.13
1640,-7.78,-470.02,-40.36,57.1
1641,-45.98,-593.86,-62.8,16.98
1642,-5.08,-337.5,-93.19,-12.06
1643,0.58,-397.15,-79.66,66.99
1644,-24.43,-514.7,-148.81,32.8
1645,-29.57,-494.49,-69.06,30.58
1646,-6.46,-520.61,-60.08,35.4
1647,-14.85,-500.68,-107.89,-31.11
1648,-29.12,-538.96,-69.15,23.01
1649,-15.73,-479.33,-61.52,42.34
1650,-37.68,-530.48,-77.11,56.57
1651,-17.38,-457.0,-69.52,2.71
1652,13.31,-476.83,-141.59,-48.0
1653,-23.81,-387.46,-114.08,104.55
1654,-24.29,-495.28,-41.59,58.32
1655,-18.86,-488.63,-72.09,38.25
1656,1.36,-445.52,-153.58,-24.11
1657,-35.16,-559.21,-58.86,51.64
1658,-23.77,-511.34,-75.77,32.14
1659,-9.09,-491.76,-58.54,68.57
1660,-8.59,-489.31,-103.98,85.65
1661,-18.89,-499.62,-134.03,28.12
1662,-0.32,-461.78,-90.57,-63.17
1663,-17.46,-533.93,-98.69,65.41
1664,-38.08,-480.39,-75.56,35.42
1665,-15.46,-525.56,-77.55,-11.86
1666,-17.63,-514.89,-90.25,48.01
1667,-6.95,-476.72,-91.18,12.18
1668,-22.91,-429.16,-115.16,-12.03
1669,-2.33,-416.03,-64.16,60.22
1670,-15.96,-490.74,-86.57,59.28
1671,-18.67,-448.72,-124.65,-29.9
1672,-12.97,-441.75,-86.99,90.3
1673,-21.68,-529.76,-67.91,19.29
1674,-15.46,-525.43,-171.52,9.79
1675,-25.14,-487.54,-58.59,94.14
1676,-23.5,-524.32,-69.56,5.15
1677,-35.58,-520.43,-79.03,75.79
1678,-10.33,-436.79,-70.75,-8.7
1679,-16.0,-492.31,-117.64,27.09
1680,-20.55,-459.73,-78.51,21.56
1681,-24.78,-503.6,-98.77,-3.81
1682,-16.46,-502.46,-118.02,-21.55
1683,-10.28,-485.54,-82.27,48.38
1684,-21.97,-461.48,-89.18,37.74
1685,-10.42,-352.52,-84.84,43.18
1686,-16.15,-582.01,-103.15,31.93
1687,-16.59,-510.43,-96.45,23.96
1688,-22.89,-435.83,-86.18,13.09
1689,-32.26,-520.1,-84.9,72.5
1690,-26.36,-502.27,-110.3,-14.98
1691,4.77,-362.26,-124.07,93.53
1692,-36.08,-527.13,-73.2,20.21
1693,-15.28,-490.3,-82.11,4.13
1694,-8.52,-484.71,-183.07,16.55
1695,-6.82,-531.32,-105.45,-85.26
1696,-44.11,-488.93,-63.65,75.37
1697,-14.96,-442.52,-98.16,33.7
1698,-15.13,-493.26,-68.48,54.76
1699,-20.82,-522.45,-99.72,30.24
1700,-18.6,-580.15,-165.79,-81.27
1701,-11.83,-396.42,-79.38,87.76
1702,-23.42,-471.42,-87.21,20.97
1703,-20.11,-478.75,-105.43,69.39
1704,-8.78,-469.36,-106.04,17.9
1705,-14.94,-485.75,-110.62,-45.57
1706,-5.1,-427.03,-76.55,29.7
1707,-25.32,-512.26,-106.81,27.34
1708,-11.49,-501.11,-122.91,-37.5
1709,-20.65,-511.27,-193.47,42.05
1710,-11.46,-387.89,-68.76,63.95
1711,-31.89,-549.46,-85.33,24.81
1712,-10.71,-482.76,-74.92,23.73
1713,-20.64,-445.59,-127.03,-20.92
1714,-22.33,-555.07,-93.15,17.99
1715,-28.25,-495.4,-89.95,26.64
1716,-16.95,-448.18,-122.15,35.87
1717,-22.39,-520.03,-84.36,61.98
1718,-14.66,-451.22,-93.93,34.67
1719,-26.1,-599.18,-88.79,71.44
1720,-18.57,-371.42,-134.66,16.46
1721,-15.49,-419.8,-88.88,20.47
1722,-18.71,-480.5,-136.53,28.37
1723,-23.45,-488.19,-94.54,-3.93
1724,-14.51,-487.23,-160.73,-7.1
1725,-20.24,-480.72,-100.17,-76.06
1726,-27.96,-437.04,-109.95,137.94
1727,-27.93,-611.84,-118.92,42.5
1728,-9.99,-403.73,-105.59,23.42
1729,-14.37,-527.33,-99.26,-6.65
1730,-35.04,-555.61,-103.75,22.99
1731,-17.38,-410.73,-81.43,52.26
1732,-4.34,-439.66,-97.34,36.86
1733,-7.32,-472.26,-99.16,12.75
1734,-24.61,-502.74,-94.14,64.32
1735,-24.89,-506.55,-149.09,-23.52
1736,-23.29,-409.98,-88.46,55.22
1737,-31.04,-466.06,-112.95,-16.93
1738,-27.41,-483.01,-83.42,42.69
1739,-19.37,-432.49,-139.36,-35.8
1740,-11.37,-607.86,-109.24,57.82
1741,-16.19,-454.41,-152.83,107.05
1742,-10.91,-470.37,-93.42,-2.68
1743,-31.65,-470.31,-57.81,9.07
1744,-35.32,-602.8,-96.4,22.6
1745,7.81,-365.03,-321.27,-105.37
1746,-25.01,-503.33,-74.15,48.56
1747,-11.37,-495.84,-96.03,131.63
1748,-34.68,-482.63,-85.57,-82.48
1749,-23.81,-482.41,-66.94,-6.91
1750,-27.78,-521.13,-168.76,-0.42
1751,-8.39,-437.59,-76.46,37.23
1752,-18.62,-512.68,-83.47,36.75
1753,-23.23,-526.79,-91.32,28.21
1754,-0.57,-483.38,-117.62,-13.47
1755,-38.61,-412.45,-85.22,64.57
1756,-16.31,-458.23,-99.91,28.32
1757,-6.48,-439.39,-124.0,-15.76
1758,-32.34,-553.43,-136.29,78.07
1759,-26.26,-515.63,-125.23,34.03
1760,-30.21,-494.4,-93.55,10.45
1761,-34.85,-544.75,-75.88,47.75
1762,-0.11,-447.89,-114.97,-53.24
1763,-17.14,-456.43,-78.5,124.46
1764,-18.71,-442.19,-107.18,-48.65
1765,-28.04,-479.17,-114.22,81.83
1766,-6.1,-478.88,-200.0,-149.72
1767,-33.95,-560.5,-21.69,115.88
1768,-31.96,-516.44,-93.21,31.47
1769,-15.29,-423.93,-93.65,38.34
1770,-3.53,-476.38,-106.17,-2.55
1771,-12.84,-442.71,-86.76,88.7
1772,-24.17,-507.64,-106.64,9.22
1773,-14.29,-317.56,-106.97,-11.96
1774,-34.06,-617.86,-277.15,36.8
1775,-20.9,-472.02,-4.57,19.49
1776,-25.9,-524.03,-66.56,22.88
1777,-13.87,-477.82,-114.98,-19.24
1778,-24.18,-454.33,-83.53,94.31
1779,-13.15,-407.36,-101.52,10.89
1780,-33.45,-578.98,-136.52,-22.44
1781,-20.92,-564.66,-96.01,28.08
1782,-11.08,-375.73,-133.68,-21.21
1783,-9.0,-457.06,-87.44,111.44
1784,-34.94,-559.22,-93.59,12.75
1785,-2.73,-343.0,-107.68,-12.2
1786,-28.3,-518.4,-75.21,93.95
1787,-29.92,-514.13,-168.56,67.6
1788,-18.27,-476.27,-46.76,-22.47
1789,-18.86,-486.19,-135.08,60.14
1790,-31.79,-535.85,-104.79,-26.07
1791,-25.02,-545.57,-81.48,-16.99
1792,3.32,-295.63,-145.07,-32.61
1793,-21.58,-491.76,-72.44,25.14
1794,-25.03,-580.63,-140.72,32.71
1795,-14.28,-461.86,-100.19,-11.71
1796,-38.68,-584.49,-112.48,91.11
1797,-18.94,-411.78,-43.25,56.0
1798,-14.35,-427.49,-89.25,-46.0
1799,-12.34,-463.62,-97.02,71.66
1800,-7.45,-476.88,-103.56,21.49
1801,-11.02,-374.79,-87.34,-15.61
1802,-19.84,-551.59,-83.93,99.92
1803,-13.85,-514.81,-98.71,12.81
1804,3.65,-393.71,-151.98,-12.23
1805,-12.7,-486.98,-97.93,170.08
1806,-18.97,-578.42,-126.33,-126.13
1807,-39.48,-652.66,-193.84,-42.36
1808,-14.49,-456.42,-89.28,48.85
1809,-17.83,-414.74,-115.31,12.81
1810,-10.76,-311.43,-140.16,-17.56
1811,5.31,-485.66,-71.62,63.99
1812,-29.75,-515.66,-211.82,-33.83
1813,-6.38,-484.26,-53.66,233.65
1814,-20.89,-514.37,-102.76,-105.68
1815,-14.08,-500.04,-166.71,-186.89
1816,-33.76,-499.31,-192.47,103.79
1817,4.94,-355.5,-115.66,136.2
1818,-6.89,-549.11,-1.79,-54.76
1819,-5.91,-470.64,-120.1,-51.79
1820,-36.09,-491.85,-158.5,13.1
1821,-41.4,-626.11,-187.58,111.38
1822,0.48,-274.4,-97.07,-35.44
1823,-7.01,-475.24,-173.6,-43.21
1824,-11.17,-546.41,-50.84,47.76
1825,-13.69,-496.52,-159.46,17.08
1826,-18.1,-491.48,-61.38,-4.99
1827,-1.21,-497.24,-223.58,-48.48
1828,-17.11,-358.0,-38.91,53.5
1829,-45.04,-569.05,-68.98,52.52
1830,-18.87,-489.12,-78.41,18.69
1831,-5.25,-431.35,-107.08,2.68
1832,-5.11,-458.36,-102.72,78.42
1833,-18.9,-561.24,-161.96,13.11
1834,-17.41,-441.79,-42.11,-23.9
1835,-32.87,-394.71,-68.24,69.16
1836,0.17,-516.53,-109.9,33.43
1837,-22.5,-492.24,-123.47,22.37
1838,-22.21,-507.61,-74.4,20.42
1839,-8.85,-478.15,-133.27,21.64
1840,1.96,-460.88,-314.82,24.44
1841,-38.17,-516.17,-19.87,-120.11
1842,-41.6,-639.8,-51.54,100.86
1843,8.8,-361.9,-74.97,26.03
1844,-6.71,-366.39,-66.87,87.38
1845,-20.34,-450.14,-138.0,27.64
1846,-10.67,-551.62,-98.14,18.61
1847,-13.37,-466.54,-71.71,28.18
1848,-23.21,-517.6,-133.82,-18.56
1849,-15.69,-509.1,-60.29,91.13
1850,-22.52,-497.56,-83.68,13.51
1851,-30.81,-531.59,-153.86,-32.19
1852,4.84,-373.88,-79.32,22.67
1853,3.58,-409.61,-29.84,142.23
1854,-17.42,-484.54,-181.5,51.84
1855,-32.51,-558.22,-34.67,63.87
1856,-26.4,-599.91,-137.35,-31.71
1857,-12.3,-464.41,-82.4,-1.01
1858,-6.86,-350.09,-262.09,-41.13
1859,22.26,-295.41,2.76,81.08
1860,-40.14,-541.06,-54.3,28.86
1861,-22.19,-558.85,-88.33,33.45
1862,10.97,-465.88,-106.27,17.4
1863,-38.97,-506.62,-122.03,-17.41
1864,-14.13,-497.08,-73.52,82.12
1865,-15.6,-506.84,-75.82,36.43
1866,-26.28,-521.38,-69.61,88.92
1867,-26.01,-486.16,-65.6,20.39
1868,-13.3,-515.74,-213.27,-36.77
1869,-22.25,-501.66,-11.55,96.8
1870,-11.68,-346.64,-91.17,16.8
1871,-35.98,-607.06,-96.19,37.63
1872,-10.54,-414.18,-102.88,24.12
1873,-7.54,-443.54,-74.77,106.34
1874,-4.1,-469.78,-74.01,70.9
1875,2.1,-399.51,-95.55,-36.74
1876,-31.52,-561.26,-96.67,-22.8
1877,-18.77,-535.56,-145.06,-52.66
1878,-16.3,-446.01,-103.26,105.29
1879,-27.57,-492.96,-76.91,33.39
1880,-17.3,-428.9,-71.59,40.45
1881,-17.4,-501.36,-81.42,36.42
1882,-14.77,-543.54,-89.11,59.41
1883,-13.38,-500.26,-126.89,-31.42
1884,-28.95,-510.37,-62.77,45.1
1885,0.69,-371.14,-85.75,65.47
1886,0.11,-341.5,-79.49,56.52
1887,-14.66,-440.47,-117.55,13.24
1888,-12.18,-476.06,-61.09,44.09
1889,-30.61,-516.99,-116.8,24.67
1890,-32.82,-619.23,-83.74,27.36
1891,-2.26,-426.15,-78.66,40.59
1892,-28.79,-516.61,-82.21,20.1
1893,-20.23,-524.32,-114.43,18.98
1894,-29.44,-519.15,-78.47,62.79
1895,-15.17,-477.11,-69.75,28.83
1896,-17.34,-483.51,-105.95,-12.23
1897,-8.39,-417.85,-137.39,25.02
1898,-25.29,-451.95,-61.92,73.6
1899,-31.68,-474.51,-89.94,11.69
1900,-13.86,-427.94,-76.84,34.39
1901,-13.27,-524.72,-81.48,52.69
1902,-8.09,-474.36,-74.24,61.62
1903,-22.31,-527.7,-124.74,-22.49
1904,-14.21,-520.55,-67.89,17.14
1905,5.78,-455.17,-141.23,-74.95
1906,-63.33,-585.29,-74.17,141.47
1907,-25.05,-473.38,-83.18,40.13
1908,-6.39,-400.29,-71.73,41.77
1909,-21.06,-468.28,-81.77,31.96
1910,-22.57,-479.46,-90.7,32.0
1911,-22.58,-487.01,-84.21,31.1
1912,-25.9,-482.42,-109.72,-8.6
1913,29.36,-335.38,-201.33,-51.93
1914,-13.12,-439.44,-93.65,68.16
1915,-56.9,-610.92,-56.48,106.83
1916,-28.61,-513.93,-75.68,54.73
1917,-29.4,-507.74,-79.71,34.58
1918,-24.77,-468.16,-90.35,37.6
1919,-24.17,-456.07,-89.93,27.87
1920,-23.3,-512.01,-96.07,30.76
1921,-18.41,-478.47,-96.24,27.47
1922,-15.23,-471.72,-97.66,20.79
1923,-6.71,-561.99,-154.48,-163.24
1924,-65.76,-631.21,-96.87,226.34
1925,-4.54,-226.03,-70.27,10.55
1926,-28.02,-499.56,-147.74,90.95
1927,-7.67,-433.92,-88.91,-58.1
1928,-24.03,-494.31,-53.91,28.44
1929,-14.12,-454.08,-75.69,65.88
1930,-11.14,-499.34,-131.42,-36.8
1931,-28.95,-420.81,-57.06,49.68
1932,-25.77,-498.75,-90.86,20.83
1933,-12.33,-591.84,-128.47,-56.63
1934,-34.65,-461.81,-80.28,67.16
1935,-19.4,-457.78,-61.87,56.86
1936,-25.66,-450.19,-76.62,55.64
1937,-24.16,-488.29,-87.01,53.81
1938,-29.85,-469.28,-95.92,15.4
1939,-22.01,-518.25,-165.04,32.62
1940,-10.48,-471.78,-53.0,6.76
1941,-15.63,-478.63,-150.43,48.42
1942,6.97,-428.87,-140.34,-55.77
1943,-44.99,-493.22,-56.08,91.01
1944,-31.57,-530.16,-93.38,57.98
1945,-25.58,-441.63,-93.2,-6.06
1946,-9.82,-369.69,-122.57,-92.11
1947,-18.88,-535.84,-75.93,13.35
1948,-34.16,-509.03,-56.75,95.02
1949,-31.71,-502.7,-103.77,22.58
1950,-17.38,-470.06,-72.98,68.01
1951,-4.53,-414.19,-119.12,-2.94
1952,-38.09,-553.81,-107.19,39.24
1953,-25.44,-465.93,-89.7,13.56
1954,-14.18,-405.78,-85.8,28.45
1955,-16.44,-518.99,-181.47,39.72
1956,-6.09,-505.92,-158.58,31.17
1957,-28.7,-510.0,-139.19,-18.25
1958,-7.01,-268.03,-9.49,53.87
1959,-25.13,-543.91,-74.61,17.87
1960,-23.82,-603.75,-64.59,8.87
1961,-2.45,-427.15,-87.45,40.75
1962,-14.56,-478.18,-106.35,-2.39
1963,-9.82,-389.33,-93.57,22.82
1964,-13.18,-537.53,-80.9,22.16
1965,-32.05,-488.72,-118.64,-2.93
1966,-22.07,-468.55,-79.05,72.84
1967,-15.33,-474.07,-80.73,3.49
1968,-20.43,-483.3,-155.0,106.47
1969,-29.51,-576.03,-75.23,-46.5
1970,-12.06,-428.02,-68.44,62.91
1971,0.34,-477.54,-101.27,-19.32
1972,-11.63,-466.03,-145.97,-49.45
1973,-29.35,-500.66,-120.76,39.08
1974,-10.74,-348.54,-88.75,72.8
1975,-32.19,-476.69,-49.35,40.19
1976,-4.64,-429.26,-94.51,-4.86
1977,-13.03,-510.61,-93.79,8.58
1978,-23.14,-503.51,-89.37,30.71
1979,-6.25,-454.76,-97.31,34.05
1980,-21.35,-527.99,-101.31,57.91
1981,-0.03,-369.44,-96.0,33.31
1982,-31.73,-581.21,-97.04,26.84
1983,-14.68,-444.68,-78.45,12.75
1984,-20.2,-489.53,-132.88,-16.52
1985,-21.38,-515.78,-78.79,37.69
1986,-21.57,-522.75,-76.49,0.76
1987,-9.27,-510.32,-121.41,-18.84
1988,-5.74,-362.63,-192.97,11.1
1989,-35.85,-563.52,-34.11,81.25
1990,-24.92,-466.8,-66.88,10.52
1991,1.7,-371.13,-80.81,4.34
1992,-16.13,-564.87,-91.32,58.23
1993,-19.03,-526.28,-99.05,-11.44
1994,-23.36,-437.21,-109.02,17.3
1995,-19.71,-464.4,-68.9,77.13
1996,-13.16,-484.02,-74.8,30.11
1997,-18.25,-533.78,-108.92,31.22
1998,-6.71,-442.86,-113.56,-74.12
1999,-26.9,-443.35,-83.56,70.41
2000,-12.8,-448.18,-79.11,14.72
2001,-13.06,-496.15,-88.84,112.52
2002,-8.43,-484.68,-145.14,-25.5
2003,-25.3,-509.36,-94.9,-25.03
2004,-20.47,-512.22,-82.89,53.61
2005,-40.48,-640.15,-243.82,-78.93
2006,21.61,-158.77,-41.21,81.75
2007,-7.03,-576.03,-82.84,77.34
2008,-14.86,-381.53,-66.9,12.47
2009,-29.89,-479.24,-76.09,38.26
2010,-9.04,-499.14,-77.61,29.49
2011,-22.4,-501.53,-93.0,36.16
2012,-27.2,-505.95,-96.55,15.7
2013,-25.03,-515.09,-116.5,-35.2
2014,-12.5,-521.99,-91.12,9.21
2015,-8.0,-414.44,-83.7,116.22
2016,-5.93,-410.52,-97.16,-17.18
2017,-17.72,-603.03,-148.04,24.21
2018,-27.84,-456.59,-67.06,-17.98
2019,-11.4,-402.57,-133.01,88.76
2020,-7.4,-363.47,-117.67,-43.5
2021,-13.13,-462.28,-140.19,23.86
2022,-24.75,-520.8,-60.91,9.57
2023,-21.64,-532.97,-100.9,35.82
2024,-18.57,-459.94,-54.03,88.13
2025,-17.76,-464.49,-86.93,62.1
2026,-32.4,-535.5,-111.44,-6.46
2027,-16.65,-455.65,-118.82,-67.88
2028,-31.1,-487.97,-82.91,77.45
2029,-25.95,-489.67,-92.33,36.49
2030,-17.66,-516.11,-148.0,-3.45
2031,-13.27,-304.24,-95.09,-26.44
2032,-26.61,-528.94,-77.17,65.55
2033,-21.24,-479.02,-86.82,30.9
2034,-8.5,-459.03,-125.65,25.28
2035,-9.69,-460.63,-122.72,25.62
2036,-24.37,-524.83,-85.76,8.83
2037,-9.23,-482.99,-131.85,43.97
2038,-2.26,-438.77,-94.66,-19.45
2039,-24.22,-478.6,-114.79,38.92
2040,0.99,-390.64,-54.7,52.3
2041,-47.06,-596.63,-68.41,63.91
2042,-18.7,-417.6,-108.13,-20.47
2043,-4.34,-366.63,-81.68,32.83
2044,-25.75,-547.24,-105.27,51.45
2045,-11.11,-506.81,-103.63,-44.72
2046,-25.4,-469.46,-99.0,45.18
2047,-31.28,-567.65,-107.83,29.98
2048,-28.45,-545.1,-119.83,46.14
2049,-12.62,-407.61,-71.39,6.34
2050,-11.92,-448.26,-117.41,-7.03
2051,-29.89,-510.34,-54.04,98.8
2052,-23.39,-481.87,-104.05,-0.36
2053,-11.09,-433.73,-155.23,-27.68
2054,-21.3,-472.69,-102.57,7.99
2055,-23.6,-470.05,-71.3,67.65
2056,-17.32,-468.14,-138.36,45.68
2057,-19.62,-458.92,-81.64,60.41
2058,-16.51,-400.11,-93.4,-23.1
2059,-11.39,-561.28,-51.05,29.07
2060,-16.77,-463.7,-115.25,22.01
2061,-20.54,-460.21,-113.76,5.11
2062,-28.66,-452.12,-102.97,85.06
2063,-37.62,-539.99,-107.84,2.54
2064,-24.04,-455.77,-80.73,22.63
2065,-17.54,-504.95,-93.75,-14.35
2066,2.56,-374.91,-111.24,24.8
2067,-13.96,-537.31,-113.07,-22.54
2068,-9.92,-345.72,-94.68,36.86
2069,-24.32,-586.32,-109.21,22.67
2070,-13.76,-412.23,-144.13,40.51
2071,-32.74,-506.96,-82.09,42.76
2072,-6.24,-462.75,-98.37,1.26
2073,-21.5,-513.67,-132.27,-57.94
2074,-3.83,-381.07,-83.66,79.57
2075,-27.17,-477.88,-73.75,58.18
2076,-23.15,-524.1,-88.76,0.31
2077,-12.99,-469.54,-128.27,34.24
2078,-9.73,-481.55,-94.12,27.67
2079,-28.85,-543.04,-68.91,36.58
2080,-30.05,-561.83,-103.28,29.59
2081,-5.9,-374.76,-118.84,38.91
2082,0.95,-440.45,-85.63,-48.12
2083,-28.79,-481.72,-96.65,42.23
2084,-28.74,-518.75,-72.96,30.48
2085,-15.43,-473.99,-172.38,-3.62
2086,-23.99,-507.38,-94.41,-28.36
2087,-0.51,-371.87,-71.81,17.92
2088,-31.11,-447.16,-150.74,23.56
2089,-13.94,-404.03,-52.83,34.04
2090,-17.91,-500.59,-78.07,15.6
2091,-18.7,-510.22,-131.49,9.04
2092,-16.95,-523.08,-68.28,40.2
2093,-15.75,-481.93,-98.96,-8.79
2094,-40.69,-552.7,-103.58,28.47
2095,-33.22,-506.51,-60.92,43.44
2096,-27.72,-434.14,-83.19,44.29
2097,-12.28,-431.9,-99.25,33.69
2098,-12.02,-460.16,-87.6,17.49
2099,-6.82,-469.17,-190.32,-128.79
2100,-14.4,-521.64,-50.27,161.06
2101,-41.01,-577.92,-81.21,15.54
2102,2.31,-319.67,-108.45,-17.11
2103,-18.86,-434.33,-108.35,38.49
2104,-13.75,-434.1,-66.35,17.99
2105,-31.69,-560.02,-76.12,6.11
2106,-32.09,-511.26,-94.8,75.08
2107,-13.85,-468.81,-76.35,6.04
2108,-22.34,-455.53,-81.6,33.16
2109,-10.14,-454.24,-87.62,63.1
2110,-8.3,-442.25,-109.86,-32.68
2111,-39.96,-535.06,-91.03,16.67
2112,-23.83,-396.64,-94.1,10.55
2113,-9.03,-316.45,-86.7,-3.76
2114,0.41,-526.75,-81.98,23.08
2115,-2.43,-492.63,-101.65,-5.03
2116,-3.59,-427.06,-96.14,27.19
2117,-45.08,-459.14,-72.73,59.79
2118,-35.13,-617.38,-120.08,49.28
2119,-27.62,-547.83,-173.95,57.98
2120,-20.81,-488.61,-33.94,-5.16
2121,8.03,-393.97,-108.03,23.9
2122,-52.04,-589.51,-68.81,45.53
2123,-12.05,-456.98,-95.99,-40.61
2124,-28.82,-517.93,-100.01,8.26
2125,-24.06,-520.14,-110.74,-6.58
2126,-14.9,-480.92,-86.8,24.26
2127,-37.08,-387.81,-76.14,68.89
2128,-13.51,-521.67,-81.1,11.36
2129,1.87,-431.06,-100.4,-7.0
2130,-25.6,-432.67,-93.58,54.76
2131,-15.49,-418.27,-116.95,17.83
2132,-26.57,-595.36,-75.97,87.59
2133,-24.85,-520.21,-212.72,-94.29
2134,-15.77,-442.04,-19.48,54.94
2135,-6.6,-447.22,-85.58,8.51
2136,-22.31,-583.86,-74.71,24.92
2137,-43.22,-549.97,-67.52,54.44
2138,-2.25,-310.59,-84.08,2.08
2139,-18.16,-424.79,-92.12,31.43
2140,-25.43,-502.11,-145.78,34.75
2141,-8.6,-422.0,-100.74,16.06
2142,-4.41,-475.09,-34.2,69.72
2143,-29.44,-520.24,-103.66,16.47
2144,-21.72,-516.47,-96.01,8.81
2145,-14.62,-504.46,-115.49,-8.55
2146,16.41,-267.3,-106.5,-11.28
2147,-18.13,-500.45,-81.11,24.33
2148,-52.43,-562.37,-73.26,90.6
2149,-26.28,-538.27,-107.14,30.77
2150,-24.13,-497.32,-125.45,8.89
2151,-15.92,-542.95,-94.07,-6.77
2152,-30.93,-474.89,-95.56,45.76
2153,-16.92,-431.63,-99.26,21.55
2154,-17.53,-451.51,-95.33,21.65
2155,-12.34,-442.05,-112.32,-16.39
2156,-6.36,-367.89,-213.99,-72.19
2157,-25.57,-507.08,-82.2,156.94
2158,-35.69,-539.86,-53.43,17.3
2159,-21.82,-499.77,-96.95,-5.38
2160,-23.26,-479.29,-89.42,38.54
2161,-22.84,-461.72,-88.74,57.34
2162,-25.78,-548.93,-92.87,6.64
2163,-19.06,-487.84,-99.47,15.77
2164,-29.15,-553.47,-101.03,41.75
2165,-16.99,-428.14,-135.87,-7.62
2166,-21.31,-456.82,-67.81,39.95
2167,-18.79,-548.31,-99.38,11.25
2168,3.91,-361.0,-87.82,21.82
2169,-26.82,-469.27,-96.16,15.44
2170,-8.47,-435.8,-102.17,26.9
2171,-24.07,-532.94,-91.15,-13.5
2172,-36.23,-475.72,-121.01,36.28
2173,-28.51,-517.51,-92.64,17.8
2174,-24.74,-524.1,-95.53,72.16
2175,-22.71,-575.83,-90.93,25.27
2176,-6.52,-403.93,-96.84,18.34
2177,-7.03,-332.82,-98.96,15.38
2178,-19.1,-563.69,-117.78,-29.59
2179,-32.16,-479.81,-108.0,3.63
2180,-21.99,-427.85,-86.37,108.18
2181,-20.61,-472.46,-146.18,18.68
2182,-19.09,-505.64,-75.04,17.41
2183,-23.68,-495.53,-86.59,32.41
2184,-26.11,-479.65,-95.37,22.55
2185,-26.3,-483.56,-95.22,23.37
2186,-26.09,-476.33,-99.56,19.04
2187,4.35,-369.89,-90.64,-27.01
2188,-31.84,-531.79,-144.73,10.87
2189,-0.39,-450.78,-79.05,77.23
2190,-22.87,-517.24,-98.21,31.65
2191,-23.34,-464.83,-92.61,31.4
2192,-41.95,-481.82,-92.52,28.08
2193,-24.98,-504.25,-99.06,17.42
2194,-22.03,-491.97,-105.15,32.25
2195,-13.67,-481.79,-134.7,-7.12
2196,-25.39,-542.26,-105.75,39.7
2197,-23.92,-469.18,-93.82,-5.01
2198,-3.7,-377.35,-115.01,-38.38
2199,-11.33,-481.76,-104.87,16.29
2200,-28.76,-423.77,-94.85,117.97
2201,-28.33,-527.48,-77.73,4.6
2202,-40.22,-516.42,-85.08,36.48
2203,-23.18,-485.74,-98.67,9.18
2204,4.55,-464.95,-116.86,40.03
2205,-19.89,-420.26,-125.96,27.41
2206,-29.29,-573.13,-88.85,28.61
2207,-39.39,-496.56,-94.87,20.03
2208,-12.14,-427.67,-91.29,32.56
2209,-19.53,-466.65,-93.56,32.62
2210,-20.17,-424.72,-100.42,28.35
2211,-29.12,-513.53,-98.54,27.28
2212,-9.12,-532.17,-110.83,-20.59
2213,-1.39,-454.23,-181.42,-75.97
2214,-37.38,-476.8,-66.6,157.89
2215,-9.38,-445.42,-93.88,22.38
2216,-28.95,-478.07,-85.0,40.37
2217,-18.99,-485.25,-91.8,32.01
2218,-19.83,-481.23,-96.48,26.27
2219,-18.59,-485.42,-97.2,24.69
2220,-19.18,-482.93,-99.88,26.01
2221,-6.84,-428.68,-106.37,-5.66
2222,-1.64,-450.53,-126.9,47.6
2223,-39.77,-621.19,-115.07,35.34
2224,-6.05,-409.48,-77.42,120.9
2225,-23.21,-412.05,-132.7,-34.59
2226,-30.93,-472.98,-83.46,-25.66
2227,-18.48,-492.33,-94.8,56.24
2228,-12.82,-466.8,-98.14,35.59
2229,-30.01,-505.69,-96.9,38.6
2230,-28.43,-505.4,-97.21,21.41
2231,-24.3,-478.69,-97.48,22.4
2232,-31.22,-486.76,-94.45,20.99
2233,-18.11,-490.05,-101.24,20.75
2234,-15.61,-478.05,-100.84,24.76
2235,-11.81,-473.57,-102.31,29.36
2236,-7.43,-470.91,-110.13,-5.36
2237,-21.14,-467.77,-112.64,23.28
2238,-18.08,-453.63,-95.09,19.43
2239,-8.22,-507.57,-143.32,-28.07
2240,-4.73,-422.47,-170.29,20.42
2241,-45.02,-504.86,-87.7,49.53
2242,-21.51,-493.85,-81.73,53.5
2243,-17.79,-370.59,-134.48,-18.91
2244,16.51,-304.48,-87.07,29.7
2245,-31.71,-483.95,-108.67,-51.16
2246,-9.73,-342.14,-92.47,48.41
2247,-50.83,-693.83,-88.22,35.71
2248,-21.93,-426.92,-94.21,21.93
2249,-37.36,-561.61,-105.63,18.78
2250,-29.23,-504.22,-92.78,34.63
2251,-18.7,-458.59,-91.34,35.88
2252,-15.35,-473.27,-95.75,-3.77
2253,-21.28,-489.27,-100.62,5.04
2254,-24.11,-495.01,-97.98,22.54
2255,-20.89,-481.3,-99.76,27.07
2256,-23.74,-472.96,-99.6,22.68
2257,-25.44,-544.18,-140.75,-46.77
2258,-25.11,-467.25,-97.51,51.43
2259,-12.38,-415.21,-95.52,15.81
2260,-28.89,-458.38,-104.41,10.07
2261,-22.59,-474.22,-140.19,-2.53
2262,-32.11,-514.91,-89.94,40.65
2263,-9.83,-488.88,-76.19,28.99
2264,-25.2,-516.32,-97.53,47.87
2265,-46.02,-604.52,-161.38,13.08
2266,-9.38,-322.31,-96.56,1.49
2267,-14.67,-451.12,-80.36,43.41
2268,-22.07,-461.39,-89.19,51.08
2269,-10.56,-400.38,-110.99,-22.44
2270,-30.43,-513.74,-104.12,-40.92
2271,-28.23,-474.7,-91.14,37.19
2272,-9.38,-396.85,-96.7,5.26
2273,-14.07,-473.56,-162.73,-77.46
2274,-42.71,-561.47,-97.77,28.82
2275,-31.99,-491.98,-55.92,58.61
2276,-25.35,-501.76,-150.04,-12.0
2277,-23.17,-545.61,-114.19,80.21
2278,-21.59,-469.35,-67.96,57.31
2279,-44.16,-554.89,-118.87,-45.54
2280,3.18,-442.25,-122.84,-25.84
2281,-16.91,-307.72,-74.29,38.92
2282,-50.38,-542.04,-67.06,18.43
2283,-21.83,-591.38,-150.95,-56.1
2284,-38.8,-541.55,-58.32,7.81
2285,-21.32,-449.36,-99.98,37.11
2286,3.62,-232.32,-113.87,-63.31
2287,-9.71,-318.31,-158.77,43.65
2288,-28.92,-531.98,-74.37,-13.62
2289,-75.34,-737.03,-144.72,-22.92
2290,-39.54,-451.74,-80.28,6.2
2291,14.19,-396.36,-80.3,-4.22
2292,6.86,-397.77,-130.38,5.35
2293,-4.47,-454.57,-63.67,12.62
2294,-13.56,-472.4,-77.5,157.35
2295,-40.74,-505.68,-96.14,-121.5
2296,-1.0,-434.47,-197.93,-62.51
2297,-25.04,-486.4,-151.6,5.03
2298,-17.24,-432.51,-30.68,33.61
2299,-28.89,-516.43,-75.92,-12.47
2300,-27.31,-550.4,-131.58,31.72
2301,-23.15,-499.25,-116.98,44.22
2302,-17.82,-430.83,-109.06,-66.23
2303,-23.08,-421.8,-58.79,49.26
2304,-32.98,-514.09,-82.33,-7.1
2305,-34.75,-560.53,-112.06,-24.22
2306,-8.03,-409.9,-81.23,54.81
2307,-25.83,-467.43,-64.21,96.22
2308,-18.87,-478.55,-82.23,-7.83
2309,-14.22,-456.62,-110.08,-52.63
2310,-18.33,-514.22,-98.58,12.28
2311,-26.92,-508.42,-88.45,47.73
2312,-31.84,-521.89,-71.56,27.87
2313,2.38,-422.11,-88.04,-3.81
2314,-17.76,-445.79,-75.89,5.59
2315,-2.36,-485.01,-161.59,-184.92
2316,-51.92,-500.84,-33.16,158.93
2317,-2.85,-347.06,-78.36,46.29
2318,-17.11,-578.58,-121.2,75.54
2319,-11.5,-455.68,-112.84,23.62
2320,-19.47,-466.44,-51.55,21.4
2321,-32.86,-537.96,-72.21,1.35
2322,-16.26,-473.06,-120.13,25.52
2323,20.89,-300.4,-112.61,-70.27
2324,-27.3,-499.22,-77.19,41.82
2325,-53.78,-591.71,-85.68,43.8
2326,-22.03,-474.11,-63.6,41.86
2327,-16.13,-483.73,-77.72,44.21
2328,-21.26,-529.86,-95.03,-82.84
2329,-17.31,-419.77,-76.17,34.27
2330,-35.21,-509.7,-93.15,77.6
2331,-21.58,-485.24,-83.45,5.52
2332,-17.0,-442.86,-77.28,13.93
2333,-10.83,-443.19,-80.59,19.48
2334,-2.76,-473.82,-109.31,3.66
2335,-27.12,-507.05,-174.37,47.9
2336,-34.47,-572.3,-68.63,23.05
2337,-41.77,-478.56,-38.5,-18.63
2338,-10.59,-367.7,-77.62,33.69
2339,-11.01,-418.45,-149.8,26.26
2340,-35.94,-548.94,-87.07,8.72
2341,-16.48,-481.56,-70.27,10.99
2342,-14.48,-460.25,-80.55,49.59
2343,-9.9,-486.49,-113.06,-52.18
2344,-9.1,-226.76,-113.52,56.65
2345,-47.28,-631.36,-39.07,73.96
2346,-26.76,-508.71,-114.32,-30.42
2347,-7.54,-477.18,-68.64,2.08
2348,-41.57,-530.41,-141.28,54.41
2349,-32.18,-506.29,-78.0,10.53
2350,-42.83,-660.56,-82.88,20.19
2351,-30.14,-438.89,-163.94,36.69
2352,1.22,-310.19,-39.93,17.42
2353,-26.73,-557.56,-105.84,-9.01
2354,-31.36,-535.34,-94.68,-15.08
2355,-15.0,-391.6,-83.11,46.33
2356,-8.77,-466.62,-73.76,17.4
2357,-45.37,-450.87,-106.59,81.34
2358,-13.15,-488.43,-86.4,-6.59
2359,-47.03,-620.64,-85.84,25.22
2360,-16.93,-433.75,-123.4,43.51
2361,14.49,-375.33,-125.86,13.09
2362,-0.61,-476.91,-65.71,103.03
2363,12.67,-277.74,-97.19,-70.91
2364,-45.58,-531.47,-92.24,18.77
2365,-26.15,-530.44,-83.44,40.96
2366,-20.43,-507.75,-172.37,-58.08
2367,-14.91,-512.05,-25.62,88.93
2368,-12.23,-487.57,-110.57,-8.27
2369,-36.62,-568.2,-99.45,-16.38
2370,-18.8,-481.62,-60.16,89.88
2371,-58.94,-661.38,-179.72,-47.54
2372,-22.46,-463.15,-42.09,38.52
2373,5.24,-275.1,-123.77,16.99
2374,12.27,-398.09,-77.19,99.4
2375,-23.16,-444.85,-94.34,-8.47
2376,-35.55,-554.87,-66.32,69.43
2377,-46.14,-606.73,-121.05,-73.52
2378,-0.7,-365.31,-218.99,-2.62
2379,-15.67,-375.04,-72.1,48.55
2380,-16.64,-501.87,-106.12,-13.34
2381,-1.59,-462.21,-100.34,48.94
2382,-35.21,-608.8,-39.19,47.35
2383,-3.9,-370.76,-115.93,-61.3
2384,-6.79,-418.53,-88.37,30.06
2385,-28.06,-511.62,-95.83,-4.47
2386,-40.39,-550.85,-64.12,76.59
2387,-28.24,-513.05,-92.35,-32.25
2388,-46.05,-627.52,-99.16,89.17
2389,-12.92,-385.66,-103.59,-15.41
2390,-3.41,-468.32,-112.05,121.34
2391,-29.7,-480.75,-148.46,-84.96
2392,-26.08,-572.47,-32.18,56.63
2393,-15.86,-432.19,-128.4,-39.59
2394,-14.66,-430.66,-83.09,57.97
2395,-19.98,-473.39,-96.59,41.3
2396,-6.16,-468.98,-98.86,-22.71
2397,-30.45,-485.78,-125.22,17.58
2398,-31.46,-530.37,-65.62,33.77
2399,-26.14,-551.34,-98.61,19.6
2400,-2.32,-345.64,-115.74,-36.41
2401,-18.14,-498.67,-91.04,49.86
2402,-32.83,-608.0,-97.25,-3.18
2403,-14.94,-468.49,-78.64,39.77
2404,-15.03,-477.23,-96.78,13.13
2405,-20.76,-486.07,-104.88,-9.31
2406,-14.39,-436.13,-132.74,55.52
2407,-24.97,-509.99,-72.74,30.69
2408,3.35,-374.82,-92.5,-19.94
2409,-33.78,-572.36,-96.72,39.25
2410,-32.08,-510.99,-87.13,50.07
2411,-9.68,-455.48,-73.84,-5.02
2412,-14.67,-505.63,-130.25,4.05
2413,-30.65,-498.5,-53.1,26.72
2414,4.15,-314.53,-84.82,33.47
2415,-30.78,-611.75,-132.31,19.75
2416,-23.77,-568.63,-115.5,6.99
2417,-10.11,-435.96,-68.69,-24.54
2418,-24.58,-507.56,-79.39,28.54
2419,-25.64,-493.81,-76.33,34.74
2420,-25.79,-506.99,-82.94,15.41
2421,-20.0,-543.96,-97.7,5.13
2422,-17.66,-465.23,-89.86,14.41
2423,-15.29,-338.74,-103.49,1.98
2424,-21.84,-428.47,-78.92,48.0
2425,-16.91,-492.53,-83.69,45.42
2426,-6.71,-471.34,-86.25,31.01
2427,-11.77,-485.0,-82.46,34.16
2428,-33.63,-553.08,-148.88,1.49
2429,-11.59,-482.08,-61.59,73.26
2430,-33.07,-538.29,-85.53,23.69
2431,-20.09,-479.32,-82.95,-3.24
2432,-12.82,-468.97,-99.31,49.65
2433,-18.63,-494.11,-91.7,7.4
2434,-24.36,-503.69,-81.93,31.83
2435,-23.48,-463.34,-107.34,-5.12
2436,-31.65,-459.4,-107.81,-4.5
2437,-34.78,-548.8,-80.08,71.25
2438,-25.11,-491.08,-104.75,30.45
2439,-33.05,-560.84,-93.09,32.17
2440,-12.24,-421.99,-139.39,-83.3
2441,5.77,-355.92,-135.08,24.54
2442,-16.45,-456.09,-107.85,-16.74
2443,-20.62,-475.36,-136.43,43.53
2444,-34.79,-542.58,-51.15,54.66
2445,-23.16,-484.78,-88.29,34.05
2446,-5.67,-475.37,-91.98,21.46
2447,-0.23,-456.1,-103.22,9.39
2448,-31.23,-517.49,-91.18,65.3
2449,-34.32,-464.12,-79.89,16.91
2450,-31.83,-503.1,-85.65,26.06
2451,-28.29,-511.52,-96.02,-6.73
2452,-32.81,-598.51,-104.05,20.68
2453,-18.74,-461.68,-101.62,7.62
2454,-4.16,-386.8,-100.94,20.2
2455,-22.04,-539.99,-83.44,-17.04
2456,-16.49,-374.23,-103.65,25.99
2457,-21.05,-493.76,-125.93,7.15
2458,-22.44,-489.22,-86.91,47.61
2459,-19.6,-431.63,-97.31,6.56
2460,-22.48,-550.27,-119.3,-17.69
2461,-44.42,-589.43,-104.14,33.44
2462,-20.57,-449.03,-91.07,-33.03
2463,1.6,-367.08,-130.03,72.3
2464,-25.72,-481.42,-121.89,17.41
2465,-25.34,-445.46,-62.66,37.69
2466,-27.18,-500.7,-109.05,-7.35
2467,-20.74,-496.01,-102.11,16.73
2468,-15.96,-409.36,-95.31,39.78
2469,-30.98,-506.85,-122.99,26.03
2470,-27.46,-587.86,-89.02,10.72
2471,1.49,-302.3,-128.86,32.3
2472,-33.21,-545.66,-107.55,6.94
2473,-41.96,-591.9,-96.37,1.3
2474,-32.41,-502.95,-104.81,24.47
2475,-36.85,-421.86,-103.89,22.8
2476,-32.11,-511.81,-106.14,25.81
2477,-0.33,-371.57,-109.67,-9.79
2478,-16.37,-449.67,-96.54,32.89
2479,-35.01,-539.62,-119.03,9.61
2480,-7.45,-358.87,-105.92,-4.33
2481,-16.37,-558.11,-119.96,-30.9
2482,-19.05,-489.16,-77.16,59.21
2483,-22.81,-518.44,-106.58,12.85
2484,-27.73,-529.37,-106.62,-24.02
2485,-23.93,-409.31,-102.35,56.19
2486,-18.56,-476.0,-124.42,25.94
2487,-5.75,-469.33,-89.39,34.86
2488,-19.48,-489.15,-100.16,29.95
2489,-13.39,-469.47,-149.06,34.02
2490,-27.25,-481.92,-123.32,54.35
2491,-38.82,-460.55,-88.19,-20.6
2492,-20.4,-498.73,-114.2,-16.03
2493,-33.05,-458.31,-111.41,-16.41
2494,-16.81,-467.55,-102.56,9.17
2495,-15.36,-494.33,-150.0,27.02
2496,-35.36,-504.33,-78.99,76.19
2497,-36.37,-612.38,-117.72,-21.01
2498,-2.97,-357.23,-63.91,83.04
2499,-29.44,-493.68,-124.68,-39.47
2500,-16.88,-457.26,-106.78,-26.01
2501,-2.3,-479.49,-83.46,39.05
2502,-11.14,-349.76,-121.91,12.53
2503,-25.37,-553.6,-105.03,71.48
2504,-17.83,-480.89,-112.17,27.83
2505,-6.65,-493.63,-106.84,11.11
2506,-53.49,-604.7,-161.71,-46.63
2507,-11.88,-452.11,-107.5,35.34
2508,-19.83,-472.59,-68.17,57.35
2509,-16.18,-595.53,-137.51,30.77
2510,-26.22,-410.4,-151.37,40.89
2511,-9.88,-402.0,-57.16,42.38
2512,-4.93,-460.8,-85.09,11.6
2513,0.32,-418.96,-247.68,-57.7
2514,-21.85,-553.74,-87.47,-31.82
2515,-12.63,-391.89,-95.95,15.88
2516,-41.8,-576.19,-67.02,83.37
2517,-29.56,-545.22,-91.42,43.81
2518,-12.22,-397.15,-100.07,18.35
2519,-23.43,-497.17,-93.09,-13.93
2520,-26.28,-595.38,-170.62,-28.99
2521,-21.29,-381.34,-70.13,111.14
2522,-1.85,-420.73,-99.94,-18.95
2523,-25.55,-505.37,-59.11,85.81
2524,-5.49,-507.93,-140.92,56.77
2525,-11.72,-433.53,-115.72,-23.64
2526,-47.64,-571.69,-202.64,-71.16
2527,-23.89,-482.04,-57.54,21.76
2528,-7.02,-410.54,-66.8,-8.74
2529,-3.86,-333.52,-84.1,20.59
2530,-39.75,-591.37,-87.72,33.11
2531,-37.7,-625.98,-106.85,-34.9
2532,-18.74,-514.56,-95.03,42.72
2533,1.54,-356.47,-96.17,26.11
2534,-16.53,-497.34,-94.93,-3.01
2535,-29.11,-519.14,-109.29,36.99
2536,-25.56,-487.89,-114.8,-9.48
2537,-9.08,-430.45,-77.74,62.63
2538,-26.26,-468.14,-98.95,33.87
2539,-27.39,-586.17,-73.12,2.76
2540,-7.43,-400.23,-105.93,13.95
2541,-15.76,-464.33,-123.45,-23.68
2542,-35.87,-553.17,-207.79,-50.77
2543,-2.29,-405.89,-53.28,13.97
2544,-20.51,-502.22,-77.51,64.3
2545,-13.36,-388.36,-126.49,13.8
2546,-47.93,-544.67,-92.87,14.4
2547,-30.77,-529.21,-85.89,29.54
2548,-22.22,-499.84,-94.79,12.29
2549,-20.95,-544.23,-90.05,-3.67
2550,-15.96,-443.44,-100.49,31.68
2551,-20.51,-454.47,-90.9,15.02
2552,-16.67,-470.03,-94.59,13.29
2553,-24.73,-504.22,-98.29,27.47
2554,-36.82,-580.31,-147.22,-19.74
2555,-12.05,-408.44,-77.44,8.99
2556,-18.04,-475.04,-97.27,-2.29
2557,-31.32,-461.5,-79.97,61.69
2558,-14.56,-474.69,-100.28,33.97
2559,-24.05,-572.3,-121.53,-9.06
2560,-29.26,-512.21,-89.08,3.99
2561,-8.91,-412.18,-67.6,46.51
2562,-5.5,-313.22,-180.82,64.95
2563,-53.46,-655.55,-96.48,19.11
2564,-1.26,-433.75,-94.29,-51.6
2565,16.14,-341.94,-174.73,-17.01
2566,-48.8,-584.54,-63.32,13.72
2567,-41.52,-550.32,-85.48,32.33
2568,-12.11,-446.88,-106.49,2.63
2569,-23.37,-498.87,-108.49,25.74
2570,-15.82,-515.62,-134.82,-18.12
2571,-5.33,-413.75,-83.35,-0.36
2572,-22.59,-457.24,-88.05,36.62
2573,-27.38,-516.23,-86.84,31.02
2574,-24.44,-518.2,-100.78,21.29
2575,-24.27,-508.9,-101.61,12.54
2576,-27.65,-548.98,-103.98,-49.27
2577,-27.62,-443.03,-109.76,38.49
2578,-7.88,-436.07,-62.96,32.5
2579,-19.82,-478.06,-81.6,82.9
2580,-38.59,-524.19,-89.95,10.19
2581,-8.25,-399.59,-110.5,18.86
2582,-19.24,-486.07,-102.08,4.93
2583,-39.87,-515.92,-181.57,-9.77
2584,-17.69,-427.17,-63.95,50.25
2585,-24.12,-521.67,-143.58,33.74
2586,-20.42,-506.74,-100.27,-34.97
2587,-30.97,-492.28,-130.76,24.59
2588,-22.3,-468.06,-64.13,27.12
2589,-33.92,-509.19,-89.05,5.59
2590,-26.25,-492.01,-93.75,25.33
2591,-26.08,-487.08,-99.05,9.33
2592,-21.06,-535.94,-92.39,27.67
2593,-33.08,-486.81,-135.59,-69.25
2594,12.02,-347.26,-72.14,58.18
2595,-37.67,-517.38,-103.41,34.44
2596,-36.4,-534.85,-93.46,20.89
2597,-23.98,-498.53,-96.12,23.05
2598,-21.94,-455.97,-96.96,18.65
2599,-16.4,-496.98,-102.84,20.01
2600,-20.55,-484.82,-96.79,6.87
2601,-21.11,-484.18,-93.25,54.28
2602,-0.25,-364.69,-121.06,-35.99
2603,-17.46,-414.44,-110.55,60.04
2604,-53.08,-550.19,-88.86,23.59
2605,-34.38,-419.5,-121.0,3.14
2606,-18.1,-550.78,-200.35,-35.75
2607,-23.25,-539.65,-47.11,63.57
2608,-22.02,-506.37,-102.67,27.67
2609,-35.18,-491.95,-85.7,3.79
2610,-25.12,-525.7,-100.19,-23.93
2611,-17.03,-467.58,-91.53,25.62
2612,-22.33,-472.95,-119.64,73.71
2613,-34.13,-466.13,-89.71,9.3
2614,-41.72,-465.2,-102.08,-0.86
2615,-19.22,-477.8,-113.74,-6.47
2616,-6.48,-458.35,-112.48,-7.26
2617,-15.93,-379.47,-86.3,36.66
2618,-47.08,-561.34,-102.43,61.3
2619,-21.78,-472.15,-83.18,-51.07
2620,-30.68,-551.25,-114.08,24.03
2621,-37.47,-567.84,-115.0,0.66
2622,-3.65,-366.55,-106.59,12.31
2623,-26.88,-473.18,-97.78,40.77
2624,-17.08,-461.32,-100.76,25.4
2625,-24.05,-490.83,-99.38,-10.55
2626,-36.22,-478.15,-90.5,37.0
2627,-28.57,-514.77,-111.0,43.94
2628,-39.75,-516.71,-106.36,-40.87
2629,-18.94,-379.6,-104.11,52.77
2630,-21.92,-503.01,-103.56,5.34
2631,-29.23,-422.66,-184.18,6.6
2632,-12.86,-435.53,-83.03,26.59
2633,-33.66,-562.61,-83.17,-30.26
2634,-34.58,-520.14,-81.52,57.96
2635,-39.9,-514.8,-173.59,10.35
2636,-16.28,-488.55,-54.32,64.54
2637,-19.04,-456.34,-98.5,-37.84
2638,-20.95,-500.76,-120.79,-55.17
2639,-30.04,-472.09,-91.4,62.66
2640,-19.39,-390.99,-99.3,21.48
2641,-39.7,-563.59,-93.82,31.24
2642,-4.24,-268.34,-101.55,21.31
2643,-27.4,-590.86,-100.93,29.23
2644,-9.13,-505.11,-106.77,-39.73
2645,-37.95,-523.58,-152.3,17.45
2646,-26.24,-528.9,-68.59,35.44
2647,-35.0,-581.97,-127.95,47.74
2648,-26.79,-394.99,-91.35,16.9
2649,-29.39,-428.59,-104.35,9.96
2650,-4.77,-477.96,-102.69,17.72
2651,-11.47,-515.01,-98.37,35.89
2652,-13.23,-397.84,-162.68,4.01
2653,-27.7,-495.83,-130.72,22.9
2654,-25.67,-508.04,-63.61,24.22
2655,-24.69,-458.77,-81.44,-9.22
2656,-13.56,-439.47,-112.99,9.1
2657,-26.12,-489.46,-101.99,28.57
2658,-22.75,-423.57,-89.73,19.32
2659,-36.6,-546.16,-115.39,11.86
2660,-29.9,-528.18,-124.17,23.98
2661,-32.93,-526.35,-94.33,3.61
2662,-30.72,-562.03,-91.15,36.91
2663,-2.7,-329.36,-100.55,20.29
2664,-18.6,-411.53,-89.17,44.65
2665,-20.16,-507.48,-111.01,-0.5
2666,-35.02,-542.13,-107.52,5.05
2667,-20.53,-421.75,-96.13,21.09
2668,-14.28,-467.2,-98.08,30.26
2669,-26.29,-504.58,-104.74,33.65
2670,-15.08,-476.76,-145.77,14.11
2671,-24.57,-493.07,-80.81,1.86
2672,-28.79,-484.24,-101.75,14.77
2673,-28.74,-546.67,-104.03,26.32
2674,-18.23,-465.41,-84.07,3.54
2675,-16.4,-434.29,-110.47,47.99
2676,-28.95,-508.05,-95.32,-19.08
2677,-47.58,-524.81,-107.11,26.49
2678,-2.31,-388.11,-118.38,8.66
2679,-14.18,-459.83,-152.27,66.94
2680,-25.05,-516.54,-74.28,14.99
2681,-34.12,-502.29,-94.61,26.61
2682,-26.58,-465.05,-101.19,13.52
2683,-20.84,-494.25,-91.42,23.57
2684,-21.09,-474.22,-122.92,10.78
2685,-30.15,-532.41,-103.42,-12.47
2686,-28.02,-554.05,-124.2,35.83
2687,-8.75,-380.96,-96.33,5.36
2688,-26.01,-500.16,-95.82,47.43
2689,-19.91,-459.13,-103.29,20.02
2690,-8.48,-457.32,-100.16,14.0
2691,-12.34,-412.06,-150.81,12.33
2692,-7.61,-467.66,-73.93,14.71
2693,-50.91,-534.11,-88.33,-9.13
2694,-19.88,-500.48,-107.53,35.09
2695,-20.81,-491.34,-81.58,26.41
2696,-16.26,-488.95,-112.6,54.78
2697,-14.98,-484.58,-99.71,3.73
2698,-14.81,-469.44,-113.95,20.92
2699,-23.4,-501.7,-112.76,-7.32
2700,6.66,-564.62,-152.34,-92.2
2701,-48.91,-421.73,-98.77,91.91
2702,-38.25,-448.98,-91.35,-5.97
2703,-20.71,-534.13,-97.16,35.56
2704,-26.31,-506.15,-107.95,104.52
2705,-15.47,-437.25,-91.18,-4.18
2706,-18.21,-475.63,-99.84,20.06
2707,-16.06,-475.24,-102.11,20.81
2708,-18.04,-478.24,-104.68,21.8
2709,-22.5,-489.97,-105.36,19.42
2710,-23.87,-484.99,-103.76,19.28
2711,-35.36,-471.75,-100.38,17.03
2712,-22.88,-448.05,-100.69,-3.32
2713,-14.04,-624.72,-184.25,-38.82
2714,-35.14,-513.01,-91.81,113.61
2715,26.63,-267.68,-79.04,-0.9
2716,-7.27,-396.26,-89.68,27.78
2717,-24.37,-532.05,-89.72,53.28
2718,-18.73,-493.66,-135.09,-30.99
2719,-22.0,-532.21,-86.3,7.57
2720,-25.93,-400.59,-100.47,14.39
2721,-33.78,-528.17,-92.57,25.85
2722,-22.67,-494.23,-100.56,31.21
2723,-18.27,-496.93,-101.08,26.01
2724,-17.63,-485.61,-100.84,22.52
2725,-22.06,-486.25,-100.92,22.0
2726,-20.31,-491.19,-103.02,22.48
2727,-24.49,-480.52,-99.16,20.29
2728,-13.65,-473.04,-104.18,3.21
2729,-21.37,-474.44,-99.71,17.37
2730,-13.01,-474.95,-101.72,22.0
2731,-17.48,-542.62,-92.51,28.3
2732,-62.31,-601.86,-132.85,4.25
2733,2.28,-261.38,-103.57,31.15
2734,-20.68,-506.81,-82.22,56.49
2735,2.34,-353.5,-137.94,15.86
2736,-10.2,-452.98,-170.78,82.53
2737,-27.84,-509.43,-54.17,-13.78
2738,-20.68,-507.95,-98.76,-15.98
2739,-24.64,-500.75,-88.77,34.25
2740,-22.48,-521.63,-138.64,6.36
2741,-44.12,-608.07,-102.73,11.63
2742,-20.01,-368.43,-87.88,58.89
2743,-13.65,-377.92,-105.36,10.35
2744,-27.04,-519.08,-102.88,-0.54
2745,-17.38,-488.54,-123.09,12.27
2746,-23.84,-502.48,-119.06,14.03
2747,-37.26,-518.32,-102.21,30.8
2748,-10.86,-471.79,-76.13,-8.81
2749,-12.5,-484.77,-161.0,56.04
2750,-27.5,-518.15,-121.71,-26.33
2751,-0.97,-445.75,-236.83,36.43
2752,-6.34,-483.62,-36.54,-44.95
2753,-24.42,-440.24,-114.95,25.44
2754,-25.5,-439.24,-89.61,77.8
2755,-21.9,-549.55,-157.48,-97.27
2756,-31.69,-442.59,-137.81,49.05
2757,-12.23,-517.13,-222.79,-26.73
2758,-18.06,-502.55,-232.52,-45.69
2759,-6.41,-334.62,-53.15,-27.07
2760,-1.25,-318.41,-115.4,101.11
2761,-38.74,-593.71,-44.4,11.27
2762,23.56,-494.32,-131.77,-124.59
2763,-22.75,-494.9,-70.81,61.53
2764,-19.49,-534.69,-530.9,-3.4
2765,-10.2,-410.01,-34.46,-60.35
2766,-29.78,-406.32,-25.16,-27.19
2767,-23.32,-438.78,-150.8,-14.24
2768,-39.27,-488.08,-157.14,3.81
2769,-3.97,-515.98,-54.27,-3.34
2770,-5.18,-350.89,-68.19,4.12
2771,-18.59,-519.67,-83.59,-25.3
2772,-30.03,-557.45,-74.02,116.47
2773,-41.98,-535.24,-77.14,36.27
2774,-9.81,-556.29,-72.24,86.66
2775,-17.49,-523.12,-123.37,-21.0
2776,-17.08,-469.93,-115.43,9.22
2777,-57.14,-670.87,-140.01,79.54
2778,-8.31,-295.53,-102.91,-101.87
2779,18.71,-301.77,-301.5,-82.8
2780,34.02,-314.22,-1.06,7.15
2781,-49.74,-524.57,-29.75,117.67
2782,-48.59,-659.77,-153.84,-30.7
2783,-4.45,-467.59,-89.42,26.38
2784,-16.24,-460.15,-300.99,-59.4
2785,-61.72,-557.1,38.18,13.97
2786,-9.9,-449.52,-55.21,-83.09
2787,-16.98,-519.05,-114.8,64.37
2788,-38.08,-486.86,-27.73,126.9
2789,-8.99,-554.22,-107.74,-89.86
2790,-41.23,-571.8,-92.32,108.4
2791,19.84,-249.17,-77.89,-75.36
2792,-12.06,-423.62,-59.4,86.97
2793,-44.18,-564.85,-63.4,-3.07
2794,-11.73,-453.51,-103.72,-33.34
2795,-6.74,-432.81,-114.63,116.93
2796,-28.42,-484.54,-123.22,1.45
2797,-32.98,-518.64,-72.33,-23.92
2798,-28.31,-554.58,-50.49,29.41
2799,-2.74,-499.89,-123.59,17.61
2800,-23.43,-514.8,-67.82,-18.78
2801,-33.22,-588.45,-192.99,-22.97
2802,-51.92,-572.77,-12.59,66.05
2803,-8.7,-276.27,-103.63,-31.93
2804,-6.0,-438.99,-73.72,84.92
2805,31.84,-420.21,-197.82,-65.17
2806,-51.18,-443.29,-60.94,45.46
2807,-64.36,-655.87,-71.07,32.16
2808,-15.35,-428.48,-68.05,65.62
2809,-9.02,-465.8,-120.13,26.47
2810,-9.7,-410.24,-86.2,-73.27
2811,-24.21,-501.36,-74.67,109.99
2812,-13.89,-507.48,-75.39,-38.46
2813,-31.61,-537.15,-39.49,105.41
2814,-22.65,-487.91,-101.9,47.84
2815,-33.43,-571.6,-45.95,-6.23
2816,-18.9,-456.48,-195.8,59.8
2817,-15.37,-512.39,-41.17,-29.62
2818,-5.91,-425.93,-79.54,42.69
2819,-24.38,-454.7,-70.32,32.85
2820,-22.89,-486.28,-75.94,28.15
2821,-0.23,-552.13,-146.25,-68.7
2822,-23.05,-481.66,-114.35,116.48
2823,-63.37,-563.98,-64.75,-40.65
2824,-4.35,-359.54,-84.29,87.27
2825,-9.38,-498.84,-85.69,-8.48
2826,-14.54,-515.35,-138.72,-9.59
2827,-27.59,-545.08,-94.2,-12.55
2828,-25.02,-497.48,-111.39,10.3
2829,-6.43,-401.14,-49.8,21.29
2830,-11.01,-396.86,-59.75,47.78
2831,-22.37,-532.3,-76.22,86.94
2832,-8.02,-504.97,-101.04,-101.95
2833,-28.88,-531.35,-91.0,69.37
2834,-32.57,-520.99,-84.41,37.96
2835,-19.79,-514.74,-76.98,-11.63
2836,-23.49,-461.74,-69.06,42.29
2837,-28.24,-434.39,-71.47,39.72
2838,-27.64,-496.59,-76.87,-7.87
2839,-23.17,-521.7,-70.59,117.65
2840,-9.0,-504.34,-115.93,-74.24
2841,-19.28,-437.1,-92.87,-9.6
2842,-48.37,-569.49,-89.65,67.49
2843,-11.07,-460.27,-75.15,-0.83
2844,-16.35,-459.92,-77.26,10.85
2845,-29.76,-485.98,-82.9,27.37
2846,-24.49,-510.61,-112.61,41.25
2847,-29.1,-440.73,-136.07,-26.18
2848,-34.75,-500.31,-61.67,53.12
2849,-11.55,-417.27,-40.3,52.0
2850,-10.7,-484.54,-58.42,53.14
2851,-3.39,-447.68,-89.28,-44.62
2852,-35.28,-603.82,-136.74,9.82
2853,-15.65,-457.38,-66.66,9.49
2854,-28.31,-491.97,-50.57,39.83
2855,-58.1,-618.93,-58.98,44.94
2856,-16.34,-416.44,-78.6,35.09
2857,11.9,-397.36,-93.84,-21.92
2858,-12.42,-471.95,-86.23,26.3
2859,-36.09,-606.36,-114.37,-8.53
2860,-17.24,-486.82,-87.0,-38.97
2861,-10.76,-508.82,-33.78,120.07
2862,-34.26,-483.35,-81.08,2.5
2863,-19.89,-372.93,-79.36,24.55
2864,-28.92,-507.68,-89.43,6.96
2865,-16.41,-570.88,-230.6,-15.18
2866,-18.97,-499.73,-42.29,-0.5
2867,-26.91,-471.92,-148.32,32.31
2868,-11.74,-461.84,-34.88,87.57
2869,-12.05,-434.24,-61.21,-28.09
2870,-23.74,-602.28,-106.94,64.89
2871,-6.48,-451.86,-114.81,-33.42
2872,-29.38,-485.81,-58.63,14.52
2873,-19.17,-489.62,-77.04,34.94
2874,-10.98,-485.07,-97.64,-42.54
2875,-24.0,-480.18,-70.73,57.09
2876,-15.9,-523.3,-95.14,-6.7
2877,-31.55,-499.09,-87.26,29.85
2878,-20.61,-483.71,-51.25,88.56
2879,-20.06,-449.95,-138.77,-10.71
2880,-23.95,-487.45,-86.96,-5.27
2881,-31.22,-503.61,-64.05,36.87
2882,-1.57,-454.94,-100.93,6.66
2883,-29.02,-541.86,-81.17,32.69
2884,-26.63,-470.02,-87.91,39.5
2885,-28.86,-439.91,-111.49,32.78
2886,5.67,-282.81,-180.99,40.05
2887,-23.18,-563.35,-32.78,-55.17
2888,-34.09,-569.45,-62.74,121.16
2889,-25.77,-554.09,-92.18,-17.27
2890,-15.71,-478.13,-92.61,-14.65
2891,-21.81,-486.28,-78.5,26.87
2892,-33.32,-482.83,-83.64,20.66
2893,-14.16,-488.38,-100.36,-13.26
2894,-4.44,-503.05,-146.57,-81.12
2895,-44.61,-659.25,-87.22,44.28
2896,-21.93,-448.93,-72.17,4.33
2897,8.41,-313.16,-106.76,77.77
2898,-7.71,-371.93,-69.44,22.4
2899,-31.43,-535.88,-66.85,77.14
2900,-10.6,-437.52,-105.97,11.79
2901,-22.33,-524.36,-92.65,0.39
2902,-33.23,-521.58,-87.66,46.8
2903,-27.39,-503.38,-93.65,19.59
2904,-29.01,-498.99,-92.38,25.76
2905,-2.6,-457.27,-106.5,-6.01
2906,12.21,-437.73,-123.96,-30.32
2907,-27.44,-460.39,-104.9,63.31
2908,-34.7,-610.33,-205.23,-17.0
2909,-74.12,-657.83,-62.26,7.67
2910,-9.99,-337.8,-103.84,4.79
2911,2.88,-391.77,-55.05,68.83
2912,-15.34,-465.69,-96.04,23.46
2913,-26.09,-516.19,-83.18,34.06
2914,-22.38,-493.15,-94.64,21.21
2915,-26.45,-497.45,-93.04,20.45
2916,-30.24,-502.25,-94.89,20.32
2917,-2.54,-461.7,-99.47,11.98
2918,15.92,-385.01,-112.09,-13.2
2919,-2.7,-569.91,-85.0,98.39
2920,-76.07,-659.9,-199.01,-54.91
2921,3.92,-282.83,-89.11,40.13
2922,-15.17,-449.3,-61.42,35.53
2923,-16.37,-483.43,-73.39,37.06
2924,-22.86,-493.26,-81.26,30.97
2925,-20.03,-488.77,-87.69,29.46
2926,-19.19,-485.48,-89.56,23.13
2927,-17.59,-501.61,-84.58,33.54
2928,6.6,-471.73,-108.82,-3.83
2929,-6.14,-420.32,-107.81,-69.92
2930,-34.98,-627.27,-159.46,32.18
2931,-12.84,-360.36,-47.23,105.02
2932,-27.68,-477.71,-72.17,101.03
2933,-30.12,-574.53,-130.26,83.38
2934,-10.91,-438.01,-103.74,-62.65
2935,-14.28,-464.2,-77.08,50.39
2936,-15.33,-475.98,-99.35,-12.37
2937,20.72,-288.52,-190.9,-109.13
2938,-39.81,-525.59,-34.68,129.54
2939,-43.7,-576.74,-69.72,59.26
2940,-38.08,-547.7,-83.83,37.18
2941,-24.82,-491.35,-79.83,73.64
2942,-14.2,-500.51,-103.2,1.92
2943,-18.49,-473.76,-92.03,31.22
2944,-13.57,-463.9,-91.92,37.62
2945,-16.99,-486.48,-94.22,28.72
2946,-22.73,-482.58,-95.31,31.82
2947,-39.97,-539.3,-96.0,29.69
2948,-3.31,-475.34,-145.07,-51.25
2949,7.5,-343.43,-152.93,67.78
2950,-32.39,-565.11,-59.85,51.26
2951,-12.2,-467.38,-86.99,27.5
2952,-22.49,-521.51,-87.66,57.12
2953,-16.1,-456.77,-105.46,11.02
2954,-12.9,-469.51,-114.64,15.32
2955,-36.16,-563.43,-94.13,27.29
2956,-11.7,-430.28,-94.48,21.2
2957,-16.7,-459.06,-99.84,23.84
2958,-29.81,-486.67,-100.14,17.35
2959,-9.77,-455.79,-96.13,-7.54
2960,-0.11,-515.91,-215.45,-44.85
2961,-27.69,-345.39,-85.35,85.91
2962,-16.66,-506.76,-62.53,120.8
2963,-15.42,-498.42,-97.12,-64.52
2964,-19.86,-509.1,-79.21,36.32
2965,-19.39,-509.48,-91.65,6.55
2966,-15.0,-546.12,-80.2,51.63
2967,-8.89,-442.82,-82.9,35.54
2968,3.97,-445.22,-147.6,-49.77
2969,-30.83,-496.11,-62.65,140.72
2970,-34.39,-510.64,-98.97,-14.01
2971,-16.93,-456.16,-98.6,21.51
2972,-28.64,-487.99,-106.45,20.99
2973,-24.14,-485.24,-108.65,39.7
2974,-20.61,-476.2,-143.29,19.19
2975,-21.09,-467.5,-64.67,-2.77
2976,-17.27,-502.41,-97.26,32.02
2977,-15.77,-477.47,-97.43,29.25
2978,-20.23,-475.88,-101.2,28.89
2979,-32.93,-498.43,-96.04,32.36
2980,-35.4,-554.79,-105.8,23.51
2981,-5.41,-519.83,-129.09,-43.7
2982,-8.33,-394.31,-148.61,9.19
2983,-2.44,-390.54,-98.18,35.4
2984,-15.12,-485.44,-49.02,83.72
2985,-25.0,-475.95,-162.42,26.09
2986,-21.37,-493.89,-73.2,39.77
2987,-17.54,-483.52,-91.43,17.21
2988,-16.58,-489.96,-98.3,28.87
2989,-18.45,-488.13,-95.44,25.72
2990,-28.75,-494.57,-99.98,19.58
2991,-30.94,-489.52,-96.4,22.1
2992,-10.03,-595.95,-114.24,10.09
2993,14.98,-278.79,-174.96,-78.33
2994,9.54,-281.1,-115.06,123.9
2995,-28.39,-561.17,-69.79,-21.08
2996,-23.98,-475.0,-156.54,63.6
2997,-21.23,-476.92,-57.64,39.93
2998,-22.95,-507.29,-94.97,29.98
2999,-22.08,-537.98,-99.49,25.54
