,ch1,ch2,ch3,ch4
0,-1.27,34.38,25.44,-17.62
1,3.56,85.41,20.42,-12.15
2,-7.61,92.0,-13.95,-12.61
3,-11.48,3.25,8.74,-16.13
4,32.24,168.93,43.91,-1.33
5,-46.51,-200.58,20.73,-28.97
6,-39.57,-27.4,-16.22,-22.32
7,0.77,104.65,26.79,-12.35
8,-13.9,-42.82,168.34,-19.18
9,5.81,93.09,-86.06,-13.97
10,-12.25,14.72,2.31,-6.93
11,15.77,23.95,-22.17,-40.32
12,-18.85,30.65,63.66,-7.19
13,-18.92,132.99,-26.7,-13.3
14,12.55,42.72,-8.02,-8.54
15,2.28,-46.74,6.53,-25.56
16,-0.68,34.43,17.88,-18.93
17,1.01,42.51,72.46,-25.2
18,3.11,60.05,-21.55,-11.51
19,-19.95,30.11,40.06,-12.14
20,-7.97,27.25,-42.24,-13.81
21,-18.08,-33.34,36.56,-11.12
22,-1.46,-19.15,-30.79,-12.09
23,-18.88,71.74,14.34,-20.08
24,-8.65,61.62,62.03,-20.21
25,7.7,85.14,70.87,-13.08
26,13.31,27.81,-80.69,-8.04
27,-14.76,-27.57,-9.82,-17.15
28,-26.49,-42.23,-15.2,-21.17
29,-15.37,64.77,105.01,-11.95
30,-18.09,46.33,27.95,-15.11
31,-7.38,43.52,-71.8,-9.39
32,6.32,52.41,-7.51,-11.28
33,10.53,156.52,4.33,-9.45
34,13.24,-35.87,72.92,-23.14
35,12.92,32.87,-45.16,-17.32
36,33.71,36.62,2.76,-15.81
37,31.17,18.18,89.63,-13.82
38,40.66,63.7,-43.89,-8.18
39,16.93,-40.55,68.77,-37.67
40,24.22,-47.28,-34.69,-33.53
41,47.04,91.72,2.63,-6.78
42,37.69,119.14,-8.97,-9.43
43,65.01,20.98,36.97,-9.35
44,30.03,12.79,61.2,-32.55
45,-27.4,9.17,-60.71,-17.77
46,4.65,13.69,-1.8,-16.2
47,4.46,74.57,2.37,-8.01
48,6.11,86.97,15.05,-7.59
49,-3.66,21.91,86.81,-11.24
50,-2.99,70.44,8.39,-14.65
51,-1.4,129.0,-16.38,1.52
52,-33.02,-144.62,-3.59,-19.56
53,-35.38,64.1,7.28,-13.19
54,-36.98,-70.4,12.37,-21.65
55,-23.33,-14.8,152.87,-9.75
56,-11.19,112.66,102.7,-20.92
57,-34.94,37.05,-8.21,-7.15
58,-31.75,34.56,-31.78,-1.02
59,-33.2,62.13,-81.88,-7.74
60,-16.36,70.73,5.5,-7.88
61,-10.8,2.4,5.12,-1.64
62,-29.35,-39.94,39.44,-23.06
63,-52.43,20.1,-6.51,-11.33
64,-44.49,70.33,55.73,-13.72
65,-38.88,18.4,-5.73,-12.91
66,-29.84,-8.76,-13.93,-11.63
67,-29.18,16.66,10.37,-15.48
68,-16.92,64.5,7.81,-6.51
69,-2.87,218.27,13.75,-10.98
70,-30.54,-157.54,19.57,-21.69
71,-33.06,-18.21,6.93,-28.92
72,-19.39,0.76,212.36,-15.99
73,-8.04,170.19,-96.49,-3.67
74,-35.13,-107.58,-54.81,-15.39
75,-30.24,3.08,32.82,-16.37
76,-19.83,118.44,112.92,-10.75
77,-7.15,15.8,30.03,-19.51
78,-15.44,-7.58,-74.49,-27.62
79,-28.67,5.57,-48.87,-17.49
80,-7.89,44.59,-6.99,-14.22
81,45.72,184.12,11.29,-10.05
82,-82.89,-147.49,-2.0,-25.84
83,-42.34,62.74,39.01,-12.41
84,-24.88,109.1,71.93,-12.08
85,-48.11,-100.25,-41.31,-20.92
86,-13.85,-32.22,-1.93,-22.01
87,-7.78,70.62,87.58,-24.13
88,-25.69,36.16,-29.94,-9.16
89,-15.23,-35.67,52.33,-23.97
90,-12.49,2.97,41.75,-16.29
91,-40.6,52.93,207.56,-4.7
92,-22.69,206.26,-136.56,-16.79
93,-47.29,-110.14,-83.87,-17.89
94,-30.48,20.81,-6.49,-21.48
95,-23.37,-16.54,-10.68,-15.53
96,-24.9,-5.24,3.27,-17.6
97,-17.58,51.75,11.7,-18.73
98,-0.18,189.12,39.47,-6.89
99,-13.21,-67.33,65.78,-14.98
100,-31.97,0.59,-36.11,-26.53
101,-29.87,-19.14,69.06,-24.52
102,-15.4,99.87,-15.88,-9.87
103,-34.74,-48.72,-17.43,-22.62
104,-26.5,-20.15,93.69,-12.95
105,-13.59,39.09,-20.66,-18.89
106,-17.71,19.0,19.16,-19.04
107,-10.13,39.59,-38.74,-13.31
108,10.57,-19.12,5.49,-20.32
109,-56.15,52.59,241.79,-23.2
110,-24.37,39.56,-153.19,-13.29
111,-24.19,34.64,-40.52,-13.04
112,-19.11,9.3,-9.73,-17.89
113,0.15,144.52,1.82,-8.67
114,0.61,57.41,10.91,-8.33
115,-31.26,53.76,13.04,-19.79
116,-41.35,-105.88,-4.06,-30.43
117,-8.06,78.16,70.44,-16.23
118,-16.04,6.14,-12.23,-7.29
119,-0.56,23.26,62.24,-20.13
120,-8.01,-27.1,51.37,-21.69
121,23.43,182.15,-19.12,-11.84
122,-17.58,-30.42,-44.79,-1.95
123,-66.56,-57.45,-23.81,-16.11
124,-23.69,56.38,-4.54,-14.14
125,-16.82,12.05,4.38,-21.77
126,-14.91,58.57,115.94,-8.15
127,-19.81,28.85,139.87,-11.83
128,-15.62,28.11,-171.58,-25.12
129,-8.7,22.57,-26.59,-8.82
130,-20.89,7.6,-12.19,-21.65
131,-21.58,23.79,1.51,-15.37
132,-19.47,9.38,5.15,-12.21
133,-21.98,29.25,17.12,-22.36
134,42.55,66.83,7.13,-20.69
135,-35.76,105.88,92.96,-19.61
136,-9.46,-11.91,90.94,-18.39
137,65.88,82.04,-36.15,-11.84
138,12.41,-58.8,-44.63,-15.75
139,-108.21,-23.64,-36.95,-25.96
140,-42.05,48.87,15.52,-16.73
141,-18.64,53.53,-5.91,-21.18
142,-6.35,-15.14,-3.45,-16.64
143,-14.93,93.93,11.46,-15.41
144,-16.09,2.9,11.23,-17.67
145,-24.37,25.46,117.11,-21.75
146,74.26,-6.91,-36.02,-25.93
147,72.33,-20.05,15.25,-28.32
148,-119.96,81.61,-31.85,-6.9
149,-64.14,-8.44,8.04,-20.6
150,-53.88,-40.48,4.53,-26.98
151,-14.05,71.32,44.36,-17.51
152,-16.08,45.47,56.97,-15.89
153,-7.49,88.15,206.23,-16.31
154,-7.49,-19.35,-147.46,-19.74
155,-23.16,-2.19,-63.24,-24.98
156,-13.07,31.98,14.8,-13.75
157,-6.27,15.77,-20.78,-9.64
158,-22.31,7.55,39.11,-27.87
159,5.79,27.69,-14.94,-25.13
160,7.6,28.74,10.97,-8.35
161,25.49,28.37,6.65,-16.93
162,-44.81,7.55,5.64,-14.64
163,35.66,51.47,13.44,-12.43
164,98.68,10.45,8.7,-16.73
165,-44.67,-9.1,6.5,-25.28
166,-114.41,-23.86,85.19,-18.37
167,-67.03,19.37,-1.84,-18.24
168,-22.59,52.21,-34.89,-10.96
169,-44.07,20.3,2.28,-14.56
170,-27.31,3.44,5.65,-11.26
171,-17.94,56.55,10.04,-9.45
172,36.68,69.51,13.99,-5.83
173,48.91,8.96,8.79,-17.12
174,-143.43,30.74,10.66,-12.87
175,-35.73,-32.38,20.85,5.69
176,111.74,133.26,6.54,-22.75
177,-90.79,100.69,17.69,-0.04
178,-148.64,-147.2,13.13,-12.55
179,111.34,68.38,12.86,-5.52
180,64.5,-7.3,6.55,-24.15
181,61.53,52.8,3.3,-27.71
182,53.07,232.2,10.85,-8.5
183,-135.65,128.32,24.1,3.7
184,-0.31,-160.1,5.33,-28.64
185,66.14,67.71,3.3,-22.26
186,177.42,350.68,16.57,2.12
187,-347.45,-262.05,8.57,-15.92
188,-13.26,-117.43,3.38,-16.28
189,175.1,77.94,-1.8,-29.68
190,-29.25,-27.74,2.09,-11.25
191,81.76,186.77,9.4,-2.41
192,27.04,335.61,4.82,-1.16
193,-93.58,-140.3,-18.49,-30.84
194,20.28,-146.82,-24.76,-46.21
195,-48.47,85.94,1.65,-3.93
196,-100.21,147.78,2.72,-0.56
197,55.9,156.4,-5.51,-6.18
198,67.88,-31.4,-17.97,-30.7
199,106.22,132.8,-25.39,-26.21
200,-116.92,-197.77,-33.69,-34.3
201,-99.36,-63.92,-18.97,-10.07
202,-31.31,271.93,-23.67,-27.95
203,-217.72,-106.38,-23.19,-20.83
204,163.36,67.73,-41.59,-50.62
205,-132.07,-43.04,-36.46,-30.89
206,202.41,223.97,-51.7,-52.19
207,-60.31,56.81,-39.9,-31.7
208,-631.54,-283.24,-29.74,-14.45
209,70.16,101.14,-22.79,-1.18
210,593.44,397.49,-77.58,-69.64
211,-64.57,-198.23,-63.28,-61.92
212,19.53,-113.75,-42.43,-40.17
213,222.02,165.48,-73.78,-57.62
214,46.08,84.32,-69.38,-65.96
215,-163.79,145.32,-50.99,-37.25
216,-86.54,-98.66,-49.99,-45.95
217,126.71,258.69,-52.73,-43.48
218,-217.81,-85.83,-63.17,-60.05
219,36.67,-50.13,-63.98,-63.41
220,-33.85,14.48,-48.31,-44.97
221,10.06,169.65,-59.25,-54.03
222,-42.61,164.82,-63.21,-62.21
223,153.7,41.07,-62.9,-67.1
224,63.92,91.38,-58.59,-60.43
225,-424.16,228.46,-28.77,-14.32
226,189.94,-200.55,-42.08,-47.96
227,13.75,305.13,-45.3,-34.52
228,-283.7,-183.94,-54.5,-58.84
229,216.02,127.64,-61.85,-73.3
230,397.55,67.29,-84.84,-109.08
231,-153.61,-77.77,-34.95,-45.37
232,164.35,261.74,-62.17,-69.78
233,-125.68,203.69,-32.54,-44.56
234,26.64,18.13,-41.01,-42.08
235,39.33,79.82,-48.24,-65.12
236,-77.14,-146.27,-43.2,-71.17
237,193.84,-4.48,-62.29,-100.34
238,61.33,-17.73,-60.01,-77.46
239,-122.21,65.06,-41.33,-55.96
240,-318.87,88.31,-23.3,-36.81
241,-182.09,175.45,-33.19,-40.59
242,572.1,486.33,-64.88,-77.57
243,-325.53,-274.06,-28.85,-51.3
244,-48.2,140.98,-30.17,-40.78
245,-26.05,-47.98,-30.91,-50.98
246,147.33,33.45,-75.1,-109.91
247,-382.41,308.18,-5.45,-7.79
248,549.13,-347.7,-39.44,-69.86
249,-43.5,359.46,-49.23,-73.9
250,216.85,-3.99,-66.31,-85.45
251,-261.42,150.26,-24.12,-52.94
252,26.02,-101.48,-29.24,-57.81
253,28.64,128.5,-45.01,-85.16
254,-5.73,27.02,-38.37,-72.81
255,-141.13,169.08,-10.54,-16.81
256,209.28,19.08,-50.19,-80.42
257,-70.33,365.25,-37.68,-56.67
258,19.43,-103.08,-26.18,-51.51
259,-91.74,-106.44,-20.45,-38.93
260,-97.73,41.13,-23.51,-50.87
261,195.61,329.43,-46.51,-74.09
262,-43.94,62.23,-16.26,-33.89
263,-129.98,61.5,-10.23,-24.6
264,151.17,19.0,-51.86,-90.69
265,-94.22,-37.16,-7.49,-34.59
266,168.63,66.82,-41.52,-71.98
267,96.66,422.98,-20.17,-36.21
268,-285.16,-394.22,-5.52,-43.89
269,169.71,174.17,-53.57,-90.36
270,-399.72,99.57,3.45,-14.49
271,461.94,88.5,-40.95,-76.42
272,-200.83,34.57,-15.73,-43.42
273,168.06,189.75,-19.86,-46.75
274,-497.06,146.64,22.01,20.2
275,375.36,-13.99,-38.26,-75.07
276,-154.93,-34.27,-41.51,-76.97
277,170.37,73.59,2.78,-11.39
278,88.65,177.61,-27.65,-64.54
279,-80.57,-55.23,-27.43,-53.78
280,-185.07,67.36,8.28,-23.18
281,256.59,395.18,-34.4,-55.43
282,-79.12,-144.98,-36.48,-75.08
283,-115.73,-14.96,-10.43,-35.54
284,-168.3,-11.89,-14.75,-50.97
285,125.5,106.59,2.68,-26.04
286,-25.79,-58.09,-27.08,-70.74
287,3.52,244.2,2.04,-14.95
288,-205.04,-131.94,-10.84,-45.03
289,235.08,208.6,-35.8,-68.99
290,-159.08,-59.12,-16.19,-44.09
291,104.96,97.13,-4.52,-43.17
292,8.75,186.54,-9.3,-31.43
293,-192.87,152.33,5.69,-21.48
294,11.46,-59.08,-11.61,-50.12
295,24.59,28.17,-21.65,-61.38
296,24.86,-106.16,6.12,-24.84
297,31.73,108.0,-24.23,-66.22
298,-61.44,99.58,-8.56,-40.03
299,-45.66,184.07,2.07,-12.75
300,-204.8,96.1,-9.03,-42.02
301,101.81,-119.4,-10.34,-45.71
302,-98.08,29.6,-1.4,-28.27
303,218.72,200.14,-28.34,-68.33
304,-88.36,0.72,-8.92,-40.08
305,-109.51,65.89,-2.71,-30.18
306,-31.83,88.14,8.9,-17.28
307,-115.51,230.9,-6.58,-29.59
308,112.3,-135.03,-16.65,-55.65
309,-119.52,55.92,3.22,-23.1
310,55.1,238.21,10.05,-11.68
311,-20.2,-73.64,-17.71,-53.94
312,-4.59,83.46,-3.67,-37.32
313,39.1,-37.75,-10.26,-42.82
314,-51.03,141.77,-0.86,-29.45
315,16.28,198.91,-6.84,-29.38
316,-36.68,76.32,-2.18,-35.91
317,-162.97,-91.98,2.27,-27.39
318,-187.75,122.46,14.09,-11.29
319,283.03,65.18,-10.3,-41.83
320,-128.01,171.26,11.79,-11.52
321,161.6,-23.59,-21.78,-61.06
322,9.13,268.24,2.34,-19.33
323,-46.72,9.46,-9.56,-42.5
324,-107.29,-113.9,2.17,-15.13
325,-63.24,150.26,-2.95,-38.13
326,97.67,-27.49,0.33,-31.93
327,-77.45,147.89,0.81,-24.63
328,-37.02,32.55,0.63,-32.16
329,28.7,249.23,4.97,-12.43
330,-52.45,72.82,-7.97,-35.25
331,-10.03,-6.32,-6.08,-44.33
332,-136.36,196.59,17.11,-2.19
333,8.24,-150.08,2.99,-30.45
334,154.56,197.56,-17.32,-44.64
335,-268.44,80.45,14.07,-12.1
336,108.13,5.66,-7.64,-37.82
337,62.22,152.71,-9.9,-40.4
338,17.63,112.5,-2.35,-31.58
339,-17.37,-11.29,4.41,-27.15
340,-195.52,142.07,24.37,8.43
341,75.41,34.7,-18.75,-41.68
342,-58.08,29.95,8.85,-10.61
343,233.65,181.04,-6.1,-33.6
344,-14.8,158.84,-14.22,-46.55
345,-104.63,-20.13,0.13,-26.84
346,-92.51,6.14,8.2,-22.17
347,6.23,129.97,7.26,-12.89
348,23.82,-9.2,-1.6,-38.68
349,-53.39,30.54,14.05,-15.43
350,56.21,185.92,-3.08,-37.5
351,-4.52,150.28,-1.82,-30.97
352,-119.31,-13.61,9.22,-24.51
353,-12.74,-21.79,21.11,-7.74
354,35.14,186.81,7.82,-26.95
355,121.07,144.82,-7.96,-36.64
356,-173.19,-67.45,14.78,-13.3
357,28.42,147.98,-4.88,-30.53
358,-16.48,-6.81,2.28,-26.73
359,-104.25,152.57,14.22,-11.7
360,-77.7,-71.96,11.21,-14.91
361,244.42,200.61,0.72,-27.85
362,-4.62,127.45,-3.76,-40.9
363,5.37,-4.21,1.0,-23.0
364,-145.67,91.85,-3.63,-35.35
365,-289.36,303.18,33.01,24.81
366,223.8,-222.89,-11.95,-46.35
367,72.63,138.86,8.57,-4.79
368,-284.7,235.83,13.52,-10.12
369,316.56,-121.12,-27.5,-65.01
370,129.18,74.28,5.85,-24.02
371,-142.22,80.64,1.54,-23.64
372,-59.85,149.98,6.33,-22.7
373,-129.93,-28.08,19.08,-6.83
374,-20.57,206.52,10.5,-9.6
375,94.65,93.08,-3.89,-26.49
376,-51.74,82.86,4.68,-22.91
377,176.29,148.16,3.61,-22.73
378,-334.94,126.39,7.04,-11.96
379,-71.76,-12.57,9.71,-14.83
380,275.87,-17.32,8.18,-27.73
381,-32.27,48.44,-2.43,-27.39
382,-31.5,81.39,-0.94,-21.84
383,58.45,68.34,-1.55,-40.48
384,-67.37,125.99,4.88,-17.42
385,-66.48,51.46,8.77,-15.46
386,-19.37,21.95,15.34,-6.71
387,70.96,38.97,-4.67,-34.0
388,-148.43,97.5,21.28,-1.39
389,5.8,321.63,4.18,-18.28
390,46.6,-78.83,0.21,-33.85
391,-27.74,116.29,10.32,-13.17
392,19.92,-43.53,-5.05,-43.73
393,36.92,82.06,13.06,-10.27
394,-152.39,-63.57,4.49,-18.36
395,-13.53,194.14,7.18,-19.34
396,43.43,38.14,10.45,-17.63
397,58.74,88.21,3.02,-23.05
398,-69.15,80.82,8.27,-16.26
399,-64.37,-23.64,-2.11,-37.35
400,-12.83,128.89,11.94,-16.32
401,83.89,84.27,1.39,-23.55
402,-131.65,-20.54,9.89,-18.04
403,-97.8,191.49,9.08,-16.51
404,103.47,-45.54,4.78,-13.3
405,110.36,110.89,1.29,-30.67
406,-98.38,3.78,4.61,-27.31
407,-70.49,98.93,8.35,-5.02
408,-28.54,24.84,10.22,-15.52
409,96.05,14.98,-10.78,-38.32
410,4.24,75.08,5.95,-14.83
411,-10.81,158.83,11.95,-0.79
412,-58.4,-91.74,3.55,-36.59
413,-56.56,166.31,2.84,-15.89
414,-4.98,-27.08,-0.67,-23.43
415,-94.65,147.41,9.07,-12.26
416,85.98,-87.24,5.51,-24.09
417,91.22,159.88,10.72,-9.88
418,9.35,98.59,1.92,-14.44
419,-47.6,-12.44,5.01,-32.87
420,-162.39,89.88,23.25,-1.9
421,123.49,16.72,1.37,-24.6
422,22.41,102.81,10.12,-13.39
423,-147.16,201.18,9.73,-4.59
424,88.96,-129.87,-4.21,-38.65
425,4.73,142.0,21.69,1.79
426,-99.84,1.88,-2.46,-25.44
427,-42.33,88.97,6.24,-18.0
428,61.42,-47.86,3.94,-23.25
429,-52.68,54.51,6.13,-9.46
430,41.83,41.3,14.2,-17.59
431,20.07,55.2,11.91,-6.08
432,3.01,223.35,4.96,-11.49
433,-108.8,75.76,8.25,-17.62
434,-47.37,12.89,18.07,-6.37
435,-75.05,-41.03,-1.98,-32.51
436,165.66,148.46,6.5,-17.47
437,56.68,-110.18,2.99,-22.62
438,-73.68,-1.24,4.47,-26.85
439,-85.15,72.58,7.47,-11.62
440,-23.84,138.56,12.67,-14.77
441,-6.28,-52.65,13.27,-13.64
442,26.48,95.43,1.37,-30.39
443,-95.05,55.2,4.5,-18.65
444,22.08,71.85,12.89,-10.39
445,18.35,126.66,13.48,-12.32
446,-59.74,30.67,16.78,1.98
447,62.73,-21.63,-5.68,-38.52
448,-48.81,1.63,0.56,-26.84
449,-132.66,56.04,25.38,1.55
450,106.16,46.69,5.25,-20.9
451,-160.77,60.18,21.97,-4.94
452,143.03,28.25,1.14,-30.49
453,-20.76,158.62,2.34,-23.76
454,-58.15,84.87,20.14,-2.35
455,31.26,0.36,23.3,-10.24
456,30.3,-35.4,-0.03,-38.79
457,-83.42,49.8,4.31,-24.38
458,62.17,174.0,18.26,-2.04
459,-18.3,-79.51,-0.37,-32.11
460,-93.58,162.51,10.77,-9.64
461,-59.63,-151.39,8.79,-16.06
462,30.41,243.48,11.83,-10.46
463,56.39,2.23,6.22,-24.86
464,-39.42,57.18,10.27,-13.61
465,-22.27,176.81,15.43,-1.13
466,-46.97,-53.53,1.98,-23.65
467,-86.83,78.01,17.31,-3.9
468,40.44,19.25,-0.0,-27.82
469,138.21,124.62,5.39,-28.78
470,-84.55,-163.06,16.3,-1.25
471,37.16,140.97,6.33,-15.69
472,-155.39,44.44,19.02,-5.74
473,178.21,71.53,1.48,-21.41
474,-94.22,135.69,-2.32,-30.1
475,-28.49,109.34,7.04,-10.19
476,22.39,27.99,0.39,-10.47
477,15.84,61.71,4.84,-15.71
478,-79.7,-55.56,4.83,-18.47
479,-69.43,5.56,17.65,4.76
480,128.55,100.26,-6.42,-35.09
481,-23.92,103.07,-3.25,-23.73
482,-63.87,42.22,17.28,-5.16
483,-93.19,177.27,8.14,-10.1
484,-22.26,-85.17,7.03,-6.89
485,49.99,-10.09,-4.96,-37.17
486,9.38,136.68,40.42,30.17
487,-10.74,-41.94,-13.92,-43.21
488,32.77,509.56,16.27,-1.35
489,-134.13,-291.29,-2.66,-38.94
490,112.78,123.33,11.18,-12.71
491,-194.19,-80.77,10.59,-13.52
492,90.59,200.59,10.39,-9.13
493,-143.82,-31.25,7.01,-13.48
494,84.96,41.89,2.22,-25.31
495,8.38,26.79,4.95,-16.77
496,-107.01,42.26,9.54,-20.49
497,33.59,22.84,25.46,20.85
498,-132.26,73.48,5.76,-19.9
499,23.86,59.98,-2.36,-31.29
500,106.07,347.32,33.96,28.8
501,-3.67,-20.51,-9.39,-43.13
502,-24.27,-75.98,10.8,-17.51
503,-56.47,69.93,10.78,-14.79
504,-57.11,8.45,4.99,-9.02
505,52.45,-23.96,10.26,-22.66
506,-157.64,51.77,16.26,-7.92
507,226.86,26.8,-2.42,-26.4
508,-207.16,294.77,20.65,3.97
509,7.95,-131.75,-3.09,-32.22
510,4.09,222.12,6.85,-15.57
511,55.93,-156.96,10.61,-14.56
512,-236.27,23.21,20.41,-4.39
513,124.42,248.26,10.5,-13.27
514,77.0,-20.62,-10.29,-40.03
515,-126.02,5.14,11.77,-18.88
516,-57.48,-16.42,4.14,-11.71
517,46.96,231.09,11.66,-9.32
518,23.14,-93.1,11.93,-11.13
519,-172.59,85.41,7.46,-18.65
520,13.93,75.13,8.24,-17.68
521,67.38,-29.09,5.29,-18.13
522,6.04,30.36,3.17,-28.26
523,15.54,60.42,8.99,-13.24
524,-56.53,70.08,12.4,-13.98
525,-59.66,73.03,11.78,-12.27
526,-211.8,-31.75,16.23,1.98
527,252.54,182.75,-1.37,-27.57
528,38.32,-20.22,-3.85,-33.48
529,-148.32,31.87,12.24,-21.64
530,0.58,63.53,13.44,-7.51
531,17.64,133.81,11.35,-3.41
532,-123.8,-131.95,12.42,-14.71
533,-65.02,-20.14,9.88,-12.93
534,-199.35,58.4,12.31,-10.96
535,282.47,162.99,-1.67,-34.11
536,28.43,27.74,1.41,-26.09
537,-40.05,206.84,14.8,-8.84
538,-47.13,83.25,19.32,7.15
539,44.1,-134.69,-7.31,-49.35
540,-70.9,-22.72,12.51,-5.62
541,-1.47,118.69,4.61,-23.99
542,15.84,67.17,6.72,-14.52
543,-41.92,145.67,8.74,-12.97
544,-136.04,-18.56,14.23,-7.34
545,-12.21,24.77,9.21,-15.25
546,-31.93,-22.83,0.27,-25.33
547,23.72,93.76,19.37,-0.59
548,-5.71,-14.79,-4.1,-18.65
549,3.88,200.74,4.95,-14.73
550,34.21,-98.5,4.33,-17.92
551,-47.28,159.9,0.82,-23.97
552,16.9,-3.45,16.2,-0.29
553,-150.51,-21.39,1.63,-19.85
554,132.51,-19.89,10.02,-16.05
555,-323.48,124.61,3.38,-24.1
556,238.94,59.51,3.77,-20.93
557,64.22,151.82,-0.3,-31.5
558,-10.5,-37.52,9.94,-18.14
559,-92.66,-116.6,16.7,-9.54
560,17.11,270.16,13.78,-13.61
561,-130.62,14.01,11.42,-19.37
562,-25.59,-50.16,16.81,-14.63
563,-64.72,57.19,10.7,-6.97
564,191.1,110.33,-6.24,-40.42
565,3.48,99.1,7.3,-15.44
566,-151.34,-35.28,10.64,-19.05
567,24.72,70.89,11.84,-10.53
568,-120.47,202.87,16.12,3.88
569,35.69,-123.81,-0.64,-24.07
570,62.49,-26.45,-7.33,-41.97
571,-15.44,275.06,22.97,4.55
572,63.16,19.41,-3.79,-37.39
573,-59.0,-92.97,10.31,-15.08
574,-151.98,75.96,17.4,-6.71
575,-78.1,124.32,15.54,-15.72
576,-33.85,-80.05,8.29,-18.71
577,176.31,78.75,-4.2,-38.32
578,-24.23,206.83,21.29,1.09
579,-31.36,48.27,-3.27,-31.41
580,41.17,-81.57,2.91,-26.26
581,-186.23,-22.46,14.71,-9.3
582,133.32,15.0,13.52,-11.42
583,-84.21,36.71,7.75,-7.98
584,-84.18,67.34,2.14,-29.69
585,-34.7,43.11,4.1,-26.79
586,-96.74,157.12,9.73,-14.53
587,257.58,120.29,17.45,1.1
588,-198.24,22.79,13.73,-13.26
589,-24.99,-82.26,4.45,-27.77
590,8.3,104.46,3.58,-27.52
591,-81.51,112.04,21.66,-2.97
592,154.73,154.55,6.46,-16.77
593,-33.73,-122.92,8.64,-28.92
594,-98.1,-37.66,16.47,-9.09
595,32.2,10.94,3.19,-27.19
596,11.46,5.74,9.74,-16.29
597,-76.19,162.78,0.36,-27.51
598,-67.85,20.26,13.58,-16.25
599,96.12,66.59,4.48,-23.78
600,-23.45,188.11,13.89,-6.35
601,-109.23,-46.41,12.41,-18.4
602,-53.51,89.28,11.66,-13.03
603,55.96,4.9,15.32,-4.67
604,100.09,-68.32,-8.51,-43.63
605,-83.33,33.21,8.97,-20.43
606,12.13,180.04,19.08,0.7
607,-94.14,147.19,9.25,-18.07
608,10.94,-89.95,8.58,-22.34
609,-71.99,-97.5,5.48,-28.2
610,-43.28,15.05,8.1,-11.23
611,-18.46,47.5,11.14,-16.47
612,102.85,14.43,5.64,-27.49
613,-115.23,131.27,14.53,-12.21
614,-9.58,135.98,5.66,-20.3
615,-16.99,103.27,19.4,8.09
616,-35.32,-109.04,-3.04,-29.43
617,70.71,-1.3,-4.67,-34.31
618,-79.42,94.2,23.57,4.45
619,-28.05,-57.57,4.53,-28.71
620,25.77,73.39,0.73,-23.78
621,-57.21,-4.33,2.18,-24.33
622,32.46,60.58,8.71,-18.04
623,5.72,105.97,13.85,-8.74
624,-17.22,9.12,0.64,-24.67
625,-121.21,-55.72,13.07,-2.15
626,44.08,14.66,9.48,-21.16
627,-105.19,134.06,8.15,-12.55
628,68.13,142.09,8.01,-16.7
629,-7.29,-26.27,18.09,2.56
630,-36.44,-97.54,-4.54,-37.17
631,-30.27,-13.42,13.14,-14.51
632,58.05,112.87,0.96,-18.36
633,-30.21,62.16,7.52,-15.9
634,-162.78,-38.56,10.81,-7.94
635,6.41,-12.76,10.26,-9.78
636,110.63,409.06,9.62,-3.77
637,-15.06,-192.27,-1.02,-28.05
638,-12.21,50.38,12.03,-4.17
639,78.66,17.34,8.36,-8.25
640,-100.72,-34.79,-12.69,-43.38
641,-108.86,-13.09,7.44,-10.14
642,-119.83,228.43,16.57,-2.65
643,38.22,-121.62,9.76,-14.74
644,86.11,-51.59,-5.02,-29.55
645,29.49,83.12,12.17,-5.16
646,-32.86,236.3,9.87,-3.27
647,-200.14,-27.96,15.28,-2.8
648,238.68,-88.11,-0.51,-25.12
649,-186.6,112.88,7.28,-14.3
650,76.84,-4.91,-7.61,-33.66
651,63.85,303.09,8.61,-5.36
652,-105.9,-238.99,13.75,-12.02
653,34.57,175.09,-1.64,-24.29
654,-185.16,2.0,20.4,0.17
655,32.86,-53.78,3.81,-24.23
656,-41.1,-104.72,15.26,-8.46
657,153.34,203.71,13.82,-10.42
658,25.46,26.68,2.91,-15.42
659,-114.93,-17.01,13.21,-10.59
660,-109.0,85.91,3.28,-20.74
661,60.74,12.57,2.92,-19.42
662,-178.7,96.54,13.79,-10.12
663,54.94,-50.69,2.39,-18.25
664,195.69,157.21,20.89,12.46
665,-118.7,72.8,1.86,-30.34
666,51.94,-2.3,1.57,-32.14
667,-67.87,-35.9,9.7,-9.57
668,-56.81,76.62,11.35,-11.9
669,-116.66,157.19,7.52,-9.49
670,-4.49,31.49,18.87,6.42
671,29.13,-167.64,4.83,-20.38
672,-74.5,87.67,25.1,-0.8
673,181.32,26.41,-1.37,-26.78
674,-165.83,-46.91,15.11,-4.15
675,-17.25,213.88,-6.16,-33.65
676,54.71,22.83,10.56,-11.31
677,-176.4,65.71,10.24,-10.93
678,209.29,37.55,1.69,-13.69
679,-30.49,6.52,6.96,-20.5
680,-71.55,31.1,9.56,-13.61
681,-41.41,85.61,4.29,-21.78
682,-28.74,-16.64,-0.81,-32.73
683,-18.08,82.51,8.77,-16.87
684,-156.66,-122.24,13.98,-6.23
685,118.56,103.05,3.42,-29.95
686,55.23,129.6,7.53,-11.02
687,-27.56,37.06,16.19,-5.91
688,-89.34,-66.62,5.81,-16.55
689,15.67,-10.93,5.75,-23.09
690,-57.1,69.54,-1.92,-24.05
691,-99.97,69.47,2.89,-15.61
692,-65.21,108.52,18.15,8.32
693,214.0,-30.53,-2.0,-26.28
694,-3.03,32.24,7.45,-16.78
695,-35.21,28.52,6.57,-17.92
696,11.66,-50.97,-3.85,-29.58
697,-58.03,49.72,12.84,-9.01
698,-241.03,154.7,21.01,2.95
699,-15.88,39.36,12.17,-12.56
700,174.72,-67.98,-12.5,-43.06
701,93.76,4.09,6.84,-21.68
702,-118.32,16.53,12.4,-10.61
703,59.4,65.46,3.95,-25.66
704,-113.0,107.25,13.76,-4.51
705,47.54,87.24,3.63,-27.88
706,-106.71,-92.53,7.92,-20.47
707,27.9,6.94,5.4,-21.4
708,-43.28,143.46,11.24,-8.21
709,-137.88,163.64,16.17,-5.24
710,142.56,-94.51,-6.95,-44.19
711,15.43,2.34,6.99,-21.82
712,-58.36,79.66,10.62,-8.75
713,-53.05,-49.72,16.66,-10.45
714,-75.87,53.84,9.14,-16.03
715,140.94,49.85,3.15,-23.83
716,-8.87,79.42,7.77,-23.3
717,-42.45,108.92,17.53,1.95
718,-69.34,68.94,-5.03,-33.23
719,46.05,-79.06,-2.13,-35.35
720,9.54,5.26,14.41,-13.74
721,-82.5,11.04,8.59,-15.83
722,-60.61,15.14,9.74,-16.06
723,-47.22,18.88,10.52,-12.96
724,99.18,240.02,6.92,-7.57
725,51.75,20.16,-4.94,-28.88
726,-133.57,-58.55,10.97,-14.45
727,-41.39,22.69,9.09,-21.69
728,-17.02,-60.63,9.91,-19.36
729,57.15,165.4,8.54,-21.42
730,-86.62,-24.52,4.71,-15.3
731,-52.68,32.11,13.65,-15.73
732,63.5,-17.57,6.03,-27.27
733,-46.48,155.96,5.95,-20.88
734,-126.22,-31.54,10.52,-17.73
735,15.96,136.85,12.13,-13.54
736,131.38,7.81,4.87,-29.84
737,-66.32,-89.91,6.38,-25.17
738,18.52,-31.78,5.34,-30.44
739,-83.14,72.4,9.82,-18.15
740,41.94,217.82,5.86,-16.78
741,-69.35,12.27,12.76,-12.75
742,-16.45,27.6,14.12,-6.22
743,-154.21,-35.71,9.53,-15.65
744,61.97,15.0,2.35,-28.97
745,74.84,25.18,-5.94,-37.37
746,-10.28,131.77,3.82,-27.24
747,22.8,2.57,12.19,-18.84
748,-61.61,-31.41,12.1,-14.62
749,-28.99,169.23,16.63,-2.06
750,-55.02,-49.39,9.4,-16.91
751,32.28,135.6,14.97,-9.56
752,-5.38,-25.13,6.91,-27.45
753,56.55,-67.44,-1.55,-26.59
754,-35.4,20.86,0.95,-22.19
755,-226.52,96.73,19.69,-2.66
756,89.4,-50.77,-2.04,-31.35
757,-17.36,23.51,4.6,-24.0
758,-73.03,113.14,18.01,-1.94
759,66.33,-55.29,14.02,-16.54
760,59.75,47.39,-0.7,-31.81
761,-82.75,203.06,27.56,7.09
762,11.84,-48.67,-9.92,-41.91
763,-30.87,34.21,7.99,-19.79
764,-5.2,0.07,13.25,-4.08
765,-24.7,35.65,3.85,-25.56
766,-31.04,67.68,8.03,-16.94
767,27.47,22.67,13.33,-14.84
768,-28.81,-68.35,-0.51,-25.95
769,-7.92,57.24,8.76,-15.1
770,-186.85,70.95,10.38,-7.5
771,148.2,22.39,1.12,-28.58
772,75.3,37.81,4.91,-15.87
773,-151.44,3.27,9.34,-14.52
774,79.5,88.7,-3.03,-25.2
775,-46.67,46.57,4.92,-19.57
776,6.73,123.23,20.38,1.48
777,-63.06,-14.9,-0.08,-22.19
778,-16.06,40.39,9.29,-10.56
779,2.99,-28.57,5.2,-22.06
780,28.25,31.71,-3.84,-32.25
781,-58.3,28.31,23.42,4.78
782,51.36,29.43,-6.55,-38.58
783,-65.86,125.72,7.56,-12.9
784,1.05,-1.47,10.81,-18.59
785,85.45,-137.78,10.46,-13.24
786,-212.05,123.63,15.06,-11.82
787,64.63,36.21,-1.3,-31.93
788,57.83,25.72,1.69,-25.29
789,-81.81,10.29,7.71,-8.12
790,-27.18,3.64,9.45,-17.86
791,-23.98,47.37,5.67,-20.71
792,49.85,61.13,6.24,-20.79
793,-74.73,4.89,11.79,-16.85
794,9.99,83.96,3.44,-19.78
795,-142.17,117.95,21.99,2.46
796,83.67,-130.45,-1.57,-20.78
797,-6.23,-41.28,16.89,-9.71
798,101.82,186.99,-5.99,-34.97
799,26.99,-37.59,1.55,-23.41
800,-228.1,227.45,12.2,-4.37
801,48.15,-31.95,5.48,-15.53
802,-67.76,-150.31,0.29,-29.06
803,103.15,154.23,11.93,-9.66
804,8.05,-49.88,-0.71,-30.2
805,-37.98,-13.47,6.72,-15.73
806,-12.78,121.05,9.16,-11.8
807,-91.83,-19.03,9.73,-8.2
808,-57.48,112.89,18.01,0.99
809,-23.54,-25.9,19.04,-6.71
810,148.61,-83.93,-8.34,-40.92
811,-69.61,82.08,-2.64,-20.82
812,53.25,17.12,13.83,-5.59
813,-83.21,24.82,9.82,-12.36
814,-152.05,33.16,1.07,-25.72
815,183.83,63.89,0.97,-23.8
816,-41.87,64.96,11.08,-9.8
817,-122.97,44.27,18.07,-1.22
818,95.24,-68.77,-9.94,-37.09
819,-13.01,44.69,4.07,-22.05
820,-9.58,154.54,16.29,-2.69
821,-273.57,89.73,17.65,2.65
822,240.54,-111.01,7.96,-20.94
823,-20.89,77.16,7.04,-10.92
824,-112.96,-39.69,9.77,-18.03
825,52.21,-33.76,7.82,-24.02
826,29.61,86.95,13.75,-12.64
827,-26.81,121.91,1.24,-27.12
828,-130.95,-113.54,-0.66,-26.7
829,-87.15,73.02,22.43,-1.02
830,166.54,39.07,8.24,-24.49
831,23.14,39.11,9.04,-26.38
832,-78.04,0.98,12.88,-14.26
833,-19.3,-26.3,16.46,-7.29
834,-48.94,63.98,6.47,-23.47
835,-61.11,107.54,18.26,-9.55
836,54.28,51.54,5.67,-23.17
837,-59.37,-40.1,13.87,-12.66
838,-215.04,74.96,17.5,-1.55
839,213.97,-75.61,-3.06,-32.23
840,-23.99,-7.79,8.73,-14.73
841,61.45,129.18,10.56,-14.67
842,-140.87,-11.64,12.95,-8.67
843,-9.78,41.11,16.74,-2.77
844,27.4,-64.03,12.2,-19.58
845,-22.45,121.64,7.55,-22.34
846,-31.63,8.64,10.74,-10.84
847,-4.68,56.58,32.08,18.43
848,25.68,40.88,-4.84,-44.47
849,33.3,-24.67,2.21,-32.99
850,-99.59,-1.18,12.96,-12.99
851,-40.14,49.0,12.05,-16.23
852,35.76,53.51,15.91,-8.48
853,-35.0,-34.2,18.19,3.8
854,-64.83,33.3,11.29,-26.2
855,-9.36,49.09,7.47,-20.3
856,-53.12,-5.05,1.3,-29.1
857,68.12,-3.92,17.81,-15.09
858,-46.57,93.16,9.7,-21.04
859,38.48,103.51,12.27,-13.62
860,-35.47,68.7,14.22,-11.94
861,-10.17,31.43,7.87,-18.3
862,-84.14,-19.64,13.99,-8.05
863,-87.08,-39.46,9.82,-12.33
864,21.14,63.21,6.78,-14.9
865,-53.94,15.89,1.11,-28.26
866,101.51,-2.88,9.41,-18.58
867,-10.17,66.74,7.78,-29.76
868,20.48,31.5,7.26,-20.44
869,-77.87,-16.37,10.47,-14.34
870,-79.9,-78.7,23.36,5.73
871,-28.1,349.1,12.55,-14.72
872,106.82,-202.75,-5.95,-42.77
873,10.89,64.6,7.0,-29.75
874,-123.84,69.5,12.42,-12.45
875,9.7,191.8,13.93,-10.09
876,29.8,-145.15,1.69,-32.83
877,-31.37,-41.11,13.2,-17.84
878,-70.03,51.75,19.71,-3.47
879,-1.14,18.89,6.33,-29.77
880,21.93,112.11,10.61,-20.0
881,-61.42,81.54,13.26,-12.28
882,46.78,49.55,11.29,-24.83
883,27.09,-103.63,9.9,-20.97
884,-73.82,145.83,19.8,5.11
885,6.17,-111.72,5.39,-37.53
886,-25.6,76.37,8.45,-30.29
887,-152.64,25.79,18.01,-7.93
888,37.64,63.55,11.26,-11.18
889,94.73,69.27,6.45,-28.32
890,-83.67,69.69,15.99,-19.32
891,31.22,-69.72,14.13,-23.08
892,-24.95,111.84,13.68,-14.43
893,39.18,6.6,17.88,-6.89
894,50.45,-29.93,12.52,-28.15
895,-66.35,93.57,11.3,-16.94
896,-173.76,41.59,21.22,-8.12
897,-47.03,73.77,15.83,-15.52
898,7.2,-14.87,22.0,-13.35
899,92.03,114.44,1.17,-27.62
900,44.01,-31.33,7.0,-25.66
901,-109.32,11.53,10.76,-19.77
902,106.81,33.33,17.76,-11.84
903,-100.73,59.7,4.21,-27.47
904,-33.1,-21.85,9.38,-20.09
905,-55.92,-19.78,14.61,-14.22
906,-45.02,40.76,16.32,-7.4
907,-58.65,40.83,5.59,-13.84
908,42.31,141.31,3.13,-20.82
909,19.5,86.91,13.08,-14.19
910,-132.24,-122.56,10.35,-11.2
911,132.12,253.07,12.32,-11.94
912,58.61,-109.97,17.29,-8.77
913,-86.49,219.6,1.0,-27.74
914,-52.52,-192.94,1.21,-33.98
915,-118.47,-6.16,17.96,-5.28
916,-20.6,70.83,11.83,-19.69
917,155.22,82.63,8.53,-19.21
918,-5.82,-71.71,14.98,-10.97
919,-24.83,92.13,5.63,-25.99
920,24.11,120.38,14.5,-10.74
921,-164.12,-21.61,14.45,-8.01
922,57.03,11.16,4.52,-27.59
923,-91.29,36.82,12.01,-11.2
924,37.97,121.88,15.27,-10.72
925,13.03,84.73,14.06,-3.17
926,-68.37,-51.8,20.43,3.99
927,-37.75,-41.83,-2.0,-36.62
928,43.04,6.3,5.87,-24.44
929,27.46,-25.98,5.28,-29.58
930,-62.97,41.09,13.77,-14.18
931,-28.74,103.86,7.91,-14.61
932,8.87,47.98,17.51,-7.74
933,-90.08,-13.04,19.32,-5.71
934,31.04,-85.84,6.28,-25.64
935,30.01,137.32,5.95,-22.71
936,-75.09,58.35,13.56,-13.05
937,-17.9,-49.74,13.6,-9.23
938,6.43,20.5,5.65,-28.48
939,-139.44,55.67,8.0,-20.82
940,36.39,65.59,10.2,-15.76
941,27.57,175.65,13.81,-11.02
942,71.49,-153.6,0.59,-27.15
943,11.47,2.37,3.66,-27.95
944,-78.54,20.67,12.55,-17.6
945,27.1,22.8,7.51,-13.94
946,-35.9,48.47,8.76,-13.58
947,-40.06,36.45,4.76,-21.27
948,-41.54,-42.99,11.95,-16.05
949,-63.43,-23.86,23.22,4.53
950,-66.87,146.25,17.91,-3.68
951,-165.8,17.71,23.38,-1.59
952,239.68,130.85,-3.12,-24.15
953,-37.2,-60.72,1.17,-30.61
954,86.88,6.73,5.11,-17.9
955,-97.86,77.93,10.01,-23.62
956,-43.17,-22.38,9.14,-13.98
957,39.24,88.94,10.22,-16.3
958,71.19,-32.58,10.78,-18.06
959,-109.01,37.53,9.6,-18.43
960,-84.55,3.9,22.38,1.44
961,-141.24,152.6,27.05,11.12
962,91.32,152.01,10.0,-19.01
963,-81.94,-215.9,-5.86,-38.08
964,190.55,8.96,4.51,-22.55
965,-25.18,27.68,12.17,-18.49
966,-29.2,15.42,14.88,-9.11
967,-38.83,64.51,9.95,-14.45
968,-12.21,-5.1,9.31,-15.57
969,-35.58,-20.52,14.95,-11.68
970,-45.53,-1.37,28.53,5.84
971,-20.57,74.02,7.55,-23.42
972,8.1,75.2,3.66,-27.03
973,-117.13,136.48,16.41,-4.29
974,-21.69,81.75,18.37,-3.67
975,82.48,-50.39,8.03,-20.11
976,51.52,39.51,2.61,-30.3
977,-69.93,-87.18,8.27,-18.07
978,-48.98,4.8,11.54,-21.03
979,-13.0,75.68,13.97,-6.03
980,-116.32,124.95,20.21,-1.91
981,66.92,-99.58,7.07,-29.39
982,34.26,-107.54,5.96,-22.87
983,-56.62,130.95,5.51,-20.47
984,-12.4,56.84,19.56,1.7
985,-24.45,-35.64,5.63,-20.31
986,-13.21,4.84,8.53,-16.66
987,-35.57,15.18,13.58,-10.96
988,3.51,111.74,11.03,-14.68
989,-4.0,55.07,13.55,-16.98
990,-161.11,-15.83,24.87,-0.75
991,-116.5,16.25,10.93,-5.72
992,276.85,251.92,1.86,-28.33
993,-36.98,-123.33,1.71,-26.63
994,-79.79,-63.22,18.73,-5.9
995,-24.62,51.96,5.38,-24.94
996,14.44,88.7,6.95,-12.79
997,10.83,14.69,9.1,-10.27
998,-150.93,-93.81,20.03,-5.38
999,-24.94,37.37,8.05,-14.78
1000,53.59,60.57,11.83,-16.89
1001,-35.62,29.38,6.91,-15.43
1002,55.38,-6.34,10.16,-10.16
1003,-44.93,143.77,13.19,-4.21
1004,47.04,31.2,1.06,-25.29
1005,-43.73,-86.33,0.7,-15.83
1006,-91.98,28.21,12.18,-13.32
1007,-82.91,64.72,13.5,-8.19
1008,26.24,8.16,11.15,-12.23
1009,10.51,57.98,7.88,-20.46
1010,10.15,94.94,4.27,-17.68
1011,85.08,81.41,13.04,-13.21
1012,-253.17,-137.69,13.3,-9.38
1013,124.8,71.22,4.64,-20.07
1014,51.19,-27.93,0.98,-30.65
1015,-19.89,22.45,9.8,-6.72
1016,-79.48,136.77,12.24,-6.52
1017,-116.72,-90.48,15.18,-5.79
1018,67.42,-23.4,21.74,-6.28
1019,40.45,152.19,2.59,-20.97
1020,-116.67,-29.75,14.08,-13.47
1021,93.37,14.49,14.13,-16.97
1022,-21.29,57.56,7.26,-13.47
1023,-114.97,-103.9,12.94,-5.87
1024,-103.02,131.33,20.33,0.4
1025,87.75,2.39,6.52,-22.54
1026,74.35,145.35,13.58,-14.09
1027,-74.93,-56.75,-5.52,-31.35
1028,-21.84,112.99,16.07,-4.57
1029,-18.32,-70.16,7.68,-18.72
1030,-136.99,78.81,10.02,-7.9
1031,111.25,20.69,7.54,-6.5
1032,52.96,-6.77,0.91,-24.66
1033,-86.4,-85.66,10.77,-10.2
1034,-10.57,123.76,11.48,-19.13
1035,-55.58,15.52,7.6,-13.19
1036,-57.7,16.13,-1.25,-31.35
1037,-5.19,17.31,15.08,-3.99
1038,-23.79,12.22,3.26,-18.36
1039,89.22,107.55,-1.14,-24.74
1040,-24.34,14.42,10.64,-6.77
1041,-17.44,56.73,5.82,-16.15
1042,65.65,54.65,10.58,-13.54
1043,-147.43,-45.52,-0.45,-27.19
1044,-43.42,-20.2,10.29,-6.61
1045,-27.34,90.41,6.08,-15.88
1046,-8.06,-72.17,1.85,-32.77
1047,-8.18,50.83,2.47,-15.56
1048,-29.67,86.17,14.75,-6.21
1049,-35.47,-99.61,9.41,-13.08
1050,34.21,110.33,7.5,-8.66
1051,99.28,-113.91,2.0,-25.65
1052,-80.61,65.4,2.33,-20.46
1053,80.78,127.76,4.0,-18.42
1054,-131.82,13.94,7.02,-16.58
1055,-14.13,-35.39,5.72,-15.56
1056,-68.27,107.83,12.46,-5.86
1057,39.37,38.45,9.3,-8.61
1058,38.77,-46.52,5.14,-14.12
1059,-5.83,-24.04,15.97,-9.26
1060,50.6,74.12,7.03,-10.9
1061,-33.24,60.77,-5.01,-30.06
1062,78.49,221.37,15.23,3.41
1063,-38.84,-106.36,0.01,-30.18
1064,-321.5,-35.24,17.47,-3.47
1065,183.0,-106.77,2.93,-21.79
1066,97.22,68.14,-0.25,-19.67
1067,-6.22,56.62,8.15,-14.42
1068,-88.85,-49.16,15.41,-0.31
1069,-2.89,78.42,-1.29,-24.68
1070,49.62,148.26,6.84,-8.49
1071,-61.63,-55.88,6.05,-13.22
1072,-76.23,149.66,12.3,-2.92
1073,20.36,-63.19,1.93,-25.97
1074,-36.65,-53.48,3.79,-22.02
1075,35.7,26.5,11.25,-11.32
1076,12.44,101.95,20.3,8.22
1077,-23.96,-68.22,-0.53,-26.7
1078,-20.73,-18.06,5.39,-16.43
1079,16.18,72.98,-4.32,-21.5
1080,-47.78,-59.86,10.63,-7.5
1081,-190.89,30.96,16.87,-2.09
1082,133.15,43.92,2.11,-20.64
1083,-27.91,99.84,9.92,-13.92
1084,10.2,62.4,16.69,1.48
1085,1.11,-123.76,14.0,-12.56
1086,1.69,64.84,0.43,-26.28
1087,-37.05,9.28,7.94,-15.02
1088,-86.92,179.48,18.3,-1.18
1089,15.66,-75.5,2.93,-22.48
1090,-137.75,-94.89,13.68,-4.45
1091,151.92,118.84,4.29,-12.11
1092,63.41,-67.22,7.01,-12.03
1093,-209.56,-25.21,17.48,-0.44
1094,90.96,81.45,3.9,-14.32
1095,-86.62,12.84,8.85,-14.57
1096,12.22,18.59,2.85,-22.66
1097,58.48,160.72,13.92,-8.07
1098,-101.88,-1.38,14.3,-3.52
1099,-58.6,-56.87,8.41,-20.84
1100,10.09,83.99,19.1,6.24
1101,32.82,-69.11,7.07,-31.29
1102,-15.43,43.19,12.12,-19.86
1103,-72.28,234.83,5.07,-15.31
1104,102.28,-190.93,13.1,-13.67
1105,-309.19,-38.99,16.23,-8.32
1106,244.22,-5.09,-9.66,-41.64
1107,-28.25,36.54,10.55,-20.76
1108,12.37,63.25,4.75,-21.32
1109,-91.36,51.64,18.36,-6.66
1110,-51.95,-4.0,15.01,-11.0
1111,95.55,97.85,10.81,-5.18
1112,-48.67,48.25,-2.31,-36.73
1113,-51.89,-74.75,7.57,-16.77
1114,-134.82,81.34,23.37,10.82
1115,21.26,-30.93,5.2,-22.0
1116,107.31,51.81,9.65,-10.15
1117,-74.35,-50.7,17.52,-2.35
1118,-99.19,101.01,0.4,-18.74
1119,-7.54,-162.87,6.87,-10.49
1120,12.55,17.48,6.53,-15.73
1121,67.81,125.48,3.46,-15.6
1122,-64.77,91.6,6.04,-19.65
1123,-35.37,45.87,16.56,6.23
1124,-65.69,-172.31,-4.59,-31.57
1125,-11.05,164.26,10.93,-1.94
1126,23.76,-58.19,10.45,-20.82
1127,-34.92,68.83,7.86,-11.45
1128,-46.45,11.65,10.43,-13.74
1129,4.99,-24.32,-2.68,-24.38
1130,-77.85,-38.76,17.31,4.68
1131,-22.11,105.2,15.38,-8.66
1132,90.82,71.58,9.34,-12.2
1133,22.1,-78.88,-0.49,-25.25
1134,-128.37,52.12,15.44,-5.53
1135,24.71,1.97,-6.95,-21.91
1136,-83.07,-38.52,6.56,-7.54
1137,-107.52,52.82,4.21,-19.59
1138,56.89,124.61,18.09,0.62
1139,22.47,88.35,9.22,-6.05
1140,53.04,111.38,-4.99,-26.48
1141,-94.87,-233.29,2.56,-28.5
1142,46.05,88.99,12.39,-7.2
1143,6.19,-45.61,-2.18,-21.61
1144,-162.38,-57.97,16.71,-7.88
1145,-18.16,94.4,14.84,-6.41
1146,85.6,38.16,10.61,-1.26
1147,-117.05,370.19,4.6,-3.95
1148,78.66,-301.69,1.33,-34.38
1149,-140.71,51.22,13.19,-17.26
1150,97.83,-68.2,16.7,-31.74
1151,-57.35,65.05,14.35,-8.18
1152,-67.29,22.65,6.66,-3.4
1153,-101.85,82.26,13.12,-11.25
1154,92.44,-131.21,-1.63,-34.75
1155,53.52,48.02,18.08,4.84
1156,-83.89,35.8,-1.4,-26.34
1157,-181.59,165.01,26.7,25.49
1158,179.31,-100.04,-10.72,-46.97
1159,-10.01,124.56,10.21,-27.43
1160,-141.27,-214.12,27.62,4.05
1161,166.31,183.73,-0.96,-21.87
1162,-179.43,101.74,26.74,10.07
1163,-140.31,-39.17,-4.18,-29.83
1164,-42.76,13.64,11.09,3.68
1165,6.79,-61.74,11.47,-13.12
1166,314.06,10.62,-8.71,-37.28
1167,-275.65,112.47,30.2,7.88
1168,-113.34,10.19,1.69,-26.57
1169,270.21,-7.89,-2.66,-34.73
1170,-91.72,190.62,19.16,-0.4
1171,-123.15,-233.54,11.17,-13.44
1172,32.78,137.97,4.57,-28.16
1173,-0.31,165.02,16.52,7.17
1174,-139.22,-226.94,27.75,-13.83
1175,159.3,66.87,-22.11,-47.59
1176,-181.1,47.25,6.98,-9.56
1177,94.76,166.78,14.44,-2.55
1178,-327.79,-37.2,27.6,3.28
1179,248.83,-116.75,-1.66,-30.01
1180,59.14,25.85,3.47,-21.02
1181,-68.89,12.51,-8.29,-32.46
1182,-211.92,103.54,26.09,13.16
1183,140.02,11.86,-10.62,-43.1
1184,-79.57,92.76,12.29,-6.37
1185,131.53,-175.66,14.59,-10.88
1186,60.3,170.14,-3.31,-30.85
1187,-148.92,-117.16,17.39,-1.68
1188,-33.21,30.27,5.18,-25.79
1189,26.67,85.82,-7.96,-31.09
1190,-92.63,129.57,20.48,1.2
1191,-80.84,65.56,10.66,-4.68
1192,25.72,-96.13,0.7,-22.71
1193,127.05,-75.08,9.24,-26.18
1194,-182.62,63.46,5.79,-24.31
1195,210.3,50.68,-7.64,-39.17
1196,77.0,96.02,5.41,-19.52
1197,-122.2,-92.15,13.51,-18.1
1198,14.92,64.42,3.91,-21.8
1199,-161.92,-75.58,15.21,-9.65
1200,45.66,208.5,6.92,-13.13
1201,70.31,-34.51,5.78,-24.12
1202,15.92,-69.37,6.11,-25.61
1203,22.24,45.28,8.37,-23.54
1204,-3.98,147.83,10.32,-11.84
1205,-3.32,72.83,15.91,-2.9
1206,-21.36,-126.95,2.92,-17.87
1207,-8.46,-35.16,0.2,-36.96
1208,-66.63,65.87,15.29,-8.1
1209,18.43,-63.55,5.62,-19.05
1210,2.72,88.25,6.61,-14.36
1211,64.74,-12.65,-2.65,-29.86
1212,-32.77,34.69,17.28,-2.45
1213,-175.45,95.17,-3.03,-22.72
1214,135.0,60.52,6.43,-5.54
1215,-138.45,17.89,18.09,-8.55
1216,117.26,17.98,2.53,-31.37
1217,23.16,-22.48,-4.06,-30.99
1218,-8.68,-7.46,14.77,-13.53
1219,-229.0,-21.72,21.77,-8.65
1220,230.4,5.88,3.21,-33.58
1221,-167.79,21.1,3.92,-18.96
1222,18.1,62.87,5.31,-23.97
1223,33.78,83.84,10.18,-18.81
1224,-85.42,65.1,21.93,-6.94
1225,-33.76,8.68,14.52,-15.12
1226,93.67,-64.15,-3.65,-37.08
1227,-33.89,-47.94,5.9,-25.94
1228,-29.34,84.66,8.79,-21.1
1229,-4.61,115.57,10.72,-19.24
1230,-117.18,-77.44,9.44,-27.2
1231,-157.6,73.31,29.53,7.79
1232,98.87,131.41,17.25,-5.77
1233,110.0,-122.59,-3.94,-43.06
1234,-132.83,-36.57,5.32,-39.78
1235,-6.3,-19.46,14.67,-19.12
1236,-4.43,53.97,6.19,-20.33
1237,57.81,202.14,13.79,-14.11
1238,-113.14,-50.96,17.56,-8.13
1239,-2.57,18.58,5.88,-26.86
1240,-42.47,95.37,18.77,-8.5
1241,38.44,-89.06,4.1,-29.77
1242,-41.3,-40.78,5.02,-26.58
1243,-20.25,62.5,11.46,-18.25
1244,-19.67,31.03,13.76,-13.69
1245,-6.51,99.14,13.15,-12.93
1246,-253.75,-141.37,26.13,0.23
1247,69.71,144.97,-5.62,-40.98
1248,159.74,-79.33,-1.4,-34.33
1249,73.37,112.64,7.23,-15.7
1250,-85.4,-11.37,14.39,-17.96
1251,-61.04,118.72,23.79,4.87
1252,-5.17,-10.9,2.39,-27.93
1253,-78.48,-118.02,7.23,-27.24
1254,26.8,89.17,11.18,-21.96
1255,-216.62,-19.44,18.13,-6.18
1256,100.4,-21.13,8.89,-20.75
1257,107.27,106.87,-0.01,-33.73
1258,46.81,166.56,13.66,-12.79
1259,-70.79,-104.06,9.16,-21.11
1260,-127.3,32.07,17.77,-10.97
1261,99.71,15.85,17.2,-16.29
1262,-60.31,146.36,5.62,-21.06
1263,1.26,-135.16,7.47,-24.19
1264,-83.56,-90.0,14.36,-16.53
1265,-136.97,33.87,14.45,-15.75
1266,110.34,107.63,17.69,-2.22
1267,68.18,101.13,-3.3,-35.79
1268,-49.98,-17.67,5.98,-23.28
1269,-105.51,-51.69,11.86,-14.31
1270,-61.47,12.48,9.45,-13.28
1271,50.22,183.3,11.45,-15.52
1272,57.8,74.79,2.59,-21.99
1273,-20.57,-70.11,15.49,-7.37
1274,-56.77,-25.21,3.45,-19.04
1275,-71.53,54.99,5.36,-23.56
1276,23.1,76.22,19.11,1.39
1277,-56.79,-94.17,-3.71,-28.23
1278,21.53,39.99,-2.22,-29.54
1279,4.96,9.53,7.65,-20.29
1280,-111.09,65.82,9.19,-10.07
1281,0.02,-0.84,-1.59,-25.22
1282,60.84,135.67,9.77,-11.06
1283,-21.35,13.52,25.8,7.65
1284,-185.29,-38.5,-1.73,-28.63
1285,113.49,42.18,-8.47,-27.63
1286,10.6,-31.61,16.95,1.09
1287,-149.84,145.9,3.99,-17.06
1288,149.66,173.92,8.9,-0.81
1289,-78.14,-188.07,-5.38,-37.53
1290,-59.99,75.99,6.51,-13.78
1291,12.29,-31.38,0.79,-33.56
1292,-27.74,-10.87,15.23,-4.05
1293,-45.93,-9.13,12.3,-17.53
1294,84.06,141.72,7.79,-17.52
1295,-43.7,112.72,9.43,-10.8
1296,-141.03,-101.71,12.13,-9.47
1297,-29.01,-26.64,1.4,-19.54
1298,-74.73,22.67,15.57,-0.67
1299,51.61,79.0,-8.5,-29.36
1300,92.6,37.5,-4.36,-28.89
1301,5.42,131.94,16.32,-5.1
1302,-64.79,185.91,20.9,-0.32
1303,41.06,52.93,16.29,1.51
1304,-98.23,-234.7,-4.24,-46.96
1305,47.74,-8.79,1.26,-28.06
1306,5.98,-26.15,10.03,-15.57
1307,-135.66,6.88,22.1,-4.62
1308,-29.26,149.14,4.87,-23.42
1309,51.58,48.24,10.36,-13.64
1310,-33.49,11.23,11.55,-11.24
1311,-2.57,23.85,13.85,-6.25
1312,-17.84,199.86,14.03,-0.74
1313,-75.78,-104.45,-6.35,-37.88
1314,64.61,197.34,28.63,20.42
1315,9.11,-41.33,-7.48,-47.62
1316,-20.69,-89.54,8.25,-15.59
1317,-173.04,3.53,10.0,-14.16
1318,-40.25,66.81,11.12,-9.53
1319,111.44,5.23,-0.28,-31.02
1320,86.9,64.87,4.85,-20.88
1321,-93.85,57.9,15.43,-6.14
1322,30.99,11.72,9.54,-12.61
1323,-39.36,-22.24,3.38,-20.95
1324,-139.31,12.13,15.47,-9.28
1325,77.91,146.35,8.05,-18.86
1326,-4.59,-87.39,3.49,-25.15
1327,-33.75,230.23,22.24,8.08
1328,101.9,-34.6,1.1,-28.44
1329,-48.61,-73.22,-3.95,-25.23
1330,38.61,58.66,0.31,-30.28
1331,-55.32,-20.62,26.9,4.0
1332,-26.33,-32.16,4.17,-26.33
1333,34.9,58.47,-0.58,-33.73
1334,66.15,185.18,8.7,-12.52
1335,-121.94,98.25,12.89,-5.46
1336,6.27,-157.17,0.65,-25.23
1337,38.77,38.06,0.25,-25.61
1338,-44.68,83.67,10.76,-11.99
1339,25.3,-32.57,15.67,-9.27
1340,-137.06,3.41,7.82,-19.46
1341,125.01,-21.0,0.57,-25.43
1342,137.16,245.26,9.31,-9.11
1343,-144.68,-58.67,18.66,-11.46
1344,-71.26,1.28,1.9,-25.16
1345,-22.73,50.33,14.59,-13.76
1346,15.61,9.68,13.16,-11.43
1347,39.62,-23.24,8.44,-28.68
1348,-151.23,-44.25,23.55,1.19
1349,85.38,87.89,2.26,-30.46
1350,88.09,7.86,4.7,-17.31
1351,-123.27,-10.08,8.2,-22.58
1352,35.31,111.33,12.0,-13.21
1353,-109.31,149.01,24.82,5.03
1354,43.22,-83.56,13.42,-17.56
1355,14.42,-32.53,10.21,-22.83
1356,-34.07,120.65,15.89,-11.66
1357,-57.85,-104.15,10.84,-20.12
1358,-93.59,19.66,10.36,-16.71
1359,-11.28,56.66,12.6,-17.97
1360,4.79,66.66,16.92,-2.19
1361,69.65,-48.44,6.63,-31.19
1362,-120.86,106.22,19.57,-4.04
1363,39.26,-38.31,19.38,-3.01
1364,85.37,57.52,2.86,-33.81
1365,-32.15,34.05,13.8,-12.12
1366,44.28,256.62,7.5,-11.82
1367,-26.83,-213.92,-1.54,-41.79
1368,-32.72,1.75,10.99,-21.42
1369,5.06,-3.55,12.19,-18.29
1370,-113.78,-25.81,19.57,-10.01
1371,19.31,62.42,6.11,-22.91
1372,-31.99,96.31,8.25,-15.66
1373,-6.62,26.27,21.8,2.43
1374,-111.27,207.33,34.22,23.2
1375,80.41,-220.15,-17.33,-62.13
1376,117.77,11.19,-1.01,-28.42
1377,-6.0,84.12,10.57,-18.25
1378,-17.82,-12.1,9.36,-19.36
1379,-22.46,25.38,8.06,-16.18
1380,-40.04,0.59,10.33,-12.66
1381,-38.73,21.55,17.37,-11.23
1382,-7.64,26.23,13.85,-9.22
1383,-40.99,5.54,10.38,-11.72
1384,-40.54,-18.58,15.24,-12.15
1385,-81.91,141.1,16.3,-12.4
1386,-130.93,130.02,38.61,29.62
1387,34.48,64.29,21.02,-4.25
1388,100.92,-184.69,-16.93,-53.97
1389,14.15,16.99,3.68,-34.29
1390,15.83,35.29,4.34,-25.14
1391,-29.15,23.26,9.91,-19.34
1392,-28.2,16.67,9.11,-19.54
1393,-37.8,34.04,12.83,-12.17
1394,-29.7,21.03,17.95,-8.16
1395,-2.72,2.44,11.37,-16.97
1396,13.74,35.82,12.78,-14.5
1397,-35.13,8.43,14.16,-12.68
1398,-195.75,38.74,29.97,13.45
1399,174.17,217.25,9.26,-4.5
1400,60.24,65.38,-6.9,-34.72
1401,46.38,-80.81,5.91,-23.43
1402,-114.2,-46.06,13.57,-8.85
1403,-67.27,68.29,8.59,-8.54
1404,136.7,-32.11,7.01,-15.43
1405,-52.96,92.67,7.62,-5.98
1406,72.88,22.93,-0.84,-30.05
1407,-44.19,-57.93,2.34,-21.54
1408,34.36,10.96,8.32,-19.53
1409,-16.78,12.33,8.92,-11.65
1410,-22.48,16.61,10.33,-11.22
1411,-48.22,42.93,16.54,-2.51
1412,-36.67,-13.83,3.2,-16.33
1413,-44.7,63.99,9.18,-9.74
1414,-81.55,177.41,7.4,-15.83
1415,110.03,-160.89,9.88,-20.09
1416,-39.0,134.11,9.95,-10.73
1417,-153.49,-39.37,12.23,-7.54
1418,159.13,82.07,-3.65,-35.02
1419,-23.61,-54.91,7.63,-11.99
1420,-28.32,-2.78,9.65,-20.86
1421,15.21,28.03,6.4,-22.04
1422,-179.98,13.14,7.85,-12.69
1423,76.28,173.44,17.73,8.05
1424,39.99,-84.06,6.36,-21.12
1425,10.38,7.36,-1.54,-34.83
1426,-34.78,-23.49,18.8,-8.23
1427,-29.78,5.97,13.29,-21.1
1428,-79.23,241.99,28.07,13.92
1429,-33.62,-167.94,3.12,-29.23
1430,144.6,5.94,-4.45,-33.39
1431,46.19,161.95,9.27,-15.05
1432,-3.55,-129.29,8.52,-19.66
1433,81.24,17.89,7.47,-17.29
1434,-147.56,52.09,24.08,0.6
1435,-95.09,84.51,22.41,-4.97
1436,-41.43,91.28,11.18,-8.08
1437,34.59,21.28,19.94,9.21
1438,24.05,13.9,9.47,-24.27
1439,-77.55,-70.23,10.22,-16.8
1440,-1.51,-41.54,0.04,-25.79
1441,28.44,-43.73,2.75,-27.23
1442,-76.58,-14.66,8.97,-11.39
1443,27.37,67.57,12.65,-12.28
1444,29.97,78.57,15.94,-14.72
1445,-85.6,73.9,9.02,-13.52
1446,59.28,8.1,5.87,-24.53
1447,18.55,-31.96,10.96,-19.23
1448,-60.95,112.01,15.43,-4.12
1449,-50.78,63.79,14.42,-0.75
1450,-59.87,-125.92,3.77,-21.93
1451,-45.74,-150.99,-0.84,-22.08
1452,-29.64,105.45,5.21,-20.95
1453,71.81,107.42,6.43,-14.12
1454,46.65,51.96,6.07,-8.52
1455,43.42,280.46,6.65,-7.51
1456,-65.22,-219.84,0.27,-29.39
1457,-18.19,-100.31,13.56,-7.68
1458,-95.21,-27.98,4.19,-20.4
1459,-9.42,38.39,12.07,-13.33
1460,-20.39,-19.84,9.77,-22.47
1461,33.22,72.01,6.75,-16.61
1462,-41.96,85.81,10.7,-7.57
1463,18.11,-46.25,8.09,-9.81
1464,11.04,63.78,8.18,-8.97
1465,-13.88,-47.97,2.08,-20.06
1466,-40.76,-49.83,1.69,-27.54
1467,-153.59,112.7,13.38,-9.3
1468,43.59,-4.85,7.34,-14.69
1469,75.49,-1.84,1.46,-29.97
1470,-4.53,28.72,7.89,-11.72
1471,-89.84,40.21,21.28,4.23
1472,9.05,35.71,5.39,-25.87
1473,13.64,90.65,10.91,-20.36
1474,-94.91,-49.81,11.77,-11.12
1475,40.41,64.92,14.04,-2.23
1476,-117.87,-126.02,5.33,-16.03
1477,98.92,-0.54,4.35,-23.76
1478,-55.54,32.18,3.78,-28.91
1479,19.83,47.84,10.3,-13.18
1480,-8.82,-110.74,5.32,-14.79
1481,-70.94,77.71,10.36,-14.34
1482,28.85,45.71,8.41,-20.32
1483,-34.28,67.07,12.38,-12.42
1484,-121.16,326.01,25.87,18.96
1485,-14.15,-264.74,-2.26,-31.17
1486,30.6,-112.89,-0.69,-33.0
1487,66.12,78.09,1.8,-19.43
1488,-60.26,2.61,8.35,-11.72
1489,105.48,32.8,6.4,-17.79
1490,-16.18,-28.8,11.11,-11.7
1491,-144.42,113.22,10.71,-14.62
1492,2.25,-38.79,10.08,-17.61
1493,-66.65,137.01,17.35,1.97
1494,-112.58,101.59,11.96,-11.17
1495,128.82,-35.82,5.71,-19.8
1496,-79.53,-181.94,2.66,-20.06
1497,-91.18,109.69,8.09,-21.13
1498,6.72,28.27,6.14,-17.08
1499,114.87,-29.91,4.26,-13.7
1500,-203.19,-24.75,6.67,-13.42
1501,64.83,71.98,2.15,-18.86
1502,17.87,128.65,7.69,-10.58
1503,-75.12,195.26,24.53,22.21
1504,-39.33,-7.99,9.88,-13.26
1505,-15.28,-114.16,0.78,-27.11
1506,15.88,-98.52,3.94,-26.59
1507,-120.43,-9.1,12.93,-8.72
1508,43.47,60.53,8.94,-9.07
1509,55.6,13.01,2.54,-23.64
1510,-41.7,24.16,6.9,-21.95
1511,-6.03,-0.45,10.32,-13.04
1512,-18.97,4.66,7.79,-12.6
1513,-143.8,-39.27,26.14,9.56
1514,49.79,250.68,12.54,-0.98
1515,19.92,-143.95,-9.39,-39.34
1516,-21.02,38.78,3.7,-18.86
1517,-31.21,26.81,9.56,-9.89
1518,3.56,58.56,7.19,-16.22
1519,-94.81,-11.63,11.29,-2.39
1520,38.56,13.72,18.45,0.06
1521,-33.36,32.05,10.92,-16.46
1522,13.07,-80.4,0.81,-26.02
1523,49.94,167.57,2.44,-15.98
1524,-37.61,-77.22,9.7,-9.96
1525,-79.17,19.1,5.14,-13.7
1526,-77.69,-24.28,11.96,-5.33
1527,47.12,24.98,19.08,-0.85
1528,16.78,51.44,-6.35,-32.39
1529,-2.88,21.27,2.31,-18.35
1530,77.77,70.9,5.76,-11.78
1531,-13.77,89.29,7.91,-6.41
1532,-56.22,-75.81,1.03,-19.44
1533,-66.07,18.85,5.97,-16.41
1534,-114.63,244.07,15.73,4.11
1535,-34.67,-172.5,2.06,-17.5
1536,149.87,-50.84,-2.2,-33.02
1537,29.52,116.3,7.56,-4.81
1538,-78.09,-46.08,8.18,-16.9
1539,40.37,33.78,3.47,-20.89
1540,-48.82,168.73,7.0,-11.0
1541,-77.63,-107.88,9.77,-11.63
1542,-55.83,49.91,14.47,-6.64
1543,99.31,19.97,1.95,-23.96
1544,11.51,51.49,8.68,-0.73
1545,65.75,-28.31,-3.84,-33.75
1546,-51.77,101.99,5.5,-15.16
1547,-127.13,-11.67,4.07,-15.5
1548,83.46,-98.34,10.38,-9.46
1549,-25.06,140.32,15.43,-2.68
1550,-181.81,71.56,19.26,4.88
1551,119.26,-7.87,-2.93,-22.59
1552,98.77,31.1,-0.55,-28.6
1553,38.49,9.03,7.87,-16.71
1554,-64.19,167.49,17.02,7.66
1555,-11.37,-164.34,-2.34,-30.63
1556,-114.98,-90.69,8.79,-18.85
1557,-60.62,-26.23,17.67,-9.29
1558,28.95,49.54,0.45,-17.73
1559,-89.5,83.5,14.8,-2.03
1560,51.62,59.11,15.89,-6.63
1561,-58.48,51.44,5.84,-12.25
1562,-71.94,-58.18,0.46,-22.64
1563,109.93,233.85,16.45,-1.32
1564,-63.77,-169.17,3.61,-19.95
1565,-11.11,32.08,7.78,-15.11
1566,54.66,39.72,1.35,-18.05
1567,-60.99,-115.18,3.94,-18.0
1568,-47.83,206.79,15.53,-3.09
1569,-101.43,-128.72,0.07,-25.26
1570,144.77,203.9,13.56,-2.3
1571,0.67,-228.38,-7.78,-39.78
1572,-15.05,116.85,8.01,-12.3
1573,-111.61,-32.32,18.94,-2.78
1574,185.88,59.91,-5.22,-34.55
1575,-53.44,98.4,14.11,-6.4
1576,-65.55,9.46,10.36,-3.48
1577,-43.0,-68.62,-5.06,-27.53
1578,-14.8,15.71,6.66,-19.25
1579,10.3,56.66,16.26,-10.26
1580,-89.59,-17.73,5.55,-19.75
1581,5.48,128.44,3.8,-9.16
1582,-60.67,-11.74,16.72,-0.14
1583,-124.01,-102.79,9.58,-15.12
1584,151.35,60.34,1.71,-21.29
1585,-57.94,9.2,-4.85,-32.55
1586,68.16,134.38,12.77,0.3
1587,-131.05,-68.41,12.0,-17.38
1588,71.12,-85.49,-10.08,-38.01
1589,-14.79,253.54,11.33,-8.67
1590,68.9,-185.04,9.64,-19.98
1591,94.65,185.25,7.21,-10.93
1592,-112.96,119.07,4.68,-12.55
1593,-136.25,-103.62,17.38,-3.25
1594,46.1,101.86,10.81,-15.08
1595,-58.03,-96.6,14.47,-7.29
1596,-116.26,-95.74,4.39,-23.88
1597,26.18,28.26,0.64,-26.64
1598,118.49,-29.99,2.15,-28.29
1599,-147.22,-13.94,12.81,-10.81
1600,8.9,4.25,7.4,-19.37
1601,16.09,45.32,3.64,-16.92
1602,-121.31,35.52,9.1,-12.73
1603,86.54,206.17,11.92,-6.5
1604,-150.31,-106.76,15.64,-8.04
1605,128.84,193.31,0.29,-17.98
1606,-66.1,-211.27,-3.29,-30.25
1607,-36.14,7.93,6.51,-15.3
1608,-163.83,22.82,24.22,2.73
1609,24.24,-51.72,5.65,-26.39
1610,7.8,83.66,9.64,-16.12
1611,13.21,110.0,13.57,-8.36
1612,-57.5,-8.17,10.48,-15.14
1613,60.19,34.44,15.05,-13.76
1614,9.99,70.22,-4.18,-29.77
1615,-49.22,-74.54,-0.06,-31.56
1616,-223.1,114.23,20.89,4.1
1617,17.73,-55.57,3.59,-20.8
1618,56.21,49.22,2.28,-26.77
1619,60.39,10.82,11.19,-18.61
1620,52.79,1.53,10.62,-15.47
1621,-150.01,-63.98,16.14,-10.67
1622,31.14,55.26,17.4,-6.61
1623,41.09,-79.66,-5.89,-42.81
1624,-49.18,-92.6,8.1,-19.35
1625,-251.31,224.43,21.51,-10.23
1626,127.16,36.56,9.86,-19.93
1627,33.53,-87.7,-0.58,-32.86
1628,4.96,62.68,16.1,-15.01
1629,-113.61,153.24,21.56,-3.34
1630,-82.23,-113.28,18.47,-8.31
1631,113.13,33.41,4.97,-24.83
1632,-29.59,-87.62,8.19,-28.83
1633,-54.25,-34.06,9.96,-15.58
1634,-31.47,24.12,17.03,-13.61
1635,-112.14,44.04,20.69,-10.28
1636,107.32,-48.89,6.77,-20.22
1637,86.54,38.4,3.14,-29.82
1638,-75.0,-14.16,4.19,-31.31
1639,-23.65,34.06,9.39,-17.5
1640,-83.97,79.41,17.16,-8.62
1641,-86.4,-79.21,22.04,-0.04
1642,142.81,215.47,15.91,-7.92
1643,-77.83,-132.55,-4.93,-45.74
1644,3.34,-64.4,1.46,-38.05
1645,-76.07,9.59,9.1,-19.45
1646,-98.36,-48.67,18.82,-12.34
1647,61.4,54.84,7.35,-28.39
1648,-65.61,57.16,7.34,-21.25
1649,-42.77,195.41,29.76,18.68
1650,15.35,-38.79,5.74,-24.84
1651,58.04,-160.04,-5.97,-44.17
1652,-35.35,-6.39,1.1,-21.37
1653,-4.61,-43.67,11.59,-11.49
1654,-107.97,53.64,20.07,-4.12
1655,47.8,28.15,2.77,-23.52
1656,-21.67,-23.85,12.32,-18.31
1657,-195.22,176.46,31.19,13.84
1658,128.13,159.45,0.98,-23.54
1659,19.3,-197.48,-0.65,-41.65
1660,28.39,31.27,8.71,-20.57
1661,-29.47,20.44,4.9,-16.84
1662,-39.96,-54.79,8.64,-16.13
1663,-36.24,-29.68,4.93,-18.02
1664,-52.77,-0.05,2.78,-23.75
1665,-13.06,48.57,10.64,-8.35
1666,-83.06,56.13,17.09,-1.89
1667,-6.74,-76.24,-1.13,-22.91
1668,-131.38,123.28,22.22,7.01
1669,132.03,-55.39,-5.67,-38.54
1670,97.9,112.63,5.18,-18.9
1671,-27.83,-3.3,4.45,-23.59
1672,-116.14,-114.77,7.31,-12.03
1673,-56.04,63.09,19.52,-3.65
1674,24.36,22.95,5.02,-19.76
1675,63.48,45.05,0.07,-25.02
1676,-37.96,45.61,7.88,-9.0
1677,-46.23,-86.72,15.28,-8.78
1678,-13.02,140.49,16.82,-5.75
1679,55.14,-64.14,-13.33,-40.62
1680,28.65,-22.43,1.23,-22.32
1681,-15.84,105.65,10.72,-9.46
1682,-100.57,42.86,10.14,-5.64
1683,12.41,-59.47,0.64,-21.88
1684,-176.06,-79.73,19.54,2.01
1685,67.62,205.02,7.29,-8.24
1686,-19.2,-138.73,-6.24,-39.73
1687,54.13,106.69,8.77,-11.25
1688,6.63,0.9,4.93,-21.78
1689,35.05,-23.72,3.38,-22.58
1690,-16.85,78.6,11.65,-13.65
1691,-91.36,27.02,16.05,-8.87
1692,4.84,66.39,18.49,-0.48
1693,-206.43,36.14,18.21,0.13
1694,87.85,-171.61,-13.05,-49.18
1695,122.03,51.15,-5.62,-35.1
1696,-11.67,32.83,3.51,-13.69
1697,-88.74,4.84,8.79,-12.93
1698,26.28,10.06,1.99,-21.09
1699,-27.98,85.67,7.87,-7.18
1700,6.53,95.99,14.03,-2.93
1701,-33.91,-12.75,6.67,-16.44
1702,-149.2,-117.6,14.57,-7.39
1703,81.01,122.89,-0.13,-26.81
1704,42.81,132.44,-2.34,-23.04
1705,5.92,-52.3,-0.96,-28.31
1706,-38.61,-42.2,5.16,-18.56
1707,-4.16,14.45,7.47,-13.84
1708,-58.65,94.98,11.0,-6.8
1709,42.37,-9.32,3.49,-22.67
1710,-41.3,-33.72,7.97,-8.84
1711,-92.22,33.46,11.73,-13.55
1712,21.12,3.89,2.88,-21.34
1713,-61.54,51.62,9.26,-12.48
1714,-34.39,8.47,9.7,-16.81
1715,22.56,-50.02,11.45,-13.41
1716,11.25,191.77,0.79,-17.64
1717,52.81,-77.35,-10.03,-36.51
1718,-68.36,47.02,16.59,2.42
1719,97.4,-51.84,-12.01,-36.93
1720,-74.72,61.38,2.55,-18.76
1721,-10.07,15.73,2.69,-16.8
1722,-80.49,-34.81,1.84,-16.99
1723,-35.35,19.64,8.24,-15.18
1724,-12.27,112.5,11.18,-2.91
1725,1.19,1.04,9.29,-13.34
1726,24.57,-54.75,1.55,-29.12
1727,-82.59,-51.25,4.59,-20.62
1728,-26.95,41.57,-0.47,-14.22
1729,70.69,70.81,3.76,-16.98
1730,-19.87,5.94,0.87,-23.49
1731,-26.72,24.51,13.13,-5.1
1732,38.91,-34.71,2.31,-23.39
1733,-153.92,16.74,7.94,-12.11
1734,35.87,108.66,15.4,-6.04
1735,8.64,-83.19,10.42,-12.0
1736,-20.04,9.28,1.28,-30.01
1737,4.72,203.26,7.93,-6.23
1738,24.46,74.65,-0.33,-19.1
1739,-18.58,-58.82,3.41,-21.29
1740,76.22,-1.85,4.13,-14.51
1741,-21.56,-32.29,-0.05,-29.5
1742,-129.39,94.06,10.54,-7.49
1743,24.42,-97.29,2.3,-18.59
1744,-40.95,34.21,7.25,-9.94
1745,-108.04,-68.75,22.04,6.98
1746,165.64,98.66,-7.97,-40.59
1747,-29.08,11.94,2.35,-19.46
1748,-69.31,109.88,16.46,-2.48
1749,67.63,1.35,0.15,-23.87
1750,19.65,30.04,5.34,-19.87
1751,-2.13,30.5,12.29,-11.32
1752,-63.72,-35.67,13.86,-9.47
1753,-82.01,-60.04,8.26,-15.44
1754,-118.24,139.86,14.28,4.51
1755,175.09,101.67,2.59,-12.93
1756,-27.84,-65.7,-0.61,-32.64
1757,-34.15,-33.41,6.73,-20.75
1758,-35.46,75.54,11.36,-9.32
1759,-33.35,-59.85,14.12,-8.45
1760,-35.26,-13.31,11.94,-9.58
1761,75.26,40.4,3.44,-17.04
1762,-74.01,-14.76,9.77,-11.26
1763,78.22,91.95,10.08,-13.56
1764,-88.97,-59.06,8.05,-10.24
1765,-3.04,24.79,8.8,-11.36
1766,11.73,102.02,20.35,-0.15
1767,-22.93,4.16,2.17,-22.57
1768,23.18,-38.15,16.05,-21.8
1769,10.79,204.88,62.29,21.53
1770,-52.65,-138.17,-10.82,-29.8
1771,-181.98,6.39,-16.59,-19.05
1772,50.95,15.99,-12.06,-26.51
1773,52.96,-41.04,-3.25,-23.0
1774,14.93,61.82,18.58,9.93
1775,16.01,-42.11,-0.56,-30.87
1776,-26.37,-24.64,8.83,-19.03
1777,-124.15,133.2,11.58,-4.34
1778,14.82,19.28,7.51,-16.05
1779,57.01,-40.6,-1.05,-22.13
1780,54.54,32.89,6.36,-16.16
1781,-37.2,-6.39,12.97,-4.3
1782,-158.66,44.47,8.34,-6.29
1783,59.12,-20.33,19.74,-1.62
1784,50.94,25.67,-10.89,-39.19
1785,-55.82,14.42,1.62,-21.71
1786,-38.29,-14.0,12.13,-9.58
1787,-33.86,201.49,10.4,-5.87
1788,27.98,-99.06,3.38,-25.95
1789,23.25,140.29,6.37,-15.5
1790,-3.07,-130.91,11.01,-9.37
1791,-33.2,39.03,13.26,-10.49
1792,-75.78,-16.95,11.23,-17.14
1793,-3.54,14.36,13.32,-12.93
1794,-4.68,-39.53,23.52,1.49
1795,-37.09,169.78,17.94,-10.52
1796,16.03,-143.3,-8.76,-43.92
1797,13.85,94.34,9.89,-12.94
1798,40.34,31.99,8.72,-10.91
1799,-122.87,53.32,10.02,-9.11
1800,59.51,41.14,14.85,-4.44
1801,13.82,-31.01,0.47,-24.17
1802,-83.28,94.69,6.04,-16.52
1803,42.78,-82.09,1.72,-30.82
1804,-19.56,-11.81,5.59,-19.94
1805,-18.89,96.95,15.92,-10.04
1806,-42.92,62.96,6.14,-15.34
1807,-69.08,-86.94,10.19,-13.25
1808,42.57,34.9,1.24,-28.05
1809,-10.94,-64.61,6.06,-16.23
1810,48.52,145.22,13.66,-4.83
1811,-31.19,-12.94,15.67,-7.53
1812,-59.39,-1.64,7.17,-25.3
1813,-41.12,-41.37,5.43,-21.9
1814,56.88,63.57,7.25,-19.14
1815,-77.92,49.57,9.41,-7.95
1816,12.99,56.85,9.91,-13.86
1817,14.82,5.22,4.63,-25.57
1818,17.0,22.46,1.12,-17.98
1819,-99.16,-12.41,13.97,-8.53
1820,70.88,-23.47,2.98,-22.1
1821,-87.3,-32.89,9.47,-19.98
1822,11.17,180.71,6.97,-14.67
1823,-46.35,-25.2,7.01,-11.79
1824,-29.61,77.82,11.85,-9.11
1825,-34.29,6.68,12.07,-10.28
1826,39.54,-80.94,-3.56,-38.91
1827,-6.1,-23.59,3.69,-24.24
1828,54.86,62.63,13.39,-8.84
1829,-33.14,13.27,6.75,-24.54
1830,-31.73,-16.11,10.74,-14.82
1831,-76.05,37.43,13.97,-11.55
1832,20.89,35.43,2.53,-19.52
1833,-110.03,76.18,20.03,-3.88
1834,-10.52,46.97,15.89,-6.57
1835,-33.29,6.72,-3.09,-29.07
1836,-2.1,15.89,3.5,-22.96
1837,99.74,-60.51,1.63,-24.98
1838,-20.25,5.29,15.42,-6.58
1839,-43.12,45.64,6.15,-21.17
1840,-59.49,94.41,8.41,-12.65
1841,-86.66,-43.33,9.59,-14.03
1842,37.39,170.2,13.79,-14.35
1843,43.8,-56.58,7.36,-13.23
1844,-0.81,-82.57,1.35,-26.13
1845,-48.57,18.92,6.17,-19.91
1846,19.88,32.02,6.18,-18.25
1847,-70.09,95.16,13.76,-0.82
1848,42.04,45.93,2.96,-24.85
1849,-42.72,-28.76,15.17,-15.18
1850,-19.63,-13.87,7.06,-28.22
1851,21.04,38.22,9.4,-19.89
1852,-153.86,135.38,12.87,-9.87
1853,-6.19,-124.04,19.32,-3.03
1854,87.69,56.2,0.58,-31.35
1855,-0.03,-59.82,6.48,-21.78
1856,-18.3,-13.23,10.58,-12.68
1857,-64.47,44.24,11.03,-4.86
1858,73.64,133.34,5.12,-19.85
1859,-116.58,-20.51,13.48,-5.71
1860,34.48,-54.39,-0.99,-34.84
1861,-69.59,20.51,7.26,-20.35
1862,52.58,145.7,13.31,-8.07
1863,-85.3,-31.83,14.15,-0.46
1864,70.62,53.37,1.7,-22.45
1865,-51.14,-70.69,9.85,-19.26
1866,25.45,-9.69,16.69,-12.29
1867,-32.63,101.19,15.48,-1.37
1868,-15.15,28.5,-5.19,-31.3
1869,21.52,5.98,5.37,-18.18
1870,-33.9,47.19,4.43,-19.01
1871,-72.47,101.43,19.11,-6.08
1872,8.07,-44.02,8.27,-20.78
1873,-11.24,-66.57,14.15,-17.37
1874,-62.4,22.32,6.89,-20.4
1875,-28.78,91.35,8.86,-12.79
1876,80.46,13.12,2.32,-18.94
1877,3.36,-10.55,5.87,-23.43
1878,-50.6,-3.49,7.89,-15.68
1879,-15.43,26.24,5.63,-23.04
1880,6.19,74.21,13.95,-6.77
1881,-114.73,9.06,15.7,0.96
1882,-2.89,17.6,1.23,-32.47
1883,41.01,-19.33,6.54,-22.92
1884,-64.53,17.04,10.86,-17.24
1885,8.74,151.86,17.73,2.26
1886,58.81,-118.35,9.83,-21.52
1887,37.12,92.21,1.49,-23.39
1888,-60.36,-23.47,9.91,-17.75
1889,-115.5,4.83,20.53,2.71
1890,-34.39,64.71,15.61,-9.38
1891,59.79,-54.41,4.09,-16.41
1892,34.32,48.36,5.79,-18.52
1893,-98.49,-7.9,9.29,-17.89
1894,-156.38,116.65,16.73,-0.75
1895,153.62,-50.07,-0.8,-24.23
1896,75.46,20.42,2.5,-29.81
1897,-23.32,95.75,6.2,-20.43
1898,-11.35,40.65,8.32,-11.8
1899,-87.1,37.58,15.91,-8.2
1900,-27.56,-26.39,14.22,-15.05
1901,-7.22,28.82,15.74,-6.43
1902,85.4,13.28,5.01,-22.64
1903,-45.31,44.31,4.51,-20.93
1904,-43.66,83.25,11.62,-13.21
1905,-29.05,59.24,11.57,-16.4
1906,-29.7,-70.9,3.98,-24.86
1907,-35.41,89.94,17.99,-5.79
1908,-160.44,-77.63,24.23,1.0
1909,69.7,8.33,-1.79,-34.85
1910,131.04,-36.71,1.72,-26.21
1911,-31.5,63.09,4.97,-16.69
1912,-4.58,52.83,10.13,-10.91
1913,22.5,72.02,11.08,-12.3
1914,-10.11,54.22,7.35,-13.37
1915,-42.87,41.92,14.0,-6.74
1916,-25.75,68.04,22.36,5.23
1917,-5.58,-24.19,10.06,-21.1
1918,-9.53,107.63,9.39,-17.99
1919,25.48,-10.23,8.3,-18.52
1920,-54.74,-107.46,4.02,-22.15
1921,-77.3,31.8,9.59,-15.95
1922,-71.18,-52.18,11.09,-13.18
1923,69.43,67.25,9.49,-8.4
1924,-4.04,59.91,12.55,-19.85
1925,13.84,9.43,10.77,-18.88
1926,1.42,-12.45,17.45,-8.95
1927,-6.03,44.21,21.42,4.61
1928,-30.42,47.17,-0.42,-29.07
1929,9.14,24.95,0.67,-20.84
1930,-41.91,-48.39,8.29,-14.45
1931,-86.49,15.57,12.59,-9.3
1932,40.89,48.2,2.75,-29.32
1933,19.6,94.73,8.64,-8.49
1934,-18.13,-32.45,4.22,-20.35
1935,-93.87,129.28,23.03,11.88
1936,91.14,-40.54,-1.9,-32.43
1937,44.81,-35.96,-5.08,-31.08
1938,-7.54,2.67,3.29,-14.58
1939,-61.41,-14.79,3.05,-27.07
1940,-21.91,26.15,5.04,-13.41
1941,-21.87,-2.79,5.56,-17.97
1942,-20.12,-1.99,9.82,-9.51
1943,31.37,-53.56,10.85,-9.85
1944,-307.92,248.02,37.51,32.14
1945,76.84,-26.65,-9.76,-40.44
1946,196.51,-46.07,-12.27,-40.68
1947,-28.79,44.12,4.93,-23.95
1948,-8.51,-3.22,8.96,-17.16
1949,-52.87,13.46,9.35,-18.87
1950,-22.67,-13.17,10.43,-16.02
1951,-89.61,87.68,23.53,2.01
1952,62.82,-7.9,0.64,-25.51
1953,-67.14,15.74,4.81,-21.46
1954,-16.08,9.36,10.97,-14.19
1955,27.16,16.98,4.92,-16.72
1956,-5.46,41.05,0.21,-20.74
1957,2.65,-67.56,6.54,-17.92
1958,-98.49,10.85,16.57,-3.5
1959,73.5,167.67,15.69,-1.32
1960,-19.75,-122.32,-12.95,-48.82
1961,-22.56,9.09,4.77,-25.67
1962,-22.53,8.17,8.7,-13.05
1963,-52.54,44.78,10.12,-20.69
1964,-103.79,-37.67,13.14,-9.08
1965,-39.58,40.23,13.57,-8.85
1966,46.01,187.16,12.53,-6.53
1967,93.77,-122.67,-6.48,-37.35
1968,-65.16,3.46,6.1,-20.69
1969,19.59,38.21,12.79,-18.98
1970,33.3,72.3,10.8,-18.14
1971,-42.38,-40.22,4.38,-27.54
1972,-19.77,71.32,9.63,-23.57
1973,-23.64,-61.68,11.25,-11.29
1974,-86.47,-32.75,11.95,-15.08
1975,32.08,23.53,26.01,4.93
1976,-11.52,92.02,-5.88,-29.07
1977,-57.77,38.06,4.5,-22.09
1978,-6.37,-39.66,12.14,-15.54
1979,30.0,17.41,6.29,-27.08
1980,27.52,33.0,6.56,-19.06
1981,4.83,246.52,18.5,9.27
1982,-169.67,-167.83,16.58,-13.31
1983,-101.21,-41.08,21.16,-7.57
1984,175.17,37.76,-14.73,-51.96
1985,56.39,34.97,6.86,-26.16
1986,-28.89,14.04,7.82,-23.11
1987,-39.25,16.95,9.08,-17.15
1988,-12.57,20.82,10.16,-18.54
1989,-29.28,95.07,16.8,-10.13
1990,-79.66,-64.3,13.44,-12.94
1991,-107.57,170.69,29.85,8.94
1992,68.68,-129.34,-6.69,-32.74
1993,1.15,-14.48,-3.28,-28.25
1994,-3.89,-41.27,5.38,-13.66
1995,-29.72,10.83,6.65,-20.07
1996,23.8,52.04,6.16,-21.16
1997,-18.24,-46.6,10.64,-16.14
1998,-158.16,11.35,13.44,-5.87
1999,-3.13,113.59,11.3,-17.63
2000,73.93,66.23,8.47,-17.09
2001,57.1,-10.59,-6.65,-29.82
2002,-53.83,-67.99,6.8,-21.08
2003,-43.93,1.44,2.2,-23.23
2004,8.4,41.72,3.63,-20.33
2005,10.48,16.38,8.71,-19.3
2006,-111.73,226.81,37.82,25.93
2007,127.41,-149.7,-1.37,-41.37
2008,-132.25,12.64,0.5,-31.74
2009,-21.77,24.43,7.47,-18.4
2010,-10.28,-27.01,8.99,-12.77
2011,50.99,161.67,15.97,-0.13
2012,-82.07,-46.56,6.5,-27.91
2013,-7.33,50.67,13.59,-13.29
2014,-23.63,12.2,7.15,-24.89
2015,51.81,98.64,-1.05,-32.29
2016,8.77,-41.64,11.76,-17.85
2017,-34.78,-27.82,8.53,-23.48
2018,-42.57,-12.17,21.58,-1.42
2019,77.28,29.38,5.64,-20.65
2020,-72.63,126.0,2.48,-27.02
2021,-56.14,27.17,13.13,-13.59
2022,30.07,41.9,6.43,-18.38
2023,-209.79,-77.94,13.7,-15.09
2024,75.29,96.74,9.16,-17.73
2025,-56.94,144.62,10.6,-17.7
2026,89.14,-109.52,4.62,-32.14
2027,60.59,-9.84,7.14,-26.33
2028,11.08,-49.31,9.22,-17.31
2029,-53.47,120.1,13.56,-10.98
2030,-4.77,11.81,4.92,-21.64
2031,-66.43,11.98,7.91,-20.81
2032,-209.64,87.76,15.5,-3.08
2033,101.15,-30.32,5.72,-32.44
2034,88.8,78.92,5.9,-29.09
2035,-69.37,63.76,23.41,-5.05
2036,-10.18,26.71,2.72,-25.27
2037,26.49,-59.63,0.89,-33.57
2038,-27.06,6.4,10.88,-18.9
2039,26.49,107.43,14.21,-20.74
2040,-112.89,-58.7,11.47,-16.73
2041,-71.36,50.56,8.66,-17.42
2042,-39.29,-47.33,6.56,-26.03
2043,25.23,10.28,6.76,-19.79
2044,74.21,109.77,8.98,-20.97
2045,-97.65,44.76,14.84,-12.61
2046,58.16,-42.07,0.16,-34.99
2047,41.56,75.67,8.74,-20.96
2048,-88.79,27.16,22.19,-3.0
2049,-30.08,61.61,6.95,-24.1
2050,-46.45,5.17,10.67,-18.59
2051,-37.51,-65.34,9.12,-27.89
2052,-28.04,24.97,9.71,-22.99
2053,34.83,-28.15,7.41,-27.1
2054,13.46,113.81,13.23,-9.96
2055,-139.69,42.16,18.12,-9.09
2056,95.99,-48.44,5.02,-26.82
2057,7.17,105.94,7.99,-17.64
2058,15.77,-6.76,11.22,-14.37
2059,-6.77,-37.23,-3.11,-30.85
2060,-157.18,-2.54,12.06,-10.63
2061,91.28,-22.43,1.71,-23.25
2062,-88.96,102.73,10.93,-7.98
2063,4.95,48.44,6.11,-11.71
2064,16.75,-20.46,2.12,-20.02
2065,-49.91,-8.85,10.29,-7.87
2066,-2.18,75.65,1.59,-25.23
2067,19.68,34.5,5.85,-14.82
2068,-11.47,-56.42,5.01,-22.53
2069,-52.85,1.76,11.49,-8.67
2070,-15.89,245.63,19.36,1.48
2071,2.32,-179.98,-1.07,-30.42
2072,38.75,-38.76,-3.47,-34.43
2073,-5.77,4.87,7.89,-19.74
2074,-147.74,88.02,22.28,3.83
2075,66.22,-30.66,4.72,-27.71
2076,-26.36,2.66,0.97,-16.58
2077,14.86,19.25,10.63,-9.66
2078,14.22,119.54,8.35,-19.1
2079,-31.89,0.5,3.35,-32.54
2080,-6.64,16.15,11.23,-16.85
2081,-8.88,11.07,11.91,-12.81
2082,-152.68,-23.77,12.31,-13.04
2083,72.22,16.64,6.46,-18.88
2084,-89.1,207.24,9.04,-5.18
2085,-3.97,-78.08,11.09,-11.9
2086,71.04,-85.71,9.0,-17.46
2087,17.39,102.33,4.82,-25.58
2088,-0.06,-28.19,9.2,-18.54
2089,40.07,-3.24,1.28,-25.39
2090,-38.72,-5.43,11.53,-15.04
2091,-96.76,11.19,11.74,-13.85
2092,-76.1,213.78,10.63,-1.83
2093,84.99,-148.23,-7.13,-38.72
2094,4.68,24.99,0.44,-24.68
2095,-164.52,43.91,18.14,-7.52
2096,80.55,12.06,15.86,-8.8
2097,77.01,129.29,6.97,-17.9
2098,-35.78,-95.96,3.58,-26.84
2099,-51.26,20.77,9.56,-11.83
2100,-86.57,55.56,10.14,-15.0
2101,-6.5,-88.02,5.53,-30.76
2102,33.41,114.32,17.15,-11.07
2103,22.31,53.56,4.24,-19.85
2104,10.78,33.07,3.38,-21.05
2105,-6.73,-54.67,4.73,-24.62
2106,-24.99,-17.59,4.78,-14.44
2107,-7.95,123.0,8.09,-3.63
2108,-63.7,133.9,10.93,-6.65
2109,-41.91,-160.46,7.46,-8.84
2110,71.99,57.06,8.41,-20.16
2111,-22.14,-17.28,6.34,-15.48
2112,-86.48,127.05,11.85,-12.46
2113,-0.77,-127.67,17.02,-13.48
2114,57.29,66.14,7.22,-12.17
2115,-38.44,82.29,8.62,-12.17
2116,7.33,-78.6,8.14,-12.94
2117,-4.63,-9.93,5.1,-20.66
2118,-80.55,208.65,11.3,-4.15
2119,-0.66,-16.85,7.91,-11.96
2120,24.93,-27.38,7.14,-17.07
2121,18.61,90.09,10.02,-13.33
2122,-4.93,43.66,7.64,-17.04
2123,-63.57,-12.13,12.84,-9.17
2124,-70.18,-123.95,12.99,-18.09
2125,73.38,34.14,2.05,-19.51
2126,-99.2,36.02,4.32,-17.77
2127,50.33,152.77,15.66,-8.47
2128,30.78,-38.84,14.66,0.44
2129,-100.47,-5.54,6.08,-30.94
2130,-4.54,47.42,10.97,-12.24
2131,61.29,89.12,7.29,-21.61
2132,-3.48,-88.73,6.16,-16.82
2133,21.22,137.72,7.85,-20.55
2134,-127.99,14.23,16.03,-11.86
2135,-6.2,-47.78,14.72,-19.77
2136,127.3,46.37,5.89,-26.88
2137,-103.34,19.63,16.51,-11.33
2138,-236.33,-0.18,23.44,1.84
2139,216.24,58.14,-2.71,-40.14
2140,103.65,120.52,8.33,-14.17
2141,-54.35,-14.04,14.78,-16.19
2142,-60.78,-28.28,8.52,-19.0
2143,-10.26,139.23,6.22,-25.17
2144,-45.68,-55.31,6.21,-25.8
2145,21.24,31.41,7.41,-17.84
2146,-90.73,-52.6,14.36,-15.42
2147,20.53,27.13,17.44,-13.5
2148,10.14,92.81,-0.71,-28.94
2149,-66.99,76.56,4.53,-20.11
2150,-8.93,31.9,16.85,-13.38
2151,-28.73,-86.5,6.37,-25.87
2152,134.42,62.75,2.17,-28.97
2153,-34.84,63.93,-0.07,-34.18
2154,-34.16,21.77,6.06,-27.32
2155,-98.52,120.83,14.16,-14.19
2156,5.5,-86.0,7.56,-28.8
2157,-21.51,15.77,10.74,-19.91
2158,14.07,4.02,7.84,-14.22
2159,-49.86,70.38,5.97,-25.19
2160,30.33,29.8,6.06,-22.01
2161,-6.7,-0.86,3.79,-26.14
2162,-49.39,1.48,11.44,-12.15
2163,39.35,94.55,2.6,-19.8
2164,-72.83,3.09,10.78,-15.08
2165,-52.81,-104.11,13.28,-22.81
2166,73.12,222.33,11.92,-7.6
2167,41.63,-52.98,-8.79,-46.23
2168,-71.01,-68.75,1.05,-26.72
2169,-43.63,39.3,2.75,-18.84
2170,-18.98,177.16,16.61,-7.35
2171,7.03,-134.52,4.02,-25.39
2172,-1.7,-26.1,7.27,-20.63
2173,-84.01,91.88,14.61,-7.26
2174,39.58,-60.06,3.94,-19.78
2175,-0.75,-8.24,1.67,-33.19
2176,-39.28,27.26,9.11,-17.6
2177,-69.67,180.08,10.35,-11.04
2178,9.16,12.87,8.72,-10.1
2179,71.35,-25.09,-5.21,-42.52
2180,18.77,4.4,7.4,-24.87
2181,-89.57,-6.96,10.18,-7.97
2182,-58.46,94.08,7.57,-22.88
2183,-9.13,78.43,12.52,-9.62
2184,-131.58,-87.4,11.18,-14.81
2185,87.88,21.0,0.15,-21.95
2186,9.02,-28.34,5.19,-20.12
2187,64.09,40.48,1.41,-23.56
2188,-78.61,28.21,8.34,-21.98
2189,-96.94,35.64,8.31,-16.96
2190,3.46,4.94,7.6,-18.11
2191,-46.49,139.99,16.92,2.09
2192,113.75,-25.8,-6.08,-32.84
2193,-18.52,2.94,2.91,-26.98
2194,-101.23,-76.77,24.46,0.12
2195,40.12,88.78,-4.03,-31.0
2196,-3.85,20.57,1.57,-31.16
2197,10.96,121.38,7.01,-9.72
2198,-88.05,5.97,11.74,-13.78
2199,-51.92,-10.18,12.03,-15.33
2200,55.11,-43.45,-1.22,-27.19
2201,-3.37,10.58,4.94,-28.41
2202,-132.6,-20.17,10.53,-16.73
2203,43.7,174.04,12.11,-11.12
2204,-64.97,-120.52,12.58,-7.19
2205,96.65,14.55,-5.82,-37.36
2206,-84.9,2.77,8.97,-10.13
2207,15.54,29.8,7.27,-22.07
2208,98.32,89.94,10.69,-23.93
2209,-81.93,-34.14,12.01,-12.16
2210,55.08,115.58,10.7,-3.37
2211,-114.04,-122.15,0.13,-24.78
2212,-86.75,69.62,11.45,-13.41
2213,-28.27,62.68,6.74,-16.93
2214,67.92,0.3,9.36,-16.4
2215,-32.45,-5.69,1.25,-26.79
2216,-55.06,29.71,14.65,-4.65
2217,0.48,27.99,1.89,-27.86
2218,73.08,-19.47,5.34,-24.12
2219,-23.69,8.11,1.07,-30.22
2220,17.14,47.09,6.2,-18.72
2221,-113.7,31.21,16.34,-5.43
2222,87.08,69.84,5.46,-19.4
2223,-81.15,-36.77,8.06,-16.79
2224,-55.31,12.69,10.28,-13.13
2225,-17.02,34.91,4.42,-19.19
2226,41.25,22.56,-0.12,-29.29
2227,-80.5,-25.86,14.31,-7.4
2228,-16.54,87.87,18.8,-2.21
2229,39.2,-13.91,-3.26,-32.11
2230,-46.39,57.27,0.69,-26.56
2231,50.13,18.74,9.69,-23.25
2232,4.97,-0.38,8.53,-23.66
2233,-112.69,-14.16,28.68,6.74
2234,-82.52,147.53,12.46,-10.25
2235,15.64,-25.8,6.24,-18.86
2236,95.8,-84.48,-2.69,-45.23
2237,-9.69,69.28,8.81,-22.65
2238,-1.16,68.95,9.15,-14.71
2239,-8.02,-2.65,-0.87,-24.38
2240,-51.13,73.95,7.0,-13.48
2241,-117.74,0.51,22.23,2.17
2242,20.64,-17.23,4.96,-23.0
2243,67.58,-58.25,4.81,-24.46
2244,20.11,92.75,10.54,-17.06
2245,-150.56,60.57,15.14,-8.72
2246,26.72,-8.96,5.31,-22.31
2247,3.39,13.22,15.61,-5.85
2248,8.19,-14.62,14.19,-17.32
2249,-20.57,137.81,9.6,-18.9
2250,31.93,25.42,4.97,-18.04
2251,-145.31,9.79,17.94,-11.36
2252,68.24,-25.78,-1.1,-30.77
2253,-16.31,-41.08,2.54,-22.43
2254,-140.04,97.46,10.83,-9.38
2255,26.47,3.93,-0.17,-27.03
2256,114.31,-85.55,15.38,-10.75
2257,-55.03,49.91,8.47,-20.96
2258,9.58,-63.78,7.27,-16.71
2259,-46.07,147.34,9.65,-11.71
2260,41.05,-34.62,3.97,-28.28
2261,-116.19,88.65,16.78,-7.72
2262,76.96,47.39,10.74,-7.91
2263,-80.26,2.63,3.51,-28.19
2264,-111.45,67.51,12.74,-16.8
2265,142.64,40.21,6.28,-9.35
2266,-41.35,-90.57,7.41,-17.35
2267,-43.32,-25.48,9.63,-18.05
2268,-14.34,22.8,12.22,-13.97
2269,33.58,89.94,10.93,-13.11
2270,-120.06,104.17,8.64,-13.91
2271,61.6,-96.99,-0.23,-28.1
2272,37.69,-47.36,7.16,-16.24
2273,15.6,152.75,13.66,-13.42
2274,-98.05,46.56,15.73,-7.02
2275,-0.96,61.27,9.33,-22.13
2276,-100.04,-113.29,10.28,-19.76
2277,57.14,-12.91,12.29,-14.25
2278,-17.19,75.9,6.78,-21.17
2279,-32.48,-31.62,21.26,-3.1
2280,27.91,60.79,3.45,-21.9
2281,-27.89,41.25,2.96,-24.78
2282,-64.52,-22.28,14.47,-12.29
2283,-80.45,89.99,6.94,-21.51
2284,145.34,127.86,17.27,-14.01
2285,5.6,-131.76,1.26,-26.25
2286,0.59,87.79,8.09,-11.08
2287,-16.35,-8.58,15.34,-14.71
2288,-37.9,37.01,12.22,-7.29
2289,-38.71,-41.31,2.83,-29.94
2290,35.61,15.93,0.9,-34.15
2291,8.15,-11.17,10.49,-9.11
2292,-65.63,26.89,11.1,-15.27
2293,-163.63,4.82,7.48,-21.7
2294,76.77,23.57,6.71,-20.99
2295,27.15,60.11,7.59,-19.06
2296,19.36,84.19,16.05,-3.35
2297,2.55,68.57,2.83,-23.77
2298,-12.89,-77.33,6.61,-21.37
2299,10.21,29.22,19.12,-5.7
2300,-59.27,38.02,14.45,-14.25
2301,-67.26,105.31,21.31,2.01
2302,35.89,-54.41,-3.1,-44.88
2303,-79.65,-42.38,8.88,-25.32
2304,63.32,10.92,12.67,-15.71
2305,-3.18,17.83,5.85,-19.58
2306,-140.35,29.0,7.02,-21.62
2307,-19.04,30.84,26.6,5.17
2308,66.49,93.97,3.26,-19.23
2309,87.37,198.89,-2.43,-32.83
2310,-25.66,-222.19,5.71,-22.01
2311,-65.07,20.91,9.11,-15.39
2312,-16.11,-28.72,8.79,-32.04
2313,-46.78,-12.09,9.6,-23.93
2314,-10.51,40.72,12.76,-7.77
2315,-154.61,51.42,7.98,-16.01
2316,97.05,24.96,6.16,-23.21
2317,34.98,96.93,10.37,-18.82
2318,-44.5,46.31,11.41,-17.35
2319,2.39,-100.41,13.51,-17.46
2320,4.59,27.1,-0.9,-24.88
2321,16.37,-25.94,2.78,-24.99
2322,-4.0,146.83,19.11,-7.64
2323,-83.67,-92.31,6.34,-28.15
2324,-130.52,-124.0,4.09,-19.5
2325,40.73,160.74,12.38,-8.63
2326,55.86,-50.92,5.7,-17.47
2327,-62.91,50.74,5.8,-18.41
2328,133.82,78.39,2.92,-29.81
2329,-72.28,-43.15,10.86,-14.84
2330,16.07,21.04,10.89,-17.65
2331,35.92,58.09,7.88,-21.83
2332,-73.17,-43.11,5.33,-25.01
2333,-126.66,-0.02,8.01,-13.81
2334,-1.92,-25.41,8.44,-15.59
2335,114.43,30.54,6.34,-23.08
2336,-137.42,20.75,15.5,-10.95
2337,102.08,5.1,1.44,-25.95
2338,35.79,159.04,11.35,-15.85
2339,-83.67,-119.63,13.67,-2.41
2340,19.57,17.15,-7.49,-40.5
2341,13.88,38.69,8.13,-12.56
2342,-105.8,-44.69,1.88,-30.24
2343,-111.13,102.38,10.65,-16.48
2344,81.94,-11.57,1.11,-29.78
2345,-77.49,-74.51,7.75,-18.38
2346,110.48,144.89,6.48,-23.33
2347,9.43,-95.69,5.44,-30.19
2348,-46.97,28.73,13.52,-17.18
2349,-12.15,142.99,20.27,-2.32
2350,40.89,-152.62,-3.33,-40.82
2351,-42.34,62.21,11.64,-15.06
2352,-76.48,-20.77,12.64,-12.82
2353,45.4,37.24,5.04,-18.23
2354,-103.81,101.28,13.46,-16.8
2355,107.38,53.32,3.87,-24.53
2356,33.03,-61.38,7.91,-22.22
2357,-158.72,7.65,20.95,-10.95
2358,48.52,38.17,25.04,-0.18
2359,50.3,22.3,-14.13,-47.61
2360,-47.64,91.84,10.18,-16.35
2361,-14.16,-76.83,7.23,-18.22
2362,28.89,-59.83,1.43,-28.42
2363,18.08,79.2,10.27,-16.18
2364,-97.26,-51.63,24.52,-3.3
2365,-17.19,46.36,-0.69,-32.99
2366,132.96,5.51,5.81,-20.08
2367,-128.8,134.89,18.76,-4.59
2368,78.14,-80.6,-0.1,-42.04
2369,-83.61,-23.18,17.43,-8.73
2370,-64.64,-18.09,12.65,-19.4
2371,-33.56,126.83,-1.15,-22.73
2372,54.78,-81.22,14.59,-16.42
2373,-17.93,55.08,4.63,-23.94
2374,-18.5,47.38,9.45,-15.13
2375,13.31,9.1,7.31,-24.33
2376,-38.55,1.36,13.38,-12.85
2377,-65.66,52.7,23.22,-4.59
2378,63.37,-82.3,9.54,-17.93
2379,-59.76,106.04,18.94,-12.86
2380,-144.59,67.96,15.71,-6.4
2381,213.12,-118.19,7.97,-37.11
2382,-146.87,10.18,26.62,-12.23
2383,22.04,-42.16,-2.6,-22.79
2384,70.36,75.49,2.26,-2.56
2385,-56.38,8.81,8.63,-21.69
2386,8.25,108.2,11.92,-20.46
2387,-50.59,-22.05,2.91,-54.18
2388,2.34,81.92,7.17,15.02
2389,-113.73,-63.05,9.26,-38.18
2390,-28.55,-23.2,14.74,-4.06
2391,60.0,-10.93,10.78,-11.97
2392,127.34,-11.39,4.23,-33.94
2393,-190.12,100.88,13.17,-8.85
2394,35.37,22.77,1.13,-22.66
2395,53.16,44.21,14.0,-20.96
2396,-76.45,-47.42,4.12,-17.75
2397,-162.94,36.0,22.36,-2.22
2398,95.66,0.71,5.1,-22.73
2399,-5.43,33.08,2.03,-25.0
2400,14.7,129.69,24.95,26.29
2401,7.66,-42.62,-4.53,-44.32
2402,-10.24,46.78,0.32,-29.16
2403,-41.66,-46.98,13.67,-12.43
2404,-38.47,-1.84,21.07,-4.99
2405,-16.37,107.65,3.95,-25.61
2406,29.14,15.72,3.58,-13.13
2407,92.82,247.12,10.69,-8.74
2408,-46.45,-6.32,3.62,-10.04
2409,-140.0,-107.54,4.82,-51.84
2410,117.45,-28.47,4.33,-33.22
2411,-113.38,23.16,16.39,-8.1
2412,-6.05,34.26,19.49,-14.8
2413,-99.75,-37.37,-3.58,-33.6
2414,48.0,160.01,8.31,-23.96
2415,2.32,-4.33,11.34,-6.9
2416,32.63,192.64,18.06,-4.43
2417,-109.01,-173.32,0.96,-32.02
2418,-51.56,98.54,21.89,-4.42
2419,72.01,51.69,4.37,-29.85
2420,-10.55,2.4,5.19,-24.26
2421,-62.04,-48.81,12.57,-14.06
2422,47.31,26.75,1.45,-33.42
2423,-52.99,24.49,14.45,-7.31
2424,-126.97,145.62,36.14,20.16
2425,53.89,-63.57,-7.3,-41.88
2426,-21.97,26.47,7.1,-22.13
2427,-0.53,90.18,4.55,-29.3
2428,75.57,-28.26,13.1,-7.38
2429,-42.07,38.47,34.05,20.44
2430,-113.43,-44.17,7.46,-21.74
2431,121.72,88.72,1.03,-38.63
2432,-87.06,1.88,13.4,-21.59
2433,-63.04,45.15,7.74,-23.09
2434,18.58,-13.47,2.97,-19.45
2435,-121.61,113.33,12.48,-18.33
2436,-27.64,19.22,11.13,-16.49
2437,77.24,-72.05,9.84,-25.74
2438,86.42,-12.77,10.55,-26.57
2439,-91.15,51.03,23.27,-3.15
2440,18.77,-8.69,9.63,-26.36
2441,2.47,102.16,12.1,-21.71
2442,42.79,55.42,15.27,-8.92
2443,-123.84,-32.09,11.03,-21.15
2444,-25.48,81.43,7.07,-18.88
2445,-99.49,-82.69,8.15,-24.63
2446,10.64,43.31,4.27,-18.49
2447,31.07,118.72,19.99,-0.16
2448,-16.02,-91.56,-0.7,-27.97
2449,55.8,42.74,-2.95,-37.77
2450,20.21,-48.14,4.4,-30.97
2451,-74.17,149.64,13.51,-0.78
2452,-102.71,23.54,20.31,-2.38
2453,56.45,-50.75,-0.25,-36.35
2454,103.28,105.47,6.66,-27.58
2455,-162.05,-100.18,18.87,-7.07
2456,30.26,51.59,5.49,-20.88
2457,-36.62,-23.77,1.39,-25.94
2458,-23.0,26.92,16.8,-20.7
2459,-19.4,-14.11,0.84,-17.43
2460,71.96,151.88,5.59,-18.82
2461,-51.54,-75.76,8.18,-21.57
2462,-5.5,110.86,9.46,-19.61
2463,-144.2,93.99,14.0,-3.27
2464,79.81,69.96,16.92,1.54
2465,-44.0,-141.53,1.32,-40.16
2466,37.49,-31.5,8.63,-25.08
2467,-10.35,49.11,10.67,-12.83
2468,-60.59,-29.88,10.67,-25.31
2469,-6.43,91.02,-1.56,-34.71
2470,-22.97,-23.61,12.04,-18.85
2471,-66.49,76.33,14.94,-12.55
2472,43.9,358.38,11.31,-12.88
2473,-88.49,-310.55,6.1,-30.99
2474,128.44,-6.18,11.07,-16.19
2475,-131.9,26.17,14.67,-17.73
2476,-0.96,87.42,7.08,-22.47
2477,66.22,13.11,7.25,-19.78
2478,-140.57,-90.18,6.58,-19.66
2479,106.54,32.05,4.28,-27.11
2480,-57.13,62.08,15.3,-14.73
2481,-16.13,113.18,6.81,-24.44
2482,-1.6,59.48,10.15,-15.12
2483,12.08,116.18,9.67,-12.75
2484,-38.29,-141.81,2.3,-56.15
2485,-15.58,-10.54,2.63,-17.58
2486,-77.66,-16.65,12.97,-10.1
2487,13.42,85.32,10.92,-16.93
2488,-75.33,-79.78,25.58,2.43
2489,-36.54,195.76,11.52,-6.2
2490,86.32,12.25,-5.26,-41.99
2491,39.03,-17.53,-3.5,-33.37
2492,-52.3,0.78,9.09,-20.41
2493,3.9,-9.28,9.38,-16.99
2494,47.64,91.96,8.52,-13.96
2495,-89.79,1.62,10.45,-12.66
2496,-49.44,-20.77,5.84,-21.5
2497,-97.57,-47.04,14.32,-9.38
2498,-0.05,-19.2,9.76,-13.28
2499,123.99,107.88,-1.04,-27.64
2500,0.79,54.81,9.17,-14.82
2501,27.35,10.54,0.35,-22.54
2502,-63.59,62.8,6.59,-17.0
2503,-75.0,-44.05,23.14,0.12
2504,7.11,-33.67,7.27,-31.55
2505,-73.05,78.66,8.97,-14.12
2506,40.73,0.37,-2.44,-23.34
2507,27.46,23.59,10.65,-11.71
2508,-91.87,-20.11,11.93,-12.47
2509,-73.79,23.75,5.52,-20.75
2510,20.68,47.59,6.3,-17.77
2511,6.56,9.72,6.49,-30.65
2512,66.18,-30.63,10.23,-13.88
2513,21.02,26.99,6.48,-21.46
2514,-30.39,-35.84,12.81,-12.37
2515,-71.73,68.1,4.83,-18.17
2516,-2.13,-47.65,11.07,-12.57
2517,-196.14,78.33,21.11,5.06
2518,126.67,29.74,-5.38,-37.41
2519,32.05,20.32,2.82,-25.71
2520,-88.13,-17.0,15.47,-13.8
2521,-62.24,-16.47,12.03,-8.69
2522,111.05,-2.57,1.18,-29.52
2523,3.83,76.11,9.99,-17.01
2524,-33.54,-31.49,4.9,-20.44
2525,-34.92,11.02,9.73,-12.12
2526,24.29,-56.75,8.86,-17.95
2527,-67.2,126.03,6.0,-17.22
2528,29.31,-98.88,0.35,-24.7
2529,-38.66,89.09,20.68,-1.23
2530,27.27,23.29,-0.15,-30.66
2531,-40.13,-48.21,5.93,-28.26
2532,-53.93,-8.88,7.87,-19.7
2533,-54.31,191.25,22.95,10.33
2534,81.86,-119.03,0.12,-29.89
2535,-73.5,-34.01,8.35,-16.44
2536,21.93,80.92,16.31,3.03
2537,-29.63,18.07,4.75,-19.42
2538,-36.11,-15.12,8.32,-13.96
2539,-14.24,85.01,4.1,-19.89
2540,57.95,-14.94,0.92,-19.42
2541,-22.42,-24.04,6.91,-14.1
2542,-45.18,-9.35,8.58,-16.55
2543,-226.43,-26.58,19.23,-9.17
2544,166.37,48.49,1.48,-23.43
2545,47.99,54.94,3.25,-25.1
2546,21.83,40.79,13.54,-11.92
2547,-123.39,-106.48,23.51,-1.7
2548,41.69,78.96,-5.54,-46.52
2549,-92.6,0.69,14.87,-11.75
2550,-50.32,13.78,7.31,-23.24
2551,82.2,96.4,3.49,-25.03
2552,-2.65,26.46,18.52,-11.2
2553,-19.19,-20.96,11.95,-13.69
2554,-40.45,21.65,4.68,-27.27
2555,-77.98,30.32,7.2,-13.81
2556,-4.19,-7.85,13.07,-14.34
2557,12.78,15.29,15.91,-8.23
2558,8.73,-2.19,13.43,-11.71
2559,20.72,75.55,-0.12,-32.36
2560,-67.57,83.85,20.6,4.14
2561,-98.23,-37.98,6.22,-22.82
2562,61.78,62.57,0.77,-29.47
2563,-0.17,-55.5,3.52,-26.14
2564,-4.09,38.87,9.33,-16.88
2565,-32.18,-29.58,14.99,-10.32
2566,17.11,31.24,3.95,-23.6
2567,-23.91,28.88,8.46,-16.12
2568,-30.93,-33.37,6.18,-16.08
2569,27.07,-8.72,13.72,-6.49
2570,-41.63,38.21,14.62,-13.03
2571,3.62,61.22,6.47,-19.96
2572,-50.89,-14.85,15.6,-12.76
2573,11.28,44.04,3.39,-23.54
2574,-78.81,198.3,18.43,-4.04
2575,12.59,-207.49,4.35,-30.29
2576,47.91,42.4,13.7,-13.58
2577,-129.39,-38.29,16.75,-10.59
2578,144.76,137.23,11.05,-16.12
2579,-53.0,-75.9,7.63,-24.98
2580,-31.7,34.98,3.86,-25.9
2581,-30.07,57.35,16.95,-7.99
2582,-9.41,-0.78,17.29,-12.1
2583,-19.74,52.49,5.22,-24.94
2584,-15.04,-107.38,12.78,-12.61
2585,-77.41,89.19,9.9,-22.21
2586,21.71,60.14,17.23,-7.82
2587,48.48,73.53,-0.13,-30.59
2588,-37.59,-45.82,7.54,-21.24
2589,-40.84,-60.1,14.51,-6.26
2590,30.51,104.78,2.91,-24.27
2591,16.01,-18.51,14.03,-20.33
2592,-30.98,39.39,14.03,-13.07
2593,-79.76,-42.01,17.76,-17.36
2594,-93.42,-40.18,21.23,-5.0
2595,42.57,150.21,16.16,-15.69
2596,6.64,34.94,0.65,-27.95
2597,4.87,-34.03,7.68,-19.37
2598,44.56,191.91,13.88,-5.62
2599,-94.96,-80.51,4.14,-21.66
2600,-0.96,71.5,8.66,-16.64
2601,-51.84,-66.69,12.33,-14.56
2602,75.82,-22.68,7.62,-19.8
2603,12.58,2.55,2.92,-27.77
2604,-134.2,22.28,7.95,-14.14
2605,-57.93,65.23,10.46,-5.9
2606,70.96,24.56,-1.2,-25.29
2607,-43.36,-44.09,13.27,-9.34
2608,53.13,130.83,19.61,8.92
2609,-51.13,-54.45,-6.24,-42.78
2610,-17.46,60.38,10.68,-20.53
2611,-46.48,171.26,12.61,-5.83
2612,3.41,-120.51,6.31,-25.04
2613,6.65,-32.72,9.89,-21.52
2614,1.54,-14.95,13.09,-13.11
2615,-28.71,92.29,5.46,-22.47
2616,-46.99,-3.18,21.26,1.61
2617,31.12,10.68,-2.1,-33.29
2618,-32.19,16.65,12.2,-8.63
2619,39.6,31.19,10.65,-18.65
2620,-72.55,42.83,7.48,-17.02
2621,-62.32,-21.09,22.46,-3.41
2622,-78.84,9.21,13.35,-19.04
2623,124.89,35.93,-0.83,-28.45
2624,18.23,32.06,8.32,-22.77
2625,-58.57,73.11,18.79,-11.43
2626,-25.65,52.47,13.66,-14.62
2627,-9.11,-53.52,15.03,-19.06
2628,-43.06,46.53,11.02,-17.12
2629,50.0,21.6,15.41,-6.41
2630,-64.68,-57.53,21.81,-9.17
2631,17.75,34.6,-2.78,-31.41
2632,-59.23,49.05,4.02,-26.3
2633,-170.68,9.31,25.9,6.5
2634,107.38,98.52,1.17,-28.49
2635,37.77,36.52,7.3,-20.56
2636,36.24,-110.15,6.11,-22.78
2637,73.29,196.64,16.62,-4.64
2638,-73.21,-57.54,13.62,-10.94
2639,-154.63,9.87,21.05,-5.7
2640,38.66,40.78,8.05,-23.95
2641,-45.41,0.74,12.79,-13.93
2642,60.12,38.15,6.51,-22.99
2643,-38.59,-2.06,16.2,-7.68
2644,-25.55,54.93,13.0,-9.34
2645,-169.35,-9.11,12.65,-15.35
2646,146.22,23.86,2.95,-21.99
2647,71.8,112.17,8.0,-15.45
2648,-97.61,-34.99,3.04,-19.38
2649,-7.57,-100.43,2.26,-23.71
2650,9.21,92.76,16.52,-3.56
2651,-6.09,-18.43,1.44,-24.37
2652,-46.81,85.59,8.44,-15.86
2653,-61.38,-4.53,6.14,-20.0
2654,-2.09,45.5,7.75,-20.81
2655,7.93,110.69,14.28,-7.76
2656,-116.37,-32.3,20.16,-7.08
2657,118.12,-49.42,9.84,-18.47
2658,71.1,22.07,5.14,-23.68
2659,-31.78,57.16,10.37,-11.15
2660,-71.14,-37.37,14.65,-17.93
2661,33.72,-2.0,4.16,-26.5
2662,-47.17,76.2,13.27,-13.82
2663,-61.12,-40.37,17.18,-12.89
2664,-16.27,59.7,7.02,-22.97
2665,33.69,53.19,7.97,-18.36
2666,92.33,34.02,17.0,-9.7
2667,-190.53,-53.77,15.72,-10.08
2668,-77.64,39.23,18.19,-1.77
2669,85.9,-33.55,-0.33,-30.84
2670,64.65,0.77,-1.01,-27.04
2671,-62.3,160.05,9.62,-9.61
2672,-57.5,-55.49,12.2,-13.67
2673,-18.09,23.28,8.98,-23.32
2674,77.52,20.3,3.54,-24.64
2675,-15.84,-3.74,14.59,-10.14
2676,49.39,26.59,16.07,-8.74
2677,-118.79,12.41,8.41,-24.56
2678,-46.44,176.68,12.98,-5.15
2679,13.85,-58.57,7.07,-18.05
2680,-48.47,-65.87,17.94,-3.23
2681,91.46,-18.11,9.43,-20.0
2682,9.47,8.98,0.17,-28.05
2683,-31.66,96.99,11.02,-13.95
2684,-124.15,-61.99,17.23,-5.55
2685,84.76,61.07,4.16,-29.69
2686,-10.44,-20.36,6.91,-21.56
2687,-92.33,-37.65,19.82,-1.58
2688,-43.36,4.59,11.02,-6.28
2689,-81.98,72.82,2.87,-22.0
2690,154.56,67.7,11.16,-15.07
2691,44.33,-17.15,9.87,-14.98
2692,-81.44,38.97,9.4,-12.61
2693,26.85,99.97,1.14,-22.76
2694,-32.64,-13.7,8.6,-15.1
2695,0.56,3.34,9.05,-14.26
2696,6.53,73.09,4.73,-18.68
2697,-50.34,-60.88,11.16,-13.61
2698,-114.07,49.14,14.05,-12.42
2699,57.46,-6.61,6.13,-21.36
2700,32.71,-25.38,7.2,-15.69
2701,-10.85,55.41,5.4,-22.59
2702,0.33,84.62,6.62,-17.42
2703,-125.46,-138.93,23.85,4.5
2704,-58.6,86.17,8.94,-21.02
2705,111.84,19.6,0.95,-24.36
2706,-14.88,32.53,6.77,-20.69
2707,41.36,24.26,8.34,-22.8
2708,-67.62,40.74,22.65,-3.93
2709,18.13,69.57,12.82,-5.9
2710,-56.51,16.92,1.75,-21.5
2711,-56.68,-64.9,9.44,-16.48
2712,43.98,42.66,9.35,-18.7
2713,-64.53,-12.3,8.26,-22.49
2714,-40.2,39.07,2.79,-23.77
2715,24.83,-12.37,12.21,-12.99
2716,57.99,45.21,7.27,-20.97
2717,-35.17,88.68,10.9,-15.67
2718,50.87,8.22,13.46,-10.6
2719,-2.4,-15.1,5.87,-19.48
2720,-28.78,28.61,5.03,-25.7
2721,-71.72,-35.26,5.02,-23.9
2722,30.18,15.58,18.35,-4.2
2723,-91.89,30.82,6.66,-20.36
2724,25.74,22.99,9.83,-13.82
2725,-156.87,-11.44,11.13,-14.99
2726,88.59,151.11,9.61,-11.03
2727,81.37,-121.81,0.56,-30.32
2728,21.55,6.69,8.94,-24.24
2729,-63.25,72.64,11.03,-16.91
2730,59.89,30.62,17.88,-4.24
2731,-35.73,-53.69,7.89,-16.31
2732,-75.37,14.88,7.71,-14.36
2733,-11.64,48.33,12.61,-15.73
2734,46.27,33.84,11.1,-14.16
2735,-101.74,11.34,7.61,-21.77
2736,-72.34,-68.54,18.27,-7.07
2737,12.6,0.23,14.58,-14.78
2738,-77.85,-22.13,10.78,-17.99
2739,52.82,22.3,7.86,-15.83
2740,102.47,111.45,6.47,-18.73
2741,2.46,-51.01,1.86,-27.17
2742,34.59,90.22,6.4,-18.68
2743,-10.09,113.14,15.28,-5.53
2744,-53.68,-160.15,9.98,-22.7
2745,-31.94,122.55,7.99,-21.79
2746,-97.98,-72.1,10.82,-15.69
2747,-29.65,93.69,14.74,-10.74
2748,33.42,79.19,19.07,-7.98
2749,29.43,-73.28,19.31,-10.87
2750,24.09,21.37,-5.37,-37.77
2751,-41.9,-14.55,13.37,-15.93
2752,-13.55,76.85,11.12,-11.12
2753,21.76,54.91,6.63,-19.52
2754,-57.47,-23.86,9.17,-16.26
2755,-42.14,26.78,13.49,-8.13
2756,-29.55,39.19,8.74,-12.9
2757,26.42,-91.54,9.53,-16.03
2758,-60.17,81.02,14.59,-7.59
2759,54.19,-10.83,10.47,-15.71
2760,6.48,117.59,16.73,-11.0
2761,-113.55,-62.96,15.31,-10.03
2762,51.92,6.09,0.02,-28.45
2763,-7.41,-12.46,4.91,-19.49
2764,71.32,247.69,9.12,-14.01
2765,-92.87,-22.33,11.15,-15.74
2766,6.54,-43.8,15.65,-9.32
2767,-14.18,-24.15,5.14,-26.83
2768,-94.0,54.0,14.34,-15.19
2769,-119.26,-36.62,13.2,-11.29
2770,158.45,11.26,12.63,-18.04
2771,0.07,9.67,14.17,-15.47
2772,-25.43,52.78,6.2,-23.14
2773,59.37,34.21,4.01,-24.02
2774,-59.73,23.96,3.77,-22.35
2775,43.01,59.51,16.65,-2.45
2776,-48.84,-44.7,6.75,-27.17
2777,-30.65,40.55,7.45,-23.93
2778,-133.91,65.57,17.82,-5.32
2779,28.91,-12.86,6.16,-19.65
2780,89.05,30.5,-0.48,-28.81
2781,-39.44,7.21,10.76,-15.18
2782,-35.22,20.59,4.18,-15.01
2783,62.42,23.28,9.8,-14.02
2784,-50.23,-39.9,14.62,-8.16
2785,28.0,31.26,6.9,-23.84
2786,-60.74,51.64,8.89,-18.53
2787,-44.02,-26.34,10.0,-18.38
2788,65.91,237.56,16.75,-10.05
2789,-89.39,-86.0,14.48,-14.88
2790,-94.79,-123.73,9.62,-16.13
2791,57.16,55.46,2.82,-22.75
2792,21.18,0.4,8.26,-19.08
2793,-23.54,-13.79,12.98,-16.06
2794,46.96,39.39,12.0,-13.63
2795,-41.43,-44.36,12.97,-17.99
2796,8.42,-19.27,8.45,-20.23
2797,-15.11,85.99,9.19,-12.45
2798,-36.2,5.63,9.33,-19.83
2799,-26.88,-9.41,21.18,-5.35
2800,19.54,19.69,-1.28,-33.1
2801,-52.91,50.95,17.22,-7.08
2802,25.66,143.41,12.52,-10.84
2803,0.22,-88.67,-0.33,-28.14
2804,-62.13,44.44,16.75,-12.52
2805,0.14,-36.35,8.17,-21.44
2806,64.34,-5.84,4.09,-26.76
2807,-66.99,-72.95,14.8,-14.41
2808,16.57,51.25,5.71,-27.66
2809,-8.31,60.66,3.01,-20.6
2810,1.23,-1.14,10.45,-16.63
2811,3.96,46.26,8.75,-15.94
2812,-61.07,61.2,5.39,-16.84
2813,-34.63,8.48,11.85,-10.0
2814,-58.66,-14.85,5.67,-19.8
2815,48.78,4.27,4.86,-25.04
2816,7.03,42.85,13.43,-5.84
2817,0.83,-34.49,-2.14,-27.62
2818,21.61,51.75,-0.17,-25.13
2819,-16.56,-5.24,3.91,-18.91
2820,-14.06,25.63,5.24,-24.54
2821,-49.09,18.86,13.64,-11.11
2822,-109.98,95.59,10.66,-7.87
2823,97.64,5.8,3.23,-17.63
2824,-13.66,-31.58,4.97,-24.23
2825,-31.1,-16.11,6.78,-21.01
2826,-55.66,-43.42,7.66,-19.95
2827,-12.27,-6.74,9.39,-18.94
2828,0.15,29.76,10.15,-18.39
2829,-11.61,-22.63,19.39,-2.57
2830,23.22,133.06,5.42,-24.08
2831,-36.68,76.95,6.61,-21.29
2832,-10.12,-88.16,23.19,6.72
2833,-8.19,-44.25,0.25,-30.27
2834,-203.21,134.71,13.89,-11.44
2835,107.1,36.91,8.11,-14.17
2836,29.22,-78.21,4.16,-23.14
2837,10.46,21.45,6.58,-28.44
2838,-138.06,-37.54,23.21,-9.04
2839,11.49,45.85,11.8,-17.09
2840,120.08,94.42,-1.26,-33.83
2841,40.94,25.15,6.94,-24.55
2842,-64.15,20.2,8.87,-21.42
2843,-23.89,-12.58,13.5,-13.61
2844,-27.01,-21.75,8.67,-19.6
2845,-51.46,-34.81,17.49,-11.1
2846,-75.8,69.57,16.6,-6.44
2847,-1.75,-10.48,-4.21,-34.5
2848,34.8,-4.14,9.82,-25.29
2849,15.78,87.21,9.54,-19.2
2850,-47.15,-59.03,11.05,-22.58
2851,-10.9,21.03,13.0,-22.37
2852,-161.52,87.67,12.41,-12.24
2853,18.38,-63.2,12.95,-12.52
2854,117.97,231.9,5.93,-23.52
2855,75.58,-35.77,9.64,-21.24
2856,-66.5,-86.61,7.98,-22.7
2857,-59.24,-45.24,12.19,-21.15
2858,-169.87,-38.36,9.93,-13.68
2859,90.76,106.33,15.77,-6.53
2860,20.76,59.29,7.15,-24.17
2861,-44.42,-104.75,4.2,-24.34
2862,90.94,43.36,9.27,-16.13
2863,-68.02,154.1,9.29,-9.2
2864,30.54,13.06,15.34,-18.47
2865,-49.76,-1.88,17.96,-11.6
2866,-39.05,-93.55,7.67,-22.62
2867,1.41,40.22,4.53,-24.73
2868,-165.89,20.73,17.47,-5.34
2869,239.45,117.03,1.82,-26.49
2870,-46.21,-1.95,6.19,-16.62
2871,35.27,123.02,10.25,-9.36
2872,-175.86,-149.15,13.89,-6.52
2873,-1.92,27.87,3.88,-20.22
2874,143.91,76.5,1.83,-15.07
2875,-98.35,29.36,7.24,-18.18
2876,-251.99,-79.21,11.95,-9.82
2877,235.87,119.98,-1.61,-26.54
2878,2.05,210.09,28.69,20.14
2879,9.25,-169.19,-2.71,-28.95
2880,56.05,113.33,-0.4,-22.22
2881,2.64,-1.28,1.39,-22.69
2882,-95.53,-25.94,12.08,-17.17
2883,1.01,-9.74,2.73,-14.86
2884,-64.81,7.88,6.48,-19.02
2885,-7.09,27.13,16.06,-4.54
2886,31.81,75.96,7.16,-17.13
2887,-11.03,15.51,1.58,-18.86
2888,-15.14,-5.99,6.96,-17.08
2889,-69.34,-23.37,8.73,-10.24
2890,-101.72,40.24,23.38,2.73
2891,89.09,88.66,7.71,-7.44
2892,-89.72,97.03,5.45,-5.9
2893,120.31,-105.35,7.09,-24.85
2894,-69.61,4.55,2.89,-19.8
2895,65.83,23.19,1.53,-19.19
2896,-35.44,22.99,8.39,-15.13
2897,-74.87,1.6,9.23,-16.62
2898,28.52,42.84,7.85,-14.23
2899,38.11,99.26,7.85,-10.08
2900,-9.45,-60.0,10.6,-13.82
2901,-91.84,56.87,15.74,-0.69
2902,3.18,-20.64,1.68,-29.39
2903,54.31,19.89,0.4,-29.46
2904,-12.91,-26.88,2.46,-27.0
2905,-27.2,-8.65,6.95,-19.72
2906,-85.82,62.42,12.21,-5.36
2907,5.54,31.19,8.38,-16.42
2908,-15.1,12.71,11.63,-13.7
2909,6.76,128.4,16.35,-1.19
2910,-123.22,-35.49,-0.36,-35.74
2911,81.86,81.71,5.17,-16.18
2912,-50.77,-54.17,10.91,-12.98
2913,-39.45,-8.35,3.64,-23.25
2914,69.03,-7.2,9.55,-13.37
2915,6.48,90.33,6.89,-18.67
2916,25.26,-14.02,3.16,-21.34
2917,-51.51,145.46,15.51,-6.39
2918,-21.08,-59.07,9.48,-14.3
2919,17.01,47.11,10.48,-18.96
2920,-220.47,-33.69,19.97,-11.68
2921,16.55,2.17,4.4,-23.79
2922,143.96,84.32,2.91,-24.14
2923,-66.63,50.42,4.8,-18.54
2924,42.0,40.77,10.19,-13.29
2925,-6.42,-9.55,5.49,-27.19
2926,1.88,-5.54,9.63,-12.22
2927,-53.13,9.69,6.0,-19.82
2928,26.27,17.95,6.9,-21.45
2929,-38.88,146.73,14.7,-13.71
2930,-33.64,-18.48,10.19,-22.2
2931,-70.53,70.33,11.91,-18.79
2932,-17.68,37.41,14.76,-8.31
2933,3.93,-55.21,5.63,-27.31
2934,38.13,38.97,8.92,-15.49
2935,20.89,215.72,10.34,-14.51
2936,-6.58,-54.72,5.65,-20.67
2937,-195.96,-166.67,23.64,-2.46
2938,56.68,34.88,12.58,-14.62
2939,21.8,110.41,2.4,-26.25
2940,-112.84,161.86,14.74,-6.96
2941,112.82,-113.18,15.43,-15.07
2942,-56.47,-19.28,17.54,-10.42
2943,23.36,49.19,2.12,-28.93
2944,-37.8,93.39,14.4,-12.15
2945,-22.73,-21.4,12.25,-20.91
2946,28.82,136.63,9.66,-19.68
2947,-56.45,-14.08,11.74,-7.63
2948,-90.45,-9.85,3.5,-27.31
2949,79.38,59.27,7.1,-19.24
2950,-88.27,94.73,14.25,-8.81
2951,-26.95,-63.23,12.6,-6.86
2952,47.63,-1.5,3.19,-26.83
2953,8.51,21.09,9.19,-19.38
2954,-28.36,48.79,9.38,-17.68
2955,-16.98,62.2,26.29,6.22
2956,-146.0,-31.43,12.39,-7.2
2957,78.02,0.46,5.16,-33.61
2958,42.79,129.69,2.63,-26.38
2959,-158.94,-23.65,9.86,-10.63
2960,79.82,4.72,17.1,-7.16
2961,52.71,43.42,2.67,-23.53
2962,-33.22,-67.82,10.43,-15.57
2963,-30.34,-19.36,6.81,-14.16
2964,-25.73,85.31,6.12,-20.19
2965,8.6,14.35,7.04,-20.45
2966,-40.07,87.88,12.89,-15.72
2967,-33.37,162.63,17.4,-0.27
2968,-35.22,-131.04,8.38,-18.38
2969,30.96,21.47,8.71,-23.25
2970,-95.96,70.07,9.62,-13.76
2971,67.57,72.63,0.9,-22.62
2972,8.55,8.65,11.19,-14.74
2973,-30.68,-70.62,6.05,-20.83
2974,-124.22,52.5,27.0,3.57
2975,31.23,64.82,12.18,-13.87
2976,-84.89,-9.86,-1.77,-24.88
2977,88.07,-7.13,-0.08,-29.55
2978,29.72,22.0,2.63,-21.38
2979,-20.36,8.22,9.49,-16.05
2980,-26.97,32.63,9.5,-21.09
2981,-35.21,20.56,10.81,-16.55
2982,-137.19,-23.81,20.42,2.09
2983,-10.04,143.8,16.69,-8.64
2984,32.78,-62.92,8.17,-24.88
2985,-12.81,99.26,2.45,-28.27
2986,37.86,-37.99,17.22,-9.01
2987,-29.29,-29.7,10.11,-17.86
2988,58.25,48.76,4.86,-25.25
2989,-14.32,7.18,5.64,-15.64
2990,-20.48,16.21,8.07,-16.53
2991,-23.91,14.36,9.55,-14.22
2992,-25.41,14.53,8.25,-13.04
2993,-18.66,19.99,9.78,-11.74
2994,-11.31,39.26,10.06,-14.33
2995,-113.72,135.69,29.97,23.72
2996,-80.46,-0.45,24.88,-3.02
2997,-125.94,138.08,15.11,-4.8
2998,275.86,-172.28,-24.51,-67.08
2999,46.34,-14.58,-3.72,-30.77
