,ch1,ch2,ch3,ch4
0,-15.27,7.97,-0.27,-8.94
1,-17.85,3.39,2.64,4.9
2,-18.63,2.84,9.83,-36.78
3,-16.81,6.77,-3.71,-40.08
4,-14.54,12.58,2.96,-21.96
5,-16.94,9.0,2.2,-43.61
6,-18.42,11.03,5.73,-41.8
7,-21.64,16.89,3.41,21.21
8,-11.95,14.42,2.69,-19.33
9,-18.38,8.03,1.85,-20.23
10,-18.83,10.39,6.0,-13.23
11,-17.18,8.29,0.81,-19.74
12,-18.53,7.82,-1.2,-22.45
13,-13.83,17.47,9.11,-15.39
14,-15.46,6.85,7.41,14.32
15,-16.22,12.41,-3.09,-32.25
16,-16.12,18.05,-4.43,-27.32
17,-13.69,13.09,5.71,37.86
18,-13.42,12.33,3.12,-52.6
19,-17.3,7.82,-4.92,-67.09
20,-15.51,11.63,5.14,8.89
21,-14.77,8.99,4.94,-16.1
22,-17.56,9.42,4.93,-15.26
23,-20.82,3.57,0.69,-15.8
24,-19.8,17.17,0.39,-9.96
25,-16.74,25.98,3.45,-29.8
26,-13.35,20.38,4.94,-24.39
27,-15.94,19.55,5.94,-9.31
28,-14.19,19.58,-0.95,-28.15
29,-20.98,15.16,4.16,-11.77
30,-15.83,22.26,-1.52,-12.69
31,-15.9,17.68,4.13,-17.34
32,-16.69,20.83,13.02,-24.29
33,-15.42,17.59,-0.35,-12.52
34,-15.52,11.65,-2.37,-22.71
35,-17.98,13.03,12.17,-15.27
36,-9.5,18.15,16.47,-19.16
37,-14.64,16.0,-1.91,-20.23
38,-20.77,7.81,6.01,-16.58
39,-14.1,23.99,4.54,-4.2
40,-13.64,19.25,6.34,-19.99
41,-12.5,23.13,7.37,-18.66
42,-15.0,17.77,8.3,-21.71
43,-18.07,18.33,6.99,-19.23
44,-15.77,12.55,4.37,-49.61
45,-11.3,18.59,4.85,5.74
46,-17.88,15.39,4.89,-15.14
47,-14.79,15.01,9.24,0.23
48,-16.81,18.72,5.31,-32.33
49,-18.07,24.44,10.42,2.38
50,-14.4,19.27,5.93,-37.5
51,-14.8,19.16,10.4,4.05
52,-19.26,20.02,12.22,-7.4
53,-13.65,22.49,-1.65,-29.11
54,-14.44,21.64,17.3,-38.48
55,-18.33,9.8,2.37,-18.48
56,-18.02,24.98,8.12,1.98
57,-16.8,22.18,8.54,-13.71
58,-12.41,26.0,1.16,-19.49
59,-13.97,24.39,10.19,-20.47
60,-13.21,18.13,9.3,-8.96
61,-17.29,17.49,6.89,-20.31
62,-16.35,20.96,8.5,-38.54
63,-18.16,16.2,4.8,-6.64
64,-18.78,18.07,11.95,3.17
65,-19.02,16.47,7.55,-26.07
66,-16.06,13.13,6.93,-38.86
67,-19.27,20.31,6.15,3.55
68,-15.3,15.75,8.79,-18.88
69,-18.92,14.5,6.83,15.08
70,-15.9,13.83,9.23,-34.66
71,-22.17,22.08,12.7,-64.89
72,-18.02,25.43,-3.1,-24.67
73,-18.15,21.6,10.52,-27.02
74,-16.02,16.89,16.06,8.36
75,-16.16,14.87,6.39,-6.69
76,-13.26,23.61,17.7,-14.94
77,-14.62,18.24,0.1,-22.94
78,-14.62,18.05,3.2,-24.55
79,-14.72,21.52,8.56,-71.0
80,-18.42,16.43,3.67,19.41
81,-19.32,23.84,6.5,-14.93
82,-19.72,16.62,10.6,-18.3
83,-17.27,18.26,10.71,-20.68
84,-13.51,26.7,6.11,-24.5
85,-19.51,23.58,11.84,42.39
86,-13.42,17.4,14.95,-45.62
87,-13.16,16.9,2.06,-29.59
88,-18.23,13.32,4.81,-41.95
89,-13.38,17.21,11.22,-20.78
90,-15.74,15.79,4.45,-30.21
91,-15.01,5.27,2.35,-47.83
92,-17.13,19.45,7.12,13.57
93,-17.77,15.26,16.69,-7.87
94,-13.16,17.42,7.65,-28.27
95,-18.82,16.04,5.77,-31.12
96,-21.63,13.68,14.42,-0.54
97,-17.08,16.61,7.42,-25.11
98,-16.35,14.12,9.84,-2.63
99,-16.07,9.41,13.02,-22.51
100,-17.88,9.53,10.15,-14.54
101,-14.49,17.43,-1.35,-19.52
102,-15.54,12.94,6.24,9.16
103,-16.31,11.65,8.04,-22.29
104,-15.8,13.54,8.87,-30.41
105,-18.82,15.27,9.97,-7.24
106,-17.41,10.97,7.46,-26.13
107,-17.85,11.6,3.69,-29.62
108,-15.27,9.12,23.07,-8.15
109,-15.14,15.08,4.6,-0.95
110,-18.93,10.69,6.65,-42.94
111,-19.39,11.81,9.18,-14.54
112,-15.78,10.51,11.11,-8.73
113,-18.31,10.12,16.3,-18.82
114,-18.95,8.5,5.32,-16.98
115,-16.55,16.68,6.74,-10.23
116,-16.88,10.52,2.17,-34.31
117,-19.7,19.24,16.88,46.41
118,-12.54,16.3,12.02,-39.62
119,-13.37,18.38,9.26,-30.22
120,-16.75,15.63,11.01,-21.86
121,-15.56,12.64,9.97,-16.87
122,-15.87,12.17,3.5,-51.22
123,-17.65,10.46,15.77,3.07
124,-21.71,11.93,13.65,-22.97
125,-19.93,11.13,10.5,1.63
126,-18.39,18.85,12.09,-16.09
127,-16.34,13.8,12.3,-24.98
128,-16.42,17.5,1.48,6.57
129,-20.1,15.2,7.79,-12.0
130,-13.66,19.5,2.52,-22.36
131,-16.6,14.75,19.4,-12.65
132,-14.1,13.46,2.25,-19.81
133,-16.54,17.5,1.42,-16.61
134,-17.94,13.98,6.17,-5.59
135,-15.8,13.91,13.32,17.39
136,-17.92,13.36,8.3,-93.28
137,-15.47,22.1,9.86,13.6
138,-20.5,13.0,6.94,-14.26
139,-18.77,16.96,6.72,-18.76
140,-17.39,13.14,4.66,-23.23
141,-20.96,12.19,9.53,-32.32
142,-17.61,15.07,10.48,2.59
143,-16.49,19.44,9.73,-25.36
144,-14.42,18.15,6.99,-1.46
145,-16.05,16.75,8.35,-13.62
146,-17.73,16.02,7.32,-14.47
147,-17.39,17.92,10.13,-18.07
148,-15.91,17.42,4.3,-28.39
149,-16.95,22.19,14.85,0.14
150,-16.52,16.57,10.97,14.03
151,-16.1,17.76,5.72,-33.32
152,-19.74,20.92,5.79,-15.95
153,-19.13,13.32,6.87,-18.09
154,-16.97,12.13,8.4,-17.56
155,-15.02,14.92,33.4,5.09
156,-18.97,11.37,-14.46,-36.31
157,-17.97,10.29,4.56,-15.69
158,-16.52,20.19,6.03,-13.1
159,-17.07,16.69,10.29,-15.13
160,-14.06,17.53,8.09,-15.07
161,-11.83,18.36,7.93,-9.92
162,-19.8,12.38,10.96,24.3
163,-11.63,16.85,5.68,-21.99
164,-13.94,17.72,9.58,-23.62
165,-18.29,11.05,6.77,-80.54
166,-17.18,9.99,8.35,25.73
167,-19.25,8.81,7.29,-9.11
168,-13.81,9.23,9.76,-8.38
169,-18.53,10.34,6.34,-12.44
170,-18.52,14.67,4.88,-13.89
171,-21.98,13.37,6.11,-11.63
172,-17.04,11.6,4.3,-15.76
173,-13.61,13.8,7.09,-13.04
174,-18.57,12.04,6.72,-12.29
175,-16.7,22.9,4.95,-13.12
176,-10.99,17.54,11.26,-12.0
177,-18.64,10.47,7.76,-8.8
178,-19.66,12.12,8.77,-13.98
179,-19.69,16.44,8.02,-6.08
180,-16.47,15.77,9.54,-9.12
181,-17.19,4.98,-1.12,-29.07
182,-13.1,13.39,12.33,-2.61
183,-13.65,10.25,8.6,-10.84
184,-16.06,18.19,7.78,-12.24
185,-16.02,17.88,9.22,-14.44
186,-15.17,21.67,6.09,-22.44
187,-14.76,48.21,3.99,-24.19
188,-15.4,26.59,9.25,-0.97
189,-20.02,-5.22,4.23,-13.09
190,-18.01,-1.09,4.41,-12.0
191,-14.83,4.52,1.99,-10.92
192,-17.36,-10.63,5.78,-9.81
193,-13.79,15.82,1.68,-9.46
194,-16.39,9.19,4.82,-10.27
195,-16.97,11.74,0.48,-7.37
196,-20.32,-26.02,6.09,-6.45
197,-15.65,26.5,4.79,-7.87
198,-13.09,25.38,3.38,-9.59
199,-10.38,36.89,3.76,-6.29
200,-11.3,62.45,6.13,-4.37
201,-19.45,-11.75,1.77,-5.08
202,-15.86,18.32,5.93,-6.76
203,-8.09,22.82,8.05,0.49
204,-26.27,-37.85,4.83,-4.69
205,-24.43,-1.07,6.07,-6.86
206,-22.52,5.21,9.04,0.89
207,-20.72,14.9,5.61,-4.15
208,-18.11,-1.01,5.22,-6.11
209,-18.33,3.03,4.37,-1.96
210,2.66,40.02,9.88,-2.67
211,2.77,20.41,8.06,-4.41
212,-40.29,19.53,12.51,-2.84
213,-33.58,10.49,8.25,-6.3
214,-25.52,-2.61,14.64,-6.91
215,-24.03,115.49,16.28,-1.89
216,15.22,136.84,16.51,3.33
217,88.45,-86.91,16.56,-6.28
218,-12.1,-55.3,15.26,-1.7
219,-111.51,31.79,17.24,-0.44
220,-37.42,-4.82,16.66,-12.46
221,-27.13,7.2,17.56,-8.6
222,14.39,97.97,16.65,-0.39
223,10.27,139.89,19.44,-4.65
224,26.43,-25.99,18.22,-7.2
225,-19.71,88.88,20.07,-3.15
226,-48.68,38.72,22.97,-1.39
227,-50.92,-109.76,21.19,-11.77
228,-2.4,25.05,25.23,-5.79
229,-27.82,3.97,14.97,-12.75
230,6.77,78.57,20.81,-2.27
231,-16.89,30.8,15.97,-12.33
232,-20.82,-39.78,15.88,-6.63
233,-9.3,40.73,15.76,-8.82
234,4.04,48.74,18.74,-6.71
235,17.78,48.67,18.3,-9.63
236,-30.05,-29.62,13.85,-12.1
237,-26.02,8.87,11.6,-11.98
238,-15.09,14.68,11.09,-12.16
239,5.78,28.79,13.76,-6.0
240,1.98,-13.56,15.71,-2.38
241,-13.91,37.96,10.51,-9.24
242,41.83,36.0,8.09,-13.84
243,27.56,41.27,2.84,-2.36
244,-79.25,39.61,6.84,-10.98
245,9.28,134.31,7.83,-2.69
246,-37.36,-59.41,0.7,-13.7
247,18.7,1.18,-1.13,-8.9
248,-3.69,22.18,-6.03,-15.79
249,-24.35,49.63,-0.32,-7.4
250,26.2,57.18,1.23,-5.08
251,-36.5,49.98,-5.82,-7.22
252,-72.7,40.45,-10.83,-12.24
253,7.5,2.43,-10.31,-10.16
254,-13.84,5.6,-16.49,-12.18
255,15.23,28.39,-18.1,-14.26
256,88.34,95.12,-16.6,-7.52
257,-87.76,-4.85,-19.52,-8.35
258,-48.04,33.65,-19.51,-10.93
259,-43.95,-34.9,-25.05,-11.6
260,-32.28,-37.77,-24.61,-15.1
261,-1.92,4.38,-25.43,-16.93
262,8.05,47.95,-18.05,-10.72
263,6.98,-34.31,-14.47,-7.76
264,-5.59,52.14,-15.11,-8.24
265,-15.95,-17.75,-9.71,-7.33
266,26.14,20.75,-10.14,-5.17
267,17.95,104.76,-12.11,-8.03
268,-42.59,-2.02,-19.41,-20.52
269,61.98,51.51,-14.34,-13.62
270,-69.05,26.92,-14.21,-11.24
271,-14.95,66.34,-7.16,-9.62
272,-38.54,-25.57,-14.21,-12.82
273,15.53,71.24,-12.37,-8.06
274,-13.05,-55.23,-9.94,-12.6
275,-5.67,13.52,-9.99,-9.17
276,33.61,28.51,-3.23,-5.47
277,-89.34,-78.86,-7.32,-16.09
278,-20.91,15.14,-2.78,-12.87
279,-14.51,-18.82,-1.01,-12.05
280,-5.26,22.39,-0.3,-11.62
281,-10.6,0.77,-1.05,-10.74
282,-0.86,-42.78,3.55,-6.67
283,-6.8,114.66,2.6,-9.68
284,3.32,119.15,8.75,1.59
285,-1.04,-25.07,3.12,-12.12
286,-41.39,-42.31,8.21,-13.49
287,-25.84,-10.9,3.28,-14.57
288,-19.02,4.03,6.32,-11.74
289,-24.61,29.95,3.79,-11.36
290,-16.21,14.75,6.31,-8.14
291,-21.35,3.01,3.93,-18.72
292,-7.51,44.71,7.91,-4.24
293,-11.63,-15.84,0.44,-14.36
294,-16.43,9.07,2.01,-10.28
295,-16.49,10.83,5.96,-13.08
296,-19.28,32.84,1.0,-10.47
297,83.98,12.73,4.78,-13.18
298,-49.34,123.75,8.0,-5.65
299,-67.66,-28.41,8.99,-10.35
300,-51.6,-77.17,1.98,-14.8
301,-7.33,11.68,5.28,-9.39
302,17.73,18.92,10.7,-6.71
303,80.44,28.93,1.88,-14.75
304,-79.06,19.67,8.51,-9.32
305,-34.99,6.39,11.51,-6.67
306,-24.79,-31.75,4.11,-12.24
307,-18.74,63.35,6.15,-13.68
308,4.44,68.11,10.14,-8.69
309,-7.98,36.29,7.89,-6.94
310,18.97,10.5,7.64,-12.78
311,84.32,65.97,5.82,-8.78
312,-17.18,-63.49,2.09,-14.9
313,-121.62,-5.63,5.56,-12.93
314,-26.22,-15.36,7.2,-14.3
315,4.46,-4.45,6.23,-15.29
316,0.25,5.5,0.38,-18.35
317,-8.3,16.35,8.3,-10.5
318,-17.81,33.23,14.17,-5.9
319,-22.2,12.26,5.8,-12.66
320,-14.29,8.19,3.25,-19.98
321,7.13,29.29,9.22,-11.14
322,27.3,15.22,9.61,-4.4
323,7.58,14.02,7.67,-11.94
324,-5.8,29.08,6.27,-17.01
325,-22.41,25.24,5.45,-9.72
326,-21.53,-8.34,5.47,-15.48
327,43.1,-6.77,7.97,-12.01
328,-120.32,-6.92,7.04,-9.72
329,-19.2,24.94,7.44,-10.27
330,-18.42,19.63,5.22,-14.65
331,-15.62,49.38,10.53,-7.11
332,16.23,56.26,10.22,-3.51
333,14.93,-50.29,6.62,-12.07
334,-15.49,4.16,4.92,-13.71
335,-11.62,22.2,8.45,-10.33
336,16.7,75.03,12.0,-7.69
337,-32.52,-23.96,12.87,-9.05
338,-35.14,-99.62,7.09,-8.15
339,14.54,61.65,4.96,-12.16
340,45.39,157.14,6.25,-5.1
341,-3.59,-63.34,4.88,-13.64
342,-23.09,-49.14,3.71,-11.16
343,-97.32,36.16,6.98,-12.16
344,-1.68,7.79,15.99,-10.15
345,11.01,41.88,9.63,-8.44
346,-1.67,38.11,10.09,-8.17
347,-1.94,-58.01,5.98,-12.94
348,64.75,1.58,-1.87,-17.79
349,-83.23,38.4,4.83,-11.48
350,-23.15,119.23,8.3,-7.32
351,1.83,-44.19,11.91,-12.89
352,9.24,27.65,11.17,-7.74
353,-50.38,-42.49,10.11,-8.9
354,-21.15,-11.93,5.9,-15.03
355,-37.88,-23.73,10.59,-8.73
356,-13.17,45.69,9.76,-5.6
357,7.93,-17.28,9.57,-9.56
358,-19.84,48.52,6.84,-10.78
359,-14.74,-12.55,12.02,-4.92
360,-3.84,-23.39,3.63,-12.54
361,28.81,133.45,4.33,-13.9
362,-41.9,-29.24,5.95,-15.88
363,-22.34,-16.1,8.93,-10.01
364,28.52,15.86,8.44,-7.75
365,186.49,94.52,7.43,-4.62
366,-155.68,-53.15,7.85,-13.9
367,-88.89,-33.06,8.75,-16.45
368,-31.65,91.85,10.25,-6.95
369,-13.92,27.63,8.22,-15.49
370,-6.8,-77.98,8.87,-10.42
371,-5.68,12.21,8.47,-14.31
372,-35.34,14.11,6.71,-13.68
373,-16.88,13.87,9.46,-12.07
374,-6.77,41.78,5.78,-16.0
375,11.09,68.53,8.6,-8.81
376,9.79,-49.28,5.33,-16.52
377,33.27,-39.27,5.67,-17.29
378,-27.51,8.53,3.91,-17.28
379,-79.36,0.03,10.31,-12.98
380,-50.57,12.75,11.71,-8.93
381,12.93,5.51,3.21,-21.64
382,-19.7,34.98,9.51,-13.46
383,-3.36,37.61,8.78,-16.01
384,11.82,36.85,7.62,-12.64
385,-17.65,13.75,4.93,-11.96
386,-14.99,-4.12,2.57,-14.97
387,-0.78,-7.66,0.55,-20.31
388,-7.56,87.79,7.97,-8.82
389,-10.58,27.79,10.87,-8.37
390,13.74,-18.51,9.81,-26.64
391,30.69,-10.26,2.12,-21.22
392,-117.07,14.47,10.64,-10.08
393,-7.65,3.45,9.81,-16.7
394,-16.45,16.16,4.51,-21.98
395,-21.33,-34.51,7.44,-18.14
396,-10.84,9.02,6.48,-18.62
397,-13.55,11.37,3.89,-16.8
398,-14.14,4.5,3.8,-18.32
399,-8.56,-1.11,9.13,-14.15
400,-2.56,66.3,9.51,-16.3
401,-19.32,46.77,11.36,-12.4
402,-37.23,13.1,8.06,-10.21
403,7.91,5.03,5.78,-18.57
404,3.06,44.22,7.99,-15.69
405,-17.34,-29.51,7.98,-18.15
406,-38.39,21.37,5.63,-19.38
407,104.19,17.36,9.17,-17.6
408,-47.82,47.66,8.01,-12.37
409,-77.43,-5.14,6.71,-13.64
410,-9.43,-29.92,1.7,-20.42
411,18.5,47.81,4.7,-14.15
412,-30.32,73.47,4.44,-10.4
413,16.25,24.95,10.13,-1.93
414,-16.89,8.24,0.59,-11.17
415,27.6,65.93,4.04,-3.84
416,25.17,1.74,7.04,-7.5
417,-16.15,-15.32,1.2,-14.01
418,-24.64,12.72,7.41,-9.49
419,2.64,38.32,5.91,-10.69
420,16.28,44.96,9.89,-9.74
421,26.04,10.28,3.24,-15.96
422,24.52,37.46,4.45,-14.19
423,-99.36,9.57,6.89,-12.76
424,-30.56,33.92,10.59,-11.2
425,8.55,133.28,11.61,-5.64
426,-33.55,-25.07,5.41,-18.65
427,-1.03,77.8,8.34,-15.6
428,-19.05,-75.55,8.72,-17.61
429,-32.22,-32.48,9.4,-16.47
430,-11.83,-2.85,9.26,-16.38
431,-12.84,15.24,10.42,-12.23
432,-19.61,48.18,10.97,-9.99
433,-11.9,68.26,5.99,-17.47
434,3.77,-8.6,9.06,-18.51
435,-4.79,-1.42,11.92,-18.28
436,62.92,-22.78,10.69,-18.92
437,-90.8,15.77,9.09,-24.33
438,-23.49,42.99,2.81,-20.3
439,-43.67,3.65,9.1,-12.41
440,-7.71,23.59,9.87,-14.32
441,-8.78,56.88,9.75,-12.69
442,-5.7,-5.73,11.39,-13.01
443,-16.27,23.56,8.51,-19.17
444,-18.19,33.83,4.29,-14.82
445,-36.74,20.73,7.42,-11.0
446,-39.71,-34.37,5.59,-23.02
447,2.99,-22.13,7.75,-21.81
448,0.12,61.17,5.34,-13.65
449,9.18,28.34,5.13,-20.49
450,-26.29,-34.03,9.17,-17.58
451,-58.91,-7.38,4.87,-16.19
452,-60.39,27.33,4.75,-13.2
453,3.91,34.29,-1.43,-15.61
454,23.24,-5.69,5.79,-18.55
455,90.05,17.62,5.6,-17.27
456,-61.34,12.35,7.46,-15.96
457,-76.35,8.42,7.68,-12.85
458,-4.35,54.2,8.49,-7.75
459,-37.92,-4.21,7.66,-17.68
460,-14.74,-16.54,10.94,-17.72
461,-29.27,-6.53,12.75,-12.49
462,-14.3,33.49,3.41,-22.72
463,-27.73,44.8,5.39,-14.67
464,-15.61,-9.77,5.23,-15.44
465,22.32,-33.47,-5.82,-22.33
466,25.15,-29.63,-0.06,-20.67
467,-63.23,72.44,4.85,-16.3
468,-21.88,71.34,8.95,-12.25
469,-27.1,-15.56,3.35,-17.94
470,-8.95,9.78,3.9,-19.23
471,79.86,55.67,6.87,-14.11
472,-14.12,-12.14,4.62,-18.16
473,-109.72,-38.32,0.75,-20.17
474,-29.36,21.15,3.63,-18.07
475,3.13,92.98,6.66,-7.27
476,-33.81,-5.24,4.05,-15.21
477,-41.16,-25.81,6.74,-13.69
478,-8.13,-11.36,-0.68,-13.91
479,-14.23,35.59,4.73,-13.33
480,5.17,27.2,6.25,-11.64
481,13.77,13.47,8.65,-10.71
482,-17.54,27.59,4.3,-16.98
483,-31.45,19.46,-1.41,-19.0
484,13.12,61.58,6.14,-14.91
485,33.95,129.2,12.87,-4.86
486,-56.08,-80.42,6.26,-21.69
487,-24.47,11.23,8.27,-17.76
488,-12.48,25.03,8.27,-16.46
489,-33.64,-26.89,0.1,-27.18
490,-21.82,55.11,8.09,-15.7
491,-1.44,47.46,7.52,-11.4
492,-15.54,-46.92,2.55,-13.57
493,-40.87,5.98,4.96,-22.72
494,-12.45,0.08,5.72,-15.72
495,27.25,40.73,6.68,-11.18
496,-59.97,3.74,1.93,-22.76
497,0.3,22.0,-0.96,-20.72
498,24.76,55.55,5.57,-11.83
499,-26.26,46.36,5.92,-14.93
500,-52.75,-49.13,4.07,-16.95
501,-29.18,-19.83,3.8,-16.94
502,-13.71,35.96,4.66,-16.33
503,-29.4,47.34,8.08,-7.67
504,-21.96,-79.32,0.11,-23.92
505,-10.92,-31.71,6.53,-16.54
506,7.59,118.3,4.22,-11.99
507,-66.85,48.48,7.83,-10.47
508,-20.33,-2.02,6.82,-18.09
509,27.89,-57.13,2.61,-23.39
510,86.66,-44.81,7.53,-17.73
511,6.33,68.34,6.22,-18.36
512,-102.28,22.37,2.66,-20.07
513,-77.21,-2.43,4.6,-20.37
514,10.95,7.22,2.26,-20.55
515,-13.56,34.1,3.59,-17.3
516,-56.41,49.87,5.99,-13.28
517,-78.14,-17.93,5.12,-15.78
518,53.44,19.08,4.05,-20.52
519,27.94,13.72,5.25,-16.33
520,-16.57,-61.89,4.76,-20.24
521,-4.43,26.82,15.97,-6.46
522,-23.38,81.77,9.93,-9.95
523,11.21,63.42,5.59,-14.36
524,-38.68,-55.77,5.57,-14.69
525,-22.24,-7.43,-4.36,-22.41
526,42.06,-29.26,1.56,-17.32
527,36.11,54.81,5.9,-10.12
528,-35.71,92.28,10.75,-7.4
529,9.95,13.01,9.69,-13.59
530,13.53,45.42,-11.02,-28.81
531,-6.61,-51.24,4.81,-16.79
532,-54.54,-65.53,4.3,-17.62
533,-4.57,77.46,0.72,-20.97
534,20.18,74.88,0.45,-21.03
535,79.14,98.04,5.25,-20.42
536,-10.34,52.05,8.07,-16.18
537,-104.83,10.56,5.16,-19.63
538,-25.62,173.54,6.18,-11.79
539,69.34,-157.75,6.18,-25.89
540,-75.07,-9.73,4.64,-25.9
541,-74.5,-29.69,1.64,-23.69
542,91.87,252.59,-2.76,-15.01
543,-78.41,-108.55,36.86,-13.17
544,-77.1,-0.7,57.98,-9.41
545,7.17,52.45,-7.41,-17.83
546,-39.67,-37.8,24.8,-21.18
547,20.83,130.3,14.59,-24.06
548,61.88,-60.68,14.56,7.65
549,56.77,104.17,530.73,34.15
550,-68.63,-34.27,520.86,-14.68
551,-71.45,99.6,-331.47,-4.01
552,-75.44,-36.56,-149.38,-30.55
553,-23.66,22.23,14.97,-4.39
554,3.49,19.94,73.35,81.21
555,2.76,138.09,-599.82,-18.97
556,-14.75,-19.51,-1533.61,-24.43
557,31.88,74.15,-707.03,8.91
558,13.19,26.15,-1575.08,-56.3
559,-21.94,-83.6,-1051.39,-29.38
560,71.59,15.96,-1049.05,-12.44
561,-68.69,35.76,-1220.42,-29.65
562,-65.05,-17.36,-1016.95,8.33
563,-1.42,36.16,-884.61,-5.25
564,-36.88,100.43,-874.06,-23.64
565,16.61,-69.45,-945.95,-7.61
566,-58.39,56.71,-616.5,-0.17
567,-36.42,10.29,-529.47,49.11
568,-48.87,-176.36,-950.75,-13.76
569,41.65,294.33,-861.72,24.88
570,-60.36,-115.34,-1528.77,-50.35
571,-44.75,-23.33,-857.45,-21.04
572,3.19,334.32,-1242.07,0.07
573,-36.85,-225.58,-1118.62,-12.93
574,56.71,130.9,-911.04,-1.46
575,-42.63,42.83,-959.24,1.86
576,61.32,15.78,-663.99,-19.06
577,-88.33,-56.31,-1294.44,-21.52
578,-21.5,134.45,-986.46,7.29
579,-51.06,-128.08,-936.44,7.8
580,-44.75,1.48,-738.11,-17.11
581,13.29,152.4,-813.23,23.84
582,-7.45,101.27,-1269.68,-16.26
583,-31.46,-167.14,-1124.66,-17.4
584,30.05,16.29,-1031.0,2.07
585,-46.05,58.75,-950.85,17.31
586,-44.96,9.95,-644.64,25.52
587,-8.01,60.64,-991.93,32.37
588,-37.36,6.64,-1124.29,-45.93
589,-11.95,110.48,-929.02,8.79
590,-40.46,-161.39,-300.59,22.38
591,-1.38,96.98,-545.45,-52.06
592,-38.76,-44.79,-153.17,6.43
593,-32.47,-31.17,62.25,4.43
594,51.77,230.74,-53.3,7.2
595,-35.33,-31.68,78.02,-8.77
596,32.16,163.0,-89.12,17.44
597,-50.2,-197.21,15.11,13.91
598,-33.13,-26.96,192.99,26.6
599,-42.43,84.87,-34.61,-12.94
600,-51.72,-123.8,-82.63,8.21
601,-19.92,120.59,-22.74,-4.84
602,-6.03,145.14,-3.32,8.72
603,-19.27,-138.69,23.06,8.51
604,-47.36,126.78,182.05,14.44
605,-60.23,-77.04,-60.61,-13.29
606,8.15,-13.86,182.07,0.62
607,87.62,82.59,7.05,-6.61
608,-73.22,73.76,-184.9,0.03
609,-82.89,-30.72,-41.48,0.12
610,-15.13,-33.25,-20.42,2.69
611,8.24,113.43,0.6,7.15
612,-25.47,-31.95,159.95,9.34
613,-25.42,-65.9,89.94,11.64
614,-29.22,-66.28,-28.39,-23.31
615,-15.65,-4.14,176.3,-46.59
616,1.11,117.89,-188.27,34.03
617,-23.89,-37.34,-54.14,20.54
618,-36.91,-23.37,-24.25,10.82
619,42.73,2.03,-8.24,-7.62
620,-48.34,-16.12,3.14,-12.91
621,-31.55,-46.36,7.06,-10.97
622,-24.67,23.55,46.7,11.68
623,-29.96,31.85,141.61,6.5
624,61.2,-11.69,-3.85,-6.3
625,-74.58,117.34,-63.94,-1.7
626,-32.53,43.98,30.15,-1.14
627,-17.16,-83.7,-69.89,-0.14
628,-35.29,-86.71,-14.57,-13.8
629,-12.47,68.05,-0.81,-5.4
630,-25.6,8.04,77.67,-5.08
631,-16.4,-74.09,65.14,-9.6
632,-4.85,60.21,251.97,10.68
633,-13.26,-77.06,151.59,-3.84
634,6.97,90.58,-298.26,0.26
635,-35.7,29.57,-67.17,-12.75
636,-14.18,5.42,-32.96,2.42
637,-42.55,-72.51,86.4,-4.32
638,-22.97,57.29,191.85,-22.64
639,-15.35,20.0,-142.4,-2.89
640,-20.11,18.52,-70.86,5.18
641,-24.4,-42.52,-23.66,-12.49
642,11.86,23.68,-2.06,3.98
643,105.78,-56.87,-6.62,-10.25
644,-88.81,-4.17,1.38,-0.09
645,-77.86,31.24,62.3,-8.75
646,-8.02,80.74,-7.19,3.93
647,-43.14,-181.47,-10.65,-2.77
648,-33.66,-25.19,44.71,-9.38
649,-20.34,28.3,35.11,-7.03
650,-28.28,-6.39,63.86,-16.9
651,-22.44,12.21,-36.49,-7.56
652,9.62,123.79,177.45,14.25
653,5.19,-70.09,14.51,-12.58
654,6.96,24.47,-122.59,-1.76
655,-47.38,-168.6,-59.44,-20.8
656,-24.49,11.28,-0.7,-14.29
657,-24.54,18.88,190.88,-8.5
658,-4.7,33.88,0.67,2.07
659,-15.53,50.19,-129.6,-5.61
660,85.83,-24.98,-15.06,-3.92
661,-93.46,-49.01,38.84,-11.83
662,-40.66,164.97,-26.94,-1.35
663,-29.06,-61.26,-18.83,-13.09
664,-25.06,-11.43,48.04,-8.91
665,-32.32,52.3,-31.16,-2.86
666,-25.35,-119.42,-15.18,-9.74
667,8.04,-10.99,62.69,-5.32
668,10.73,21.21,121.24,-5.15
669,10.61,47.92,-36.85,-2.57
670,-31.34,-85.07,39.46,-1.84
671,-31.0,35.78,-85.54,-24.52
672,3.58,92.36,-17.72,-10.86
673,0.3,-40.86,4.81,-11.69
674,-64.99,-130.77,76.3,-13.17
675,-20.75,-71.29,-49.19,-13.99
676,-13.42,107.41,7.74,-7.61
677,-34.85,-3.48,42.46,-16.1
678,-3.25,8.03,-27.57,-18.89
679,-0.51,113.82,81.14,5.32
680,-43.33,-172.2,57.12,-17.06
681,-19.88,42.93,-71.91,-19.55
682,8.93,97.5,60.78,-6.54
683,59.99,-92.38,-79.0,-16.86
684,-49.81,9.85,-13.67,-11.7
685,-71.15,107.97,53.09,-10.03
686,-17.67,-70.4,-39.33,-15.83
687,-18.06,-69.77,-1.59,-10.7
688,2.05,-2.49,-3.38,-24.39
689,-21.92,159.76,0.28,-9.92
690,-65.83,-111.33,9.5,-18.28
691,58.46,-11.72,186.72,-14.15
692,16.03,62.24,-109.78,-8.96
693,-100.3,8.46,33.79,-15.92
694,12.34,169.33,52.73,10.28
695,-36.9,-194.07,-59.7,-33.09
696,-15.27,-58.05,-42.98,-16.14
697,-15.29,32.33,-3.71,-14.7
698,-21.77,-37.32,63.97,-17.11
699,-16.31,68.12,-43.25,-14.32
700,-23.3,-71.57,-14.57,-12.12
701,11.24,73.67,65.24,-13.37
702,-17.07,47.66,-5.86,-18.08
703,-18.67,-18.19,6.45,-9.39
704,12.52,-22.97,-30.76,-8.29
705,-27.39,-1.32,16.66,-16.84
706,-15.0,45.38,35.3,-6.62
707,-45.72,-5.53,14.15,-22.13
708,-15.21,78.38,75.9,-18.18
709,-23.49,-58.02,-46.6,0.4
710,21.18,46.07,-40.32,-8.33
711,-39.1,-167.5,13.28,-19.47
712,-10.43,77.69,134.26,-14.29
713,51.41,-4.04,-86.66,-16.72
714,7.43,43.47,-23.98,-6.2
715,-93.98,0.74,-13.44,-17.87
716,-19.4,145.38,2.05,-8.5
717,-13.18,-83.88,6.04,-16.02
718,-57.65,-115.77,57.38,-19.14
719,-0.37,-50.33,16.2,-13.57
720,-2.24,31.95,-21.69,-8.38
721,14.3,34.28,79.53,-11.03
722,-33.01,46.98,25.75,-17.38
723,-15.14,72.74,-71.95,-18.38
724,-25.51,-57.69,51.66,-13.09
725,-15.22,23.53,49.77,-15.29
726,56.49,-17.59,-49.65,-6.69
727,18.03,-11.43,-33.25,-9.99
728,-106.04,36.68,-5.29,-11.86
729,-32.86,-16.38,10.54,-0.8
730,-29.2,8.91,17.75,-11.0
731,-12.92,37.43,23.7,-12.37
732,-12.18,-44.27,16.38,-10.66
733,-48.23,-26.25,-10.8,-12.51
734,72.57,21.78,66.44,-12.67
735,33.6,65.14,4.43,-11.73
736,-93.6,59.72,15.01,-4.92
737,-30.53,-3.75,-17.72,-28.98
738,-42.83,-72.11,-16.56,-1.34
739,-19.37,11.5,-0.97,-7.48
740,-3.24,78.34,25.19,-4.51
741,-7.17,-40.35,72.2,-13.0
742,-46.69,18.57,236.77,-11.69
743,-18.95,7.21,-92.91,-10.97
744,-11.19,4.23,-101.01,-9.92
745,-23.27,18.19,-56.91,-5.35
746,-18.01,78.24,5.54,-6.49
747,-16.33,-68.34,36.69,-16.28
748,-10.17,11.42,-38.48,-9.77
749,-25.12,-33.62,-6.78,-5.21
750,-32.96,-3.09,59.27,-24.41
751,4.98,58.09,19.26,-6.59
752,-4.11,37.86,-35.01,-2.32
753,-21.09,7.96,4.85,-13.3
754,-35.44,-8.81,164.35,-12.07
755,-28.1,-15.84,-43.97,-13.82
756,45.05,83.42,-36.77,-0.93
757,59.51,24.65,-38.66,-13.41
758,-127.5,-7.61,43.72,-14.59
759,-55.4,-17.39,-43.92,-20.19
760,-30.39,29.49,1.75,-12.06
761,-1.81,65.52,5.88,-13.28
762,-21.39,-90.58,3.23,-20.22
763,-10.28,-0.83,13.44,-17.77
764,-15.65,6.56,19.08,-34.86
765,11.77,35.34,31.52,-9.52
766,-35.71,-23.83,183.8,-23.21
767,-43.01,16.8,-99.93,-8.69
768,8.98,80.3,-0.78,-14.15
769,50.94,-18.05,182.97,-13.52
770,-9.23,63.06,-61.1,-30.23
771,-74.51,-64.12,-76.97,-17.64
772,4.01,49.42,-11.11,-5.63
773,-52.44,-77.23,45.72,-29.56
774,-23.11,-22.01,17.57,-22.32
775,-9.9,-22.02,-42.26,-16.69
776,4.79,138.03,-10.69,-22.29
777,-15.06,-36.45,-0.92,-21.39
778,-18.94,-16.96,1.79,-21.36
779,15.33,82.62,24.74,-13.6
780,-28.84,-48.97,8.74,-24.57
781,-25.54,11.26,0.95,-23.12
782,-19.32,-21.29,19.61,-13.82
783,0.96,123.21,44.19,-12.63
784,-2.62,2.15,-18.17,-21.52
785,-69.87,-39.53,20.65,-13.33
786,-25.86,2.31,2.61,-11.87
787,-1.02,30.96,47.07,-23.0
788,-11.33,37.24,31.86,-13.01
789,78.85,-33.92,50.55,-16.5
790,-93.57,9.37,61.01,-5.93
791,-54.71,-46.82,-33.99,-20.8
792,-40.52,13.12,20.23,-34.04
793,-18.48,8.04,50.75,-4.01
794,-26.05,-2.61,-88.58,-20.37
795,-28.51,-10.6,-14.77,-16.36
796,-19.18,13.8,3.32,-16.74
797,-27.23,64.77,73.6,-12.03
798,-15.14,-14.88,-44.03,-13.13
799,-12.85,-94.75,-12.91,-19.09
800,-42.97,11.16,-2.29,-15.14
801,-24.58,15.12,-4.52,-23.43
802,38.99,69.3,12.94,-5.75
803,25.62,21.7,8.49,-14.3
804,-118.65,-25.86,8.69,-15.63
805,-31.32,11.05,6.27,-24.06
806,-8.07,25.53,25.97,-25.6
807,-15.11,-54.16,7.11,-9.52
808,-19.84,-21.83,6.87,-19.9
809,-8.98,57.26,50.97,-10.38
810,-1.82,-10.21,88.16,-18.29
811,3.61,25.49,-69.81,-16.0
812,-24.73,-40.46,-18.39,-20.57
813,-39.7,-29.11,-1.98,-21.01
814,-23.69,4.31,38.66,-14.82
815,-50.51,-11.25,70.99,-23.43
816,73.9,35.04,-25.8,-14.01
817,9.83,31.15,7.92,-24.35
818,-58.93,-46.91,50.54,-12.17
819,-23.93,53.85,42.3,-17.73
820,31.55,3.8,13.55,-17.48
821,-5.48,-33.92,-21.39,-17.05
822,-106.53,62.23,17.28,-26.63
823,8.65,-34.22,-48.86,-2.91
824,-0.14,-78.09,-8.03,-15.99
825,-30.28,136.19,104.1,-12.82
826,-24.41,-1.0,-51.66,-22.07
827,-42.9,-42.4,-34.75,-27.86
828,-17.21,-46.99,5.23,-23.89
829,-12.63,12.83,-9.16,-24.42
830,0.5,-88.09,13.79,-7.42
831,-24.84,51.07,27.45,-19.46
832,-21.41,40.2,24.01,-21.48
833,-12.94,169.69,-33.76,-38.01
834,-17.72,-20.81,2.68,2.77
835,-31.17,-89.7,31.76,-20.13
836,41.19,41.16,115.13,-13.75
837,47.86,44.79,14.45,-2.38
838,-148.17,-93.61,99.5,-23.3
839,-52.17,21.03,-49.4,-9.18
840,32.5,29.91,-72.75,-17.18
841,-21.99,-36.59,-39.98,-27.29
842,-40.34,21.34,9.22,-13.88
843,-23.24,42.84,4.28,-17.66
844,-21.66,-15.63,-16.33,-12.81
845,-5.37,93.34,3.28,-14.63
846,-49.59,-39.99,15.27,-16.11
847,-14.4,16.49,10.3,-9.69
848,-25.08,-17.23,-7.29,-19.1
849,20.46,169.92,16.15,2.05
850,18.51,-189.52,19.03,-33.41
851,-42.35,-22.65,16.21,-27.54
852,-73.92,74.36,-6.23,-8.61
853,-26.29,54.64,70.84,-19.59
854,-35.02,-45.0,88.97,-9.52
855,-25.39,-73.84,24.88,-16.52
856,0.05,117.29,10.94,-21.71
857,14.48,91.47,-69.47,-32.81
858,-37.66,-27.79,-46.82,-10.75
859,-29.79,-130.66,-23.65,-18.25
860,-3.14,152.13,-1.57,-1.72
861,-41.55,-153.59,-7.84,-30.55
862,31.87,133.25,-1.3,-15.26
863,-48.12,-52.42,2.85,-21.43
864,-8.09,75.45,28.06,-16.12
865,-26.43,2.94,-7.96,-21.39
866,-23.05,-99.02,35.49,-17.3
867,1.55,95.51,91.27,-11.55
868,-31.09,-141.09,-85.84,-37.58
869,-14.13,-37.64,64.32,-9.66
870,97.11,166.32,59.79,-14.41
871,-103.39,11.29,-104.75,-23.46
872,-66.83,-77.07,-23.47,-24.05
873,15.55,88.04,99.9,-1.56
874,-48.59,-70.96,104.99,-34.75
875,-21.07,-64.09,-141.1,-15.31
876,-20.86,115.99,-9.88,-11.59
877,-18.43,-45.4,-28.51,-28.01
878,-19.32,-57.76,2.68,-25.43
879,-18.77,65.47,3.31,-12.99
880,19.56,-37.67,-6.21,-9.0
881,-27.03,88.07,34.64,-18.63
882,-29.45,-104.67,56.23,-25.71
883,-25.55,-0.17,-8.7,-25.21
884,-5.05,87.18,85.86,-19.09
885,2.57,57.41,-21.34,-0.97
886,-45.53,-103.23,-97.76,-27.79
887,-35.54,13.86,1.26,-7.06
888,-25.47,26.4,17.22,-15.18
889,-15.45,-18.04,36.45,-13.56
890,32.79,21.43,-15.07,-11.3
891,-69.09,-25.55,-29.91,-15.26
892,39.28,58.42,-0.85,-12.16
893,22.04,-36.3,49.77,-13.38
894,-68.93,74.14,66.06,-17.6
895,-47.63,-57.84,-79.21,-26.27
896,-26.1,-5.14,-14.23,-16.73
897,-10.37,-39.76,41.31,-12.44
898,5.56,178.42,5.96,-9.89
899,-48.75,-127.73,69.81,-27.7
900,-25.52,-42.49,-9.78,-14.98
901,-10.83,-9.53,-51.56,-22.54
902,35.26,148.53,4.3,-12.26
903,-46.29,19.81,11.63,-12.43
904,-29.41,-57.44,-6.26,-16.49
905,-25.85,-50.8,0.6,-31.85
906,-14.36,-20.57,-34.15,-20.38
907,-15.49,1.56,-8.7,-15.52
908,0.1,103.2,37.99,-19.47
909,-21.56,-23.65,-10.58,-19.82
910,-1.56,17.14,-7.26,-15.09
911,-35.53,-28.01,0.82,-19.8
912,72.68,76.58,68.14,-14.62
913,-30.66,-16.79,-42.43,-23.55
914,-80.16,-63.85,-13.1,-20.23
915,-9.48,58.56,7.4,-15.77
916,-14.65,41.05,39.75,-14.14
917,-1.85,136.32,58.5,-2.61
918,-43.35,-68.79,-61.08,-20.24
919,14.72,-70.49,41.3,-19.5
920,-32.27,47.25,-0.15,-25.41
921,7.95,-58.3,-21.75,-7.06
922,-15.81,81.07,-11.44,-14.26
923,-29.28,-5.94,-3.54,-21.36
924,-12.43,49.26,2.48,-16.64
925,1.21,140.93,3.7,-12.56
926,-41.52,-140.37,-1.67,-30.27
927,-27.32,-94.47,109.15,-9.23
928,-6.44,77.84,29.83,-16.48
929,-29.93,6.95,-82.63,-32.53
930,-17.52,57.96,42.83,-18.92
931,-28.9,-40.27,-0.26,-23.22
932,-16.69,26.97,55.24,-18.07
933,-33.65,9.07,-56.7,-18.71
934,-13.41,147.6,-12.47,-8.08
935,-15.26,-165.45,171.35,-19.89
936,21.8,259.66,-37.02,-20.02
937,-38.37,-183.08,-91.65,-29.91
938,17.91,24.05,-31.44,-15.74
939,-48.62,3.64,99.48,-18.88
940,-7.78,171.94,-40.4,-18.64
941,48.28,-124.79,-27.65,-32.38
942,-35.97,-7.75,125.02,-25.36
943,-31.42,-77.38,-89.28,-10.23
944,-68.25,67.9,-13.26,-25.65
945,-33.48,105.77,147.77,-18.01
946,-17.45,3.96,-101.41,-17.82
947,-11.23,1.54,-37.76,-23.63
948,-14.38,20.05,-31.04,-21.04
949,3.92,71.45,37.33,-7.06
950,-33.15,-83.73,2.38,-27.03
951,30.46,188.96,22.87,4.85
952,-59.84,-132.57,64.45,-27.26
953,-62.95,-9.42,-2.14,-18.62
954,26.37,22.99,-5.28,-18.62
955,-36.4,-52.65,-16.32,-28.04
956,4.62,48.69,-25.4,-11.75
957,27.51,-32.6,-33.14,-31.77
958,65.61,32.1,76.27,-8.72
959,-115.48,-59.94,-19.19,-25.62
960,-39.68,17.71,-22.43,-24.71
961,8.25,186.2,-20.96,1.02
962,-48.38,-92.19,-18.5,-37.19
963,-16.38,-40.26,54.34,-7.38
964,-19.97,7.62,151.83,-10.34
965,2.62,182.19,-94.89,-14.73
966,-29.33,4.3,55.97,-19.32
967,-2.34,-107.93,-104.66,-17.32
968,-18.17,3.11,-28.94,-22.5
969,-14.28,1.51,12.61,-8.37
970,-2.88,29.6,41.02,-27.72
971,22.85,10.16,11.89,-11.78
972,38.46,31.82,16.88,-28.6
973,-89.0,-25.44,-46.06,-17.91
974,-33.88,13.09,-10.53,-13.97
975,1.65,106.3,13.76,-4.34
976,-44.72,-134.17,40.72,-17.85
977,-8.19,62.53,44.68,-17.15
978,-23.05,31.5,-75.72,-21.32
979,-21.53,-15.19,-3.81,-19.74
980,-4.54,50.05,195.85,-9.9
981,-18.37,50.27,-25.95,-13.17
982,-26.07,-48.12,-90.45,-18.45
983,-26.78,11.58,-16.1,-14.85
984,-8.69,15.27,0.5,-12.5
985,-1.49,11.96,-12.16,-2.2
986,-29.72,-42.09,45.17,-12.83
987,-11.68,40.53,-29.08,-6.68
988,-44.33,-71.07,-24.45,-25.19
989,8.85,25.19,11.78,-7.74
990,-11.69,107.76,0.33,-19.31
991,-39.38,-102.56,11.2,-15.34
992,10.92,10.06,83.89,-11.26
993,-5.09,-105.93,37.25,-14.21
994,-8.08,4.38,-72.28,-12.45
995,12.1,63.11,51.1,-18.98
996,81.35,87.34,-31.84,-1.82
997,-89.54,-11.45,26.3,-24.29
998,-76.77,50.66,228.89,-6.16
999,-33.61,15.8,-140.06,-23.39
1000,-28.46,-94.29,-63.74,-16.86
1001,-9.64,-43.32,-15.82,-11.46
1002,-22.32,-18.78,-11.25,-9.55
1003,-20.91,30.43,33.34,-22.94
1004,11.98,47.61,50.31,-11.84
1005,-40.39,-58.04,100.0,-22.14
1006,-8.42,58.47,-90.86,-19.49
1007,8.25,86.49,-37.72,-7.31
1008,-42.73,-110.05,-15.48,-20.65
1009,-14.21,-85.04,40.7,-11.13
1010,5.57,32.28,-11.04,-10.56
1011,-39.46,-109.11,47.49,-29.36
1012,-15.3,53.73,22.36,-12.5
1013,12.65,249.83,-26.7,5.35
1014,2.2,-153.75,106.37,-7.12
1015,-51.54,38.71,-32.99,-26.0
1016,-58.05,-100.84,-43.03,-13.55
1017,39.06,28.93,-10.38,-11.44
1018,3.26,10.83,7.6,-14.15
1019,-47.49,-25.01,88.88,-22.18
1020,-13.7,40.53,66.35,-7.79
1021,-15.92,-42.61,-44.21,-19.78
1022,-9.81,-14.79,-58.73,-12.49
1023,5.01,126.39,-4.51,-9.44
1024,-22.19,-62.8,21.21,-9.16
1025,-45.6,-91.22,11.89,-25.62
1026,-11.71,94.28,-1.8,-12.5
1027,-22.99,-10.6,9.79,-18.92
1028,-18.62,42.02,19.43,-16.41
1029,-3.63,13.02,-12.65,-9.61
1030,-9.13,-41.59,7.76,-9.37
1031,-1.43,-22.06,105.95,-6.73
1032,-1.82,110.7,155.6,-4.94
1033,-59.13,-77.38,-128.72,-26.05
1034,0.89,-121.95,-48.68,-22.18
1035,-41.57,2.66,-33.6,-20.37
1036,1.11,64.17,-0.53,-5.01
1037,1.87,30.16,-2.34,-18.09
1038,-9.04,75.66,76.33,-8.08
1039,-27.85,-51.7,-15.06,-18.88
1040,39.38,-5.87,-16.73,-6.66
1041,56.22,23.57,17.07,-17.77
1042,-121.37,-8.43,-9.12,-26.1
1043,-42.42,72.14,1.66,-3.82
1044,-14.52,1.89,63.94,-7.22
1045,-25.96,-83.63,-7.78,-17.33
1046,-51.4,-17.64,-25.49,-17.73
1047,-11.47,46.62,3.32,-9.07
1048,-6.97,39.44,107.08,3.58
1049,-13.06,34.81,77.14,-17.32
1050,-8.5,39.76,-123.46,-16.72
1051,-34.15,-62.83,-25.44,-19.62
1052,-22.87,-36.07,-3.85,-14.52
1053,-11.52,116.46,3.46,-14.61
1054,-39.34,-62.4,-1.52,-16.07
1055,-22.42,-28.12,4.09,-13.82
1056,-31.73,61.29,14.71,-10.75
1057,-21.27,73.58,29.29,-7.46
1058,-3.17,-25.2,-0.13,-17.6
1059,9.02,6.07,68.32,-18.43
1060,-17.9,5.89,54.7,-17.67
1061,-20.87,-5.98,-84.76,-13.1
1062,27.17,-29.79,-9.52,-12.56
1063,-18.88,69.19,35.89,-24.62
1064,-46.52,21.22,26.36,-11.54
1065,-14.77,29.57,-35.05,-11.12
1066,-36.34,-49.39,-4.33,-17.58
1067,-13.51,9.96,-18.8,-17.57
1068,74.67,49.92,13.4,-8.68
1069,-23.1,-14.26,37.55,-16.39
1070,-92.82,-26.15,153.7,-10.36
1071,-34.67,-43.2,16.79,-26.39
1072,-29.94,31.56,-122.64,-18.56
1073,-23.86,19.82,-27.35,-15.47
1074,-12.3,4.21,-6.79,-16.77
1075,8.67,145.1,-5.1,-8.73
1076,-47.53,-65.14,0.67,-25.14
1077,12.46,-29.36,59.67,-20.52
1078,-1.21,-11.04,189.73,-18.3
1079,-70.28,-10.01,-145.38,-12.42
1080,-11.74,16.36,-33.17,-15.48
1081,26.28,82.71,-19.92,-19.43
1082,91.95,9.83,12.07,0.84
1083,-126.31,-34.85,-12.54,-25.61
1084,-43.15,101.3,15.83,-8.17
1085,-53.46,-23.45,138.02,-14.46
1086,-26.12,-34.07,46.82,-28.41
1087,-24.41,-1.76,-104.03,-14.37
1088,-6.33,35.56,-42.98,-16.31
1089,-4.92,47.81,2.02,-15.88
1090,-13.78,-29.72,-7.3,-18.06
1091,-14.94,-49.45,-3.94,-15.87
1092,6.88,32.12,113.21,-14.54
1093,-33.63,62.58,-29.65,-22.91
1094,10.1,161.23,-48.29,-2.86
1095,-19.95,-19.08,-0.69,-15.08
1096,-50.83,-116.3,-10.31,-24.7
1097,9.73,48.91,11.84,-9.23
1098,-15.89,-7.77,15.66,-13.67
1099,-30.03,-38.31,16.06,-20.37
1100,-22.24,-53.33,-21.63,-17.08
1101,-7.51,129.14,78.88,3.18
1102,-22.79,-56.98,-1.99,-22.35
1103,-8.77,90.96,-42.1,-12.23
1104,71.56,56.14,182.49,-3.53
1105,-15.41,-125.79,-63.14,-28.31
1106,-104.06,11.6,30.6,-23.14
1107,-38.35,-18.04,-53.52,-10.55
1108,-9.11,96.46,-53.63,-14.71
1109,-40.71,-39.75,59.06,-19.87
1110,-16.99,-8.28,-29.79,-15.16
1111,-2.28,14.45,-47.32,-22.7
1112,-9.68,-12.29,26.0,0.24
1113,-13.68,30.26,-8.95,-15.83
1114,-16.47,1.13,-10.55,-15.6
1115,-15.96,-30.55,5.81,-16.85
1116,-13.56,31.71,47.71,-10.61
1117,0.22,60.2,67.76,-9.15
1118,105.53,-30.09,29.72,-10.6
1119,-80.2,-11.31,-75.87,-21.75
1120,-59.72,245.34,-17.04,-1.4
1121,-67.71,-189.96,2.37,-26.65
1122,-51.3,-63.74,110.97,-20.52
1123,35.7,63.84,93.55,-4.86
1124,-43.39,-49.49,-136.75,-27.98
1125,-16.86,-6.7,23.48,-11.26
1126,-9.5,162.8,4.64,-5.69
1127,-35.96,-81.89,83.24,4.8
1128,7.34,-0.46,-42.56,-21.88
1129,0.26,115.93,-15.34,-21.82
1130,-5.8,-41.77,-31.27,-9.91
1131,-31.73,-85.44,31.52,-9.93
1132,-28.9,9.27,131.85,-14.14
1133,-11.8,5.2,168.28,-11.42
1134,-17.34,124.39,-183.58,-4.15
1135,56.19,68.43,-48.71,0.4
1136,43.59,-65.0,7.73,-0.34
1137,-140.77,8.19,-16.22,-18.66
1138,-52.05,-90.95,-12.82,-14.18
1139,-34.97,0.79,-11.81,-17.98
1140,-21.81,64.64,12.29,-8.43
1141,16.18,100.42,105.34,-3.09
1142,-50.61,-53.83,-66.83,-24.76
1143,-1.52,-17.35,-13.81,-12.1
1144,-34.77,-0.8,45.38,-19.66
1145,-18.08,-22.76,-20.3,-18.96
1146,17.78,-20.93,21.01,-29.27
1147,-14.54,52.17,71.35,-15.08
1148,-30.48,66.82,47.26,-27.48
1149,-5.99,82.11,58.06,-11.98
1150,-18.97,-86.9,-58.17,-15.54
1151,83.42,-33.31,-67.43,-17.12
1152,-59.32,-16.59,-15.23,-19.25
1153,-88.37,68.66,18.85,-24.18
1154,-23.75,124.8,164.26,-16.47
1155,-33.8,-139.66,-72.2,-19.94
1156,-33.83,66.83,-74.43,-17.29
1157,21.29,14.58,76.43,-6.26
1158,-2.03,42.75,127.76,-19.48
1159,-61.31,-39.1,45.84,-25.84
1160,-0.6,83.22,-6.21,-22.55
1161,22.35,-84.55,-143.13,-12.57
1162,-31.17,-19.33,-29.71,-24.86
1163,-39.76,-3.04,-2.09,-13.41
1164,-30.68,-9.14,29.03,-20.5
1165,1.34,-0.58,101.72,-15.34
1166,6.69,77.08,-1.56,-14.01
1167,-27.63,-48.31,40.83,-43.48
1168,-16.31,-1.3,-75.12,-2.64
1169,5.08,21.66,-26.84,-10.14
1170,70.41,50.95,-3.6,-13.36
1171,-121.14,-25.83,34.59,-29.13
1172,-41.29,-57.84,103.21,-8.21
1173,-28.23,90.54,-64.48,-16.89
1174,-16.95,-17.12,91.09,-8.81
1175,-8.59,28.63,116.26,-17.88
1176,-5.26,-97.78,-35.55,-26.37
1177,-14.63,14.26,-77.66,-15.0
1178,52.86,-6.77,-46.93,-15.03
1179,-88.69,122.26,147.55,-6.45
1180,-40.85,-89.24,9.6,-23.18
1181,-18.56,44.2,-100.96,-10.0
1182,-21.5,-91.89,-30.48,-11.63
1183,-14.67,39.71,24.49,-22.36
1184,-18.97,37.92,-24.11,-33.09
1185,-22.14,-36.64,141.04,-9.02
1186,8.49,97.34,85.37,-8.51
1187,-35.12,-52.34,36.9,-8.15
1188,-35.33,102.44,-161.49,-20.92
1189,5.62,-68.0,49.03,-6.95
1190,18.24,67.25,-55.5,-9.7
1191,-15.91,-33.04,10.89,-3.5
1192,-36.34,112.64,-5.83,-7.69
1193,59.93,-92.48,42.69,-21.39
1194,-81.05,-2.79,3.83,-11.49
1195,-49.39,-0.53,49.86,-5.03
1196,-21.04,23.54,2.85,-8.68
1197,-26.98,-16.3,34.96,-27.2
1198,-17.51,9.95,52.89,-2.8
1199,-1.74,-40.18,-62.77,-5.27
1200,-5.67,63.68,21.33,-7.22
1201,-12.03,2.9,53.03,-25.2
1202,-22.89,33.69,-26.88,-4.73
1203,-12.44,3.68,15.54,1.03
1204,19.85,40.41,-19.6,-13.19
1205,-37.54,10.08,31.58,-12.96
1206,-22.55,3.57,176.35,-15.09
1207,1.05,-11.62,-118.98,-16.58
1208,-40.42,-74.62,67.53,-7.25
1209,17.43,7.39,39.67,-13.18
1210,87.0,67.93,47.64,-6.35
1211,-110.86,-28.17,-104.78,-12.6
1212,-48.5,-24.47,-38.99,-5.77
1213,-19.51,46.16,5.76,-3.62
1214,-6.95,4.56,3.0,-5.92
1215,-25.1,28.6,-15.27,-12.67
1216,-6.04,-43.51,-0.84,-9.28
1217,-18.37,-9.65,38.29,-6.57
1218,27.21,85.0,61.91,-1.95
1219,-66.49,-159.33,-43.63,-23.48
1220,-47.74,-0.66,7.53,-19.29
1221,-6.35,28.74,74.3,-21.99
1222,5.07,18.71,99.75,-7.81
1223,-10.94,19.53,-112.67,-13.3
1224,65.9,-4.9,-18.25,-12.87
1225,-47.34,13.6,11.14,-21.42
1226,-70.25,51.4,37.34,-0.14
1227,-25.06,4.06,13.08,-3.24
1228,-37.77,-48.5,-56.07,-12.35
1229,-18.19,52.42,10.63,-6.44
1230,-2.13,34.21,68.05,-14.25
1231,-7.14,-53.04,124.39,-8.5
1232,-9.38,-45.64,-148.72,-12.14
1233,-41.88,-35.43,-4.87,-14.67
1234,-20.5,77.63,3.21,-1.11
1235,-39.21,-42.54,-6.89,-25.73
1236,8.27,20.2,-2.03,-8.55
1237,-27.87,24.79,-5.46,-16.08
1238,-8.14,72.4,92.3,-7.25
1239,56.14,-137.77,-38.05,-17.3
1240,-46.68,-26.78,10.84,-11.09
1241,-32.34,97.76,-10.14,-3.82
1242,-44.9,-58.35,-18.16,-15.02
1243,-35.26,63.3,140.69,-21.13
1244,-26.96,-35.43,-75.92,-15.72
1245,-14.87,11.77,120.93,-10.71
1246,0.8,7.15,-94.31,-13.39
1247,-11.55,14.99,-1.17,-21.74
1248,-42.24,-8.75,38.49,-12.98
1249,-23.78,41.6,-77.11,-18.33
1250,-13.42,9.34,-18.36,-6.97
1251,-34.49,-14.65,-0.64,-6.69
1252,-32.15,1.14,-4.78,-20.5
1253,0.51,-27.28,0.5,-13.99
1254,-14.91,126.09,11.11,-6.25
1255,-19.23,-134.29,-1.86,-26.87
1256,39.76,104.65,34.6,-7.25
1257,43.52,-75.92,50.33,-20.6
1258,-48.4,25.17,-60.5,-19.91
1259,-77.03,4.23,-14.58,-9.8
1260,-40.19,-34.25,4.78,-13.06
1261,-16.3,-6.91,6.94,-16.46
1262,3.8,-3.15,156.09,-19.83
1263,-32.22,8.54,-74.87,-18.5
1264,-30.68,27.55,-39.32,-8.4
1265,-19.2,41.03,52.72,-1.46
1266,-14.0,9.02,-5.93,-14.12
1267,-12.86,55.64,67.59,-21.69
1268,-21.38,-74.71,-99.73,-15.94
1269,-21.94,-23.03,2.41,-18.12
1270,-22.64,-10.51,39.29,-12.08
1271,-11.68,21.97,-19.92,-14.36
1272,-32.31,60.3,11.98,-9.86
1273,-12.34,90.14,-21.09,-11.02
1274,-21.95,-105.45,79.39,-4.12
1275,96.8,20.41,53.23,-20.62
1276,-32.57,28.75,-52.47,-13.76
1277,-104.19,-39.49,-56.85,-9.98
1278,-33.56,63.03,-15.91,-12.22
1279,-11.81,68.63,8.86,-4.97
1280,-24.59,-75.23,3.82,-19.02
1281,-23.29,-79.48,-8.69,-18.32
1282,-21.56,37.86,-13.47,-22.66
1283,-22.75,21.87,38.98,-9.3
1284,-39.75,24.15,90.32,-9.23
1285,2.04,61.24,-22.91,-15.14
1286,-0.15,-28.68,-32.74,-4.79
1287,-16.42,-21.77,48.54,-17.1
1288,-10.36,57.91,-48.25,-13.24
1289,-19.74,4.24,21.82,-18.39
1290,-34.79,-53.37,134.65,-12.33
1291,-17.74,35.13,25.06,-8.22
1292,-23.37,18.46,-96.3,-17.92
1293,-14.77,-10.45,-34.89,-13.71
1294,112.31,163.83,31.53,-10.99
1295,-68.76,-74.48,16.14,-17.42
1296,-107.98,5.24,-33.29,-11.32
1297,-17.91,18.96,2.67,-19.41
1298,-16.76,-28.15,41.24,-15.51
1299,-14.78,27.47,8.41,-9.3
1300,-11.25,-38.38,-8.8,-16.92
1301,-38.21,57.9,-9.86,-15.83
1302,-19.1,-0.26,0.34,-10.1
1303,-10.65,-33.21,3.27,-13.68
1304,-4.94,31.85,0.78,-17.27
1305,-9.71,65.93,7.28,-13.54
1306,-18.87,-3.4,63.77,-11.04
1307,-23.06,-18.88,113.25,-16.96
1308,9.97,35.17,-80.08,-8.64
1309,-26.57,-33.1,17.38,-13.64
1310,-36.02,38.18,-31.65,-20.2
1311,-23.09,41.21,29.98,-9.4
1312,-5.04,114.75,-35.07,-6.66
1313,-13.67,-60.52,-5.35,-17.25
1314,-54.83,-93.15,6.02,-28.49
1315,-2.84,44.59,7.01,-6.92
1316,-15.11,-33.44,-4.3,-22.02
1317,-14.31,34.79,66.95,-19.1
1318,-21.61,34.03,13.54,-19.72
1319,-25.15,18.54,100.44,2.62
1320,28.93,86.84,-31.9,-13.51
1321,-32.29,-79.46,-26.27,-20.61
1322,-40.39,-24.23,-42.17,-17.29
1323,-24.04,36.05,97.82,-13.03
1324,9.54,53.27,44.84,-6.09
1325,76.62,54.5,-32.09,-18.94
1326,-50.74,-51.59,4.0,-16.62
1327,-81.38,58.1,-21.35,-13.7
1328,-37.99,67.04,-30.27,-9.11
1329,-30.06,-40.27,26.53,-13.1
1330,-19.28,65.88,-30.82,-3.15
1331,-9.65,42.27,-1.18,-6.57
1332,-55.1,-71.61,-2.99,-22.76
1333,-32.35,22.78,6.95,-4.14
1334,17.95,37.58,1.69,-13.23
1335,-7.08,-26.43,13.79,-18.7
1336,-0.63,83.94,95.63,-11.5
1337,-25.86,-40.42,-7.51,-24.96
1338,-0.83,81.92,-45.04,-11.95
1339,-20.18,4.38,196.26,-9.29
1340,-4.24,21.87,-67.0,-8.34
1341,92.05,-28.3,-61.51,-7.51
1342,-101.11,31.43,-7.91,-19.25
1343,-62.64,28.0,-34.81,-12.93
1344,-27.43,-37.15,2.73,-18.56
1345,-32.04,9.6,0.88,-22.77
1346,-0.35,104.78,20.66,-10.59
1347,-24.44,-31.46,8.92,-18.83
1348,1.95,100.19,-22.93,-11.64
1349,-33.62,-46.46,-2.74,-16.16
1350,-13.42,90.12,5.48,-5.3
1351,-22.16,-77.25,3.69,-14.94
1352,-22.84,28.76,3.74,-21.82
1353,-21.14,-85.55,7.24,-11.57
1354,-23.57,105.42,3.72,-16.04
1355,-19.9,71.81,4.24,-19.35
1356,17.95,19.52,5.11,-17.81
1357,-9.76,-13.08,3.06,-14.65
1358,-8.86,15.45,5.39,-13.39
1359,63.02,58.39,94.08,-11.39
1360,-110.61,32.42,32.5,-25.96
1361,-43.36,-34.45,94.34,-8.97
1362,-50.31,-55.84,-60.78,-23.63
1363,-14.24,19.47,-74.29,-22.54
1364,-7.79,34.01,-23.45,-18.72
1365,-13.02,16.43,7.82,-10.48
1366,-13.22,99.71,-13.76,-12.48
1367,-20.15,64.32,12.43,-11.17
1368,-3.71,52.09,113.93,-5.98
1369,-12.13,-54.68,-29.13,-21.06
1370,-13.24,-2.66,-33.39,-27.14
1371,-21.91,2.41,-21.17,-21.97
1372,-35.71,-19.8,-4.22,-14.38
1373,-16.3,29.31,-2.55,-20.84
1374,10.36,191.11,10.26,-6.88
1375,-43.93,-93.55,0.15,-26.87
1376,-13.8,12.71,6.58,-23.14
1377,84.86,25.58,-4.34,-18.59
1378,-65.91,-17.99,1.32,-21.11
1379,-80.99,24.15,7.24,-17.06
1380,-50.07,22.53,6.09,-12.57
1381,3.37,-32.61,3.72,-15.25
1382,-7.01,18.15,102.91,-17.06
1383,-7.92,59.05,10.01,-22.31
1384,-23.68,-16.62,-31.61,-24.04
1385,-18.64,27.38,-8.72,-16.4
1386,9.49,-22.05,11.46,-24.49
1387,-31.97,-8.98,43.61,-13.15
1388,-7.51,182.38,17.86,2.01
1389,-52.56,-94.13,-26.85,-22.82
1390,-8.82,138.94,12.09,-22.04
1391,15.76,-65.81,-38.65,-9.69
1392,-20.03,92.73,-11.26,-15.22
1393,-17.12,-91.94,-9.41,-26.8
1394,59.8,17.46,0.38,-12.43
1395,-77.88,-17.01,6.23,-12.96
1396,-43.68,-1.39,-7.66,-23.57
1397,-30.73,68.54,14.06,-17.15
1398,-21.97,14.46,4.85,-14.6
1399,3.34,111.19,8.84,-9.5
1400,-25.54,-24.81,8.29,-17.13
1401,-25.82,21.46,75.5,-23.62
1402,-15.48,-28.32,-36.25,-22.99
1403,-20.25,-22.52,0.48,-23.1
1404,-34.91,-11.61,4.86,-14.24
1405,9.13,29.25,-13.03,-10.58
1406,-0.31,30.73,1.89,-13.03
1407,-7.83,127.22,34.96,-8.39
1408,-36.87,-91.5,88.9,-29.7
1409,-15.51,24.75,17.43,-3.17
1410,4.4,94.02,-83.58,-10.95
1411,-39.32,-90.66,13.25,-23.31
1412,-27.21,-4.06,3.13,-12.9
1413,-9.37,64.48,-34.47,-11.46
1414,-16.53,10.1,-6.03,-17.09
1415,115.26,-18.45,49.04,-22.86
1416,-103.55,2.51,-0.38,-13.5
1417,-74.46,43.67,52.69,-18.09
1418,-32.82,-23.94,-60.4,-14.1
1419,-1.35,78.99,-11.95,-6.59
1420,2.05,81.17,-1.28,-10.22
1421,-28.97,-25.01,-2.83,-17.06
1422,-43.33,-56.67,39.95,-19.12
1423,-15.9,20.38,162.28,-19.75
1424,-3.29,0.58,-111.41,-6.0
1425,-19.05,-44.08,-39.21,-23.14
1426,-27.4,90.52,50.63,-11.19
1427,-18.4,44.88,137.19,-6.75
1428,-7.2,-39.56,-146.44,-14.66
1429,8.51,93.18,-16.61,-17.45
1430,14.48,-25.46,-12.8,-18.21
1431,1.63,86.1,1.36,-6.58
1432,-54.92,-35.49,19.22,-17.34
1433,-26.91,39.82,100.37,-19.92
1434,-12.49,-25.63,-36.77,-25.95
1435,-24.26,-36.35,-50.29,-45.66
1436,-11.2,-1.78,16.53,0.44
1437,-7.88,6.08,-9.64,13.34
1438,-14.79,23.84,32.9,15.77
1439,-14.4,22.27,125.68,-44.38
1440,-2.43,166.12,-65.96,-7.58
1441,-25.81,-62.84,-42.29,-11.57
1442,-28.62,-66.87,-20.92,-9.84
1443,13.82,124.21,1.51,20.35
1444,-17.07,-127.56,-2.92,-25.42
1445,8.15,10.51,60.94,-16.57
1446,-57.87,-43.61,-24.15,-14.8
1447,45.63,15.03,-7.47,-15.32
1448,-32.55,60.82,31.37,-6.3
1449,-98.51,-68.66,21.2,-0.24
1450,-16.58,36.28,0.9,-19.51
1451,-14.51,19.76,30.93,-15.95
1452,3.73,58.63,-27.57,-13.26
1453,-26.85,-63.85,92.47,-11.38
1454,-17.72,-34.12,52.42,-19.9
1455,-17.44,-71.3,-57.18,-17.38
1456,-16.78,16.17,-43.48,-16.83
1457,-14.84,17.16,32.37,-18.21
1458,22.25,18.95,-13.42,-13.2
1459,115.49,122.84,43.34,-8.96
1460,-128.06,-50.72,-12.65,-17.33
1461,-73.73,-141.33,-23.49,-21.63
1462,-17.93,76.14,-2.25,-17.1
1463,-11.79,106.14,-1.45,-3.55
1464,-43.19,-132.59,51.87,-29.49
1465,-27.59,43.06,43.3,-17.38
1466,2.75,0.49,8.12,-7.28
1467,-21.43,-8.9,-52.18,-12.92
1468,-22.18,-50.11,-11.29,-15.4
1469,-1.13,-12.58,1.72,-15.23
1470,3.01,12.47,25.85,-12.46
1471,-25.14,96.29,1.51,-17.63
1472,-40.79,-55.62,37.4,-7.12
1473,45.14,122.72,70.48,-20.69
1474,-9.63,-73.25,-35.54,-17.15
1475,-26.37,109.61,110.99,-14.46
1476,-39.19,-119.78,-24.72,-26.6
1477,-19.72,5.1,-63.68,-35.25
1478,-15.23,92.21,-29.79,-19.83
1479,-25.15,-65.52,19.77,6.19
1480,-1.65,100.0,123.18,-3.57
1481,-34.21,-85.83,-84.75,-21.13
1482,-3.78,61.23,-17.65,-8.82
1483,88.38,23.09,29.24,-20.11
1484,-78.77,-92.72,45.64,-18.88
1485,-67.55,16.44,-44.44,-17.71
1486,-33.47,101.06,-0.27,-6.36
1487,-8.7,109.92,69.0,-12.35
1488,0.0,-91.06,-26.99,-24.34
1489,29.62,156.79,-19.65,-14.74
1490,-66.58,-97.44,-4.16,-20.31
1491,-27.67,-15.83,11.45,-20.85
1492,-24.48,25.98,3.95,-16.97
1493,-11.06,15.86,10.58,-13.77
1494,-10.55,-73.55,54.62,-26.23
1495,-21.67,107.03,114.11,-6.7
1496,23.34,244.62,-45.3,-5.82
1497,-50.77,-205.92,-63.72,-23.7
1498,-19.14,-28.51,-12.12,-10.99
1499,-16.74,59.84,-0.86,-16.73
1500,3.39,111.14,4.56,-4.54
1501,-38.51,-151.17,10.83,-24.93
1502,-9.31,38.25,-4.29,-16.9
1503,-16.3,19.44,75.33,-20.95
1504,-20.4,-13.21,138.78,-11.02
1505,-36.82,25.39,-129.15,-7.42
1506,102.5,37.72,-19.86,9.16
1507,-8.43,70.16,32.31,-21.22
1508,-116.52,29.91,-30.29,-29.75
1509,-38.6,-50.33,12.65,-25.71
1510,-27.05,6.69,26.26,-21.24
1511,-37.89,-25.37,17.71,-19.77
1512,2.65,121.32,-32.02,3.87
1513,-24.43,-66.21,30.55,-19.54
1514,1.96,14.94,114.29,-6.21
1515,-9.26,88.38,-37.47,-8.1
1516,-37.78,-28.9,21.32,-38.68
1517,-16.8,-23.86,-36.03,-15.81
1518,-1.13,70.88,-43.49,-15.1
1519,-9.51,-38.53,-0.11,-43.12
1520,83.01,-53.03,1.11,-1.83
1521,-124.65,19.23,129.06,0.17
1522,-24.14,68.68,-32.14,-7.86
1523,-53.44,-46.01,99.69,-25.15
1524,3.98,41.63,-56.36,0.24
1525,10.71,103.53,-50.79,4.38
1526,-33.49,-37.22,-35.49,-14.95
1527,-14.87,31.39,-7.65,-17.53
1528,-21.56,28.89,1.01,-5.79
1529,-42.38,-74.79,60.92,-30.66
1530,6.72,112.53,41.27,-3.78
1531,-28.42,-2.02,-22.85,-15.31
1532,23.99,31.33,-34.33,-3.3
1533,-28.74,-19.03,0.59,-6.19
1534,-31.28,-13.7,2.56,-10.47
1535,-22.06,69.39,14.86,-15.29
1536,2.12,32.17,4.11,-9.28
1537,-19.79,19.31,3.15,-29.0
1538,-13.98,0.31,135.43,-16.4
1539,-11.51,-12.08,64.91,27.95
1540,64.85,1.43,17.47,-32.15
1541,-54.68,204.53,-95.27,-6.43
1542,-61.92,-183.72,-4.2,-23.03
1543,-29.16,-2.9,-24.52,-14.09
1544,-28.35,-0.94,-4.98,-7.7
1545,-14.77,125.7,19.62,-8.06
1546,-8.03,-37.49,-20.58,-17.17
1547,-40.81,-39.92,-15.19,-17.39
1548,-23.7,-5.95,3.85,-13.71
1549,-9.9,45.65,17.46,-3.62
1550,-27.0,29.59,0.56,-14.1
1551,-24.75,25.18,6.28,-10.28
1552,56.92,-2.91,73.78,-25.97
1553,-6.06,90.05,82.98,-24.82
1554,-91.4,-64.27,96.1,1.32
1555,-34.58,31.19,-148.02,-7.61
1556,-0.5,42.92,20.53,4.46
1557,-22.81,-87.51,86.57,-23.03
1558,-8.81,9.39,-114.8,-5.23
1559,-24.92,65.96,-15.28,-6.8
1560,-30.0,-76.02,-7.96,-2.15
1561,-49.93,-23.83,-6.97,-24.52
1562,16.78,225.12,13.25,-9.18
1563,-21.53,-16.92,-3.81,-20.88
1564,-30.4,-80.19,0.5,-23.62
1565,-20.69,0.27,55.42,-5.92
1566,67.36,-8.34,49.0,-15.42
1567,-48.5,19.09,91.39,-13.95
1568,-53.72,30.44,-119.65,-10.45
1569,-24.58,-22.27,-17.78,-11.48
1570,6.81,39.22,0.06,-2.21
1571,-35.49,-13.06,81.51,-25.22
1572,-32.57,160.2,92.03,-27.17
1573,-22.57,-26.31,-70.48,-19.25
1574,-30.69,-109.52,-58.68,-9.23
1575,-28.97,-10.85,95.45,-18.9
1576,104.93,50.64,12.85,-11.52
1577,-75.88,33.09,-97.68,4.54
1578,-54.05,40.17,-12.43,-11.98
1579,-18.91,-46.2,34.92,-6.2
1580,-11.02,58.6,-22.07,-16.78
1581,19.68,189.57,-10.1,0.94
1582,-42.57,-133.12,54.58,-22.69
1583,-48.77,-29.82,39.95,-14.45
1584,-21.59,17.46,24.53,-17.43
1585,-14.48,29.0,-39.55,-9.71
1586,-39.35,33.55,-32.92,-15.72
1587,-2.75,12.79,3.58,-29.3
1588,68.68,91.46,303.14,-13.35
1589,24.98,-2.02,-125.73,4.86
1590,-115.1,-62.04,-99.12,-15.47
1591,0.7,-15.17,-22.08,-22.27
1592,-15.53,157.76,-4.94,8.93
1593,-49.01,11.72,128.23,6.31
1594,-28.22,-44.35,-34.57,-36.37
1595,-17.56,-57.2,-0.16,-6.98
1596,-24.0,52.46,155.61,-4.91
1597,-15.2,143.93,-90.85,-7.39
1598,-21.51,-55.44,-16.46,-46.54
1599,2.41,-13.4,-9.8,-13.94
1600,1.33,122.76,156.99,11.35
1601,18.78,-112.81,35.9,-17.79
1602,-77.21,-30.09,-5.08,0.69
1603,-18.81,53.27,-63.62,-12.02
1604,-9.7,42.35,88.36,-19.98
1605,-7.17,18.23,-52.59,-13.35
1606,-43.76,-43.33,-19.08,-19.07
1607,-47.58,-23.25,93.39,-17.27
1608,-6.51,60.12,-93.62,2.84
1609,-0.77,35.93,-46.41,-7.93
1610,6.53,15.99,-3.19,-4.46
1611,53.06,92.46,7.99,-15.03
1612,-33.54,-12.26,7.48,1.69
1613,-90.92,-12.09,10.16,-17.81
1614,-28.69,-7.27,402.13,3.09
1615,-21.81,5.33,-76.72,-30.88
1616,16.35,81.4,-188.55,8.01
1617,5.74,-63.9,-43.88,-7.77
1618,-40.77,14.26,-20.1,-7.9
1619,-18.18,17.03,195.62,-15.84
1620,-25.96,-52.31,-88.15,-33.36
1621,2.96,71.42,-56.23,2.1
1622,-20.08,65.67,-22.36,-3.93
1623,-15.4,-49.33,-10.51,-2.21
1624,56.87,79.73,12.78,-15.32
1625,-142.45,-19.89,109.1,-11.97
1626,-16.89,14.55,115.15,30.19
1627,-25.61,17.05,-82.86,-17.28
1628,9.06,101.9,62.33,-16.73
1629,-40.51,-75.86,43.95,-9.28
1630,2.72,122.5,-98.19,-2.14
1631,-36.46,-114.22,-24.71,-0.7
1632,5.25,83.85,73.46,4.64
1633,-21.03,-45.1,44.91,-2.74
1634,-43.58,-63.78,-60.79,-11.36
1635,12.06,63.19,-22.94,-22.95
1636,-8.54,-70.25,130.03,-8.25
1637,-35.35,61.07,276.11,-21.69
1638,59.71,35.84,-265.75,11.19
1639,-78.93,4.79,-60.52,10.43
1640,-30.99,227.54,1.82,-8.04
1641,-45.97,-137.88,-23.95,-21.97
1642,4.45,19.63,4.64,-4.04
1643,-0.43,226.77,132.8,1.99
1644,-57.55,-269.67,-78.51,-19.57
1645,-10.14,-15.44,-14.79,-5.36
1646,-15.86,13.93,-0.17,-1.75
1647,-2.86,35.41,63.09,-9.68
1648,-16.37,8.44,-57.11,-10.31
1649,-10.74,26.02,10.24,3.78
1650,-21.6,-26.01,19.3,-13.45
1651,-19.51,12.53,142.33,-2.18
1652,-6.79,97.97,9.18,-14.23
1653,73.35,21.1,-49.15,-15.07
1654,-66.24,-14.68,-86.63,-11.16
1655,-98.58,17.46,-20.56,0.62
1656,8.06,108.87,-4.49,-17.45
1657,-6.92,-79.65,21.85,-3.33
1658,-24.43,8.46,2.12,10.84
1659,-17.93,19.23,-4.55,-25.37
1660,16.26,10.92,95.97,-7.33
1661,-10.35,29.92,30.77,-0.18
1662,-31.68,-19.17,-79.71,-16.89
1663,4.78,97.58,-13.07,-6.56
1664,-38.24,-119.65,-7.66,-20.4
1665,-22.43,0.33,37.05,-11.21
1666,-10.65,94.09,202.29,-1.13
1667,-6.95,55.5,93.79,-16.88
1668,-32.18,-1.77,-151.93,-20.06
1669,12.28,43.49,-71.64,4.19
1670,-24.35,-47.2,-50.54,-10.68
1671,18.2,154.35,-10.57,1.86
1672,-30.33,-14.12,-9.79,-17.1
1673,-24.24,-38.46,0.06,-17.23
1674,-26.22,-75.43,12.2,-17.91
1675,-20.37,28.3,-16.95,-28.45
1676,-25.62,2.83,1.18,-24.1
1677,-2.79,26.08,17.76,4.48
1678,36.54,14.01,-14.7,-10.27
1679,74.02,87.52,11.04,-4.93
1680,-102.25,-10.1,30.5,0.25
1681,-72.33,-89.94,88.89,-13.88
1682,-29.98,33.96,33.9,-13.52
1683,-4.74,151.14,12.36,-14.0
1684,-4.04,-36.68,-72.15,-12.26
1685,-23.74,30.93,96.39,-12.92
1686,-19.09,-39.68,-92.32,-21.21
1687,-7.49,34.4,-47.27,-19.22
1688,-14.8,3.18,-15.46,-8.0
1689,-25.26,71.23,2.95,-10.7
1690,-16.58,-31.59,11.89,-10.59
1691,-15.52,-1.08,-4.76,-17.84
1692,-18.23,51.7,7.82,-14.91
1693,-4.59,-109.2,64.11,-11.78
1694,15.7,93.85,5.08,-15.59
1695,-52.64,-33.87,-21.24,-31.18
1696,-23.13,53.7,-15.87,-21.81
1697,-17.63,-19.82,39.27,-22.19
1698,-12.57,13.32,149.18,0.97
1699,-21.71,43.3,-134.87,-19.03
1700,21.49,41.42,-27.84,-14.19
1701,59.38,37.29,37.3,-18.8
1702,-110.97,34.01,19.08,-11.25
1703,-56.14,-20.46,18.3,-29.12
1704,-7.71,100.63,52.53,-8.91
1705,-22.91,-72.56,67.12,-16.86
1706,-15.06,-52.65,-93.71,-24.87
1707,-12.99,-4.44,-51.15,-9.67
1708,-0.91,117.87,-25.37,-12.6
1709,-13.09,-88.62,-11.26,-20.56
1710,-33.06,16.15,-6.73,-19.6
1711,-51.83,-29.23,-0.53,-16.22
1712,14.09,64.19,2.0,-13.15
1713,-10.03,49.4,43.78,-16.67
1714,-19.21,-52.39,22.85,-9.12
1715,-1.06,80.23,3.83,-13.99
1716,-33.26,-25.49,-33.28,-32.03
1717,64.05,39.35,84.43,-22.58
1718,-84.94,9.44,-73.08,-15.24
1719,-39.65,20.86,-15.09,-6.61
1720,-6.98,143.1,-3.3,-16.31
1721,-49.48,-91.18,187.91,-31.47
1722,-14.25,-15.58,-31.03,-20.2
1723,-1.09,80.42,-90.23,-8.02
1724,-5.46,-15.35,-40.86,-11.45
1725,-30.02,-36.1,-18.38,-25.9
1726,-37.8,41.55,45.37,-9.22
1727,-1.74,33.83,106.94,-24.19
1728,-21.5,30.44,-104.65,-20.78
1729,30.52,19.72,-14.74,-14.37
1730,23.48,10.63,-13.74,-15.57
1731,-102.48,56.41,6.14,-16.98
1732,-40.35,-43.98,-15.54,-22.39
1733,-24.83,51.54,3.92,-10.27
1734,-14.73,138.28,140.12,-1.05
1735,-22.11,89.39,96.81,-25.5
1736,-26.46,-140.05,-96.1,-39.34
1737,-8.15,-20.03,5.44,-15.61
1738,-9.73,99.43,50.93,-4.0
1739,-23.39,33.14,44.48,-9.13
1740,-0.06,-12.46,-14.54,-29.1
1741,-21.18,28.17,-36.02,-9.88
1742,-20.22,-14.22,-77.5,-15.16
1743,-11.04,23.86,-21.98,-18.16
1744,-6.56,69.66,8.01,-13.08
1745,1.67,60.0,59.83,-15.23
1746,-39.98,-24.58,-16.51,-21.01
1747,-10.37,81.24,-19.27,-14.41
1748,20.67,8.78,-12.93,-14.25
1749,46.29,30.74,105.02,-20.58
1750,-114.15,-10.34,-0.49,-25.77
1751,-37.62,-2.2,-57.92,-22.29
1752,-20.78,36.42,-22.86,-13.04
1753,-21.48,58.53,-15.9,-18.98
1754,-23.67,40.72,46.24,-18.87
1755,9.16,21.2,82.71,-22.85
1756,-10.26,-61.51,52.77,-22.0
1757,-41.59,26.49,-95.03,-7.67
1758,-29.59,71.54,-13.05,-13.55
1759,-16.52,-36.58,3.46,-19.4
1760,10.02,69.11,102.77,-9.1
1761,-10.54,69.18,44.24,-13.66
1762,-35.63,-106.81,-105.69,-25.52
1763,-17.17,27.97,47.72,-15.05
1764,-12.24,56.26,26.03,-18.94
1765,-13.92,86.65,71.64,-28.85
1766,-0.93,-5.37,-67.08,-14.16
1767,-37.34,-37.21,-41.65,-14.36
1768,51.02,17.36,-3.35,-19.48
1769,-19.68,83.16,38.26,-10.06
1770,-66.28,-43.1,-51.73,-18.55
1771,-23.77,108.84,6.4,-15.5
1772,-51.3,-17.5,-7.4,-21.84
1773,-42.67,-18.67,14.26,-20.13
1774,-8.84,-22.13,50.05,-17.51
1775,-13.16,13.58,-29.96,-21.74
1776,-15.19,17.32,-3.74,-19.24
1777,-7.89,15.12,23.32,-17.45
1778,-20.13,156.19,88.88,-10.34
1779,-49.7,-74.84,96.32,-31.56
1780,5.34,9.24,-112.59,-21.26
1781,6.4,-14.88,100.35,-19.81
1782,5.53,37.69,98.82,-10.2
1783,-30.6,9.25,-51.13,-26.8
1784,-19.6,5.59,-77.21,-13.3
1785,19.58,90.37,128.7,-15.15
1786,-47.02,-24.72,-57.77,-24.87
1787,67.94,38.65,-90.03,-22.97
1788,-89.47,25.69,-18.64,-11.96
1789,-57.29,6.46,-5.65,-18.5
1790,-52.15,27.23,141.87,-15.97
1791,-16.26,61.16,-98.03,-16.2
1792,0.33,-48.46,-20.01,-25.67
1793,0.95,38.33,-3.37,-28.99
1794,-3.55,132.73,74.15,-16.91
1795,-38.9,-98.11,-30.35,-26.24
1796,8.54,20.08,113.52,-18.19
1797,-1.16,11.1,47.37,-9.22
1798,-35.71,18.35,-120.62,-18.26
1799,-16.39,40.25,6.74,-18.12
1800,-10.34,19.86,46.67,-25.09
1801,15.45,116.04,26.36,-13.85
1802,24.64,-49.72,-12.7,-6.9
1803,-110.84,20.14,-56.04,-24.11
1804,-29.83,57.97,109.0,-8.77
1805,-49.13,-59.17,-62.73,-28.61
1806,-2.01,40.73,-33.57,-16.39
1807,-13.98,82.05,13.42,-20.16
1808,-12.81,-29.03,107.02,-16.21
1809,12.1,88.37,72.68,-8.91
1810,-23.28,-6.87,-20.13,-20.37
1811,-35.11,-60.86,-49.56,-21.6
1812,-13.97,28.07,-28.29,-20.91
1813,-8.5,-2.01,-27.09,-18.63
1814,14.88,48.6,7.13,-21.76
1815,-21.68,54.34,133.17,-24.54
1816,56.26,1.89,40.83,-22.49
1817,-91.23,27.22,-97.67,-3.02
1818,-37.45,87.62,48.55,-11.08
1819,-64.25,-81.81,-40.63,-29.82
1820,-17.74,-8.36,-44.01,-21.14
1821,14.29,199.23,100.49,-14.11
1822,-44.72,-137.51,-26.3,-22.69
1823,-9.96,-5.08,59.13,-23.04
1824,-14.2,10.98,-82.13,-17.26
1825,-25.05,30.2,-16.21,-17.86
1826,19.12,-2.66,-16.33,-28.66
1827,95.17,130.26,12.78,-7.83
1828,-114.89,-25.19,104.18,-14.44
1829,-67.4,-52.07,26.41,-21.03
1830,-21.15,22.4,221.34,-28.86
1831,-40.23,7.76,-242.18,-12.64
1832,-37.16,23.83,-39.59,-17.93
1833,15.55,16.15,-17.63,-34.16
1834,-16.64,25.69,-5.29,-23.84
1835,-18.78,10.86,4.1,-13.44
1836,-6.37,-11.23,11.63,-14.87
1837,-8.84,18.94,21.7,-16.59
1838,-9.07,102.06,21.13,-20.76
1839,2.36,-57.34,62.76,-23.15
1840,37.96,114.45,62.13,-13.12
1841,-4.02,13.69,116.04,-7.76
1842,-130.26,-54.56,-92.43,-20.76
1843,-49.34,-1.69,-100.89,-25.89
1844,-7.58,28.31,-12.91,-11.31
1845,-14.13,-7.23,-8.38,-23.9
1846,-13.54,52.0,1.08,-20.73
1847,-11.04,-4.41,63.2,-18.56
1848,-18.44,-8.67,50.61,-20.16
1849,-13.59,133.49,-61.73,-13.34
1850,-17.49,42.67,-11.72,-10.56
1851,-10.64,-111.5,-6.41,-30.46
1852,-17.35,-3.74,5.72,-18.01
1853,-16.66,40.81,35.6,-11.92
1854,-39.24,37.02,9.37,-21.49
1855,-19.87,-7.09,45.21,-21.7
1856,56.47,99.38,70.82,-7.03
1857,-31.33,184.58,-72.67,-13.62
1858,-84.59,-144.63,7.49,-21.41
1859,-16.93,1.65,195.03,-23.7
1860,-34.77,-25.85,-83.72,-22.41
1861,-16.97,24.47,-44.75,-13.82
1862,-21.05,38.76,-45.69,-19.37
1863,-23.61,75.33,37.13,-11.43
1864,-14.32,-31.73,15.49,-22.76
1865,17.61,43.71,-8.26,-12.96
1866,-3.21,21.06,-7.13,-16.49
1867,-28.75,55.53,96.69,-16.41
1868,28.59,-9.45,-67.2,-17.93
1869,-116.17,-1.1,56.52,-20.69
1870,-22.03,1.68,-43.63,-24.28
1871,-25.96,68.69,-21.1,-9.52
1872,-17.02,33.43,5.46,-12.41
1873,18.79,74.05,9.73,-11.67
1874,-23.95,-18.9,4.97,-12.42
1875,-11.43,-40.15,13.86,-24.15
1876,-45.12,20.6,183.07,-27.93
1877,-18.8,21.26,-74.24,-24.22
1878,46.25,17.43,-61.69,-12.18
1879,-24.26,53.53,-14.08,-17.09
1880,-61.17,112.42,0.81,-8.4
1881,-39.54,-17.38,10.45,-23.07
1882,-24.49,-16.07,83.84,-19.74
1883,-10.05,79.63,17.9,-12.77
1884,-22.78,-27.89,17.12,-25.44
1885,-14.16,2.27,23.0,-14.96
1886,-12.35,46.37,-2.06,-23.97
1887,-14.87,-13.0,-35.83,-14.93
1888,27.64,104.82,-25.07,-7.07
1889,-49.95,49.84,-1.28,-13.84
1890,-40.33,-23.58,-8.29,-17.32
1891,19.18,138.41,133.09,-0.97
1892,57.65,-21.92,25.34,-19.01
1893,-110.85,4.31,-56.93,-22.39
1894,-44.06,-1.75,6.78,-20.25
1895,10.74,38.62,-28.05,-14.51
1896,-20.92,24.63,2.11,-9.56
1897,-35.62,69.42,-8.78,-11.35
1898,-6.19,92.83,-0.26,-6.77
1899,-17.61,-67.16,20.32,-11.36
1900,-27.48,5.51,44.99,-33.34
1901,-20.27,43.79,133.71,-15.44
1902,-24.22,-11.29,-57.68,-16.1
1903,8.0,20.41,-63.06,-13.11
1904,-15.78,-26.4,-6.37,-13.01
1905,-18.32,64.1,-30.84,-18.87
1906,5.37,91.35,2.18,-9.79
1907,25.39,96.06,58.59,-2.89
1908,-78.31,-10.2,-1.89,-27.96
1909,-34.99,-26.31,23.38,-7.27
1910,-26.73,-22.81,-27.84,-16.22
1911,-12.32,83.58,57.44,-12.28
1912,-16.93,8.88,-7.38,-16.8
1913,-13.49,-8.96,109.1,-8.87
1914,-24.39,16.32,-77.58,-14.92
1915,-16.34,60.51,-37.21,-12.99
1916,13.0,61.85,-3.58,-8.27
1917,32.65,-25.21,43.26,-19.05
1918,-20.99,60.33,21.07,-13.01
1919,-62.13,41.69,-37.92,-9.69
1920,-39.36,-41.04,-4.05,-20.92
1921,-39.41,38.73,117.97,-17.33
1922,-12.18,32.31,54.2,-15.43
1923,-12.22,41.13,-61.35,-23.66
1924,-15.35,-14.35,-37.86,-13.61
1925,-9.19,81.74,-12.11,-15.18
1926,-18.28,56.3,116.91,-11.02
1927,-17.83,-6.42,-78.67,-15.49
1928,-26.19,-27.77,-17.15,-21.02
1929,-7.07,88.75,40.23,-15.12
1930,-4.61,-5.04,-19.07,-15.82
1931,-40.89,21.42,-0.32,-19.48
1932,-11.3,93.3,103.86,-7.41
1933,-12.5,47.81,-53.63,-12.68
1934,-31.53,-44.95,-26.26,-15.39
1935,-14.68,91.93,-2.11,-20.67
1936,-23.01,-105.5,-10.03,-23.51
1937,41.19,217.12,37.4,-1.66
1938,-25.22,-69.25,113.63,-18.69
1939,-55.07,-46.17,-13.37,-21.55
1940,-18.84,41.17,-52.36,-27.5
1941,-48.3,5.14,23.61,-10.56
1942,-26.62,-17.28,132.55,-20.69
1943,28.85,11.69,-89.75,-18.2
1944,77.13,34.08,-6.65,-22.42
1945,-108.66,24.15,-42.84,-20.29
1946,-44.07,4.61,187.58,-34.07
1947,-15.58,13.76,-117.4,-16.06
1948,-15.48,74.53,-36.7,-7.59
1949,-12.85,-39.93,-14.77,-22.15
1950,-34.02,-15.5,3.93,-22.84
1951,-13.26,71.83,50.65,-10.71
1952,-1.28,92.54,-49.32,-9.04
1953,-56.24,-173.03,57.23,-21.6
1954,33.09,104.09,-34.88,-27.74
1955,53.05,54.11,-15.91,-17.64
1956,-95.49,117.5,3.95,-10.08
1957,-3.88,77.04,92.11,-14.38
1958,-45.19,-123.94,-5.52,-24.85
1959,-34.61,-53.43,234.73,-24.06
1960,-4.74,87.65,-123.38,-19.59
1961,-8.31,-52.46,-111.05,-16.51
1962,-16.6,43.86,-12.46,-20.24
1963,-40.57,35.16,-15.25,-19.15
1964,-28.97,24.87,-33.46,-17.89
1965,1.58,32.59,40.53,-6.46
1966,3.35,93.79,64.7,-10.69
1967,-48.63,-58.9,-43.62,-25.74
1968,-22.97,-61.47,6.67,-24.95
1969,13.46,179.05,-32.69,-17.67
1970,69.69,-87.87,16.78,-21.24
1971,-112.7,20.76,83.1,-17.21
1972,-23.46,65.4,-88.99,-11.48
1973,16.81,63.13,49.18,-2.62
1974,-64.68,-61.56,110.19,-46.4
1975,-33.18,-23.86,128.54,-12.19
1976,-9.69,61.3,-171.67,-21.31
1977,-29.29,99.92,-15.51,-10.29
1978,-26.63,-10.03,19.41,-18.32
1979,10.69,69.38,-57.3,-12.35
1980,71.47,-17.44,-27.93,-15.77
1981,-86.37,128.3,-0.83,-23.31
1982,-20.47,-92.15,66.83,-7.33
1983,-61.43,-20.64,216.27,-31.07
1984,-30.96,46.17,-128.25,-20.8
1985,-6.63,-35.09,-102.92,-19.72
1986,20.53,74.3,-22.91,-7.84
1987,7.55,106.39,-9.74,-4.07
1988,-55.71,-17.19,3.38,-16.01
1989,-21.7,94.96,112.8,-14.21
1990,-42.16,-141.05,66.83,-23.24
1991,-9.02,58.33,-11.17,-16.13
1992,-12.93,34.43,-64.66,-16.19
1993,-27.15,7.9,-23.43,-17.3
1994,-3.96,99.19,-40.96,-11.83
1995,54.36,-97.0,28.44,-19.17
1996,-85.75,42.82,10.17,-18.88
1997,-29.59,-83.54,94.52,-15.22
1998,-12.1,64.3,41.44,-9.87
1999,45.72,216.65,-45.97,-3.9
2000,-61.99,-167.19,-57.66,-9.71
2001,-55.41,-32.9,-20.32,-23.45
2002,-16.39,-17.92,4.67,-13.56
2003,-24.42,-15.72,-25.62,-25.02
2004,-1.84,122.2,59.35,-11.19
2005,40.6,28.05,25.8,-18.79
2006,19.06,7.8,55.4,-9.52
2007,-107.38,-27.3,12.03,-12.36
2008,13.49,192.25,146.2,-1.09
2009,-47.04,-71.33,-91.38,-23.84
2010,-16.37,-27.29,-66.65,-11.8
2011,-30.01,10.05,-45.51,-19.11
2012,53.88,105.9,-8.51,-5.1
2013,-36.14,-70.23,-5.82,-23.61
2014,-14.51,47.71,132.67,-14.97
2015,-26.29,53.61,-29.14,-12.73
2016,-31.14,-9.21,-12.11,-9.63
2017,-17.73,-23.86,-53.04,-20.94
2018,-21.07,-57.85,-9.33,-29.61
2019,-46.6,-10.94,-3.16,-13.95
2020,-20.96,47.82,-11.02,-8.41
2021,1.17,100.0,5.25,-9.54
2022,4.65,107.67,9.16,-5.73
2023,-24.9,86.91,-1.33,-18.29
2024,23.47,-103.58,116.29,-24.94
2025,-16.54,-62.98,-40.0,-22.68
2026,-73.94,-15.37,-13.1,-1.29
2027,-41.81,140.26,-1.82,-13.57
2028,-38.44,-28.85,-15.81,-17.47
2029,8.59,37.59,-16.62,-17.27
2030,0.86,-14.18,26.21,-28.84
2031,-24.64,32.21,27.52,-12.16
2032,-54.1,-96.55,117.61,-14.81
2033,-39.29,-15.08,99.4,-19.93
2034,2.06,156.52,-136.16,-5.92
2035,-24.32,-91.93,74.27,-9.94
2036,7.95,78.5,-107.7,-17.27
2037,-10.24,-64.92,-38.45,-14.93
2038,21.18,-26.63,-4.78,-27.42
2039,-15.06,100.94,58.35,-9.96
2040,-99.27,-33.46,-17.47,-21.95
2041,-19.74,32.59,-44.97,-18.59
2042,-7.57,-40.89,-20.6,-21.21
2043,15.94,195.02,26.11,-12.71
2044,-46.26,-120.88,-27.16,-15.89
2045,-37.03,-65.98,-11.41,-24.75
2046,-17.16,-13.49,31.89,-14.19
2047,1.87,124.13,85.74,-18.84
2048,-13.31,54.26,-8.6,-12.64
2049,-3.55,112.6,196.43,5.51
2050,-61.8,-174.55,-143.09,-37.97
2051,7.64,128.75,-50.51,4.47
2052,-26.14,-129.08,-54.35,-27.26
2053,97.65,40.98,-20.4,-20.75
2054,-103.04,7.16,131.32,-15.79
2055,-55.89,-3.56,45.48,-24.6
2056,9.8,93.1,-104.94,-5.58
2057,11.71,22.21,-24.95,-5.74
2058,-33.05,15.66,-16.19,-19.68
2059,-34.05,-21.7,-6.91,-26.25
2060,9.55,157.35,6.42,-6.07
2061,-48.7,-125.8,52.22,-23.18
2062,-30.07,-35.21,-50.81,-27.14
2063,-19.55,-3.01,38.31,-8.76
2064,-7.2,-56.38,146.88,-3.13
2065,-6.71,129.46,-0.52,-16.3
2066,-11.64,55.64,-64.66,-11.78
2067,-18.58,88.94,-14.3,-10.4
2068,-18.06,-41.11,-27.01,-31.09
2069,87.38,38.82,-14.8,-13.57
2070,-124.02,-99.39,59.28,-16.63
2071,-56.34,36.71,2.26,-15.65
2072,9.29,-49.89,96.14,-19.67
2073,-3.15,18.79,-14.81,-32.31
2074,-33.78,94.37,-4.0,-12.93
2075,-3.07,70.68,-12.17,-7.89
2076,-53.35,3.28,180.63,-22.78
2077,-29.84,-62.94,-195.22,-21.27
2078,25.67,80.76,70.88,-2.64
2079,4.52,25.77,-73.75,-14.17
2080,-42.29,-113.21,43.01,-26.37
2081,-8.4,74.43,-52.69,-0.11
2082,-4.41,-0.82,-10.85,-27.94
2083,43.08,-17.96,13.8,-13.09
2084,-88.03,102.74,132.35,-1.36
2085,-31.55,-50.82,-43.38,-33.6
2086,-36.71,-19.01,30.2,-18.71
2087,2.3,-1.15,64.48,-11.35
2088,49.67,52.12,-94.88,-6.66
2089,-54.02,-7.36,-29.83,-21.91
2090,-41.71,-33.49,60.43,-16.17
2091,-19.95,29.26,61.53,-20.44
2092,-14.7,94.15,-92.14,-7.64
2093,0.74,8.62,-18.1,-19.36
2094,-16.44,-17.53,-7.76,-22.93
2095,-23.49,-76.04,38.31,-20.09
2096,-27.1,67.12,11.88,-17.55
2097,-0.47,54.75,1.08,-10.62
2098,11.42,94.13,-0.81,-17.54
2099,-34.24,-79.61,133.5,-6.61
2100,67.77,-46.72,101.25,-32.04
2101,-58.64,-16.4,-134.57,-20.69
2102,-67.53,111.55,-54.99,-2.64
2103,-40.32,-29.11,-22.48,-17.43
2104,-12.18,62.9,-7.62,-15.34
2105,-8.19,50.59,0.95,-7.87
2106,-6.28,-10.63,41.52,-14.15
2107,-2.1,41.13,7.08,-9.34
2108,-41.98,-15.58,159.01,-16.99
2109,-25.92,-45.88,-19.14,-24.63
2110,1.11,24.78,-116.15,-19.76
2111,-19.28,86.09,-14.46,-13.26
2112,-28.97,47.62,-15.51,-17.74
2113,19.31,-28.85,-14.22,-17.84
2114,52.38,6.99,-5.1,-15.37
2115,-86.65,-7.52,5.18,-17.81
2116,-52.02,41.54,54.91,-21.87
2117,-16.57,35.61,15.2,-18.02
2118,-23.14,44.72,70.69,-8.02
2119,-34.09,-47.47,-35.43,-27.1
2120,-22.2,-37.01,51.39,-14.16
2121,6.72,40.85,117.31,-19.06
2122,-13.7,-54.83,-150.26,-24.22
2123,-9.25,72.54,-33.74,-11.68
2124,-7.64,26.9,-2.58,-8.11
2125,-14.23,77.68,-8.11,-23.14
2126,-8.96,50.4,-2.26,-6.89
2127,-36.5,-129.93,0.83,-21.15
2128,2.5,-7.75,42.2,-15.57
2129,-14.88,139.59,-9.12,-11.9
2130,-35.58,10.54,-3.54,-21.95
2131,-18.33,-53.25,-4.13,-15.98
2132,9.53,16.34,-10.81,-22.99
2133,9.75,112.77,21.41,-11.89
2134,53.82,-25.42,-0.71,-14.39
2135,-106.41,-61.04,-11.32,-16.43
2136,-43.15,-33.46,-2.98,-19.81
2137,-18.87,61.27,1.27,-14.04
2138,-33.01,-48.89,155.49,-11.37
2139,-10.53,84.67,120.85,-29.46
2140,-12.04,71.05,-172.07,-7.42
2141,-10.98,139.86,-43.41,-6.25
2142,-8.45,-38.91,-18.98,-9.69
2143,-14.8,-172.77,-1.78,-14.22
2144,-36.42,-15.86,-1.55,-22.97
2145,-25.56,39.98,2.86,-16.5
2146,-3.4,78.74,6.74,-18.71
2147,-0.03,49.85,63.54,-18.08
2148,-5.83,4.88,26.81,-12.0
2149,-40.97,25.72,-27.06,-17.97
2150,16.72,233.79,-5.17,-7.34
2151,-7.41,5.75,36.11,-16.39
2152,-30.15,-124.47,-51.04,-27.93
2153,-12.64,23.31,-9.3,-22.62
2154,42.72,-19.87,7.72,-16.32
2155,-14.9,15.67,26.13,-16.29
2156,-129.96,-54.18,141.5,-15.84
2157,-37.24,78.97,-80.35,-20.87
2158,2.12,37.96,17.14,-22.07
2159,-2.75,32.85,-55.52,-19.27
2160,-19.09,15.58,-0.7,-10.8
2161,-39.53,-40.41,3.49,-21.94
2162,15.3,148.41,-13.83,-13.19
2163,6.64,36.6,142.71,-4.91
2164,-46.08,-15.51,-7.96,-26.77
2165,-22.14,13.36,-90.72,-15.01
2166,14.32,36.88,-14.88,-18.05
2167,-32.66,-38.02,29.63,-11.37
2168,-46.43,25.33,13.57,-17.07
2169,-4.43,-33.81,-16.79,-20.54
2170,73.52,-19.11,-13.05,-16.83
2171,20.08,75.63,3.3,-20.8
2172,-126.93,-7.15,78.23,-19.47
2173,-33.55,47.15,18.94,-12.7
2174,-26.87,81.01,20.13,-8.0
2175,-8.84,24.22,-5.32,-17.05
2176,2.13,44.41,-18.08,-15.44
2177,-27.66,-38.72,-16.66,-15.43
2178,-28.68,-4.78,24.6,-25.55
2179,-21.11,91.43,7.35,-22.56
2180,-14.38,-58.05,15.3,-10.4
2181,19.18,98.73,-30.81,-13.09
2182,-28.12,-65.33,-4.49,-8.04
2183,-1.84,131.3,24.78,-6.87
2184,20.52,-34.05,22.69,-22.16
2185,-14.82,-85.54,-41.33,-30.19
2186,-84.6,25.5,64.17,-14.83
2187,-39.14,-34.02,13.34,-11.28
2188,-14.25,119.91,-30.47,-15.83
2189,-23.2,-16.66,76.57,-16.34
2190,-16.1,85.09,14.69,-3.98
2191,-15.41,-5.83,-65.8,-21.34
2192,-13.05,54.58,-17.44,-22.93
2193,-1.54,68.53,5.75,-16.63
2194,-32.5,-77.02,6.64,-21.41
2195,-31.73,-3.51,6.26,-22.57
2196,18.83,127.67,63.33,-13.01
2197,-23.46,-51.42,115.19,-27.71
2198,-30.27,6.56,-88.91,-10.58
2199,-21.9,47.18,24.56,-12.96
2200,-20.39,-73.62,-22.71,-19.76
2201,-5.57,54.35,-30.87,-30.18
2202,72.31,65.24,-3.03,-23.72
2203,-94.91,22.78,46.71,-20.81
2204,-53.57,-4.78,6.77,-25.1
2205,6.49,113.12,-14.91,-8.85
2206,-38.8,-38.3,96.68,-20.56
2207,-34.28,-15.48,132.29,-26.54
2208,0.07,121.49,-123.99,-22.95
2209,-11.83,-24.34,-28.81,-13.48
2210,-28.21,-64.95,-6.09,-21.75
2211,-1.38,56.05,-23.8,-16.28
2212,-12.46,3.32,24.06,-19.62
2213,0.45,13.11,132.86,-14.77
2214,-25.83,13.88,-67.15,-27.25
2215,-37.59,27.4,-46.75,-19.23
2216,45.43,29.1,-5.8,-22.59
2217,-27.48,-23.63,40.93,-15.97
2218,-111.27,44.73,-11.32,-18.41
2219,10.4,132.62,-0.1,-0.71
2220,-36.0,-58.07,-7.49,-22.64
2221,-30.29,-19.73,5.04,-17.64
2222,-22.96,-59.74,66.71,-9.56
2223,0.76,37.72,28.29,-29.48
2224,7.23,106.71,-33.12,-12.49
2225,-10.73,37.96,-11.57,-10.55
2226,-35.0,-22.36,14.56,-20.67
2227,-16.62,-8.65,-5.18,-18.57
2228,2.93,-5.61,145.64,-7.15
2229,-34.52,38.95,-31.82,-28.91
2230,-27.18,74.06,-18.74,-17.75
2231,45.03,86.86,58.88,-6.9
2232,10.75,-75.39,25.11,-20.5
2233,-92.63,-41.25,-61.68,-20.79
2234,-51.28,-6.69,-40.52,-14.15
2235,-24.39,70.41,-6.78,-12.85
2236,-12.21,-24.49,21.18,-15.71
2237,-9.73,38.05,50.17,-14.57
2238,-43.02,-18.49,-45.6,-25.22
2239,-15.96,-1.28,-5.84,-21.49
2240,5.72,57.69,34.3,-18.98
2241,4.72,38.54,22.03,-19.96
2242,-25.37,-65.64,-9.3,-24.83
2243,-18.27,32.51,-7.5,-14.54
2244,-12.32,13.6,3.93,-16.8
2245,-23.25,25.06,7.08,-20.92
2246,5.42,81.27,4.33,-15.99
2247,-28.0,97.59,114.63,-18.71
2248,-44.03,-36.29,120.75,-21.39
2249,-4.61,-17.92,9.17,0.67
2250,-10.13,2.21,-69.85,-18.1
2251,-17.52,26.07,-67.81,-19.69
2252,30.15,8.7,-18.73,-13.34
2253,27.21,10.66,-3.25,-15.84
2254,-94.93,17.75,6.04,-9.42
2255,-50.6,23.42,10.34,-16.68
2256,-26.86,38.4,78.33,-9.03
2257,-38.2,3.41,-18.29,-19.77
2258,17.49,42.19,49.69,-22.44
2259,-31.59,59.07,-10.66,-21.0
2260,-19.28,-7.01,-18.19,-14.62
2261,-12.87,149.2,130.24,4.37
2262,-16.46,-36.38,40.96,-24.33
2263,-19.95,-64.15,-121.64,-33.46
2264,-9.96,6.8,-17.05,-14.39
2265,-4.5,75.89,-13.2,-10.65
2266,67.56,-12.66,0.44,-13.46
2267,-36.2,-20.89,101.48,-15.11
2268,-101.5,-26.22,73.93,-30.32
2269,-37.46,88.96,-105.2,-6.18
2270,-5.87,-3.86,11.66,-19.8
2271,5.82,34.0,36.58,-22.94
2272,-34.66,153.93,52.11,-12.25
2273,-29.32,-47.64,-40.68,-21.71
2274,-8.01,-24.78,139.19,-18.93
2275,-40.09,27.42,26.47,-16.2
2276,-7.8,38.79,9.48,-7.45
2277,-20.08,-35.36,39.84,-23.85
2278,26.25,54.82,62.55,-22.19
2279,32.96,-9.23,-109.35,-20.03
2280,26.32,1.75,-40.8,-26.9
2281,-112.39,-10.91,-25.66,-10.66
2282,-32.77,140.68,87.4,-5.98
2283,-10.46,-46.38,132.72,-20.4
2284,-25.38,-46.14,-61.11,-37.31
2285,-35.56,33.23,-116.7,-16.28
2286,-12.03,28.39,22.42,-0.88
2287,-6.63,64.35,68.0,-17.7
2288,-34.06,85.67,-44.95,-1.1
2289,-28.75,-52.85,268.62,-18.73
2290,-14.6,-33.16,39.12,-18.09
2291,-6.89,50.07,-92.67,-9.8
2292,-4.04,11.36,236.27,-38.48
2293,5.61,125.1,-228.56,8.7
2294,82.48,72.33,-81.22,-3.13
2295,-60.6,-108.9,-42.19,-16.4
2296,-87.78,0.78,4.27,-17.88
2297,-31.11,48.26,23.78,-3.04
2298,-29.34,0.43,11.37,-22.35
2299,-31.63,-44.25,102.76,-15.81
2300,-15.18,10.49,254.39,-13.9
2301,-23.25,2.9,-245.83,-6.59
2302,-10.08,65.38,-63.4,-6.7
2303,-11.71,108.24,-21.89,-6.38
2304,-36.01,-32.15,-11.27,-13.06
2305,-21.04,-23.79,71.91,-24.47
2306,-4.02,49.31,286.54,-13.97
2307,8.15,50.38,-138.76,-17.84
2308,-25.13,-16.71,30.45,-17.47
2309,-27.7,-14.45,-113.17,-11.17
2310,14.05,158.32,-43.98,-1.88
2311,-25.57,-24.8,-21.89,-8.11
2312,-36.18,-91.81,27.79,-16.54
2313,-22.77,-6.35,204.6,-20.17
2314,-17.97,117.83,-176.39,-9.79
2315,-3.53,9.21,-28.98,-7.27
2316,-13.04,-72.73,-16.09,-17.45
2317,100.74,76.41,34.27,-9.44
2318,-130.95,42.32,268.95,-29.34
2319,-64.5,-4.96,-74.23,-23.54
2320,-19.6,15.17,-32.49,-2.2
2321,-20.37,-41.28,-111.88,-20.17
2322,0.04,97.0,-8.4,-5.72
2323,-38.49,8.56,165.55,-17.39
2324,-24.63,-35.27,-124.06,-14.08
2325,-2.11,32.13,-34.67,-11.4
2326,-16.32,-1.87,33.91,-8.21
2327,1.15,128.69,146.8,-9.89
2328,-38.55,-77.26,-60.24,-18.71
2329,-19.64,-7.63,-56.68,-15.68
2330,-18.68,-22.62,-29.15,-7.74
2331,-21.77,22.94,-9.77,-12.42
2332,-4.45,66.29,117.27,-9.36
2333,10.82,117.57,-75.12,-10.98
2334,-34.3,-25.02,115.03,-26.81
2335,-16.85,18.49,-65.64,-19.28
2336,-19.93,-41.15,186.94,-27.85
2337,-30.86,-17.58,-124.37,-8.76
2338,-23.95,24.24,-68.12,-12.3
2339,8.21,52.35,52.92,-10.44
2340,-24.77,-15.8,-56.05,-16.09
2341,-6.33,19.55,-10.1,-3.86
2342,36.23,71.15,31.63,-28.14
2343,-16.08,-35.77,107.44,-17.8
2344,-68.26,135.09,-49.06,-27.77
2345,-30.36,-34.57,-58.53,-8.35
2346,-28.28,20.2,-17.39,-15.45
2347,-22.45,38.41,133.16,-12.42
2348,-17.33,85.6,57.3,-21.18
2349,-37.27,-123.67,-130.25,-21.29
2350,-8.78,35.12,140.32,-20.98
2351,-22.1,-7.98,-97.21,-11.41
2352,-14.92,7.98,16.1,-8.16
2353,-0.19,109.4,155.53,-15.38
2354,-11.1,83.04,-161.23,-10.15
2355,-21.5,-150.89,-36.9,-14.85
2356,-39.48,50.5,4.26,-5.77
2357,-23.94,16.2,-1.33,-7.81
2358,36.67,49.04,69.85,-20.98
2359,16.17,58.62,-46.31,-15.95
2360,-94.89,0.58,200.87,-14.84
2361,-48.63,10.61,-135.21,-21.59
2362,-17.81,-49.84,-0.73,-13.3
2363,1.25,38.77,79.25,-12.34
2364,2.14,70.68,-109.02,-10.21
2365,-24.21,-52.75,-33.02,-17.47
2366,-22.77,75.44,-0.44,-17.07
2367,-2.35,17.29,131.95,-11.41
2368,35.7,102.1,-54.66,-4.29
2369,-36.46,-32.31,-47.96,-13.08
2370,-48.75,-37.41,-13.96,-20.76
2371,-16.13,70.4,0.18,-11.84
2372,-13.23,24.37,37.21,-13.21
2373,-31.64,-78.46,11.35,-22.42
2374,-0.99,90.3,-17.01,-9.53
2375,-27.75,-49.88,1.69,-16.29
2376,-2.59,83.4,45.37,-5.13
2377,-25.18,-8.8,-0.29,-16.64
2378,-2.13,148.25,64.56,-10.93
2379,-69.69,-73.13,-62.19,-13.95
2380,58.25,-57.11,129.58,-19.11
2381,-13.79,19.66,104.04,-19.99
2382,-62.66,-34.56,-87.85,-20.37
2383,-4.79,111.1,57.77,-10.39
2384,-0.48,-46.26,-88.61,-21.65
2385,-43.05,-19.68,13.76,-13.0
2386,-13.64,94.89,37.0,-5.18
2387,-13.48,-9.85,-85.56,-7.87
2388,-23.13,5.2,-10.33,-11.64
2389,-1.74,-33.39,-3.0,-10.29
2390,-14.98,66.55,-1.64,-17.84
2391,-7.68,86.0,14.56,-1.9
2392,-51.47,-84.99,28.61,-22.41
2393,-0.17,19.63,-22.35,-15.94
2394,-1.17,29.87,-2.64,-13.64
2395,-18.15,-8.21,0.33,-13.18
2396,83.37,90.77,28.53,-7.06
2397,-77.97,-131.67,34.05,-29.16
2398,-81.82,40.58,-30.96,-16.91
2399,-42.19,-14.39,22.38,-11.65
2400,-37.38,37.48,-33.59,-16.96
2401,3.21,-37.39,83.36,-21.91
2402,-7.29,76.84,-55.18,-17.32
2403,-11.93,35.05,-15.9,-9.45
2404,17.3,102.84,77.69,0.35
2405,-28.17,-33.37,-62.21,-32.48
2406,-40.02,-107.97,24.97,-18.52
2407,-25.96,2.14,-20.25,-20.25
2408,-13.02,-17.1,-27.63,-17.28
2409,-12.99,40.33,-14.73,-19.01
2410,27.61,97.53,2.63,-7.62
2411,-32.0,23.45,70.46,-18.71
2412,-39.3,-125.68,96.66,-19.23
2413,-43.83,46.37,42.56,-24.23
2414,-8.16,66.27,-28.06,-13.46
2415,2.1,45.43,-14.11,-19.57
2416,-19.59,16.68,11.56,-10.97
2417,-5.39,81.22,-9.42,-19.61
2418,-23.16,-164.41,-39.09,-29.51
2419,-27.08,80.86,-36.22,-8.83
2420,-12.18,-14.95,-44.91,-20.95
2421,50.08,1.92,-11.68,-16.56
2422,14.36,87.73,34.76,-17.32
2423,-110.97,-38.5,105.22,-12.57
2424,-9.02,-2.96,-61.54,-24.08
2425,-7.48,-20.54,-40.18,-18.19
2426,-28.69,65.99,178.09,-16.44
2427,-57.63,-24.74,-50.45,-17.35
2428,-10.61,-5.14,-89.66,-11.97
2429,-27.28,-20.29,29.37,-15.98
2430,12.79,152.49,63.22,0.18
2431,-28.0,-20.51,-64.14,-8.33
2432,-22.31,-88.26,-13.87,-22.95
2433,70.48,62.34,32.09,-19.06
2434,-22.56,-10.83,-3.51,-21.87
2435,-91.95,21.13,-61.49,-15.04
2436,-38.97,45.25,0.15,-18.23
2437,-3.44,96.52,-4.8,-2.29
2438,-31.99,43.71,44.13,-13.47
2439,-9.69,-60.72,56.82,-22.58
2440,26.76,-54.28,-18.68,-20.1
2441,-35.07,33.25,-22.13,-15.17
2442,-33.81,29.65,-26.06,-24.53
2443,-25.61,66.66,22.78,-2.95
2444,-33.37,-27.68,136.26,-16.89
2445,-5.34,-36.94,169.76,-14.51
2446,17.25,99.03,-174.82,-20.23
2447,-21.39,-14.96,-32.34,-18.33
2448,8.16,120.7,-26.82,-10.7
2449,-38.37,-91.25,-19.61,-27.66
2450,-10.99,85.12,86.92,-16.97
2451,-6.24,111.95,-98.59,-7.46
2452,68.2,-58.43,-21.58,-13.55
2453,-90.4,-17.97,-13.26,-20.65
2454,-48.25,-40.37,-6.69,-19.3
2455,-47.94,31.07,2.09,-17.88
2456,-43.51,5.31,8.74,-20.67
2457,-7.26,54.39,-2.29,-19.07
2458,-17.89,63.51,56.31,-13.83
2459,-11.11,-1.5,20.22,-14.42
2460,-15.94,7.85,16.32,-17.8
2461,7.95,37.92,-39.56,-17.13
2462,-19.54,-15.59,-14.2,-16.0
2463,2.48,96.3,19.07,-10.17
2464,-29.39,-102.43,55.11,-17.72
2465,-28.63,17.83,6.69,-17.57
2466,-11.76,22.58,-49.67,-18.01
2467,-16.54,54.18,10.92,-18.14
2468,56.68,-7.85,70.78,-18.98
2469,-19.01,121.05,38.9,-16.45
2470,-98.03,-38.19,-43.02,-19.37
2471,6.71,24.83,-31.56,-11.86
2472,-34.58,5.02,-1.61,-15.61
2473,-72.6,-78.72,8.18,-19.39
2474,-42.89,78.86,198.41,-27.61
2475,18.89,29.87,-160.2,-11.15
2476,-10.78,-12.08,-35.96,-25.07
2477,-20.44,32.23,-12.26,-18.45
2478,-17.74,34.41,-1.14,-11.95
2479,2.67,-51.29,1.83,-19.06
2480,3.96,115.34,45.15,-14.55
2481,20.32,10.86,46.13,-5.45
2482,-55.83,-21.49,78.18,-36.59
2483,-32.91,-25.06,-115.56,-16.32
2484,-15.6,-36.99,-24.28,-25.22
2485,31.43,100.22,3.19,-10.96
2486,56.05,45.69,-3.73,-22.98
2487,-125.89,-56.91,36.5,-24.72
2488,-54.94,-48.54,45.74,-17.4
2489,-24.29,37.25,-24.18,-26.7
2490,-27.56,30.39,-36.1,-18.67
2491,-16.11,46.41,-8.36,-24.55
2492,-31.43,22.62,12.74,-22.21
2493,-45.32,48.6,21.19,-16.44
2494,12.76,6.9,22.83,-10.77
2495,41.8,130.06,13.38,-11.34
2496,-24.03,-100.61,-28.8,-29.29
2497,-22.1,25.65,-9.01,-18.96
2498,-23.2,-8.64,-5.16,-22.38
2499,-26.85,-33.49,0.84,-22.11
2500,-7.37,52.99,6.69,-15.4
2501,-17.15,-13.81,7.19,-19.63
2502,-19.14,-6.49,5.24,-24.34
2503,-14.83,32.82,7.82,-15.26
2504,-12.37,34.77,6.33,-6.32
2505,81.82,30.52,110.73,-4.95
2506,-49.8,-56.0,84.88,-22.05
2507,-54.88,78.69,-72.84,-13.22
2508,-59.59,-83.33,-52.36,-23.3
2509,-27.09,80.33,10.06,-15.78
2510,-25.68,8.63,212.85,-18.53
2511,-13.93,35.84,-121.14,-19.0
2512,-55.58,2.61,8.14,-9.42
2513,17.24,49.24,-39.26,-7.63
2514,12.56,-69.54,-26.94,-14.75
2515,2.66,72.42,-4.88,-17.08
2516,-28.4,-35.1,2.32,-13.62
2517,-11.02,15.86,12.09,-8.93
2518,-20.77,-2.24,15.88,-17.08
2519,1.97,109.94,13.2,-6.77
2520,-28.29,-21.27,-9.0,-23.56
2521,65.11,43.17,167.36,-11.34
2522,38.48,161.66,-70.87,-7.07
2523,-159.1,-163.68,-46.81,-21.38
2524,-32.59,3.47,-15.9,-28.04
2525,-35.29,2.65,18.09,-17.91
2526,-23.22,4.64,22.68,-10.04
2527,-36.54,22.76,8.9,-17.21
2528,-3.87,-25.43,30.24,-12.08
2529,11.44,55.23,14.29,-12.96
2530,3.26,37.27,-4.8,-15.15
2531,-23.7,19.04,84.33,-16.03
2532,-46.12,27.74,-6.34,-28.43
2533,8.07,-36.58,-29.87,-13.74
2534,4.21,122.25,-19.62,-3.8
2535,-15.96,75.31,69.33,-12.72
2536,-4.04,-45.81,61.35,-26.02
2537,-14.65,-5.47,-75.59,-15.62
2538,-34.14,-36.51,-1.96,-19.28
2539,60.42,41.53,89.03,-14.19
2540,-105.99,79.11,-18.92,-12.77
2541,-62.63,-80.17,-58.16,-25.25
2542,-7.81,19.71,-10.01,-20.32
2543,-15.11,5.08,-2.36,-23.18
2544,-11.72,62.54,6.64,-16.72
2545,-7.14,-16.06,41.11,-15.6
2546,-4.24,130.82,-17.66,0.92
2547,-19.82,18.23,1.51,-22.27
2548,-3.82,9.16,13.13,-17.71
2549,-25.87,-98.21,33.55,-20.9
2550,-25.13,12.35,225.64,-39.88
2551,-20.75,40.3,-108.87,-13.53
2552,14.25,47.62,-59.7,-3.97
2553,-32.06,47.72,-21.59,-18.23
2554,-18.07,119.26,-2.83,-10.65
2555,-41.02,-89.76,10.31,-25.88
2556,7.21,-53.32,63.18,-5.79
2557,64.88,61.78,31.63,-22.62
2558,-112.28,21.21,-47.49,-19.06
2559,-34.99,21.79,64.0,-8.27
2560,-34.17,-60.7,15.36,-28.51
2561,-15.26,92.28,-20.01,-9.07
2562,-19.17,-40.83,-16.6,-19.95
2563,-16.09,8.88,-16.38,-11.27
2564,-24.94,-32.13,4.55,-19.91
2565,-20.9,55.1,-3.29,-15.79
2566,0.12,-0.01,-2.87,-16.46
2567,-11.27,19.73,2.41,-17.92
2568,0.72,38.91,12.17,-18.74
2569,11.66,-38.54,7.52,-9.75
2570,-40.32,115.33,2.82,-13.9
2571,-23.82,15.12,5.37,-18.39
2572,-71.71,-35.33,3.15,-24.49
2573,-26.47,-30.04,7.02,-20.37
2574,16.68,76.84,7.21,-17.75
2575,72.35,42.31,10.63,-19.4
2576,-13.42,0.41,37.52,-21.85
2577,-81.32,83.32,168.51,-15.97
2578,-53.4,-79.92,-36.68,-18.69
2579,-23.54,4.23,-78.17,-14.26
2580,-18.02,10.82,82.77,-13.63
2581,-17.91,7.41,-72.27,-17.89
2582,-18.21,24.56,-29.41,-20.81
2583,-26.5,83.21,-8.88,-18.91
2584,6.89,-18.08,-1.42,-19.1
2585,-1.92,79.62,4.09,-12.67
2586,-37.03,-21.42,12.18,-16.88
2587,-29.8,-19.63,10.21,-17.66
2588,-18.73,-14.89,7.58,-15.92
2589,-4.88,36.69,4.41,-20.15
2590,-27.01,62.58,9.38,-14.65
2591,-29.04,12.97,14.79,-15.11
2592,28.14,150.62,26.93,-15.94
2593,-19.62,-57.04,-1.08,-14.71
2594,-32.86,-54.99,59.21,-22.4
2595,-17.25,23.96,-7.93,-27.36
2596,73.16,-38.59,-7.95,-13.88
2597,-91.9,-0.41,2.26,-23.81
2598,-32.02,334.09,235.06,-11.49
2599,-41.62,-154.07,-26.65,-29.13
2600,-23.07,-14.57,-129.83,-21.76
2601,-1.47,-0.06,-33.96,-12.23
2602,5.11,53.61,-11.53,-2.78
2603,-55.03,-15.21,-1.86,-25.02
2604,-57.2,17.71,12.63,-22.29
2605,10.09,3.54,11.81,-18.71
2606,0.67,7.84,81.7,-12.32
2607,-9.28,27.98,18.18,-13.77
2608,-19.55,24.42,-45.42,-22.45
2609,-23.34,52.82,39.72,-17.34
2610,-25.54,-21.67,7.85,-24.7
2611,-15.16,99.31,-4.34,-14.54
2612,-28.16,-32.28,0.25,-19.78
2613,-17.53,63.76,-16.55,-15.86
2614,81.77,18.49,8.68,-15.09
2615,-42.94,25.2,5.77,-18.84
2616,-57.34,-21.49,5.1,-21.53
2617,-39.09,48.77,102.35,-12.41
2618,-55.57,-28.77,154.43,-30.3
2619,-30.11,-0.35,-72.92,-15.5
2620,-13.69,60.4,-73.07,-9.79
2621,-21.31,28.19,-11.96,-17.83
2622,-22.28,-39.92,28.25,-18.85
2623,1.98,49.22,68.95,-21.96
2624,0.46,-20.84,-25.81,-35.25
2625,1.53,68.53,-4.03,-12.51
2626,-13.7,57.72,-22.54,-9.71
2627,-25.93,-12.22,-1.46,-18.13
2628,16.91,154.09,3.18,-18.97
2629,37.92,-68.27,8.69,-27.4
2630,-111.19,-25.61,6.24,-22.07
2631,-36.11,6.83,45.09,-19.59
2632,-1.84,10.61,-6.1,-20.71
2633,-13.24,65.55,-2.43,-17.84
2634,-35.16,-13.82,17.19,-20.37
2635,-45.43,-30.21,10.31,-23.85
2636,-19.82,18.43,3.39,-16.31
2637,27.31,170.73,64.86,-12.63
2638,-58.68,-50.88,183.16,-20.51
2639,-22.74,-15.23,66.61,-21.18
2640,17.14,-0.79,-142.82,-21.7
2641,10.1,131.98,-59.69,-14.33
2642,-24.41,-86.58,-5.55,-17.33
2643,-20.14,14.99,-34.49,-22.45
2644,83.24,36.22,16.63,-21.43
2645,-57.39,37.98,43.91,-16.37
2646,-98.07,49.92,-8.41,-18.49
2647,-27.64,24.48,-17.98,-10.52
2648,-25.88,-13.98,0.0,-18.32
2649,-15.34,22.51,7.0,-13.88
2650,-34.13,2.49,8.51,-16.28
2651,1.63,134.02,6.94,-8.41
2652,-22.68,-71.33,11.46,-29.67
2653,-26.3,122.72,22.67,-16.81
2654,-22.19,-96.97,150.29,-19.13
2655,-5.26,-20.74,-35.02,-18.72
2656,-12.94,74.8,-84.71,-16.94
2657,1.77,6.0,-8.63,-6.96
2658,20.56,10.88,55.37,-18.09
2659,52.96,-15.92,-26.12,-22.71
2660,-127.71,146.35,-14.93,-16.81
2661,-46.19,49.27,-2.81,-14.14
2662,-35.49,-63.48,16.64,-23.05
2663,-25.37,-13.76,163.26,-15.35
2664,-19.74,15.37,-92.57,-20.75
2665,-19.26,51.94,-16.88,-11.41
2666,-18.98,2.14,-3.52,-12.15
2667,-2.6,100.7,2.51,-13.43
2668,-11.44,-39.27,-6.62,-16.41
2669,-39.8,-15.89,67.38,-13.75
2670,-20.87,35.99,169.67,-13.94
2671,107.04,38.88,-49.84,-21.4
2672,-21.74,27.84,-112.07,-14.07
2673,-89.14,46.78,5.35,-9.52
2674,11.96,147.79,-4.68,-6.43
2675,-59.72,-156.86,-19.18,-26.09
2676,-34.18,44.94,0.37,-21.56
2677,-16.84,40.82,7.33,-13.65
2678,-5.45,121.98,9.1,-10.5
2679,-21.07,-52.2,72.4,-12.62
2680,-18.88,1.8,-28.58,-16.98
2681,-42.71,-1.93,1.13,-23.17
2682,0.64,60.79,-7.91,-17.55
2683,-0.68,-25.71,-2.55,-17.28
2684,-10.82,49.46,16.89,-22.27
2685,-20.23,38.27,14.93,-14.44
2686,118.06,82.17,9.4,-15.33
2687,-86.94,67.56,1.41,-12.97
2688,-45.91,11.71,3.39,-16.53
2689,-43.22,-20.84,6.69,-14.89
2690,-34.24,11.2,13.1,-15.79
2691,-11.23,24.96,97.53,-14.62
2692,-12.4,49.3,23.68,-20.13
2693,-18.61,-24.88,-29.12,-23.66
2694,-18.23,45.75,-29.05,-16.53
2695,48.14,103.24,115.66,-11.88
2696,-4.74,171.16,-44.09,-3.53
2697,-81.39,-92.73,12.13,-24.4
2698,-69.55,-50.9,38.73,-25.34
2699,28.15,-14.87,94.91,-21.91
2700,-15.07,8.36,-110.32,-16.1
2701,-32.2,54.08,-25.2,-17.28
2702,-16.3,93.22,1.31,-13.14
2703,-11.37,-9.09,120.44,-16.74
2704,-17.13,-10.89,-78.5,-13.9
2705,-12.75,62.11,-18.33,-17.33
2706,-33.37,39.57,8.46,-11.86
2707,9.03,22.7,-10.06,-22.21
2708,82.41,38.84,5.75,-19.95
2709,-68.32,125.4,13.16,-9.12
2710,-61.42,-48.67,243.52,-29.41
2711,-17.26,78.49,-109.36,-24.19
2712,-24.77,-8.79,-63.65,-7.77
2713,-25.39,-5.28,-25.62,-25.96
2714,-28.88,-26.8,34.62,-24.81
2715,-10.28,62.79,-14.8,-16.9
2716,-8.94,-34.82,-1.17,-20.65
2717,-15.92,9.6,104.56,-8.29
2718,-0.39,3.7,-63.75,-17.96
2719,-25.62,6.87,27.69,-7.05
2720,61.59,82.62,17.96,-11.95
2721,-77.6,205.51,16.88,-10.83
2722,-59.22,-219.96,16.8,-14.82
2723,-37.31,44.55,30.8,-32.33
2724,-24.51,47.8,-46.13,-18.85
2725,-11.16,68.89,18.14,-3.09
2726,-10.65,26.11,75.32,-33.55
2727,-1.36,81.01,-50.32,-14.95
2728,-16.88,12.81,-14.79,-12.56
2729,-26.58,-8.93,-3.64,-22.19
2730,-7.95,32.31,0.37,-9.1
2731,-7.04,92.14,8.74,-12.52
2732,-31.54,-61.85,-18.08,-24.63
2733,-14.66,15.96,38.46,-20.95
2734,-28.05,25.1,33.41,-19.48
2735,-5.55,16.26,40.91,-12.91
2736,-33.44,31.34,-52.91,-20.4
2737,1.28,51.41,10.93,-14.19
2738,61.85,29.41,185.55,-23.81
2739,-97.07,55.71,-80.04,-25.71
2740,-29.25,127.47,52.13,1.6
2741,-27.57,-63.74,-33.44,-31.01
2742,-19.58,41.4,-47.32,-21.45
2743,-30.95,8.61,0.31,-20.63
2744,-2.0,25.93,-17.94,-14.15
2745,-21.4,7.51,14.72,-18.62
2746,-18.46,109.04,6.23,-11.32
2747,-25.87,-69.9,-6.82,-25.57
2748,-19.36,19.14,70.52,-16.87
2749,-22.85,-1.47,-24.61,-16.78
2750,1.49,71.3,-18.91,-14.92
2751,10.7,43.36,1.25,-12.56
2752,-14.6,14.05,9.26,-20.89
2753,-78.34,-5.3,10.09,-24.62
2754,-17.82,-25.23,40.03,-12.79
2755,107.19,102.21,34.08,-17.41
2756,-103.4,36.08,57.17,-16.07
2757,-30.97,103.29,-35.81,-13.09
2758,-27.51,-52.71,21.81,-7.36
2759,-11.65,150.89,-16.76,-19.15
2760,-22.53,-53.82,108.2,-25.86
2761,-22.62,-11.49,27.73,-21.01
2762,-26.53,-17.02,-64.26,-15.86
2763,-20.6,80.35,13.88,-14.41
2764,-25.39,61.53,-21.77,-8.3
2765,20.58,-28.02,-29.64,-16.93
2766,-15.08,62.64,3.6,-23.75
2767,55.22,37.0,37.95,-13.45
2768,-108.31,38.43,-18.04,-17.53
2769,-42.31,-6.1,-3.83,-19.54
2770,-0.32,41.52,4.25,-15.89
2771,-27.0,-33.08,7.89,-21.14
2772,-20.17,82.54,6.35,-20.86
2773,-30.83,30.62,3.93,-22.49
2774,-7.76,-0.98,7.01,-17.04
2775,-18.55,29.99,5.26,-16.77
2776,-21.04,24.2,11.9,-19.81
2777,-16.91,30.73,82.71,-15.58
2778,-14.42,20.73,71.18,-13.81
2779,-7.6,101.22,-72.04,-17.84
2780,-10.07,8.84,16.82,-17.61
2781,-8.51,-18.92,319.62,-12.01
2782,-44.46,-3.36,-235.66,-24.45
2783,28.28,61.0,-62.96,-16.95
2784,-78.42,57.63,-24.97,-21.18
2785,-21.24,-4.11,7.45,-19.9
2786,-16.79,73.41,-12.17,-14.82
2787,-22.18,-45.24,32.18,-20.26
2788,-8.1,24.93,8.97,-16.32
2789,-3.39,133.44,-13.95,-6.03
2790,-2.45,-35.42,4.54,-17.5
2791,-33.23,-56.13,6.92,-22.39
2792,-20.53,2.76,4.49,-14.37
2793,-7.29,89.95,6.1,-12.2
2794,-14.23,-20.82,76.67,-17.93
2795,-11.66,-4.53,29.41,-16.88
2796,-14.52,10.68,-9.55,-9.88
2797,-43.23,45.23,-39.68,-15.43
2798,-19.91,-3.03,-4.53,-10.72
2799,80.9,12.52,153.21,-6.54
2800,-34.72,114.27,16.97,-28.79
2801,-62.28,90.0,38.36,4.96
2802,-56.42,-82.83,-81.4,-37.26
2803,-18.25,161.28,-36.5,-8.04
2804,-49.48,-111.75,-26.44,-16.77
2805,-26.98,-5.37,-12.26,-18.24
2806,10.8,2.97,-6.93,-18.74
2807,-9.35,27.81,7.9,-11.83
2808,6.9,-15.91,6.98,-12.18
2809,22.62,37.41,8.24,-13.17
2810,-61.13,15.77,3.77,-16.94
2811,-31.14,38.12,5.41,-15.32
2812,-25.47,-23.78,2.01,-19.82
2813,-14.71,47.54,8.64,-11.08
2814,21.58,100.24,23.99,-6.1
2815,67.92,70.46,200.56,-17.86
2816,-150.52,-84.14,86.6,-22.29
2817,-41.18,49.64,-100.89,-17.34
2818,-20.27,-32.86,44.72,-14.53
2819,-20.73,46.73,-145.44,-16.55
2820,-13.62,36.79,-31.64,-14.12
2821,-1.67,-7.52,-12.47,-12.78
2822,-2.67,13.01,18.16,-11.7
2823,-3.53,18.22,-10.63,-17.87
2824,-7.72,50.86,18.8,-11.27
2825,-10.16,58.74,7.12,-10.93
2826,-25.64,144.83,5.12,-4.23
2827,-35.47,-83.95,11.65,-26.69
2828,-17.86,-71.48,15.12,-19.6
2829,-24.72,56.87,5.04,-7.82
2830,-27.52,7.63,44.66,-19.84
2831,-20.95,-10.81,68.25,-19.67
2832,-3.61,44.09,32.99,-14.67
2833,49.27,19.2,-22.79,-9.47
2834,-92.87,27.15,-56.04,-24.97
2835,-30.06,34.15,35.46,-27.68
2836,-12.63,52.18,16.29,-19.94
2837,-2.24,159.22,-33.51,-3.52
2838,-22.53,-22.8,69.02,-19.78
2839,-32.57,-52.3,16.23,-19.14
2840,-5.76,47.14,-41.03,-22.44
2841,-47.48,-5.5,-19.81,-14.9
2842,-21.37,27.09,2.83,-13.65
2843,-2.06,-6.86,8.96,-13.95
2844,-6.32,77.11,6.07,-14.04
2845,-9.76,-16.87,60.99,-7.37
2846,-15.87,103.17,83.93,-10.2
2847,-25.87,-111.66,-62.41,-23.8
2848,-15.94,13.17,-56.6,-17.36
2849,104.87,144.25,-12.32,-9.15
2850,-101.07,-60.22,9.32,-12.97
2851,-60.28,-17.73,94.64,-13.9
2852,-16.57,80.07,-38.19,-18.73
2853,-13.04,9.27,-23.1,-18.63
2854,-34.91,-26.44,23.42,-18.18
2855,-17.88,-10.25,-21.73,-18.17
2856,-12.74,72.9,1.39,-14.22
2857,1.16,56.43,15.11,-8.79
2858,-28.52,123.22,15.59,4.46
2859,-60.61,-114.62,5.83,-22.28
2860,6.48,10.87,18.96,-19.25
2861,-7.23,-26.02,203.43,-22.59
2862,-18.32,57.99,-92.39,-10.45
2863,-2.21,87.18,-53.59,-7.89
2864,-23.57,10.72,-17.23,-18.52
2865,41.76,-28.07,-4.85,-19.41
2866,-2.54,25.7,-3.65,-14.13
2867,-89.91,4.57,64.35,-10.27
2868,-28.82,33.6,34.62,-14.89
2869,-14.76,161.03,34.91,-11.14
2870,-25.38,-91.64,15.09,-28.06
2871,29.08,27.52,-61.85,-9.05
2872,7.52,170.65,-21.18,4.59
2873,-90.63,-126.94,52.57,-28.17
2874,-23.83,49.49,-14.77,-18.69
2875,-22.26,-61.28,-18.48,-14.63
2876,-18.56,23.7,-15.14,-18.44
2877,-15.55,74.2,-5.82,-11.69
2878,-23.37,57.69,29.02,-9.41
2879,-14.27,-6.12,71.22,-20.62
2880,28.16,42.63,-48.12,-7.55
2881,53.11,-23.39,-30.81,-23.93
2882,-101.9,3.63,3.3,-7.83
2883,-23.8,114.12,0.51,-12.05
2884,-42.25,-42.34,2.2,-14.86
2885,-16.07,29.92,69.09,-11.23
2886,0.65,4.96,91.51,-12.26
2887,15.49,60.23,-81.74,-21.51
2888,-46.49,-47.78,-31.64,-13.73
2889,-26.41,-2.71,-10.17,-12.43
2890,-17.3,14.54,-4.11,-14.45
2891,-39.57,10.23,6.2,-19.48
2892,-18.78,-2.43,258.44,-8.89
2893,0.25,121.71,-41.97,-27.14
2894,-23.34,-106.52,-70.87,-8.45
2895,-17.61,122.28,-46.7,-14.03
2896,-8.49,67.26,-17.48,-16.32
2897,-25.32,28.48,-21.93,-20.63
2898,-29.93,-78.23,2.77,-23.39
2899,96.58,-36.07,-19.57,-18.61
2900,-75.44,52.65,23.11,-3.7
2901,-54.11,23.61,11.23,-9.24
2902,-26.9,65.12,10.92,-14.02
2903,-21.99,34.75,9.54,-13.15
2904,-25.28,-16.77,7.65,-16.53
2905,-18.31,82.21,5.93,-17.87
2906,15.72,25.17,80.6,-2.57
2907,-43.93,-117.9,11.8,-21.32
2908,-51.37,31.42,14.78,-29.91
2909,-7.63,52.45,-48.31,-11.95
2910,-9.13,-16.9,2.27,-14.91
2911,22.28,28.11,109.64,-12.32
2912,-36.52,-75.52,-24.17,-7.45
2913,-31.38,86.31,-27.64,-8.13
2914,-11.42,63.63,30.15,-15.95
2915,-3.22,95.05,6.07,-12.49
2916,73.33,-34.09,-20.82,-19.32
2917,-80.08,-21.7,15.44,-17.22
2918,-71.49,9.12,86.83,-12.86
2919,15.59,111.51,-26.48,-4.22
2920,-42.45,-113.55,-41.37,-11.08
2921,2.15,46.95,14.84,-13.84
2922,-41.8,82.27,36.69,-5.14
2923,13.77,26.68,-42.37,-9.61
2924,-27.54,-17.89,-17.79,-23.59
2925,-30.58,-26.86,4.13,-18.53
2926,-3.35,-26.26,10.94,-6.57
2927,-7.26,77.05,58.73,-9.94
2928,-10.49,74.36,78.03,-9.53
2929,61.4,23.46,78.82,-22.79
2930,-52.94,94.8,-130.57,0.16
2931,-84.65,-56.78,-28.26,-17.16
2932,-33.98,-11.29,61.87,-16.09
2933,-15.08,14.94,-48.81,-16.18
2934,-9.71,25.6,-23.58,-17.21
2935,11.96,72.23,33.92,-9.26
2936,-58.7,0.74,194.15,-10.65
2937,-55.01,11.16,-125.97,-9.21
2938,30.07,50.94,-41.04,-5.33
2939,-12.78,-76.79,-6.82,-1.16
2940,26.65,157.55,-3.33,-14.51
2941,-31.26,57.85,9.58,-10.04
2942,66.77,-44.58,27.31,-17.06
2943,-85.09,-8.01,60.69,-11.24
2944,-52.19,12.07,52.68,-10.9
2945,-36.82,30.43,-11.71,-3.18
2946,-15.76,138.46,-27.38,-14.7
2947,-9.09,17.67,69.44,-16.2
2948,-28.6,-31.71,-101.56,-12.38
2949,-10.19,-2.38,-11.12,-9.79
2950,-19.92,25.92,10.49,-17.36
2951,-33.04,7.44,66.3,-11.4
2952,-12.45,-16.39,-38.7,-10.22
2953,-3.92,33.11,-12.45,-12.72
2954,-1.02,112.37,22.14,-6.44
2955,30.27,-42.54,72.59,-21.69
2956,34.56,-15.54,66.55,-17.15
2957,-110.07,-21.2,28.79,-16.03
2958,-41.61,-13.33,-85.52,-12.54
2959,-14.95,155.08,-37.96,-14.67
2960,-1.4,74.19,-12.95,-11.66
2961,-55.57,-61.12,-3.23,-9.22
2962,-10.61,-19.25,23.88,-15.0
2963,2.69,17.34,41.63,-19.19
2964,-49.18,-8.19,71.98,-14.68
2965,-19.57,21.37,-62.81,-19.81
2966,-4.32,41.42,-38.91,-9.16
2967,-24.04,114.67,7.07,-4.48
2968,-3.11,-105.32,79.13,-12.19
2969,-8.7,-10.34,-43.19,-17.25
2970,74.55,55.55,-19.66,-17.4
2971,-63.44,-60.4,-2.86,-12.44
2972,-58.09,107.04,6.36,-10.56
2973,-22.11,16.87,10.49,-17.31
2974,-19.18,-32.52,32.91,-11.92
2975,-18.81,-29.69,114.33,-23.06
2976,-9.97,38.47,-80.57,-11.59
2977,-12.76,138.2,63.46,-11.4
2978,4.38,-52.61,-54.29,-16.29
2979,-40.92,-0.75,-20.14,-9.46
2980,-23.33,57.98,4.23,-11.55
2981,-0.94,62.27,-1.51,-9.77
2982,-32.35,5.49,1.65,-14.14
2983,-20.99,-70.7,4.28,-13.61
2984,-45.25,-4.28,9.61,-17.36
2985,15.36,59.92,158.89,-7.82
2986,-10.27,5.02,-18.66,-16.09
2987,83.08,85.23,55.18,-4.76
2988,-84.25,-57.92,-89.04,-26.06
2989,-58.02,-28.32,-47.08,-19.59
2990,-31.0,33.4,34.38,-16.04
2991,-22.66,50.33,43.77,-2.51
2992,-6.72,116.06,11.89,-4.32
2993,-20.71,37.03,6.09,-10.55
2994,-13.93,-36.48,-41.99,-22.06
2995,27.75,26.47,-10.42,-22.0
2996,-31.75,33.78,-2.56,-15.76
2997,-54.92,-79.27,-0.46,-14.9
2998,-12.18,37.34,25.83,-15.25
2999,-8.15,28.04,54.81,-7.73
