,ch1,ch2,ch3,ch4
0,-12.67,21.47,0.3,-30.11
1,-20.78,7.96,4.92,-41.02
2,-18.69,11.83,-5.71,-40.12
3,-22.11,4.11,-13.6,-33.19
4,-16.29,21.68,12.28,-24.35
5,-16.78,10.54,17.69,-81.78
6,-19.61,9.35,-12.68,55.12
7,-19.82,7.85,37.21,29.41
8,-18.98,7.18,-10.06,-40.32
9,-17.98,4.2,1.63,-29.47
10,-18.03,3.98,0.95,-26.22
11,-19.58,3.3,2.28,-27.82
12,-17.92,10.98,8.29,-27.86
13,-22.77,8.75,4.41,-6.16
14,-23.74,4.26,3.63,-28.97
15,-18.32,9.28,4.66,13.82
16,-17.48,3.31,6.51,-47.2
17,-15.75,6.54,1.73,-13.13
18,-17.21,12.7,3.97,-58.07
19,-16.52,12.23,6.32,-14.42
20,-16.76,10.34,0.68,-31.57
21,-22.39,6.15,1.95,-18.21
22,-18.44,6.38,4.04,-15.53
23,-17.98,3.44,8.63,-16.16
24,-21.14,2.83,22.46,-6.53
25,-20.98,2.59,-3.05,-46.52
26,-16.88,8.39,1.85,-49.2
27,-25.81,11.71,22.22,5.9
28,-23.87,7.24,-6.36,4.94
29,-25.18,3.81,-4.85,-37.6
30,-23.37,4.86,4.19,37.37
31,-23.74,6.97,5.43,-39.33
32,-13.83,9.28,-0.87,-74.28
33,-18.6,8.11,13.7,15.98
34,-20.4,10.92,3.08,-35.14
35,-16.61,12.62,8.7,-6.55
36,-17.8,7.1,5.05,-22.03
37,-10.86,12.74,1.42,-22.6
38,-23.71,9.05,32.63,76.48
39,-16.56,8.34,-0.41,-81.85
40,-18.95,9.27,0.47,-32.38
41,-21.81,8.58,7.78,-77.76
42,-16.2,8.15,-0.44,-0.37
43,-16.89,11.48,22.47,-5.96
44,-18.42,12.65,-3.47,16.3
45,-17.5,8.81,-3.53,-29.33
46,-17.12,13.93,8.52,38.92
47,-16.33,9.68,1.61,-76.37
48,-16.66,14.69,-0.04,-43.46
49,-15.19,16.64,6.9,-1.16
50,-22.74,21.94,7.49,-21.35
51,-19.56,21.35,1.95,-19.13
52,-15.55,20.71,-3.78,-48.29
53,-18.58,19.84,9.6,-1.62
54,-23.97,22.21,4.37,-9.21
55,-16.16,27.25,0.51,-28.8
56,-15.75,25.74,-1.54,-39.97
57,-19.02,15.59,7.95,-78.39
58,-18.97,21.68,0.31,29.2
59,-15.08,20.65,6.0,-12.7
60,-19.01,20.39,7.51,-9.37
61,-20.47,22.18,5.28,-14.44
62,-20.45,17.89,9.06,-11.81
63,-17.25,22.37,0.68,-16.8
64,-22.84,14.6,-0.88,-24.0
65,-13.67,29.93,8.15,15.87
66,-17.58,15.14,1.47,-20.94
67,-20.58,23.58,5.0,33.55
68,-21.94,21.87,2.79,-82.98
69,-15.9,23.07,3.09,-20.52
70,-16.86,19.97,2.55,-35.2
71,-16.32,15.92,7.63,-49.63
72,-24.94,19.52,6.09,-2.77
73,-20.74,18.79,2.0,-16.98
74,-20.85,17.8,5.85,-23.57
75,-16.37,21.22,5.71,-21.23
76,-19.41,19.11,2.63,-59.53
77,-16.26,21.49,3.94,11.92
78,-17.13,19.47,27.46,-56.96
79,-23.34,9.01,-21.36,34.88
80,-14.87,16.78,4.08,-44.23
81,-20.36,11.2,4.71,-28.69
82,-18.69,10.71,-2.28,-21.42
83,-13.6,13.86,17.33,-19.01
84,-22.6,0.76,-4.44,-36.49
85,-13.44,24.91,12.97,-19.29
86,-14.7,14.3,7.7,9.7
87,-21.67,12.77,7.59,-36.29
88,-15.74,17.75,-0.63,-16.3
89,-16.38,23.33,4.49,-20.3
90,-21.29,19.66,2.54,-14.07
91,-21.05,11.8,7.44,47.36
92,-20.06,18.97,2.81,-124.11
93,-18.67,15.67,19.54,-4.13
94,-20.35,16.26,6.98,-4.93
95,-14.4,18.03,5.07,-17.64
96,-20.05,14.22,23.8,-12.91
97,-17.96,20.58,-10.74,-9.59
98,-17.45,19.99,-2.55,-29.07
99,-18.8,22.36,-6.35,-25.49
100,-18.39,23.29,8.05,-19.55
101,-19.85,20.38,7.12,-25.99
102,-19.33,13.9,8.52,-24.13
103,-15.05,20.33,5.24,7.65
104,-20.2,21.9,18.74,-23.02
105,-21.82,14.34,-8.97,-24.4
106,-18.79,21.15,2.85,9.44
107,-16.75,22.26,-7.56,-66.59
108,-16.12,19.65,4.57,-13.02
109,-18.67,21.11,17.38,-20.35
110,-20.58,20.61,2.91,-26.58
111,-19.25,19.77,10.08,22.23
112,-21.14,14.69,0.63,-49.93
113,-16.63,18.9,6.01,-16.66
114,-20.68,15.09,5.72,-21.62
115,-16.82,19.84,-4.75,-21.66
116,-20.68,16.97,5.61,-23.76
117,-22.02,16.88,8.74,-16.54
118,-20.18,17.8,1.88,48.11
119,-15.14,9.73,-4.21,-48.94
120,-19.18,11.26,-8.25,-26.09
121,-16.01,11.49,-2.43,-37.07
122,-17.11,8.87,-4.37,15.37
123,-15.66,11.93,-0.47,-28.32
124,-19.71,10.11,11.31,-24.81
125,-18.21,7.25,-7.69,-1.42
126,-18.33,8.16,7.48,21.14
127,-16.46,14.92,0.41,-53.53
128,-19.0,15.4,4.06,-31.94
129,-18.34,4.44,-2.75,-30.07
130,-13.33,22.63,4.96,-29.99
131,-22.16,6.81,2.84,-6.98
132,-17.1,14.4,4.66,-18.24
133,-16.82,10.99,10.89,-30.88
134,-22.74,9.74,2.35,-28.01
135,-20.84,9.93,5.42,-15.84
136,-21.19,4.32,5.18,-20.01
137,-19.85,14.62,-2.13,-16.86
138,-20.07,10.46,-1.1,-22.22
139,-14.69,3.23,9.59,-26.99
140,-16.94,5.72,5.98,-11.18
141,-19.88,6.54,4.19,-16.95
142,-15.0,8.97,1.53,-15.9
143,-19.03,7.49,6.97,-19.0
144,-23.25,5.49,2.09,-33.18
145,-19.5,6.83,4.72,-10.18
146,-18.17,9.02,6.39,-13.33
147,-20.67,14.65,6.28,-15.62
148,-17.22,14.25,6.51,-18.85
149,-17.61,13.98,5.26,-19.55
150,-22.02,13.1,7.5,-20.55
151,-21.73,5.46,3.1,-16.89
152,-19.13,10.43,3.23,-17.39
153,-17.87,15.26,8.09,-12.85
154,-18.12,16.12,8.59,-10.72
155,-17.61,20.43,7.45,-26.45
156,-6.45,46.82,6.53,-19.54
157,-6.83,12.11,13.46,-1.23
158,-20.27,-29.35,9.31,-19.95
159,-12.39,25.37,5.97,-5.23
160,-8.27,38.06,12.88,-52.88
161,-25.64,-18.89,5.08,4.44
162,-19.92,5.9,5.45,25.32
163,-18.38,4.12,14.91,-27.97
164,-16.0,10.67,-8.03,-44.94
165,-19.15,11.59,18.59,-27.07
166,-18.22,15.63,-5.6,-18.38
167,-13.87,17.0,7.09,-2.24
168,-15.23,22.49,5.05,-8.52
169,-14.95,22.31,15.58,-30.94
170,-17.73,17.42,-4.69,10.34
171,-19.13,7.7,2.11,-74.77
172,-15.09,27.69,2.61,4.93
173,-19.01,20.25,25.96,-14.43
174,-19.22,16.84,-7.5,7.14
175,-16.25,20.98,4.57,47.18
176,-18.85,16.74,1.72,-49.76
177,-19.05,13.46,6.01,-22.67
178,-18.54,13.43,5.25,-20.11
179,-18.84,3.46,4.24,-18.6
180,-15.59,25.42,6.59,-19.07
181,-15.73,49.06,5.05,-18.49
182,-14.88,-4.43,8.81,-14.42
183,-17.08,-0.65,10.09,-15.04
184,-19.34,5.03,15.99,-19.09
185,-12.35,17.34,5.32,-17.59
186,-15.93,3.99,8.66,-14.28
187,-12.25,10.57,3.25,-42.88
188,-18.24,10.24,19.06,-6.52
189,-14.57,13.92,5.7,-5.19
190,-13.48,14.38,6.2,-35.34
191,-14.83,14.86,15.44,-12.45
192,-9.76,22.39,11.88,-20.03
193,-10.84,32.49,17.21,-8.64
194,-17.05,-2.56,13.73,-52.25
195,-21.91,5.47,4.63,-23.19
196,-17.21,17.82,7.73,19.71
197,-14.05,41.06,4.5,-11.45
198,-10.83,85.36,9.9,-7.39
199,-24.32,-25.07,6.9,-16.28
200,-15.01,14.14,4.56,-14.16
201,-28.51,-45.71,7.9,-16.07
202,-19.75,5.57,5.08,-17.85
203,-21.61,10.79,2.43,-15.79
204,-11.89,89.21,3.39,-13.48
205,-23.1,-25.54,1.2,-12.78
206,-29.48,-10.57,-1.39,-22.84
207,-21.24,4.06,0.96,-19.21
208,-24.04,11.56,-4.82,-21.82
209,-19.49,21.36,-6.42,-19.0
210,-6.91,49.98,0.89,-13.3
211,-17.79,9.05,2.14,-10.91
212,-20.63,56.58,-8.39,-13.65
213,20.15,84.07,-6.85,-16.12
214,-33.49,-57.42,-15.65,-18.46
215,-85.51,0.07,-13.4,-15.01
216,-8.27,31.76,-15.25,-12.92
217,92.33,20.55,-7.8,-10.1
218,-34.94,13.25,-12.69,-13.09
219,-56.38,3.87,-13.93,-18.81
220,-29.63,-2.63,-10.71,-11.05
221,7.16,17.21,-14.09,-13.01
222,-13.2,7.48,-13.84,-19.86
223,2.38,8.65,-10.68,-15.03
224,4.12,20.81,-10.45,-5.19
225,-35.45,68.67,-16.07,-14.61
226,-21.03,119.93,-2.98,-4.89
227,-22.71,-44.53,-8.41,-15.69
228,-26.77,9.63,-6.93,-11.75
229,-38.05,44.51,5.08,-1.63
230,-31.45,21.55,-0.59,-3.28
231,34.23,-15.99,-7.12,-17.8
232,72.4,84.14,2.78,-7.88
233,-57.33,35.48,-3.52,-16.72
234,15.13,-62.53,-2.8,-9.89
235,16.11,14.47,-0.48,-4.92
236,-18.27,24.96,0.43,-18.67
237,-105.83,-15.05,8.85,-5.31
238,-14.67,108.93,3.15,-10.74
239,-9.45,31.83,7.86,-6.87
240,-7.72,6.85,6.78,-11.62
241,-3.44,-5.66,2.62,-12.55
242,-10.74,-15.89,6.38,-9.14
243,19.6,23.28,8.56,-7.61
244,-26.5,26.22,9.45,-2.03
245,-40.98,14.12,13.48,5.69
246,-66.9,23.8,13.16,4.57
247,-70.88,-47.76,5.45,-11.13
248,9.62,-59.29,9.98,-4.87
249,56.13,10.53,2.17,-5.08
250,70.58,107.07,10.49,-12.31
251,22.84,40.98,14.31,-3.42
252,13.48,4.91,8.51,-4.86
253,80.65,-6.06,4.18,-15.5
254,-38.79,48.51,12.83,-5.17
255,-35.34,-13.97,15.74,-4.84
256,-22.72,-30.81,15.49,-3.04
257,11.59,41.91,10.35,8.08
258,-30.93,27.16,4.62,-18.25
259,-32.32,30.87,9.26,-11.17
260,-27.0,-70.89,12.99,-6.67
261,-18.62,136.26,10.75,-6.12
262,0.32,-21.55,7.15,-13.89
263,-33.17,-8.67,10.65,-6.41
264,83.99,103.99,20.56,4.29
265,-19.63,-45.05,12.06,-8.64
266,-117.35,-61.24,16.72,-0.75
267,92.13,17.71,33.14,-12.44
268,-0.22,50.35,59.61,-4.5
269,-55.95,-2.97,5.88,-13.4
270,-15.54,0.1,-11.66,-8.28
271,-3.95,129.79,4.79,-1.83
272,-22.85,-140.44,4.61,-3.28
273,18.07,112.33,12.22,2.12
274,5.55,12.61,8.91,-13.34
275,-47.38,-11.27,22.13,-32.07
276,-13.38,51.13,39.17,9.05
277,-44.35,-4.96,8.24,49.54
278,35.07,0.08,9.47,-25.91
279,36.29,65.74,61.42,-6.67
280,-118.65,-93.74,24.47,-13.27
281,-18.03,2.27,69.87,-13.53
282,-37.54,-3.59,2.7,-16.92
283,-13.05,-27.82,-58.33,-11.46
284,9.25,-16.01,-11.13,-3.92
285,18.07,14.21,43.4,-12.38
286,-14.1,24.2,6.25,-4.89
287,-32.91,125.8,-31.24,-17.83
288,-34.89,-46.14,64.26,11.13
289,-20.63,-12.0,132.34,13.18
290,32.71,158.61,22.23,-10.27
291,-18.74,-88.82,96.7,3.98
292,15.55,4.15,-40.14,-20.48
293,-10.81,118.01,-107.07,-12.8
294,52.18,-3.45,-19.3,1.4
295,-94.21,-96.58,-10.54,-17.37
296,-47.25,16.74,-15.91,-21.5
297,12.42,-76.75,-6.25,-9.4
298,-36.49,8.73,-1.38,-16.81
299,-40.19,86.11,2.47,-12.56
300,6.49,153.44,14.95,12.7
301,-8.55,-19.74,8.27,6.09
302,3.7,-138.34,10.46,-2.09
303,-84.44,109.05,15.16,-2.75
304,-13.8,-29.98,51.81,-4.68
305,25.18,38.15,58.55,-19.33
306,-10.56,53.6,-15.09,-5.43
307,-2.18,54.81,129.18,22.92
308,-12.19,-26.78,88.36,1.47
309,-8.5,39.28,25.47,-7.13
310,-19.18,-7.63,346.49,27.7
311,3.38,58.87,-61.81,-7.42
312,-18.42,-34.51,2.93,7.37
313,-30.98,11.11,-133.09,-13.36
314,-19.12,-69.45,-134.61,-20.05
315,131.32,124.1,-12.7,1.21
316,-72.9,-70.51,-45.28,-6.59
317,-142.1,-21.25,13.04,-0.04
318,-7.66,35.61,278.08,14.03
319,-23.65,31.97,12.11,-1.26
320,-4.77,31.45,-83.53,6.36
321,-12.88,-51.4,42.09,-9.07
322,32.46,66.05,183.49,1.21
323,-57.7,9.17,203.22,-4.26
324,-11.09,-75.45,146.01,14.58
325,-10.44,-0.53,319.16,27.78
326,-8.12,16.86,-285.65,-19.47
327,-23.27,71.2,-131.73,-21.6
328,19.91,-13.26,-209.63,-3.6
329,66.65,41.53,29.98,14.57
330,-54.54,70.36,-59.93,-11.72
331,-65.9,-109.97,-96.7,-12.63
332,-53.39,-24.51,55.37,-3.76
333,-30.11,-34.44,37.22,-1.99
334,-54.64,-66.65,4.31,-0.57
335,-25.65,55.29,86.5,-15.01
336,20.24,35.82,33.97,13.11
337,1.86,65.55,332.07,0.93
338,-19.25,19.23,-162.94,-1.75
339,-9.21,31.21,-175.81,-25.63
340,-36.11,28.88,-44.17,0.33
341,-34.31,-94.88,12.25,23.29
342,19.25,-38.51,54.48,-9.92
343,12.96,58.76,73.31,2.5
344,-6.89,14.22,120.17,-0.09
345,-6.45,-105.44,-129.52,-14.62
346,76.89,24.77,49.65,-8.76
347,4.77,17.81,-20.35,-4.76
348,-107.56,29.17,43.19,4.25
349,-44.13,135.85,-62.3,16.97
350,-58.99,-70.35,167.05,1.61
351,-38.4,-158.02,46.16,-24.23
352,14.08,72.28,226.75,15.97
353,5.13,-14.97,-137.4,2.34
354,-28.95,9.16,-125.28,3.68
355,-50.01,48.5,197.64,10.72
356,17.29,80.89,300.7,16.36
357,-2.33,-30.34,-218.85,-14.0
358,-5.88,80.65,-186.71,-9.82
359,13.49,-6.21,-91.36,-5.57
360,-19.98,25.66,-38.0,0.22
361,1.81,-73.51,53.3,0.34
362,1.54,43.7,4.97,-6.76
363,-12.26,9.49,15.43,7.3
364,-18.31,-98.19,251.88,15.84
365,-20.1,105.09,-125.88,-10.96
366,6.86,236.67,67.37,20.9
367,-31.72,-291.09,111.15,-19.47
368,51.16,28.42,-101.07,-8.35
369,-94.17,133.02,85.01,18.73
370,-41.03,-168.92,39.19,-8.18
371,-16.55,45.93,-110.1,-11.11
372,-10.05,-49.9,4.34,5.01
373,-26.1,33.38,150.95,-19.99
374,-1.49,84.53,-117.69,10.0
375,-1.47,25.39,227.35,16.52
376,-7.02,97.49,-125.89,-5.74
377,-28.82,-0.96,-111.09,-4.94
378,-15.94,-84.87,-20.46,-11.13
379,-15.82,25.82,40.99,3.32
380,40.97,-22.82,106.52,-1.16
381,-40.04,73.24,69.89,-22.25
382,-10.62,77.11,-154.61,6.08
383,-59.64,-141.22,33.29,-10.52
384,-29.34,77.7,419.23,8.24
385,38.37,101.3,-317.88,-1.14
386,-58.68,-71.75,-64.17,9.5
387,-63.08,-101.49,88.02,-10.01
388,-6.45,-175.69,19.51,-17.4
389,-13.87,108.34,17.9,0.72
390,-2.14,142.42,-79.08,-3.67
391,-9.67,-122.82,107.51,3.98
392,-2.13,31.46,49.05,-13.82
393,-15.55,81.1,-138.05,-1.2
394,-12.5,144.75,255.4,4.89
395,-19.87,-104.92,27.49,-13.21
396,26.48,148.91,-186.96,6.34
397,-38.69,-71.0,-63.11,-11.07
398,-21.56,9.57,-12.41,-7.16
399,10.14,-24.75,133.72,0.17
400,-19.93,62.27,-70.85,-2.63
401,-55.91,-133.28,100.57,-8.78
402,5.08,96.04,-11.14,0.77
403,-47.74,-140.18,193.77,-14.71
404,-50.23,-59.77,-191.64,1.86
405,-17.28,-55.2,-63.38,1.73
406,-12.38,45.21,191.06,4.94
407,-15.15,60.58,-107.45,-20.49
408,-9.18,4.18,-58.42,2.67
409,-18.18,-58.82,143.62,-5.59
410,23.43,251.09,68.91,1.78
411,-32.93,-175.04,-45.81,-6.86
412,-20.83,19.19,-114.36,-7.71
413,-14.16,104.52,-38.51,0.08
414,-48.2,-110.25,-1.64,-28.37
415,-17.13,23.68,77.87,-4.81
416,11.62,171.31,26.81,5.03
417,-33.51,-129.42,-29.81,-9.5
418,-6.0,32.88,57.75,-12.16
419,52.48,-115.45,87.65,-5.84
420,-8.76,68.12,32.28,-5.77
421,-84.87,-49.18,181.38,-29.11
422,-33.57,113.42,-226.81,17.72
423,-60.07,-76.68,-79.97,-3.3
424,-10.62,35.51,-33.59,1.77
425,-31.11,-108.54,165.25,10.99
426,-33.0,7.19,-8.48,-31.68
427,-25.53,-6.06,258.75,-16.61
428,-43.39,2.85,-196.82,-2.21
429,-12.41,51.92,-113.71,5.98
430,9.79,24.94,-35.69,-11.79
431,-10.4,7.95,-18.33,-8.84
432,-12.37,-88.54,145.37,0.86
433,-24.11,-44.33,-37.79,-24.7
434,17.62,140.57,-64.64,-3.23
435,-23.84,-78.66,-15.97,-12.6
436,-23.85,-29.73,-14.74,-10.6
437,11.79,62.6,-1.22,-12.29
438,-1.25,-6.0,10.24,-3.31
439,37.0,-161.78,-6.16,-6.79
440,-72.24,41.02,2.87,-6.1
441,-27.45,1.22,-7.04,-15.14
442,-34.79,24.23,20.67,1.42
443,-22.04,-37.75,90.4,-5.24
444,-11.86,63.22,117.33,-8.37
445,5.06,-12.24,364.2,4.99
446,-49.5,-140.83,-171.09,-29.67
447,-16.97,-5.4,-242.4,-9.02
448,-14.06,-3.57,-61.0,3.11
449,1.14,49.28,-32.93,-8.56
450,-10.74,9.34,64.62,0.23
451,-6.57,36.24,-38.99,2.81
452,-8.8,13.4,-18.1,-4.37
453,-32.19,-108.49,-10.4,-15.86
454,-24.24,-79.52,-8.54,-8.51
455,23.15,106.76,-0.02,11.62
456,-28.93,-72.43,24.27,-12.53
457,-32.97,12.73,118.19,-4.75
458,-17.79,-52.27,182.69,-20.52
459,93.09,-7.17,-127.3,5.97
460,-78.36,132.23,-71.51,0.77
461,-33.72,73.99,-66.17,-8.47
462,-36.03,-102.73,15.13,-7.6
463,-34.44,-136.42,166.41,-14.3
464,-24.8,-73.33,-64.25,-17.3
465,47.5,69.68,-75.71,6.44
466,-30.66,32.35,-18.43,-15.3
467,-45.91,34.72,-7.83,1.39
468,-28.84,17.87,71.31,-5.77
469,-7.48,-79.8,359.23,-10.16
470,46.33,-2.51,-280.2,-15.81
471,21.56,12.49,-50.03,-4.78
472,-81.84,139.28,-0.12,3.35
473,-74.07,-205.25,-35.04,-13.82
474,-30.06,-20.5,-10.98,-18.56
475,15.87,55.14,212.96,3.27
476,-18.51,-53.45,-63.79,-24.34
477,19.39,-14.27,-86.8,-6.89
478,-24.66,23.79,-42.37,-8.63
479,-34.09,126.53,-14.13,-9.11
480,-16.18,-115.41,8.76,-9.1
481,-15.64,12.12,24.36,-4.41
482,-2.57,65.55,270.97,-15.78
483,-21.25,-216.35,-146.7,-14.05
484,63.34,50.63,20.09,-8.37
485,22.8,1.2,262.88,-14.5
486,-112.45,-69.36,-94.47,-10.07
487,-70.99,64.78,-183.64,-11.04
488,-13.63,15.43,-43.2,-14.29
489,-10.31,8.2,-17.23,-5.05
490,3.97,61.66,-12.96,-12.47
491,-35.22,-56.15,0.54,-13.09
492,-18.13,47.52,139.0,-0.46
493,-32.76,-48.77,-79.31,-7.91
494,-37.49,-66.17,67.76,-17.85
495,-21.12,4.33,290.1,-14.29
496,-6.56,5.16,-187.41,-18.19
497,43.18,-4.2,57.46,3.63
498,50.71,-19.52,-136.93,-21.29
499,7.77,61.94,49.74,-14.33
500,-108.36,-124.57,-62.08,-12.74
501,-33.27,-17.07,-6.22,-7.7
502,-47.95,18.46,-10.16,-21.71
503,-13.61,77.99,144.45,15.11
504,-12.16,-38.61,-79.44,-12.53
505,-22.82,24.55,14.32,-23.2
506,-9.08,64.32,-44.31,-13.4
507,-7.18,-48.22,1.44,-10.8
508,-24.94,-11.27,-12.73,-22.1
509,-17.39,-20.4,-0.97,-14.0
510,-25.29,-4.28,126.52,-12.11
511,-24.12,41.78,174.9,-20.95
512,-19.86,4.59,-67.15,-4.42
513,16.03,73.76,-37.4,-26.38
514,0.69,22.37,-78.81,-0.64
515,-23.18,-126.95,109.34,-11.07
516,65.0,61.03,28.51,-23.68
517,-114.37,-28.44,-88.79,-17.44
518,-26.88,-21.5,-44.76,-11.58
519,-40.74,45.89,-18.42,-8.81
520,-12.0,-43.69,34.76,-8.15
521,-38.23,-11.12,-7.99,-22.2
522,32.13,-1.17,-16.7,-15.97
523,25.51,96.48,61.3,-8.17
524,25.47,66.43,18.11,-11.77
525,14.9,35.5,52.55,-9.92
526,-145.61,-137.87,-87.44,-18.64
527,-47.48,-89.64,-17.95,-16.85
528,-24.85,57.59,-12.07,-19.33
529,-28.32,13.97,4.97,-13.69
530,-20.6,-20.09,54.95,-27.16
531,28.55,93.48,258.82,-6.28
532,14.08,-38.27,-16.32,-4.94
533,-29.51,-58.48,-111.29,-28.56
534,-33.91,32.22,-57.04,-2.91
535,-25.02,-76.35,50.75,-14.33
536,9.47,40.93,-46.12,-17.09
537,-19.3,7.63,-36.8,-15.19
538,-26.94,2.33,70.05,-1.58
539,-7.77,33.4,194.78,-16.61
540,-4.65,122.7,-149.33,-5.42
541,-30.62,-41.56,-55.8,-20.14
542,-11.15,-12.47,-11.57,-11.56
543,-21.64,-17.99,38.91,-21.63
544,19.27,71.41,15.28,-7.43
545,54.96,53.85,90.72,-3.38
546,-104.57,-80.08,41.14,-22.82
547,-11.12,-11.68,-124.37,-3.1
548,-40.92,-18.74,153.22,-17.38
549,-38.69,-39.42,-62.13,-25.53
550,-15.86,41.54,64.34,-4.21
551,-12.33,-55.03,-134.42,-14.35
552,-11.53,32.9,-18.38,-20.69
553,28.11,13.87,83.5,-4.85
554,-12.36,27.49,-45.09,-18.15
555,-31.03,28.06,4.13,-24.49
556,34.37,114.26,-23.28,10.61
557,25.53,24.63,43.82,-0.89
558,-105.38,-134.82,-12.75,-20.9
559,-40.81,7.05,-14.48,-18.76
560,-24.57,-54.92,-6.25,-11.64
561,-11.38,42.02,158.36,-13.27
562,-18.92,-15.81,46.25,-23.7
563,-17.52,33.52,-129.79,-9.63
564,-37.21,-48.46,-24.74,-11.1
565,-14.77,27.94,-10.91,-16.08
566,0.76,91.94,3.13,-13.3
567,-13.81,55.75,16.0,-10.62
568,9.62,-15.64,-3.12,-6.76
569,-24.76,-86.17,-2.97,-27.23
570,-40.84,-7.73,115.28,-13.12
571,-17.67,10.61,2.08,-6.55
572,-38.25,-21.2,110.74,-22.83
573,-6.22,-5.69,-141.0,-11.14
574,-3.51,25.25,-28.24,-12.82
575,19.56,81.26,111.97,-5.36
576,-11.26,10.3,-2.7,-3.42
577,62.29,65.78,-74.03,-7.97
578,-76.9,-45.87,-10.16,-14.13
579,-61.76,-93.41,-5.89,-16.32
580,-47.81,7.25,5.12,-8.59
581,-32.33,63.17,-0.05,-8.15
582,-34.85,8.83,8.79,-5.67
583,-1.48,-111.43,2.9,-16.43
584,24.76,-0.85,10.68,-12.16
585,-12.65,26.73,17.91,-10.01
586,-21.67,70.55,8.21,-9.34
587,-19.6,-58.34,75.29,-16.95
588,-22.27,76.55,126.96,-20.35
589,-16.84,-81.46,-56.93,-5.08
590,-20.36,14.94,-80.98,-11.35
591,19.49,-15.57,-20.26,-7.86
592,32.26,41.78,18.54,-13.03
593,-97.98,-36.91,41.16,-17.63
594,-33.66,29.83,5.12,-10.52
595,-22.14,-31.25,-13.41,-8.09
596,41.74,1.56,-22.85,-25.41
597,-33.63,121.28,-20.05,-24.48
598,-64.37,-61.66,4.47,-2.76
599,-26.29,-13.97,9.63,-18.95
600,3.69,29.51,231.37,-20.55
601,-20.8,-20.12,-9.41,-4.63
602,-19.56,-36.78,-67.32,-24.73
603,-13.41,71.96,-33.94,-22.3
604,-24.91,-21.63,-33.03,-5.36
605,90.14,-44.41,-3.96,-1.61
606,-48.95,56.32,44.91,-0.04
607,-59.73,44.98,63.85,-4.03
608,-34.03,18.69,-82.22,-22.04
609,-15.37,75.78,-18.41,-0.98
610,-17.84,2.4,-12.58,-19.65
611,-9.67,-51.32,-0.4,-18.69
612,-41.17,-20.08,74.46,-8.32
613,-10.15,21.45,105.53,-22.11
614,13.85,52.13,14.5,-6.61
615,-42.42,62.71,-11.88,-7.44
616,-32.34,-51.9,116.11,-17.15
617,-11.54,37.54,108.21,-11.5
618,-8.21,22.02,-124.35,-14.67
619,-0.36,-21.43,-97.09,-5.6
620,-13.49,-0.6,-24.37,-8.19
621,33.68,-13.16,43.38,-13.58
622,48.67,74.5,-42.26,-12.96
623,-98.12,42.44,3.29,-5.34
624,-59.19,-68.17,0.37,-18.82
625,16.0,-5.75,1.21,-17.35
626,-33.96,28.65,8.89,-9.22
627,-29.37,43.59,11.49,-13.04
628,-25.17,-17.61,103.06,-12.91
629,-9.22,54.22,71.15,-21.92
630,-10.3,39.55,-47.43,-7.82
631,-24.05,38.65,212.91,-4.59
632,15.49,13.41,-144.6,-12.66
633,-32.13,-59.7,119.59,-16.89
634,66.27,-14.86,-158.84,-20.81
635,10.05,46.02,-31.55,-3.26
636,-133.54,-11.13,-12.05,-11.66
637,-53.65,30.25,43.61,-3.94
638,-2.74,-21.01,-18.34,-20.28
639,-7.74,-41.17,7.08,-14.64
640,-3.49,50.87,2.19,-14.53
641,23.4,85.72,6.02,-15.49
642,-22.98,3.32,84.58,-17.73
643,-33.61,43.33,116.35,-14.63
644,-14.91,9.12,-23.44,-11.16
645,-39.21,-74.43,-86.64,-23.16
646,-29.59,42.02,-15.53,-13.18
647,1.38,-7.16,48.62,-9.65
648,-15.71,17.21,41.05,-12.54
649,-23.24,-30.78,228.38,-12.77
650,70.22,28.31,-173.64,-11.69
651,-25.87,75.61,-53.42,-6.27
652,-98.85,-0.8,-6.86,-20.09
653,-13.39,86.88,17.13,-11.67
654,-5.58,83.4,95.49,-12.3
655,-6.78,-87.55,166.84,-21.3
656,-25.54,-36.63,-153.89,-22.96
657,44.95,47.23,-58.69,-16.64
658,-16.02,-74.94,20.26,-23.68
659,-66.47,-24.69,-34.61,-20.03
660,-63.96,71.37,76.84,-0.34
661,-7.09,38.86,31.99,-6.49
662,2.68,35.27,-29.0,-9.64
663,-8.29,51.72,-23.0,-12.73
664,-17.99,5.8,10.01,-18.97
665,-19.78,-8.79,21.46,-11.53
666,-12.01,-11.6,-3.81,-16.08
667,-22.83,29.08,122.27,-18.13
668,-18.09,41.59,88.02,-2.63
669,1.77,14.69,93.97,-18.26
670,-5.38,67.31,-154.96,-16.84
671,-19.34,95.64,-43.68,-11.68
672,90.95,-88.67,-10.95,-15.21
673,-30.12,17.57,8.46,-15.2
674,-120.2,32.18,37.23,-16.11
675,-43.29,-5.35,135.53,-10.73
676,-2.98,33.34,-125.76,-13.83
677,30.76,21.11,11.69,-6.5
678,-53.0,-81.27,-18.82,-15.52
679,-32.2,72.5,3.97,-17.76
680,-25.7,-32.9,166.52,-7.58
681,-14.44,52.68,-26.81,-23.8
682,-24.51,-22.27,-75.77,-8.78
683,-6.98,78.7,195.13,-6.34
684,-7.1,95.11,-107.02,-3.53
685,-35.21,-88.07,-59.43,-18.17
686,-15.51,27.32,-11.38,-10.54
687,-4.86,67.81,25.38,-3.13
688,-5.13,7.62,42.16,-17.94
689,66.9,-42.5,-27.71,-13.56
690,-101.67,-4.81,-23.15,-15.98
691,-40.21,83.11,7.35,-0.97
692,-29.43,-154.33,83.15,-5.36
693,-31.8,15.11,61.0,-17.2
694,-22.6,58.65,67.94,-26.76
695,-6.17,52.7,-72.22,-3.47
696,-21.6,17.62,-20.98,-16.26
697,-13.84,15.68,19.21,-4.46
698,1.71,66.73,-41.85,-11.98
699,-33.24,-87.35,-14.65,-7.38
700,-24.67,-14.14,80.19,-13.88
701,-15.18,7.57,-22.33,-15.97
702,-10.2,64.41,68.37,-10.88
703,2.4,-7.66,116.54,-14.48
704,-47.34,70.07,-146.83,-3.38
705,-13.57,-90.29,32.53,-0.67
706,-28.1,6.21,70.96,-22.68
707,-14.8,56.01,-41.03,-12.16
708,-33.12,-12.68,10.4,-19.99
709,61.53,62.28,-6.85,-12.71
710,-44.96,-63.12,-17.79,-18.94
711,-48.36,53.07,-9.71,-3.67
712,-38.08,-21.05,9.16,-12.4
713,-4.84,110.67,-2.04,-7.56
714,-20.15,-59.41,30.15,-19.01
715,-16.55,-27.98,-8.52,-13.86
716,-35.53,79.64,88.91,-9.54
717,-27.43,39.17,81.6,-17.58
718,-24.93,-51.07,160.44,-9.97
719,17.12,38.27,-188.1,-10.98
720,-19.83,-58.14,-73.94,-15.49
721,-37.5,-17.81,-24.79,-13.84
722,-26.08,10.08,101.19,-6.83
723,-7.4,60.69,-21.01,-8.99
724,-34.36,7.69,-48.26,-22.8
725,-21.97,-38.03,-1.61,-23.7
726,-13.06,29.33,-5.33,-10.83
727,-17.75,34.12,-3.58,-14.42
728,-17.22,-10.99,8.94,-12.05
729,0.97,106.72,18.03,-9.06
730,-32.69,-42.96,200.22,-20.2
731,-21.73,29.95,94.49,-20.7
732,21.02,36.79,-100.34,-8.26
733,39.64,158.74,-131.4,-12.24
734,-111.27,-101.79,-26.19,-11.27
735,-3.9,-49.81,-9.02,-21.08
736,-24.16,-31.56,63.31,-21.12
737,-41.42,-36.67,-27.17,-16.26
738,-25.46,52.18,95.51,-20.67
739,-0.38,75.82,86.8,-8.15
740,-28.06,6.36,-11.42,-14.31
741,-20.88,-6.93,-122.29,-8.46
742,-23.5,72.67,53.24,-21.41
743,-11.24,14.12,136.55,-4.16
744,-19.68,-62.56,-163.23,-29.63
745,-9.5,10.62,6.14,-4.54
746,-20.49,-21.74,-44.39,-9.93
747,0.44,194.3,27.82,-7.92
748,-36.57,-144.4,90.53,-20.15
749,-30.45,20.22,-90.25,-20.04
750,-18.42,9.68,60.27,-25.69
751,9.56,28.33,98.44,-16.67
752,-49.16,-8.03,-111.98,0.29
753,-17.98,113.06,-29.91,-13.07
754,-12.02,-46.11,64.85,-8.1
755,-13.01,-28.07,-35.16,-20.38
756,94.02,159.68,129.52,-6.31
757,-88.62,-41.19,-117.5,-25.01
758,-62.11,-18.27,83.87,-18.96
759,-34.37,-11.32,-7.45,-19.85
760,-21.98,19.63,-71.61,-12.77
761,-5.82,84.06,-20.81,-4.96
762,4.36,125.71,-0.21,-6.75
763,-46.12,-82.81,40.31,-26.07
764,-28.62,-88.24,133.79,-22.64
765,4.29,101.52,-24.36,-20.46
766,-31.37,-45.31,-10.45,-21.06
767,2.57,98.94,-27.17,-0.96
768,7.85,31.37,-42.79,-15.64
769,-36.62,-37.92,-8.33,-18.01
770,-35.44,-23.42,41.07,-14.59
771,3.59,224.66,5.75,-12.5
772,-43.72,-134.74,-8.63,-18.73
773,1.65,3.21,166.12,-10.65
774,-22.49,112.7,64.9,-6.16
775,-3.09,143.88,-56.87,3.26
776,-34.38,-188.51,-98.28,-29.48
777,-23.41,-62.09,67.71,-14.98
778,-20.53,5.84,20.63,-32.71
779,11.83,197.08,-56.56,15.13
780,-32.72,-108.7,-29.38,-28.87
781,-8.38,47.25,25.6,-9.23
782,58.41,-80.74,-40.07,-15.88
783,-18.89,78.84,-6.41,-12.4
784,-112.91,-35.91,-2.42,-15.19
785,-22.29,20.35,9.17,-13.03
786,-1.63,148.99,49.55,-16.03
787,-38.2,-173.09,-19.15,-25.23
788,-15.09,30.31,177.43,-10.68
789,7.17,107.69,-111.34,-4.63
790,-25.03,-76.05,-57.06,-24.74
791,-9.44,77.58,76.54,-7.26
792,-12.64,29.36,221.23,-22.21
793,-24.92,-143.12,-141.05,-21.51
794,-24.34,142.99,-53.42,-11.32
795,-22.41,-29.86,-47.99,-5.68
796,-28.95,-33.93,2.45,-26.89
797,-4.85,34.4,9.89,-19.77
798,-11.38,-39.27,29.01,-17.31
799,-17.07,-34.85,-13.43,-17.93
800,8.36,68.77,30.17,4.03
801,-31.9,-139.73,49.45,-29.72
802,-37.2,26.58,2.01,-14.18
803,2.15,96.76,-8.88,-14.0
804,-25.9,-32.14,137.71,-8.43
805,-7.85,26.92,69.23,-26.8
806,-8.95,32.4,-195.55,-4.41
807,-22.09,-21.88,1.57,-16.65
808,-5.44,106.35,-24.98,-11.55
809,-20.26,-77.72,-38.45,-18.05
810,94.16,64.36,-13.23,-11.03
811,-80.52,-79.58,34.16,-23.39
812,-33.82,219.32,-14.91,6.31
813,-73.59,-194.38,15.68,-29.73
814,-1.22,-37.52,21.61,-18.02
815,19.28,-14.11,200.03,-9.68
816,-0.06,43.0,109.69,-26.44
817,-89.47,-27.76,-225.41,-10.47
818,-34.07,9.84,-40.16,-13.19
819,-26.27,-14.87,-47.41,-24.19
820,-10.49,58.94,32.02,-20.06
821,3.87,-32.18,-37.88,-2.4
822,-18.12,58.6,33.85,-11.09
823,-8.12,-17.82,2.54,-18.12
824,-3.55,32.95,-23.24,-9.86
825,-7.98,-25.81,36.19,-13.07
826,-28.73,-71.5,143.79,-24.52
827,-24.43,7.42,-58.18,-13.79
828,-1.36,9.63,-51.45,-19.54
829,12.41,110.64,31.86,-0.37
830,-101.46,-84.49,46.79,-36.03
831,21.32,35.52,134.66,-2.27
832,27.45,171.58,-130.03,-9.33
833,-22.58,-144.09,7.67,-21.36
834,-35.36,-77.61,-72.53,-21.7
835,-19.01,115.04,-16.54,-10.49
836,79.3,-81.62,1.71,-19.11
837,-58.61,38.28,-2.42,-12.46
838,-69.26,16.81,-1.36,-18.36
839,-48.82,-61.43,49.31,-13.77
840,-25.85,-17.53,167.72,-12.91
841,3.12,-0.87,-119.86,-20.72
842,37.51,11.38,-49.13,-10.34
843,-30.4,127.55,7.14,-13.66
844,-18.31,139.93,156.27,-8.65
845,-81.57,-209.42,110.1,-21.87
846,-10.45,-40.12,-121.33,-17.8
847,3.09,1.0,-37.98,-7.49
848,-11.96,115.54,-59.36,-15.9
849,7.79,-57.14,8.11,-17.76
850,31.89,15.54,-6.36,-9.41
851,-111.33,70.2,-4.23,-9.6
852,-28.34,-109.25,-1.11,-19.99
853,-19.48,-66.8,0.86,-20.16
854,2.47,165.94,84.68,-0.98
855,-7.11,-63.42,142.97,-39.38
856,-37.57,-23.38,-88.73,-18.88
857,-23.18,6.57,5.45,-20.49
858,2.74,-10.91,30.69,-21.39
859,-40.26,-43.56,-83.97,-12.58
860,-28.9,21.3,-32.96,-15.72
861,-11.73,80.21,94.98,-9.93
862,-17.56,43.81,36.14,-10.27
863,-23.2,-45.17,-86.58,-22.46
864,-23.9,18.98,-18.05,-15.37
865,-14.6,-14.86,-9.31,-20.26
866,-5.67,-37.9,75.37,-19.99
867,-3.9,56.26,62.91,-27.6
868,81.1,-64.2,71.55,-20.7
869,-72.2,2.46,-99.28,-16.46
870,-58.46,66.49,-25.72,-12.06
871,-58.31,-5.17,-39.32,-17.33
872,-6.57,24.18,7.03,-14.66
873,8.19,13.46,68.74,-26.84
874,-32.91,42.78,53.29,-11.67
875,-5.93,33.13,-68.92,-5.88
876,-33.59,-61.75,-13.4,-32.51
877,-36.16,27.03,-26.22,-18.62
878,-39.61,-11.79,65.05,-6.72
879,-1.92,27.88,-14.33,-14.88
880,-11.83,63.14,-34.49,-18.61
881,-7.11,15.47,-0.47,-10.58
882,-1.33,-49.32,48.94,-19.46
883,-13.27,-66.4,-13.9,-21.44
884,-56.59,21.51,110.28,-24.03
885,58.17,-18.6,-46.54,-15.34
886,-22.6,30.35,51.76,-11.0
887,-63.73,141.49,-41.87,-0.85
888,-46.35,7.3,-61.44,-19.45
889,-53.03,-22.16,22.31,-15.48
890,23.09,114.14,37.89,-14.16
891,-21.15,-107.83,-33.71,-9.43
892,-13.49,-8.55,19.15,-14.46
893,-17.66,-23.73,67.08,-11.86
894,-10.29,-3.37,-40.37,-11.27
895,1.88,121.44,-25.8,-9.25
896,6.94,51.81,122.45,-19.94
897,-45.24,-92.36,30.5,-11.81
898,-23.45,40.76,207.09,-27.25
899,-32.91,-40.04,-237.06,-11.96
900,-19.1,43.3,-74.24,-8.89
901,4.75,56.1,14.91,-10.95
902,71.83,120.62,-31.87,-6.8
903,-87.01,-42.29,-0.82,-12.65
904,-20.49,99.76,3.5,-6.06
905,-32.45,-3.39,8.82,-12.45
906,-43.04,-108.91,12.41,-26.53
907,-13.87,41.62,48.59,-15.08
908,-14.8,-21.78,-29.44,-16.25
909,-5.46,148.54,72.91,-0.57
910,-2.77,10.32,16.28,-18.9
911,-12.24,-83.35,77.67,-2.51
912,-55.38,-26.27,-4.06,-32.36
913,-12.66,26.4,56.2,-12.55
914,-6.08,129.95,-120.59,-8.33
915,-29.1,53.7,-33.33,-12.15
916,7.06,51.33,19.96,-5.14
917,-51.24,-84.38,6.97,-36.44
918,-24.77,-28.21,51.04,-16.09
919,-5.21,48.37,-56.26,-16.0
920,-15.05,-57.81,-1.9,-9.36
921,-17.93,19.68,26.92,-20.31
922,-32.33,16.11,-4.87,-13.08
923,64.4,22.53,-5.99,-15.28
924,-31.1,7.74,62.19,-8.96
925,-61.01,36.63,-12.01,-16.79
926,-16.95,31.27,2.44,-25.14
927,10.1,25.5,157.61,-3.09
928,-23.55,52.25,-73.48,-8.09
929,-46.3,-9.59,-67.58,-20.97
930,-47.07,-77.75,47.59,-23.61
931,-14.92,-13.98,206.49,-22.55
932,-12.59,21.11,-180.6,-19.15
933,-9.39,87.17,-36.55,-14.75
934,-12.5,45.71,-20.68,-23.58
935,-30.77,-93.14,-4.23,-20.41
936,13.56,53.02,2.16,-13.55
937,78.97,27.91,5.58,-12.17
938,-71.94,-10.75,4.85,-15.86
939,-59.35,-32.98,75.0,-18.37
940,-37.7,8.78,-30.8,-18.51
941,-22.57,-1.2,-2.61,-21.95
942,21.14,91.01,-4.21,-3.49
943,-18.4,-19.37,14.74,-10.96
944,-54.35,-15.26,113.79,-22.97
945,-18.61,23.24,-37.1,-21.04
946,-28.34,-38.87,-14.24,-24.58
947,-30.94,-11.28,-19.15,-3.58
948,0.91,32.47,-11.17,-19.71
949,-26.81,10.97,7.79,-16.78
950,-7.62,-48.76,-4.26,-11.49
951,-8.94,-6.14,33.87,-19.59
952,-23.8,38.07,59.13,-10.71
953,-15.56,70.11,25.73,-16.89
954,-17.27,-30.81,-26.09,-14.28
955,-21.74,-1.51,-35.22,-20.36
956,-10.19,8.9,-12.94,-18.72
957,-16.65,31.24,214.93,-12.27
958,-18.97,47.39,-28.17,-26.89
959,-16.72,20.09,-76.34,-12.9
960,3.03,-4.79,-26.63,-12.53
961,-6.63,-0.78,-14.69,-10.63
962,46.56,17.2,-20.61,-14.82
963,-101.05,-19.28,-3.48,-20.31
964,-45.16,0.61,7.06,-15.58
965,-32.09,-56.14,56.39,-21.88
966,-27.71,20.2,37.22,-17.94
967,-3.42,66.3,-23.12,-19.93
968,-24.47,-46.9,-32.92,-9.5
969,-13.28,79.53,-4.86,-13.07
970,-9.57,-63.17,26.68,-20.51
971,-4.54,-15.42,31.35,-17.04
972,-7.01,80.38,215.29,-7.98
973,-13.33,41.2,-46.53,-32.78
974,-14.71,-41.78,-113.69,-6.99
975,-6.6,4.82,-52.64,-11.46
976,-25.52,-18.61,-19.31,-15.34
977,1.93,-74.97,158.03,-22.93
978,-22.01,83.66,-84.02,-20.38
979,-49.3,-10.75,-45.47,-13.48
980,-1.37,132.12,-17.88,-9.81
981,-21.97,-33.36,-0.28,-12.01
982,-23.92,97.35,4.04,-6.53
983,53.44,-79.73,7.54,-5.46
984,-1.9,-38.58,-4.53,-20.73
985,-81.13,-17.87,4.06,-13.49
986,-52.97,-13.42,7.74,-11.45
987,-34.6,25.35,5.12,-18.63
988,-1.41,3.05,7.78,-16.93
989,-9.78,7.63,7.96,-12.76
990,-11.32,68.69,6.97,-13.74
991,-3.9,-9.07,15.34,-15.05
992,-6.85,45.57,32.9,-6.18
993,-25.26,145.95,39.96,-14.21
994,-23.46,-69.86,-0.51,-10.29
995,-30.32,-82.28,14.43,-25.16
996,-14.84,-17.87,54.83,-11.5
997,-21.61,-13.53,-83.11,-18.38
998,-28.82,84.11,54.26,-12.53
999,-10.63,0.44,3.96,-19.45
1000,11.99,51.03,32.24,-7.81
1001,-3.12,36.68,-57.66,-9.46
1002,-36.69,-36.05,-17.03,-21.57
1003,-30.1,-42.54,3.33,-15.02
1004,-12.69,15.41,-0.2,-14.48
1005,-2.52,33.24,6.75,-1.75
1006,-12.37,8.32,29.78,-16.61
1007,1.07,73.16,13.27,-9.86
1008,-39.21,40.17,-15.77,-20.58
1009,-31.32,-77.36,12.85,-22.93
1010,-2.88,27.84,89.2,-18.56
1011,-30.32,37.46,-13.89,-19.87
1012,-22.08,49.07,-42.5,-12.24
1013,-18.98,1.63,46.8,-10.95
1014,10.22,80.8,-3.38,-15.27
1015,-30.15,-125.72,-10.76,-28.95
1016,-15.61,-9.34,1.32,-14.81
1017,-13.3,-14.83,-32.8,-22.43
1018,-3.88,40.92,6.04,-16.25
1019,-10.52,30.81,-6.97,-14.92
1020,-22.47,33.65,53.23,-15.33
1021,-6.1,59.86,52.75,-11.41
1022,-34.91,-51.17,90.11,-28.88
1023,-25.19,2.01,-121.24,-11.1
1024,-10.45,52.71,-23.47,-12.51
1025,6.3,71.88,5.65,-7.11
1026,-22.31,23.4,59.49,-15.69
1027,-20.5,-50.41,22.71,-22.97
1028,2.82,10.57,115.88,-14.57
1029,1.88,124.17,-140.51,-15.63
1030,-34.77,17.09,-17.98,-9.4
1031,-49.84,-127.78,-14.26,-25.18
1032,-0.25,124.38,1.27,-9.35
1033,-33.3,-58.97,4.27,-19.39
1034,-16.8,-0.54,5.71,-18.0
1035,-8.71,24.38,5.18,-10.43
1036,-16.41,32.38,89.54,-20.2
1037,-24.1,41.43,27.89,-11.47
1038,-2.26,19.57,29.0,-11.14
1039,0.9,97.87,-43.59,-18.53
1040,-20.69,-38.94,-37.51,-11.83
1041,-16.2,-16.8,-9.51,-18.84
1042,-3.69,89.74,1.77,-10.57
1043,-45.32,-84.17,-1.51,-26.3
1044,-5.8,25.42,113.51,-27.49
1045,7.15,52.05,122.46,-14.69
1046,-33.82,14.41,-141.13,-16.14
1047,-25.84,-17.64,-42.77,-12.74
1048,-18.86,62.98,-12.78,-9.57
1049,-7.0,14.08,-6.41,-20.45
1050,-28.92,-26.13,-0.11,-20.67
1051,-17.79,56.05,5.49,-10.59
1052,17.38,-19.84,5.89,-13.77
1053,-4.72,29.94,32.04,-19.72
1054,12.96,250.99,40.3,0.2
1055,-54.28,-201.66,-44.88,-29.29
1056,-22.58,-54.11,-5.85,-19.27
1057,-19.83,85.36,-0.01,-16.92
1058,-12.86,-63.36,19.39,-15.88
1059,-12.93,41.14,81.02,-20.91
1060,-21.19,8.05,44.87,-25.33
1061,-9.64,41.16,-40.55,-18.24
1062,-0.96,71.61,-3.34,-3.83
1063,0.54,0.62,75.39,-8.21
1064,-51.01,24.27,-41.82,-20.28
1065,-51.97,47.64,-2.7,-10.58
1066,-6.6,-31.22,-36.51,-21.93
1067,-14.05,-22.14,-25.46,-10.72
1068,-12.43,11.68,6.37,-22.49
1069,6.31,146.38,9.24,-23.17
1070,-23.6,-95.19,-2.74,-11.55
1071,-13.5,24.77,-1.52,-16.0
1072,-17.68,21.95,52.28,-5.6
1073,-29.79,28.2,27.23,-15.15
1074,-15.91,-26.89,49.07,-22.0
1075,-14.47,50.47,-52.06,-20.36
1076,20.52,192.95,-5.71,-1.18
1077,-16.21,-114.3,16.91,-25.78
1078,-33.71,-27.6,33.66,-18.02
1079,-68.93,2.72,-26.58,-22.95
1080,49.24,11.51,110.62,-15.13
1081,-0.73,14.75,-69.49,-17.73
1082,-60.49,34.49,-27.3,-8.4
1083,-27.24,69.36,40.89,-7.52
1084,-15.47,-64.9,44.6,-16.47
1085,-27.72,19.25,-54.97,-16.87
1086,-37.56,-8.38,1.03,-13.97
1087,-11.68,43.87,81.85,-27.86
1088,-8.4,56.16,1.58,-6.47
1089,-14.94,57.68,26.93,-10.51
1090,-10.18,-22.26,-58.85,-23.98
1091,-10.84,-40.08,-15.59,-20.36
1092,-1.9,35.42,16.47,-20.72
1093,-33.51,37.26,70.39,-23.62
1094,-23.33,-18.04,-49.2,-12.59
1095,-17.84,-10.5,-4.7,-12.29
1096,-2.53,67.84,25.19,-7.62
1097,-12.89,50.45,27.26,-9.83
1098,-30.1,-27.69,-1.9,-23.48
1099,-14.53,11.78,28.49,-10.69
1100,-13.12,38.84,-25.44,-16.94
1101,-22.4,45.35,0.62,-8.35
1102,-11.59,8.74,6.56,-14.08
1103,-31.22,-45.08,-4.8,-22.13
1104,-12.06,81.38,116.79,-8.23
1105,-12.54,59.63,122.05,-6.18
1106,-24.6,-59.38,-85.83,-17.7
1107,-25.68,-7.63,-76.76,-26.45
1108,12.48,18.25,21.36,-14.21
1109,-18.67,17.48,14.33,-7.2
1110,-53.2,10.99,-23.95,-4.53
1111,-35.31,51.13,-12.37,-17.04
1112,103.64,46.8,11.12,-14.0
1113,-22.29,104.01,28.61,-4.59
1114,-72.0,-101.27,-0.16,-21.01
1115,-29.67,151.51,-15.43,-8.42
1116,-23.32,-93.67,-2.95,-14.06
1117,-20.72,2.54,10.18,-13.24
1118,-0.21,56.73,100.73,-2.99
1119,-17.09,-36.63,-60.86,-6.42
1120,-24.59,6.8,-7.23,-16.68
1121,-37.7,7.07,21.0,-15.17
1122,-22.68,20.02,-20.01,-14.67
1123,1.05,57.22,8.86,-13.07
1124,-9.27,7.61,95.93,-10.27
1125,7.61,-27.18,-15.02,-2.4
1126,21.46,40.68,-2.57,-9.13
1127,-40.51,127.03,-35.86,-10.93
1128,-52.16,62.5,-2.63,-17.32
1129,-32.76,-45.68,15.72,-15.16
1130,-27.59,-43.65,4.54,-14.84
1131,1.36,45.01,2.58,-10.28
1132,4.24,-29.4,38.0,-10.41
1133,7.47,81.42,175.95,4.25
1134,-24.07,-69.88,-125.3,-16.07
1135,-22.13,-3.47,-32.49,-19.03
1136,-18.38,64.69,-3.81,-7.82
1137,-25.8,-10.64,0.44,-15.21
1138,-19.89,38.93,2.06,-12.48
1139,-7.84,53.33,9.01,-7.33
1140,-11.75,118.42,23.9,-0.59
1141,-6.08,9.01,118.45,-18.28
1142,19.73,-89.25,-2.03,-4.67
1143,-54.11,48.42,-54.83,-12.64
1144,-40.67,-18.9,-14.91,-19.89
1145,-2.34,1.63,95.55,-21.94
1146,-29.63,3.26,-52.37,-10.01
1147,-28.61,8.05,-24.76,-8.28
1148,-18.87,-47.37,3.75,-17.1
1149,-5.13,173.63,1.42,-12.69
1150,-7.27,36.32,9.51,-5.54
1151,-38.21,-22.99,5.83,-16.3
1152,-24.2,52.49,11.17,-14.78
1153,-10.39,-2.95,9.51,-15.72
1154,0.17,24.2,83.49,-12.48
1155,-24.35,-17.69,66.81,-11.14
1156,0.32,30.05,5.74,-14.02
1157,-5.92,44.8,-53.14,-8.77
1158,-52.05,-58.59,24.21,-17.1
1159,-9.47,84.12,169.61,-9.53
1160,-20.9,-6.7,-150.21,-8.54
1161,-27.69,-49.74,-31.86,-15.49
1162,-39.81,-17.21,23.05,-3.59
1163,-11.88,89.29,-10.77,-20.05
1164,-0.73,70.66,29.87,-0.71
1165,-30.55,-14.71,19.53,-17.86
1166,-24.19,-34.37,-31.45,-20.56
1167,-2.86,85.27,4.27,-3.04
1168,-32.83,-15.41,46.44,-12.84
1169,-19.66,-16.74,104.8,-18.04
1170,-18.7,44.47,-102.59,-7.56
1171,-18.99,-9.25,-16.99,-13.96
1172,6.9,177.46,65.96,3.21
1173,-33.03,-101.56,-25.83,-23.07
1174,3.3,-32.1,26.52,-22.63
1175,-31.43,2.49,32.84,-12.99
1176,-33.02,-19.88,-50.52,-3.18
1177,-15.99,65.21,51.26,-17.18
1178,-21.79,5.54,10.04,-15.49
1179,-13.54,60.69,-10.85,-20.81
1180,-20.31,-24.7,-10.09,-17.41
1181,-24.08,20.66,-14.93,-9.28
1182,-0.15,59.31,69.26,-8.33
1183,-24.19,-23.21,43.36,-25.61
1184,-9.17,69.76,-68.73,-11.08
1185,-26.48,-25.91,-6.17,-15.77
1186,-34.67,-25.55,51.81,-19.72
1187,-11.62,8.55,-5.19,-15.83
1188,-8.08,41.88,40.99,-9.25
1189,-9.48,19.44,37.96,-12.99
1190,-20.89,69.79,-0.82,-11.33
1191,-27.56,-25.12,-53.27,-22.49
1192,-32.37,-61.05,-17.01,-12.51
1193,28.44,71.3,-3.17,-8.65
1194,-44.15,-32.62,2.19,-22.79
1195,-38.84,-26.64,4.27,-20.11
1196,-20.74,40.21,21.76,-12.46
1197,-16.35,25.87,-4.95,-16.49
1198,-18.21,30.46,10.55,-8.21
1199,-0.52,86.27,7.73,-12.88
1200,-12.12,-19.54,104.96,-6.36
1201,-36.2,-20.71,93.44,-17.47
1202,-6.24,106.3,-7.37,-3.58
1203,-18.53,-4.46,-108.0,-16.99
1204,-33.84,9.87,-26.24,-17.52
1205,15.91,87.07,30.53,-10.81
1206,-12.59,-16.52,42.83,-14.38
1207,-13.79,-2.3,33.69,-19.28
1208,-8.8,62.69,-74.04,-8.86
1209,-37.3,17.15,-9.86,-6.32
1210,-20.24,3.2,15.6,-17.21
1211,-33.96,-44.54,-15.77,-25.64
1212,-11.55,-4.81,6.79,-10.99
1213,-32.98,12.47,-4.16,-15.04
1214,-18.31,-34.97,7.03,-6.39
1215,4.31,49.97,47.27,-22.92
1216,-4.03,13.88,1.01,-16.95
1217,-9.71,-0.22,-25.23,-17.91
1218,-7.67,50.45,82.63,-13.55
1219,-10.57,117.29,159.31,-9.22
1220,-1.25,-62.43,-33.89,-15.15
1221,-10.18,34.09,-94.49,-11.66
1222,-16.84,96.72,-37.63,-8.53
1223,-41.66,-98.33,-19.2,-19.74
1224,1.54,-35.94,-5.49,-13.88
1225,-11.44,28.33,3.69,-18.36
1226,-43.29,18.28,5.12,-14.47
1227,-23.54,7.08,32.55,-10.92
1228,-18.97,109.69,11.94,-10.22
1229,-7.16,-26.44,54.15,-19.91
1230,-12.43,19.16,-31.64,-13.78
1231,-12.44,34.29,-23.4,-7.51
1232,-14.52,54.19,-14.94,-11.05
1233,-20.52,-103.11,-4.29,-12.56
1234,-15.35,31.1,29.44,-13.34
1235,-13.27,40.07,-0.69,-17.03
1236,-23.37,-4.2,40.07,-15.79
1237,-3.49,79.86,182.98,-20.86
1238,-27.96,-54.27,-34.08,-12.32
1239,-6.46,68.49,-122.53,-10.42
1240,-25.71,7.26,-33.41,-18.43
1241,-15.44,-37.3,-8.6,-22.61
1242,19.48,66.72,6.41,-14.62
1243,-40.35,64.24,-3.66,-1.36
1244,-75.21,-115.67,-2.78,-15.63
1245,-12.77,-37.66,0.86,-14.23
1246,-3.77,16.94,0.27,-14.81
1247,-0.12,94.48,1.54,-9.56
1248,-16.98,13.76,5.13,-9.39
1249,-12.78,162.76,22.32,-14.26
1250,-28.95,-119.8,51.78,-15.78
1251,-11.11,-24.44,-48.3,-13.52
1252,-19.36,-10.17,6.39,-12.1
1253,-15.62,1.54,30.9,-10.28
1254,-11.0,52.48,25.74,-22.51
1255,-10.22,117.71,-21.52,-9.48
1256,-28.66,-81.13,7.88,-10.91
1257,-19.97,-25.99,181.71,-16.95
1258,-12.15,33.76,-102.74,-14.79
1259,-17.29,125.24,-50.35,-11.58
1260,-11.3,64.23,-28.4,-9.88
1261,21.42,3.6,-7.83,-8.28
1262,-42.49,-113.84,-2.98,-26.5
1263,-45.58,37.03,2.36,-19.17
1264,-6.57,27.93,11.95,-8.79
1265,-25.25,95.26,56.96,-9.08
1266,-34.56,-20.93,-21.11,-20.57
1267,-0.33,21.73,9.57,-6.4
1268,-21.73,-6.41,197.77,-11.65
1269,-28.8,-55.36,-155.19,-22.3
1270,-12.25,91.43,-25.76,-11.08
1271,-41.63,-22.53,-4.2,-14.49
1272,-24.26,12.41,-3.98,-12.97
1273,-3.84,63.84,6.47,-6.05
1274,10.43,78.04,15.89,-11.1
1275,-34.47,2.25,12.25,-18.49
1276,-34.67,12.13,151.48,-4.33
1277,3.24,-15.8,2.27,-13.32
1278,-25.69,-10.92,-89.94,-18.88
1279,-17.13,47.63,15.37,-19.96
1280,-7.02,65.84,41.6,-8.22
1281,-21.27,29.28,-35.96,-10.54
1282,-25.55,-11.75,58.47,-16.8
1283,-23.36,-45.5,-75.65,-15.38
1284,-5.61,43.56,-10.82,-8.3
1285,-3.62,71.82,1.53,-7.45
1286,-32.82,-65.96,3.16,-15.65
1287,4.77,-11.05,6.32,-22.36
1288,-39.25,13.15,6.3,-14.11
1289,-29.03,18.72,256.07,-0.95
1290,-12.96,0.55,-43.04,-18.39
1291,-25.54,42.22,-104.1,-13.77
1292,-0.39,102.27,-39.02,-12.15
1293,-17.66,-11.33,-15.31,-16.51
1294,-9.22,39.0,35.77,-11.68
1295,-21.69,0.6,46.46,-12.16
1296,-31.19,-54.85,-43.86,-24.21
1297,-11.17,20.12,0.87,-10.62
1298,-9.36,20.67,34.26,-16.87
1299,2.35,166.54,-13.83,-6.78
1300,-14.6,-53.92,61.08,-13.87
1301,18.48,-5.71,-10.31,-18.09
1302,-43.91,-10.84,-18.29,-21.07
1303,-39.24,-49.95,91.56,-14.86
1304,-39.23,18.51,185.78,-2.84
1305,-8.81,52.14,-55.91,-18.17
1306,-32.18,-44.0,-142.23,-11.13
1307,-6.11,-9.83,-39.32,-16.78
1308,6.23,107.67,-12.01,-13.47
1309,-14.12,-12.13,21.19,-14.37
1310,-19.29,2.62,20.08,-13.6
1311,-3.75,30.41,56.02,-21.91
1312,-24.74,55.91,-27.4,-6.74
1313,-32.61,-36.2,14.1,-17.43
1314,-6.23,46.03,-29.6,-8.62
1315,-3.17,26.13,0.11,-11.83
1316,-9.98,-41.4,43.7,-19.77
1317,52.7,-4.91,-8.41,-14.16
1318,21.45,17.81,-18.79,-14.12
1319,-108.28,142.69,3.74,-9.49
1320,-61.22,-44.1,73.38,-7.66
1321,-34.5,-74.01,89.65,-19.54
1322,-6.45,-18.98,-47.79,-26.52
1323,-14.01,49.74,-7.67,-14.13
1324,-1.16,172.58,143.86,-6.22
1325,-22.74,-48.17,-149.48,-15.08
1326,-21.82,-29.09,-8.83,-21.53
1327,-7.16,23.46,-22.92,-16.29
1328,-7.43,-14.25,-4.74,-13.36
1329,-37.14,3.88,0.58,-23.75
1330,-7.24,63.62,37.57,-10.99
1331,-24.49,3.21,28.88,-21.41
1332,-12.73,-14.54,-32.22,-10.09
1333,12.66,27.48,141.2,-12.81
1334,-19.47,68.62,9.7,-26.92
1335,48.76,-31.25,-109.63,-9.52
1336,-68.47,-2.14,-22.43,-13.07
1337,-63.11,39.78,5.89,-16.06
1338,-35.9,83.67,117.97,-12.24
1339,-26.87,-78.49,-79.61,-14.6
1340,0.41,2.15,-24.83,-25.92
1341,-9.98,63.71,79.22,-7.32
1342,-13.84,-1.02,-32.22,-18.11
1343,-23.12,-15.22,-29.58,-22.55
1344,-1.29,53.73,11.81,-14.1
1345,7.36,114.7,56.71,-5.93
1346,-15.2,-115.62,9.01,-22.19
1347,-18.62,-0.52,-53.42,-11.82
1348,-46.07,9.22,68.14,-10.85
1349,3.98,85.34,19.52,-8.56
1350,-59.12,-48.08,-8.66,-17.9
1351,-22.29,-46.9,-13.17,-14.74
1352,-11.2,64.53,1.65,-12.91
1353,-7.76,181.3,-36.51,-10.9
1354,-31.92,-83.45,-3.51,-14.02
1355,-15.61,-17.63,22.97,-14.4
1356,-8.44,22.52,13.3,-14.21
1357,-13.78,-5.77,-11.25,-6.41
1358,-26.78,54.63,-0.7,-18.5
1359,-15.36,-42.15,6.01,-13.65
1360,43.74,43.34,5.81,-7.09
1361,61.27,97.47,9.66,-9.22
1362,-88.66,1.78,117.88,-11.59
1363,-21.02,9.9,142.48,-12.32
1364,-49.39,-27.0,-169.83,8.26
1365,-20.92,-1.4,-30.06,-17.47
1366,-35.97,-48.36,41.11,-19.26
1367,-13.59,60.54,1.95,-21.8
1368,-22.09,80.22,-30.21,-7.04
1369,-18.99,53.7,9.9,-25.03
1370,-10.81,-39.6,18.01,-21.84
1371,79.51,-2.93,63.96,-17.29
1372,-48.18,80.34,-57.37,-19.14
1373,-50.93,62.41,7.01,-13.29
1374,-43.04,-34.83,37.3,-26.46
1375,-34.46,-37.0,20.97,-22.43
1376,10.38,6.6,-37.6,-14.09
1377,-6.95,-12.28,-12.06,-21.58
1378,-62.76,64.59,8.73,-18.62
1379,16.45,196.96,146.59,-6.33
1380,10.39,-145.25,46.74,-23.5
1381,16.64,-55.67,-118.15,-30.67
1382,78.1,89.43,18.04,-18.85
1383,-79.36,-6.03,41.71,-16.86
1384,-99.74,73.77,-73.02,-13.49
1385,-88.53,6.6,34.34,-15.41
1386,-25.17,29.15,-41.81,-25.07
1387,-18.46,-28.46,-19.79,-10.21
1388,-10.45,19.23,9.97,-14.39
1389,-5.91,94.61,31.79,-19.81
1390,0.12,3.64,-8.98,-16.47
1391,-23.66,-37.8,-35.31,-30.9
1392,-26.8,-9.64,3.5,-10.07
1393,9.68,25.85,74.15,-13.26
1394,-39.28,-4.31,-31.25,-42.94
1395,-16.3,42.29,24.4,-3.77
1396,-30.76,-1.28,-3.92,-23.13
1397,15.5,157.97,-30.26,-3.59
1398,-18.49,-76.21,44.02,7.49
1399,-21.4,-55.43,61.21,-30.75
1400,-12.46,65.62,35.45,-35.99
1401,14.93,-28.12,-103.57,-5.48
1402,-40.82,5.91,-22.18,-19.06
1403,-23.41,86.8,-2.24,-13.26
1404,-31.04,-38.35,5.17,-15.82
1405,1.32,103.54,24.68,-10.9
1406,-14.92,-33.57,19.91,-27.67
1407,42.15,25.83,0.29,-3.78
1408,2.02,19.9,36.54,-18.2
1409,-104.9,-69.93,29.2,-15.02
1410,-41.99,-1.9,-25.21,-14.34
1411,-15.39,27.68,-22.41,-13.61
1412,-23.26,5.35,49.32,-25.42
1413,-0.54,-0.82,63.93,-25.78
1414,-35.14,19.65,32.21,-21.63
1415,10.17,28.17,-52.32,-17.32
1416,-13.73,5.71,-50.94,-18.96
1417,-24.66,62.67,21.83,-13.82
1418,-6.0,56.92,80.41,-12.04
1419,-22.53,-4.1,-76.02,-16.12
1420,-23.46,32.06,13.99,-15.68
1421,1.26,-13.17,-21.35,-18.93
1422,-55.06,-2.56,78.85,-28.07
1423,-29.61,4.91,-7.32,-21.73
1424,93.64,58.43,-43.84,-16.08
1425,3.01,15.97,-9.79,-18.17
1426,-82.35,105.1,61.22,-10.82
1427,-67.29,-75.68,131.85,-38.48
1428,-6.42,147.91,-101.96,-6.19
1429,-22.41,-34.37,-33.61,-14.22
1430,-6.66,8.45,33.55,-19.6
1431,-30.05,-56.35,5.98,-14.33
1432,-30.18,26.25,67.78,-24.18
1433,-11.44,41.32,-66.1,-1.42
1434,-2.86,53.29,-9.69,-11.88
1435,1.04,-3.23,63.85,-19.35
1436,24.77,23.86,96.64,-6.83
1437,-66.99,30.9,-103.04,-12.76
1438,9.31,-9.9,-14.76,-21.73
1439,50.46,137.48,6.38,-16.47
1440,-80.14,29.22,45.33,-28.7
1441,-63.84,-31.32,67.89,-14.79
1442,-9.01,51.1,-47.64,-7.86
1443,-41.01,-6.16,-35.8,-16.81
1444,-14.38,-31.33,27.19,-23.68
1445,-12.61,36.49,-12.18,-16.07
1446,2.4,138.38,135.73,-15.34
1447,-50.5,-78.29,30.26,-21.25
1448,-36.63,-13.64,-41.06,-15.83
1449,25.01,69.23,66.0,-9.4
1450,-18.68,7.19,-112.46,-14.59
1451,-11.22,25.9,7.77,-17.04
1452,-36.56,-87.96,42.44,-12.25
1453,-24.62,12.21,-19.7,-8.19
1454,107.73,72.74,2.43,-22.3
1455,-10.97,-5.35,27.41,-23.85
1456,-121.56,-7.56,147.86,-7.04
1457,-24.27,61.08,-133.73,-6.47
1458,-34.75,-6.69,-44.13,-15.22
1459,-2.32,119.33,562.25,-14.98
1460,-56.48,-130.3,-199.36,-36.45
1461,-2.47,43.96,-165.92,-3.72
1462,12.73,61.31,-65.73,-19.06
1463,-4.89,-42.23,-22.51,-9.92
1464,43.15,-19.91,121.64,-13.32
1465,-89.35,-3.63,-58.43,-19.46
1466,46.71,67.09,202.67,-12.44
1467,-71.24,-15.54,-122.72,-10.88
1468,-41.52,29.83,68.66,-16.95
1469,-0.89,119.83,-97.26,-12.91
1470,-3.22,-54.28,57.85,-7.33
1471,-56.77,-105.41,-95.0,-15.96
1472,-32.44,20.75,50.97,-13.39
1473,-20.71,-4.77,21.3,-7.93
1474,-8.15,-25.25,87.0,-21.01
1475,6.79,51.73,-119.17,-10.88
1476,-4.11,38.56,-18.53,-8.18
1477,6.56,92.69,-4.06,-5.21
1478,85.22,-84.49,61.03,-19.44
1479,-69.9,-43.29,151.62,-11.43
1480,-104.55,60.47,-65.88,-17.61
1481,-27.48,11.07,63.47,-9.64
1482,-9.67,-32.92,-79.59,-18.04
1483,-24.31,-38.1,286.11,-28.88
1484,-20.21,-1.01,-217.48,-7.18
1485,28.66,38.28,-61.56,-18.54
1486,-51.13,-3.78,-23.54,-5.12
1487,94.14,90.23,-4.5,-15.76
1488,-67.38,-46.41,-0.39,-23.11
1489,-88.25,-18.65,20.81,-5.64
1490,-29.23,7.89,67.41,-17.27
1491,-17.1,19.37,13.87,-9.42
1492,22.54,96.71,50.42,-6.17
1493,-24.63,-45.63,-57.16,-0.39
1494,-45.8,-28.55,10.52,-27.72
1495,-28.69,-13.8,-34.5,-13.91
1496,-15.75,-3.36,50.72,-9.03
1497,-12.1,-9.08,-11.14,-16.88
1498,-44.27,1.78,20.05,-13.05
1499,26.6,60.98,346.97,-1.42
1500,-14.12,-29.2,-291.76,-18.67
1501,-14.94,67.89,-44.81,-15.79
1502,-11.61,-10.7,-32.25,-16.12
1503,-0.88,81.33,3.97,-9.4
1504,88.55,-6.82,5.25,-10.58
1505,-3.29,-70.36,-1.37,-29.56
1506,-147.7,-21.34,125.69,-8.77
1507,-39.55,13.7,-55.6,-16.04
1508,-17.4,0.27,-2.5,-4.02
1509,-18.06,-2.76,29.57,-17.03
1510,-5.92,-14.07,27.39,-25.62
1511,-14.65,41.61,-9.38,-13.95
1512,-7.82,-22.19,-37.96,-8.84
1513,0.59,-39.49,-19.59,-10.8
1514,-38.92,31.78,77.7,-16.51
1515,-16.98,47.5,124.51,-12.29
1516,-14.64,2.76,-120.5,-9.4
1517,-8.52,60.95,-48.81,-3.11
1518,46.25,-11.55,-16.72,-13.26
1519,6.54,-103.03,156.77,-14.55
1520,-83.02,67.09,-92.14,-19.58
1521,-35.76,84.87,34.2,2.52
1522,-32.95,-1.25,195.55,-20.78
1523,-43.99,-56.7,-160.8,-16.05
1524,-27.19,8.76,-59.74,-16.71
1525,8.48,159.74,-17.28,-3.29
1526,-0.45,-50.1,29.65,-17.25
1527,-21.49,-172.2,66.54,-15.23
1528,-6.84,34.72,-26.53,-22.51
1529,21.36,126.93,-17.48,-3.02
1530,64.12,-93.64,68.89,-5.15
1531,-74.86,-11.81,-39.01,-18.36
1532,-104.43,105.78,-5.28,-6.55
1533,-17.22,32.43,4.89,-5.42
1534,-28.35,-56.16,56.03,-18.03
1535,-10.89,32.47,-3.23,-13.68
1536,-16.0,-28.7,-34.93,-11.81
1537,-18.83,44.94,-35.34,-17.11
1538,4.06,14.59,13.78,-10.29
1539,-22.05,-60.94,24.86,-11.91
1540,-15.52,91.98,-13.53,-10.01
1541,-24.1,-34.17,-5.48,-13.34
1542,-9.71,15.39,6.37,-8.97
1543,-1.34,97.17,41.12,-20.19
1544,-14.54,3.22,244.62,-14.0
1545,-7.88,154.41,-66.01,0.33
1546,51.27,-205.4,-4.92,-30.67
1547,15.83,-69.08,-103.04,-17.06
1548,-150.16,83.52,-70.21,-7.07
1549,-23.37,115.15,-8.81,0.53
1550,-50.32,-140.61,-1.7,-16.52
1551,2.86,45.66,-1.9,-18.28
1552,25.61,39.53,-8.68,-8.67
1553,-56.63,-37.08,15.34,-13.24
1554,-13.14,78.61,47.47,-9.64
1555,-23.68,-44.86,-10.49,-13.7
1556,-10.63,29.14,141.36,-14.54
1557,2.93,123.13,314.68,-9.09
1558,-52.35,-65.18,-171.88,-33.73
1559,12.94,135.81,-143.12,3.31
1560,45.71,-22.67,-48.47,-11.69
1561,-24.75,-89.17,-48.56,-16.78
1562,-120.81,-7.79,-21.55,-13.87
1563,-31.79,42.24,2.7,-12.51
1564,-22.98,11.89,4.73,-18.38
1565,-13.48,-3.53,-4.45,-14.82
1566,-14.64,-18.7,-0.74,-18.16
1567,9.34,72.71,15.4,-4.33
1568,-39.67,99.61,30.11,-15.81
1569,-44.65,23.9,97.43,-16.87
1570,-0.96,-111.58,-27.51,-14.03
1571,-12.37,24.38,-38.21,-14.6
1572,14.44,152.31,-18.31,-3.81
1573,-36.7,-98.31,316.31,-18.39
1574,-28.4,10.88,-193.1,-19.74
1575,-23.08,-0.61,-59.72,-11.8
1576,-33.91,6.75,-16.35,-17.06
1577,13.73,-26.98,-27.5,-25.3
1578,-44.82,7.72,-26.32,-6.87
1579,-30.87,66.87,29.5,-9.37
1580,-25.39,-28.69,15.08,-11.77
1581,-19.99,196.95,-12.49,-7.85
1582,-29.89,-38.96,49.79,-15.82
1583,92.12,-68.2,-47.69,-13.17
1584,-35.93,-47.11,91.5,-20.98
1585,-86.23,61.76,5.73,-20.99
1586,-26.84,-31.52,20.05,-17.1
1587,-30.86,23.04,-98.01,-13.15
1588,5.64,29.64,35.85,-11.98
1589,-39.54,-22.49,117.66,-17.9
1590,-6.03,26.78,21.66,-7.38
1591,-15.52,68.46,-101.07,-16.78
1592,-8.89,-40.46,-32.21,-15.06
1593,-34.3,118.95,-17.96,-6.51
1594,-46.03,-115.18,-4.21,-11.37
1595,-25.23,-6.42,16.81,-17.08
1596,-25.47,11.36,70.49,-24.59
1597,-10.68,101.28,34.22,-8.95
1598,-18.29,1.93,-2.88,-8.25
1599,-37.95,-62.15,-72.66,-18.88
1600,-13.62,-20.46,-11.93,-16.17
1601,1.04,24.4,96.1,-18.39
1602,89.69,48.91,-71.72,-12.42
1603,-81.16,76.61,-8.87,-6.0
1604,-15.91,103.26,-1.99,-8.16
1605,-63.77,-97.42,39.81,-21.01
1606,-31.71,-56.81,-4.28,-26.18
1607,1.82,57.32,244.1,-10.91
1608,-43.76,-64.68,-87.16,-24.51
1609,-32.71,82.34,-78.55,-18.12
1610,-15.13,30.01,-42.2,-13.68
1611,-31.85,-49.77,-3.95,-20.75
1612,-23.58,-3.6,-13.91,-8.23
1613,-19.66,-25.17,81.22,-21.47
1614,-17.07,92.99,70.08,-10.02
1615,-1.93,20.51,-91.95,-20.12
1616,-17.67,51.55,-19.56,-18.64
1617,-9.37,12.41,34.34,-21.12
1618,-19.04,-33.97,-42.65,-12.47
1619,-16.09,13.11,-6.67,-3.86
1620,62.49,59.59,1.83,-8.85
1621,-21.17,-20.0,2.43,-14.62
1622,-113.74,-39.43,271.28,-21.48
1623,17.2,49.05,-128.7,-20.33
1624,-4.68,65.62,-74.51,7.52
1625,-41.91,-22.53,-19.24,-18.02
1626,-31.33,-108.85,75.41,-13.61
1627,-26.1,144.25,88.32,-16.23
1628,-4.6,98.46,-81.29,-8.6
1629,-58.05,-68.8,110.01,-42.48
1630,64.31,1.39,-133.91,1.24
1631,-3.12,74.13,5.52,-5.41
1632,-83.94,-79.88,-35.41,-22.61
1633,-36.49,-23.41,-12.84,-15.44
1634,-16.11,13.24,-0.63,-12.99
1635,-15.7,12.44,16.91,-4.99
1636,-11.59,2.34,123.41,-16.69
1637,-11.83,82.46,91.16,-14.07
1638,36.31,213.12,-14.46,-8.66
1639,-35.21,-34.72,9.71,-11.03
1640,-82.82,-118.61,-35.28,-31.0
1641,7.54,2.81,-89.68,-20.23
1642,-12.84,21.67,9.43,-24.95
1643,-18.55,37.69,-0.93,-9.52
1644,-11.39,15.69,130.0,-31.67
1645,-6.7,74.25,-52.96,-25.27
1646,-29.33,-7.64,-17.04,-31.41
1647,-31.19,-75.13,20.94,-14.24
1648,-10.03,76.38,-41.51,-19.6
1649,-61.18,43.15,27.19,-26.04
1650,89.37,72.77,47.59,-29.01
1651,-59.07,-137.3,-62.55,-31.7
1652,-72.23,41.25,-6.26,-24.18
1653,-17.02,49.1,48.23,-22.56
1654,15.58,58.67,33.18,-19.58
1655,-55.41,-57.64,-54.85,-20.94
1656,-36.38,-58.35,30.47,-22.42
1657,-11.35,71.94,191.47,-27.65
1658,-5.76,24.22,-34.81,-20.35
1659,-10.66,8.19,11.33,-30.36
1660,-60.82,11.57,-76.14,-29.34
1661,-18.79,45.19,-50.6,-16.58
1662,-26.49,-67.88,-20.82,-28.34
1663,17.68,56.34,-5.99,-23.19
1664,-56.38,-11.61,0.66,-29.46
1665,-6.18,81.38,35.7,-17.59
1666,-26.59,-31.7,0.64,-29.98
1667,16.4,24.33,54.42,-24.36
1668,-16.16,136.47,267.25,-15.49
1669,21.38,-137.37,-147.98,-28.3
1670,23.9,94.77,-47.67,-28.59
1671,-108.68,-11.0,-45.12,-14.84
1672,-62.95,-106.97,-26.14,-32.92
1673,-26.03,49.28,-2.92,-20.39
1674,-15.31,-33.28,130.76,-20.66
1675,-20.33,12.47,13.27,-33.03
1676,-18.94,10.78,-74.83,-24.02
1677,-13.85,-19.03,-18.2,-20.8
1678,-34.9,66.41,-9.43,-14.71
1679,-12.94,96.4,5.7,-21.34
1680,-1.09,-36.61,29.93,-25.17
1681,15.65,3.74,8.26,-41.16
1682,-42.35,-9.47,0.35,-17.67
1683,73.4,30.81,9.0,-9.12
1684,9.81,-7.98,229.32,-33.17
1685,-139.71,-16.15,-130.55,-23.19
1686,-40.83,27.77,-9.8,-18.06
1687,-26.16,-4.81,-19.07,-11.26
1688,-23.68,-19.8,10.93,-22.75
1689,-5.54,29.5,91.71,-15.75
1690,-25.18,-90.59,29.5,-33.16
1691,-13.46,148.98,-117.22,-16.42
1692,-17.77,28.11,-20.2,-17.77
1693,-22.36,-98.81,-1.46,-27.23
1694,-19.64,-24.12,-11.08,-20.88
1695,-15.18,16.75,3.8,-21.58
1696,-1.38,111.6,76.88,-13.43
1697,-23.46,20.69,47.33,-23.81
1698,-27.31,-28.42,-64.55,-22.19
1699,-25.6,39.9,50.58,-12.61
1700,-15.56,-66.04,-42.06,-15.98
1701,3.7,-27.04,-20.49,-14.42
1702,36.49,83.0,43.31,-21.27
1703,-35.86,13.55,209.09,-27.57
1704,-52.53,-47.92,-150.37,-12.44
1705,-17.06,-2.02,-59.38,-14.88
1706,-24.0,-9.58,-20.93,-16.41
1707,-16.41,86.6,14.26,-11.13
1708,47.27,22.91,-12.31,-22.5
1709,18.13,-39.05,8.9,-20.73
1710,-89.49,46.35,100.96,-15.17
1711,-26.25,8.54,48.7,-22.04
1712,-15.64,121.82,-42.94,-11.41
1713,-27.62,-36.15,-57.94,-21.6
1714,-42.09,75.97,-16.85,-26.16
1715,20.63,-36.21,-10.62,-18.41
1716,-30.27,-27.88,-3.24,-20.8
1717,-31.33,4.44,7.1,-17.88
1718,2.08,93.21,23.6,-11.41
1719,-38.44,7.91,160.38,-17.93
1720,-12.12,-3.25,27.5,-19.91
1721,-28.72,-43.8,-89.19,-14.2
1722,-4.95,-28.19,-40.9,-17.04
1723,59.31,-25.75,51.03,-38.84
1724,-92.34,52.79,26.87,-10.62
1725,-13.07,185.08,-64.92,-4.3
1726,-43.58,-70.08,-30.5,-28.82
1727,-25.87,-21.71,-8.67,-20.81
1728,-15.45,94.02,118.83,-7.6
1729,-8.51,14.66,-92.49,-19.91
1730,-10.97,-12.3,-9.08,-17.21
1731,18.58,22.48,-2.67,-17.94
1732,-20.03,-9.97,44.26,-16.84
1733,-58.74,6.25,101.72,-11.15
1734,-14.88,30.13,-37.45,-23.96
1735,-7.42,28.13,-45.5,-11.96
1736,-10.41,-19.02,-30.3,-10.79
1737,27.22,108.45,17.48,-10.3
1738,-23.9,2.78,44.71,-16.34
1739,-34.28,-59.65,-43.74,-13.22
1740,-24.0,-14.15,-6.79,-13.21
1741,-24.13,34.52,31.46,-13.19
1742,8.99,5.05,112.35,-10.46
1743,101.24,113.17,-31.86,-12.5
1744,-127.78,-57.98,-25.94,-26.64
1745,-49.78,26.56,-36.53,-16.07
1746,22.17,8.92,113.54,-11.28
1747,-48.15,13.27,-44.15,-13.39
1748,-21.46,-23.45,-61.97,-10.91
1749,-31.38,46.62,78.79,-13.83
1750,8.58,233.23,-9.39,-18.2
1751,-2.08,-44.88,-55.91,-7.61
1752,-24.89,-107.37,-14.66,-15.77
1753,-16.45,-23.4,34.88,-20.68
1754,-11.24,28.68,75.03,-7.23
1755,-4.28,45.29,-63.45,-19.99
1756,10.05,-11.33,84.96,-2.73
1757,86.55,43.81,-46.35,-11.6
1758,-112.83,-34.37,-34.39,-19.25
1759,-71.45,10.28,18.62,-16.42
1760,-17.26,57.62,10.77,-13.96
1761,-6.7,30.75,32.74,-23.89
1762,-19.9,-13.46,-16.54,-8.91
1763,-21.5,44.43,-28.09,-12.24
1764,-21.24,-17.04,-1.0,-10.64
1765,-9.32,64.43,-3.79,-10.77
1766,-32.29,37.71,128.84,-9.48
1767,7.34,17.37,53.54,-11.21
1768,-4.29,37.16,-118.91,-3.27
1769,-16.24,-54.09,-20.78,-7.85
1770,-13.09,51.05,-18.17,-15.66
1771,-21.05,10.83,1.89,-4.24
1772,-30.44,2.79,84.92,-18.16
1773,102.68,31.85,16.99,0.57
1774,-18.76,-31.86,-42.69,-2.55
1775,-110.67,96.59,43.13,-18.84
1776,-30.45,-22.24,-49.23,-6.64
1777,-20.57,34.99,90.47,-2.17
1778,4.77,94.49,-30.39,-0.09
1779,-4.37,31.24,-30.03,-20.82
1780,-21.29,-27.66,11.14,-14.65
1781,-44.19,12.17,31.61,-5.16
1782,-22.25,2.91,60.38,-18.28
1783,-19.11,-11.15,-24.05,-3.97
1784,-8.56,21.03,19.55,-5.47
1785,-4.56,94.36,-55.99,-2.86
1786,-18.5,-33.11,83.03,-6.39
1787,-9.16,41.43,-4.79,-18.78
1788,-10.76,-65.93,-39.55,-7.3
1789,-14.11,65.85,-7.17,-2.01
1790,-21.77,1.46,-8.33,-9.86
1791,42.65,33.6,-7.52,-0.46
1792,18.58,21.38,60.7,-12.6
1793,-53.13,30.73,32.01,-14.8
1794,-58.58,24.88,-38.92,-11.09
1795,-40.3,76.54,-16.92,-6.57
1796,-25.59,-6.89,3.6,-7.92
1797,-16.44,23.55,47.74,-12.8
1798,-22.71,-18.47,-26.03,-11.16
1799,-16.44,16.49,-9.22,-10.84
1800,-21.79,3.05,81.72,-13.13
1801,-5.06,128.55,-34.09,-3.19
1802,-26.67,-35.01,32.04,-15.19
1803,-28.96,8.23,-1.04,-8.69
1804,-44.75,-76.19,-15.48,-9.17
1805,21.44,129.28,17.17,-1.56
1806,76.76,26.58,134.83,-12.66
1807,-90.5,-35.57,-92.78,-18.76
1808,-48.83,-0.04,175.98,-17.17
1809,-23.66,-4.83,-105.36,-18.53
1810,-14.53,21.13,-56.81,-11.39
1811,-23.82,23.08,-18.17,-4.16
1812,-3.46,48.47,49.88,-23.44
1813,-8.69,27.85,86.11,-0.99
1814,-11.02,-8.93,-74.82,-14.36
1815,-9.3,-16.91,3.32,-14.76
1816,-33.25,62.54,-14.56,-14.09
1817,-29.68,4.53,-7.05,-10.63
1818,-19.24,69.29,52.51,-10.75
1819,-0.27,92.39,33.49,-11.23
1820,-14.26,-87.52,-46.27,-10.83
1821,-55.46,-88.3,-10.54,-17.34
1822,-25.44,37.38,-5.47,-9.98
1823,-10.47,48.78,-0.73,-10.19
1824,-12.96,17.58,14.89,-10.83
1825,-12.41,0.3,50.99,-15.1
1826,-12.2,33.62,81.69,-17.97
1827,-1.32,82.31,-38.91,-12.95
1828,-37.61,-74.03,4.35,-8.15
1829,-23.81,42.48,117.49,-15.6
1830,-19.45,44.23,-82.5,-21.22
1831,-15.96,12.86,-51.7,-8.81
1832,-10.07,52.07,44.43,-10.33
1833,18.39,52.82,-33.2,-7.69
1834,-56.9,89.67,-11.92,-20.17
1835,-54.7,-75.82,62.14,-14.4
1836,9.97,-20.25,-47.09,-17.55
1837,95.53,71.66,-0.82,-6.87
1838,-94.97,113.56,8.03,-4.86
1839,-72.51,-145.68,-2.8,-17.84
1840,-11.96,77.61,3.58,-10.55
1841,-10.76,28.2,57.72,-9.35
1842,-23.25,83.61,5.61,-22.65
1843,-15.38,10.29,47.36,-3.66
1844,-12.26,43.69,15.95,-18.02
1845,-17.98,12.48,9.98,-22.25
1846,-14.56,-58.6,136.2,-8.25
1847,6.04,-19.04,-172.8,-7.71
1848,5.54,61.18,-32.19,-8.53
1849,-59.28,-16.45,22.8,-1.21
1850,-13.52,133.75,94.24,-13.3
1851,-23.41,-26.18,-90.65,-21.32
1852,-13.62,56.0,-17.74,-15.16
1853,-22.27,40.25,-10.42,-15.56
1854,8.0,43.7,5.68,-6.89
1855,-36.12,-12.52,6.17,-14.29
1856,-15.88,25.84,44.03,-10.4
1857,76.03,64.71,-7.04,-16.49
1858,-51.62,-64.91,0.8,-19.29
1859,-62.91,-62.0,38.62,-14.57
1860,-24.62,81.98,54.43,-13.28
1861,-11.9,63.74,-29.78,-9.01
1862,-1.98,7.39,30.81,-9.43
1863,-18.14,24.32,-30.18,-20.98
1864,-35.62,33.18,279.46,-10.22
1865,-17.56,-4.44,-163.04,-23.3
1866,-17.64,86.83,-49.76,-0.73
1867,-0.74,103.87,-6.9,-17.28
1868,-15.04,-7.88,13.95,-15.34
1869,-26.86,4.29,-39.54,-6.0
1870,-7.22,42.52,7.71,-19.85
1871,-15.57,-16.15,51.01,-6.74
1872,12.48,-26.99,6.34,-27.21
1873,22.45,17.22,26.25,-17.22
1874,-90.0,13.79,-28.09,-10.85
1875,-34.19,7.08,201.4,-15.4
1876,-34.29,37.1,-138.03,-14.12
1877,-16.6,11.64,-75.87,-11.01
1878,16.68,89.72,-11.52,-6.08
1879,2.38,37.47,-0.37,-3.47
1880,-22.07,-55.91,19.64,-21.57
1881,-22.96,-22.63,17.01,-23.23
1882,10.93,42.06,52.12,-11.15
1883,-18.59,126.56,-44.61,-7.48
1884,-37.98,-106.13,22.78,-20.56
1885,-35.78,-24.78,-8.57,-25.15
1886,-9.62,69.97,-15.38,-11.58
1887,-13.98,-27.81,4.2,-12.09
1888,-33.44,87.78,45.18,-23.12
1889,-9.43,-1.6,-4.27,-18.65
1890,-23.88,5.3,29.79,-20.74
1891,47.92,66.33,59.89,-5.68
1892,50.6,-10.33,0.36,-9.53
1893,-108.33,26.84,-5.65,-17.12
1894,-32.72,47.21,43.48,-12.18
1895,-31.15,-64.18,-70.58,-27.14
1896,0.24,35.98,-13.07,-12.93
1897,-38.34,-8.22,-5.94,-18.94
1898,-6.75,96.81,90.7,-11.89
1899,-3.25,59.0,10.01,-4.98
1900,-26.14,-52.75,-54.17,-16.67
1901,-22.42,41.08,-12.08,-17.11
1902,-17.51,-23.6,53.7,-20.35
1903,-7.9,36.36,32.45,-16.07
1904,-18.8,60.83,-45.66,-7.86
1905,-22.87,-67.63,-15.51,-11.49
1906,18.1,187.53,-3.91,-0.16
1907,-35.8,-64.86,66.1,-18.3
1908,44.31,-19.14,42.5,-15.26
1909,-64.45,-12.54,-73.22,-12.22
1910,-45.85,42.72,20.37,-11.58
1911,28.52,20.17,-25.82,-12.01
1912,-7.63,12.66,-5.95,-12.18
1913,-73.91,-0.91,34.88,-16.59
1914,-17.17,27.09,16.08,-12.94
1915,-13.67,-13.06,-42.29,-8.09
1916,-6.12,68.76,8.68,-14.4
1917,6.89,240.74,24.85,-0.74
1918,-31.18,-110.66,126.03,-20.19
1919,-21.55,-39.53,44.94,-38.68
1920,-19.24,5.16,-93.18,-3.6
1921,-6.54,56.32,-52.35,-2.39
1922,-31.04,-59.72,-22.61,-13.64
1923,-16.02,18.59,-8.99,-12.55
1924,-12.53,41.57,41.3,-5.49
1925,29.91,-0.3,33.3,-13.81
1926,20.69,50.78,-3.3,-14.73
1927,-81.27,145.51,-19.18,-11.21
1928,-3.64,-71.16,22.89,-15.16
1929,-15.55,36.26,49.97,-30.77
1930,-38.17,25.73,-30.83,-7.08
1931,-5.22,32.65,-20.66,-1.85
1932,-29.13,-103.27,51.83,-12.01
1933,-14.56,-64.09,-64.15,-20.39
1934,-17.9,35.15,-8.46,-12.94
1935,-31.58,63.61,-0.19,-11.79
1936,7.49,54.54,0.6,-13.83
1937,15.4,28.0,10.01,-7.29
1938,-25.79,98.67,69.43,-15.27
1939,-32.02,-35.04,142.92,-26.31
1940,-19.15,-13.73,-42.06,-2.68
1941,-17.69,-4.21,-82.09,-10.32
1942,-22.25,28.45,-39.11,-9.8
1943,-14.76,-2.11,-8.57,-14.01
1944,-6.6,48.08,57.21,-12.96
1945,121.04,350.1,-14.22,-0.59
1946,-91.06,-255.42,5.12,-22.14
1947,-119.29,-75.31,79.27,-20.86
1948,-32.85,-15.92,-67.77,-24.28
1949,-2.42,19.75,-25.49,-2.49
1950,-13.12,-7.0,2.47,-7.23
1951,-11.61,35.83,12.48,-15.03
1952,-2.07,51.63,-18.51,-11.14
1953,-18.5,-2.33,4.73,-8.51
1954,-6.43,46.16,3.24,-14.98
1955,-6.63,118.53,97.75,-12.8
1956,-36.44,-75.25,141.16,-20.52
1957,-34.65,-8.2,34.81,-13.68
1958,20.65,123.91,-155.4,-8.51
1959,-28.17,-81.31,-41.15,-7.2
1960,84.27,96.89,48.61,-10.62
1961,-42.9,0.47,9.42,-21.19
1962,-99.62,26.85,-9.78,-15.23
1963,-39.09,-43.85,-40.35,-12.04
1964,-23.83,14.92,-9.06,-10.31
1965,-25.34,18.19,-6.75,-12.68
1966,-11.78,24.06,4.5,-11.42
1967,-4.39,-29.84,2.95,-6.55
1968,-33.11,4.2,8.41,-14.67
1969,-8.67,70.86,240.55,-10.72
1970,43.74,76.85,-37.69,-14.4
1971,-48.9,-57.88,-122.96,-11.75
1972,-28.51,-32.43,-29.92,-9.94
1973,-19.56,31.41,-12.93,-12.79
1974,-20.69,15.46,13.72,-14.13
1975,-17.9,29.42,10.53,-11.81
1976,-12.52,-51.0,231.76,-7.1
1977,10.89,70.97,-118.67,-23.55
1978,-11.78,86.92,-30.5,-6.46
1979,-38.71,-17.93,-53.29,-15.89
1980,-34.86,-58.1,-18.27,-22.74
1981,77.18,76.06,-2.36,-13.41
1982,-9.77,14.52,1.81,-13.75
1983,-93.4,52.34,27.85,-15.25
1984,-34.71,-43.43,94.54,-12.33
1985,-31.95,-14.28,31.46,-32.17
1986,-16.44,22.61,-76.26,-0.74
1987,-3.97,-43.94,-24.85,-14.59
1988,-5.61,38.46,-5.03,-11.61
1989,-12.67,-1.18,-0.73,-11.62
1990,-11.11,13.22,56.42,-13.2
1991,-8.33,-42.78,-4.99,-2.37
1992,36.8,108.67,186.27,-17.84
1993,-45.4,44.71,-73.55,-13.02
1994,2.2,50.68,-5.52,-10.55
1995,43.5,-43.69,-78.21,-14.87
1996,-107.16,-21.16,-13.9,-10.55
1997,-16.58,-15.15,-4.25,-16.1
1998,-42.28,7.13,4.09,-14.29
1999,-38.31,34.42,25.25,-15.67
2000,10.66,67.26,59.76,-9.55
2001,-8.2,12.34,10.86,-16.32
2002,-5.43,44.44,-40.27,-5.18
2003,-26.1,-104.58,-10.21,-23.49
2004,-29.9,-31.93,-3.83,-21.96
2005,-17.8,31.01,21.7,-15.8
2006,4.53,63.91,60.43,-18.46
2007,-16.41,-45.35,48.21,-20.55
2008,5.23,30.16,-71.36,-11.29
2009,14.23,87.55,-21.52,-13.78
2010,-67.92,-55.7,16.54,-24.7
2011,-12.62,61.47,3.84,-13.79
2012,-28.34,-16.99,-4.69,-16.79
2013,-4.89,-12.48,50.84,-15.89
2014,33.64,100.29,-16.36,-10.83
2015,8.6,-45.03,22.65,-13.92
2016,-94.73,-10.21,38.34,-24.14
2017,-36.97,-20.22,109.53,-12.72
2018,-17.19,-17.33,37.05,-9.14
2019,-14.34,-10.09,-133.8,-18.75
2020,-19.31,47.56,-26.5,-17.82
2021,-16.58,6.69,-12.63,-17.6
2022,-5.49,42.03,3.69,-15.88
2023,-13.13,64.21,131.86,-18.81
2024,20.15,-35.11,-24.4,-14.22
2025,-32.23,-57.53,-39.8,-22.5
2026,-26.46,-18.59,-12.85,-21.57
2027,-31.94,-17.08,-11.09,-20.6
2028,-15.65,-26.81,-3.46,-21.33
2029,-23.72,62.25,3.79,-16.94
2030,-24.11,7.68,4.59,-14.91
2031,-12.14,10.81,1.44,-19.95
2032,85.96,104.08,11.62,-12.04
2033,-67.44,148.61,339.05,-16.17
2034,-58.38,-174.42,-117.34,-31.85
2035,-20.41,-0.99,-137.5,-17.78
2036,-11.76,25.51,-30.64,-12.53
2037,-32.81,-38.84,-8.31,-23.01
2038,-21.72,-27.26,22.23,-18.23
2039,-17.75,40.4,-25.09,-15.02
2040,-17.98,20.49,-2.24,-15.51
2041,-15.85,20.23,3.33,-15.58
2042,8.11,22.44,6.4,-15.6
2043,-36.82,104.0,6.11,-11.14
2044,59.07,-43.93,4.23,-21.41
2045,-39.52,91.1,60.36,-20.18
2046,-59.41,-1.38,-22.61,-12.05
2047,-16.14,15.71,169.5,-24.49
2048,-30.12,-7.66,-12.47,-36.99
2049,7.47,-44.42,27.05,-6.88
2050,-48.7,-31.78,-49.09,-21.17
2051,-24.21,40.69,-10.19,-10.22
2052,-13.99,-23.19,-77.8,-21.03
2053,-9.44,27.81,-23.81,-18.17
2054,-15.72,27.88,-4.92,-13.11
2055,-18.07,45.12,0.99,-14.47
2056,-2.37,84.31,9.82,-12.77
2057,-3.81,74.84,7.84,-14.0
2058,5.66,-62.1,1.71,-17.89
2059,-65.96,-52.56,3.6,-24.49
2060,-25.94,32.31,55.61,-28.36
2061,50.15,17.82,166.18,-13.56
2062,-77.85,32.58,-103.27,-24.89
2063,-39.55,49.13,-53.18,-9.28
2064,-10.92,26.92,-22.51,-17.16
2065,-11.9,-38.83,30.2,-16.6
2066,-11.01,6.57,-24.09,-14.95
2067,-25.64,22.39,-0.98,-16.46
2068,-1.9,147.07,19.35,-11.04
2069,-8.57,122.05,131.03,-12.21
2070,-42.27,-126.46,-37.94,-35.08
2071,-17.52,26.42,61.74,-1.73
2072,4.07,-18.53,-65.61,-22.97
2073,-13.09,-11.38,-34.16,-13.13
2074,-26.1,142.17,-14.82,-9.3
2075,39.19,-19.54,103.69,-18.16
2076,-9.94,31.15,59.89,-15.43
2077,-96.54,39.24,-49.75,-13.82
2078,-63.63,6.77,-66.79,-18.61
2079,-1.06,17.13,-9.18,-15.04
2080,-6.01,5.47,-2.7,-13.32
2081,-11.03,17.24,58.69,-18.25
2082,-11.24,12.66,-18.78,-9.5
2083,14.63,72.62,25.52,-8.12
2084,54.28,281.67,1.61,18.18
2085,-100.49,-256.3,50.84,-30.33
2086,-34.0,-15.46,-40.53,-13.86
2087,-29.39,-1.8,-2.75,-14.36
2088,-11.62,37.03,0.37,-10.05
2089,-10.45,31.13,75.32,-8.37
2090,-16.14,37.7,126.87,-8.57
2091,34.25,27.82,-63.67,-6.69
2092,21.69,33.52,-49.01,-10.36
2093,-100.67,73.21,-26.53,-10.54
2094,-26.24,-11.24,11.23,-6.55
2095,-55.2,30.45,46.0,-9.17
2096,-21.96,-24.13,-28.08,-9.19
2097,18.84,24.54,-23.08,-3.74
2098,-0.16,88.74,0.88,1.18
2099,13.66,19.66,-4.75,-14.98
2100,-50.63,-12.77,40.27,-9.66
2101,-40.29,27.98,31.19,-14.26
2102,-11.31,18.57,0.24,-8.67
2103,-18.6,-23.5,-27.06,-8.88
2104,-25.53,29.78,-4.5,-5.02
2105,-25.54,-15.75,3.05,-11.78
2106,67.26,-23.8,9.61,-9.9
2107,-4.61,70.25,45.34,-14.08
2108,-78.7,97.31,1.81,-8.74
2109,-26.78,-7.82,168.82,-12.71
2110,-23.06,51.86,50.44,-3.42
2111,-29.82,-38.58,-90.24,-18.59
2112,-17.5,-38.08,-77.41,-9.78
2113,9.24,74.76,-22.26,-3.53
2114,4.2,-30.61,2.89,-14.61
2115,-40.7,110.16,17.48,-1.14
2116,-40.71,-100.3,-0.07,-13.52
2117,-21.48,-10.46,23.25,-19.54
2118,-15.1,35.62,23.92,-9.98
2119,13.12,40.99,-33.58,-6.19
2120,74.42,6.49,-3.29,-9.84
2121,-118.0,16.71,0.02,-9.69
2122,-38.73,49.09,13.43,-8.52
2123,-28.86,0.54,99.68,-2.2
2124,-32.9,-41.15,63.43,-15.64
2125,0.72,125.36,-90.01,-12.58
2126,-11.25,-5.67,71.86,-14.84
2127,-10.53,-15.89,-78.6,-13.71
2128,-19.66,24.17,-24.66,-7.4
2129,11.91,50.78,-2.51,-4.21
2130,-32.79,-18.05,3.23,-14.65
2131,-26.81,35.31,85.98,-11.9
2132,-14.3,5.7,24.39,-7.13
2133,-34.83,14.96,-15.04,-16.59
2134,-23.39,16.36,-42.38,-8.46
2135,75.4,-6.52,-7.15,-10.77
2136,-47.19,-9.57,8.26,-9.15
2137,-79.99,15.8,21.56,-21.74
2138,-35.31,49.96,16.42,-7.66
2139,-17.81,36.71,-3.2,-15.69
2140,-10.81,36.79,27.13,-7.99
2141,-16.02,31.43,-29.37,-8.02
2142,8.71,96.79,4.34,-2.43
2143,-26.98,-48.41,112.04,-15.66
2144,-30.64,43.52,-39.53,-14.71
2145,19.97,65.84,-25.56,-3.87
2146,-23.26,31.93,70.79,-25.17
2147,-51.68,-106.1,57.09,-20.06
2148,-30.53,18.02,-95.19,-4.88
2149,-19.69,3.62,-2.06,-13.96
2150,-19.68,28.22,-24.44,-10.34
2151,16.11,15.54,-4.41,-11.5
2152,51.92,100.03,11.7,-5.79
2153,-105.78,16.3,2.86,-15.31
2154,-48.54,-27.34,124.74,-17.02
2155,-18.89,13.96,-25.86,-21.4
2156,-1.88,92.14,-34.76,-5.24
2157,-8.69,25.54,4.14,-6.09
2158,-22.86,-22.13,-26.33,-13.36
2159,-21.48,16.92,-3.42,-11.74
2160,-10.78,66.93,-1.22,-10.25
2161,-1.08,-34.54,17.0,-9.13
2162,7.38,10.52,124.4,-21.31
2163,-51.82,6.22,-17.5,-22.84
2164,-30.53,7.55,-37.71,-9.43
2165,-11.32,82.06,-31.42,-4.14
2166,-15.1,-20.19,-11.96,-18.45
2167,66.03,139.35,50.75,-11.45
2168,-97.03,-77.62,26.79,-10.14
2169,-51.07,-28.44,-43.6,-17.56
2170,-4.61,27.41,-16.92,-13.93
2171,-21.92,16.01,6.4,-11.69
2172,-19.51,-1.86,9.68,-15.7
2173,15.97,20.61,9.7,-13.29
2174,0.77,73.16,13.85,-7.5
2175,-50.68,-37.2,102.38,-14.94
2176,-36.48,14.74,42.37,-21.65
2177,-7.82,112.27,-54.52,-9.27
2178,-0.39,-62.16,-30.67,-15.59
2179,-28.0,45.38,-39.12,-10.94
2180,-18.36,83.98,-11.12,-9.58
2181,-20.12,-97.82,27.53,-12.93
2182,-34.63,68.63,52.55,-17.26
2183,49.84,50.33,-18.81,-10.66
2184,-14.83,-26.49,-29.91,-21.03
2185,-100.0,19.9,-6.98,-12.93
2186,-39.15,-0.3,-0.54,-11.38
2187,-28.89,62.41,1.38,-8.05
2188,-28.94,-30.53,3.33,-13.91
2189,22.21,68.47,22.39,-0.48
2190,-19.4,-54.18,213.9,-26.42
2191,-31.24,16.44,-146.28,-16.43
2192,-9.59,78.35,-17.27,-13.47
2193,-11.63,26.78,-11.95,-13.16
2194,-22.73,9.82,-14.64,-10.27
2195,1.58,-7.35,-2.97,-13.18
2196,-30.8,64.08,53.52,-7.35
2197,-26.7,20.46,199.67,-7.49
2198,36.73,31.89,-41.05,-20.75
2199,51.53,14.91,-107.23,-12.41
2200,-153.17,-21.33,-38.0,-13.8
2201,-47.35,-45.68,-8.49,-7.13
2202,-25.23,51.82,-5.05,-11.87
2203,-18.31,19.52,2.49,-12.99
2204,-14.06,21.32,3.19,-14.02
2205,-34.47,60.35,3.24,-12.91
2206,39.73,138.28,39.17,-0.26
2207,-6.96,169.0,81.6,-11.81
2208,-50.56,-212.55,-31.71,-36.79
2209,-32.73,-46.14,46.56,-16.39
2210,-21.17,16.79,-38.01,-18.37
2211,-20.94,-5.2,-35.1,-13.77
2212,-19.12,9.83,-4.44,-12.35
2213,-19.41,9.62,-4.9,-14.72
2214,5.39,30.07,2.27,-11.69
2215,53.11,-25.67,85.47,-10.05
2216,-75.83,75.93,43.32,-20.91
2217,-35.98,137.22,42.81,-5.41
2218,-43.04,-71.58,14.71,-19.24
2219,-23.23,-9.94,-83.02,-16.98
2220,-11.44,-37.79,-28.49,-19.52
2221,-43.43,10.76,-3.36,-15.81
2222,-43.33,-28.56,27.23,-18.87
2223,13.81,-28.33,-6.35,-16.28
2224,20.18,112.45,2.08,-17.23
2225,-17.53,-16.93,1.59,-18.04
2226,-22.02,-3.93,8.88,-19.51
2227,-48.48,32.11,58.27,-2.65
2228,-16.6,35.51,-16.04,-21.4
2229,-4.76,-10.17,11.15,-20.57
2230,-8.54,180.45,31.03,-17.61
2231,-34.6,-18.47,163.27,-16.21
2232,23.73,-72.83,-50.11,-18.87
2233,31.38,-28.72,-76.93,-29.56
2234,-86.72,79.96,-22.71,3.29
2235,-52.81,-56.12,-12.47,-20.07
2236,-14.61,16.98,15.91,-16.89
2237,-8.89,64.11,66.55,-10.74
2238,-51.15,-115.75,-19.73,-18.42
2239,-13.73,72.41,-35.25,-11.69
2240,23.13,11.92,-6.71,-21.11
2241,-21.94,137.94,82.79,-11.47
2242,-29.18,-64.15,14.09,-11.36
2243,-24.71,-4.47,-20.04,-13.06
2244,-10.88,53.94,-17.76,-9.02
2245,27.78,146.99,40.95,-10.28
2246,-47.44,-83.83,133.7,-31.45
2247,-30.24,-11.71,-48.3,-15.93
2248,-11.44,-31.93,-23.17,-11.88
2249,-35.91,-26.77,-3.72,-19.8
2250,3.18,43.84,-29.98,-7.22
2251,40.54,41.86,-27.58,-19.64
2252,-65.32,143.11,12.31,-7.79
2253,-47.44,-92.5,45.68,-19.63
2254,-35.03,21.94,-42.44,-15.95
2255,-26.19,41.53,1.68,-10.55
2256,-6.96,68.07,7.71,-13.58
2257,1.18,57.99,5.13,-14.09
2258,16.41,-48.2,6.53,-18.08
2259,-51.79,-32.1,95.53,-5.8
2260,-40.84,-40.03,142.2,-30.93
2261,-32.49,-5.52,-16.11,-17.98
2262,2.04,75.6,-125.14,1.39
2263,-33.54,-49.26,-23.94,-28.57
2264,-20.28,93.94,-10.74,-15.41
2265,-10.15,-13.91,106.24,-34.59
2266,79.56,77.29,-10.19,-10.32
2267,-62.58,22.43,-53.29,-9.02
2268,-85.56,0.14,-8.12,-16.8
2269,-8.36,71.16,21.73,-9.77
2270,-20.79,41.23,-20.73,-12.61
2271,-33.55,-50.51,21.74,-22.33
2272,-12.37,-6.23,-3.55,-16.59
2273,-22.37,-10.98,-4.96,-19.88
2274,-12.91,58.46,255.47,-10.65
2275,-11.94,89.49,-109.16,-9.66
2276,-2.74,25.93,-72.1,-15.13
2277,-22.13,-56.92,72.4,-24.61
2278,-7.54,12.69,-33.34,-19.6
2279,-12.71,-47.8,-52.38,-10.01
2280,-36.55,66.45,-12.02,-16.38
2281,-24.42,47.38,-6.72,-20.58
2282,-20.67,5.37,-0.0,-14.24
2283,-13.03,46.7,9.03,-16.49
2284,-21.36,-57.41,3.03,-12.07
2285,-8.27,48.16,3.62,-18.58
2286,-18.46,2.45,-2.05,-15.39
2287,1.33,95.28,75.16,-7.98
2288,-21.11,-17.83,-24.69,-17.68
2289,-15.78,24.8,-19.73,-19.09
2290,-21.69,-43.99,-7.76,-25.24
2291,-7.19,69.3,108.98,-8.82
2292,-49.02,-6.26,-20.14,-32.27
2293,-5.65,-9.68,83.38,-10.89
2294,3.35,90.22,-16.38,-15.74
2295,3.59,16.02,75.81,5.04
2296,-25.26,30.53,-106.81,-16.97
2297,49.71,33.81,-33.79,-22.3
2298,-16.33,-51.55,-10.32,-31.69
2299,-92.43,-62.99,-3.53,-25.83
2300,-19.04,24.13,0.46,-17.25
2301,-24.4,37.3,39.26,-19.08
2302,6.09,216.74,25.88,-10.55
2303,-28.47,-116.92,-43.25,-26.34
2304,-23.54,-16.82,-2.36,-18.59
2305,-16.83,91.43,21.32,-10.54
2306,-11.42,-69.29,132.32,-30.64
2307,-19.35,3.17,-93.62,-12.64
2308,-21.68,8.84,85.51,-26.24
2309,-15.04,46.76,39.05,-17.82
2310,-13.61,9.52,-55.38,-15.75
2311,10.19,52.93,-35.39,-17.47
2312,-35.08,55.69,48.4,-14.45
2313,-35.29,-16.17,-40.8,-20.37
2314,27.31,77.91,-31.09,-8.58
2315,-20.69,76.3,-3.83,-15.37
2316,-48.35,-128.45,4.83,-27.04
2317,-16.72,3.9,1.83,-11.8
2318,35.75,74.88,41.08,-0.37
2319,43.63,-35.23,101.67,-26.91
2320,-98.44,-48.21,-56.34,-20.5
2321,-26.14,101.76,-39.32,-12.65
2322,-15.66,33.74,-3.52,-16.03
2323,-19.66,-35.21,18.26,-13.18
2324,-5.77,73.85,-11.14,-8.36
2325,-22.2,27.71,130.54,-17.56
2326,-16.05,-60.29,45.6,-15.38
2327,-22.37,-45.25,-62.88,-16.76
2328,-13.45,-4.0,-60.64,-17.68
2329,-8.08,48.02,76.35,-8.43
2330,-12.03,63.36,-40.43,-12.54
2331,16.58,-21.94,-24.88,-19.66
2332,31.51,9.87,-5.54,-15.36
2333,25.37,44.78,36.78,-8.94
2334,-93.6,20.27,4.4,-7.4
2335,-50.93,-60.52,-12.52,-13.53
2336,-35.52,5.68,2.08,-21.09
2337,7.06,117.89,79.36,-16.94
2338,-38.35,-84.95,15.78,-19.48
2339,-26.36,-37.82,-43.59,-20.54
2340,-19.77,33.0,12.69,-12.91
2341,-40.14,-3.93,-17.46,-17.13
2342,24.4,95.56,6.88,-7.2
2343,-3.0,26.18,152.02,-20.4
2344,-12.47,-49.86,37.05,-17.25
2345,-8.73,17.92,-116.3,-21.94
2346,-9.64,29.14,-35.67,-8.63
2347,-6.38,67.21,32.19,-12.92
2348,-38.04,-52.38,5.93,-22.63
2349,16.07,60.45,-14.84,-12.92
2350,-4.91,127.29,-19.58,-13.31
2351,-53.37,-163.16,0.61,-20.43
2352,-19.33,-6.03,113.73,-16.42
2353,-11.09,53.92,-68.85,-23.16
2354,-5.35,-53.57,-2.9,-7.24
2355,-37.32,-1.0,15.51,-27.11
2356,-19.32,16.96,-3.21,-12.64
2357,-18.84,31.35,-9.87,-16.72
2358,-5.28,37.16,11.41,-17.87
2359,-12.42,17.51,50.78,-13.57
2360,-25.58,14.61,-4.06,-14.74
2361,-3.21,169.82,94.59,-14.09
2362,-18.4,-55.09,19.23,-10.63
2363,37.74,-45.82,-65.19,-23.46
2364,-79.17,-5.72,17.96,-22.17
2365,-30.35,19.71,-29.69,-10.37
2366,-8.37,69.19,-27.92,-11.98
2367,-32.29,-6.14,-3.8,-10.42
2368,12.13,-0.18,91.63,-13.56
2369,-1.97,-10.8,48.25,-18.3
2370,-32.18,89.46,-60.11,-17.08
2371,-22.76,-51.92,-27.71,-8.79
2372,-21.78,-25.12,-11.67,-21.25
2373,-25.77,-17.47,-4.08,-15.1
2374,-14.35,26.92,5.55,-14.05
2375,6.89,94.7,61.55,-0.95
2376,75.61,-41.65,-19.04,-23.56
2377,-64.28,33.06,170.11,-24.74
2378,-89.41,63.23,55.94,-11.67
2379,-25.38,-11.85,-142.77,-5.83
2380,-25.46,-11.29,-43.61,-17.69
2381,-24.87,30.93,55.58,-14.06
2382,-3.45,168.39,100.82,-20.95
2383,-30.5,-96.89,-91.45,-17.38
2384,-9.71,-48.9,-36.17,-16.47
2385,20.13,-16.46,-16.31,-13.29
2386,-19.35,73.84,30.62,-7.79
2387,-3.0,10.96,23.09,-1.04
2388,-35.26,-52.13,-15.82,-18.28
2389,-14.38,57.98,4.4,-9.73
2390,-3.94,-1.05,16.16,-13.92
2391,-17.36,-17.32,101.86,-13.3
2392,-25.05,-21.75,60.02,-21.05
2393,-31.9,0.08,-30.04,-18.41
2394,0.46,42.29,-62.59,-10.6
2395,-20.95,35.18,44.34,-20.45
2396,-20.91,-11.56,-50.64,0.96
2397,-12.34,40.21,12.92,-21.36
2398,-13.85,57.65,16.08,-9.34
2399,-12.84,87.06,6.14,-11.75
2400,17.13,-81.61,-30.8,-13.86
2401,31.98,65.64,-10.91,-9.43
2402,-75.96,-86.05,-1.93,-6.16
2403,-49.12,-2.83,64.61,-19.52
2404,-54.49,6.79,27.69,-13.3
2405,-34.59,26.16,91.77,-25.62
2406,-39.56,-16.88,57.9,-7.09
2407,-0.19,47.37,-81.83,-30.45
2408,14.1,83.48,-73.73,3.79
2409,-16.42,13.67,43.06,-26.14
2410,-24.19,-12.98,-63.57,-3.93
2411,-21.5,-37.84,-3.16,-29.22
2412,-8.49,1.71,-5.74,-16.35
2413,-27.17,1.9,36.93,-16.49
2414,-7.85,17.07,35.82,-30.65
2415,-6.36,25.88,-36.51,-2.82
2416,-35.71,22.97,-2.84,-10.37
2417,-20.11,38.96,-3.3,-19.04
2418,-15.88,49.58,1.74,-11.17
2419,50.49,5.53,5.27,-16.25
2420,27.59,88.74,12.27,-13.65
2421,-113.52,-58.12,53.99,-19.11
2422,-35.14,-30.52,2.6,-18.49
2423,-22.67,3.79,99.0,-14.99
2424,-45.06,32.25,15.23,-4.13
2425,-15.99,22.34,26.55,-1.17
2426,5.83,36.77,-100.14,-16.0
2427,-27.75,24.7,-5.01,-13.6
2428,-36.63,15.23,-23.05,-13.9
2429,-29.32,66.25,-4.09,-6.5
2430,2.41,-79.56,12.82,-12.36
2431,-5.11,-15.24,3.87,-7.93
2432,2.45,70.1,23.38,-12.31
2433,-27.99,-56.79,48.61,-20.05
2434,-26.32,14.25,-42.15,-12.43
2435,39.47,87.63,-7.15,-4.16
2436,29.12,-7.43,-2.04,-15.13
2437,-107.68,-17.09,25.34,-15.22
2438,1.5,27.94,173.77,-13.2
2439,-55.99,-0.14,-31.71,-4.54
2440,-42.92,58.73,-55.17,-15.74
2441,-31.4,14.03,-55.5,-11.05
2442,-7.98,24.64,103.31,-8.5
2443,-22.01,-72.56,-1.21,-21.54
2444,-17.74,110.1,-77.74,-5.89
2445,-12.51,17.49,-9.14,-11.11
2446,-42.57,-35.53,5.54,-19.89
2447,-12.7,-26.18,-13.94,-14.05
2448,-17.4,77.41,6.19,-5.2
2449,-30.57,25.38,1.07,-15.16
2450,23.6,-18.13,8.27,-9.01
2451,-6.05,4.42,10.66,-14.06
2452,54.84,50.27,2.5,-21.44
2453,-70.14,-56.01,50.63,-18.8
2454,-28.89,17.26,5.22,-4.15
2455,-42.88,42.98,169.1,-12.14
2456,-21.0,14.44,-74.99,-18.77
2457,-11.42,44.18,-13.85,-10.87
2458,-17.0,-61.3,-27.84,-24.43
2459,-10.27,9.4,-12.16,-14.5
2460,-29.47,-28.87,-23.24,-10.45
2461,-32.26,52.53,2.52,-8.33
2462,-4.44,56.14,-3.31,-17.16
2463,-27.02,-76.52,58.16,-21.32
2464,-18.08,5.32,113.54,-19.42
2465,-16.26,33.29,-114.84,-13.4
2466,-13.42,36.05,10.17,-7.09
2467,-15.79,32.79,-9.19,-10.48
2468,-16.84,43.84,-4.3,-14.67
2469,-8.61,-23.73,113.15,-12.91
2470,-44.03,-66.56,124.96,-20.05
2471,18.09,175.03,-139.08,3.07
2472,-29.53,-15.95,-43.97,-26.16
2473,-38.59,-69.26,47.34,-22.13
2474,-11.19,53.58,14.74,-14.94
2475,-24.54,-98.35,-52.43,-13.32
2476,-41.45,76.81,-3.46,-17.11
2477,73.99,25.03,3.49,-17.73
2478,-5.59,67.45,14.98,-9.13
2479,-76.01,80.77,24.02,-13.23
2480,-46.33,48.32,120.67,-18.62
2481,0.8,102.61,-52.75,-9.78
2482,-37.63,-132.99,-40.89,-24.47
2483,-18.41,-78.67,-13.63,-14.45
2484,-15.64,53.96,7.37,-19.37
2485,-11.95,21.77,210.65,-9.09
2486,-11.89,15.12,-32.74,-29.52
2487,-14.72,-6.23,-100.62,-18.33
2488,-23.61,8.52,-22.1,-11.35
2489,28.03,23.87,-1.81,-9.24
2490,-30.46,1.72,22.0,-19.58
2491,-33.13,16.74,49.1,-5.55
2492,-29.79,-16.96,-37.05,-14.62
2493,0.19,196.52,30.95,4.31
2494,7.65,-82.39,-10.6,-26.15
2495,41.17,15.04,128.15,-5.09
2496,-110.58,-39.29,-106.2,-19.51
2497,-31.04,12.4,21.86,-14.64
2498,-5.88,128.17,-21.39,-5.08
2499,-65.31,-124.63,199.99,-24.35
2500,-22.16,8.21,-69.49,-23.22
2501,17.78,10.37,-95.73,-4.39
2502,7.72,50.37,-17.65,-11.11
2503,5.51,55.32,-0.16,3.52
2504,-36.54,-48.41,-3.49,-27.3
2505,-25.69,-41.69,26.95,-20.22
2506,-18.16,7.69,5.03,-18.04
2507,-9.75,21.15,64.97,-20.79
2508,0.58,22.42,-24.1,-15.27
2509,-35.26,31.0,-9.25,-6.15
2510,-29.7,54.85,6.81,-8.31
2511,-23.75,-28.29,211.04,-13.42
2512,-18.65,-8.98,-66.96,-18.22
2513,12.31,223.95,-71.44,-5.34
2514,-27.85,-81.02,-32.08,-12.96
2515,-33.66,-29.36,11.94,-22.05
2516,-38.43,-62.93,81.77,-20.94
2517,-3.08,81.13,49.59,-24.07
2518,33.2,-39.3,-110.11,-13.33
2519,-77.66,5.67,-15.82,-14.1
2520,-23.18,-8.19,-7.96,-17.19
2521,-13.2,73.58,1.29,-8.34
2522,14.7,58.34,10.02,-14.25
2523,2.27,86.15,3.03,-13.42
2524,-59.51,-59.14,6.57,-11.03
2525,-25.99,6.54,4.39,-9.71
2526,-49.94,-10.55,5.07,-20.12
2527,4.98,66.79,41.25,-6.64
2528,-14.8,-65.66,27.02,-1.67
2529,-11.97,36.9,29.01,-18.95
2530,-7.95,9.16,-25.63,-20.06
2531,-11.4,76.02,-21.9,-14.88
2532,-30.76,-11.11,106.96,-25.4
2533,-11.25,13.5,142.02,-10.43
2534,-16.88,-8.16,-102.49,-7.72
2535,86.72,192.66,-71.82,-8.78
2536,-37.82,-142.65,-47.87,-24.23
2537,-85.97,5.11,-12.97,-14.99
2538,-29.86,-22.21,27.11,-17.02
2539,-15.88,2.34,51.83,-16.92
2540,1.64,115.34,-54.8,-12.48
2541,21.77,74.46,2.26,-10.42
2542,-43.56,-37.29,-3.59,-14.13
2543,-10.23,66.18,15.38,-7.44
2544,-24.0,-159.26,29.48,-32.36
2545,-17.66,-46.3,-24.49,-14.55
2546,-4.65,84.49,25.13,-15.71
2547,-23.54,23.11,44.34,-17.26
2548,-18.25,62.85,11.24,-11.79
2549,-10.48,48.57,-2.97,-15.76
2550,-14.73,-15.78,58.93,-17.93
2551,-10.41,63.42,44.91,-2.03
2552,-17.67,15.55,-96.83,-17.16
2553,46.16,-63.83,-23.29,-21.87
2554,47.55,82.49,-11.68,-16.81
2555,-126.46,-14.47,-8.23,-27.91
2556,-44.9,-29.37,4.61,-15.71
2557,-10.45,9.69,1.3,-16.23
2558,17.46,24.95,3.21,-13.61
2559,-31.96,-8.32,60.46,-19.13
2560,-36.19,-5.74,-27.07,-22.62
2561,-7.56,30.33,83.45,-11.3
2562,3.33,172.55,29.52,-13.45
2563,-48.4,-107.14,-67.67,-10.27
2564,-32.71,9.6,-19.58,-15.66
2565,-8.18,52.5,60.46,-22.55
2566,-13.06,-83.22,141.78,-19.31
2567,-4.23,37.11,-101.03,-7.86
2568,-19.38,21.91,-64.32,-18.84
2569,-1.23,4.58,-19.69,-8.08
2570,-9.56,18.63,-5.19,-13.24
2571,-11.8,4.99,40.96,-15.03
2572,-34.78,66.78,-13.42,-9.52
2573,4.33,-48.81,-11.49,-13.2
2574,110.34,92.94,-5.69,-19.14
2575,-102.92,-3.29,12.4,-9.02
2576,-57.27,24.36,17.27,-15.05
2577,-23.23,-24.37,49.04,-15.86
2578,-28.76,6.74,-6.2,-15.43
2579,-20.54,-39.01,141.26,-12.98
2580,-6.4,39.3,3.42,-18.15
2581,1.31,17.63,-75.57,7.75
2582,-57.98,-37.78,81.24,-19.13
2583,-13.25,101.92,-123.62,-16.47
2584,-8.33,-31.75,-21.55,-17.49
2585,-12.69,-6.65,-17.55,-13.87
2586,-2.59,-26.22,29.35,-15.22
2587,-20.14,17.32,-0.32,-14.77
2588,-21.85,54.75,-11.35,-18.79
2589,-4.51,58.14,-4.58,-19.22
2590,65.03,77.75,36.13,-13.28
2591,-32.0,9.47,-18.12,-19.38
2592,-79.8,-9.76,2.98,-20.93
2593,-27.04,62.16,15.82,-10.78
2594,-18.85,37.08,31.64,-10.66
2595,-23.6,-50.86,-31.19,-21.09
2596,-7.69,17.23,77.96,-22.84
2597,-13.32,-37.82,140.96,-28.14
2598,-19.07,-61.61,66.24,-10.89
2599,-18.13,65.56,-123.71,-16.76
2600,-1.44,93.24,-81.23,-8.33
2601,6.6,132.76,-23.97,-5.06
2602,-17.64,81.24,-4.85,-18.47
2603,-34.17,-129.85,-1.76,-22.83
2604,-25.52,21.32,20.55,-10.96
2605,-20.94,-62.51,-0.88,-24.22
2606,5.93,7.15,-1.07,-11.33
2607,15.8,1.54,14.03,-16.12
2608,43.67,105.9,67.95,-10.82
2609,-108.87,-8.53,-8.62,-25.22
2610,-56.12,-3.17,-9.93,-9.61
2611,-23.36,9.0,26.14,-20.53
2612,-10.79,51.62,23.06,-0.35
2613,-26.69,57.43,-11.76,-11.22
2614,-8.12,39.18,-13.55,-11.42
2615,-18.46,-121.84,-4.16,-24.07
2616,-1.66,14.62,236.2,-11.89
2617,-15.17,34.94,-50.07,-25.19
2618,-21.56,51.17,-126.75,-14.68
2619,9.54,1.62,-27.21,-12.0
2620,-22.03,4.73,-4.47,-8.08
2621,-19.33,14.64,-7.4,-18.94
2622,10.04,4.94,5.05,-14.15
2623,-43.79,13.4,3.9,-16.48
2624,15.77,86.05,9.57,-9.02
2625,43.45,26.24,74.85,-4.7
2626,-106.0,-10.1,128.85,-35.58
2627,-37.89,45.03,-118.06,-2.53
2628,-17.67,67.2,-36.74,-5.45
2629,-35.81,-75.87,-15.77,-22.24
2630,-18.51,7.44,4.76,-17.42
2631,-17.56,1.45,1.41,-12.65
2632,-41.81,97.9,5.39,-8.63
2633,-14.42,-19.48,131.74,-11.71
2634,18.55,102.76,185.54,-35.29
2635,34.22,41.6,-161.08,2.55
2636,-44.64,-16.69,-52.33,-4.66
2637,-29.3,-40.89,-12.61,-12.61
2638,-16.6,-56.05,1.16,-14.44
2639,-38.83,20.35,-23.54,-13.35
2640,-24.35,37.48,-5.36,-14.34
2641,-22.34,33.53,1.54,-13.21
2642,-23.88,48.05,70.52,-9.42
2643,52.36,3.95,37.11,-12.62
2644,-0.21,37.36,-61.28,-6.22
2645,-86.39,30.38,16.32,-16.63
2646,-22.1,122.31,-11.43,-5.62
2647,-15.87,-42.87,14.03,-11.47
2648,-40.72,-46.14,19.89,-18.82
2649,-28.4,14.13,166.85,-29.34
2650,-9.27,42.29,-61.84,-16.83
2651,-26.0,64.16,-82.46,-8.88
2652,-9.53,116.72,-15.65,-2.46
2653,-27.91,-76.48,-6.79,-21.18
2654,-5.02,22.06,69.93,-19.94
2655,1.37,-17.79,-17.89,-26.11
2656,-12.13,19.02,25.44,-9.97
2657,-30.5,-14.52,-25.54,-9.74
2658,-20.04,21.89,-15.33,-10.38
2659,-23.01,23.25,67.45,-19.65
2660,59.97,62.53,-36.43,-11.49
2661,-21.68,-20.13,8.69,-21.77
2662,-108.66,51.97,0.84,-11.44
2663,-25.21,12.84,-12.11,-9.72
2664,-20.64,63.98,0.72,-14.15
2665,-16.99,-64.63,5.37,-17.93
2666,1.88,209.42,28.44,-7.0
2667,-19.34,-99.21,84.09,-7.11
2668,-23.55,28.26,33.29,-22.68
2669,-8.02,70.93,42.99,-25.97
2670,-25.25,-74.63,22.96,-12.62
2671,-22.11,-76.29,-104.61,-28.6
2672,-29.6,215.84,-10.63,-9.25
2673,4.21,-45.37,126.54,-21.15
2674,-23.23,-2.7,-46.14,-23.03
2675,-25.57,153.92,-42.48,-4.8
2676,-26.07,-75.5,-10.85,-11.95
2677,-16.03,-128.11,2.86,-18.25
2678,-6.91,43.95,14.35,-15.78
2679,75.88,182.91,0.71,-7.09
2680,-72.09,-74.61,-4.15,-37.06
2681,-65.43,7.06,16.22,-18.63
2682,-12.74,140.33,62.43,-7.0
2683,-37.24,-87.0,-33.96,-25.72
2684,-0.85,23.59,-8.36,-15.29
2685,-31.85,52.06,37.38,-15.2
2686,-34.21,45.55,0.41,-20.94
2687,-2.95,37.45,1.38,-17.21
2688,-4.34,56.66,12.19,-23.96
2689,20.2,80.19,93.87,-20.37
2690,-14.24,-17.01,-62.57,-16.16
2691,-68.43,-30.6,22.02,-26.28
2692,-25.76,-6.16,100.37,-25.38
2693,-17.01,45.63,-57.39,-25.18
2694,-22.63,40.84,-60.57,-13.14
2695,7.94,0.88,-16.41,-21.85
2696,59.94,32.08,-7.32,-13.39
2697,-108.68,47.3,14.74,-11.71
2698,-5.58,44.01,5.52,-22.98
2699,-38.25,-43.65,81.2,-19.13
2700,-21.71,30.48,-37.28,-24.19
2701,2.18,100.98,-20.85,-10.82
2702,-37.2,-11.45,-5.9,-19.79
2703,-36.57,29.25,13.67,-17.98
2704,12.9,35.4,2.04,-11.25
2705,-33.74,43.63,158.92,-29.03
2706,-14.74,-29.47,-84.25,-18.75
2707,-20.59,3.5,-32.38,-22.11
2708,-23.99,66.41,2.65,-19.6
2709,-18.97,-14.82,-10.6,-19.19
2710,-19.14,-6.41,12.12,-13.67
2711,-20.69,40.52,59.28,-17.08
2712,-12.52,48.87,60.64,-18.69
2713,-20.81,-24.27,85.77,-24.52
2714,-9.42,57.94,-111.13,-13.55
2715,-18.49,33.54,0.74,-13.54
2716,-27.46,6.18,81.77,-15.0
2717,-23.42,21.88,-68.7,-21.78
2718,23.4,-38.5,-12.58,-19.75
2719,32.09,11.0,16.25,-14.47
2720,-95.6,11.68,7.61,-17.76
2721,40.71,237.66,131.66,-19.3
2722,-40.27,-60.22,-39.7,-10.66
2723,-60.57,-36.35,-23.31,-24.6
2724,-40.63,-22.06,-20.5,-12.05
2725,-38.04,-27.04,4.13,-10.37
2726,-20.22,-2.71,-9.99,-12.91
2727,-10.71,3.29,2.83,-14.74
2728,-17.28,24.87,80.62,-15.92
2729,0.63,57.22,145.09,-15.46
2730,60.62,130.24,-35.87,2.09
2731,10.78,-67.0,-108.94,-23.92
2732,-119.18,-4.08,-33.67,-18.32
2733,-49.56,-44.42,-5.72,-18.53
2734,-23.78,-10.01,-4.02,-14.98
2735,-19.28,-3.88,2.64,-18.46
2736,-11.84,82.05,10.49,-15.08
2737,-2.52,90.46,9.56,-11.98
2738,-8.74,-52.44,121.95,-22.38
2739,-18.71,-55.46,42.93,-30.53
2740,-15.93,46.5,-99.04,-16.51
2741,-24.94,-5.2,3.84,-16.57
2742,-18.36,23.91,9.77,-6.5
2743,8.97,98.15,-19.53,-5.64
2744,-40.17,-31.58,-2.33,-15.92
2745,-15.23,21.51,8.43,-11.72
2746,6.75,176.27,83.93,-16.19
2747,-38.86,-42.77,198.52,-14.21
2748,-21.88,-8.58,-81.11,-16.79
2749,-31.91,-77.98,-98.39,-10.66
2750,-12.59,30.3,-29.36,-11.9
2751,-1.27,58.72,-10.4,-5.17
2752,-39.28,-24.47,16.64,-13.99
2753,65.17,-37.33,111.38,-6.62
2754,-49.45,81.92,-22.25,-31.54
2755,-105.94,-28.91,-47.71,-1.63
2756,-5.76,67.02,-3.82,-8.17
2757,-10.83,119.96,-1.67,-19.57
2758,-20.11,-54.2,2.87,-14.78
2759,-2.37,32.82,13.55,-14.66
2760,-17.2,-12.16,31.7,-23.44
2761,-28.73,-4.03,36.17,-18.98
2762,-16.12,39.94,-40.85,-16.51
2763,-10.75,86.31,2.51,-6.72
2764,-24.14,8.46,22.68,-11.4
2765,-23.45,-45.52,68.24,-16.28
2766,-12.27,138.02,-10.1,-9.85
2767,-2.95,15.89,-14.57,-10.68
2768,-34.34,-77.09,122.99,-18.01
2769,-2.99,14.59,11.45,-18.72
2770,-22.41,35.45,-67.16,-20.55
2771,49.5,93.23,-21.99,-10.66
2772,-79.37,35.76,-25.62,-27.76
2773,-23.53,-48.32,-14.19,1.87
2774,-52.35,59.11,-8.96,-12.83
2775,-26.45,-13.57,1.08,-14.16
2776,-30.02,37.57,4.39,-9.45
2777,-23.66,4.55,9.83,-13.43
2778,-4.42,-5.79,32.48,-17.49
2779,-10.26,82.38,-9.17,-17.25
2780,-24.86,-7.78,-9.9,-9.66
2781,-0.69,65.5,6.74,-14.16
2782,-21.23,24.59,40.8,-18.99
2783,-27.39,-15.23,26.59,-13.38
2784,-16.78,68.63,-6.66,-12.6
2785,5.61,-5.61,-40.77,-6.28
2786,-35.96,-48.66,-10.47,-19.83
2787,-27.03,2.28,65.04,-8.63
2788,-23.48,33.52,77.75,-40.13
2789,-19.26,7.7,-73.08,-0.89
2790,-26.48,19.6,-16.44,-7.47
2791,-25.89,0.82,245.0,-19.29
2792,-14.61,11.78,-187.71,-18.53
2793,-12.89,40.26,-48.73,-4.77
2794,-20.95,21.79,-21.04,-12.86
2795,-5.26,64.16,-2.78,-3.52
2796,-22.73,44.5,-1.83,-13.03
2797,-18.92,-21.42,63.01,-19.27
2798,-25.26,-3.19,-9.56,-17.04
2799,-17.83,78.69,-3.77,-12.2
2800,-7.37,85.63,-16.37,-3.73
2801,26.87,132.77,37.56,-6.18
2802,-26.94,-164.38,-14.52,-16.53
2803,-54.52,-61.89,15.03,-15.6
2804,-21.12,126.45,37.78,-7.35
2805,-41.57,-90.02,-17.96,-20.29
2806,-37.64,-34.98,-35.16,-6.67
2807,-4.79,114.69,40.54,-17.24
2808,35.03,87.83,30.54,-4.13
2809,-38.55,-122.82,-34.95,-9.11
2810,-32.11,35.08,-9.01,-19.3
2811,-21.96,-0.3,-4.73,-15.54
2812,-25.61,11.37,3.62,-13.13
2813,-9.82,-14.6,6.4,-18.75
2814,-19.63,48.68,84.26,-15.57
2815,24.43,232.13,184.47,8.67
2816,-50.44,-142.36,-138.28,-31.44
2817,-55.95,-16.58,-47.46,-22.36
2818,8.4,6.48,17.65,-7.74
2819,12.17,165.95,54.43,6.39
2820,-39.41,-93.42,4.19,-13.8
2821,-21.31,-26.4,-70.11,-23.69
2822,3.95,78.47,70.78,-9.59
2823,-31.66,-87.53,-20.98,-20.39
2824,-11.43,52.57,-5.13,-7.78
2825,-15.55,-49.55,-24.48,-6.51
2826,-22.92,-0.54,27.07,-22.04
2827,-13.62,47.89,33.27,-17.36
2828,-9.76,62.32,-46.49,-9.65
2829,-13.31,27.98,-0.48,-14.64
2830,39.11,68.11,8.39,-0.22
2831,41.94,-62.97,6.15,-31.55
2832,-111.5,22.24,12.36,-4.61
2833,-54.83,78.56,19.05,-6.14
2834,-29.42,-15.09,86.51,-16.32
2835,-7.78,-21.32,89.23,-4.41
2836,-8.98,53.11,18.33,-17.06
2837,-20.82,-9.09,-107.91,-17.08
2838,-12.79,25.37,-19.24,-9.07
2839,-34.22,-53.89,81.58,-11.62
2840,-22.7,23.04,-27.27,-15.2
2841,18.52,76.38,2.56,-1.61
2842,52.64,-65.6,27.59,-34.84
2843,-80.14,8.37,-3.51,-19.51
2844,-52.75,43.93,-47.38,-7.98
2845,-11.27,78.48,-3.95,-9.82
2846,-22.95,-43.44,12.95,-17.03
2847,9.61,57.2,4.25,-13.3
2848,-19.21,116.28,10.66,12.18
2849,-57.79,-119.87,-6.91,-23.46
2850,-27.77,-3.34,47.82,-21.35
2851,-14.13,10.27,217.21,-18.87
2852,-22.32,55.42,-38.93,-19.87
2853,9.66,84.68,-135.02,-2.29
2854,-3.8,44.23,-26.08,-2.4
2855,-21.54,33.09,2.57,-10.08
2856,-25.93,-44.05,57.84,-15.66
2857,-18.62,-33.7,-53.05,-13.85
2858,-15.6,35.44,-7.11,-10.57
2859,-19.26,23.05,7.65,-15.73
2860,-7.07,89.61,18.6,-17.34
2861,-14.59,-91.54,47.46,-17.49
2862,-28.06,79.11,8.9,-11.58
2863,93.48,72.71,-15.47,-8.82
2864,-65.22,176.4,0.56,-16.15
2865,-74.22,-81.56,119.41,-26.4
2866,-61.42,-48.13,-88.87,-12.22
2867,-37.95,14.62,32.5,-6.12
2868,-57.3,7.82,22.27,-23.97
2869,3.31,26.14,2.17,-9.16
2870,4.76,40.93,-44.1,-13.97
2871,-7.53,16.08,77.08,-10.69
2872,-12.52,25.42,39.12,-12.62
2873,-22.02,-27.96,-78.82,-20.63
2874,-10.33,102.06,-20.51,-11.11
2875,1.51,146.57,3.21,0.65
2876,-27.27,-91.24,24.92,-16.04
2877,-28.47,24.55,-2.4,-27.69
2878,-13.95,-0.1,24.52,-8.82
2879,-28.87,-13.77,-27.32,-14.62
2880,-10.86,160.26,3.2,-8.7
2881,-39.73,-42.99,77.2,-11.95
2882,44.1,-67.29,32.26,-27.54
2883,45.36,17.66,42.22,-16.78
2884,-108.82,79.89,-50.03,-8.97
2885,-59.53,-24.0,1.23,-12.66
2886,-13.31,150.16,-26.67,-11.27
2887,-32.38,-0.62,-7.35,-12.51
2888,-37.8,-44.53,17.11,-26.35
2889,-23.33,-10.28,57.32,-25.34
2890,-29.59,9.14,-8.07,-12.38
2891,8.19,4.45,-16.4,-12.67
2892,-6.0,165.53,-5.89,-0.95
2893,-48.16,-49.32,0.33,-26.27
2894,8.11,129.02,142.04,-6.02
2895,-21.08,-113.2,-93.64,-27.04
2896,-22.01,-24.97,-21.4,-15.97
2897,-14.14,14.16,41.01,-13.83
2898,-13.36,99.42,24.79,-26.74
2899,22.88,173.27,-5.85,2.75
2900,14.42,-53.66,75.11,-23.52
2901,19.94,-2.41,-72.72,-14.45
2902,-131.12,-21.56,-17.17,-20.78
2903,-51.69,-25.15,19.56,-18.71
2904,-28.25,14.64,118.69,-23.71
2905,-15.69,109.36,-74.02,-11.46
2906,-2.79,4.83,-13.45,-13.35
2907,-13.76,7.1,8.71,-13.86
2908,-27.22,-90.08,55.35,-21.52
2909,-10.56,70.89,13.05,-10.29
2910,-12.45,36.75,-35.49,-19.16
2911,-40.73,106.13,21.14,-14.29
2912,-46.05,2.05,-16.76,-9.18
2913,7.09,-65.28,-7.73,-12.29
2914,8.21,45.95,9.94,-20.94
2915,-2.94,-29.7,219.54,-11.84
2916,9.74,30.08,-148.83,-13.22
2917,-51.69,2.67,19.93,-14.84
2918,-11.12,69.29,-31.59,-12.93
2919,-22.04,-55.83,53.27,-23.9
2920,-37.47,-7.21,-45.57,-12.04
2921,53.22,55.65,-19.06,-10.27
2922,14.17,10.38,39.01,-23.03
2923,-109.58,-15.32,-22.63,-14.77
2924,-41.48,27.84,18.71,-12.9
2925,-16.5,80.42,33.22,-10.57
2926,-10.3,53.59,-7.44,-10.85
2927,-40.12,-102.84,58.14,-29.38
2928,-12.12,5.89,-10.88,-5.82
2929,-12.3,54.41,41.58,-12.99
2930,-9.6,44.8,-35.42,-12.67
2931,-2.08,-73.72,-35.51,-22.28
2932,0.0,23.05,-6.53,-15.97
2933,-3.88,51.24,33.14,-15.0
2934,-24.55,166.92,36.6,-14.8
2935,-44.53,-98.39,-40.86,-17.9
2936,-16.11,33.73,19.43,-13.5
2937,-6.49,-37.0,4.08,-21.2
2938,20.32,12.69,-4.16,-15.04
2939,49.27,33.18,122.32,-20.83
2940,-106.11,-39.3,58.4,-21.44
2941,-39.17,-1.79,17.06,-25.44
2942,-21.29,52.36,-65.97,-8.83
2943,-2.75,36.81,-55.47,-2.78
2944,-19.13,3.82,-26.0,-13.43
2945,-43.81,2.07,-9.06,-22.39
2946,-11.48,10.52,89.24,-9.59
2947,7.39,46.24,12.52,-26.54
2948,-22.77,-30.37,-10.7,-16.61
2949,-12.38,47.52,-5.58,-13.63
2950,8.36,8.44,-40.05,-15.24
2951,-15.13,96.11,8.96,-10.68
2952,-71.53,-27.21,59.75,-12.58
2953,9.32,73.09,23.61,-12.46
2954,-2.27,41.25,38.32,-13.52
2955,-15.56,44.25,183.7,-8.46
2956,-32.66,-77.81,-195.0,-29.38
2957,-0.88,29.87,-42.04,-7.58
2958,63.2,36.6,-9.32,-4.39
2959,15.81,56.33,88.33,-15.33
2960,-110.71,-59.78,-27.32,-12.78
2961,-65.1,-66.59,-36.57,-21.38
2962,-30.21,31.2,-7.84,-6.2
2963,-29.79,13.89,53.88,-10.95
2964,-3.32,23.55,43.88,-14.7
2965,-3.33,-53.07,-53.54,-7.69
2966,11.55,42.65,-10.05,-16.36
2967,-2.18,38.94,11.73,-9.84
2968,-38.5,28.03,-3.6,-9.19
2969,-31.76,39.28,-2.72,-14.65
2970,-13.29,79.29,43.31,-9.5
2971,-38.43,-16.93,26.98,-20.24
2972,-4.61,19.33,-0.17,-8.09
2973,11.76,52.36,82.48,-3.71
2974,47.32,-68.06,93.14,-12.03
2975,-80.3,-8.24,-133.05,-15.23
2976,-40.82,70.94,-34.89,-12.35
2977,-21.02,25.33,1.11,-13.27
2978,-30.45,-50.66,130.35,-16.48
2979,-5.78,52.64,-74.15,-3.16
2980,-15.79,-15.43,-16.25,-21.16
2981,-13.22,-28.04,-14.66,-10.62
2982,11.57,161.38,2.08,-2.89
2983,-33.1,-49.74,7.91,-12.7
2984,4.52,3.65,53.45,-11.2
2985,-1.58,-6.72,-21.41,-12.83
2986,-56.96,-33.11,9.08,-13.51
2987,-21.37,27.12,44.61,-19.17
2988,-3.77,34.28,-19.58,-10.88
2989,1.93,72.7,15.35,-3.21
2990,-27.71,-30.7,42.54,-10.59
2991,-21.93,58.01,38.96,-5.91
2992,-19.84,-57.93,-66.18,-13.15
2993,1.13,125.32,46.79,-8.84
2994,84.43,9.74,32.11,-12.99
2995,-94.05,14.62,61.81,-16.71
2996,-61.35,3.55,-64.71,-3.94
2997,-20.18,-31.16,144.71,-21.41
2998,-13.53,-5.25,-119.03,-21.92
2999,6.65,-8.68,-59.65,-6.78
