,ch1,ch2,ch3,ch4
0,-2.07,-394.58,19.7,76.35
1,-19.07,-485.0,17.9,65.56
2,-26.1,-392.02,15.36,73.63
3,-43.28,-406.54,19.82,62.44
4,-102.78,-372.27,14.83,71.58
5,7.78,-275.28,5.16,49.22
6,-5.83,-504.07,5.48,68.44
7,-9.38,-488.9,5.66,74.41
8,-30.3,-451.77,6.95,68.34
9,-22.48,-447.11,7.59,72.69
10,2.62,-342.73,1.9,57.89
11,0.87,-398.03,6.9,71.84
12,-24.46,-376.07,4.42,71.81
13,-2.66,-502.68,-5.45,72.15
14,-35.17,-449.17,-2.44,67.85
15,-43.94,-401.42,-15.84,61.92
16,-52.48,-377.22,-4.14,63.88
17,11.54,-459.5,-6.45,68.81
18,2.88,-436.74,3.12,72.13
19,-27.06,-472.28,2.77,64.37
20,13.0,-390.01,-0.38,64.98
21,-42.19,-443.48,-7.23,52.77
22,-58.48,-450.89,2.47,60.49
23,-25.74,-392.01,4.2,68.69
24,7.43,-317.22,-16.13,49.57
25,-20.5,-507.15,-7.23,66.94
26,-11.39,-409.57,-14.46,66.16
27,-28.37,-459.72,-8.98,66.11
28,-6.6,-428.39,-19.07,59.48
29,-31.9,-438.79,-15.61,70.52
30,-30.52,-362.2,-22.05,57.75
31,-18.93,-376.83,-12.29,70.14
32,9.18,-444.66,-24.96,64.5
33,-22.42,-424.1,-36.13,50.28
34,-46.28,-509.31,-23.72,62.7
35,5.86,-394.86,-29.87,60.85
36,-17.48,-440.71,-32.35,60.66
37,-73.06,-476.82,-27.6,63.42
38,8.32,-426.46,-28.53,60.98
39,-5.8,-383.14,-44.24,59.62
40,13.58,-407.39,-25.24,60.17
41,-4.24,-252.97,-40.3,60.02
42,-28.39,-438.35,-40.7,54.11
43,-37.79,-580.52,-34.44,67.8
44,-29.67,-387.39,-30.41,67.16
45,-5.99,-414.77,-38.93,65.49
46,-27.2,-487.03,-31.49,69.42
47,-8.64,-394.45,-36.67,66.89
48,-12.58,-481.57,-35.11,61.23
49,12.39,-374.44,-37.72,52.65
50,-44.22,-441.95,-38.72,64.28
51,-38.59,-435.68,-34.06,66.01
52,19.78,-358.21,-37.17,65.49
53,-15.19,-492.4,-46.01,65.35
54,-31.74,-447.25,-40.57,58.71
55,-28.3,-429.26,-34.63,62.43
56,-66.61,-517.64,-46.95,62.89
57,0.46,-447.34,-42.07,62.7
58,-4.51,-382.23,-44.59,66.46
59,-17.93,-405.88,-36.27,63.96
60,5.81,-273.7,-42.52,61.95
61,-20.09,-534.41,-54.16,54.01
62,-35.39,-391.52,-51.75,57.79
63,-28.06,-365.71,-35.28,73.51
64,3.11,-499.74,-63.17,58.8
65,-14.98,-409.11,-55.95,54.82
66,-9.48,-426.56,-52.89,54.45
67,-22.38,-475.41,-51.92,54.19
68,-15.42,-460.02,-54.87,52.12
69,-22.8,-438.55,-51.58,39.55
70,-33.47,-405.22,-47.62,48.5
71,15.32,-351.82,-55.43,53.43
72,-7.35,-406.21,-54.49,44.0
73,-31.96,-506.12,-63.34,47.16
74,-19.3,-484.03,-51.29,44.28
75,-19.84,-431.78,-62.94,43.27
76,-27.92,-408.98,-60.87,46.93
77,-43.51,-465.97,-60.78,38.17
78,-3.7,-350.77,-49.05,49.56
79,-78.27,-424.6,-55.4,46.75
80,-19.91,-465.17,-68.52,33.4
81,5.01,-447.48,-61.18,47.39
82,37.48,-324.64,-60.2,39.43
83,-17.92,-483.83,-62.53,51.09
84,-27.39,-477.49,-61.48,45.5
85,-18.76,-429.19,-68.86,40.29
86,-14.58,-362.08,-70.31,43.5
87,-30.48,-579.52,-67.26,50.84
88,4.83,-399.49,-70.88,42.5
89,-12.17,-402.08,-64.69,53.75
90,-23.64,-442.11,-65.9,57.72
91,-8.33,-422.1,-63.3,61.45
92,-33.55,-425.29,-72.44,51.95
93,-9.39,-331.84,-69.19,47.84
94,-40.56,-577.08,-70.46,54.54
95,-24.55,-406.74,-75.59,53.67
96,-8.87,-397.86,-61.23,65.63
97,-37.03,-519.44,-67.93,60.85
98,-2.6,-396.13,-77.27,45.46
99,17.88,-260.82,-81.63,28.58
100,6.84,-369.12,-58.02,50.57
101,-8.1,-337.44,-81.33,10.26
102,32.95,-119.02,-103.91,-18.7
103,49.1,-79.22,-103.47,-14.97
104,-15.21,-380.86,-101.71,5.74
105,-43.69,-681.14,-95.78,37.66
106,-8.42,-336.17,-92.61,21.44
107,70.11,-105.81,-104.3,-7.64
108,-95.36,-775.26,-65.13,44.36
109,-124.2,-691.2,-49.54,160.13
110,-28.2,-499.21,-78.3,69.39
111,-23.21,-374.87,-74.05,47.69
112,-18.44,-315.94,-66.36,80.76
113,22.04,-402.24,-64.25,-11.43
114,-14.69,-468.18,-79.49,4.79
115,-15.69,-524.26,-110.29,38.39
116,-13.82,-484.78,-75.92,93.61
117,-44.24,-413.62,-48.61,129.54
118,-16.31,-474.93,-69.2,2.83
119,-26.55,-528.11,-90.52,8.54
120,7.95,-397.76,-159.28,40.65
121,-27.24,-416.41,-33.29,136.44
122,-34.48,-406.66,-34.14,37.68
123,-14.52,-528.28,-90.93,15.66
124,-17.28,-479.12,-73.21,54.11
125,11.46,-365.54,-78.65,51.1
126,42.25,-109.82,-95.45,-1.64
127,-59.06,-647.56,-64.45,91.85
128,24.13,-242.32,-108.34,-16.42
129,-61.37,-545.42,-64.12,96.09
130,-13.19,-495.0,-83.63,41.24
131,-19.43,-499.46,-74.98,69.86
132,-30.75,-486.77,-69.39,73.53
133,-29.4,-481.43,-75.15,75.26
134,-12.76,-390.99,-89.83,30.73
135,39.93,-183.74,-99.51,17.34
136,-35.27,-519.6,-88.08,36.88
137,-36.25,-583.68,-94.44,32.76
138,-16.18,-420.57,-94.99,37.57
139,18.38,-362.45,-92.56,45.85
140,-32.31,-470.26,-76.87,62.29
141,-4.18,-464.46,-89.42,39.06
142,-3.18,-527.67,-106.24,34.69
143,-36.75,-321.67,-80.74,67.49
144,-31.71,-511.04,-87.97,70.27
145,-33.15,-531.76,-79.93,62.55
146,-14.4,-449.14,-82.78,72.22
147,-7.63,-459.75,-33.87,86.14
148,-19.4,-437.26,-100.67,37.6
149,-25.9,-402.44,-84.54,11.48
150,-15.57,-410.23,-93.43,-11.11
151,-26.02,-499.85,-110.23,42.73
152,-20.45,-311.02,-93.48,58.46
153,-20.77,-448.49,-77.33,60.06
154,-28.58,-459.4,-82.67,80.07
155,-38.46,-535.39,-89.13,19.63
156,5.27,-446.72,-96.77,25.72
157,-27.67,-418.05,-126.24,17.32
158,6.62,-331.62,-74.24,62.96
159,-61.81,-596.45,-61.0,120.54
160,-29.44,-492.94,-99.75,14.39
161,-5.79,-259.51,-99.67,-6.77
162,-22.58,-470.88,-80.39,57.63
163,-37.92,-511.57,-105.35,-28.57
164,-11.84,-393.8,-80.16,68.4
165,-67.11,-608.97,-71.36,79.46
166,-18.93,-409.88,-86.76,43.07
167,10.02,-350.18,-100.7,16.11
168,-40.65,-518.73,-79.03,60.21
169,-15.26,-478.59,-97.96,16.06
170,-24.43,-489.78,-75.64,34.8
171,-20.92,-253.51,-76.32,26.24
172,-14.28,-379.28,-86.71,-19.52
173,-10.72,-409.72,-102.25,27.5
174,-49.2,-612.86,-98.85,53.56
175,-29.76,-491.56,-81.58,-8.97
176,-13.63,-433.12,-84.87,84.3
177,-25.61,-477.98,-60.82,71.39
178,-22.02,-494.97,-80.69,19.43
179,-41.3,-555.93,-92.37,6.23
180,-7.83,-322.37,-52.03,85.18
181,-24.39,-453.54,-63.65,43.99
182,-9.79,-357.25,-131.25,45.99
183,-15.73,-432.82,-93.8,-9.02
184,-6.87,-398.66,-129.24,-4.46
185,-38.9,-448.64,-91.95,-6.98
186,-6.43,-540.29,-76.52,-1.88
187,-24.91,-434.55,-111.3,-13.33
188,-44.7,-470.54,-216.31,68.51
189,-18.09,-426.33,-38.17,42.22
190,-32.39,-530.0,-43.55,82.6
191,-15.3,-500.19,-51.93,6.75
192,-13.72,-469.63,-97.88,-86.92
193,-13.06,-389.37,-53.36,62.9
194,-27.78,-376.6,-71.28,49.02
195,-5.31,-494.28,-44.74,44.87
196,-32.59,-370.11,-58.55,53.07
197,-36.02,-488.12,-68.82,35.88
198,-8.78,-376.59,-77.05,14.36
199,-9.77,-490.55,-77.25,35.03
200,-35.98,-473.56,-125.71,-4.94
201,-45.88,-575.51,-79.25,96.31
202,3.07,-381.49,-58.68,8.95
203,-25.52,-454.59,-87.39,-10.78
204,-44.25,-488.36,-62.04,49.16
205,-31.95,-446.04,-64.14,5.96
206,-10.67,-533.78,-58.71,31.36
207,-29.99,-440.28,-64.61,50.59
208,-26.72,-457.59,-67.93,48.79
209,-11.46,-421.54,-35.99,86.86
210,-24.53,-380.02,-59.1,59.97
211,-29.74,-504.1,-84.22,16.26
212,-13.17,-365.38,-70.82,21.26
213,-26.11,-392.89,-40.46,64.0
214,-7.49,-454.0,-89.51,11.57
215,-46.95,-504.03,-94.62,7.42
216,-19.47,-441.99,-65.17,54.8
217,-13.87,-431.86,-72.12,12.61
218,-30.1,-529.98,-36.26,48.5
219,-27.23,-493.12,-61.64,75.74
220,-17.69,-356.23,-63.06,24.54
221,-10.21,-374.08,-80.35,38.38
222,-50.3,-548.08,-46.15,6.09
223,1.75,-359.07,-64.21,36.82
224,-15.84,-381.75,-61.39,13.66
225,-50.34,-567.81,-50.45,48.57
226,-28.43,-543.9,-62.04,26.18
227,-35.23,-435.26,-54.44,66.2
228,-16.7,-462.2,-55.5,24.42
229,-12.42,-442.19,-134.79,40.96
230,-31.72,-447.88,-36.74,46.72
231,-19.96,-450.48,-31.66,61.13
232,-8.33,-402.05,-73.05,-10.83
233,-14.86,-365.69,-22.83,11.02
234,-36.08,-479.24,-46.3,58.58
235,-14.84,-419.82,-116.92,30.72
236,-8.82,-392.12,-48.38,-33.11
237,-23.14,-505.62,-75.58,47.87
238,-40.32,-447.52,-30.04,36.77
239,-8.42,-330.38,-74.5,30.83
240,-49.87,-658.34,-26.21,83.82
241,9.68,-336.56,-40.5,5.97
242,-13.82,-377.38,-44.41,55.41
243,-34.67,-528.55,-11.57,78.22
244,-24.7,-492.64,-73.32,2.86
245,-2.63,-396.68,-69.08,-31.88
246,-24.18,-339.48,-46.48,80.44
247,-42.77,-553.17,-61.67,-3.81
248,-20.58,-416.29,-61.49,29.92
249,-1.86,-477.44,-132.14,-26.04
250,-24.95,-410.5,-37.5,46.95
251,4.04,-362.1,-188.06,-16.48
252,-40.06,-583.79,-128.11,95.74
253,-18.54,-470.53,-15.62,12.09
254,-29.49,-499.42,-87.24,-29.1
255,-13.16,-363.67,-21.67,14.53
256,-17.32,-498.5,-35.2,59.95
257,2.02,-407.46,3.64,98.79
258,-23.91,-404.54,-86.68,33.91
259,-13.59,-486.67,-64.07,1.47
260,-23.91,-385.76,-57.38,32.56
261,-27.24,-459.33,-54.31,32.83
262,25.99,-313.55,-75.46,-45.61
263,-16.32,-422.56,-58.68,71.99
264,-42.28,-604.02,-66.83,10.6
265,-7.49,-453.93,-93.67,-16.19
266,-41.03,-469.7,-119.73,110.82
267,19.36,-340.05,-34.02,-1.29
268,-27.51,-552.22,-37.89,49.58
269,-11.62,-440.62,-55.14,36.61
270,-29.51,-510.85,-64.73,13.9
271,-24.27,-411.93,-42.58,62.33
272,4.22,-355.07,-52.09,49.28
273,-22.18,-357.15,-54.38,84.57
274,-7.21,-416.91,-55.38,2.47
275,-18.04,-527.62,-67.16,24.97
276,-14.54,-444.18,-106.44,65.93
277,-22.75,-489.45,-30.31,29.55
278,-11.08,-499.37,-58.77,-85.2
279,-14.33,-424.47,-90.51,13.09
280,-20.05,-473.8,-105.51,29.44
281,-17.62,-423.74,-22.21,62.29
282,-22.2,-437.19,-77.83,15.26
283,-1.29,-411.14,-100.83,-17.75
284,-9.55,-307.31,-18.64,101.55
285,-17.82,-507.62,-41.26,44.0
286,-12.08,-463.26,-75.32,-17.8
287,-19.87,-488.34,-55.93,71.93
288,-21.0,-427.9,-67.74,164.53
289,-0.89,-440.72,-49.4,-10.79
290,-28.21,-504.41,-51.56,-8.38
291,-32.57,-501.28,-66.28,1.14
292,-18.58,-446.53,-73.54,42.0
293,-2.87,-434.28,-66.79,15.32
294,-9.67,-466.65,-51.51,18.28
295,7.2,-234.1,-46.97,81.11
296,-25.86,-508.21,-64.99,20.48
297,-17.7,-527.86,-70.11,42.47
298,-3.54,-453.4,-22.22,75.36
299,-7.08,-456.07,-88.77,-7.45
300,-19.19,-380.19,-111.99,33.73
301,-3.38,-524.05,-47.03,41.13
302,-18.26,-494.44,-68.28,9.07
303,-20.53,-423.82,-66.63,78.26
304,8.3,-340.42,-79.56,7.48
305,-13.45,-479.3,-116.55,-8.44
306,-20.57,-422.6,-20.64,85.76
307,-17.52,-449.76,-61.9,-13.72
308,-19.22,-462.91,-114.45,-7.18
309,-2.19,-489.88,-53.61,63.01
310,-35.39,-522.42,-51.5,54.65
311,-18.55,-450.77,-71.83,21.63
312,-21.29,-448.96,-110.21,-26.85
313,-16.87,-435.21,-19.51,42.01
314,-1.99,-451.53,-157.71,0.85
315,2.49,-439.27,-62.61,22.95
316,-4.91,-431.48,-44.34,74.89
317,-31.62,-506.63,-40.74,70.72
318,-10.72,-483.64,-28.29,63.19
319,-7.1,-318.45,-82.68,2.92
320,-15.93,-471.35,-61.99,44.93
321,-12.17,-570.82,-98.83,-72.86
322,-17.8,-425.23,-80.97,34.5
323,-21.53,-366.03,-28.64,105.03
324,-18.54,-517.62,-66.43,12.83
325,-13.67,-458.51,-52.25,51.53
326,-5.78,-470.74,-143.45,20.17
327,-7.74,-388.64,-48.76,-6.24
328,-25.53,-579.53,-70.14,38.17
329,2.12,-410.27,-58.05,9.15
330,-19.42,-500.5,-52.3,37.63
331,-13.66,-380.45,-68.13,45.67
332,4.17,-344.05,-54.12,16.73
333,-37.52,-581.85,-50.64,93.7
334,-0.83,-445.29,-101.23,8.8
335,-4.53,-406.64,-46.47,85.86
336,-7.78,-492.12,-102.72,42.62
337,-22.7,-483.25,-51.7,19.41
338,-16.05,-469.42,-69.08,14.01
339,-31.34,-532.94,-62.32,35.18
340,0.44,-316.86,-78.09,-7.38
341,-10.95,-486.39,-79.28,39.89
342,-32.13,-556.21,-81.63,35.01
343,-28.88,-416.76,-64.95,43.09
344,47.6,-240.22,-121.53,38.52
345,-40.14,-560.73,-132.84,-43.44
346,-19.22,-522.43,-43.55,73.44
347,-25.01,-475.52,-23.45,60.23
348,-11.74,-535.5,-72.33,6.37
349,-11.48,-453.04,-57.38,59.7
350,-11.57,-429.55,-82.8,14.29
351,3.91,-413.66,-83.92,48.56
352,-21.69,-485.27,-84.17,52.4
353,-24.19,-458.06,-57.76,37.65
354,-25.71,-459.31,-69.52,43.28
355,0.01,-392.62,-100.46,-10.45
356,-15.58,-520.81,-60.14,66.87
357,5.71,-399.65,-77.11,22.52
358,-4.45,-415.45,-87.52,44.45
359,-37.78,-567.45,-74.01,6.3
360,-10.29,-539.37,-78.09,38.04
361,-10.65,-469.68,-79.19,60.38
362,-21.63,-438.59,-97.94,-6.34
363,16.45,-428.38,-112.02,47.61
364,-19.9,-487.2,-74.68,30.05
365,-30.52,-550.46,-81.26,13.53
366,13.57,-402.28,-87.0,52.11
367,-12.69,-310.56,-72.5,24.49
368,-1.82,-505.06,-90.29,28.79
369,-14.82,-512.85,-88.14,18.34
370,-8.81,-470.82,-85.21,33.42
371,-14.11,-437.53,-75.77,65.53
372,-48.77,-527.65,-134.28,16.18
373,3.77,-379.51,-91.75,-1.67
374,25.34,-456.85,-140.47,-15.73
375,-28.62,-509.24,-59.74,17.41
376,-22.6,-495.9,-81.02,135.17
377,7.92,-363.11,-133.59,-36.61
378,-5.62,-526.28,-171.12,17.59
379,21.55,-413.06,-138.91,-89.61
380,-23.46,-312.52,-46.87,100.27
381,5.29,-509.92,-74.17,9.26
382,24.73,-387.0,-98.69,-7.5
383,-41.39,-500.55,-68.13,46.7
384,1.4,-344.32,-82.23,21.05
385,-9.21,-516.93,-93.64,-14.58
386,-3.64,-407.32,-84.25,37.99
387,-30.12,-496.77,-102.12,22.04
388,-6.37,-502.43,-108.48,49.75
389,-17.12,-525.41,-117.97,-28.35
390,-7.02,-476.34,-65.35,40.65
391,-3.54,-501.96,-190.61,-68.85
392,-45.79,-472.33,-46.63,106.57
393,16.14,-323.53,-72.83,15.84
394,-4.63,-459.82,-87.88,-10.88
395,-9.23,-451.07,-82.69,17.81
396,-14.34,-430.39,-91.71,100.43
397,10.11,-416.06,-56.31,81.12
398,-18.78,-373.54,-136.24,-74.16
399,-9.17,-540.46,-175.42,97.56
400,13.01,-456.2,-78.48,-7.84
401,-10.41,-495.57,-83.69,8.41
402,-14.24,-483.38,-93.94,16.97
403,-7.86,-393.38,-80.84,28.63
404,-37.43,-513.59,-71.05,51.48
405,7.91,-401.76,-142.38,-28.02
406,2.02,-427.26,-94.62,-6.08
407,-29.69,-473.45,-76.33,80.8
408,14.65,-446.76,-179.21,-13.93
409,-16.57,-459.57,-63.88,61.09
410,-12.91,-486.61,-64.09,66.85
411,-0.29,-430.08,-99.56,-15.01
412,22.68,-384.08,-99.08,9.15
413,-31.46,-549.16,-128.67,-20.38
414,-55.66,-593.37,-58.14,110.78
415,17.28,-327.26,-92.84,8.7
416,-4.6,-470.76,-139.18,87.07
417,-16.38,-460.19,-70.72,-6.27
418,-5.43,-505.92,-67.45,40.61
419,-5.46,-476.76,-194.16,-58.76
420,-30.53,-509.34,-85.35,-7.42
421,-14.76,-458.24,-67.39,51.57
422,-12.63,-339.15,-72.25,100.31
423,-12.2,-592.61,-102.39,17.16
424,3.35,-350.38,-150.45,4.91
425,-4.66,-482.83,-60.36,53.82
426,9.33,-419.92,-114.91,6.11
427,-35.33,-623.81,-73.94,56.34
428,-16.31,-455.63,-75.18,71.58
429,23.47,-287.46,-104.77,14.38
430,-24.13,-485.92,-81.63,71.41
431,5.95,-527.65,-87.13,-2.15
432,-34.87,-485.97,-165.59,-4.83
433,-2.98,-487.84,-106.36,83.52
434,-14.12,-428.68,-79.1,2.85
435,-11.81,-325.8,-101.82,77.32
436,-8.86,-541.04,-77.39,43.71
437,-10.75,-520.45,-91.16,7.96
438,-26.51,-515.08,-108.31,54.78
439,-17.47,-480.59,-104.52,6.78
440,6.71,-459.25,-205.26,-28.21
441,-5.81,-481.4,-51.38,60.75
442,-1.51,-330.15,-51.58,34.95
443,-16.66,-578.12,-122.45,-16.69
444,-37.0,-410.99,-83.71,63.97
445,3.22,-434.52,-103.19,11.55
446,9.37,-300.94,-77.79,26.88
447,-15.41,-600.94,-169.5,-14.79
448,-14.35,-525.81,-73.95,120.5
449,-33.41,-602.91,-100.79,-21.6
450,-60.3,-532.83,-82.1,34.66
451,13.56,-417.59,-97.15,30.09
452,10.44,-387.23,-92.64,31.52
453,-27.72,-475.01,-138.68,-20.8
454,-8.26,-458.86,-90.69,20.01
455,-14.5,-408.38,-105.98,63.12
456,-12.17,-413.77,-88.55,9.43
457,-27.62,-536.15,-127.84,17.3
458,-21.8,-445.5,-130.98,41.54
459,13.65,-398.3,-106.5,6.84
460,-27.51,-618.78,-85.5,66.53
461,10.84,-385.98,-111.14,-34.88
462,-15.97,-313.63,-87.46,34.76
463,-6.55,-580.5,-94.22,45.86
464,-11.19,-533.36,-130.98,53.48
465,-13.77,-462.98,-92.91,-4.25
466,-29.97,-453.02,-118.77,35.0
467,-25.41,-401.6,-76.32,28.24
468,4.72,-398.37,-108.7,-11.68
469,-7.49,-556.41,-109.28,-15.39
470,-35.63,-503.07,-84.32,85.89
471,-12.9,-364.28,-92.01,25.86
472,4.04,-458.65,-98.2,15.55
473,-17.21,-474.36,-97.9,54.98
474,-7.86,-468.69,-114.5,-14.7
475,-16.16,-545.68,-114.84,-9.46
476,-19.1,-497.28,-108.62,96.4
477,-10.87,-483.54,-95.39,32.47
478,-20.52,-472.52,-99.71,34.48
479,4.79,-315.22,-95.74,0.03
480,-25.83,-502.6,-155.5,20.35
481,-10.31,-429.71,-110.14,34.04
482,-20.0,-490.39,-57.82,81.25
483,-10.17,-485.71,-128.55,32.86
484,-17.87,-490.18,-72.03,36.45
485,-14.03,-497.14,-94.58,28.97
486,0.79,-430.4,-122.45,49.29
487,-19.1,-517.06,-81.05,-43.47
488,-1.34,-411.15,-116.44,46.33
489,-16.74,-496.27,-157.0,50.45
490,-3.37,-381.93,-70.01,55.25
491,-37.08,-547.73,-99.39,30.39
492,-14.55,-453.7,-99.49,44.72
493,-5.45,-434.59,-104.69,31.89
494,-26.47,-544.97,-111.99,-6.41
495,-26.14,-523.98,-85.2,66.22
496,-0.19,-457.09,-111.05,34.65
497,-10.0,-482.42,-146.46,52.78
498,-5.01,-428.02,-91.95,17.64
499,-30.53,-538.76,-99.53,54.72
500,3.07,-384.1,-99.65,22.89
501,-16.73,-486.19,-96.14,70.07
502,-8.04,-496.64,-96.23,4.92
503,-9.25,-464.49,-224.49,-41.43
504,-2.55,-487.28,-56.94,67.63
505,-8.17,-416.54,-91.64,36.42
506,-12.91,-484.68,-101.27,3.19
507,6.28,-430.43,-94.66,11.27
508,-9.38,-444.85,-80.92,76.59
509,-23.5,-481.52,-128.56,106.78
510,-3.2,-462.85,-96.84,9.55
511,-11.73,-491.57,-87.85,21.74
512,-44.6,-556.48,-84.79,65.52
513,-32.83,-492.04,-94.86,32.11
514,-11.02,-443.64,-105.73,-10.78
515,-7.14,-464.61,-109.99,13.64
516,-2.33,-377.51,-105.14,18.0
517,-6.06,-457.56,-91.57,43.76
518,-9.17,-486.83,-106.26,6.01
519,-16.98,-570.15,-118.44,29.38
520,-15.69,-500.42,-105.91,32.11
521,0.74,-395.41,-116.69,25.47
522,-10.71,-454.92,-108.55,27.08
523,-10.24,-491.66,-92.23,28.0
524,-20.71,-498.87,-107.59,2.14
525,-7.4,-483.51,-152.56,-25.98
526,1.05,-425.63,-94.99,91.61
527,-20.91,-362.06,-138.04,38.74
528,-25.95,-504.95,-82.72,22.07
529,-19.07,-554.34,-102.88,42.53
530,-8.44,-464.36,-92.86,22.98
531,-20.81,-489.33,-97.26,14.65
532,-0.51,-457.05,-101.31,-25.44
533,-43.62,-500.99,-90.79,103.11
534,14.35,-340.1,-75.51,19.79
535,-14.54,-514.43,-120.33,21.74
536,-11.91,-484.19,-205.77,49.61
537,-12.7,-460.51,-82.76,-4.61
538,-17.94,-552.35,-97.63,22.45
539,-10.07,-475.79,-100.02,27.7
540,-2.78,-375.93,-103.78,3.82
541,-30.81,-588.09,-97.55,26.11
542,-11.0,-427.43,-106.79,40.55
543,-20.93,-426.92,-118.81,-1.14
544,-20.04,-446.11,-104.02,28.18
545,-35.71,-578.9,-109.35,11.55
546,4.4,-478.28,-108.1,22.46
547,12.7,-344.4,-108.34,16.99
548,-5.02,-374.59,-111.22,16.95
549,-32.31,-563.31,-106.85,34.42
550,-25.52,-493.22,-118.63,13.2
551,-21.42,-366.09,-82.65,42.9
552,-18.31,-565.92,-105.06,29.83
553,-15.8,-468.37,-120.25,23.41
554,-8.64,-445.0,-104.95,-8.3
555,-16.42,-476.96,-124.56,21.78
556,-15.22,-496.83,-108.73,29.87
557,-5.24,-382.36,-121.2,30.36
558,-24.07,-527.48,-113.77,25.63
559,2.12,-460.36,-126.56,39.24
560,3.13,-393.77,-110.9,26.96
561,-23.28,-523.31,-107.93,3.84
562,-23.55,-482.72,-98.98,25.2
563,-15.96,-468.71,-106.58,-29.55
564,-10.55,-443.13,-113.1,14.03
565,-34.86,-553.07,-93.67,38.82
566,-7.52,-411.2,-113.12,-5.94
567,-11.64,-406.63,-105.14,18.21
568,-30.01,-578.36,-124.51,28.56
569,-19.34,-521.1,-115.23,-21.32
570,8.01,-309.53,-96.29,32.03
571,-14.33,-380.82,-103.11,29.09
572,-2.3,-500.21,-106.1,20.66
573,-34.69,-609.41,-82.71,54.45
574,-16.49,-400.79,-136.42,12.12
575,-19.97,-560.97,-176.01,6.26
576,-19.56,-379.86,-110.45,4.62
577,-10.0,-410.21,-130.07,9.8
578,-24.93,-592.73,-96.34,-25.42
579,-22.15,-431.45,-73.56,99.48
580,-11.56,-436.44,-113.65,-12.91
581,0.18,-332.58,-121.54,5.21
582,-20.02,-617.91,-115.93,14.3
583,-21.76,-498.66,-103.08,20.77
584,-15.81,-516.37,-101.62,4.7
585,-19.31,-454.69,-105.57,-9.26
586,-18.75,-448.16,-117.79,53.81
587,-1.31,-489.49,-112.57,6.7
588,2.13,-398.08,-114.59,-4.02
589,-13.95,-460.1,-104.16,28.02
590,-17.06,-508.42,-118.44,-12.57
591,-31.18,-534.35,-103.41,17.94
592,-6.53,-298.5,-144.88,-28.16
593,-29.31,-587.06,-92.13,22.07
594,-1.9,-511.15,-205.1,14.47
595,-6.43,-484.81,-71.58,13.54
596,-11.77,-472.92,-100.31,8.7
597,-11.19,-464.49,-146.45,53.13
598,-11.03,-468.95,-130.71,-42.41
599,-20.05,-490.02,-89.0,45.77
600,5.95,-466.05,-117.64,13.62
601,-36.88,-624.45,-140.64,-64.89
602,-10.91,-352.18,-126.33,46.48
603,44.81,-318.1,-190.63,-139.67
604,-14.38,-521.47,-97.49,92.59
605,-20.0,-513.9,-88.87,31.68
606,-8.4,-498.16,-116.65,19.34
607,-4.21,-463.7,-103.99,21.83
608,-46.74,-556.17,-114.99,25.23
609,-28.9,-540.34,-202.47,15.13
610,21.01,-354.39,-78.55,27.06
611,-9.07,-482.16,-174.9,17.24
612,-12.21,-443.38,-97.56,6.0
613,-4.08,-348.84,-91.74,7.26
614,-13.1,-489.21,-111.2,3.36
615,-25.87,-483.66,-91.41,40.54
616,3.95,-472.08,-117.67,-4.49
617,-21.11,-562.39,-120.86,0.54
618,-10.17,-456.74,-115.78,14.38
619,-8.69,-451.6,-142.7,-52.13
620,-3.23,-455.66,-126.64,-16.01
621,6.88,-334.45,-122.58,25.55
622,-11.4,-463.92,-96.31,66.77
623,-9.49,-406.67,-109.64,7.06
624,-0.31,-407.13,-143.49,47.72
625,-7.15,-448.69,-166.61,-36.55
626,-22.82,-625.21,-76.68,16.61
627,-19.66,-534.97,-103.5,19.2
628,-4.74,-369.08,-111.83,54.86
629,-27.45,-510.03,-112.75,-6.57
630,-0.54,-412.24,-124.75,8.41
631,-19.66,-533.33,-109.55,20.47
632,-0.14,-448.89,-131.16,3.09
633,12.2,-275.66,-105.17,-32.07
634,-37.89,-552.13,-177.41,55.3
635,-21.14,-550.35,-104.17,29.01
636,-0.13,-470.97,-122.82,-47.33
637,-23.8,-480.37,-108.06,20.8
638,-18.3,-517.69,-135.97,-5.33
639,3.55,-445.62,-101.48,20.0
640,1.46,-328.91,-117.53,21.48
641,-36.69,-618.27,-100.24,8.56
642,-30.08,-548.52,-160.03,-11.92
643,9.25,-306.88,-172.54,22.19
644,-20.97,-530.29,-89.16,-6.19
645,-5.14,-451.4,-112.24,6.68
646,-27.16,-524.57,-139.9,39.08
647,-2.36,-407.5,-102.93,-0.33
648,-0.66,-459.22,-119.21,30.13
649,-4.29,-478.34,-127.58,43.39
650,-12.6,-439.73,-142.07,-12.82
651,-15.74,-354.88,-122.45,-1.46
652,-12.88,-560.89,-133.86,-18.62
653,-8.15,-481.5,-115.56,22.03
654,-11.57,-521.71,-126.54,-2.55
655,-12.44,-430.08,-108.75,13.99
656,-4.46,-333.45,-133.95,-21.09
657,-18.21,-561.53,-123.18,20.79
658,1.72,-402.3,-166.06,57.28
659,-30.76,-587.31,-86.33,41.47
660,-27.09,-491.38,-192.66,-87.03
661,-3.92,-366.5,-73.01,72.7
662,-41.66,-681.13,-125.16,0.33
663,-3.91,-420.36,-124.62,-1.82
664,-22.44,-488.57,-108.36,39.39
665,1.29,-358.93,-123.06,23.6
666,-4.93,-347.8,-132.22,-5.18
667,-9.82,-471.82,-125.22,49.65
668,-35.26,-559.84,-115.23,-1.0
669,-29.63,-550.27,-119.54,35.57
670,-17.98,-442.51,-126.27,10.5
671,-14.23,-495.31,-105.61,13.38
672,-2.04,-359.72,-137.01,-1.6
673,-19.7,-540.67,-121.8,36.07
674,-8.67,-429.71,-129.93,-7.02
675,-15.41,-475.56,-122.07,-11.84
676,-23.37,-649.0,-106.9,22.67
677,-16.57,-459.92,-132.15,-2.1
678,-13.21,-463.75,-123.33,2.26
679,10.42,-314.36,-121.58,-15.15
680,-6.98,-409.15,-162.6,15.82
681,-16.58,-404.97,-93.27,29.65
682,-23.69,-533.38,-110.63,38.97
683,-14.22,-498.98,-189.36,29.35
684,11.25,-415.82,-83.95,4.3
685,-15.75,-541.48,-131.36,-11.9
686,-17.42,-540.8,-82.92,69.49
687,-20.18,-444.31,-115.65,5.43
688,-13.95,-476.16,-113.42,11.68
689,-16.19,-474.63,-110.62,24.52
690,-9.99,-464.16,-136.11,-16.77
691,-22.9,-566.65,-120.38,-2.89
692,-16.17,-421.11,-112.49,21.12
693,-8.0,-482.41,-131.5,-24.5
694,-8.15,-447.76,-116.64,35.28
695,-1.83,-387.45,-129.65,19.83
696,10.83,-313.85,-129.31,16.72
697,-32.62,-611.01,-123.38,20.19
698,-27.37,-543.72,-108.55,23.22
699,-18.93,-449.7,-131.26,-4.6
700,-13.15,-459.11,-119.33,27.33
701,-1.37,-401.74,-134.35,11.55
702,-25.06,-467.55,-112.71,31.99
703,-9.21,-482.46,-122.83,24.04
704,-43.6,-594.52,-143.7,17.68
705,1.93,-302.2,-122.89,-0.66
706,7.2,-359.86,-165.02,6.66
707,-29.23,-605.5,-108.49,17.57
708,-8.36,-465.58,-117.86,12.18
709,-15.1,-486.06,-111.24,20.74
710,-26.01,-574.87,-140.42,2.12
711,4.86,-438.69,-149.61,-11.28
712,-1.61,-355.52,-133.43,-1.54
713,-20.99,-530.79,-123.44,30.09
714,-11.31,-458.31,-124.68,17.9
715,-25.16,-520.11,-117.2,40.99
716,-12.47,-468.53,-112.29,33.11
717,-21.92,-464.72,-132.85,7.88
718,-17.93,-464.54,-137.77,17.33
719,-25.37,-448.42,-135.69,-18.49
720,6.89,-287.99,-142.21,-12.13
721,6.17,-462.42,-147.7,97.8
722,-13.26,-518.12,-149.74,-3.55
723,-26.99,-568.82,-91.66,42.66
724,-17.99,-469.97,-119.2,8.53
725,-15.43,-479.53,-111.25,21.52
726,-19.88,-482.03,-117.67,18.81
727,-6.04,-457.12,-131.12,-1.19
728,-8.68,-424.48,-144.91,-23.35
729,-7.23,-360.81,-161.54,-66.62
730,-15.49,-396.92,-92.61,116.22
731,-23.27,-595.75,-129.58,11.57
732,-20.16,-540.11,-125.14,26.2
733,-15.37,-462.29,-104.86,26.55
734,-26.42,-548.33,-135.44,-16.21
735,-8.6,-394.48,-130.38,33.53
736,9.79,-397.31,-122.29,-20.94
737,-7.03,-468.44,-122.64,60.62
738,-21.79,-511.35,-121.4,21.21
739,-15.23,-491.09,-114.79,24.24
740,-33.94,-517.19,-119.03,16.26
741,-14.85,-408.91,-126.78,11.7
742,-18.14,-463.4,-139.73,-26.9
743,0.22,-329.52,-149.67,-19.52
744,-31.52,-558.59,-117.08,45.64
745,-1.44,-478.99,-123.5,25.67
746,-5.1,-490.12,-130.41,-25.26
747,-35.43,-577.22,-132.3,66.75
748,-15.79,-458.95,-198.23,-30.63
749,11.05,-379.01,-96.49,-1.39
750,-19.39,-436.73,-121.11,26.07
751,-2.46,-483.85,-133.88,-11.84
752,0.85,-470.34,-186.8,54.08
753,-3.66,-192.62,-82.54,5.96
754,-41.88,-660.28,-156.64,-2.55
755,-14.04,-477.34,-98.49,23.01
756,-24.86,-519.92,-119.67,43.66
757,-18.98,-508.35,-119.33,-12.78
758,-17.36,-496.83,-122.98,-8.52
759,-12.24,-471.35,-135.9,-33.85
760,-20.43,-526.07,-128.6,8.64
761,-17.81,-395.31,-114.8,81.89
762,-16.0,-489.03,-130.1,0.64
763,-3.5,-458.07,-107.61,31.13
764,-11.37,-469.85,-118.52,30.67
765,-3.6,-482.15,-131.52,2.17
766,-12.19,-457.66,-118.38,11.37
767,-16.06,-431.54,-132.97,-3.91
768,-24.71,-518.89,-129.89,16.69
769,-26.11,-521.32,-121.55,34.4
770,8.81,-186.33,-130.26,0.95
771,-23.34,-642.35,-122.34,18.16
772,-36.37,-539.62,-126.18,11.82
773,-16.95,-482.05,-125.7,13.31
774,-1.78,-415.27,-123.15,4.79
775,-14.29,-357.46,-111.0,33.66
776,-20.0,-472.78,-122.31,18.15
777,-14.24,-502.22,-183.0,14.01
778,-12.22,-577.13,-108.2,10.36
779,-2.64,-427.83,-117.75,11.03
780,-6.39,-443.11,-128.74,-53.81
781,-26.72,-530.38,-114.9,54.71
782,-4.46,-380.49,-119.63,9.52
783,-21.53,-494.97,-122.72,16.47
784,-16.78,-522.98,-120.27,4.54
785,-13.61,-481.41,-128.89,-4.87
786,-13.6,-492.57,-115.39,31.52
787,-14.59,-415.75,-143.55,35.84
788,-6.83,-450.53,-64.3,60.94
789,-9.89,-409.89,-179.43,-48.14
790,-13.82,-421.86,-117.27,10.27
791,-9.71,-464.18,-124.41,2.26
792,-11.75,-527.32,-127.13,13.74
793,-6.9,-480.69,-138.11,-18.48
794,-7.12,-401.79,-117.24,25.72
795,-9.08,-502.72,-125.8,17.38
796,-16.24,-465.9,-119.68,25.97
797,-29.25,-464.8,-117.12,22.95
798,-9.82,-500.11,-147.73,45.19
799,-3.94,-422.16,-82.96,-4.93
800,-24.34,-509.54,-131.68,23.45
801,-9.76,-433.22,-132.51,2.89
802,-13.8,-545.1,-123.53,21.72
803,-10.73,-453.28,-131.01,-23.26
804,-4.04,-404.36,-138.89,-17.01
805,-12.89,-410.73,-118.1,46.32
806,11.09,-461.07,-176.47,20.89
807,-12.65,-387.87,-115.68,8.33
808,-40.52,-676.51,-115.43,18.76
809,2.34,-369.84,-121.32,-41.09
810,1.41,-421.29,-86.14,88.27
811,-21.23,-535.82,-154.94,-29.74
812,-11.1,-499.54,-133.95,-13.18
813,-26.01,-467.78,-126.17,2.29
814,-41.39,-533.16,-135.37,17.61
815,-4.16,-331.98,-106.5,21.47
816,4.99,-498.92,-202.12,-19.76
817,-2.71,-479.29,-101.07,26.7
818,-2.57,-438.82,-114.91,6.0
819,-21.06,-538.39,-129.2,10.02
820,-13.6,-524.57,-100.6,29.5
821,-21.91,-480.4,-122.22,-28.7
822,15.42,-351.22,-133.66,11.49
823,-13.34,-436.27,-142.44,0.57
824,-20.3,-521.24,-119.29,1.83
825,10.6,-444.78,-120.44,34.07
826,5.33,-468.88,-181.42,6.07
827,-14.46,-460.38,-133.59,-68.79
828,-18.23,-513.85,-149.36,143.04
829,-20.54,-533.68,-105.81,-11.4
830,-10.35,-408.52,-119.57,-1.8
831,-9.01,-475.43,-118.01,13.36
832,-21.07,-506.2,-134.31,8.59
833,0.01,-458.78,-114.33,67.66
834,-7.26,-488.0,-205.67,-84.52
835,-3.02,-464.04,-151.49,5.97
836,-28.59,-499.21,-129.5,-1.51
837,-11.76,-485.17,-157.23,-19.1
838,-7.67,-444.13,-97.44,38.91
839,3.66,-478.93,-90.01,54.47
840,-15.74,-505.35,-232.28,16.8
841,-15.61,-480.76,-116.1,1.16
842,-31.16,-624.2,-110.19,7.58
843,24.54,-225.87,-114.71,0.52
844,-6.88,-478.97,-111.33,25.6
845,-10.26,-485.01,-123.5,16.55
846,-0.84,-384.86,-150.5,-10.94
847,-27.05,-560.04,-110.48,3.45
848,-3.4,-430.06,-127.27,52.79
849,-0.59,-454.14,-129.58,25.04
850,3.22,-426.21,-120.14,-2.28
851,-19.14,-435.17,-183.29,-8.24
852,-9.92,-509.64,-97.8,9.37
853,-29.88,-539.94,-155.02,-13.43
854,-7.45,-476.66,-104.18,-1.37
855,-18.03,-483.7,-112.45,38.84
856,-10.5,-483.27,-106.25,20.54
857,-3.58,-476.26,-129.31,3.12
858,-27.38,-466.93,-134.55,-17.42
859,7.77,-450.44,-107.3,69.74
860,-36.38,-607.87,-124.48,11.92
861,-18.12,-368.72,-160.59,-5.58
862,11.14,-443.08,-141.43,26.38
863,2.22,-454.86,-105.8,8.03
864,-4.33,-459.4,-116.24,11.22
865,-18.3,-513.99,-129.13,24.02
866,-16.39,-487.04,-113.26,25.96
867,-29.89,-535.68,-133.82,-23.48
868,11.64,-391.7,-139.05,-39.95
869,24.74,-208.46,-138.89,32.88
870,-30.08,-648.67,-109.85,42.5
871,-20.9,-494.4,-134.81,28.82
872,-24.52,-507.12,-108.17,18.35
873,-8.79,-497.6,-129.51,-6.28
874,-19.16,-454.24,-129.03,1.15
875,-0.85,-488.71,-128.87,-1.64
876,-3.87,-458.89,-127.3,-9.51
877,-17.25,-412.2,-125.84,33.17
878,-16.15,-575.88,-168.39,14.68
879,-6.16,-447.17,-183.12,-37.76
880,-17.75,-494.82,-90.08,76.71
881,-20.78,-453.4,-114.29,-8.66
882,-3.08,-437.44,-131.76,5.13
883,-11.67,-499.97,-104.82,32.58
884,-23.19,-537.71,-129.65,9.02
885,-4.58,-456.48,-129.95,9.97
886,-8.78,-445.73,-139.29,-4.58
887,-14.91,-440.74,-112.04,21.81
888,16.56,-377.67,-142.64,-55.44
889,-8.04,-467.53,-137.75,57.09
890,-1.26,-293.84,-123.75,1.53
891,-24.24,-627.87,-139.38,45.61
892,-8.14,-504.62,-117.84,40.13
893,-13.11,-491.27,-100.58,50.41
894,-10.09,-483.59,-148.26,-14.38
895,-8.71,-502.88,-117.68,3.06
896,-13.16,-487.77,-121.12,19.22
897,-23.8,-530.86,-120.78,7.63
898,-40.41,-473.71,-126.38,-11.87
899,7.35,-322.65,-144.84,-9.88
900,3.8,-519.26,-149.95,58.05
901,-2.86,-441.53,-86.35,39.39
902,-13.13,-507.99,-131.77,-12.46
903,-2.86,-488.97,-100.67,32.98
904,-9.93,-487.54,-155.33,-9.22
905,0.5,-359.95,-192.79,9.51
906,-20.56,-549.64,-112.57,46.96
907,-15.47,-533.1,-155.52,5.5
908,-13.17,-514.42,-77.03,43.6
909,-13.33,-506.03,-123.63,1.91
910,-0.98,-430.29,-195.62,-37.09
911,-41.22,-516.87,-136.23,7.56
912,-19.57,-505.15,-110.24,-24.02
913,15.25,-371.85,-106.46,46.7
914,-8.33,-457.63,-116.17,-19.25
915,-0.72,-487.38,-104.47,73.33
916,-5.95,-481.48,-104.84,38.44
917,-7.68,-484.09,-155.48,-13.65
918,-17.8,-531.27,-119.63,15.62
919,-20.5,-387.92,-121.15,12.02
920,1.08,-441.14,-130.87,6.07
921,10.7,-356.28,-126.82,2.3
922,-7.71,-434.29,-119.94,-7.09
923,-12.66,-564.79,-113.52,1.62
924,-15.3,-518.6,-142.65,15.49
925,-12.67,-498.66,-104.01,-2.82
926,-17.45,-485.3,-118.69,38.83
927,-22.2,-515.91,-104.56,35.34
928,-11.89,-483.51,-139.94,-17.78
929,-23.27,-541.35,-136.68,0.34
930,-10.27,-411.27,-128.64,7.09
931,-3.46,-404.7,-264.78,-38.4
932,-14.58,-490.37,-111.66,93.29
933,10.27,-427.84,-89.07,-4.43
934,-3.82,-425.4,-111.0,10.8
935,-7.33,-506.83,-122.94,17.08
936,-2.95,-450.51,-102.73,50.24
937,2.12,-339.04,-128.12,-33.45
938,-23.98,-602.1,-117.2,3.37
939,-6.86,-456.83,-114.07,25.03
940,-24.71,-514.42,-117.94,14.13
941,-16.39,-470.44,-119.45,24.81
942,-7.85,-503.59,-138.92,19.17
943,-12.81,-464.52,-109.33,8.58
944,-24.34,-493.5,-122.81,-20.21
945,7.48,-364.19,-125.37,35.49
946,-12.73,-509.7,-113.76,16.27
947,-25.0,-487.29,-122.34,15.3
948,-5.34,-488.0,-129.35,5.02
949,3.14,-459.96,-133.13,-23.79
950,14.57,-341.36,-112.12,29.19
951,-55.76,-703.15,-148.94,22.01
952,-6.01,-426.16,-119.24,24.28
953,28.89,-301.95,-125.21,12.52
954,-9.0,-510.6,-122.79,-1.61
955,-25.15,-456.8,-114.82,24.68
956,-12.69,-503.11,-121.13,-7.95
957,-4.71,-496.87,-118.5,17.58
958,-8.48,-511.64,-125.93,16.31
959,-22.5,-497.43,-119.04,8.65
960,1.68,-467.54,-128.38,0.54
961,14.31,-270.07,-135.92,-11.47
962,3.12,-461.49,-139.09,38.06
963,-12.86,-458.33,-130.82,25.11
964,-0.22,-313.97,-157.07,-5.69
965,-24.83,-627.66,-100.46,2.52
966,-5.88,-529.58,-140.51,42.32
967,-20.49,-497.71,-118.09,27.82
968,-7.41,-468.2,-117.57,80.41
969,-26.46,-530.18,-129.84,-10.54
970,-20.14,-495.38,-133.33,5.21
971,-7.86,-511.82,-173.78,-16.64
972,-24.54,-519.98,-138.06,-19.54
973,-3.39,-372.79,-130.78,20.25
974,12.49,-384.4,-127.83,16.43
975,-12.1,-515.55,-123.75,39.37
976,-8.57,-474.53,-122.11,22.25
977,-7.99,-516.19,-138.91,2.12
978,-11.39,-468.82,-128.86,35.15
979,-3.08,-463.87,-134.42,-0.18
980,-15.62,-498.24,-132.3,18.66
981,-14.06,-477.91,-140.17,-2.56
982,-11.57,-490.53,-133.83,32.66
983,-13.41,-478.9,-133.66,18.33
984,-16.27,-451.33,-139.53,-17.82
985,-15.27,-565.8,-156.28,-12.67
986,-0.16,-447.28,-123.5,-10.34
987,-15.04,-493.01,-172.5,47.6
988,15.87,-403.58,-105.13,21.12
989,3.97,-408.04,-124.92,46.25
990,-23.08,-485.67,-131.95,32.78
991,-13.8,-479.49,-136.64,-16.64
992,-12.55,-501.55,-129.42,20.89
993,-12.38,-489.68,-132.96,14.86
994,-7.53,-487.42,-134.13,10.24
995,-22.04,-501.21,-128.96,12.5
996,-17.37,-506.72,-128.97,10.89
997,-17.66,-455.61,-125.69,0.32
998,-6.35,-530.8,-158.1,3.86
999,-6.26,-390.9,-117.96,-2.98
1000,10.13,-350.45,-142.04,15.46
1001,18.16,-378.92,-111.61,22.18
1002,-16.31,-571.01,-137.76,0.74
1003,-15.81,-502.69,-135.22,29.45
1004,-5.19,-492.67,-121.34,20.79
1005,-13.63,-498.76,-134.23,16.77
1006,-18.44,-475.14,-134.01,6.53
1007,-16.72,-524.53,-148.86,-32.21
1008,-11.01,-478.76,-119.83,38.79
1009,-9.98,-459.34,-124.9,16.68
1010,2.46,-445.68,-132.2,10.83
1011,-12.3,-482.79,-130.59,10.96
1012,-11.98,-477.92,-133.49,10.06
1013,-8.39,-467.55,-131.02,4.57
1014,-12.62,-485.0,-145.85,-3.09
1015,-13.47,-502.29,-136.42,17.67
1016,-4.29,-406.33,-132.99,6.47
1017,-30.8,-506.88,-143.26,27.38
1018,2.25,-490.35,-124.98,14.14
1019,-2.39,-378.09,-136.03,20.55
1020,-6.15,-499.72,-113.68,53.8
1021,-3.54,-445.25,-137.58,40.2
1022,-27.67,-482.74,-144.95,-23.88
1023,9.84,-415.89,-142.91,0.9
1024,-14.54,-493.99,-140.27,-31.92
1025,-8.47,-459.95,-151.35,26.26
1026,-13.75,-484.52,-142.07,2.06
1027,-6.12,-470.79,-138.78,68.07
1028,-11.05,-498.31,-150.37,24.18
1029,-10.21,-488.16,-113.06,21.41
1030,-27.94,-468.45,-127.58,7.03
1031,0.3,-452.19,-134.89,23.18
1032,9.71,-422.11,-125.38,-4.27
1033,-3.58,-444.55,-126.94,-1.13
1034,-16.55,-536.3,-125.53,23.51
1035,-12.05,-498.52,-132.03,16.28
1036,-5.62,-484.58,-131.47,10.31
1037,-12.67,-484.07,-128.76,14.25
1038,-8.43,-461.64,-127.18,4.35
1039,-0.78,-402.65,-137.65,3.42
1040,-5.77,-498.54,-136.01,10.42
1041,-19.94,-505.61,-144.57,12.69
1042,-46.29,-590.86,-118.82,8.22
1043,-30.49,-392.41,-144.2,-19.26
1044,-19.59,-301.8,-151.05,-31.63
1045,7.17,-527.51,-122.11,49.14
1046,20.06,-373.43,-122.17,12.88
1047,-15.06,-536.89,-125.07,80.48
1048,-25.1,-538.73,-126.34,21.32
1049,-16.2,-541.6,-127.04,-39.55
1050,-2.34,-386.44,-122.67,25.35
1051,-8.64,-497.23,-131.23,6.46
1052,-13.19,-520.64,-131.74,-29.22
1053,-13.3,-450.87,-143.42,20.11
1054,-11.02,-465.93,-135.74,10.09
1055,-24.01,-529.68,-129.4,8.98
1056,-22.68,-534.05,-132.79,14.03
1057,-20.75,-413.19,-135.45,-6.38
1058,-16.32,-378.14,-141.33,13.86
1059,26.85,-440.3,-110.38,18.43
1060,4.55,-432.72,-138.69,10.26
1061,-3.5,-411.08,-137.38,-5.41
1062,-24.78,-607.1,-138.06,16.94
1063,-7.37,-388.9,-153.97,-29.53
1064,-14.02,-520.61,-127.93,42.51
1065,-7.07,-474.81,-132.61,44.87
1066,-7.81,-377.69,-164.02,-5.88
1067,-2.3,-438.37,-103.34,30.22
1068,9.27,-490.94,-122.48,30.31
1069,-34.69,-500.94,-134.14,7.48
1070,-38.84,-605.45,-133.01,-0.13
1071,-7.11,-479.66,-125.48,10.57
1072,0.47,-328.96,-122.5,7.28
1073,-12.12,-573.74,-113.66,20.06
1074,-35.06,-601.7,-163.43,-22.24
1075,0.79,-415.68,-120.07,-25.15
1076,2.71,-413.43,-123.05,60.66
1077,-5.63,-438.41,-127.69,21.39
1078,-11.69,-435.46,-142.95,-33.92
1079,-2.75,-394.87,-275.71,12.44
1080,-34.31,-626.39,-100.29,28.27
1081,5.33,-330.24,-90.68,61.99
1082,-16.65,-507.54,-105.03,-11.92
1083,-17.59,-497.25,-123.58,14.73
1084,-30.59,-512.93,-113.59,-10.16
1085,-7.87,-455.47,-130.45,-19.29
1086,-14.56,-536.04,-117.72,9.48
1087,7.16,-411.69,-113.38,40.56
1088,-4.77,-473.49,-112.19,5.85
1089,-45.9,-543.96,-125.76,-3.13
1090,-9.64,-509.66,-129.47,-23.03
1091,3.46,-381.48,-137.83,16.96
1092,-14.63,-463.71,-125.95,-20.99
1093,2.09,-373.91,-110.62,40.37
1094,-9.88,-407.93,-127.59,53.17
1095,-3.43,-580.58,-140.16,29.78
1096,-19.32,-505.96,-152.75,30.36
1097,-27.44,-495.97,-98.99,-3.17
1098,-24.17,-576.32,-184.65,-70.23
1099,0.9,-384.31,-165.7,-7.02
1100,8.5,-458.72,-73.61,21.0
1101,2.52,-403.55,-130.32,17.04
1102,-11.5,-435.92,-148.61,29.34
1103,-16.39,-522.21,-193.77,-43.99
1104,-15.65,-512.94,-158.67,72.94
1105,-33.66,-567.54,-110.82,-44.53
1106,5.62,-397.01,-168.87,19.63
1107,5.44,-417.41,-53.38,5.82
1108,-19.07,-531.34,-126.3,-20.36
1109,-22.32,-426.14,-113.33,42.9
1110,-5.75,-473.58,-142.27,-31.76
1111,2.59,-421.4,-137.81,-1.5
1112,-26.15,-511.96,-194.86,-8.53
1113,-27.43,-557.13,-102.56,36.85
1114,14.3,-442.59,-128.36,-6.92
1115,13.24,-367.12,-117.86,21.95
1116,-15.66,-446.81,-159.34,15.33
1117,-8.07,-451.86,-127.84,30.64
1118,-23.58,-435.44,-110.57,70.74
1119,-2.28,-507.1,-110.08,8.28
1120,-3.94,-473.89,-195.02,-24.28
1121,-12.13,-529.2,-143.73,17.6
1122,-24.33,-480.08,-145.33,17.15
1123,-11.29,-472.15,-124.88,-36.54
1124,10.1,-460.22,-96.31,67.04
1125,-15.44,-522.64,-148.26,-44.7
1126,-3.82,-429.93,-126.93,-10.78
1127,-22.88,-485.61,-132.38,29.64
1128,-6.46,-410.51,-194.34,33.68
1129,-6.49,-390.89,-165.77,-24.78
1130,-26.69,-554.95,-82.75,-2.54
1131,-2.73,-471.23,-98.01,31.54
1132,-11.09,-406.49,-113.19,28.32
1133,-2.72,-415.4,-138.64,18.82
1134,-25.03,-581.01,-105.01,28.66
1135,-3.77,-497.81,-133.07,-5.17
1136,-17.66,-436.7,-115.94,27.05
1137,-22.29,-504.17,-152.19,-17.77
1138,-17.04,-488.46,-88.58,90.55
1139,-12.44,-493.93,-112.25,-27.38
1140,8.54,-386.73,-138.6,-12.39
1141,-12.71,-433.49,-107.18,23.63
1142,4.96,-441.05,-92.24,57.36
1143,-10.77,-474.03,-140.23,31.68
1144,-27.9,-512.54,-133.17,-47.49
1145,6.36,-372.38,-131.08,-21.25
1146,-40.67,-626.98,-140.22,54.52
1147,29.97,-322.62,-160.85,44.57
1148,-7.08,-504.68,-181.06,-60.35
1149,-5.13,-463.31,-158.49,-6.38
1150,-11.91,-505.83,-101.9,55.03
1151,-2.89,-403.88,-94.05,65.1
1152,-11.68,-486.28,-104.41,40.7
1153,5.77,-491.69,-199.74,-112.05
1154,-31.09,-543.18,-67.75,153.69
1155,-0.21,-287.3,-109.97,7.43
1156,-8.76,-506.82,-83.79,45.66
1157,-35.04,-636.19,-118.98,-7.67
1158,-13.43,-420.96,-119.61,41.53
1159,5.04,-411.7,-128.37,17.55
1160,1.85,-516.55,-119.27,2.43
1161,-22.85,-492.31,-149.75,-30.31
1162,-0.16,-452.64,-108.66,68.45
1163,-32.51,-587.44,-131.22,2.8
1164,-20.92,-500.17,-142.92,-3.37
1165,19.7,-293.59,-113.59,-8.68
1166,-6.79,-411.11,-137.35,57.36
1167,4.36,-274.87,-96.99,22.16
1168,-0.68,-598.71,-184.23,-15.28
1169,-11.82,-515.22,-237.56,56.02
1170,-24.18,-536.92,-73.78,-44.82
1171,-21.25,-486.21,-122.26,21.29
1172,-0.91,-391.48,-85.34,53.24
1173,-15.62,-555.17,-126.4,20.68
1174,-10.94,-503.06,-108.64,-17.29
1175,21.55,-423.98,-141.64,-68.59
1176,-40.36,-516.88,-109.35,85.24
1177,-31.27,-634.0,-133.42,-19.69
1178,49.61,-333.44,-193.31,-65.61
1179,-42.29,-472.09,-96.89,80.18
1180,-20.72,-304.99,-163.06,-23.12
1181,25.51,-398.35,-178.6,86.01
1182,-11.59,-652.38,-94.47,86.07
1183,-24.27,-551.29,-105.13,13.43
1184,-17.26,-443.35,-118.94,-63.08
1185,-7.15,-446.68,-175.09,-17.18
1186,-9.49,-503.04,-104.29,-41.2
1187,24.22,-244.92,-135.74,4.56
1188,-15.36,-547.35,-236.14,-74.32
1189,-18.9,-496.4,-52.67,64.81
1190,-12.28,-491.47,-130.92,60.57
1191,-5.46,-442.21,-138.16,-80.25
1192,-2.26,-534.14,-229.34,25.86
1193,-18.62,-457.0,-78.03,257.74
1194,-4.72,-494.85,-89.31,-42.3
1195,8.12,-311.86,-171.83,26.12
1196,-22.65,-611.56,-100.51,49.85
1197,-9.12,-502.12,-103.53,5.63
1198,-10.68,-527.48,-115.04,7.91
1199,-5.18,-482.34,-140.29,-75.43
1200,-20.01,-543.09,-109.94,14.68
1201,-13.69,-463.91,-107.26,32.12
1202,-9.34,-431.36,-137.46,-36.53
1203,-15.14,-317.21,-130.79,16.74
1204,-3.56,-526.44,-87.35,100.58
1205,-20.87,-534.67,-116.65,-8.67
1206,29.94,-359.92,-117.17,-0.52
1207,-31.68,-477.5,-92.0,99.34
1208,-46.94,-791.99,-127.24,-7.1
1209,2.42,-273.0,-119.35,53.6
1210,-12.03,-419.99,-199.48,-15.23
1211,-10.7,-456.21,-83.08,25.51
1212,-1.74,-497.64,-154.4,88.21
1213,-16.44,-524.2,-97.9,12.11
1214,-7.59,-349.55,-119.31,1.99
1215,-1.89,-486.01,-136.29,22.73
1216,-16.76,-536.22,-84.63,34.04
1217,-23.27,-522.65,-196.55,-25.1
1218,4.67,-388.08,-75.33,16.75
1219,-13.4,-554.16,-120.34,-2.2
1220,-30.45,-525.39,-116.1,32.34
1221,-26.57,-568.26,-116.59,55.28
1222,0.14,-328.62,-102.88,40.15
1223,40.54,-465.71,-111.32,62.83
1224,-28.04,-501.2,-125.4,-2.0
1225,-20.23,-422.18,-118.57,-5.0
1226,-23.84,-467.89,-121.87,-0.31
1227,-11.97,-404.35,-151.35,-2.47
1228,1.0,-389.87,-131.46,44.97
1229,-25.05,-662.03,-99.41,47.45
1230,8.8,-487.31,-160.68,80.09
1231,-15.74,-511.5,-115.92,-21.96
1232,-44.37,-589.26,-107.53,13.59
1233,-0.13,-384.23,-116.71,22.21
1234,-6.43,-408.39,-130.31,-46.31
1235,3.59,-286.7,-150.96,31.35
1236,-23.39,-606.27,-108.58,95.03
1237,-13.7,-521.18,-102.28,69.2
1238,-18.2,-504.03,-141.25,-14.39
1239,-5.02,-451.12,-132.9,18.63
1240,-22.4,-515.43,-114.31,-35.15
1241,-7.55,-454.76,-181.3,-5.64
1242,-0.93,-376.3,-141.95,119.67
1243,-57.11,-630.4,-141.76,-32.08
1244,4.4,-409.58,-72.45,114.41
1245,1.71,-472.58,-148.92,-118.29
1246,6.83,-421.09,-155.28,79.84
1247,7.56,-505.51,-135.99,-53.76
1248,-35.83,-534.44,-108.61,21.65
1249,-13.01,-275.72,-95.37,79.46
1250,-24.9,-556.4,-119.5,23.75
1251,31.3,-453.96,-109.37,9.44
1252,-14.95,-378.05,-118.7,24.65
1253,-14.57,-577.16,-131.35,26.58
1254,-4.27,-533.38,-217.44,-104.11
1255,-32.9,-385.68,-125.48,70.04
1256,-20.62,-415.43,-86.48,42.45
1257,14.87,-456.32,-133.63,1.27
1258,-69.46,-534.31,-122.54,43.89
1259,-19.78,-501.58,-97.94,77.61
1260,-3.33,-481.41,-141.72,26.9
1261,-13.33,-451.45,-147.29,-13.22
1262,-26.5,-516.95,-136.26,18.4
1263,-5.84,-430.11,-110.97,55.18
1264,-1.55,-465.35,-119.58,-9.65
1265,-15.34,-482.07,-144.2,75.16
1266,19.13,-433.57,-142.85,-38.96
1267,-14.48,-309.29,-119.34,50.97
1268,-28.87,-609.33,-107.37,48.44
1269,-28.38,-533.29,-138.86,-10.27
1270,-24.51,-610.7,-144.77,-56.49
1271,-12.16,-366.34,-111.43,70.39
1272,-4.33,-429.84,-128.72,8.14
1273,-18.34,-495.14,-110.31,46.3
1274,-36.44,-424.17,-121.41,24.15
1275,-23.47,-501.34,-100.89,68.29
1276,12.84,-472.1,-130.77,33.84
1277,22.17,-421.02,-159.95,-49.45
1278,-11.15,-328.11,-130.68,29.93
1279,-23.47,-561.73,-147.31,56.42
1280,-22.5,-492.62,-93.62,11.02
1281,-19.2,-561.5,-122.74,31.75
1282,-14.31,-489.72,-125.11,24.99
1283,-26.62,-522.6,-164.01,15.64
1284,-1.35,-406.01,-72.69,58.76
1285,22.54,-274.01,-125.57,35.71
1286,-56.57,-659.58,-214.91,68.74
1287,-3.67,-498.92,-68.71,4.18
1288,-19.49,-496.85,-110.18,46.45
1289,-6.06,-432.2,-126.72,33.73
1290,1.89,-324.69,-159.59,-10.28
1291,22.97,-386.2,-108.65,27.42
1292,-36.64,-616.15,-140.51,-4.06
1293,-27.61,-572.82,-118.52,20.12
1294,-11.72,-515.29,-193.42,-24.64
1295,-17.27,-475.17,-86.51,39.24
1296,-41.88,-449.65,-104.71,61.55
1297,10.04,-411.65,-109.26,42.83
1298,-8.98,-558.59,-124.16,38.61
1299,-4.24,-402.93,-118.98,19.82
1300,-10.55,-423.38,-117.98,36.64
1301,-6.89,-396.84,-110.48,23.14
1302,-26.71,-569.88,-131.11,30.86
1303,-31.48,-479.11,-142.86,-23.07
1304,-6.16,-517.48,-102.39,66.83
1305,-9.83,-441.26,-128.88,52.07
1306,-9.35,-472.84,-171.32,31.69
1307,-23.87,-513.08,-97.5,24.89
1308,-9.3,-491.14,-227.85,65.09
1309,-1.97,-485.77,-85.65,-35.21
1310,-7.49,-452.46,-102.92,31.8
1311,-9.75,-395.1,-136.15,28.13
1312,-36.44,-636.1,-138.9,-16.33
1313,-7.5,-403.16,-127.89,65.41
1314,-11.79,-460.41,-132.32,85.52
1315,2.49,-498.01,-125.55,-24.18
1316,-23.95,-352.47,-116.79,34.85
1317,-36.2,-472.74,-104.84,39.24
1318,3.04,-486.42,-124.68,16.8
1319,-2.49,-487.17,-123.27,35.3
1320,-20.55,-446.46,-123.34,22.01
1321,-11.04,-552.25,-128.96,33.99
1322,1.44,-437.05,-128.4,5.06
1323,-8.82,-415.58,-119.11,46.26
1324,-2.35,-496.37,-130.68,-6.65
1325,-37.88,-538.53,-120.62,68.72
1326,-27.09,-497.75,-192.63,45.28
1327,-0.92,-497.07,-66.13,-34.84
1328,1.09,-495.79,-126.94,57.32
1329,-39.15,-565.84,-155.62,9.56
1330,-4.37,-471.74,-145.83,44.79
1331,0.55,-430.91,-156.02,4.32
1332,17.19,-347.95,-101.64,5.01
1333,-1.85,-391.95,-106.46,9.17
1334,15.86,-289.41,-121.77,-15.54
1335,-27.6,-653.65,-129.45,32.09
1336,-39.8,-569.89,-126.41,29.73
1337,-27.19,-571.23,-138.6,-18.51
1338,11.49,-387.66,-134.76,42.73
1339,-4.28,-492.8,-126.16,38.91
1340,-1.2,-452.57,-113.19,43.57
1341,8.4,-441.51,-125.51,-21.37
1342,-17.12,-487.57,-116.59,19.33
1343,-12.3,-494.85,-116.28,24.18
1344,-2.09,-428.06,-135.81,-9.98
1345,4.73,-457.85,-98.99,41.41
1346,-2.78,-453.14,-140.14,4.54
1347,-21.63,-476.57,-147.47,49.66
1348,-0.89,-492.62,-115.63,24.78
1349,4.9,-314.29,-175.47,-38.11
1350,-23.88,-575.73,-124.59,24.07
1351,-11.9,-519.15,-128.12,41.1
1352,-16.68,-497.24,-117.75,12.99
1353,-12.25,-498.77,-237.6,75.88
1354,-6.82,-505.46,-69.1,-35.39
1355,-12.26,-487.66,-120.94,13.45
1356,-12.16,-489.72,-110.06,22.58
1357,-3.55,-408.63,-114.19,14.62
1358,-35.04,-528.55,-118.72,23.87
1359,-5.87,-436.11,-123.39,24.11
1360,-3.76,-484.98,-126.55,18.78
1361,5.82,-492.35,-125.81,1.86
1362,16.76,-342.88,-143.02,-46.94
1363,-13.22,-409.07,-97.8,89.39
1364,-12.54,-527.53,-151.09,-51.89
1365,-9.1,-454.64,-124.53,46.37
1366,3.74,-467.68,-117.23,21.26
1367,-27.57,-539.01,-122.43,55.93
1368,-11.13,-517.76,-138.94,15.82
1369,-11.34,-435.93,-107.52,37.38
1370,-36.17,-480.7,-127.46,-0.3
1371,-8.81,-455.64,-144.65,16.46
1372,-13.72,-511.47,-123.94,-25.87
1373,-17.83,-478.61,-175.79,28.43
1374,2.23,-438.12,-93.33,15.99
1375,-11.9,-501.51,-99.59,26.05
1376,-2.04,-436.64,-126.97,117.9
1377,-7.91,-512.79,-144.82,-22.19
1378,-10.95,-498.43,-196.35,-37.28
1379,-17.25,-486.97,-74.82,15.75
1380,-22.73,-534.65,-102.84,28.18
1381,17.76,-250.75,-144.42,-4.96
1382,-16.89,-527.83,-110.04,17.83
1383,-45.19,-584.6,-113.45,25.76
1384,-10.8,-366.58,-120.02,13.31
1385,1.47,-477.32,-131.86,11.14
1386,14.65,-361.97,-118.76,18.35
1387,-11.6,-569.44,-118.84,26.66
1388,-44.16,-580.97,-134.55,0.53
1389,-2.92,-408.18,-128.81,10.44
1390,16.55,-273.28,-134.4,36.32
1391,-0.16,-592.38,-97.03,19.29
1392,7.65,-490.7,-131.58,3.01
1393,-12.83,-482.25,-131.49,1.22
1394,-1.06,-423.67,-144.6,-3.97
1395,-2.58,-529.58,-142.18,-43.03
1396,-26.96,-433.91,-193.65,-31.28
1397,-11.37,-457.09,-85.1,113.32
1398,-15.7,-544.92,-130.59,-10.8
1399,-20.11,-526.35,-123.14,24.94
1400,4.53,-386.42,-117.82,24.66
1401,-18.78,-533.78,-123.34,24.32
1402,-12.15,-453.05,-127.49,18.29
1403,-7.21,-495.56,-132.71,14.79
1404,14.26,-422.78,-181.77,-108.33
1405,-34.63,-339.53,-134.51,46.19
1406,-8.43,-450.09,-107.1,82.09
1407,-6.68,-541.39,-127.34,0.9
1408,5.45,-473.34,-139.31,30.96
1409,-0.25,-475.32,-109.72,7.15
1410,-16.23,-539.11,-117.94,34.11
1411,-11.47,-489.2,-133.59,10.62
1412,-16.19,-543.04,-124.53,13.02
1413,-31.6,-430.83,-123.75,7.61
1414,5.63,-436.4,-138.75,-37.28
1415,10.37,-243.31,-110.76,16.13
1416,-17.58,-556.88,-129.8,76.01
1417,-7.5,-491.13,-123.12,13.87
1418,-7.35,-510.3,-124.97,23.72
1419,-6.08,-488.55,-130.94,14.4
1420,-9.85,-493.56,-135.19,8.55
1421,2.01,-418.71,-145.01,-24.66
1422,-9.34,-377.46,-141.23,52.87
1423,-21.41,-557.88,-166.46,38.23
1424,1.3,-494.61,-107.52,15.63
1425,-17.07,-490.85,-122.56,-9.44
1426,-0.61,-445.65,-136.19,10.45
1427,2.48,-439.22,-183.32,37.07
1428,-33.61,-463.2,-113.78,-34.09
1429,-5.32,-456.38,-100.02,56.41
1430,-17.73,-532.18,-128.46,7.02
1431,-7.42,-479.41,-111.05,13.98
1432,-5.65,-411.05,-108.63,48.57
1433,7.2,-474.73,-130.54,-11.13
1434,1.71,-482.97,-97.46,38.56
1435,-30.81,-503.56,-141.23,46.87
1436,-30.98,-516.08,-119.87,-5.07
1437,12.7,-413.42,-120.48,17.41
1438,3.08,-468.41,-178.09,-74.76
1439,-3.44,-415.47,-173.69,104.2
1440,4.48,-495.62,-94.9,-7.84
1441,-22.29,-451.85,-118.67,-10.66
1442,-7.59,-448.66,-112.17,27.6
1443,-5.06,-479.55,-120.71,19.85
1444,7.66,-482.15,-122.01,14.75
1445,-21.05,-531.4,-147.02,-36.17
1446,6.5,-339.64,-127.97,9.91
1447,-9.97,-504.55,-111.16,55.64
1448,10.87,-341.33,-134.78,-10.31
1449,-20.84,-548.92,-152.32,-17.41
1450,-25.21,-490.2,-142.24,51.11
1451,-6.55,-496.33,-95.13,41.68
1452,-4.92,-486.81,-118.23,13.28
1453,-16.25,-511.64,-200.59,6.43
1454,-19.03,-505.35,-107.42,-46.76
1455,14.85,-333.66,-108.1,60.24
1456,-8.12,-518.19,-86.74,28.73
1457,-21.25,-508.15,-123.56,24.95
1458,1.65,-408.24,-124.96,0.55
1459,-5.4,-509.34,-116.13,53.52
1460,-24.6,-586.68,-134.61,1.11
1461,6.98,-451.5,-126.42,0.98
1462,-8.06,-380.18,-148.96,33.49
1463,-4.44,-440.94,-110.84,22.48
1464,10.55,-423.21,-122.35,25.2
1465,-12.98,-472.76,-121.48,22.46
1466,-1.27,-446.47,-134.71,-5.45
1467,-19.88,-476.33,-123.03,22.59
1468,3.77,-351.29,-125.52,24.0
1469,-14.99,-640.57,-126.14,28.94
1470,-13.75,-491.91,-121.6,33.94
1471,-4.23,-493.2,-128.39,28.39
1472,-4.06,-435.93,-127.0,17.86
1473,-12.12,-479.41,-141.66,0.85
1474,5.92,-423.3,-132.55,-22.19
1475,-14.84,-455.16,-146.01,78.34
1476,-44.13,-632.7,-98.76,56.03
1477,-23.41,-502.97,-127.73,5.91
1478,22.76,-406.15,-127.55,44.08
1479,22.92,-191.33,-148.79,-19.98
1480,-16.83,-671.91,-187.79,2.39
1481,-9.85,-425.61,-85.23,48.68
1482,-12.19,-551.05,-122.8,19.08
1483,12.9,-350.57,-125.14,16.88
1484,-22.97,-543.53,-120.27,37.2
1485,9.26,-438.24,-121.02,40.59
1486,-7.53,-476.97,-119.73,31.4
1487,1.13,-517.33,-136.36,10.5
1488,-5.77,-517.5,-124.1,22.48
1489,8.0,-417.03,-127.25,29.07
1490,-2.4,-429.31,-123.34,20.99
1491,-17.11,-479.04,-126.21,8.63
1492,5.06,-258.24,-136.55,9.57
1493,6.88,-563.32,-142.41,-35.69
1494,-28.15,-623.04,-125.03,41.18
1495,10.51,-403.98,-139.97,19.86
1496,-11.33,-502.55,-108.25,38.63
1497,-12.44,-430.32,-117.49,24.62
1498,0.21,-538.58,-125.88,18.9
1499,1.44,-454.44,-130.57,12.05
1500,-1.15,-409.49,-126.99,10.39
1501,-18.53,-497.17,-125.4,9.15
1502,-25.81,-571.23,-143.92,-40.0
1503,8.47,-265.54,-126.95,22.31
1504,-5.81,-463.8,-127.56,38.02
1505,-6.09,-539.13,-115.62,55.62
1506,-22.22,-547.28,-134.16,-9.29
1507,-7.8,-409.05,-122.31,17.14
1508,-3.33,-527.05,-126.46,14.88
1509,-0.57,-485.17,-125.23,16.11
1510,4.03,-428.8,-128.0,19.65
1511,-13.62,-472.03,-125.17,18.32
1512,-23.98,-487.51,-129.4,15.34
1513,20.87,-371.98,-159.34,-41.19
1514,0.81,-328.09,-168.63,-43.54
1515,-26.64,-581.98,-114.87,117.29
1516,-7.65,-520.53,-99.39,37.61
1517,-3.47,-491.62,-127.97,9.88
1518,3.47,-507.72,-124.41,13.72
1519,-2.98,-492.04,-125.15,8.3
1520,-3.43,-442.47,-135.89,-14.83
1521,-44.66,-512.36,-131.94,-1.34
1522,19.8,-339.81,-169.88,-15.6
1523,9.14,-490.98,-90.15,62.19
1524,-13.36,-532.61,-120.67,17.91
1525,-27.42,-537.68,-126.59,-39.19
1526,-2.32,-481.76,-128.87,40.08
1527,11.57,-360.56,-130.63,-18.1
1528,-14.92,-537.69,-137.74,-29.71
1529,-20.72,-450.18,-122.97,36.98
1530,-0.45,-384.01,-144.23,44.24
1531,4.57,-551.07,-76.08,31.74
1532,-5.04,-537.04,-146.12,-17.3
1533,54.07,-101.59,-144.02,-35.09
1534,-1.01,-501.55,-140.72,8.92
1535,-18.19,-417.39,-168.44,-1.52
1536,-42.43,-544.13,-133.46,64.57
1537,-17.13,-581.36,-113.07,17.65
1538,-5.16,-458.56,-109.69,6.3
1539,-1.65,-486.86,-223.31,-71.64
1540,-13.62,-508.62,-111.04,39.05
1541,-16.74,-523.81,-90.16,84.27
1542,-31.66,-554.06,-105.53,13.42
1543,-19.02,-432.01,-120.8,57.48
1544,2.35,-422.4,-134.97,27.43
1545,1.39,-345.8,-126.52,-11.36
1546,-1.53,-436.24,-138.98,-20.59
1547,-4.85,-496.45,-157.59,17.95
1548,-14.18,-524.23,-259.21,-13.81
1549,-45.12,-615.06,-70.99,-29.29
1550,-26.6,-525.87,-143.51,-66.42
1551,26.77,-309.69,-187.05,30.75
1552,-5.02,-319.68,-96.83,51.51
1553,-39.77,-715.18,-93.04,66.96
1554,-12.58,-420.1,-104.4,20.89
1555,-9.27,-451.69,-116.31,1.63
1556,-2.94,-481.24,-98.2,53.23
1557,-24.91,-558.54,-122.24,22.28
1558,8.12,-440.83,-126.41,-1.82
1559,-24.0,-558.61,-116.83,26.65
1560,-21.84,-449.72,-127.66,5.29
1561,-23.43,-551.82,-155.15,1.59
1562,0.34,-371.96,-124.05,11.63
1563,-13.35,-463.23,-101.74,19.34
1564,0.94,-435.67,-146.85,70.89
1565,-9.63,-415.44,-119.44,13.07
1566,20.91,-250.61,-153.91,-112.94
1567,-31.89,-639.97,-151.86,109.11
1568,-29.97,-563.93,-115.25,7.64
1569,5.96,-540.65,-130.88,38.22
1570,-20.43,-498.15,-255.5,25.39
1571,22.57,-383.87,-51.73,-0.43
1572,-7.48,-488.11,-117.65,-5.48
1573,-6.15,-481.79,-108.88,27.04
1574,-5.05,-479.51,-105.23,54.63
1575,-6.43,-440.57,-115.49,6.63
1576,2.64,-333.4,-132.46,-10.44
1577,-6.15,-526.77,-133.92,21.82
1578,1.54,-460.74,-108.26,38.54
1579,-3.42,-404.14,-127.97,19.02
1580,-42.03,-538.57,-117.53,23.42
1581,-12.15,-513.43,-118.49,-11.62
1582,-0.19,-427.64,-118.46,27.83
1583,-14.6,-580.67,-112.96,39.9
1584,-25.01,-468.93,-88.99,69.79
1585,-7.75,-411.89,-133.89,-25.07
1586,3.68,-448.65,-137.39,28.38
1587,-0.89,-417.4,-170.09,-27.82
1588,4.76,-437.6,-186.97,0.53
1589,-34.6,-561.73,-74.27,44.43
1590,14.81,-451.24,-94.77,56.8
1591,12.5,-389.05,-127.25,-19.26
1592,-33.94,-524.15,-118.0,29.17
1593,1.85,-403.06,-118.52,46.1
1594,-10.04,-432.07,-115.29,31.22
1595,4.37,-409.55,-104.4,12.83
1596,6.08,-455.04,-169.73,58.86
1597,-47.75,-621.88,-101.15,-9.75
1598,-13.62,-412.11,-122.28,-83.87
1599,-5.51,-443.79,-103.59,67.57
1600,6.34,-465.64,-121.96,45.52
1601,-6.29,-475.43,-112.77,26.05
1602,-31.75,-544.69,-118.4,45.14
1603,17.26,-318.04,-95.22,-0.12
1604,-13.01,-500.71,-158.01,-92.2
1605,-14.7,-541.5,-129.89,91.27
1606,-1.04,-444.74,-106.19,-3.27
1607,-3.88,-378.12,-112.13,64.47
1608,11.93,-289.04,-119.49,6.56
1609,-19.89,-611.32,-180.35,-44.31
1610,0.27,-464.97,-191.07,64.63
1611,-8.84,-328.4,-71.36,4.78
1612,-34.54,-652.91,-108.64,8.29
1613,-22.31,-527.8,-116.3,6.88
1614,-1.54,-408.37,-117.41,-13.01
1615,13.26,-292.59,-106.85,7.45
1616,-27.21,-522.81,-125.99,47.99
1617,-4.1,-473.84,-123.05,37.6
1618,-17.16,-494.56,-126.65,31.85
1619,-23.44,-531.12,-117.24,16.59
1620,-4.87,-427.52,-126.62,11.59
1621,7.82,-440.25,-135.55,2.67
1622,-3.4,-395.55,-135.1,-3.42
1623,-24.14,-299.18,-129.13,54.81
1624,-3.63,-547.14,-89.77,29.85
1625,-14.51,-542.86,-122.75,6.88
1626,-11.81,-514.94,-117.85,14.59
1627,-4.3,-457.27,-126.62,20.53
1628,-6.97,-482.18,-116.96,7.74
1629,-1.99,-421.61,-186.22,-33.66
1630,-19.67,-369.82,-76.15,57.48
1631,-35.63,-562.69,-110.95,17.66
1632,-6.15,-432.88,-130.36,77.87
1633,-14.55,-492.68,-99.03,-32.48
1634,-9.91,-433.21,-110.75,37.55
1635,-14.91,-478.11,-115.99,16.79
1636,-27.81,-468.8,-119.0,16.75
1637,-39.89,-504.7,-121.09,-2.33
1638,-0.48,-440.89,-134.95,-15.45
1639,17.64,-370.03,-187.8,-18.25
1640,-14.71,-513.99,-133.03,84.67
1641,-9.4,-450.07,-94.7,24.73
1642,-19.79,-484.18,-109.93,4.55
1643,-15.02,-469.55,-141.38,9.15
1644,-19.32,-466.1,-112.03,16.0
1645,-22.27,-489.78,-120.05,2.76
1646,-13.24,-420.01,-121.01,-4.18
1647,-5.42,-446.39,-107.39,46.07
1648,2.72,-325.46,-122.25,24.1
1649,-36.09,-508.24,-121.47,14.67
1650,-37.88,-521.92,-110.03,16.78
1651,-12.24,-506.48,-111.95,21.67
1652,-13.91,-484.95,-141.3,-7.75
1653,-6.55,-432.8,-128.34,22.83
1654,-17.17,-464.8,-118.52,-24.78
1655,-12.06,-472.84,-119.16,73.1
1656,-21.09,-542.96,-152.69,16.69
1657,-7.67,-433.14,-121.08,28.9
1658,-24.46,-517.54,-165.38,11.89
1659,-24.63,-487.66,-87.97,55.69
1660,-8.84,-276.95,-127.48,-21.25
1661,-5.68,-423.09,-116.92,36.75
1662,0.0,-455.55,-128.8,-5.38
1663,-13.15,-493.97,-121.55,27.87
1664,-17.87,-507.03,-115.56,7.57
1665,-9.28,-470.38,-131.8,1.49
1666,-22.52,-480.26,-143.7,15.14
1667,-34.43,-557.01,-117.77,23.12
1668,-2.15,-477.83,-115.84,42.77
1669,-5.34,-330.53,-99.25,58.17
1670,-27.74,-493.09,-133.38,-5.12
1671,6.23,-345.37,-114.51,38.45
1672,-9.61,-485.67,-119.82,28.41
1673,11.67,-313.21,-124.79,6.84
1674,-3.31,-600.31,-146.33,-44.45
1675,-38.77,-437.31,-121.91,50.38
1676,-40.17,-556.15,-106.04,20.54
1677,1.9,-444.94,-103.58,46.08
1678,-10.59,-507.27,-120.07,3.9
1679,-26.9,-530.24,-101.79,15.15
1680,-16.46,-465.1,-137.41,39.56
1681,-7.29,-412.59,-126.03,26.51
1682,4.84,-407.08,-128.31,5.93
1683,-20.04,-502.94,-198.11,-22.49
1684,-18.53,-526.45,-77.64,82.17
1685,0.18,-438.37,-168.44,-1.75
1686,-10.65,-494.76,-144.38,10.41
1687,-19.19,-440.65,-97.05,-18.02
1688,-14.48,-480.83,-134.02,26.77
1689,-14.88,-502.51,-133.28,51.77
1690,-31.71,-512.07,-125.86,4.51
1691,3.45,-370.92,-117.73,30.21
1692,-9.42,-444.66,-101.96,39.24
1693,1.78,-368.55,-130.59,-10.97
1694,3.31,-459.13,-123.7,29.09
1695,-21.05,-559.11,-130.98,33.85
1696,-16.56,-532.58,-116.3,27.15
1697,-19.55,-444.5,-140.57,35.19
1698,-6.82,-444.76,-119.41,27.12
1699,-32.53,-473.27,-119.01,23.44
1700,-32.76,-547.74,-186.93,-9.79
1701,6.23,-453.91,-83.9,43.77
1702,-23.92,-506.78,-160.72,27.15
1703,-17.03,-509.98,-142.91,-23.81
1704,-28.49,-484.14,-184.26,80.47
1705,13.19,-345.18,-59.27,14.35
1706,18.55,-422.53,-151.42,97.08
1707,-9.59,-493.52,-241.66,-5.63
1708,-6.88,-446.68,-145.36,-55.27
1709,12.17,-384.4,-52.04,0.53
1710,-37.14,-630.05,-94.8,-18.18
1711,-30.6,-516.11,-103.58,45.14
1712,9.84,-349.13,-136.3,19.45
1713,-3.48,-395.97,-142.82,11.98
1714,-3.18,-232.69,-105.95,36.82
1715,-40.03,-739.15,-92.68,28.74
1716,-14.01,-467.95,-125.17,32.3
1717,0.05,-468.74,-106.74,2.53
1718,-9.5,-461.9,-118.31,65.2
1719,-24.41,-481.52,-178.75,-18.39
1720,-30.32,-499.35,-95.68,28.05
1721,-25.15,-515.63,-179.12,14.49
1722,-21.48,-578.55,-73.76,51.11
1723,-10.24,-435.85,-114.59,10.27
1724,-7.17,-454.04,-116.03,12.58
1725,-9.8,-464.07,-116.88,38.52
1726,-0.06,-468.88,-124.4,54.94
1727,-3.39,-467.95,-114.47,-4.33
1728,0.22,-434.74,-133.23,-4.38
1729,-3.75,-460.89,-157.29,-70.97
1730,-10.18,-510.47,-121.75,33.29
1731,-18.34,-472.82,-104.58,44.16
1732,14.41,-319.52,-155.06,27.17
1733,-14.06,-435.6,-106.97,11.92
1734,-22.81,-527.48,-104.16,24.54
1735,-27.75,-561.16,-123.41,39.79
1736,-5.45,-474.51,-102.87,-26.21
1737,-10.73,-455.47,-111.19,13.44
1738,-6.04,-467.23,-123.2,14.81
1739,-7.77,-444.76,-115.53,-1.22
1740,-6.37,-325.64,-115.04,52.33
1741,-10.05,-586.94,-118.74,64.22
1742,-15.81,-567.5,-104.31,-46.02
1743,7.6,-262.24,-115.11,31.65
1744,-0.18,-478.14,-189.08,-12.56
1745,-13.88,-490.57,-78.43,-19.4
1746,-11.33,-483.51,-94.76,58.03
1747,-21.38,-484.98,-118.95,11.2
1748,-18.83,-473.08,-111.63,16.21
1749,-20.93,-505.3,-125.6,-18.76
1750,-0.96,-328.71,-154.22,11.74
1751,19.66,-367.87,-122.6,34.66
1752,-14.0,-589.1,-142.4,18.6
1753,-11.91,-464.32,-137.38,94.2
1754,-16.69,-441.66,-106.58,-31.64
1755,-11.29,-436.94,-123.06,-29.45
1756,-16.09,-497.57,-114.7,60.44
1757,-3.05,-470.26,-117.62,-1.52
1758,-1.18,-504.65,-93.9,25.92
1759,-30.21,-377.74,-136.64,1.09
1760,7.86,-487.05,-182.42,-38.84
1761,5.91,-391.49,-142.76,40.28
1762,-18.35,-528.24,-154.45,16.03
1763,-18.63,-470.13,-99.23,21.74
1764,-19.3,-521.84,-149.19,7.12
1765,-10.08,-458.68,-151.63,-3.89
1766,-16.49,-489.42,-85.33,27.21
1767,-6.98,-462.68,-83.56,75.24
1768,-23.03,-478.31,-125.15,-5.69
1769,-51.62,-593.16,-112.04,-25.58
1770,12.3,-406.53,-111.14,-0.71
1771,-10.88,-481.08,-128.05,61.19
1772,-17.2,-279.92,-124.7,49.55
1773,-14.08,-518.13,-131.17,-3.51
1774,-4.6,-392.67,-78.14,45.77
1775,-13.21,-531.36,-201.25,-44.16
1776,-12.75,-470.9,-142.35,22.86
1777,-6.62,-498.15,-65.85,58.32
1778,-23.32,-501.48,-170.67,12.32
1779,-25.6,-473.85,-98.08,15.66
1780,-7.12,-430.62,-121.5,73.12
1781,-32.7,-451.59,-111.1,-90.85
1782,1.58,-340.9,-90.39,84.01
1783,-28.92,-480.34,-133.25,18.09
1784,-13.78,-505.45,-151.04,5.77
1785,-4.54,-451.51,-128.19,1.71
1786,-18.47,-507.92,-56.34,62.35
1787,-9.46,-437.09,-120.44,-33.43
1788,-23.71,-498.65,-133.78,-14.94
1789,-4.48,-431.39,-154.43,87.78
1790,-10.2,-440.71,-103.63,49.22
1791,-9.9,-487.49,-190.53,-56.08
1792,-32.16,-547.73,-99.55,71.63
1793,-26.26,-511.04,-78.38,25.46
1794,-4.11,-282.22,-105.24,31.04
1795,-5.9,-455.45,-141.68,42.44
1796,-5.42,-571.58,-116.63,10.29
1797,-40.25,-589.11,-104.7,0.78
1798,4.73,-148.02,-109.45,14.03
1799,-29.16,-610.62,-109.03,50.68
1800,-3.3,-483.21,-112.72,22.35
1801,19.52,-462.03,-73.58,8.01
1802,-23.72,-522.74,-177.85,14.52
1803,-34.38,-588.0,-87.66,28.7
1804,-4.51,-392.91,-127.98,47.03
1805,1.41,-317.52,-163.91,10.34
1806,-11.54,-478.48,-57.53,21.95
1807,-39.03,-592.45,-171.61,8.31
1808,-8.32,-401.98,-88.01,96.09
1809,-9.61,-446.23,-83.29,-3.12
1810,-11.66,-465.48,-98.93,37.87
1811,-4.37,-461.54,-144.86,18.38
1812,-1.15,-401.81,-92.95,23.78
1813,-8.8,-478.18,-121.9,2.04
1814,-4.7,-495.92,-90.55,1.32
1815,-2.99,-496.72,-94.42,13.5
1816,-27.09,-529.48,-100.87,36.27
1817,-37.97,-558.99,-109.6,46.66
1818,11.56,-276.66,-131.33,41.84
1819,1.91,-397.76,-121.9,25.39
1820,-15.03,-523.16,-105.9,13.29
1821,25.06,-303.71,-95.27,13.85
1822,-8.77,-554.61,-98.95,11.9
1823,-19.31,-492.82,-100.63,50.73
1824,-21.75,-505.95,-113.13,-23.4
1825,-1.94,-416.96,-162.81,-17.3
1826,9.29,-416.21,-105.32,39.86
1827,-7.81,-399.77,-154.82,9.4
1828,-34.21,-561.52,-100.28,29.58
1829,-9.99,-449.79,-129.84,45.78
1830,6.79,-451.35,-86.6,65.71
1831,0.11,-409.75,-83.16,27.54
1832,-14.65,-520.28,-128.39,64.89
1833,-16.66,-460.8,-113.61,14.27
1834,-13.31,-491.32,-107.76,16.92
1835,-16.64,-430.57,-117.98,-12.7
1836,-8.4,-459.33,-111.3,29.28
1837,6.95,-461.18,-130.4,20.11
1838,-2.2,-441.88,-154.29,-15.97
1839,-1.27,-476.88,-109.42,-16.76
1840,-19.57,-498.64,-92.3,72.12
1841,2.15,-418.77,-84.26,-22.72
1842,-43.89,-656.58,-167.53,2.72
1843,-6.53,-345.33,-105.5,37.13
1844,-15.66,-462.37,-103.85,36.86
1845,-0.02,-480.42,-113.38,50.42
1846,7.89,-361.69,-117.45,15.27
1847,-24.34,-519.78,-133.37,13.86
1848,12.87,-312.54,-129.14,-16.77
1849,1.37,-400.51,-130.97,35.33
1850,-41.82,-605.18,-149.32,30.84
1851,-20.58,-544.52,-78.91,58.89
1852,3.93,-416.42,-107.57,42.48
1853,-10.25,-515.62,-127.36,78.93
1854,-9.71,-500.12,-113.83,-30.59
1855,1.82,-415.9,-103.84,13.13
1856,-20.26,-471.34,-108.56,15.44
1857,-43.39,-617.1,-135.77,-60.04
1858,30.02,-349.29,-136.08,55.22
1859,0.47,-209.07,-110.93,66.32
1860,-6.6,-533.88,-133.19,-5.31
1861,3.22,-463.36,-121.99,10.45
1862,-5.01,-461.83,-84.67,21.02
1863,-15.49,-518.77,-100.75,10.42
1864,-12.39,-492.19,-102.59,22.83
1865,-11.17,-479.6,-111.82,12.11
1866,-11.94,-472.47,-108.38,13.03
1867,-23.99,-476.81,-107.01,13.68
1868,-38.21,-473.21,-98.73,17.73
1869,1.32,-442.46,-116.6,4.84
1870,6.67,-526.84,-138.72,-32.74
1871,-27.91,-516.46,-165.1,14.75
1872,-22.73,-475.63,-140.15,33.37
1873,21.04,-268.37,-89.11,74.68
1874,4.25,-349.48,-108.98,20.4
1875,-8.51,-510.1,-121.17,16.35
1876,-17.82,-540.86,-101.98,-29.92
1877,-2.44,-414.72,-123.6,-8.5
1878,-10.72,-541.5,-98.56,18.32
1879,-3.43,-464.42,-189.67,-64.67
1880,-39.44,-487.44,-85.96,114.12
1881,-27.9,-524.16,-93.15,36.77
1882,-7.36,-434.36,-109.1,30.46
1883,0.36,-401.52,-119.51,12.47
1884,4.06,-455.07,-107.12,48.09
1885,-18.72,-507.48,-115.52,43.51
1886,-9.91,-478.02,-108.18,14.28
1887,-23.58,-480.27,-115.56,13.83
1888,-15.38,-455.35,-75.01,-9.33
1889,-8.54,-521.81,-195.78,10.31
1890,20.95,-302.56,-176.8,12.84
1891,1.68,-463.6,-143.76,30.69
1892,-11.23,-492.08,-157.93,-15.47
1893,16.43,-429.03,-80.99,33.64
1894,-13.0,-533.87,-113.76,5.29
1895,-13.74,-337.8,-106.24,28.9
1896,-7.13,-368.92,-107.94,-8.53
1897,-37.47,-496.26,-142.07,6.42
1898,-34.29,-639.33,-103.76,41.04
1899,3.58,-385.99,-115.73,32.01
1900,36.36,-302.34,-181.3,1.16
1901,-18.75,-578.32,-117.59,58.3
1902,-25.24,-513.15,-72.1,19.83
1903,-20.78,-524.91,-118.03,20.81
1904,-30.3,-509.97,-215.6,35.57
1905,-24.53,-515.57,-65.42,60.98
1906,-4.98,-527.38,-110.27,39.73
1907,-2.7,-406.37,-137.38,-69.64
1908,5.78,-437.85,-134.39,33.28
1909,24.29,-428.26,-88.56,34.52
1910,24.19,-364.21,-219.99,-45.36
1911,-52.83,-556.69,-30.55,108.48
1912,0.19,-423.92,-111.0,27.8
1913,-20.48,-458.96,-305.67,4.41
1914,-7.69,-498.07,-110.67,-67.16
1915,12.57,-504.61,-114.9,12.24
1916,-3.29,-426.15,-123.4,-24.23
1917,-81.68,-726.89,-105.76,47.4
1918,-0.76,-344.11,-60.24,44.65
1919,-23.24,-461.76,-117.97,7.47
1920,-32.28,-595.49,-146.41,-7.82
1921,-10.51,-407.28,-135.55,36.87
1922,0.87,-392.09,-55.58,75.06
1923,-4.79,-566.83,-88.12,33.35
1924,-23.35,-430.9,-96.65,12.46
1925,9.47,-393.99,-107.1,20.73
1926,17.4,-456.86,-95.2,38.8
1927,-16.76,-466.88,-140.19,7.93
1928,-1.91,-446.05,-174.75,-40.74
1929,-7.88,-459.28,-119.0,-44.23
1930,-5.48,-458.45,-139.93,78.44
1931,-36.59,-587.31,-63.47,4.94
1932,-33.91,-540.41,-95.0,-31.95
1933,-14.1,-445.86,-182.15,32.25
1934,29.24,-270.28,-250.24,80.22
1935,-6.7,-478.68,-92.41,-6.47
1936,7.0,-422.09,-16.61,32.62
1937,-34.52,-597.98,-62.77,10.29
1938,-12.96,-537.26,-84.66,3.04
1939,-10.52,-365.94,-153.11,74.48
1940,-6.58,-542.28,-94.22,-42.34
1941,-9.62,-463.54,-144.13,35.14
1942,-28.63,-403.1,-87.27,34.07
1943,-12.38,-369.27,-145.52,57.55
1944,-29.13,-708.67,-189.8,5.4
1945,-18.54,-399.02,-97.43,-17.82
1946,-6.54,-412.06,-73.06,72.48
1947,8.23,-424.9,-99.61,15.28
1948,3.34,-454.93,-74.18,91.95
1949,-9.7,-429.45,-107.96,-1.78
1950,-31.42,-577.72,-233.61,34.51
1951,-25.49,-542.07,-71.35,36.12
1952,0.28,-505.03,-74.19,35.87
1953,-12.94,-415.86,-155.24,72.03
1954,-45.92,-601.83,-75.0,-102.26
1955,1.38,-296.5,-144.12,0.4
1956,1.24,-397.03,-85.98,35.09
1957,-22.14,-546.69,-142.41,8.66
1958,-22.2,-604.98,-86.7,89.94
1959,13.78,-383.6,-114.77,54.78
1960,-10.36,-450.86,-183.66,19.57
1961,-10.95,-446.1,-118.19,-31.88
1962,-14.98,-405.55,-90.96,54.59
1963,-5.68,-522.72,-83.6,31.2
1964,-27.31,-569.04,-121.36,-55.79
1965,-39.9,-566.42,-139.15,136.03
1966,-2.0,-442.56,-94.91,-5.99
1967,3.56,-405.82,-99.36,-3.43
1968,-33.29,-528.38,-103.46,27.68
1969,13.27,-181.27,-83.62,39.39
1970,-28.32,-645.03,-104.73,41.17
1971,-26.6,-395.8,-87.6,42.88
1972,-5.17,-566.18,-107.73,58.54
1973,12.44,-357.2,-147.11,-43.46
1974,9.19,-399.4,-126.49,61.22
1975,-32.92,-580.32,-95.3,60.35
1976,11.26,-432.79,-190.61,1.54
1977,-25.58,-505.02,-113.87,52.02
1978,-14.84,-454.84,-101.76,21.47
1979,-4.63,-397.2,-83.0,50.96
1980,-59.21,-619.58,-104.93,23.42
1981,19.36,-383.59,-84.31,65.26
1982,5.64,-505.55,-127.52,0.03
1983,-6.23,-475.95,-121.45,56.57
1984,-9.42,-496.8,-120.91,31.1
1985,-23.83,-506.15,-104.06,13.47
1986,5.32,-285.54,-115.79,-14.69
1987,-2.69,-458.63,-104.99,16.48
1988,-10.72,-529.7,-103.7,58.76
1989,-16.8,-496.83,-96.94,-9.65
1990,-21.29,-470.49,-87.65,48.72
1991,4.14,-497.01,-142.01,62.16
1992,-3.38,-460.45,-104.43,-25.62
1993,-6.32,-418.0,-164.91,24.47
1994,-17.2,-555.29,-191.66,30.03
1995,-8.43,-419.68,-58.16,33.89
1996,-12.04,-533.36,-110.54,34.76
1997,-10.15,-475.95,-105.38,2.22
1998,-33.0,-526.73,-107.79,91.06
1999,-14.73,-405.69,-113.58,0.64
2000,16.75,-464.74,-124.96,36.04
2001,3.52,-420.8,-100.35,13.22
2002,-7.05,-343.03,-126.33,27.55
2003,-16.59,-566.16,-137.29,26.54
2004,-18.47,-480.35,-102.19,32.91
2005,-19.45,-624.39,-115.61,33.8
2006,9.08,-258.99,-130.65,13.02
2007,-8.71,-481.94,-89.46,61.76
2008,-21.75,-517.89,-111.29,-8.87
2009,-32.88,-568.24,-128.27,67.48
2010,-22.69,-445.79,-118.3,19.11
2011,3.99,-473.86,-150.47,48.21
2012,18.6,-228.06,-169.74,-29.98
2013,-36.86,-669.57,-137.2,37.4
2014,-22.53,-490.34,-88.7,19.05
2015,11.11,-392.88,-108.24,24.68
2016,-13.09,-450.24,-137.79,15.87
2017,-6.57,-478.51,-157.82,83.02
2018,-10.74,-490.22,-112.89,16.49
2019,-4.37,-476.64,-110.43,7.06
2020,4.1,-389.92,-141.55,-15.86
2021,-25.03,-655.7,-80.73,51.2
2022,-13.72,-372.09,-109.01,53.88
2023,-8.89,-469.23,-118.82,24.03
2024,0.85,-423.79,-91.54,85.18
2025,-7.78,-450.28,-122.76,3.79
2026,-18.75,-572.39,-116.01,34.35
2027,-3.75,-397.79,-131.72,-40.2
2028,-10.24,-398.66,-188.18,38.15
2029,-33.92,-583.03,-68.47,56.03
2030,22.05,-361.57,-156.93,8.02
2031,-19.65,-515.75,-119.17,76.93
2032,-23.0,-547.12,-106.93,-47.71
2033,-10.24,-441.13,-115.63,21.54
2034,-10.56,-464.6,-115.6,32.86
2035,-2.92,-418.46,-121.31,25.02
2036,-23.25,-494.24,-118.56,26.36
2037,-13.71,-564.27,-126.78,21.26
2038,-18.02,-388.5,-159.04,-42.73
2039,0.39,-289.36,-230.15,4.88
2040,-35.74,-598.83,-51.81,45.79
2041,-3.35,-473.58,-92.68,56.01
2042,-14.88,-520.78,-115.56,13.32
2043,-8.91,-485.17,-116.87,38.31
2044,-3.08,-483.0,-111.75,25.72
2045,5.84,-459.39,-139.46,-4.63
2046,-10.01,-469.47,-120.23,23.85
2047,-58.96,-584.29,-155.03,79.44
2048,7.34,-267.27,-86.84,10.17
2049,19.56,-402.07,-202.79,18.61
2050,-17.71,-473.95,-101.56,30.07
2051,-22.41,-560.02,-88.58,-16.22
2052,-10.41,-493.29,-98.62,67.06
2053,-6.67,-492.81,-119.2,-11.79
2054,-10.48,-484.8,-140.47,-92.46
2055,-18.7,-474.68,-95.63,185.57
2056,-18.31,-528.64,-110.63,3.89
2057,-6.14,-474.18,-104.72,19.09
2058,-13.4,-524.22,-184.64,70.29
2059,0.37,-442.22,-120.63,-33.11
2060,-48.31,-334.15,-142.9,12.8
2061,44.18,-214.01,-130.97,32.49
2062,-21.83,-620.92,-114.84,29.61
2063,-17.44,-525.61,-112.45,38.55
2064,-5.99,-534.33,-179.15,1.87
2065,-13.16,-510.95,-85.31,37.26
2066,-0.52,-402.97,-91.65,75.17
2067,-13.96,-491.67,-136.92,-58.27
2068,-9.9,-461.0,-126.95,7.32
2069,-15.41,-456.53,-132.01,49.51
2070,-8.91,-505.21,-165.27,23.77
2071,-18.66,-506.64,-104.51,77.92
2072,-9.96,-395.38,-111.21,-7.49
2073,-10.81,-444.02,-109.86,36.46
2074,-1.17,-487.42,-171.31,-42.99
2075,-4.36,-447.64,-144.28,62.88
2076,-3.55,-408.9,-86.78,2.86
2077,-4.75,-333.62,-138.03,14.39
2078,-32.46,-590.85,-83.42,44.6
2079,-9.08,-482.36,-128.51,-11.04
2080,5.82,-383.61,-116.26,32.37
2081,-0.14,-475.88,-111.17,20.76
2082,-29.94,-556.64,-114.12,55.93
2083,-19.07,-524.67,-122.78,33.42
2084,14.25,-337.27,-125.25,22.37
2085,-31.11,-566.3,-155.66,-28.16
2086,-31.04,-464.46,-87.39,78.36
2087,16.99,-376.94,-130.8,-4.39
2088,-13.49,-412.14,-100.59,10.57
2089,-14.0,-536.22,-119.01,67.25
2090,14.14,-307.25,-125.38,-3.73
2091,-17.86,-543.34,-195.16,-13.21
2092,-13.98,-436.46,-112.71,53.47
2093,-41.59,-607.77,-84.28,57.82
2094,3.91,-407.08,-100.95,68.36
2095,2.52,-370.61,-128.19,-15.03
2096,-16.84,-528.59,-159.92,52.42
2097,-53.83,-678.94,-145.47,-57.86
2098,-6.32,-452.64,-107.12,-22.53
2099,28.95,-247.96,-106.04,48.86
2100,-4.85,-412.19,-113.99,40.54
2101,-27.59,-536.28,-170.95,-17.74
2102,-63.55,-646.16,-104.25,53.37
2103,18.29,-321.35,-86.96,76.94
2104,16.8,-323.47,-105.99,28.4
2105,-15.57,-539.75,-144.99,-1.39
2106,-25.18,-469.63,-90.19,18.51
2107,-40.08,-665.64,-124.51,90.48
2108,8.42,-305.69,-228.07,-43.85
2109,-32.47,-508.6,-71.54,16.06
2110,-4.38,-447.11,-111.54,5.81
2111,10.71,-323.15,-123.54,31.7
2112,-16.9,-512.97,-115.41,50.27
2113,11.77,-449.36,-116.66,18.29
2114,-25.41,-461.5,-133.51,67.17
2115,-20.82,-514.23,-92.96,-66.54
2116,0.32,-411.82,-192.68,-19.6
2117,-23.56,-527.59,-106.66,58.46
2118,13.39,-366.53,-93.36,0.41
2119,-0.25,-350.07,-105.21,10.69
2120,-25.35,-596.15,-116.73,0.41
2121,-49.67,-537.31,-93.32,45.96
2122,-3.27,-503.3,-110.64,49.36
2123,-9.65,-471.96,-117.94,27.4
2124,-3.79,-384.79,-101.5,25.96
2125,-3.79,-388.93,-128.79,-75.05
2126,-3.34,-472.51,-111.65,85.42
2127,-33.88,-605.6,-98.02,30.66
2128,-22.38,-515.08,-131.68,43.73
2129,12.29,-392.63,-148.4,10.53
2130,4.62,-367.23,-91.03,39.59
2131,-11.92,-499.39,-97.16,-19.08
2132,-25.78,-536.54,-114.57,89.78
2133,13.33,-278.13,-104.44,43.39
2134,-17.62,-527.67,-102.04,4.73
2135,-30.37,-547.37,-104.48,29.0
2136,-16.11,-467.72,-135.43,8.21
2137,-22.07,-462.57,-113.89,71.56
2138,-14.1,-503.82,-82.5,36.97
2139,-4.52,-421.21,-108.58,5.27
2140,-24.47,-502.2,-119.89,87.12
2141,-11.86,-462.42,-99.19,-0.01
2142,-6.96,-461.57,-142.08,-4.53
2143,-6.36,-388.95,-105.7,13.79
2144,19.4,-212.14,-111.65,-16.7
2145,-21.89,-586.48,-89.43,66.22
2146,-18.13,-534.98,-141.58,2.21
2147,-21.25,-436.11,-119.2,15.84
2148,-14.81,-455.18,-206.17,1.22
2149,-22.65,-515.52,-66.48,25.91
2150,-19.78,-528.78,-113.41,29.58
2151,-27.49,-539.39,-97.04,30.99
2152,15.2,-365.88,-98.67,23.45
2153,-1.49,-459.9,-150.9,66.22
2154,-30.48,-515.1,-102.82,20.59
2155,-15.5,-451.49,-72.91,91.31
2156,7.92,-181.37,-126.14,-27.83
2157,-9.59,-526.25,-110.18,-15.44
2158,-11.03,-491.35,-129.34,42.22
2159,-1.66,-469.97,-140.76,64.86
2160,-16.45,-468.56,-170.77,-9.38
2161,-43.01,-549.72,-117.67,-9.8
2162,-3.55,-572.15,-85.69,69.69
2163,-14.27,-442.11,-106.51,40.25
2164,19.01,-241.19,-161.01,-15.73
2165,-15.18,-508.18,-107.75,50.96
2166,-12.97,-485.74,-104.59,24.23
2167,13.58,-415.53,-125.45,12.7
2168,-4.15,-421.7,-125.94,81.47
2169,-35.71,-535.29,-74.09,29.8
2170,10.27,-332.31,-98.59,37.93
2171,-0.06,-517.81,-118.0,27.77
2172,-9.96,-461.69,-110.82,19.42
2173,-24.04,-516.13,-118.11,4.16
2174,-28.61,-542.61,-119.72,-39.08
2175,-9.46,-429.8,-122.77,30.32
2176,-13.41,-466.11,-119.66,18.89
2177,-36.31,-544.31,-116.2,59.76
2178,11.08,-331.28,-124.71,27.25
2179,-11.6,-388.08,-126.63,35.66
2180,-51.51,-789.49,-114.9,-11.8
2181,43.91,-38.61,-102.76,41.33
2182,-5.01,-496.33,-106.23,65.72
2183,-5.33,-529.92,-200.07,23.97
2184,16.17,-362.95,-75.68,26.62
2185,-6.14,-316.11,-101.04,3.59
2186,-2.95,-531.37,-198.03,24.93
2187,-10.23,-537.55,-33.15,89.29
2188,-9.39,-498.2,-114.23,38.7
2189,-25.32,-523.61,-107.63,14.21
2190,-8.58,-440.73,-108.96,16.6
2191,3.37,-435.5,-121.86,6.46
2192,6.89,-408.56,-132.72,8.01
2193,-24.34,-535.49,-117.64,-1.92
2194,-29.51,-645.18,-157.95,-19.15
2195,2.46,-391.84,-110.98,27.92
2196,35.08,-250.47,-108.5,17.35
2197,-12.44,-489.24,-103.44,51.57
2198,-22.79,-484.17,-121.4,43.37
2199,-8.52,-407.33,-100.49,36.13
2200,2.53,-361.6,-123.02,-8.48
2201,-71.97,-684.94,-100.84,53.67
2202,6.49,-417.95,-98.92,50.56
2203,-25.7,-561.61,-135.16,32.34
2204,-15.0,-394.95,-112.23,13.69
2205,27.78,-345.31,-146.53,81.92
2206,-22.25,-506.13,-239.35,74.14
2207,-11.31,-443.69,-63.23,-34.26
2208,2.72,-454.6,-77.75,57.87
2209,-26.36,-543.97,-110.85,-1.54
2210,-4.45,-284.7,-108.08,50.12
2211,2.25,-462.12,-101.12,32.92
2212,-33.11,-672.55,-139.83,-35.48
2213,4.14,-390.24,-123.44,49.27
2214,-2.02,-424.77,-84.77,27.12
2215,-13.25,-481.66,-226.26,-14.12
2216,-51.02,-615.62,-70.51,72.31
2217,-27.4,-479.31,-98.59,55.26
2218,16.59,-340.73,-155.67,-22.72
2219,-9.43,-413.55,-91.43,94.81
2220,-13.55,-542.41,-109.66,21.68
2221,-17.57,-486.78,-123.61,-6.57
2222,-8.84,-437.94,-82.1,97.72
2223,-6.42,-427.29,-121.99,41.85
2224,10.48,-342.42,-135.23,-9.03
2225,-26.06,-565.03,-125.46,58.33
2226,-27.91,-538.7,-109.75,27.27
2227,-47.28,-653.46,-189.79,-1.92
2228,-18.12,-379.98,-108.94,103.15
2229,-12.34,-409.89,-80.52,15.74
2230,-8.46,-476.44,-115.16,4.05
2231,3.25,-467.22,-113.69,30.39
2232,-21.78,-501.65,-114.33,0.7
2233,-12.53,-463.95,-112.73,43.11
2234,-17.54,-481.83,-129.96,6.0
2235,-10.01,-401.82,-90.59,41.22
2236,-24.04,-531.85,-120.87,73.66
2237,-9.95,-490.07,-118.61,15.35
2238,-1.83,-382.45,-126.65,1.2
2239,-26.43,-459.59,-168.72,-1.4
2240,-16.37,-494.02,-88.19,37.41
2241,-35.24,-536.04,-93.85,24.07
2242,-24.27,-505.3,-127.99,27.5
2243,4.27,-430.15,-110.71,19.27
2244,-2.73,-398.74,-107.53,41.97
2245,-2.07,-409.8,-119.68,17.18
2246,-16.69,-536.57,-115.33,8.57
2247,-33.79,-607.43,-116.78,24.66
2248,0.78,-302.8,-114.65,33.83
2249,-8.79,-423.84,-124.31,8.78
2250,-1.33,-463.19,-129.12,51.16
2251,-23.75,-486.14,-151.3,16.9
2252,-20.44,-513.78,-90.69,34.21
2253,-3.26,-471.3,-120.36,5.01
2254,-13.53,-479.07,-119.47,16.16
2255,-14.03,-503.88,-119.27,27.24
2256,-16.52,-508.97,-136.68,10.66
2257,-7.43,-498.83,-116.43,12.06
2258,-7.27,-401.84,-169.61,18.5
2259,-14.98,-539.69,-110.43,33.18
2260,-4.44,-476.4,-110.99,44.51
2261,-13.12,-328.18,-103.33,26.79
2262,-3.3,-470.63,-101.95,49.66
2263,-9.31,-471.21,-110.79,52.94
2264,2.92,-453.86,-117.3,6.94
2265,-15.19,-484.85,-106.8,23.83
2266,0.8,-474.9,-113.48,21.15
2267,-13.37,-522.84,-115.84,26.82
2268,-20.66,-476.01,-148.18,-88.16
2269,-20.65,-407.22,-96.88,72.66
2270,16.95,-358.82,-117.52,9.12
2271,-22.19,-578.16,-113.97,54.49
2272,-16.59,-502.2,-116.88,31.16
2273,-5.87,-390.93,-118.33,28.92
2274,-19.01,-510.29,-116.41,46.4
2275,-9.37,-491.21,-116.93,31.06
2276,-10.03,-482.85,-120.98,23.2
2277,-6.23,-482.91,-121.03,24.32
2278,-9.97,-471.55,-122.74,26.2
2279,-17.55,-463.45,-119.43,24.23
2280,-51.5,-496.56,-125.55,3.0
2281,2.6,-442.99,-191.98,-92.85
2282,19.97,-329.69,-83.58,107.21
2283,-17.87,-501.83,-125.61,28.39
2284,-6.08,-490.11,-111.0,28.97
2285,-13.33,-514.27,-111.87,43.32
2286,-14.66,-490.31,-128.6,23.98
2287,-5.58,-485.07,-111.36,22.68
2288,-10.36,-477.58,-125.35,16.88
2289,-12.84,-472.51,-118.69,14.8
2290,-15.03,-475.93,-118.72,13.8
2291,-19.99,-469.85,-120.28,12.9
2292,-34.02,-564.91,-118.77,7.44
2293,-28.35,-477.6,-144.87,-19.58
2294,11.79,-369.18,-164.37,-33.32
2295,11.61,-187.29,-90.54,99.37
2296,-34.41,-589.67,-94.59,57.2
2297,-8.9,-534.43,-125.2,15.4
2298,-8.16,-502.88,-118.44,43.15
2299,-14.03,-476.21,-116.66,10.35
2300,-6.22,-455.61,-119.32,18.79
2301,-5.46,-390.23,-124.68,21.55
2302,-34.96,-632.28,-126.17,9.7
2303,-38.98,-478.57,-138.34,-21.88
2304,40.63,-176.34,-138.32,-6.44
2305,-7.81,-456.19,-92.99,67.53
2306,-19.56,-561.68,-124.59,26.66
2307,-12.9,-492.92,-107.85,34.53
2308,-16.12,-528.52,-121.5,22.93
2309,-15.97,-474.02,-122.05,20.35
2310,-16.41,-480.34,-124.25,20.67
2311,-15.13,-479.0,-114.33,19.72
2312,-18.9,-525.53,-128.17,8.54
2313,-8.0,-410.15,-138.31,-8.6
2314,28.77,-314.84,-158.05,-47.23
2315,-33.72,-570.44,-150.54,82.91
2316,-14.85,-456.45,-84.64,-10.66
2317,-6.45,-471.06,-85.92,66.95
2318,-10.82,-471.88,-114.33,10.78
2319,-16.76,-476.98,-111.27,11.19
2320,-27.14,-477.97,-114.28,8.64
2321,-25.36,-477.89,-115.62,12.93
2322,3.52,-463.23,-119.16,11.76
2323,3.02,-465.16,-124.17,8.93
2324,-4.55,-474.46,-122.19,9.76
2325,-10.24,-445.58,-123.03,-0.2
2326,1.8,-389.8,-149.76,-43.33
2327,-11.05,-492.37,-118.75,34.76
2328,-13.5,-468.95,-115.26,3.7
2329,-3.67,-268.98,-108.02,73.95
2330,8.66,-305.15,-123.11,-20.36
2331,-24.22,-648.19,-135.75,7.21
2332,-13.48,-527.73,-93.99,29.52
2333,-12.54,-508.08,-111.4,32.36
2334,-8.89,-455.03,-129.82,-8.67
2335,-7.37,-398.45,-127.58,-20.14
2336,-1.83,-543.7,-100.14,46.71
2337,-41.58,-540.5,-133.84,100.21
2338,-2.21,-393.41,-136.47,17.76
2339,-14.91,-465.33,-88.83,6.03
2340,-10.75,-470.38,-122.52,-3.67
2341,4.74,-399.69,-115.84,-10.01
2342,-10.9,-515.87,-112.31,16.75
2343,-13.82,-476.77,-114.52,12.65
2344,-28.37,-484.11,-115.55,3.26
2345,-12.94,-474.44,-121.51,-8.74
2346,-0.55,-430.26,-127.93,-24.83
2347,26.48,-269.38,-148.79,-2.37
2348,-61.22,-675.18,-85.14,5.78
2349,3.41,-408.86,-113.84,6.64
2350,-0.56,-447.93,-110.86,30.5
2351,-9.22,-466.39,-111.32,38.38
2352,-2.69,-408.72,-126.62,-12.03
2353,-19.74,-481.51,-92.84,41.09
2354,-8.93,-400.24,-127.86,-39.12
2355,-20.76,-497.47,-123.0,-0.95
2356,-23.15,-408.47,-147.48,49.56
2357,-4.47,-552.06,-153.69,14.33
2358,-10.17,-548.34,-92.47,-10.72
2359,-2.03,-439.79,-126.94,62.14
2360,-19.73,-532.44,-82.66,-78.9
2361,-2.77,-400.23,-96.66,81.83
2362,-18.42,-447.32,-105.33,4.47
2363,2.73,-454.89,-101.24,20.2
2364,5.21,-435.25,-118.23,50.31
2365,-4.49,-493.75,-109.61,8.56
2366,-13.21,-479.34,-118.2,-11.32
2367,-9.76,-467.39,-137.25,-31.99
2368,-19.73,-539.19,-89.9,45.45
2369,-19.15,-546.49,-176.71,-12.49
2370,-3.71,-378.68,-92.76,13.53
2371,-9.15,-346.2,-109.72,-0.49
2372,-20.79,-454.79,-162.41,-4.01
2373,-9.0,-389.79,-156.89,15.77
2374,-20.86,-617.38,-63.45,33.61
2375,2.18,-419.04,-96.23,13.46
2376,-15.98,-426.82,-113.33,2.91
2377,-14.18,-437.15,-137.41,37.1
2378,-5.44,-542.05,-185.23,48.13
2379,-1.7,-413.34,-112.0,-22.08
2380,-16.1,-464.93,-108.66,-12.99
2381,-26.33,-505.03,-97.39,6.4
2382,-18.77,-459.26,-88.91,18.06
2383,-13.47,-450.9,-102.03,40.21
2384,-23.17,-474.82,-107.83,16.48
2385,-7.99,-503.41,-117.4,19.95
2386,4.75,-385.06,-118.92,16.08
2387,-24.48,-428.92,-92.34,27.47
2388,-24.67,-511.69,-130.47,-2.3
2389,-8.1,-422.55,-114.28,25.29
2390,7.09,-467.53,-115.93,16.94
2391,2.46,-417.21,-121.55,5.1
2392,5.37,-303.08,-138.63,-28.03
2393,-12.48,-547.12,-113.85,51.4
2394,-15.67,-522.28,-164.61,-9.7
2395,-24.87,-540.61,-83.06,40.66
2396,-7.93,-434.4,-99.44,35.19
2397,-6.93,-464.94,-180.18,-47.53
2398,-18.93,-457.7,-123.59,62.46
2399,-14.52,-466.69,-58.87,21.5
2400,-24.42,-586.06,-147.78,-1.05
2401,-18.91,-382.62,-100.7,74.67
2402,-14.46,-289.81,-111.64,-1.45
2403,1.99,-409.03,-108.43,25.51
2404,-13.28,-519.56,-110.03,9.49
2405,-8.09,-437.88,-108.27,12.58
2406,-1.69,-482.66,-114.68,-5.69
2407,-2.39,-432.25,-117.52,-12.04
2408,-28.68,-602.89,-112.54,15.59
2409,-14.5,-366.91,-90.4,64.04
2410,-10.63,-427.12,-102.59,20.72
2411,-2.93,-370.35,-130.56,-4.81
2412,12.13,-448.79,-103.83,-19.57
2413,-46.55,-669.64,-102.58,52.18
2414,-17.02,-382.42,-101.54,6.72
2415,7.83,-240.86,-108.24,-29.84
2416,-27.77,-635.01,-109.38,17.58
2417,-27.82,-519.9,-172.4,-29.31
2418,-23.47,-453.6,-102.18,-7.0
2419,10.72,-356.58,-90.42,77.35
2420,5.56,-460.7,-164.91,54.93
2421,-12.85,-492.33,-111.26,-42.2
2422,-13.67,-442.6,-88.51,33.39
2423,-13.99,-437.84,-144.0,-21.19
2424,-25.06,-451.74,-108.62,86.55
2425,-25.81,-498.54,-85.47,-7.56
2426,-13.81,-445.08,-148.27,8.19
2427,-30.95,-496.43,-115.03,7.85
2428,-7.95,-407.82,-104.48,31.05
2429,-16.35,-490.15,-102.71,12.12
2430,-19.3,-495.38,-103.56,20.5
2431,-34.77,-613.91,-116.03,18.1
2432,-19.74,-431.44,-108.79,14.87
2433,-11.26,-395.68,-107.05,8.66
2434,-10.65,-456.18,-97.57,29.45
2435,-2.2,-440.41,-118.3,-7.49
2436,-20.66,-427.95,-90.18,38.92
2437,-8.13,-423.75,-117.98,7.57
2438,-25.04,-510.42,-126.73,-0.68
2439,-22.42,-479.57,-95.54,26.83
2440,-18.01,-435.05,-104.68,20.16
2441,-7.9,-422.98,-111.74,19.89
2442,3.13,-485.6,-120.24,-29.92
2443,-9.6,-388.12,-93.78,72.04
2444,-22.38,-522.29,-116.02,-12.38
2445,-14.96,-417.03,-119.77,43.14
2446,-7.04,-421.11,-143.46,-47.2
2447,-32.37,-625.38,-102.57,27.37
2448,-23.49,-453.13,-94.29,15.18
2449,-15.34,-429.0,-95.25,28.13
2450,-12.88,-478.96,-98.05,22.72
2451,-15.37,-436.25,-105.29,9.27
2452,-15.5,-442.36,-117.47,0.9
2453,-18.88,-416.55,-102.33,28.38
2454,-13.52,-506.45,-105.89,31.8
2455,-2.94,-439.34,-105.91,21.73
2456,-5.24,-382.02,-113.78,-2.77
2457,-33.99,-638.41,-105.41,30.78
2458,-4.65,-388.14,-110.66,21.7
2459,-0.08,-322.53,-107.61,12.74
2460,-19.47,-537.14,-112.3,-1.11
2461,3.39,-371.33,-99.09,39.03
2462,-21.14,-535.23,-99.04,27.06
2463,-8.85,-452.82,-99.84,21.12
2464,-11.19,-434.43,-136.83,7.37
2465,-5.48,-318.22,-86.97,15.03
2466,-20.09,-575.08,-94.06,28.54
2467,-1.4,-476.77,-109.61,29.81
2468,-22.02,-490.68,-111.94,0.15
2469,-19.34,-475.53,-100.41,26.19
2470,-7.95,-445.56,-98.05,-15.73
2471,-2.27,-419.1,-93.91,57.74
2472,-6.42,-442.81,-100.89,42.89
2473,-15.13,-465.4,-104.28,-36.52
2474,-12.7,-391.08,-114.71,30.27
2475,-1.94,-472.32,-120.03,3.1
2476,-0.63,-380.65,-108.27,8.79
2477,-14.67,-518.9,-110.28,10.29
2478,-34.67,-548.49,-99.43,34.01
2479,-16.96,-520.79,-94.25,14.85
2480,-26.64,-506.56,-126.03,5.58
2481,6.76,-299.71,-149.36,-9.75
2482,-19.68,-529.18,-85.24,18.75
2483,-11.99,-488.43,-152.06,61.32
2484,2.22,-281.81,-105.32,-25.34
2485,-21.15,-531.88,-161.63,8.89
2486,-19.06,-492.23,-86.69,3.46
2487,2.02,-478.44,-72.12,101.41
2488,-14.63,-424.47,-145.65,-60.9
2489,-24.01,-467.58,-128.78,18.97
2490,0.03,-373.18,-109.61,13.19
2491,-1.64,-505.72,-97.6,26.25
2492,3.33,-473.65,-137.78,-43.45
2493,-25.95,-498.02,-56.77,47.31
2494,-9.46,-499.65,-217.87,-61.22
2495,-52.31,-531.53,-181.89,-10.53
2496,-9.31,-530.81,-96.69,-53.65
2497,-30.67,-344.17,-88.81,48.55
2498,2.98,-348.24,-84.76,13.56
2499,24.54,-284.86,-119.45,-27.87
2500,-6.95,-486.35,-139.26,-57.63
2501,-25.88,-393.82,-99.13,20.76
2502,8.55,-437.46,-102.84,19.38
2503,-34.35,-558.37,-106.4,45.41
2504,-43.38,-571.56,-109.49,66.38
2505,-14.61,-443.79,-91.91,73.8
2506,-34.91,-606.01,-160.08,-14.58
2507,10.77,-299.7,-133.31,44.74
2508,3.66,-324.88,-101.2,-27.57
2509,-5.64,-504.41,-143.73,81.12
2510,-9.59,-460.03,-114.75,-25.09
2511,3.08,-442.34,-107.28,-8.81
2512,-25.04,-415.3,-131.78,-51.86
2513,-8.57,-471.04,-89.79,67.88
2514,-17.57,-474.09,-131.52,44.72
2515,-19.66,-591.69,-105.43,-23.57
2516,6.02,-371.36,-107.51,8.58
2517,2.33,-416.05,-122.05,-8.1
2518,-18.39,-438.81,-130.54,-21.43
2519,-37.78,-511.33,-99.35,54.78
2520,16.35,-398.91,-107.26,0.78
2521,-3.9,-436.41,-106.85,25.17
2522,7.4,-392.97,-107.72,-2.41
2523,-6.48,-325.43,-115.86,19.13
2524,-33.74,-599.89,-114.31,12.58
2525,-46.84,-605.04,-90.87,49.07
2526,-5.4,-417.0,-94.22,29.72
2527,-17.03,-458.27,-91.95,29.32
2528,-25.05,-496.34,-120.71,19.44
2529,-12.93,-536.02,-137.39,-49.23
2530,-7.01,-294.92,-126.37,-12.63
2531,-16.15,-458.18,-133.22,64.36
2532,-44.79,-570.6,-74.59,13.48
2533,-22.46,-459.96,-120.85,2.73
2534,9.66,-323.26,-115.32,3.84
2535,-19.14,-535.02,-100.4,23.83
2536,-8.87,-500.11,-110.54,41.37
2537,5.03,-467.27,-113.4,-13.74
2538,-19.3,-453.22,-117.41,-7.82
2539,3.29,-418.05,-127.8,-27.16
2540,-30.01,-522.34,-83.42,62.38
2541,-45.97,-667.42,-98.4,-6.59
2542,12.71,-299.24,-111.39,-9.24
2543,-16.2,-399.94,-117.21,2.26
2544,-18.62,-521.11,-107.22,27.05
2545,-11.15,-447.49,-99.02,14.0
2546,3.96,-368.74,-104.95,11.16
2547,-8.98,-522.0,-134.38,-28.19
2548,-18.42,-507.52,-81.93,24.79
2549,-6.38,-479.9,-98.58,49.07
2550,-18.14,-479.88,-88.33,17.61
2551,-16.16,-487.16,-107.06,8.75
2552,-13.48,-476.33,-109.9,13.4
2553,-5.24,-436.05,-90.0,21.59
2554,1.03,-439.38,-123.21,-10.8
2555,-38.75,-649.2,-107.36,20.63
2556,-7.52,-382.23,-100.06,19.0
2557,-8.64,-460.3,-112.8,9.84
2558,-21.71,-476.55,-104.76,9.15
2559,-7.33,-120.31,-119.9,-22.67
2560,-33.36,-684.33,-160.83,19.29
2561,-6.01,-493.88,-71.57,37.3
2562,-5.5,-434.01,-97.05,-5.31
2563,-2.24,-484.86,-102.54,21.05
2564,-8.25,-511.15,-104.32,22.66
2565,-5.5,-497.13,-107.01,10.33
2566,-7.62,-542.15,-133.72,-65.67
2567,-42.47,-481.9,-83.93,32.09
2568,-2.56,-501.08,-131.0,-20.24
2569,11.29,-92.16,-102.02,15.12
2570,3.47,-483.11,-89.1,-5.09
2571,-13.79,-557.85,-97.87,75.35
2572,-19.69,-507.18,-102.07,24.42
2573,-12.67,-480.31,-101.0,4.16
2574,-21.29,-532.57,-104.12,13.61
2575,-19.49,-491.55,-108.23,12.96
2576,-17.35,-485.13,-108.12,13.59
2577,-19.05,-489.41,-114.25,14.04
2578,-38.02,-561.22,-125.76,-33.77
2579,-67.19,-578.0,-132.04,-42.31
2580,26.73,-287.85,-68.9,119.86
2581,17.67,-240.12,-128.09,19.48
2582,3.71,-566.31,-108.82,-2.4
2583,-27.81,-511.89,-92.74,35.96
2584,-13.68,-493.4,-106.83,-2.55
2585,-5.35,-475.09,-127.61,27.23
2586,-21.3,-436.32,-90.3,21.55
2587,0.26,-468.25,-106.12,15.63
2588,-6.53,-498.41,-108.06,12.49
2589,-19.77,-498.47,-105.21,12.46
2590,-17.0,-483.81,-105.18,9.82
2591,-19.62,-481.44,-107.27,15.88
2592,-13.81,-475.01,-106.53,18.64
2593,-19.13,-481.0,-115.56,-1.39
2594,-25.15,-488.62,-113.84,-17.93
2595,-15.17,-576.32,-127.8,-32.79
2596,9.79,-262.27,-110.88,-19.86
2597,-20.37,-436.44,-116.81,46.19
2598,14.74,-266.03,-107.7,6.73
2599,-11.49,-373.37,-143.36,-8.57
2600,3.26,-523.77,-99.85,74.87
2601,-27.61,-569.49,-103.6,-29.77
2602,-7.0,-469.5,-89.58,-8.56
2603,-36.93,-605.3,-88.12,59.89
2604,-60.22,-620.53,-107.62,1.56
2605,7.15,-421.62,-108.3,-6.32
2606,6.84,-404.74,-107.6,4.83
2607,1.55,-440.75,-108.1,18.49
2608,-21.47,-481.98,-89.6,39.43
2609,-18.21,-459.73,-110.32,-18.38
2610,2.9,-386.07,-122.83,-60.16
2611,-6.95,-433.94,-110.78,43.68
2612,-19.53,-569.87,-116.39,17.71
2613,-18.87,-509.35,-96.76,4.21
2614,0.42,-479.68,-97.5,10.11
2615,-16.11,-458.65,-105.39,-0.3
2616,-9.86,-499.56,-103.43,-16.36
2617,-0.57,-315.03,-98.67,5.75
2618,-4.89,-485.21,-117.61,-12.71
2619,-15.66,-512.53,-106.79,0.19
2620,-37.78,-636.65,-113.57,-8.21
2621,6.2,-376.7,-101.81,-0.31
2622,11.44,-297.68,-98.78,17.28
2623,-3.66,-314.42,-92.87,18.61
2624,-24.09,-586.81,-99.97,12.26
2625,-16.12,-530.04,-106.57,9.43
2626,-10.71,-504.25,-110.19,2.39
2627,-13.29,-487.48,-103.12,12.23
2628,-4.23,-440.55,-118.43,24.56
2629,-12.98,-473.13,-112.11,-18.55
2630,2.92,-423.65,-106.85,-7.2
2631,-12.06,-533.95,-108.08,28.07
2632,-11.21,-477.92,-102.85,11.84
2633,-15.83,-507.69,-135.2,-20.8
2634,-12.42,-350.32,-117.86,-27.34
2635,6.96,-401.24,-93.93,86.77
2636,-6.74,-511.3,-104.44,14.09
2637,-6.01,-487.22,-112.29,-6.05
2638,0.9,-275.34,-130.84,-31.94
2639,-14.57,-573.37,-94.37,49.53
2640,-41.79,-517.11,-100.58,12.3
2641,-16.02,-500.32,-108.29,13.74
2642,7.88,-467.84,-139.54,-17.95
2643,-12.86,-500.71,-91.71,31.11
2644,-6.1,-496.09,-88.38,22.4
2645,5.85,-378.86,-206.79,-38.86
2646,-28.03,-499.18,-91.82,46.56
2647,-12.04,-435.72,-108.75,-7.12
2648,-15.99,-431.53,-136.27,56.37
2649,-13.57,-457.74,-94.94,-23.12
2650,-12.07,-396.85,-124.34,-55.92
2651,-0.62,-426.73,-112.05,61.06
2652,-7.27,-587.1,-112.46,-57.91
2653,-10.84,-490.04,-93.36,26.99
2654,-30.04,-460.99,-102.36,3.44
2655,-9.7,-473.25,-103.73,3.93
2656,8.05,-457.12,-170.97,-44.44
2657,15.18,-379.32,-46.65,32.69
2658,-14.17,-374.45,-121.39,17.49
2659,-48.49,-586.55,-90.33,64.04
2660,-10.36,-501.45,-125.95,9.48
2661,5.34,-419.88,-130.15,-72.69
2662,7.2,-421.12,-137.62,-47.4
2663,-49.77,-436.18,-124.97,14.12
2664,-23.52,-546.83,-98.16,61.96
2665,8.56,-459.6,-131.98,-56.63
2666,32.92,-175.32,-134.67,-88.16
2667,-52.32,-698.22,-93.16,57.68
2668,-17.13,-511.66,-111.48,3.21
2669,-4.41,-477.29,-117.61,39.11
2670,-21.16,-569.06,-197.87,-24.08
2671,9.08,-401.06,-60.71,88.53
2672,-10.25,-369.95,-123.5,-25.81
2673,-7.41,-379.31,-110.4,-8.27
2674,-4.14,-472.22,-121.35,-22.01
2675,-1.11,-398.92,-155.04,-76.58
2676,-33.21,-472.85,-46.32,224.26
2677,-22.59,-566.23,-176.54,-44.28
2678,-5.49,-462.05,-126.06,-106.41
2679,-30.65,-512.61,-63.26,37.06
2680,-11.99,-477.19,-106.38,12.84
2681,-26.35,-499.88,-117.34,-6.78
2682,-4.67,-401.21,-208.35,70.07
2683,-7.06,-478.68,-59.51,1.31
2684,2.5,-475.56,-105.68,-30.89
2685,-43.82,-534.4,-90.13,27.12
2686,-10.89,-457.55,-100.94,-29.11
2687,2.94,-357.41,-104.33,27.27
2688,-16.51,-462.21,-98.74,34.26
2689,-21.99,-515.66,-111.47,6.34
2690,-10.68,-451.35,-189.61,-30.22
2691,-12.55,-318.93,-79.11,29.29
2692,-41.09,-377.23,-116.55,10.43
2693,22.15,-542.72,-148.46,-21.54
2694,-17.27,-390.91,-84.53,34.15
2695,-25.68,-530.92,-99.66,46.33
2696,-0.89,-451.26,-117.55,-40.99
2697,-26.66,-494.23,-93.24,72.49
2698,-31.18,-528.18,-94.57,50.41
2699,-16.11,-518.48,-120.44,-38.64
2700,-6.85,-491.1,-88.95,-6.59
2701,-1.94,-389.3,-190.08,-90.79
2702,-15.67,-413.05,-88.71,68.28
2703,-33.46,-514.68,-83.34,26.58
2704,1.21,-416.79,-99.07,8.05
2705,-46.75,-582.93,-76.59,14.97
2706,-28.98,-441.59,-115.53,33.28
2707,-1.22,-311.99,-116.56,-34.94
2708,-18.24,-617.43,-114.63,-8.74
2709,-13.19,-407.39,-110.01,19.87
2710,28.56,-412.84,-129.35,-58.51
2711,-42.7,-508.93,-85.08,61.59
2712,-25.33,-567.29,-104.22,24.8
2713,-28.64,-518.11,-91.81,10.85
2714,-10.33,-419.73,-104.65,4.3
2715,1.61,-388.72,-112.04,-20.06
2716,-13.16,-470.97,-106.57,11.19
2717,-15.55,-393.2,-109.59,13.97
2718,-23.24,-515.36,-114.46,-13.73
2719,-2.49,-332.97,-99.63,24.28
2720,-22.34,-319.37,-87.95,44.12
2721,-30.55,-582.25,-99.48,24.02
2722,-0.36,-515.62,-110.12,-0.8
2723,-1.79,-501.9,-100.2,25.11
2724,-10.05,-459.6,-116.21,-16.55
2725,-27.85,-523.83,-115.12,-0.81
2726,-12.71,-495.82,-105.81,30.7
2727,-24.57,-507.58,-107.77,15.61
2728,-19.86,-432.48,-102.14,10.36
2729,-2.6,-443.33,-114.62,3.19
2730,-14.65,-481.32,-103.11,22.61
2731,-12.15,-464.2,-115.17,4.64
2732,-44.55,-464.69,-101.87,18.54
2733,-70.33,-452.17,-114.85,-3.83
2734,4.91,-497.1,-93.28,30.38
2735,-37.03,-493.54,-113.97,2.8
2736,-86.73,-352.41,-94.06,27.45
2737,-82.72,-448.47,-102.3,6.68
2738,-91.58,-391.43,-102.69,5.85
2739,99.59,-423.17,-116.38,4.6
2740,19.19,-539.43,-119.36,10.62
2741,29.95,-464.12,-106.53,13.03
2742,0.71,-521.44,-98.2,15.0
2743,15.05,-500.28,-122.29,-7.65
2744,-3.35,-545.38,-108.89,-2.37
2745,27.8,-433.39,-132.52,-45.1
2746,12.1,-369.75,-103.56,10.44
2747,-22.99,-502.93,-91.49,18.71
2748,-19.98,-493.41,-120.95,5.24
2749,-10.78,-496.04,-108.49,1.51
2750,24.32,-312.84,-133.04,-36.33
2751,-3.43,-496.27,-103.66,38.56
2752,0.45,-468.2,-114.09,7.01
2753,-1.47,-474.88,-111.84,-1.4
2754,-18.08,-522.19,-117.89,-6.88
2755,-9.54,-419.71,-106.08,1.07
2756,-9.37,-503.56,-107.59,11.34
2757,0.58,-437.87,-101.51,7.58
2758,0.73,-471.05,-110.74,-7.33
2759,-8.44,-467.21,-115.76,-21.85
2760,1.67,-400.49,-106.95,-13.35
2761,-20.91,-454.43,-100.55,-0.77
2762,-12.63,-407.43,-92.79,11.41
2763,-18.13,-441.96,-110.8,-17.98
2764,-33.16,-382.95,-116.19,-20.71
2765,-9.38,-526.89,-105.52,-0.06
2766,-63.94,-461.08,-96.28,16.6
2767,16.58,-446.34,-119.49,-15.73
2768,3.89,-565.24,-116.71,1.19
2769,35.62,-357.44,-121.38,-14.93
2770,8.24,-444.83,-102.75,29.25
2771,-0.91,-495.48,-111.12,-7.62
2772,-2.0,-475.4,-107.23,0.6
2773,18.3,-474.47,-121.17,-1.6
2774,-12.52,-444.96,-114.99,5.73
2775,-55.86,-506.96,-111.44,-5.66
2776,-0.47,-469.34,-124.23,-41.85
2777,-5.88,-343.99,-108.47,29.25
2778,-16.92,-580.09,-121.9,4.24
2779,-36.1,-544.28,-113.92,6.56
2780,-4.66,-465.13,-132.87,-19.1
2781,-2.55,-466.02,-100.19,10.04
2782,4.76,-435.95,-109.81,-0.62
2783,3.57,-470.06,-109.77,-9.62
2784,-2.17,-442.63,-109.58,10.14
2785,-8.79,-485.07,-108.74,5.26
2786,-19.59,-479.01,-113.42,-18.9
2787,-23.56,-517.46,-114.75,0.01
2788,32.0,-151.39,-113.08,-7.71
2789,-15.53,-579.25,-103.99,10.04
2790,-20.66,-530.44,-121.67,-26.36
2791,-42.36,-515.39,-108.56,-18.1
2792,-4.82,-408.42,-102.95,7.53
2793,-14.42,-465.34,-97.99,11.9
2794,0.65,-493.43,-115.3,-7.1
2795,-12.0,-427.48,-113.08,-21.85
2796,2.86,-461.6,-108.55,-2.36
2797,-7.17,-541.44,-102.02,8.96
2798,-6.46,-383.06,-112.89,-12.13
2799,-29.67,-450.13,-99.35,0.06
2800,15.14,-354.73,-100.93,7.8
2801,-6.36,-456.04,-119.64,-18.62
2802,3.11,-535.84,-121.8,-24.49
2803,-26.1,-496.46,-100.47,23.32
2804,-14.49,-516.66,-109.0,3.04
2805,1.82,-430.7,-108.4,2.7
2806,-2.19,-434.14,-110.72,-14.14
2807,-7.87,-466.91,-123.73,-34.59
2808,-20.37,-404.39,-107.52,21.53
2809,-23.74,-521.22,-113.57,8.07
2810,-43.99,-410.83,-118.74,-11.42
2811,-11.23,-481.15,-120.77,-15.47
2812,16.27,-371.47,-115.39,-17.9
2813,-3.53,-434.81,-111.3,14.63
2814,-21.35,-629.83,-131.12,-13.08
2815,-26.11,-431.96,-115.23,15.0
2816,4.09,-313.8,-117.14,16.25
2817,-16.39,-479.27,-115.56,12.69
2818,-0.58,-536.2,-114.97,-1.03
2819,-4.57,-437.98,-120.05,-27.75
2820,28.47,-415.89,-119.21,1.02
2821,-29.56,-539.22,-116.91,2.06
2822,-16.38,-505.6,-110.26,9.33
2823,-13.61,-457.04,-107.02,5.04
2824,-23.61,-505.51,-118.53,-8.75
2825,-22.33,-473.62,-106.37,5.16
2826,8.15,-363.61,-126.36,-35.93
2827,-1.79,-466.58,-100.43,17.8
2828,-19.29,-377.05,-82.02,35.9
2829,-13.95,-461.03,-113.73,-7.83
2830,-9.74,-542.69,-116.91,2.28
2831,-9.07,-482.27,-100.38,8.49
2832,-16.15,-489.58,-93.74,8.2
2833,-3.87,-467.72,-106.3,-6.64
2834,-14.35,-466.52,-104.54,-5.11
2835,-19.36,-458.81,-105.5,-0.07
2836,-19.39,-528.64,-110.6,-19.28
2837,-10.33,-472.82,-106.82,-0.19
2838,-3.44,-418.46,-114.93,-7.41
2839,-35.91,-473.6,-116.57,-22.84
2840,-13.33,-374.34,-97.25,15.7
2841,-12.61,-510.47,-104.07,-4.35
2842,-17.85,-544.42,-103.52,13.42
2843,0.5,-217.03,-110.14,-10.1
2844,-43.27,-588.88,-108.14,-10.15
2845,-18.76,-451.89,-112.61,-11.26
2846,2.8,-464.8,-105.06,13.36
2847,-0.49,-468.13,-109.09,-3.75
2848,-11.23,-482.49,-106.57,4.18
2849,-20.17,-529.61,-121.16,-29.05
2850,12.64,-170.7,-108.98,7.12
2851,-29.29,-621.37,-114.7,1.32
2852,-17.06,-513.84,-107.33,-6.8
2853,-2.96,-462.63,-109.91,10.39
2854,-12.17,-468.98,-113.86,-3.29
2855,-15.45,-416.07,-114.2,-5.23
2856,3.34,-389.9,-123.07,-29.49
2857,-11.03,-451.44,-122.67,-32.04
2858,-30.76,-499.72,-93.84,25.72
2859,-25.36,-522.86,-102.68,12.91
2860,-31.69,-515.65,-99.05,16.19
2861,0.89,-481.89,-118.83,-13.29
2862,-15.7,-481.78,-111.74,7.69
2863,-17.9,-496.76,-113.29,4.42
2864,-28.3,-542.0,-114.67,-5.06
2865,17.63,-170.86,-131.25,-46.36
2866,-43.48,-600.45,-116.9,8.35
2867,19.87,-307.15,-112.44,-8.56
2868,-36.56,-512.42,-97.71,30.42
2869,-20.57,-493.34,-97.65,11.37
2870,-4.11,-476.98,-116.63,-16.06
2871,-11.81,-481.57,-107.06,9.3
2872,-19.59,-468.87,-101.34,9.36
2873,-2.79,-457.47,-132.11,-12.72
2874,-5.1,-447.45,-90.18,2.81
2875,-40.75,-510.3,-110.0,-2.38
2876,-19.75,-460.29,-110.02,-4.78
2877,-26.31,-481.73,-102.68,2.95
2878,-8.97,-394.15,-106.25,4.93
2879,-2.51,-385.31,-108.6,-9.89
2880,-22.86,-498.43,-108.52,4.68
2881,-20.65,-469.83,-115.03,-22.1
2882,-48.31,-516.84,-113.09,-14.1
2883,2.1,-388.82,-106.23,22.9
2884,-17.76,-471.55,-112.12,-5.32
2885,-11.25,-397.04,-107.51,19.33
2886,-24.09,-500.05,-98.49,26.49
2887,-8.95,-471.91,-110.39,-2.24
2888,-27.17,-472.65,-101.94,7.49
2889,6.72,-441.11,-124.66,-38.15
2890,-11.35,-495.5,-110.8,4.94
2891,16.12,-339.63,-128.99,-33.34
2892,-13.74,-413.75,-104.43,10.67
2893,-38.27,-500.09,-102.51,88.9
2894,-19.22,-504.56,-98.72,-3.39
2895,-2.98,-460.89,-109.15,-9.14
2896,0.19,-460.9,-108.75,-9.57
2897,-21.35,-535.13,-98.49,19.02
2898,-22.39,-462.99,-149.37,35.94
2899,-7.06,-432.48,-99.05,-38.29
2900,-9.38,-463.34,-85.72,40.12
2901,-19.68,-468.24,-109.44,-21.16
2902,3.9,-444.98,-115.12,-13.92
2903,-40.0,-481.28,-116.51,-34.46
2904,-6.0,-276.73,-132.54,-39.53
2905,-20.72,-464.36,-102.76,57.79
2906,-19.27,-543.33,-90.34,41.34
2907,2.94,-473.2,-117.41,2.91
2908,-15.97,-492.08,-171.34,70.34
2909,-15.65,-493.3,-87.58,-54.34
2910,-25.31,-440.15,-102.93,12.66
2911,-5.21,-308.17,-115.59,3.29
2912,6.66,-495.27,-127.57,1.58
2913,-22.88,-488.91,-89.7,39.04
2914,-25.45,-526.08,-143.24,-4.38
2915,-18.94,-484.68,-93.22,-12.81
2916,-11.92,-462.36,-126.23,50.63
2917,-27.68,-473.31,-122.73,41.94
2918,4.71,-330.21,-108.7,-0.98
2919,-20.26,-532.76,-118.2,27.28
2920,-33.86,-532.75,-123.44,-14.0
2921,-8.21,-407.91,-127.31,-29.27
2922,-15.55,-510.42,-109.33,-0.92
2923,-11.69,-513.12,-110.63,-7.28
2924,-15.47,-464.75,-109.39,0.96
2925,-26.87,-444.83,-105.12,22.49
2926,-19.04,-298.22,-105.88,34.29
2927,8.06,-465.3,-132.54,0.75
2928,-3.08,-348.75,-102.25,15.34
2929,-34.95,-608.43,-106.09,13.04
2930,-23.01,-567.14,-109.13,6.2
2931,-17.83,-415.73,-118.12,22.85
2932,-18.8,-429.64,-106.95,20.83
2933,-0.29,-383.75,-114.58,20.08
2934,-12.22,-478.16,-107.45,2.11
2935,-11.45,-497.77,-110.58,23.8
2936,-7.02,-471.07,-124.75,-13.97
2937,-2.94,-458.76,-91.89,10.61
2938,-29.8,-459.55,-126.25,18.01
2939,-24.98,-507.68,-99.5,28.48
2940,-8.94,-466.79,-125.28,32.51
2941,-12.7,-467.27,-227.88,48.63
2942,-13.45,-452.18,-58.33,45.47
2943,17.8,-397.16,-149.21,-74.39
2944,-8.29,-408.5,-40.5,34.51
2945,-44.92,-562.91,-129.86,65.87
2946,-13.8,-476.78,-101.1,7.2
2947,-28.3,-519.55,-124.38,-27.57
2948,1.82,-311.48,-116.31,40.28
2949,12.96,-452.06,-105.04,51.12
2950,-14.41,-527.38,-108.04,9.03
2951,-13.08,-496.18,-102.85,27.02
2952,-18.93,-446.63,-109.01,6.49
2953,0.82,-255.51,-114.02,0.45
2954,-0.27,-492.91,-93.53,37.65
2955,-17.63,-542.02,-97.95,30.17
2956,-12.68,-478.39,-103.4,3.47
2957,-1.96,-468.83,-100.97,17.12
2958,-15.26,-453.46,-109.63,1.73
2959,-5.63,-456.33,-101.51,27.04
2960,-24.79,-504.66,-103.37,34.21
2961,-0.09,-477.51,-115.63,16.17
2962,-4.77,-454.18,-109.38,0.79
2963,-28.31,-507.14,-117.71,14.22
2964,-30.23,-548.42,-107.31,23.2
2965,-4.06,-396.5,-102.92,38.31
2966,6.17,-403.02,-107.15,19.05
2967,-3.23,-526.88,-121.4,-12.6
2968,-34.11,-445.16,-98.47,41.15
2969,12.45,-409.66,-96.43,32.42
2970,-12.6,-460.58,-111.05,2.99
2971,-25.35,-494.85,-107.05,8.6
2972,3.21,-356.99,-117.83,9.93
2973,-1.1,-478.0,-102.51,22.93
2974,1.04,-462.93,-106.56,15.04
2975,-8.7,-559.44,-106.86,8.92
2976,-10.75,-462.85,-106.21,12.46
2977,10.64,-418.55,-113.04,6.58
2978,-8.52,-441.41,-94.63,10.46
2979,-2.25,-462.03,-111.95,6.85
2980,-3.44,-422.58,-99.53,13.73
2981,-8.02,-497.67,-111.82,-12.5
2982,-6.5,-406.33,-106.3,11.73
2983,-4.67,-471.53,-112.45,4.21
2984,-16.92,-511.19,-101.99,10.06
2985,-22.26,-362.63,-102.17,25.31
2986,-7.04,-503.61,-102.34,16.38
2987,-11.84,-511.9,-110.12,5.21
2988,8.17,-420.53,-112.58,11.27
2989,-9.12,-482.15,-103.39,17.23
2990,-17.23,-508.23,-106.34,6.26
2991,3.71,-435.03,-114.99,-23.14
2992,5.41,-392.01,-130.05,15.95
2993,-13.23,-462.28,-98.13,5.43
2994,-16.82,-477.96,-104.42,14.61
2995,-4.07,-499.18,-110.59,2.51
2996,-17.14,-505.62,-99.57,15.59
2997,-9.41,-462.64,-111.35,8.37
2998,3.0,-370.28,-107.39,8.24
2999,-23.44,-629.89,-111.97,5.99
