,ch1,ch2,ch3,ch4
0,-20.59,8.96,-43.89,-20.25
1,-11.57,42.26,43.49,1.35
2,-20.12,16.98,5.5,-38.73
3,4.17,24.22,1.61,6.1
4,-14.19,31.16,4.1,-4.38
5,-36.96,-35.42,6.32,-31.4
6,-27.75,-0.02,15.27,24.01
7,-14.66,30.28,-9.52,-41.03
8,-14.87,19.81,7.65,-1.33
9,-12.05,19.26,-8.81,-33.16
10,-12.91,15.0,58.39,62.75
11,-13.53,48.27,95.22,-40.82
12,-5.74,-2.9,-57.63,-23.19
13,-28.16,51.86,-5.31,47.66
14,-19.17,24.36,-23.16,-59.21
15,-12.5,-0.3,-3.17,-10.07
16,-17.53,-70.96,32.39,-15.81
17,-24.54,37.63,29.3,-63.14
18,-13.16,31.08,-23.75,185.14
19,-13.59,37.89,14.56,-133.08
20,-11.1,12.49,-17.5,1.76
21,-17.66,19.25,5.34,-18.71
22,-6.16,43.78,-0.08,-15.6
23,-2.57,27.55,42.63,-55.72
24,-26.08,-47.73,-18.48,26.23
25,-21.53,6.68,-5.18,-36.23
26,-4.59,63.72,25.0,10.23
27,-13.21,7.66,65.68,36.06
28,-14.87,50.58,12.35,-55.33
29,-15.5,33.74,-22.62,-53.45
30,-24.42,-17.72,-13.73,15.27
31,-14.08,-28.67,48.32,46.12
32,-27.73,-14.8,-27.02,-57.06
33,-19.04,71.45,11.09,-17.25
34,-15.54,-18.92,23.11,104.81
35,-20.56,34.89,24.18,-22.29
36,-4.67,28.62,-16.71,-44.09
37,-11.29,0.89,5.88,-52.47
38,-9.14,24.63,5.67,-3.57
39,-18.56,33.28,4.45,-21.08
40,-19.19,-30.94,-25.17,-23.1
41,-22.07,43.44,40.43,6.52
42,-16.86,23.75,-7.83,-87.78
43,-23.68,17.2,-11.86,-22.5
44,-17.19,-30.42,23.95,19.81
45,-8.3,-20.73,31.72,18.23
46,-13.56,50.86,53.57,-22.35
47,-9.87,64.35,-53.63,-5.93
48,-24.22,-16.03,53.57,92.39
49,-12.3,3.93,19.66,-123.23
50,-17.59,65.02,-4.73,-46.31
51,-28.35,-69.17,-48.13,25.3
52,-21.7,-1.79,-11.67,32.21
53,-21.6,9.59,10.12,27.67
54,-11.17,68.34,12.63,-33.52
55,-5.84,13.84,4.35,-16.7
56,3.4,50.33,6.46,-18.55
57,-21.78,42.38,-25.45,-101.53
58,-14.08,98.51,19.44,42.09
59,-35.37,-98.48,6.93,-7.99
60,-32.8,-29.55,71.81,7.44
61,-28.23,-15.41,1.68,-11.05
62,-14.35,51.58,31.13,-26.8
63,-25.55,14.33,-32.64,-25.52
64,-8.68,56.7,7.71,-12.09
65,0.03,-3.11,35.16,-5.07
66,-13.15,65.64,-51.94,-25.81
67,-31.06,-26.4,42.72,29.56
68,-26.0,15.31,3.81,53.22
69,-1.54,70.18,-5.83,-99.33
70,-18.01,-6.1,-19.26,16.62
71,-13.32,-12.25,-9.57,-118.75
72,-6.3,62.82,19.28,122.4
73,-23.56,22.67,8.89,29.76
74,-13.25,111.49,17.93,-31.48
75,-28.09,-89.96,-5.79,-49.05
76,-23.79,-18.23,-3.23,-26.82
77,-34.25,7.66,37.26,-52.4
78,-19.41,-8.33,14.14,15.99
79,-20.35,-6.68,91.9,32.51
80,-17.19,24.81,-62.85,-48.78
81,-4.16,52.16,45.6,-16.12
82,-19.98,-5.69,-40.1,-19.85
83,-22.11,18.56,-1.41,-55.88
84,-14.54,15.02,-4.16,-23.19
85,-19.35,43.17,9.76,84.61
86,-10.89,9.34,14.58,-108.12
87,-20.11,13.48,0.07,17.19
88,-18.61,20.63,10.1,195.86
89,-8.01,43.25,12.9,-146.78
90,-14.01,89.21,-17.37,-75.55
91,-17.94,43.65,27.81,29.39
92,-28.92,-64.97,12.78,11.39
93,-16.91,-10.58,1.53,-30.39
94,-17.22,-38.32,-0.05,-9.21
95,-16.63,-18.62,-2.3,-30.43
96,-12.37,53.43,101.25,-58.73
97,-3.09,71.44,69.16,-81.92
98,-24.41,81.14,-111.74,28.96
99,-28.69,-12.46,-26.68,35.82
100,-15.96,-21.93,-9.09,-16.78
101,-22.77,1.85,7.14,-23.25
102,-15.77,-43.95,4.04,22.86
103,-3.05,88.39,9.33,-59.25
104,-17.58,63.09,21.77,72.51
105,-17.51,23.76,53.58,-43.14
106,-20.3,58.84,-30.93,-12.13
107,-36.49,-114.3,2.61,-43.44
108,-11.2,34.11,-10.55,-14.5
109,-18.99,43.64,2.1,-14.04
110,-6.47,14.63,12.66,2.53
111,-15.49,-97.37,17.98,47.49
112,-10.45,53.91,20.99,-69.28
113,-14.19,81.03,-8.42,-49.46
114,-18.27,15.23,7.0,-103.33
115,-20.43,-0.06,-4.18,56.03
116,-17.3,33.83,7.23,4.69
117,-8.44,49.97,3.6,-20.55
118,-19.3,1.12,-16.11,-27.09
119,-27.5,-16.04,15.93,-26.69
120,-13.89,33.38,12.47,10.3
121,-21.52,-30.16,15.48,33.25
122,-5.4,-28.45,3.21,22.41
123,2.58,112.97,16.41,-53.53
124,-23.14,13.57,2.78,-40.86
125,-39.42,-15.09,115.51,-23.97
126,-22.96,-0.57,-31.48,-18.91
127,-20.46,28.19,-32.72,-19.15
128,-12.58,-15.97,-9.15,-14.25
129,-13.01,44.68,37.68,-8.29
130,-23.43,22.28,25.46,-11.07
131,-18.09,71.74,-35.49,-11.88
132,-6.4,101.63,-10.68,-11.31
133,0.39,40.97,34.75,7.53
134,-16.99,-12.46,2.49,-15.1
135,-39.94,-148.94,32.54,2.01
136,-19.81,0.71,-17.86,-27.86
137,4.81,41.57,2.18,-13.95
138,-34.48,-8.7,4.83,-29.2
139,-25.72,-18.58,-0.42,-17.81
140,-14.25,-3.66,13.06,-14.29
141,-21.0,-4.16,16.9,-1.86
142,-24.22,19.55,5.48,-17.15
143,-13.54,13.72,-0.28,-27.9
144,-12.44,54.17,17.77,17.43
145,-10.93,12.1,33.2,-17.34
146,-13.42,2.19,79.79,-25.68
147,-10.0,18.56,-45.8,-29.78
148,-1.09,79.27,-6.66,-8.84
149,-23.42,-19.33,-19.73,-29.87
150,-17.99,17.05,-7.95,-8.74
151,-4.71,129.17,1.61,-5.24
152,-28.7,-111.8,-3.85,-15.66
153,-24.83,-33.08,14.93,-13.73
154,-14.84,2.66,13.84,-17.15
155,2.42,41.68,-13.82,-16.03
156,-24.83,-21.29,9.73,-23.0
157,-30.73,13.06,11.38,-9.03
158,-14.17,-13.77,7.78,-12.46
159,-10.25,32.71,21.53,-7.05
160,-19.97,-5.22,-8.82,12.39
161,-21.66,-5.35,17.95,-36.31
162,-10.59,2.99,-2.09,-20.26
163,-5.7,-34.29,15.96,-7.43
164,-24.56,43.79,-3.18,-21.9
165,-20.43,14.67,5.64,-11.39
166,-17.01,61.93,-1.15,-15.49
167,-5.28,7.99,-10.35,-18.64
168,-8.16,69.22,21.66,-6.63
169,-32.47,-50.98,0.01,-25.53
170,-20.17,3.09,8.49,-9.29
171,-16.72,3.26,7.44,-14.36
172,-7.0,18.95,6.75,-18.32
173,-2.44,90.1,3.08,-20.91
174,-23.07,37.64,16.31,-11.46
175,-32.22,-94.38,3.69,-18.4
176,-13.62,12.75,12.86,1.31
177,-17.85,61.71,22.97,-11.07
178,-27.39,-44.35,-7.04,-28.03
179,-15.67,-43.88,4.06,-19.28
180,-5.2,86.36,8.64,-12.98
181,-26.76,-13.61,10.89,-12.25
182,-17.58,26.24,12.63,-18.97
183,-6.46,116.97,10.81,-6.29
184,-30.78,-112.54,8.19,-11.89
185,2.25,6.39,1.87,-0.24
186,-1.36,-42.12,8.09,-26.11
187,-32.39,5.16,8.97,-21.08
188,-18.7,13.63,6.24,-17.89
189,-29.69,41.04,6.08,-13.77
190,-19.12,18.38,9.81,-9.88
191,-18.74,14.8,8.59,-10.81
192,-34.47,21.15,10.75,-11.03
193,-26.5,-33.81,6.79,-17.78
194,30.95,15.79,9.07,-10.05
195,73.75,31.71,8.15,-10.94
196,83.26,126.48,7.58,-11.5
197,-13.68,120.22,10.93,-5.29
198,-109.94,-54.26,8.3,-15.95
199,-75.72,-45.15,12.05,-13.16
200,-17.41,-28.78,3.98,-12.65
201,51.3,171.43,12.94,-4.65
202,-95.63,-40.53,1.08,-18.94
203,7.7,57.61,2.03,-10.86
204,48.17,245.44,10.66,1.83
205,-56.54,-175.45,2.72,-22.57
206,-17.55,23.94,3.69,-14.34
207,-2.2,135.13,13.05,-1.57
208,-78.3,59.43,3.7,-3.76
209,-68.7,-187.74,2.68,-20.75
210,46.02,-26.74,-17.62,-28.46
211,16.95,52.29,-2.19,-21.95
212,68.98,28.01,-4.25,-16.99
213,99.77,193.64,3.85,-8.84
214,-127.77,-41.12,-3.74,-11.83
215,-22.24,28.94,7.75,-6.45
216,69.45,-59.16,-4.07,-20.91
217,-101.63,-81.89,-8.94,-27.13
218,-41.54,82.69,2.39,-15.84
219,110.77,271.31,-0.63,-9.54
220,13.76,43.65,-8.52,-28.2
221,-162.03,-220.93,-15.11,-39.85
222,-19.64,-51.46,-8.5,-27.3
223,11.28,-23.8,-7.19,-23.84
224,-18.29,10.48,-7.55,-25.53
225,-23.4,89.6,-1.87,-15.62
226,-57.42,-57.56,-16.61,-39.52
227,42.04,45.04,-11.14,-27.91
228,-30.51,34.74,-6.23,-29.31
229,-5.89,56.47,7.15,-22.37
230,213.51,267.62,-13.68,-21.92
231,-12.14,-40.71,-21.11,-36.4
232,-21.23,-67.64,-8.27,-28.03
233,-18.33,-43.26,-11.95,-21.68
234,-27.66,-5.95,-15.24,-25.6
235,49.0,126.13,-4.61,-33.42
236,-83.45,102.98,-27.72,-35.25
237,-136.73,-26.53,2.16,-25.04
238,-7.82,-24.87,-9.88,-30.67
239,37.37,54.82,-1.28,-28.5
240,129.65,91.01,-25.93,-38.63
241,61.61,134.37,-20.97,-37.36
242,-86.74,-82.94,-16.95,-30.5
243,-35.75,-36.99,-23.14,-38.14
244,50.43,109.39,-8.49,-31.87
245,-71.06,-2.53,-31.58,-42.55
246,-44.54,47.35,-7.31,-19.78
247,-60.11,17.68,2.42,-23.05
248,179.03,70.17,-20.37,-48.29
249,74.59,219.68,-32.48,-42.85
250,-95.88,-63.88,-2.46,-28.94
251,10.03,30.27,-5.25,-30.33
252,-140.65,-58.3,-12.7,-36.91
253,-48.73,21.46,-4.85,-30.58
254,22.84,70.12,-15.24,-33.24
255,58.47,131.22,-11.39,-23.05
256,14.29,23.99,-18.79,-46.99
257,94.26,252.05,4.18,-33.9
258,36.14,13.85,-23.98,-37.69
259,94.02,-89.0,-31.03,-46.94
260,43.45,8.64,-4.15,-40.16
261,-248.29,-36.85,-17.61,-31.1
262,27.02,39.99,-4.01,-19.03
263,166.82,140.29,-35.65,-44.82
264,3.42,130.52,-24.34,-45.18
265,-38.38,47.95,-15.22,-44.07
266,-158.17,0.63,-3.55,-24.25
267,-78.73,252.71,0.04,-15.87
268,20.17,-91.88,-18.68,-41.0
269,136.96,-38.09,-24.78,-46.22
270,58.73,92.8,-16.62,-34.55
271,-34.72,30.41,-15.12,-39.17
272,-8.71,23.58,0.65,-27.74
273,80.23,54.49,-23.39,-35.89
274,-46.82,11.53,-24.09,-34.53
275,-142.13,75.0,-3.29,-16.94
276,-97.34,-14.83,-18.46,-43.01
277,217.59,163.5,-22.61,-33.74
278,-16.3,-24.06,-10.36,-37.06
279,-40.1,84.83,-17.59,-31.73
280,7.73,142.56,-15.77,-54.8
281,57.22,42.7,3.7,-44.85
282,-45.46,18.74,-7.49,-49.55
283,40.52,298.88,-21.55,-29.04
284,-99.69,-135.52,-6.49,-35.71
285,47.81,28.88,-32.63,-39.7
286,-81.12,31.49,4.52,-29.9
287,-6.21,47.2,-21.85,-37.74
288,5.85,72.19,-38.74,-36.6
289,-24.49,56.24,6.24,-29.06
290,-9.05,23.69,-3.41,-30.33
291,-74.48,39.09,1.25,-21.81
292,80.37,133.61,-22.72,-40.46
293,123.81,204.14,-7.38,-30.39
294,8.6,-88.77,-15.55,-33.21
295,-123.48,9.07,1.05,-19.2
296,3.15,85.3,-18.99,-35.8
297,77.03,113.06,-12.1,-23.47
298,-64.39,-54.66,-22.42,-44.92
299,-71.6,32.26,-10.1,-30.93
300,-0.39,44.99,1.63,-15.14
301,21.01,64.4,-12.41,-33.32
302,-52.26,56.38,-5.72,-23.93
303,-6.95,48.46,-7.27,-23.14
304,-48.9,41.11,-6.06,-29.32
305,8.82,37.29,-6.99,-29.81
306,78.13,105.6,-4.99,-31.53
307,-39.33,26.1,-9.07,-25.19
308,-71.67,64.56,-2.27,-19.32
309,-23.08,-2.55,-0.89,-23.31
310,129.8,125.09,-12.41,-26.15
311,-28.51,-33.95,-7.74,-31.48
312,-54.03,37.65,-4.48,-30.66
313,-21.77,29.04,0.74,-24.68
314,36.32,108.95,-10.23,-20.35
315,-46.78,-18.86,-5.35,-28.41
316,-37.34,64.13,4.18,-19.81
317,107.91,82.95,-12.57,-29.47
318,-81.78,87.2,-1.65,-21.21
319,-55.88,26.22,-3.69,-18.42
320,-53.18,37.77,-2.55,-26.3
321,-24.64,6.61,-4.21,-19.65
322,-32.64,14.53,0.87,-18.81
323,-1.38,85.07,5.94,-11.91
324,-21.08,85.09,-4.55,-25.08
325,-18.11,-14.56,-5.27,-18.54
326,63.42,48.17,10.91,-9.06
327,-2.03,127.62,-17.54,-27.1
328,-50.85,32.58,-4.16,-20.48
329,2.92,128.62,1.1,-13.76
330,-49.39,12.06,-5.51,-22.58
331,-73.19,-17.96,1.76,-10.94
332,23.97,120.99,0.3,-12.14
333,-5.88,46.84,-5.71,-12.63
334,-35.34,-1.79,-4.4,-17.76
335,-65.95,43.99,9.11,-8.02
336,-44.93,23.35,12.09,-9.86
337,18.11,82.38,-3.46,-21.04
338,27.99,46.03,2.63,-9.24
339,6.83,46.56,2.0,-13.92
340,-45.78,78.41,7.3,-16.49
341,-16.31,99.86,2.21,-15.34
342,-13.94,20.38,3.73,-12.49
343,131.5,149.07,-1.93,-6.44
344,18.7,14.66,2.8,-22.89
345,-177.16,-15.43,-14.95,-23.15
346,-81.54,23.46,20.73,-5.97
347,53.5,28.55,2.27,-20.32
348,-61.31,36.17,13.78,-6.98
349,30.21,128.5,-5.7,-12.36
350,155.53,165.0,-6.67,-27.21
351,-120.85,-16.11,8.1,-21.09
352,-127.63,-22.47,5.61,-16.24
353,11.76,62.44,8.37,-12.81
354,-20.86,19.14,-0.52,-19.95
355,-35.13,43.38,1.19,-14.25
356,-22.21,43.15,1.08,-13.42
357,70.86,65.9,-5.73,-19.32
358,59.65,117.7,1.19,-14.13
359,-81.94,31.76,5.85,-12.19
360,-101.45,36.28,2.79,-12.76
361,-16.06,49.96,0.45,-15.77
362,47.89,77.72,8.58,-7.83
363,36.95,51.61,-5.25,-25.03
364,31.47,80.87,0.14,-18.78
365,23.83,78.23,3.26,-11.08
366,-190.12,-64.06,0.52,-15.17
367,-123.51,3.61,0.71,-3.67
368,93.12,101.03,-1.89,-20.18
369,63.18,84.31,-23.62,-24.47
370,19.87,112.35,0.91,-16.05
371,-81.5,4.92,14.49,-9.91
372,58.07,34.45,10.77,-5.19
373,20.68,15.55,-1.14,-16.21
374,-70.38,76.66,5.75,-7.02
375,-40.14,128.66,-0.12,-7.38
376,12.46,59.16,-0.72,-15.32
377,-72.74,-6.61,-2.74,-19.54
378,-105.02,9.08,8.61,-2.57
379,26.91,91.76,-0.46,-17.59
380,14.01,77.95,-4.02,-15.95
381,-47.89,32.46,0.69,-18.43
382,-51.85,10.37,6.76,-13.84
383,32.28,31.61,10.78,-14.19
384,-5.13,69.1,5.36,-14.28
385,19.7,86.51,-1.19,-17.2
386,22.43,119.01,3.37,-10.51
387,-58.28,-24.55,-22.02,-17.85
388,-64.54,59.4,15.99,-9.87
389,12.58,78.42,16.39,-17.34
390,-6.15,48.63,1.64,-14.89
391,-29.03,9.22,1.66,-20.07
392,-21.88,95.89,5.93,-17.01
393,-0.65,85.58,3.86,-14.09
394,-3.61,47.28,3.28,-19.03
395,-67.23,-15.68,3.54,-12.18
396,-146.88,-5.17,8.82,-14.04
397,-28.76,20.15,6.12,-13.86
398,132.67,102.65,-0.26,-20.6
399,22.79,120.85,3.98,-10.92
400,-106.43,10.46,-0.63,-15.58
401,-70.35,30.86,7.08,-12.05
402,76.13,115.83,0.34,-14.77
403,1.01,47.52,2.55,-9.36
404,-2.45,68.61,1.62,-17.25
405,-16.99,103.99,9.84,-9.93
406,-55.14,-14.71,-4.9,-20.67
407,-1.41,47.25,4.68,-7.36
408,50.1,126.18,8.06,-17.26
409,-87.54,-8.25,0.58,-9.89
410,-43.12,5.7,8.16,-7.69
411,77.24,92.3,10.11,-12.25
412,-103.89,31.9,5.76,-17.75
413,-33.45,26.06,-10.08,-9.25
414,-36.84,46.78,15.35,-13.65
415,-29.49,61.78,2.07,-12.38
416,-2.83,64.55,12.0,-12.33
417,-31.27,38.83,5.92,-8.35
418,-20.3,83.21,8.15,-5.86
419,5.46,37.32,2.07,-10.12
420,-32.57,28.23,7.35,-13.7
421,-49.19,18.88,3.36,-11.9
422,-2.15,7.16,5.53,-14.83
423,-24.18,50.37,7.73,-8.19
424,-27.74,84.28,4.26,-19.73
425,0.2,53.85,6.01,-11.39
426,-28.68,64.44,4.9,-9.03
427,16.47,55.8,-1.96,-11.51
428,-54.77,19.66,10.91,-10.53
429,-30.13,48.9,4.53,-8.56
430,-37.92,56.26,4.13,-11.77
431,-27.79,79.05,8.5,-10.47
432,18.82,138.95,9.05,-7.74
433,8.67,-18.54,3.75,-12.38
434,-58.01,0.0,7.55,-12.98
435,-1.25,55.35,5.95,-17.44
436,-17.44,35.55,-0.56,-13.47
437,-46.97,55.83,10.59,-11.53
438,-36.96,37.14,16.3,-5.89
439,35.43,44.31,3.42,-12.43
440,-19.41,60.29,8.89,-11.12
441,-35.52,56.47,11.37,-8.04
442,-37.72,56.69,8.21,-8.51
443,-16.81,78.23,7.67,-7.63
444,-28.93,20.4,10.58,-11.07
445,-1.3,77.43,-3.93,-12.44
446,-22.16,128.27,10.41,-5.59
447,-42.67,-26.25,2.59,-14.55
448,44.37,38.88,0.54,-16.38
449,15.8,14.79,4.41,-12.11
450,-59.02,43.12,6.02,-9.35
451,-49.74,27.14,10.36,-12.41
452,-6.02,39.62,2.52,-15.5
453,-18.43,47.53,7.78,-12.62
454,-4.16,46.75,2.08,-14.45
455,-25.11,36.63,9.43,-6.47
456,-21.6,27.03,6.73,-6.17
457,-17.52,57.85,2.04,-14.68
458,-31.43,105.41,2.77,-13.56
459,-62.56,123.1,10.17,-2.82
460,66.92,1.02,0.7,-18.93
461,-1.04,15.54,1.82,-14.85
462,-51.41,-10.14,-5.13,-18.46
463,-23.65,23.38,-0.47,-12.31
464,7.36,57.79,2.59,-7.02
465,-13.98,69.75,3.5,-4.75
466,17.44,57.9,1.62,-1.61
467,-40.3,55.03,3.68,-7.13
468,-75.47,34.17,7.96,-2.62
469,14.13,88.26,6.45,-5.74
470,-10.52,63.34,-5.6,-16.05
471,-54.74,-17.35,3.68,-13.64
472,0.77,1.81,4.21,-9.98
473,-5.11,70.0,2.08,-8.37
474,-6.43,31.87,1.48,-12.64
475,3.4,46.62,9.1,-5.7
476,-28.14,84.39,11.17,-1.28
477,-54.23,55.99,3.15,-5.79
478,-64.02,3.28,3.56,-14.35
479,-1.29,44.03,4.09,-10.05
480,-24.27,74.78,8.17,-2.69
481,90.96,52.97,4.95,-10.63
482,-100.73,0.05,4.95,-10.41
483,-6.61,33.47,0.6,-15.0
484,-45.39,39.86,5.68,-8.01
485,-90.91,-16.28,5.67,-3.09
486,41.12,78.07,3.15,-8.7
487,17.01,66.38,4.87,-11.13
488,24.71,73.28,3.58,-9.54
489,46.73,92.27,6.27,-6.88
490,-18.07,41.98,4.96,-12.17
491,-122.8,24.97,4.4,-13.89
492,-26.01,54.04,4.07,-11.28
493,4.07,24.96,4.87,-14.59
494,-35.26,-3.1,8.5,-2.73
495,4.45,93.37,11.68,-7.86
496,-64.24,-3.46,-1.05,-11.93
497,-20.73,56.47,4.0,-11.6
498,23.35,39.1,9.65,-13.23
499,-3.55,31.14,9.36,-13.44
500,-47.62,1.11,18.01,-5.16
501,-23.66,58.3,-5.94,-10.17
502,-34.46,41.83,2.29,-15.33
503,-5.05,65.18,9.03,-4.89
504,-15.76,54.58,12.05,-4.7
505,11.18,118.37,11.65,1.45
506,-21.84,-10.2,3.27,-9.65
507,-15.82,2.73,1.04,-14.74
508,-26.55,29.07,6.62,-10.54
509,23.61,23.24,6.11,-8.35
510,11.48,71.36,8.67,-10.33
511,-66.44,12.73,3.61,-10.31
512,-27.5,36.26,7.17,-6.12
513,-59.17,5.58,3.21,-11.89
514,24.5,59.32,3.17,-13.45
515,25.25,52.14,7.33,-11.6
516,-19.06,47.19,-4.82,-16.65
517,-49.67,46.66,12.74,-6.91
518,-45.04,47.64,7.19,-8.89
519,54.06,121.43,5.51,-6.58
520,-44.93,22.22,4.9,-7.74
521,-32.67,1.36,3.84,-3.39
522,-19.27,21.49,-2.01,-13.81
523,-15.38,14.88,-1.07,-8.18
524,37.8,82.05,7.61,-7.28
525,-60.03,40.7,3.63,-10.04
526,-41.3,18.23,9.13,-7.21
527,-3.14,58.3,7.38,-5.79
528,-14.78,46.79,2.99,-11.09
529,-32.86,12.35,2.27,-14.95
530,-36.72,42.21,5.17,-9.74
531,-10.84,23.92,4.97,-6.44
532,-22.34,59.7,-0.35,-13.06
533,23.98,102.14,4.9,-9.48
534,-31.87,27.7,0.95,-14.74
535,-30.83,21.35,4.05,-11.36
536,6.04,73.24,1.38,-8.38
537,-16.33,45.77,3.53,-8.87
538,-16.3,20.95,2.21,-14.11
539,-40.97,69.5,7.52,-6.35
540,-1.71,55.69,3.09,-9.33
541,-12.79,14.09,-3.14,-18.13
542,-24.34,73.26,-1.53,-13.59
543,-31.76,47.83,2.08,-10.1
544,0.2,60.35,1.52,-6.51
545,-34.0,18.99,4.97,-10.22
546,-44.81,25.65,7.0,-11.19
547,-46.81,44.06,8.25,-11.47
548,9.03,60.87,4.3,-11.3
549,-34.07,17.79,6.84,-10.46
550,-2.08,83.85,-3.89,-16.34
551,-37.63,15.23,0.87,-15.32
552,9.62,21.11,1.34,-17.61
553,1.78,44.08,5.68,-9.7
554,-44.03,49.2,1.84,-14.75
555,-6.06,53.76,2.79,-10.83
556,8.2,83.83,4.96,-12.29
557,-25.6,2.32,2.33,-13.93
558,-35.29,48.95,1.96,-18.11
559,24.73,57.89,6.69,-9.46
560,8.09,55.0,2.28,-12.74
561,-47.49,20.39,2.1,-14.13
562,-43.96,67.38,2.81,-12.86
563,1.74,78.3,5.64,-8.95
564,-45.75,13.59,0.29,-21.44
565,-23.52,7.07,2.23,-14.33
566,4.95,58.12,4.02,-10.06
567,-43.6,38.45,1.87,-8.69
568,-49.58,15.05,7.87,-8.91
569,-36.27,51.26,0.56,-19.56
570,11.86,32.65,1.09,-9.49
571,12.41,47.59,4.12,-9.94
572,4.34,58.54,-0.77,-8.75
573,-57.53,-8.64,9.39,-5.73
574,-0.13,52.05,4.42,-12.75
575,1.5,50.61,2.83,-12.57
576,-23.49,52.35,4.86,-8.56
577,4.18,37.34,3.98,-12.2
578,-18.78,95.37,6.47,-7.21
579,-60.75,13.13,10.48,-9.62
580,-32.96,25.62,6.8,-12.1
581,-3.62,29.65,3.49,-18.08
582,-5.83,60.9,4.67,-11.89
583,-34.59,16.98,5.04,-17.24
584,-41.45,33.53,7.41,-13.05
585,-2.73,62.61,3.84,-15.22
586,-36.27,31.68,5.17,-8.75
587,6.24,36.3,2.94,-17.04
588,-8.05,79.09,2.2,-12.0
589,7.1,46.04,-3.36,-17.39
590,-44.68,28.2,4.47,-13.77
591,-3.2,21.06,-0.6,-13.08
592,37.98,43.36,2.09,-10.28
593,-9.99,56.38,5.78,-10.42
594,-23.98,68.86,1.16,-9.43
595,-36.12,17.18,1.26,-17.59
596,-85.28,-11.0,5.35,-13.67
597,-32.11,24.61,7.1,-10.41
598,59.57,123.01,4.41,-9.35
599,-46.64,-15.07,-1.53,-14.87
600,-15.19,34.27,5.39,-8.82
601,2.03,43.82,-4.11,-17.33
602,-45.51,39.01,4.7,-6.55
603,-20.53,-1.04,2.91,-14.4
604,27.18,86.83,-0.15,-22.82
605,33.5,115.12,3.72,-12.78
606,-104.22,-6.04,0.47,-11.13
607,1.21,27.45,1.48,-14.16
608,35.04,30.39,0.2,-14.69
609,-32.13,111.17,-0.72,-14.49
610,-46.23,2.75,-1.0,-12.61
611,-7.2,3.74,-3.48,-16.36
612,-29.68,27.82,3.17,-14.49
613,-23.66,29.43,3.14,-7.49
614,-47.67,34.7,0.42,-8.7
615,15.2,39.56,4.59,-9.01
616,-11.7,29.03,4.4,-9.81
617,-55.32,53.46,4.26,-10.84
618,-26.27,43.98,2.16,-13.97
619,38.85,86.04,4.27,-11.02
620,-64.07,12.86,2.07,-9.44
621,5.97,52.15,-4.62,-20.77
622,-28.53,34.18,5.78,-14.41
623,-38.4,44.71,10.5,-4.27
624,24.73,28.33,2.6,-17.3
625,-2.14,77.28,2.72,-11.11
626,-6.84,26.15,3.74,-11.16
627,-37.16,26.83,8.09,-11.58
628,-35.82,62.19,4.07,-17.56
629,-39.24,6.13,4.32,-17.33
630,-0.55,18.81,8.4,-10.96
631,-11.6,51.98,6.97,-14.23
632,10.78,70.35,10.07,-11.4
633,-26.75,55.22,0.33,-17.32
634,-50.9,42.96,4.06,-10.15
635,-2.46,25.48,9.58,-9.33
636,-16.43,50.08,5.03,-13.52
637,-36.23,58.96,4.04,-10.39
638,-3.94,53.9,8.67,-10.39
639,-53.45,-16.2,5.16,-14.07
640,-26.47,21.93,4.82,-11.97
641,0.66,81.52,6.0,-9.99
642,13.76,57.95,4.35,-16.74
643,-15.44,17.07,7.77,-12.78
644,11.15,27.02,2.28,-16.95
645,31.66,68.44,3.93,-7.9
646,-45.59,41.98,1.57,-13.12
647,-97.06,-12.08,7.01,-14.86
648,-23.74,30.4,4.33,-18.49
649,68.97,96.69,1.93,-16.11
650,-69.31,16.55,7.45,-14.69
651,-45.57,45.87,8.38,-19.66
652,8.7,20.16,7.0,-18.36
653,-6.23,41.02,9.18,-15.57
654,-12.22,74.38,6.58,-12.41
655,-31.54,69.0,2.26,-12.84
656,-45.31,-5.1,2.94,-14.86
657,13.35,21.98,3.54,-13.52
658,24.43,36.72,-0.46,-16.57
659,-30.51,27.48,6.28,-13.69
660,-32.18,81.07,7.02,-7.13
661,-74.32,18.07,8.03,-11.26
662,-64.71,-30.41,4.55,-17.38
663,51.28,58.24,4.42,-19.57
664,28.93,69.64,7.78,-12.94
665,2.82,64.44,3.81,-15.07
666,-37.04,16.28,1.15,-16.37
667,-5.1,50.22,7.09,-10.48
668,-41.14,14.85,5.49,-12.93
669,-11.56,16.97,1.97,-11.33
670,-7.96,6.62,8.14,-6.6
671,-19.13,78.91,-0.43,-8.64
672,-20.39,55.64,-0.09,-17.7
673,0.27,22.1,-3.11,-15.72
674,46.16,48.37,-1.34,-13.57
675,-55.23,43.13,6.57,-7.53
676,-13.29,36.76,4.78,-9.22
677,-67.24,13.9,5.27,-8.1
678,-50.54,-3.85,3.58,-13.02
679,12.73,39.56,1.8,-12.61
680,-13.77,15.03,5.3,-13.88
681,-24.07,59.99,6.2,-10.98
682,-18.12,5.36,-0.19,-12.87
683,-46.38,44.85,6.09,-5.54
684,-41.17,33.29,3.98,-20.47
685,-46.42,56.38,9.88,-8.89
686,47.29,49.17,3.0,-14.91
687,23.6,21.74,-4.33,-20.93
688,54.61,51.66,0.02,-15.68
689,-75.71,27.12,7.4,-15.1
690,-25.81,10.34,3.09,-17.79
691,-19.21,20.79,3.42,-20.66
692,-3.66,22.95,5.52,-13.68
693,-27.87,28.88,8.57,-8.04
694,-47.35,59.56,8.75,-7.97
695,0.47,18.78,4.75,-17.1
696,30.49,37.69,3.79,-11.33
697,-56.95,4.81,0.05,-20.02
698,-47.14,13.08,6.23,-10.98
699,-23.4,52.44,7.53,-10.51
700,4.76,57.83,-1.79,-19.36
701,-22.12,21.05,5.58,-13.82
702,-13.9,50.39,0.6,-11.54
703,-3.36,75.28,3.95,-10.7
704,-26.39,67.29,0.67,-13.68
705,-31.83,-38.52,-0.27,-16.12
706,-110.61,-3.64,3.72,-11.35
707,-39.51,9.7,3.56,-15.87
708,75.42,70.34,0.6,-12.43
709,30.95,39.23,-1.49,-23.28
710,-45.97,1.14,3.39,-10.53
711,-3.18,60.13,5.41,-11.46
712,-67.62,1.87,3.47,-12.97
713,-6.2,11.33,-0.62,-18.81
714,5.31,52.8,4.37,-13.47
715,-35.29,5.12,4.18,-12.44
716,-38.8,42.87,1.75,-11.2
717,84.89,86.17,-2.72,-17.05
718,-34.62,26.02,1.26,-13.4
719,-21.33,15.24,-6.11,-17.56
720,-93.79,-12.01,-3.05,-14.94
721,-73.01,10.68,6.72,-6.27
722,35.73,50.21,5.97,-9.3
723,107.84,14.39,2.6,-8.69
724,-30.92,25.76,8.55,-7.76
725,-87.49,69.62,2.12,-15.2
726,31.92,70.51,-1.66,-14.0
727,-78.36,17.37,7.37,-10.83
728,-43.78,-10.61,5.12,-10.62
729,27.28,-4.49,3.58,-17.58
730,-16.44,49.7,1.03,-14.37
731,-11.26,74.37,0.16,-10.89
732,-42.61,32.69,0.71,-11.45
733,-99.94,-20.67,6.8,-10.02
734,90.1,41.37,5.11,-10.54
735,30.44,21.49,7.83,-10.0
736,-21.14,20.85,4.35,-12.34
737,-9.88,11.45,3.18,-14.49
738,10.91,45.6,2.48,-17.29
739,-77.3,-1.1,5.2,-10.76
740,-67.48,48.93,10.76,-9.71
741,-10.26,1.05,6.84,-8.91
742,-27.29,25.41,-4.5,-17.22
743,-6.23,41.53,1.21,-15.02
744,30.54,30.17,3.34,-17.02
745,-2.23,35.31,2.31,-14.32
746,-24.89,65.92,4.08,-8.92
747,-17.32,67.45,2.24,-15.04
748,-11.91,5.55,4.54,-16.03
749,-28.15,-22.83,1.09,-17.02
750,-30.58,14.18,5.98,-8.71
751,-23.77,11.34,6.32,-11.6
752,13.18,20.38,3.64,-12.43
753,17.69,57.5,3.94,-9.93
754,-51.8,23.97,5.58,-8.96
755,15.28,18.88,7.1,-8.37
756,-5.67,9.32,1.7,-11.81
757,-68.87,53.75,1.52,-17.56
758,-14.86,31.33,4.19,-9.58
759,-26.02,57.25,2.13,-13.55
760,-30.18,12.77,5.6,-13.49
761,-17.69,23.68,4.19,-11.29
762,-59.14,40.06,6.45,-11.91
763,-20.6,0.75,10.75,-13.86
764,30.31,38.04,8.66,-8.67
765,-2.88,11.14,2.81,-16.83
766,-13.78,6.77,5.18,-15.74
767,-3.67,44.68,8.32,-14.13
768,6.39,57.56,1.06,-12.78
769,-12.92,16.27,7.57,-11.12
770,-65.21,3.76,7.85,-12.26
771,-20.75,40.9,5.96,-14.67
772,-11.93,23.28,10.03,-13.25
773,-38.46,-8.28,3.5,-18.17
774,-34.39,14.6,7.16,-12.51
775,-13.56,24.42,7.09,-16.43
776,-29.75,28.36,2.65,-13.11
777,-45.82,-20.24,3.31,-13.19
778,-5.75,67.08,11.23,-8.14
779,31.22,63.25,7.95,-8.84
780,10.53,-12.69,4.83,-20.58
781,-21.92,3.5,8.24,-19.0
782,-5.28,20.64,1.01,-17.81
783,-33.5,31.4,2.23,-13.56
784,15.5,50.94,7.89,-9.78
785,-24.97,62.93,5.39,-13.83
786,-44.13,-15.2,8.12,-8.11
787,-11.0,27.23,7.92,-9.41
788,-64.31,21.44,6.72,-5.21
789,-10.66,11.93,3.61,-12.81
790,2.25,35.92,4.36,-12.07
791,-24.0,31.06,0.8,-17.67
792,-43.84,62.18,3.64,-12.14
793,-56.5,-21.42,5.1,-15.49
794,43.42,47.96,9.37,-11.97
795,6.31,15.5,5.44,-11.08
796,-1.49,32.59,9.91,-14.11
797,-23.42,43.04,8.04,-16.71
798,-45.17,-20.28,4.47,-14.03
799,-8.56,38.78,9.13,-9.59
800,-7.23,48.19,-3.41,-14.52
801,-7.86,42.73,10.48,-5.47
802,-18.2,13.26,5.65,-12.77
803,60.59,61.96,-1.02,-18.38
804,-65.08,5.28,6.21,-13.0
805,-51.34,-0.77,3.7,-13.91
806,-27.99,21.69,5.19,-12.9
807,26.15,10.66,8.57,-8.7
808,-26.32,24.98,-0.39,-15.16
809,-80.29,22.92,0.63,-11.61
810,-22.98,50.91,6.34,-11.71
811,53.87,45.83,4.39,-14.49
812,-16.41,57.81,4.54,-14.45
813,-32.29,-33.26,10.64,-10.96
814,-14.14,14.2,4.95,-13.41
815,-35.03,107.33,5.38,-10.71
816,-7.95,9.53,5.85,-4.86
817,-7.42,-11.01,3.22,-11.6
818,20.89,69.98,-0.37,-17.3
819,-32.26,14.45,9.47,-9.09
820,-28.99,76.07,7.71,-4.16
821,-4.6,31.57,-0.99,-10.78
822,-32.68,51.0,8.94,-11.2
823,-33.73,-15.63,4.44,-9.83
824,-36.49,26.05,4.61,-7.49
825,-10.58,32.77,9.34,-10.86
826,-30.03,72.14,4.53,-6.92
827,36.85,44.44,2.07,-11.01
828,-26.09,11.81,3.56,-12.63
829,2.24,85.05,-0.46,-13.44
830,19.61,26.97,0.07,-11.49
831,-17.91,14.68,3.38,-10.33
832,-52.84,-3.52,1.03,-14.6
833,-35.14,-8.41,5.43,-8.96
834,-42.45,26.74,3.82,-6.16
835,8.21,86.96,6.31,-11.43
836,-80.85,34.15,1.04,-11.77
837,18.82,39.24,3.55,-18.53
838,34.49,23.72,7.74,-8.26
839,18.83,70.87,3.49,-16.08
840,-60.12,80.73,6.51,-13.24
841,-24.58,17.13,5.48,-9.99
842,15.88,13.35,4.73,-16.39
843,-38.01,-17.73,5.38,-13.52
844,-15.27,20.63,-3.17,-13.43
845,-18.04,10.65,7.61,-13.95
846,3.36,38.63,3.78,-17.37
847,-83.21,22.17,3.63,-17.63
848,-11.02,51.1,9.91,-5.63
849,86.66,91.7,-3.87,-19.47
850,-40.17,-10.09,8.4,-12.8
851,-18.28,39.75,-2.08,-14.75
852,-37.84,29.22,11.21,-6.24
853,-54.11,9.39,2.39,-9.93
854,-47.58,10.68,2.49,-8.05
855,43.37,88.52,0.75,-15.07
856,-5.12,-31.36,1.3,-15.79
857,13.4,15.17,4.09,-11.04
858,-20.03,30.39,4.54,-7.19
859,-75.6,2.38,5.93,-6.26
860,-22.87,30.78,-0.53,-14.96
861,8.66,34.79,3.46,-13.7
862,-23.3,5.74,4.42,-5.77
863,-53.14,46.77,-1.0,-13.18
864,13.67,31.07,4.37,-13.45
865,12.4,38.68,7.01,-9.55
866,-69.98,60.07,5.62,-14.89
867,2.09,51.6,5.11,-10.9
868,18.34,14.04,-0.8,-21.34
869,-27.33,-30.97,4.21,-12.63
870,-25.27,18.89,1.93,-18.23
871,-10.21,42.16,3.26,-14.68
872,25.05,62.93,3.43,-16.34
873,-13.39,17.76,4.28,-11.73
874,-39.28,27.18,8.13,-9.13
875,-38.46,47.41,-0.64,-17.61
876,-53.69,22.31,2.37,-12.97
877,-16.13,61.88,6.4,-10.49
878,-51.0,7.39,5.4,-15.24
879,31.82,56.37,0.3,-20.91
880,-23.25,27.83,8.06,-10.35
881,16.12,25.45,3.75,-12.67
882,-53.01,35.49,6.37,-15.03
883,-41.31,17.49,8.26,-10.36
884,-29.76,29.06,12.04,-9.46
885,-15.96,-35.94,4.65,-13.11
886,19.46,52.81,4.86,-15.22
887,15.58,12.25,10.24,-11.62
888,-15.13,12.75,8.23,-9.03
889,-42.55,30.7,0.58,-16.94
890,38.16,66.24,7.45,-19.31
891,-42.98,34.21,2.9,-12.74
892,-13.3,29.28,7.34,-8.58
893,-76.68,26.46,3.32,-14.24
894,33.91,32.64,1.88,-17.77
895,-31.52,-11.05,9.06,-12.65
896,8.07,74.45,6.98,-10.23
897,-7.93,71.0,7.19,-13.76
898,-67.51,-78.02,8.32,-13.95
899,-49.97,8.14,12.93,-8.94
900,24.2,39.18,7.83,-13.2
901,37.53,45.89,5.09,-20.34
902,-20.73,33.53,8.69,-11.59
903,-47.15,15.27,1.82,-22.34
904,-27.93,47.29,6.48,-17.86
905,9.2,62.17,2.26,-21.12
906,-71.63,-26.03,4.51,-9.26
907,-28.23,17.05,9.22,-12.07
908,-24.86,22.79,3.32,-15.24
909,-30.41,29.16,6.91,-13.68
910,17.0,56.26,5.95,-12.94
911,-19.68,86.98,7.89,-12.4
912,-25.48,-22.23,8.98,-11.62
913,27.19,7.27,9.74,-9.75
914,20.0,36.18,4.12,-12.62
915,-67.12,1.96,-1.11,-17.33
916,-35.64,9.86,10.59,-8.76
917,-0.4,42.25,14.63,-6.82
918,-61.24,6.17,5.05,-14.62
919,-28.1,21.73,2.15,-15.88
920,19.59,44.13,4.89,-11.39
921,12.85,23.27,4.02,-13.16
922,-9.82,28.91,6.14,-13.51
923,-67.83,-7.62,4.18,-11.89
924,-6.74,27.1,9.82,-15.82
925,51.23,82.67,4.13,-19.05
926,-137.74,-13.6,7.9,-14.68
927,-58.63,20.24,9.93,-12.22
928,69.8,6.81,8.3,-15.35
929,11.04,34.98,6.58,-13.67
930,-15.08,33.26,4.59,-11.48
931,-39.92,14.31,6.7,-17.71
932,16.11,50.11,2.61,-13.67
933,-23.0,-8.64,3.94,-19.58
934,-30.02,27.67,3.81,-14.09
935,4.54,82.81,7.88,-16.05
936,-6.0,8.54,6.72,-17.86
937,-20.86,-23.01,2.75,-17.08
938,-22.51,32.58,11.33,-19.69
939,31.91,72.87,12.41,-13.81
940,5.63,7.24,3.4,-24.21
941,-68.34,25.72,4.09,-15.64
942,-39.01,-10.18,6.94,-18.46
943,-72.48,-3.06,12.68,-8.45
944,22.92,81.08,4.84,-18.8
945,-28.1,21.77,2.65,-15.53
946,18.84,20.23,9.53,-13.29
947,-10.46,19.26,2.55,-12.6
948,-18.34,22.88,7.4,-15.41
949,-11.96,28.72,12.1,-10.0
950,-19.92,39.02,15.63,-6.19
951,-14.33,-10.86,4.48,-22.57
952,-36.2,28.94,6.81,-16.08
953,-27.34,29.3,2.08,-15.2
954,-16.5,-3.49,5.32,-8.91
955,-63.73,-6.57,3.93,-16.46
956,19.27,16.05,6.06,-10.97
957,56.36,33.1,7.95,-8.96
958,11.57,52.02,8.44,-12.89
959,-96.24,-6.27,10.31,-11.74
960,-31.16,9.04,6.8,-15.16
961,41.02,54.71,1.95,-15.5
962,-5.26,61.04,4.67,-12.24
963,-53.72,29.98,5.94,-8.58
964,-19.22,-19.15,9.1,-8.41
965,-9.94,71.99,12.89,-6.4
966,-70.17,16.97,10.49,-9.11
967,-21.74,-14.49,5.33,-12.82
968,12.63,-16.73,0.53,-11.97
969,41.12,14.72,2.97,-13.29
970,-10.49,10.59,0.48,-14.95
971,-18.42,41.72,6.09,-13.16
972,-29.94,6.51,8.66,-17.43
973,-47.85,20.21,8.18,-14.21
974,-12.99,26.96,12.03,-13.1
975,2.58,11.43,7.16,-18.32
976,46.27,29.77,8.19,-14.66
977,-25.06,38.13,9.93,-9.92
978,-90.12,6.84,13.03,-10.0
979,39.71,41.16,13.91,-13.56
980,-12.3,84.62,10.83,-10.65
981,-39.11,30.09,6.15,-16.41
982,-36.5,-27.11,10.95,-9.37
983,-26.01,-23.45,2.34,-22.23
984,-29.46,21.2,6.42,-10.61
985,11.02,66.5,8.44,-13.7
986,-33.03,43.97,7.0,-6.26
987,-30.46,-20.66,4.64,-11.0
988,-28.58,5.01,8.72,-10.05
989,-50.98,25.46,9.15,-8.98
990,55.99,67.22,7.0,-13.19
991,-3.06,15.33,1.76,-15.65
992,9.01,49.3,4.33,-11.84
993,-8.68,31.4,6.33,-11.77
994,-30.12,20.33,6.64,-11.03
995,-21.2,-24.32,3.84,-15.04
996,-13.89,46.54,3.26,-11.39
997,-15.03,56.69,1.06,-10.97
998,-21.92,45.12,4.11,-10.83
999,18.57,7.63,4.68,-10.47
1000,13.6,71.85,4.2,-5.29
1001,-102.11,-23.4,4.12,-11.43
1002,-24.65,-9.01,1.86,-10.42
1003,37.64,29.96,5.64,-1.96
1004,-62.1,9.79,-0.64,-11.09
1005,-62.97,18.31,3.69,-7.42
1006,-4.23,39.4,8.47,-1.5
1007,8.01,52.72,1.74,-6.24
1008,-22.82,18.33,5.24,-10.21
1009,10.68,24.75,-5.45,-21.16
1010,-7.01,11.8,2.62,0.33
1011,-37.46,13.44,3.47,-12.13
1012,-78.13,36.31,7.01,-5.74
1013,8.9,47.68,4.43,-9.67
1014,73.81,42.68,1.01,-16.05
1015,-31.6,-11.4,2.6,-11.15
1016,-48.94,6.64,6.03,-4.62
1017,-15.7,16.47,1.37,-14.1
1018,-44.48,43.32,1.76,-12.3
1019,-4.57,60.82,4.76,-8.96
1020,3.07,-4.86,-0.17,-8.69
1021,21.64,9.91,-3.92,-12.21
1022,-68.72,4.99,2.7,-5.54
1023,-2.55,30.61,8.64,-1.28
1024,-30.27,3.68,0.8,-9.04
1025,-3.98,35.53,-0.91,-5.38
1026,-36.36,20.22,2.94,-7.18
1027,-17.51,29.56,2.8,-2.22
1028,-29.82,16.32,0.57,-3.55
1029,-1.41,90.03,1.28,-7.38
1030,-7.54,42.6,7.16,-3.25
1031,-40.67,-49.89,1.43,-11.49
1032,-34.94,-2.11,-0.19,-6.67
1033,-16.91,50.17,0.15,-16.12
1034,32.82,46.61,0.15,-11.75
1035,-3.72,26.5,1.63,-10.61
1036,-101.25,6.77,7.04,-6.18
1037,-31.77,-0.99,5.26,-4.73
1038,-8.63,30.39,5.21,-3.06
1039,83.84,11.6,-3.2,-20.84
1040,5.64,49.94,1.04,-10.42
1041,-24.29,23.34,8.78,-7.18
1042,1.68,67.65,4.15,-5.22
1043,1.17,32.6,3.06,-10.23
1044,-31.07,1.68,4.23,-10.56
1045,-72.44,-41.52,10.1,-9.98
1046,-15.61,19.64,6.1,-16.39
1047,-7.15,75.44,3.44,-11.58
1048,-33.95,15.91,-0.41,-15.26
1049,-51.81,-30.24,7.84,-13.73
1050,-87.64,0.3,13.23,-4.25
1051,7.92,59.21,4.93,-8.79
1052,62.57,7.72,0.07,-8.31
1053,22.82,8.97,1.38,-8.17
1054,-10.04,26.08,7.9,-9.29
1055,-34.67,1.8,6.64,-7.12
1056,-7.86,48.56,8.7,-13.51
1057,19.24,48.91,7.66,-14.44
1058,25.51,37.32,6.2,-15.0
1059,-32.0,28.9,8.57,-13.2
1060,-49.12,59.81,9.12,-7.88
1061,-53.57,5.09,1.23,-15.02
1062,-20.85,14.47,8.02,-12.03
1063,-9.29,28.34,1.14,-19.12
1064,-8.25,52.85,13.46,-5.54
1065,-6.63,30.09,5.65,-10.45
1066,-35.6,-27.91,11.26,-7.23
1067,-21.22,16.29,7.55,-10.32
1068,-35.77,0.71,0.48,-14.89
1069,15.32,14.2,6.17,-10.69
1070,-40.36,10.88,10.6,-5.57
1071,-3.47,47.2,5.85,-4.31
1072,-14.09,59.65,11.55,-3.55
1073,14.66,30.79,2.08,-11.02
1074,7.72,-10.37,10.6,-10.54
1075,16.01,-3.73,-1.57,-18.07
1076,-30.76,4.63,-0.94,-14.66
1077,-64.34,63.22,8.37,-6.47
1078,-21.67,9.59,5.5,-8.65
1079,28.67,-5.59,5.05,-7.68
1080,1.05,28.5,6.38,-11.09
1081,-38.77,2.59,-0.27,-17.13
1082,-17.21,44.67,10.87,-7.03
1083,-13.26,23.75,4.08,-15.0
1084,-26.33,87.38,10.86,-4.25
1085,9.89,36.94,2.13,-16.67
1086,-46.37,-1.37,3.48,-14.08
1087,-20.65,46.15,5.77,-11.24
1088,-44.72,28.32,5.8,-13.85
1089,-1.44,18.56,2.71,-17.27
1090,74.94,15.13,-0.39,-12.41
1091,-6.09,31.15,7.43,-5.28
1092,-27.25,55.55,1.06,-19.15
1093,-29.15,14.38,0.24,-10.84
1094,5.02,9.91,-0.46,-16.62
1095,-15.64,30.27,5.82,-9.89
1096,-54.42,-6.87,6.24,-11.93
1097,-40.78,13.15,2.4,-10.38
1098,-12.59,40.92,2.01,-13.51
1099,-16.37,15.37,6.4,-11.92
1100,-33.7,19.14,9.98,-7.91
1101,-1.43,98.11,3.38,-9.92
1102,-57.77,-1.84,1.13,-15.87
1103,8.99,10.15,0.66,-15.89
1104,48.72,27.15,2.86,-12.13
1105,-45.53,22.55,6.72,-6.66
1106,-15.33,32.95,7.85,-7.98
1107,-20.08,23.27,1.09,-15.07
1108,-5.69,-9.57,0.09,-16.4
1109,33.92,12.47,6.37,-8.88
1110,8.77,29.87,10.29,-7.22
1111,-42.99,36.36,2.08,-16.84
1112,-71.74,22.01,10.89,-6.1
1113,9.15,63.44,5.84,-10.82
1114,-9.65,6.26,10.09,-10.74
1115,-46.86,7.33,1.3,-13.65
1116,6.51,2.1,3.29,-21.14
1117,1.96,39.73,1.88,-13.98
1118,-83.59,6.41,9.63,-9.73
1119,-43.77,-35.62,5.41,-15.89
1120,72.72,51.32,2.71,-20.29
1121,4.87,15.65,12.7,-7.81
1122,-13.82,27.05,2.21,-12.87
1123,3.48,22.39,10.01,-9.77
1124,-68.48,-16.68,5.61,-14.09
1125,0.24,17.95,8.03,-15.4
1126,44.65,104.08,12.21,-6.6
1127,-26.3,38.57,9.7,-9.26
1128,-63.81,-38.6,1.54,-21.35
1129,-24.75,-21.08,-0.99,-17.74
1130,-28.11,-3.98,5.22,-15.22
1131,-10.91,26.21,9.92,-11.64
1132,-17.71,76.15,5.1,-16.02
1133,9.3,41.76,6.44,-10.67
1134,-52.58,-46.22,7.4,-10.36
1135,-43.86,-12.48,8.47,-11.23
1136,-29.13,17.78,6.15,-16.08
1137,-0.28,39.08,6.03,-8.49
1138,-3.58,25.62,6.13,-8.92
1139,40.27,12.32,0.77,-18.43
1140,-0.49,45.78,1.2,-13.2
1141,-43.32,23.45,4.04,-6.67
1142,-43.13,-3.94,7.47,-5.77
1143,-42.59,-3.34,8.15,-2.92
1144,-0.61,29.03,4.56,-10.71
1145,-29.13,13.27,7.43,-14.16
1146,4.24,10.82,9.75,-8.11
1147,-7.55,-6.52,6.08,-11.97
1148,-8.42,12.0,8.53,-12.29
1149,-3.59,24.58,5.24,-13.2
1150,-34.61,11.74,4.5,-13.42
1151,-43.29,8.67,9.77,-11.78
1152,12.52,52.19,3.86,-10.11
1153,-1.92,43.61,5.13,-6.67
1154,-49.5,-35.04,4.19,-17.17
1155,-33.25,12.7,9.24,-12.88
1156,-23.95,8.42,7.22,-15.41
1157,5.08,13.3,4.07,-10.51
1158,17.25,36.89,1.2,-11.11
1159,-38.85,-7.28,6.84,-12.81
1160,-61.02,-22.05,6.96,-16.43
1161,-54.81,11.56,6.52,-14.67
1162,-6.17,32.39,7.24,-11.57
1163,36.63,14.81,5.7,-13.9
1164,45.15,55.77,5.2,-11.58
1165,-48.94,-11.58,2.45,-17.08
1166,-59.63,-12.34,5.41,-11.35
1167,-42.94,4.34,8.61,-10.2
1168,-64.35,-13.53,12.99,1.36
1169,91.23,21.37,0.02,-12.52
1170,-35.6,47.99,3.78,-14.15
1171,-14.46,36.61,8.05,-13.99
1172,-15.67,29.98,4.61,-9.87
1173,-41.88,15.81,1.94,-8.76
1174,12.62,73.09,2.93,-9.13
1175,-13.46,68.2,7.74,-7.38
1176,-43.87,-26.58,5.65,-8.4
1177,-46.65,37.1,7.12,-10.18
1178,7.47,7.27,1.08,-17.18
1179,-34.7,-39.62,3.76,-13.94
1180,-23.06,5.62,3.63,-13.4
1181,-9.64,33.3,2.06,-8.47
1182,24.36,22.47,6.92,-12.56
1183,-5.61,8.4,9.31,-9.98
1184,-41.77,20.31,4.1,-12.74
1185,-44.32,40.03,9.25,-9.3
1186,-27.98,19.16,5.87,-13.78
1187,-16.1,2.97,12.61,-9.74
1188,-38.37,25.86,5.67,-6.51
1189,-3.58,30.82,3.59,-17.25
1190,-16.75,68.05,4.75,-9.91
1191,-8.44,33.2,2.02,-13.37
1192,-20.31,-28.12,4.2,-19.26
1193,-14.48,42.96,10.94,-11.93
1194,20.29,49.09,11.94,-4.08
1195,-66.66,-32.01,0.72,-12.85
1196,-46.78,14.82,4.28,-17.89
1197,13.31,18.08,-8.42,-25.49
1198,26.66,46.1,2.32,-15.76
1199,-24.17,14.48,4.36,-11.9
1200,-56.86,48.83,3.99,-12.34
1201,57.19,65.53,6.99,-11.14
1202,-37.11,-2.74,4.37,-9.07
1203,-37.77,59.28,4.96,-10.22
1204,-19.99,28.42,7.31,-8.51
1205,-28.04,-42.3,-1.69,-16.09
1206,7.03,48.33,-0.65,-11.91
1207,-67.51,-5.05,2.05,-12.68
1208,21.82,47.06,6.43,-10.33
1209,4.36,35.95,8.42,-7.97
1210,-68.4,-4.11,5.19,-11.71
1211,-124.41,-23.34,5.13,-8.08
1212,50.03,51.36,0.25,-11.97
1213,47.03,17.74,3.03,-12.67
1214,29.68,63.06,0.59,-10.37
1215,-40.79,20.77,8.27,-3.35
1216,10.08,35.79,5.03,-19.32
1217,-21.31,12.96,0.79,-13.38
1218,-8.6,37.14,-1.0,-19.78
1219,15.43,37.11,4.61,-14.16
1220,-74.08,37.54,2.32,-5.85
1221,-88.66,-6.63,2.65,-17.22
1222,-6.45,81.36,7.7,-6.64
1223,-37.52,-34.65,0.11,-10.05
1224,27.55,7.94,0.04,-19.18
1225,19.98,-26.54,4.31,-13.19
1226,2.54,18.3,3.36,-15.65
1227,-25.69,4.67,3.81,-14.33
1228,-11.43,1.29,4.32,-9.24
1229,3.96,40.4,6.1,-12.16
1230,-12.33,85.0,6.9,-7.36
1231,-58.37,-9.03,5.48,-14.49
1232,-18.19,19.63,6.49,-11.92
1233,-32.69,11.25,1.29,-17.35
1234,-6.79,17.34,2.62,-14.56
1235,-41.47,8.08,9.81,-8.98
1236,-21.38,26.24,7.16,-10.21
1237,-70.26,21.58,10.66,-6.75
1238,30.07,34.32,9.99,-7.81
1239,5.69,37.16,0.57,-21.74
1240,-6.75,-14.91,1.9,-20.03
1241,-10.64,35.49,2.79,-12.04
1242,-4.4,35.64,9.66,-11.09
1243,-78.32,-73.16,11.52,-11.46
1244,-0.76,15.49,2.99,-10.72
1245,62.51,83.53,1.62,-13.45
1246,-47.63,45.76,5.38,-10.66
1247,-45.15,-14.15,5.41,-10.76
1248,-20.99,65.51,5.2,-4.27
1249,-16.45,-58.35,5.13,-9.73
1250,-24.2,-1.12,1.79,-9.62
1251,-27.49,9.13,5.01,-8.01
1252,-26.85,7.93,14.38,-2.9
1253,-30.72,12.49,3.46,-13.54
1254,30.83,53.11,2.21,-11.47
1255,-7.9,27.24,-0.09,-11.8
1256,-31.27,29.95,2.86,-15.0
1257,-22.69,17.07,6.49,-8.38
1258,-12.93,21.96,6.69,-9.84
1259,-46.35,18.85,5.43,-9.79
1260,-15.27,43.64,6.43,-8.28
1261,-15.43,-4.4,1.38,-12.86
1262,-43.02,24.43,-1.4,-13.63
1263,-35.74,24.22,3.84,-9.58
1264,-42.38,3.87,0.08,-14.31
1265,-30.16,-21.06,3.4,-12.98
1266,52.21,54.71,0.27,-16.78
1267,26.11,19.88,-3.53,-15.95
1268,-29.17,21.78,10.65,-7.84
1269,-27.87,34.61,6.04,-11.77
1270,-6.82,5.42,2.38,-13.2
1271,-22.36,10.43,1.7,-15.46
1272,3.39,20.87,1.5,-18.41
1273,-28.09,21.14,8.0,-13.29
1274,-25.04,-5.17,8.96,-8.94
1275,10.99,64.04,6.11,-10.81
1276,-23.42,51.6,4.32,-11.25
1277,-35.82,-59.03,7.47,-14.79
1278,-34.44,-24.99,8.86,-11.88
1279,-18.99,19.84,9.73,-10.94
1280,-4.48,36.16,8.26,-15.42
1281,-14.33,34.44,4.13,-14.73
1282,-24.2,21.77,3.63,-15.89
1283,-34.64,-13.6,6.08,-11.39
1284,-43.29,-14.58,8.93,-12.72
1285,-57.7,7.13,10.26,-4.43
1286,24.04,50.3,2.88,-15.87
1287,9.97,35.89,1.97,-16.92
1288,19.57,17.86,4.77,-16.57
1289,18.05,24.89,5.73,-11.08
1290,13.44,62.09,2.87,-18.73
1291,-56.15,5.94,6.98,-16.04
1292,-40.42,11.02,3.59,-17.55
1293,-25.14,46.58,6.3,-10.23
1294,-30.49,33.73,7.34,-11.68
1295,-10.0,15.08,5.28,-10.32
1296,-23.21,-33.05,2.24,-14.95
1297,-14.11,-8.51,8.54,-7.59
1298,1.56,93.39,5.01,-11.37
1299,-15.91,-0.17,4.01,-13.87
1300,-46.25,-17.17,5.19,-16.32
1301,-70.83,-10.19,6.57,-7.6
1302,-28.68,42.43,4.52,-7.75
1303,4.29,31.77,4.46,-8.75
1304,34.56,41.32,6.35,-9.78
1305,17.46,64.66,2.47,-14.39
1306,-6.82,31.1,10.66,-7.1
1307,-5.05,-9.92,-1.88,-17.21
1308,-55.06,-21.64,2.66,-14.3
1309,-23.68,9.99,5.13,-10.28
1310,19.8,35.32,7.29,-9.38
1311,-44.98,-1.2,0.32,-14.93
1312,-24.46,39.76,6.21,-12.59
1313,2.66,61.6,7.53,-9.4
1314,-42.51,-11.93,7.04,-15.68
1315,-20.37,-9.03,7.09,-14.74
1316,-25.66,29.89,6.57,-5.99
1317,-18.82,15.74,-0.99,-10.06
1318,-24.61,6.7,7.95,-9.48
1319,-28.38,27.53,5.51,-9.49
1320,-67.04,48.37,4.84,-5.67
1321,12.46,7.83,-0.5,-15.32
1322,5.78,52.84,3.39,-11.08
1323,-18.26,29.52,6.52,-8.41
1324,15.6,0.5,4.5,-15.61
1325,-46.38,-12.97,6.89,-7.7
1326,-37.13,26.43,0.17,-9.65
1327,6.05,60.58,-1.69,-12.72
1328,13.39,32.03,5.7,-6.25
1329,-17.67,8.52,-2.15,-9.3
1330,2.72,54.58,1.73,-16.0
1331,-40.04,-12.64,5.99,-15.16
1332,-46.16,-7.12,1.78,-12.88
1333,-19.74,-7.87,2.69,-13.2
1334,21.71,27.51,4.91,-10.54
1335,-24.4,33.98,3.86,-12.19
1336,-38.69,48.08,9.02,-9.49
1337,-66.44,-2.73,10.7,-8.49
1338,-60.92,-15.62,9.61,-9.73
1339,38.15,4.97,4.1,-13.92
1340,3.6,6.86,2.08,-11.56
1341,12.3,13.87,-1.34,-10.67
1342,6.25,61.27,6.03,-11.08
1343,-9.92,23.56,2.45,-10.4
1344,-30.22,-17.83,4.0,-10.15
1345,-6.32,14.07,2.44,-12.89
1346,40.23,85.59,7.93,-5.03
1347,-61.2,-39.84,3.93,-10.88
1348,-51.69,-32.59,-2.71,-16.75
1349,-37.83,27.17,2.53,-12.04
1350,-6.96,3.6,9.66,-2.12
1351,33.14,15.54,-1.31,-11.06
1352,-56.31,35.19,-2.75,-13.69
1353,-33.32,16.04,6.11,-12.75
1354,-106.66,-9.02,2.46,-7.29
1355,-10.31,43.73,2.82,-4.36
1356,61.15,19.21,-3.39,-16.67
1357,21.49,15.45,3.22,-11.73
1358,13.61,44.11,1.2,-10.55
1359,-67.75,23.79,5.42,-10.65
1360,-12.89,11.27,6.61,-8.04
1361,26.06,78.32,1.17,-10.01
1362,-4.52,2.82,3.92,-7.79
1363,-26.11,1.89,3.5,-8.61
1364,-16.62,42.0,5.25,-7.51
1365,-53.08,-47.53,3.61,-11.68
1366,-51.82,20.46,4.65,-12.7
1367,-32.5,50.51,-3.43,-13.21
1368,25.75,18.79,-1.57,-11.57
1369,47.44,68.09,2.39,-4.87
1370,-4.2,-23.78,4.08,-11.15
1371,-49.98,0.15,-4.17,-15.15
1372,-31.42,20.6,2.76,-10.31
1373,-18.98,30.75,2.59,-11.51
1374,-29.1,57.8,1.63,-11.14
1375,-50.7,0.63,3.76,-6.85
1376,22.08,50.09,2.79,-12.87
1377,4.35,28.65,1.93,-7.99
1378,-41.28,-14.59,2.33,-7.05
1379,-26.07,-2.98,6.74,-9.4
1380,-43.16,-11.74,10.77,-4.56
1381,-58.15,64.44,8.6,-1.03
1382,32.2,25.95,1.14,-7.52
1383,-1.52,22.0,-5.18,-13.64
1384,-51.23,-2.45,4.84,-8.48
1385,-46.44,-17.01,6.17,-6.09
1386,32.55,35.74,-0.21,-9.35
1387,36.3,7.89,2.44,-6.5
1388,-15.25,48.49,-0.09,-11.52
1389,-39.49,61.5,0.11,-8.97
1390,-10.86,46.64,4.22,-0.32
1391,-43.08,-6.55,-0.36,-12.8
1392,-17.12,38.23,-3.18,-9.55
1393,-33.87,-17.16,2.42,-9.77
1394,-5.17,-1.11,3.94,-10.41
1395,-13.61,6.37,3.24,-8.15
1396,-42.78,33.4,1.57,-8.96
1397,-50.89,-17.36,2.96,-11.52
1398,-9.63,7.43,-0.99,-8.48
1399,-19.3,19.74,-0.25,-7.92
1400,-55.54,49.68,0.05,-8.12
1401,25.86,-10.26,0.76,-8.78
1402,2.72,9.12,-1.65,-9.07
1403,11.0,9.04,-1.13,-13.46
1404,2.44,-0.84,1.29,-10.78
1405,-14.64,22.84,-0.57,-12.56
1406,-32.04,42.05,8.03,-5.96
1407,-33.64,31.8,2.13,-11.63
1408,-16.3,24.67,2.82,-7.81
1409,-29.66,-7.69,2.28,-12.28
1410,-54.78,43.88,8.17,-1.64
1411,6.96,-35.84,3.16,-6.83
1412,0.7,13.71,0.83,-11.92
1413,-8.73,-5.31,2.76,-11.23
1414,-21.2,7.44,1.34,-11.95
1415,-18.62,8.58,4.41,-11.95
1416,-22.77,21.73,4.4,-11.62
1417,-16.05,14.07,1.22,-14.23
1418,-14.87,44.65,5.28,-9.0
1419,-11.24,28.33,6.41,-6.17
1420,-16.81,-0.26,3.82,-14.54
1421,-8.29,-0.82,-2.6,-13.93
1422,-16.46,28.88,-0.7,-9.16
1423,-46.67,-18.75,6.05,-9.31
1424,-10.81,27.21,4.93,-7.3
1425,-45.82,-22.17,-0.93,-11.79
1426,-18.79,29.5,2.53,-10.63
1427,-25.21,-4.81,1.54,-9.88
1428,-13.17,11.33,-3.93,-14.84
1429,-6.79,28.31,4.95,-5.03
1430,-13.31,24.37,2.16,-10.63
1431,-18.62,9.24,0.02,-9.5
1432,7.2,69.49,6.57,-5.83
1433,-3.72,25.84,-3.29,-9.74
1434,-63.91,-12.31,4.13,-4.81
1435,-38.48,17.3,6.06,-5.51
1436,-46.58,3.16,-2.27,-14.16
1437,-83.3,-6.03,5.34,-4.17
1438,33.37,-10.78,6.72,-10.03
1439,41.94,68.94,-1.64,-14.16
1440,-18.18,98.14,2.36,-16.92
1441,38.64,54.22,-2.56,-9.17
1442,-12.55,19.04,-0.17,-10.02
1443,-5.11,51.66,-0.59,-11.67
1444,-22.23,-16.63,-3.07,-10.17
1445,-44.23,-66.43,-4.79,-17.76
1446,-39.32,2.48,-1.82,-12.8
1447,-22.29,40.32,2.92,-6.87
1448,-48.36,23.3,1.84,-7.72
1449,-28.73,-5.48,-1.16,-12.69
1450,-24.28,-8.06,-2.49,-14.68
1451,-126.05,-16.88,8.9,-1.19
1452,1.74,45.12,6.27,-1.32
1453,104.89,62.51,-7.35,-15.9
1454,17.92,0.97,-5.33,-18.14
1455,-7.81,10.51,2.19,-13.06
1456,-7.04,83.14,-1.49,-10.96
1457,-40.15,-3.76,5.73,-3.87
1458,-53.08,-30.52,2.08,-12.15
1459,19.15,17.83,0.66,-14.25
1460,-4.26,35.38,2.54,-4.43
1461,-66.84,53.08,4.72,-8.67
1462,-10.27,15.63,1.2,-10.53
1463,-4.48,-47.63,0.3,-12.8
1464,6.53,20.93,2.4,-13.28
1465,-39.28,42.9,4.93,-6.97
1466,-1.32,16.03,3.77,-9.75
1467,-14.35,18.04,-0.38,-11.83
1468,-51.05,-20.83,3.2,-14.22
1469,-31.83,9.76,7.23,-5.42
1470,-7.47,12.41,8.24,-10.14
1471,-13.77,75.08,4.13,-6.04
1472,-8.3,1.78,0.28,-10.82
1473,21.86,21.78,2.22,-11.85
1474,-45.83,17.42,1.3,-8.45
1475,-56.11,25.15,10.17,-3.02
1476,32.36,78.63,5.45,-7.63
1477,-2.5,48.47,2.66,-9.57
1478,-32.68,-48.67,3.96,-16.59
1479,-21.37,-21.07,5.24,-12.19
1480,-23.61,-1.73,3.52,-16.52
1481,-35.17,67.57,2.71,-14.04
1482,21.96,8.74,8.33,-11.42
1483,-58.66,5.9,9.45,-5.12
1484,19.1,36.97,-3.97,-16.42
1485,-12.16,3.52,5.39,-12.53
1486,-89.26,-1.7,6.04,-10.34
1487,-22.19,32.19,1.15,-14.88
1488,39.23,49.74,6.69,-12.05
1489,8.61,74.32,5.48,-10.68
1490,-37.32,14.9,7.13,-11.31
1491,-8.86,11.29,1.48,-15.89
1492,9.21,47.35,4.82,-12.68
1493,-35.75,-10.03,0.46,-17.16
1494,-44.91,-33.59,2.82,-15.35
1495,80.55,52.16,1.23,-11.86
1496,-42.13,-26.87,2.59,-14.15
1497,-40.94,24.64,0.85,-11.69
1498,-69.21,36.0,4.8,-14.13
1499,-83.69,-19.78,10.5,-4.79
1500,1.71,39.34,8.84,-10.71
1501,32.58,-2.85,5.28,-14.17
1502,17.32,10.11,2.4,-8.59
1503,-14.81,60.81,5.86,-16.5
1504,-37.98,-9.53,6.94,-12.92
1505,-22.75,28.63,2.27,-12.86
1506,-24.45,20.36,8.6,-10.56
1507,-22.49,-21.43,5.96,-8.83
1508,-57.54,15.6,11.32,-4.29
1509,53.42,77.92,5.04,-12.79
1510,-30.98,-22.37,6.17,-10.39
1511,-75.44,18.82,0.9,-17.66
1512,-18.56,3.2,4.15,-8.39
1513,-3.6,-6.38,2.08,-11.11
1514,71.78,50.8,-3.88,-13.54
1515,-80.28,13.46,4.57,-10.83
1516,-19.97,58.33,3.51,-8.1
1517,-1.26,6.97,9.04,-0.33
1518,3.82,-14.74,5.45,-5.11
1519,-6.33,27.15,-4.76,-14.83
1520,13.07,-9.37,6.45,-11.65
1521,-108.56,77.23,17.71,3.26
1522,-40.87,-56.05,2.9,-9.78
1523,59.94,60.98,3.65,-16.61
1524,-3.34,30.52,0.79,-9.28
1525,9.45,29.65,6.02,-6.8
1526,-28.5,-11.87,-9.92,-17.92
1527,-45.48,-7.28,4.19,-11.46
1528,7.22,65.79,20.54,-3.84
1529,-19.43,17.5,-1.78,-12.44
1530,-9.66,16.23,4.12,-10.43
1531,-57.82,15.34,5.04,-11.29
1532,-9.85,7.91,2.74,-13.24
1533,-11.82,24.53,2.06,-10.19
1534,-100.19,-43.05,15.63,0.07
1535,81.01,53.09,-1.44,-13.51
1536,27.31,45.69,0.13,-14.45
1537,-3.82,-23.68,10.52,-4.6
1538,-59.68,-22.52,5.09,-10.79
1539,6.91,84.99,-1.59,-11.07
1540,-7.18,22.37,0.8,-13.67
1541,22.89,0.03,2.4,-10.84
1542,-36.5,12.37,-5.81,-15.25
1543,-40.85,42.58,-11.01,-11.75
1544,-16.96,-24.06,13.19,-10.27
1545,-56.21,9.55,5.08,-14.06
1546,-48.56,1.83,6.37,-6.47
1547,75.21,68.13,8.04,-16.67
1548,1.53,13.74,-2.15,-13.98
1549,-23.86,28.87,7.88,-1.58
1550,-97.85,-13.27,4.0,-17.32
1551,6.35,27.26,-0.08,-15.92
1552,22.79,34.58,4.22,-13.28
1553,-28.05,6.38,2.89,-15.05
1554,-44.7,-13.54,3.31,-10.9
1555,-27.92,34.88,6.89,-7.35
1556,-2.16,18.07,5.47,-12.55
1557,-38.75,-25.83,3.74,-13.76
1558,-7.2,35.42,6.24,-12.92
1559,-19.11,30.02,13.91,-7.32
1560,45.34,51.02,-4.25,-12.48
1561,-17.04,2.54,6.44,-11.57
1562,3.4,25.46,3.77,-13.8
1563,-49.85,5.89,-9.68,-16.94
1564,-57.7,6.25,15.69,-13.21
1565,42.41,52.96,3.58,-13.49
1566,-30.36,-69.06,9.45,-11.51
1567,-26.13,10.61,4.39,-14.9
1568,14.61,23.12,10.28,-5.06
1569,-32.87,27.42,-1.11,-13.78
1570,-48.26,15.46,12.17,-16.89
1571,-40.08,24.03,-1.28,-12.69
1572,-4.03,-8.13,-0.98,-8.19
1573,-18.43,39.53,0.06,-11.61
1574,-40.54,-9.97,4.61,-16.96
1575,47.17,63.97,4.37,-9.08
1576,58.46,71.38,6.6,-16.24
1577,-47.78,-51.15,5.5,-18.03
1578,-29.56,1.02,5.02,-14.02
1579,-68.89,-27.98,10.63,-7.93
1580,-13.98,43.37,10.95,-9.69
1581,-40.13,0.99,14.01,-10.71
1582,-14.25,-10.61,13.13,-11.28
1583,10.41,46.62,2.2,-9.27
1584,-29.76,18.07,9.31,-7.75
1585,-69.31,-15.33,10.78,-6.23
1586,55.04,69.09,6.65,-18.15
1587,-11.46,-2.8,0.88,-16.7
1588,-90.15,11.98,11.22,-5.67
1589,30.43,36.33,6.53,-17.06
1590,15.69,56.59,1.56,-14.77
1591,-31.33,42.39,6.18,-12.26
1592,-29.4,-39.59,2.08,-14.51
1593,-10.42,45.65,8.53,-9.24
1594,-37.15,-18.43,6.57,-12.77
1595,-46.13,-2.84,2.34,-16.54
1596,-32.61,11.49,2.45,-15.29
1597,7.03,14.36,0.19,-17.39
1598,-2.71,6.58,-0.97,-14.92
1599,-5.64,23.73,-0.75,-13.17
1600,-43.27,22.54,1.0,-11.08
1601,-136.21,-11.61,3.31,-10.28
1602,42.31,39.47,6.47,-10.74
1603,12.81,34.97,-0.23,-14.68
1604,6.67,67.53,3.34,-10.21
1605,-11.99,5.98,3.03,-16.85
1606,-24.82,-25.14,4.84,-15.27
1607,-48.67,26.58,5.85,-16.9
1608,-5.81,74.48,4.04,-11.8
1609,40.56,64.14,4.0,-11.34
1610,-48.36,-41.71,-0.01,-18.89
1611,-11.46,0.76,1.93,-16.85
1612,31.04,28.86,6.47,-16.56
1613,-31.31,0.34,3.5,-16.21
1614,-48.93,48.72,5.12,-9.63
1615,-45.65,36.3,0.84,-13.74
1616,-47.89,-19.4,2.48,-16.76
1617,-63.76,-15.68,6.17,-10.02
1618,-12.05,44.04,1.57,-16.37
1619,1.95,65.01,-3.79,-15.9
1620,18.51,47.35,7.05,-16.52
1621,8.57,46.92,2.46,-17.17
1622,27.05,81.8,5.86,-13.81
1623,-44.69,-67.52,0.02,-21.7
1624,-46.21,-20.12,4.1,-14.88
1625,-36.05,16.72,-1.05,-19.15
1626,-65.33,7.77,8.26,-13.05
1627,-29.35,26.87,-0.2,-16.05
1628,15.86,27.88,2.56,-19.42
1629,23.87,41.86,1.35,-16.28
1630,-23.0,38.78,3.84,-9.5
1631,29.76,-0.38,4.16,-14.59
1632,-34.71,9.79,5.39,-10.18
1633,-76.54,-32.98,4.02,-13.98
1634,-32.44,7.48,4.95,-8.69
1635,23.7,70.43,-0.61,-11.01
1636,25.61,34.57,-3.68,-16.7
1637,-30.97,6.83,0.62,-14.81
1638,9.35,86.94,4.16,-14.38
1639,-68.47,7.64,0.95,-11.54
1640,0.2,0.3,6.02,-12.89
1641,-57.23,-21.65,3.9,-6.73
1642,-8.96,31.6,2.75,-13.58
1643,-18.0,32.55,3.74,-9.47
1644,-72.71,-13.43,1.44,-4.13
1645,-1.67,9.83,4.13,-10.94
1646,-13.0,39.15,-0.88,-17.68
1647,-46.7,15.85,-5.63,-15.02
1648,32.54,0.1,0.86,-18.52
1649,15.91,31.72,-0.96,-19.8
1650,-2.49,50.26,1.41,-14.59
1651,21.86,37.12,-2.82,-17.55
1652,13.74,26.45,3.12,-11.5
1653,-100.86,-3.91,-0.21,-13.07
1654,-37.25,64.63,5.87,-7.91
1655,-4.4,-14.78,1.15,-16.51
1656,19.78,39.04,-2.65,-15.84
1657,-63.7,2.39,4.56,-9.67
1658,-25.42,-1.4,4.36,-9.53
1659,26.52,71.42,0.19,-10.55
1660,5.97,44.33,-5.15,-14.13
1661,-21.95,-3.77,0.54,-13.95
1662,-40.31,30.5,1.99,-7.24
1663,-35.66,3.32,2.55,-16.35
1664,21.06,17.64,2.82,-12.7
1665,-40.44,14.2,2.03,-10.85
1666,-32.57,55.2,5.22,-8.03
1667,64.59,42.17,-1.0,-10.69
1668,-42.72,25.29,-4.01,-18.68
1669,-71.17,2.46,2.85,-9.39
1670,1.08,16.94,3.07,-12.34
1671,-7.21,78.49,-2.26,-10.55
1672,-4.73,-15.95,4.47,-18.08
1673,-16.24,-1.92,5.99,-11.11
1674,-42.38,45.85,5.22,-9.97
1675,-7.52,0.58,7.56,-10.97
1676,-12.24,-10.14,2.44,-18.29
1677,-18.74,-2.93,-0.19,-15.8
1678,-68.44,-3.35,6.08,-12.48
1679,-33.47,7.47,7.45,-5.81
1680,-7.06,-11.34,2.69,-12.52
1681,5.97,21.74,2.41,-14.73
1682,-27.56,11.27,7.92,-8.33
1683,8.71,44.89,4.05,-18.28
1684,-15.71,21.26,1.53,-14.9
1685,24.86,61.07,-0.48,-18.1
1686,-25.17,53.57,6.75,-12.65
1687,-55.46,-25.49,10.53,-10.01
1688,-19.27,-28.93,0.67,-16.05
1689,-6.5,41.61,6.86,-15.6
1690,-50.27,7.72,7.75,-6.06
1691,-29.08,31.14,7.07,-15.55
1692,-0.88,58.99,5.87,-9.97
1693,-11.98,11.61,2.41,-8.65
1694,-18.89,-13.53,3.93,-9.9
1695,-100.65,-4.86,6.98,-8.3
1696,4.28,32.38,5.35,-8.57
1697,49.64,40.06,4.82,-12.89
1698,-3.57,29.63,6.25,-12.59
1699,19.89,-5.79,3.08,-17.05
1700,-0.48,76.55,5.79,-10.13
1701,-14.67,36.41,7.3,-8.09
1702,-22.29,-26.68,4.94,-12.72
1703,-104.14,-12.42,5.0,-7.32
1704,-45.89,-32.91,7.04,-9.55
1705,42.75,17.52,-0.47,-16.76
1706,3.38,78.51,-3.98,-20.89
1707,5.63,5.48,12.52,-15.48
1708,-43.33,-4.33,4.07,-16.75
1709,-39.86,-17.12,2.85,-13.45
1710,16.0,76.46,5.97,-15.97
1711,-10.48,19.43,5.76,-17.14
1712,-27.84,7.95,5.96,-11.36
1713,-51.89,22.43,2.93,-18.08
1714,21.18,63.02,5.68,-13.84
1715,-11.71,-28.66,0.14,-17.27
1716,-22.08,-11.18,5.13,-17.92
1717,-11.01,38.24,3.57,-10.68
1718,-16.94,31.67,-1.47,-14.29
1719,-17.62,26.77,7.25,-16.04
1720,-26.55,18.26,1.86,-9.13
1721,-7.41,52.0,5.33,-12.5
1722,-37.91,2.07,2.97,-13.62
1723,-41.34,-41.88,2.32,-18.38
1724,-27.55,-20.39,3.18,-8.86
1725,-33.85,36.94,3.95,-10.49
1726,23.73,49.77,0.99,-12.24
1727,10.18,40.85,4.44,-11.46
1728,-22.46,20.79,0.29,-15.07
1729,-16.71,23.48,1.67,-10.12
1730,-32.35,23.26,-4.76,-11.41
1731,17.66,31.81,3.64,-13.07
1732,-12.17,11.95,5.8,-11.15
1733,-7.63,-18.14,2.23,-11.86
1734,-65.37,10.66,3.86,-9.95
1735,-32.91,29.01,4.44,-11.13
1736,12.32,58.66,2.64,-12.84
1737,-19.25,15.59,2.06,-13.62
1738,-9.91,-0.41,4.87,-6.99
1739,-36.4,-44.25,8.56,-10.44
1740,-148.65,-49.23,8.48,-13.08
1741,34.08,56.26,1.85,-11.34
1742,60.44,73.63,-2.46,-16.25
1743,12.73,-5.94,-5.13,-20.1
1744,17.45,28.78,0.42,-19.93
1745,-0.75,6.66,2.08,-17.53
1746,-100.88,12.32,4.24,-12.28
1747,-22.12,4.81,0.6,-14.48
1748,-46.36,15.54,3.62,-8.83
1749,-1.2,58.48,3.77,-11.27
1750,-1.96,-10.85,1.24,-12.56
1751,-3.65,1.66,4.16,-14.85
1752,-8.39,18.58,7.96,-14.58
1753,-7.49,39.35,2.8,-10.47
1754,12.44,29.35,4.64,-8.56
1755,-50.18,-27.17,6.73,-12.81
1756,-18.42,36.79,6.0,-9.56
1757,-70.29,-52.13,1.43,-12.57
1758,-22.6,-2.55,9.76,-9.24
1759,0.96,22.67,-0.62,-16.13
1760,14.64,14.44,-1.92,-13.03
1761,-26.23,10.66,7.09,-8.16
1762,-8.1,39.62,-2.25,-15.71
1763,-41.57,39.31,4.64,-6.5
1764,-24.71,12.94,5.39,-7.15
1765,8.74,27.12,1.51,-13.11
1766,-8.89,26.9,4.38,-8.67
1767,-27.65,9.06,2.23,-12.89
1768,12.88,-14.0,-0.89,-15.74
1769,33.08,23.57,0.47,-13.81
1770,-126.53,-38.08,-0.06,-16.2
1771,-33.71,-12.38,0.82,-15.37
1772,2.19,24.94,4.6,-12.3
1773,-22.56,47.92,7.98,-6.03
1774,-23.41,-8.33,2.13,-15.56
1775,-2.76,11.03,0.26,-13.44
1776,6.01,3.49,-2.22,-12.48
1777,7.59,19.35,10.57,-8.74
1778,-24.67,83.84,8.91,-5.52
1779,-29.18,1.38,5.3,-11.21
1780,19.83,-19.8,0.98,-20.14
1781,-50.64,23.45,3.27,-7.05
1782,-37.2,-38.16,10.45,-9.38
1783,3.78,-6.34,1.39,-13.28
1784,-9.08,37.83,3.02,-15.0
1785,-13.18,4.81,0.69,-13.02
1786,-21.07,10.09,4.99,-9.96
1787,-41.13,-0.4,2.55,-7.12
1788,-26.83,37.55,8.17,-2.81
1789,32.94,9.89,-0.03,-13.59
1790,-38.95,-1.76,5.33,-16.01
1791,-29.06,7.79,11.08,-11.07
1792,6.55,3.44,1.36,-13.02
1793,-10.66,15.59,5.6,-8.52
1794,-51.01,11.43,3.25,-10.09
1795,7.84,41.36,4.48,-12.71
1796,28.62,9.01,-0.77,-17.46
1797,-55.85,24.89,7.54,-8.41
1798,-32.33,30.8,8.84,-8.92
1799,11.25,-18.61,-1.68,-17.8
1800,-13.61,9.28,3.85,-16.23
1801,-17.14,27.94,5.04,-8.57
1802,-35.32,16.83,13.16,-8.61
1803,-20.01,-10.93,0.52,-15.74
1804,7.84,49.07,7.4,-12.91
1805,-31.36,2.63,4.32,-15.3
1806,-5.07,18.65,8.63,-11.07
1807,5.49,21.51,4.3,-16.51
1808,0.98,6.31,7.8,-15.48
1809,-42.14,-7.17,8.01,-15.9
1810,-61.26,-16.05,9.07,-12.26
1811,-37.81,20.98,10.36,-13.34
1812,-13.47,33.11,8.7,-18.35
1813,24.7,12.67,11.72,-9.39
1814,-30.7,18.86,8.18,-12.42
1815,-76.17,-0.07,0.73,-21.7
1816,14.8,50.97,11.15,-8.52
1817,-32.87,-19.33,3.45,-14.32
1818,-14.04,7.43,1.97,-18.3
1819,30.46,52.34,-1.64,-18.31
1820,-2.69,37.33,-1.8,-15.33
1821,-20.66,27.22,8.05,-14.65
1822,-42.75,15.53,5.52,-8.4
1823,-6.24,-7.56,-0.29,-17.89
1824,-14.94,7.02,2.04,-19.85
1825,-18.83,45.93,13.31,-6.94
1826,24.11,5.27,1.83,-20.03
1827,-30.37,52.99,5.54,-14.21
1828,-33.01,7.06,5.84,-11.72
1829,-28.09,44.09,3.79,-15.85
1830,-31.39,-7.28,8.65,-13.39
1831,-14.93,-4.59,6.08,-11.07
1832,-9.07,27.04,4.76,-15.04
1833,-44.53,-8.32,6.37,-16.28
1834,5.08,44.79,6.28,-11.21
1835,-27.17,11.67,11.37,-8.01
1836,-0.04,37.52,-0.45,-16.87
1837,-36.92,4.12,5.13,-13.46
1838,-50.36,55.53,1.83,-11.66
1839,-64.02,-2.05,7.7,-10.63
1840,27.13,-35.16,5.48,-11.31
1841,12.87,-6.58,3.71,-15.87
1842,20.37,24.83,4.4,-12.8
1843,-20.53,20.98,3.18,-8.07
1844,-66.03,12.32,9.57,-13.52
1845,-49.51,21.2,4.51,-8.96
1846,25.54,61.75,-1.71,-16.77
1847,1.36,10.43,5.19,-10.14
1848,-17.38,24.08,6.51,-7.2
1849,-34.37,7.49,3.8,-11.05
1850,-11.46,27.22,0.7,-15.07
1851,30.06,32.09,4.67,-6.74
1852,-16.25,86.18,-1.31,-18.74
1853,-65.41,-30.38,7.94,-10.02
1854,-44.09,-15.89,6.75,-10.42
1855,-21.74,11.98,7.45,-10.6
1856,-24.87,59.62,6.27,-9.64
1857,-1.29,7.03,6.63,-8.91
1858,-8.8,-1.95,1.49,-14.92
1859,-34.64,4.27,4.39,-13.02
1860,-3.52,28.01,2.51,-12.51
1861,28.26,51.86,4.41,-13.82
1862,-54.14,79.76,4.39,-12.14
1863,-60.3,-37.67,2.98,-12.33
1864,-1.34,-15.66,0.59,-7.96
1865,-1.67,25.44,2.57,-11.79
1866,-14.37,8.72,10.18,-10.03
1867,-5.94,49.99,6.57,-6.41
1868,-49.13,-5.25,3.6,-12.77
1869,-6.49,5.71,4.27,-10.91
1870,-18.86,19.66,5.33,-11.54
1871,-26.75,21.47,1.27,-8.91
1872,9.56,-17.58,5.84,-11.69
1873,-17.8,25.38,-0.66,-11.26
1874,-2.65,59.54,2.29,-12.82
1875,-16.56,-27.95,-0.5,-9.53
1876,-26.36,8.03,2.16,-7.58
1877,-14.34,38.65,-0.53,-11.52
1878,12.65,28.61,-2.44,-14.63
1879,-14.61,2.5,5.88,-14.18
1880,-46.57,5.62,6.97,-11.02
1881,-25.2,38.25,4.9,-8.62
1882,-34.38,32.02,4.18,-13.79
1883,-43.58,1.8,4.97,-11.16
1884,0.44,51.48,8.28,-2.81
1885,1.73,-45.41,2.38,-17.09
1886,-3.77,-11.35,4.19,-13.93
1887,-10.91,13.99,6.6,-11.14
1888,-21.1,12.46,4.83,-13.39
1889,-17.2,39.97,5.6,-9.47
1890,2.62,21.39,12.34,-6.61
1891,-10.73,24.36,12.56,-12.21
1892,-39.47,2.05,8.03,-10.03
1893,-37.82,6.14,6.06,-8.54
1894,27.31,29.12,-1.09,-15.52
1895,-24.44,8.7,3.11,-11.28
1896,-50.64,39.12,6.22,-4.06
1897,-1.3,33.6,3.38,-15.45
1898,-21.8,67.11,11.39,-8.39
1899,-12.36,112.63,7.57,-5.82
1900,-11.21,-103.68,-0.31,-22.76
1901,22.28,18.96,1.18,-15.6
1902,-33.34,24.92,10.78,-5.1
1903,-36.23,-37.08,4.35,-11.7
1904,-14.35,15.39,6.72,-9.49
1905,-18.12,17.53,6.76,-8.25
1906,-13.39,35.44,1.27,-16.3
1907,-2.83,38.89,4.23,-12.19
1908,-11.24,4.5,4.89,-10.08
1909,-3.59,30.84,7.62,-9.51
1910,-0.24,34.4,6.75,-11.33
1911,3.72,39.42,3.08,-6.76
1912,-41.38,10.79,3.65,-11.48
1913,-49.51,-24.54,3.85,-11.92
1914,-13.04,81.38,10.33,-11.9
1915,9.42,10.42,3.36,-19.61
1916,-35.34,-13.2,3.85,-13.52
1917,-26.65,5.53,9.17,-10.21
1918,2.75,35.91,7.2,-17.96
1919,1.62,55.25,8.43,-14.85
1920,-60.05,-41.82,6.47,-17.75
1921,-68.92,-5.5,4.5,-15.86
1922,9.37,20.28,2.45,-19.27
1923,-4.5,13.51,9.03,-11.09
1924,35.64,48.82,9.08,-9.55
1925,-49.88,117.04,7.08,-9.05
1926,-26.79,-45.85,3.62,-14.76
1927,62.68,4.88,-2.01,-21.38
1928,-1.76,-17.08,3.53,-11.78
1929,-12.62,4.0,4.68,-13.06
1930,-47.57,29.93,2.58,-9.75
1931,7.9,61.59,2.49,-12.64
1932,-41.9,-14.07,0.03,-17.08
1933,-32.8,13.69,7.77,-14.85
1934,-37.26,31.82,3.44,-10.35
1935,5.42,22.68,3.65,-16.59
1936,9.0,33.9,3.39,-10.13
1937,-42.04,-16.41,1.06,-14.99
1938,-4.82,41.35,6.66,-13.84
1939,16.6,76.1,6.22,-8.87
1940,-59.96,-8.18,6.89,-10.58
1941,-21.95,17.95,3.25,-14.02
1942,-26.95,63.42,5.13,-2.81
1943,-7.52,3.5,-1.32,-13.17
1944,6.1,12.87,-4.76,-23.24
1945,12.91,14.23,2.43,-13.4
1946,-41.54,-1.96,1.12,-16.09
1947,-32.33,-20.69,6.88,-16.63
1948,-16.74,58.17,9.92,-12.67
1949,-15.97,15.81,-0.14,-15.72
1950,-22.22,5.23,1.15,-18.39
1951,-8.48,-1.18,6.83,-11.95
1952,1.31,29.58,3.84,-13.75
1953,-10.03,90.75,2.09,-11.19
1954,25.16,24.12,0.96,-15.02
1955,-47.8,-50.15,0.64,-13.04
1956,-32.88,22.77,3.61,-14.23
1957,-20.41,31.71,8.76,-8.18
1958,30.58,-2.29,-1.43,-14.45
1959,59.23,98.24,7.28,-4.35
1960,-104.18,-67.43,5.03,-17.04
1961,-11.86,22.02,8.31,-14.34
1962,-59.31,-6.43,3.22,-15.42
1963,-56.3,16.93,9.82,-7.09
1964,-23.14,3.85,5.8,-14.32
1965,27.18,28.5,2.3,-17.98
1966,-12.12,-16.55,2.64,-16.82
1967,3.26,10.87,-0.18,-17.37
1968,-11.58,47.68,-1.57,-18.06
1969,13.63,-3.33,7.93,-10.86
1970,-9.51,33.63,6.43,-12.26
1971,-23.5,-0.79,7.97,-12.8
1972,-37.72,1.27,0.92,-12.05
1973,-23.65,-1.54,8.48,-6.18
1974,8.82,59.11,3.82,-9.92
1975,-29.84,9.92,5.01,-11.86
1976,11.77,17.19,7.74,-11.92
1977,-21.01,-6.71,6.6,-13.81
1978,-52.91,-12.55,7.39,-12.75
1979,-31.89,-9.99,8.33,-5.13
1980,-23.05,43.68,14.0,-10.48
1981,-13.14,-7.1,8.65,-16.66
1982,17.64,49.15,7.31,-11.78
1983,-29.04,55.64,2.3,-18.33
1984,-37.62,-31.81,7.35,-13.22
1985,-50.1,-22.99,3.95,-14.81
1986,0.54,56.09,4.3,-12.97
1987,-2.56,10.3,7.01,-12.04
1988,0.34,14.99,3.09,-9.02
1989,-13.02,59.39,3.14,-11.56
1990,-23.55,-15.07,4.4,-10.85
1991,-4.12,-15.37,6.48,-10.94
1992,-8.26,-3.34,3.86,-14.31
1993,-6.42,29.94,3.54,-9.65
1994,-36.95,25.92,4.56,-12.67
1995,-16.18,15.44,7.63,-8.84
1996,-1.02,29.19,2.5,-15.06
1997,-25.2,47.6,1.89,-13.88
1998,-26.38,-16.76,8.04,-8.66
1999,-59.58,-10.2,4.11,-18.31
2000,0.48,18.37,6.34,-12.41
2001,-13.11,-1.87,4.91,-12.24
2002,-26.95,12.82,3.33,-11.91
2003,-56.21,7.52,8.1,-12.8
2004,15.05,19.52,7.62,-4.1
2005,3.33,47.41,-3.09,-17.57
2006,-27.14,-0.37,6.65,-15.11
2007,-26.75,7.81,5.68,-16.68
2008,14.21,45.69,5.59,-10.26
2009,2.74,24.74,0.53,-13.97
2010,-15.72,-4.38,5.24,-14.41
2011,-10.16,42.92,5.86,-12.34
2012,-37.47,14.89,6.42,-13.97
2013,-35.18,-1.49,6.58,-14.19
2014,3.48,6.47,2.28,-15.66
2015,-20.39,4.15,7.81,-15.25
2016,8.44,15.53,3.91,-14.69
2017,-28.87,17.67,3.66,-8.06
2018,-24.12,8.92,5.16,-9.15
2019,0.77,17.1,7.05,-6.93
2020,-15.07,12.6,7.49,-10.1
2021,23.77,23.54,4.65,-17.3
2022,-21.36,-13.14,-0.1,-14.91
2023,-67.85,25.72,9.68,-10.18
2024,-27.38,9.23,4.66,-14.23
2025,-52.92,25.61,-0.18,-14.72
2026,35.18,50.29,5.25,-11.94
2027,16.68,31.15,4.69,-11.57
2028,-26.33,4.79,3.3,-15.11
2029,-19.09,19.87,6.22,-15.93
2030,-36.3,20.9,10.7,-12.98
2031,-30.25,0.09,6.89,-17.4
2032,16.57,18.5,6.64,-14.8
2033,-26.09,34.29,2.79,-14.21
2034,-22.21,46.09,4.07,-13.27
2035,-34.08,-19.76,4.95,-9.97
2036,-9.88,24.03,3.75,-16.58
2037,-15.99,50.87,3.33,-10.19
2038,-4.01,-15.14,2.34,-17.6
2039,18.79,16.27,3.41,-15.9
2040,-47.72,0.99,3.52,-17.6
2041,-20.57,-0.27,6.43,-16.5
2042,-51.28,12.1,4.68,-8.37
2043,30.23,5.81,3.98,-15.51
2044,-6.99,60.73,5.0,-13.89
2045,-37.91,26.69,2.06,-19.14
2046,13.75,72.52,4.81,-14.05
2047,-30.08,-52.8,4.1,-14.21
2048,-49.41,19.11,7.58,-10.05
2049,-22.54,42.67,4.32,-11.35
2050,-10.59,3.52,4.1,-14.28
2051,-34.79,4.61,4.49,-9.56
2052,-21.34,34.13,1.51,-8.67
2053,-17.43,-32.35,4.32,-11.07
2054,7.65,19.03,8.73,-5.86
2055,-11.54,28.33,1.55,-15.42
2056,-13.42,25.14,7.94,-7.09
2057,-1.45,18.06,-0.93,-18.79
2058,-60.89,5.6,5.27,-10.37
2059,-36.58,51.52,-1.38,-13.1
2060,14.11,72.56,5.91,-7.98
2061,-22.27,0.82,5.39,-10.68
2062,-32.34,-22.02,0.16,-18.46
2063,0.63,17.73,0.5,-22.12
2064,-10.74,20.57,5.4,-13.48
2065,-7.81,23.2,0.93,-15.69
2066,16.59,59.16,6.15,-7.5
2067,-55.55,-17.75,1.58,-13.52
2068,-20.41,-3.14,-3.71,-15.05
2069,-83.67,-36.51,-2.55,-13.92
2070,-2.09,17.07,5.53,-11.14
2071,-14.18,0.43,7.73,-11.15
2072,25.98,27.87,4.22,-17.5
2073,19.03,49.36,-3.09,-14.82
2074,-56.21,-15.0,5.78,-11.25
2075,-11.04,18.93,6.11,-10.68
2076,-66.54,-9.37,6.14,-7.4
2077,-24.49,44.79,3.22,-8.09
2078,-11.59,34.49,5.77,-16.07
2079,35.58,23.02,3.65,-18.4
2080,-57.4,16.88,2.51,-15.14
2081,11.56,42.54,6.3,-10.41
2082,-47.97,-2.82,-3.27,-15.69
2083,-36.79,-16.18,4.25,-14.8
2084,-46.37,2.24,11.27,-14.04
2085,4.48,14.55,6.75,-16.91
2086,26.27,15.91,3.05,-11.76
2087,13.44,33.86,-4.34,-19.97
2088,-24.69,29.6,-0.66,-14.94
2089,-44.23,52.61,3.4,-13.76
2090,-9.11,31.35,3.52,-12.85
2091,-29.94,0.8,6.75,-9.24
2092,18.09,8.85,3.81,-16.81
2093,1.39,59.95,3.57,-16.32
2094,-96.05,15.92,3.48,-12.9
2095,-10.52,-3.53,4.13,-14.14
2096,-21.66,31.64,0.69,-12.58
2097,-41.64,37.95,8.47,-13.11
2098,-86.22,-18.91,7.4,-12.82
2099,33.89,62.25,4.06,-8.22
2100,23.35,25.04,1.91,-15.18
2101,43.01,39.65,3.94,-13.89
2102,-31.74,-27.42,5.87,-12.52
2103,-38.87,18.91,8.94,-14.06
2104,-10.87,63.05,9.37,-11.21
2105,-32.24,55.43,6.19,-10.88
2106,-8.48,42.46,4.24,-10.75
2107,-13.07,-10.06,2.94,-15.2
2108,-42.22,-43.69,4.62,-15.91
2109,18.86,31.8,2.7,-15.92
2110,-33.23,46.68,3.62,-12.63
2111,-84.18,-24.53,9.5,-10.93
2112,-71.47,12.38,7.6,-7.16
2113,30.21,34.28,4.39,-11.71
2114,-23.22,-13.06,1.61,-14.0
2115,24.55,24.92,9.46,-11.47
2116,-14.33,18.94,7.6,-10.88
2117,-12.54,6.14,6.66,-15.55
2118,-49.46,14.0,5.19,-8.47
2119,-28.15,49.2,2.75,-10.27
2120,19.13,18.56,4.21,-15.12
2121,20.61,10.91,3.4,-13.71
2122,1.29,25.55,-0.39,-17.19
2123,-18.89,44.82,6.87,-12.21
2124,-74.35,-29.23,3.43,-9.49
2125,-18.72,25.43,3.26,-7.79
2126,-26.47,-0.64,1.19,-15.71
2127,17.69,45.31,4.39,-10.11
2128,-16.65,38.07,7.93,-12.32
2129,-85.97,-27.39,-1.27,-15.3
2130,-35.87,-22.02,5.22,-10.03
2131,-83.27,-12.05,11.08,-6.29
2132,30.58,25.24,1.64,-17.67
2133,45.07,45.79,0.23,-14.25
2134,31.72,61.04,6.05,-10.79
2135,-31.65,24.37,7.54,-15.44
2136,-38.09,36.15,4.24,-13.08
2137,-51.09,-49.84,4.28,-14.3
2138,16.81,43.52,5.54,-13.5
2139,3.75,23.93,5.88,-14.25
2140,-23.03,-32.58,2.64,-20.03
2141,-42.61,-6.21,2.13,-14.4
2142,-31.81,-17.63,4.87,-12.05
2143,-34.03,-25.16,4.54,-14.94
2144,-10.7,24.34,8.0,-13.03
2145,8.0,23.02,6.38,-13.21
2146,-19.24,6.78,2.93,-20.83
2147,-8.02,14.77,4.77,-18.82
2148,-67.16,2.21,2.65,-14.27
2149,-13.14,14.83,6.31,-14.38
2150,-5.55,13.09,8.01,-14.54
2151,18.59,55.18,0.48,-11.81
2152,-20.73,15.19,4.79,-15.97
2153,-25.54,-8.76,1.5,-15.46
2154,-10.32,13.67,4.41,-10.37
2155,-36.49,31.28,4.35,-9.66
2156,-30.64,-30.2,3.23,-14.67
2157,22.8,74.96,9.29,-5.4
2158,-48.66,10.72,3.26,-10.54
2159,-5.24,-46.15,0.46,-12.64
2160,-2.89,14.04,-2.52,-16.26
2161,-24.82,36.73,1.04,-11.77
2162,-10.64,-17.49,5.19,-10.06
2163,4.72,22.66,4.55,-9.17
2164,-31.38,31.09,-0.06,-14.69
2165,-39.05,14.7,5.16,-15.38
2166,-10.35,23.9,3.2,-14.81
2167,-7.65,43.74,3.74,-13.05
2168,-45.16,17.82,7.68,-12.33
2169,-39.26,25.64,3.03,-10.55
2170,-9.29,39.12,5.31,-11.99
2171,-18.74,-5.58,8.32,-9.51
2172,-34.53,3.78,3.84,-16.38
2173,-28.52,11.65,3.0,-17.08
2174,-17.24,14.69,0.19,-16.39
2175,14.59,37.5,6.94,-12.39
2176,-22.35,1.14,6.57,-11.02
2177,-31.27,-5.24,4.21,-15.21
2178,23.85,41.48,4.05,-14.91
2179,-31.17,19.58,-0.47,-12.23
2180,-27.79,17.64,9.86,-11.73
2181,-22.05,13.37,2.65,-16.14
2182,-16.1,-4.68,4.31,-16.48
2183,17.94,42.1,5.06,-12.24
2184,-80.49,-32.31,1.36,-14.81
2185,-28.89,25.66,7.49,-13.88
2186,-19.14,43.82,5.64,-13.38
2187,-30.17,16.77,4.31,-20.47
2188,0.02,2.83,1.02,-18.4
2189,-35.18,9.33,7.59,-14.45
2190,37.67,90.68,1.79,-13.88
2191,-21.35,16.83,3.8,-18.24
2192,-11.35,42.28,7.64,-17.31
2193,-20.44,-20.98,3.1,-17.71
2194,-34.73,0.71,1.95,-12.56
2195,-18.21,16.75,0.91,-11.0
2196,-33.06,27.8,-1.01,-13.63
2197,11.43,76.85,4.32,-13.95
2198,-36.81,6.49,7.06,-12.74
2199,-24.17,6.87,5.48,-8.01
2200,-11.94,12.8,6.95,-10.5
2201,-25.15,22.62,1.8,-14.35
2202,-8.6,35.11,0.63,-16.2
2203,-31.76,33.58,4.76,-12.84
2204,-19.31,56.27,6.12,-7.29
2205,-7.47,47.17,5.19,-6.91
2206,-42.26,8.03,1.06,-9.68
2207,-92.22,-17.27,2.0,-10.0
2208,-65.44,-31.55,2.33,-13.25
2209,38.83,25.56,2.27,-17.57
2210,57.32,118.67,6.68,-9.01
2211,25.63,35.78,2.34,-11.75
2212,-51.61,-49.3,2.25,-20.51
2213,-19.42,2.0,1.97,-10.13
2214,-31.5,25.61,6.74,-13.7
2215,-0.01,62.79,5.26,-13.04
2216,-32.31,-19.94,4.49,-10.15
2217,-19.17,14.11,4.77,-15.39
2218,-18.83,49.08,5.08,-16.13
2219,-4.45,3.62,3.24,-13.03
2220,-22.69,23.42,3.69,-14.11
2221,-55.61,1.9,10.02,-16.15
2222,5.29,14.46,5.15,-17.06
2223,-53.71,33.91,4.24,-13.28
2224,-48.62,23.21,4.09,-18.07
2225,17.32,32.56,4.4,-14.38
2226,-14.77,-7.05,5.36,-8.88
2227,-49.57,-5.55,0.01,-18.44
2228,47.67,18.75,1.63,-16.54
2229,-35.64,21.36,-0.63,-13.93
2230,-55.22,-22.19,10.12,-5.97
2231,68.29,36.72,0.65,-16.71
2232,-12.25,54.39,2.62,-18.3
2233,-25.28,36.59,6.51,-12.06
2234,-27.15,-7.97,1.63,-11.89
2235,-11.85,23.72,-0.67,-18.37
2236,-9.33,98.06,4.67,-11.13
2237,-24.71,46.37,3.96,-11.05
2238,-79.92,-103.56,0.83,-21.79
2239,-66.08,-27.22,1.05,-7.79
2240,-8.72,43.24,3.3,-12.12
2241,22.96,41.7,0.35,-12.3
2242,-28.82,-8.3,5.15,-14.38
2243,32.25,50.42,2.53,-7.98
2244,-4.2,25.39,8.46,-5.37
2245,-39.92,-8.48,7.09,-5.62
2246,-35.26,9.96,3.6,-17.94
2247,-19.79,14.94,3.72,-11.74
2248,42.37,21.07,4.58,-9.4
2249,-48.74,8.11,4.36,-16.92
2250,-33.1,41.67,4.71,-9.3
2251,1.07,62.16,5.53,-7.61
2252,15.64,63.99,5.73,-8.17
2253,-73.97,-30.59,3.73,-16.01
2254,-35.9,-34.62,9.94,-11.86
2255,-100.73,-28.25,7.01,-10.02
2256,-8.04,12.08,5.0,-12.58
2257,83.43,39.58,0.62,-14.35
2258,21.79,25.77,6.18,-12.7
2259,-26.65,21.92,7.44,-9.9
2260,-46.99,3.62,4.5,-10.43
2261,-39.25,1.57,8.89,-6.09
2262,-33.08,41.09,5.52,-13.13
2263,-10.34,20.07,0.92,-15.07
2264,0.19,37.68,1.73,-10.68
2265,32.36,29.72,4.61,-11.49
2266,-79.31,2.78,6.29,-16.28
2267,-22.34,37.29,3.8,-9.23
2268,-30.55,-15.97,5.71,-12.44
2269,-6.98,10.77,0.83,-16.83
2270,-35.51,57.05,5.57,-6.12
2271,-28.94,0.14,2.53,-14.46
2272,5.21,46.92,3.72,-6.62
2273,-39.81,36.52,4.52,-11.74
2274,-14.62,9.98,-1.4,-14.45
2275,-31.07,-11.38,6.2,-6.94
2276,15.26,41.96,7.48,-6.96
2277,11.03,-6.47,1.21,-15.93
2278,-28.58,12.74,10.64,-5.79
2279,-5.29,19.97,10.88,-7.59
2280,-24.86,26.9,5.77,-11.08
2281,-15.7,75.79,4.72,-11.24
2282,-5.1,40.59,1.34,-7.94
2283,-54.43,-8.53,0.92,-14.8
2284,-73.94,11.41,-0.16,-13.39
2285,33.46,76.03,1.98,-14.2
2286,-9.71,-38.66,4.13,-9.2
2287,-57.0,-31.16,3.98,-11.6
2288,-88.93,22.95,1.67,-7.99
2289,-14.51,1.36,1.15,-13.15
2290,34.25,4.59,5.43,-10.68
2291,10.27,24.12,0.95,-16.35
2292,-17.77,14.9,4.37,-10.25
2293,-12.96,28.61,1.35,-16.94
2294,-9.37,38.55,3.5,-12.94
2295,-14.28,16.15,-4.75,-18.57
2296,-32.53,15.59,3.72,-13.98
2297,0.22,9.42,-0.34,-13.65
2298,-21.29,26.82,0.17,-14.16
2299,-48.99,17.67,2.19,-16.46
2300,-56.88,-29.3,6.2,-10.98
2301,-3.11,57.55,-1.97,-17.21
2302,16.83,19.7,5.51,-13.82
2303,-29.07,51.93,5.89,-10.43
2304,-24.06,-35.2,4.48,-14.08
2305,6.15,6.61,5.12,-14.84
2306,-19.86,24.11,1.44,-16.31
2307,-56.86,-23.12,5.01,-10.54
2308,9.46,33.48,4.1,-15.4
2309,-33.84,11.44,2.6,-13.82
2310,-3.4,23.77,8.05,-12.55
2311,-14.86,35.39,1.34,-13.72
2312,-28.49,-2.32,7.57,-9.93
2313,6.17,34.08,1.84,-18.92
2314,-14.91,15.28,7.94,-10.28
2315,-87.41,4.76,6.07,-12.67
2316,-5.43,8.59,3.28,-11.25
2317,10.35,5.09,2.71,-13.7
2318,-14.39,43.64,2.16,-13.96
2319,-28.48,50.69,0.94,-18.94
2320,11.71,55.49,0.95,-15.43
2321,-18.64,-29.14,8.54,-9.44
2322,-36.64,32.14,5.51,-11.73
2323,3.65,1.96,0.65,-18.77
2324,4.25,14.8,3.26,-18.3
2325,11.14,84.19,5.69,-13.63
2326,-45.45,3.39,3.35,-12.75
2327,-29.6,-5.94,3.54,-19.91
2328,-42.5,-17.36,6.29,-19.27
2329,-31.26,6.18,5.25,-12.23
2330,-39.66,27.25,5.32,-13.2
2331,26.0,15.1,2.14,-16.44
2332,15.89,9.53,3.83,-15.11
2333,-40.04,24.48,3.74,-17.61
2334,-21.46,35.93,2.67,-14.71
2335,-25.15,42.69,2.4,-12.7
2336,-10.91,55.96,2.74,-13.92
2337,-30.25,4.47,2.65,-11.43
2338,-15.51,29.63,-2.61,-21.11
2339,-25.19,-11.92,0.69,-19.4
2340,-10.23,36.61,5.67,-10.44
2341,-45.41,-0.74,4.79,-15.59
2342,-22.8,-0.02,1.81,-15.63
2343,-10.35,36.36,3.82,-14.05
2344,-37.23,20.61,6.3,-12.39
2345,14.63,52.87,3.49,-16.84
2346,20.08,21.58,0.92,-15.94
2347,8.36,27.19,-0.1,-19.28
2348,-54.91,26.81,2.86,-16.28
2349,-8.02,35.53,4.88,-12.57
2350,25.4,32.04,1.43,-11.24
2351,-29.63,14.61,1.86,-15.08
2352,-24.34,18.82,1.87,-17.62
2353,11.68,80.97,8.66,-12.02
2354,-80.79,-44.89,3.05,-20.52
2355,-15.59,-35.62,2.86,-16.53
2356,-14.51,16.69,3.04,-19.56
2357,-27.53,7.55,7.9,-12.65
2358,-12.63,42.28,3.18,-12.73
2359,-19.56,3.05,7.54,-14.35
2360,-27.73,6.97,2.46,-16.47
2361,-30.15,16.69,4.69,-10.74
2362,-2.38,12.52,1.19,-15.82
2363,-40.91,6.92,7.11,-9.04
2364,0.26,25.88,-3.07,-13.46
2365,14.77,35.63,0.04,-19.23
2366,-57.45,26.77,4.48,-16.4
2367,-35.61,-8.26,4.19,-12.41
2368,54.63,37.12,-0.26,-17.33
2369,18.09,37.29,6.22,-8.11
2370,-71.83,-12.22,-0.2,-13.75
2371,-17.04,2.94,7.97,-4.26
2372,16.94,94.9,6.28,-8.75
2373,-38.93,-26.7,-0.21,-16.15
2374,-27.62,-10.58,3.19,-10.95
2375,-26.34,13.36,5.71,-12.99
2376,-13.32,28.8,4.72,-14.0
2377,-20.99,4.02,0.88,-15.77
2378,-21.46,29.16,3.44,-16.32
2379,-8.27,17.52,3.19,-15.61
2380,6.92,72.86,3.76,-10.34
2381,-19.71,11.02,2.27,-8.86
2382,-53.82,-1.52,1.84,-10.49
2383,-13.03,20.42,6.75,-11.24
2384,-18.34,5.26,8.83,-9.04
2385,-31.61,2.97,3.27,-9.1
2386,-22.76,21.25,5.29,-8.68
2387,-6.36,74.38,7.57,-8.96
2388,-20.62,-15.19,7.02,-11.75
2389,-22.43,-3.95,3.44,-10.49
2390,-29.58,2.85,3.21,-12.23
2391,-19.57,26.43,6.32,-11.08
2392,-37.77,12.6,4.27,-8.56
2393,-16.02,22.64,3.56,-12.67
2394,-22.78,37.22,5.55,-10.81
2395,0.56,67.22,6.55,-9.37
2396,-24.44,-20.09,7.95,-7.2
2397,-24.51,5.31,8.82,-13.17
2398,-30.11,2.91,2.22,-18.05
2399,13.28,37.59,5.03,-14.6
2400,-36.17,46.56,5.63,-12.02
2401,-48.49,-11.84,6.1,-8.61
2402,19.63,42.98,2.41,-12.22
2403,48.6,33.68,5.91,-12.54
2404,-40.81,-23.28,3.74,-10.4
2405,-38.12,-4.26,9.13,-13.01
2406,-30.12,-7.22,5.94,-17.58
2407,-1.7,16.61,5.33,-8.86
2408,-4.53,39.92,7.76,-13.63
2409,-16.42,26.47,5.02,-17.3
2410,2.75,25.91,5.56,-15.3
2411,-19.4,-5.77,5.87,-17.08
2412,-33.19,-12.21,8.35,-12.59
2413,-3.95,34.49,4.81,-19.62
2414,-10.95,33.01,-0.41,-18.92
2415,-8.39,45.83,3.91,-18.35
2416,0.26,34.8,11.13,-8.52
2417,-43.53,-26.16,7.37,-9.84
2418,-13.52,35.41,4.82,-12.43
2419,-28.8,7.14,3.92,-10.19
2420,-50.97,25.16,5.89,-9.13
2421,-63.48,-28.16,6.3,-15.36
2422,17.89,6.61,2.6,-18.31
2423,19.06,22.54,3.98,-14.73
2424,-13.67,44.06,3.29,-11.77
2425,-32.89,5.92,7.36,-10.25
2426,-5.37,-0.38,10.17,-14.27
2427,-4.99,10.98,11.3,-14.84
2428,18.23,35.73,5.35,-13.17
2429,4.06,15.89,2.78,-18.57
2430,-34.72,29.26,6.55,-14.96
2431,-21.04,57.25,9.05,-5.96
2432,-32.93,-8.38,10.21,-11.16
2433,-11.79,6.28,7.18,-13.3
2434,-24.15,57.19,9.68,-13.55
2435,-24.28,23.92,6.84,-16.51
2436,-0.25,-9.41,10.62,-16.43
2437,-110.87,-24.87,2.36,-16.32
2438,-8.97,20.55,3.69,-15.43
2439,1.01,40.97,1.75,-16.81
2440,40.49,-1.95,8.36,-16.83
2441,19.05,46.78,8.73,-15.23
2442,9.67,13.26,4.81,-12.22
2443,-30.62,18.58,8.53,-14.22
2444,-29.23,32.37,9.76,-9.69
2445,-13.56,27.62,6.86,-10.39
2446,-18.13,-19.73,3.83,-11.52
2447,-24.33,1.19,2.86,-16.1
2448,-58.0,20.32,6.09,-13.59
2449,-28.86,-13.24,8.2,-13.9
2450,26.61,50.55,6.77,-11.32
2451,-45.9,33.42,6.08,-9.04
2452,14.43,52.83,7.8,-10.07
2453,-3.99,-22.77,4.71,-14.94
2454,-37.35,12.72,6.51,-11.6
2455,-34.56,22.76,4.53,-20.92
2456,-93.41,14.07,11.36,-10.37
2457,-5.15,-8.57,7.24,-14.84
2458,48.38,51.4,4.96,-13.47
2459,16.27,97.7,8.73,-13.01
2460,-57.51,-19.85,9.91,-9.3
2461,-1.36,12.74,7.49,-15.48
2462,-7.89,12.96,10.25,-8.46
2463,-36.11,-14.11,11.85,-9.21
2464,-59.3,0.56,5.56,-9.43
2465,42.49,48.83,3.91,-15.11
2466,9.73,23.29,2.0,-16.92
2467,-7.71,18.78,6.19,-9.93
2468,5.87,48.73,8.26,-7.78
2469,-15.74,71.28,5.37,-15.37
2470,-30.16,-4.16,7.81,-12.96
2471,-31.25,-14.49,8.27,-15.72
2472,-28.67,4.17,6.33,-12.28
2473,-17.39,55.2,7.85,-10.18
2474,-67.74,-16.48,9.04,-7.75
2475,-25.54,-23.83,9.46,-10.52
2476,14.16,1.04,7.61,-14.77
2477,-17.68,1.98,7.2,-9.02
2478,-19.01,24.41,8.97,-9.79
2479,-13.39,20.81,6.7,-8.5
2480,-33.55,25.72,5.77,-12.23
2481,-2.15,44.72,2.85,-9.1
2482,-27.63,10.79,1.9,-11.34
2483,-3.42,-6.71,8.25,-6.6
2484,-1.08,30.65,3.93,-11.65
2485,-36.53,6.52,3.46,-7.38
2486,-52.37,-48.36,7.22,-5.69
2487,-5.25,19.78,5.55,-12.47
2488,-0.24,57.4,4.57,-13.32
2489,3.6,64.06,13.31,-2.22
2490,-0.1,38.58,5.66,-21.38
2491,-32.11,3.58,8.1,-10.21
2492,-50.95,-54.52,4.99,-14.34
2493,-56.81,9.74,5.7,-15.86
2494,-2.21,12.99,4.14,-16.1
2495,-0.24,42.7,8.05,-7.18
2496,19.84,22.79,3.55,-15.03
2497,-2.49,-24.73,3.38,-17.89
2498,-12.4,11.74,7.22,-16.42
2499,4.41,51.53,7.23,-15.61
2500,-23.3,19.44,9.31,-11.29
2501,-53.15,-24.03,9.66,-15.7
2502,-27.2,52.99,4.91,-11.83
2503,25.32,-5.31,5.42,-18.69
2504,-14.5,5.39,8.63,-18.6
2505,-49.7,15.58,7.77,-16.84
2506,-46.7,-14.42,10.22,-10.47
2507,-9.19,5.39,9.02,-19.07
2508,16.17,41.35,5.1,-17.45
2509,-28.11,19.16,7.1,-12.9
2510,-97.3,9.75,13.65,-3.95
2511,-29.13,8.1,9.85,-13.95
2512,36.27,11.88,4.06,-21.67
2513,8.61,-12.19,7.31,-4.82
2514,-24.88,-1.96,5.42,-22.49
2515,-24.25,39.99,4.17,-19.73
2516,-9.58,27.22,3.9,-13.55
2517,27.75,27.36,3.69,-15.37
2518,0.42,63.94,7.35,-11.61
2519,-65.12,-39.24,7.15,-11.39
2520,-34.06,1.25,6.13,-13.88
2521,-14.46,-0.71,5.17,-14.46
2522,-29.44,5.84,6.38,-6.88
2523,-26.74,37.84,6.23,-11.62
2524,-40.27,1.08,5.42,-11.33
2525,-20.71,10.83,5.19,-9.82
2526,19.26,78.46,8.36,-8.68
2527,-53.91,-8.59,1.31,-17.45
2528,-0.22,9.42,4.29,-15.83
2529,-14.07,-3.12,3.01,-15.2
2530,-9.55,44.18,3.46,-12.65
2531,-29.02,-11.25,10.51,-3.96
2532,5.06,13.37,-0.31,-21.06
2533,5.6,50.91,6.27,-15.65
2534,-22.56,21.67,5.2,-16.06
2535,-18.49,37.6,6.32,-13.1
2536,-60.64,-26.69,1.61,-16.25
2537,-20.34,-0.55,0.37,-15.81
2538,-16.36,30.23,3.47,-16.15
2539,-38.87,-9.95,4.75,-15.83
2540,-10.32,5.65,0.34,-15.32
2541,4.54,30.52,-2.41,-18.34
2542,-23.36,24.95,6.15,-13.13
2543,-30.86,-5.75,3.18,-16.72
2544,-45.68,8.31,4.12,-18.46
2545,-24.78,21.34,4.92,-15.25
2546,-9.45,57.1,4.1,-17.23
2547,7.72,-17.79,0.24,-17.06
2548,16.41,18.94,2.6,-12.3
2549,29.86,67.06,-0.71,-15.64
2550,-2.34,41.08,2.65,-13.12
2551,-0.59,-10.33,5.59,-12.03
2552,-28.69,51.12,5.33,-8.01
2553,-86.63,-48.31,0.68,-18.08
2554,-10.12,2.43,4.27,-14.5
2555,-36.9,38.42,6.34,-10.21
2556,-8.46,8.52,4.1,-9.61
2557,3.47,23.83,-1.02,-14.21
2558,-51.27,-13.51,0.46,-13.49
2559,-33.97,18.58,3.59,-11.82
2560,-20.03,39.03,7.09,-14.75
2561,-12.82,16.58,-1.56,-19.33
2562,-24.67,-1.18,2.88,-18.06
2563,-27.28,-8.31,6.38,-16.47
2564,-13.73,36.82,0.94,-14.53
2565,-13.36,35.13,6.02,-11.64
2566,6.53,21.27,3.97,-15.46
2567,-44.44,-8.43,6.01,-16.69
2568,-24.99,30.54,6.87,-15.29
2569,7.54,32.14,6.14,-18.15
2570,-19.58,33.85,6.31,-13.1
2571,-22.92,-31.22,7.19,-13.48
2572,-3.35,37.24,8.73,-14.42
2573,-15.31,32.3,2.75,-14.63
2574,-4.78,48.6,7.98,-15.17
2575,-24.02,9.08,-0.89,-16.82
2576,-26.69,-1.34,2.87,-13.7
2577,-42.17,-15.63,5.72,-14.8
2578,-25.93,-3.48,3.69,-15.81
2579,-6.45,49.14,2.45,-15.9
2580,-42.27,-16.03,8.29,-15.5
2581,-18.46,-5.03,6.14,-15.92
2582,-4.15,41.23,2.64,-18.44
2583,-7.32,69.28,7.66,-11.22
2584,4.77,-43.0,4.74,-11.35
2585,-28.54,16.88,4.55,-15.63
2586,-41.77,-4.81,1.68,-17.72
2587,-41.21,9.29,5.68,-12.04
2588,-13.88,45.43,4.61,-16.64
2589,1.31,88.78,-0.02,-10.6
2590,-5.88,21.21,7.34,-2.61
2591,-30.89,-34.98,4.05,-13.89
2592,-51.25,3.13,0.15,-19.53
2593,-42.98,20.85,0.48,-13.26
2594,-9.15,4.23,3.87,-11.55
2595,-28.53,11.38,4.29,-14.67
2596,-9.43,48.66,7.83,-5.58
2597,-6.12,12.09,5.66,-10.59
2598,-54.05,-20.34,2.2,-15.92
2599,9.17,23.95,6.78,-11.68
2600,40.17,74.91,5.94,-12.5
2601,6.95,-7.23,5.86,-11.62
2602,-44.81,7.99,4.54,-7.65
2603,-35.6,-19.43,-0.53,-16.44
2604,-42.49,-5.7,7.42,-10.91
2605,-6.62,28.44,4.28,-13.73
2606,2.7,15.76,0.64,-12.22
2607,-15.36,14.79,5.16,-17.16
2608,-30.64,13.69,7.0,-16.03
2609,-6.96,18.01,8.42,-12.37
2610,-59.73,39.28,6.62,-11.67
2611,-1.45,21.85,5.19,-12.3
2612,6.97,13.45,3.61,-15.07
2613,18.45,59.47,7.21,-14.39
2614,-17.82,25.0,-0.29,-16.45
2615,-24.19,50.04,4.34,-15.32
2616,-28.27,-52.49,4.22,-15.25
2617,2.15,31.32,1.49,-15.62
2618,-89.68,-24.09,8.21,-9.39
2619,-95.74,15.48,4.66,-7.33
2620,50.51,14.96,5.29,-15.84
2621,11.15,12.45,5.23,-13.16
2622,2.06,34.37,9.35,-8.88
2623,5.74,52.34,3.93,-15.1
2624,-20.22,16.37,8.99,-14.57
2625,-35.63,14.1,10.66,-10.98
2626,-34.37,51.66,5.78,-12.26
2627,-18.48,-3.35,1.83,-18.76
2628,31.89,46.8,13.37,-13.13
2629,26.06,97.58,13.83,-7.75
2630,-22.36,-17.44,6.36,-15.81
2631,-35.23,-39.2,7.25,-18.3
2632,-25.48,14.69,7.95,-20.43
2633,-41.9,-1.1,3.81,-14.74
2634,-25.08,4.85,5.66,-12.21
2635,-13.47,38.95,11.08,-8.84
2636,-32.64,15.17,8.3,-13.12
2637,10.29,23.43,4.05,-15.35
2638,-41.0,6.61,5.3,-10.19
2639,15.24,4.55,8.42,-15.29
2640,-30.58,33.18,6.34,-15.81
2641,-57.63,30.75,9.82,-10.11
2642,31.25,86.35,0.75,-18.89
2643,35.97,47.49,7.72,-10.97
2644,36.46,-13.43,3.97,-14.8
2645,20.08,-9.9,3.03,-18.49
2646,-161.86,-40.94,5.61,-17.66
2647,-58.88,7.99,4.73,-18.51
2648,-12.9,34.89,6.43,-14.8
2649,46.32,6.24,2.54,-14.02
2650,10.91,18.84,4.13,-19.26
2651,-16.12,14.42,7.71,-20.37
2652,-78.64,14.01,3.09,-14.02
2653,5.82,11.49,7.17,-21.11
2654,28.72,26.75,3.13,-17.76
2655,-29.35,10.39,5.72,-15.67
2656,2.37,18.51,3.83,-17.65
2657,-19.71,7.29,2.12,-14.93
2658,-0.06,15.68,9.36,-11.26
2659,-72.65,35.82,5.7,-14.21
2660,-29.65,-7.84,4.25,-14.21
2661,-25.99,4.29,2.14,-14.18
2662,67.28,75.2,4.45,-17.26
2663,-26.0,-12.67,5.66,-15.66
2664,-69.09,0.68,3.61,-20.97
2665,20.84,43.95,6.32,-15.67
2666,-38.42,35.18,10.65,-15.67
2667,-11.54,-8.48,1.01,-16.22
2668,-33.2,-16.43,5.02,-15.82
2669,-27.62,5.32,14.35,-10.03
2670,7.21,42.49,7.28,-17.2
2671,3.99,59.98,10.33,-14.41
2672,18.02,13.63,7.9,-12.42
2673,-20.99,47.05,5.23,-10.89
2674,-82.41,-36.22,7.9,-14.25
2675,2.81,27.26,7.65,-10.58
2676,37.67,15.18,5.15,-14.34
2677,-42.33,6.27,6.71,-12.07
2678,-49.03,9.92,12.65,-11.41
2679,-32.73,35.78,5.02,-10.25
2680,2.98,4.1,-0.44,-20.41
2681,-50.48,6.21,5.21,-14.16
2682,-24.97,19.59,4.11,-10.08
2683,31.34,21.03,3.61,-14.4
2684,15.7,73.5,-0.78,-16.81
2685,-19.24,16.4,1.45,-15.77
2686,-14.89,1.67,4.64,-12.75
2687,-28.17,-1.24,8.14,-12.49
2688,-40.13,19.18,5.74,-7.82
2689,-34.69,6.42,1.63,-8.77
2690,9.15,51.1,2.6,-13.91
2691,-8.22,11.12,3.49,-15.94
2692,-9.89,3.29,0.24,-12.68
2693,19.86,65.52,1.52,-9.96
2694,-33.0,5.01,4.7,-11.3
2695,-48.9,-5.23,3.44,-15.81
2696,-37.01,14.35,0.62,-14.26
2697,-56.98,6.05,10.2,-6.28
2698,-28.06,13.79,4.03,-8.14
2699,30.63,48.35,3.5,-12.5
2700,-33.36,20.88,0.68,-15.42
2701,-3.4,20.86,5.41,-9.67
2702,-9.06,39.82,5.51,-10.24
2703,8.54,21.29,8.07,-14.99
2704,-20.13,16.0,2.23,-14.97
2705,-26.76,19.64,1.27,-14.7
2706,-1.92,48.98,2.42,-14.86
2707,-18.96,63.0,3.16,-11.45
2708,-20.21,15.83,0.98,-12.89
2709,-11.84,-9.02,2.49,-12.7
2710,-27.12,-12.77,1.83,-12.13
2711,-46.68,16.44,3.5,-17.2
2712,36.5,20.96,5.77,-14.69
2713,3.48,45.73,6.23,-7.77
2714,-26.8,7.66,-0.42,-17.04
2715,-30.51,71.84,3.04,-12.79
2716,-1.91,-1.36,3.3,-9.8
2717,3.48,9.91,7.09,-10.63
2718,-79.19,47.53,3.97,-13.95
2719,-78.08,-18.16,3.88,-13.27
2720,-5.47,5.93,4.08,-12.83
2721,26.28,35.81,7.41,-10.03
2722,12.02,7.74,3.03,-14.82
2723,-39.1,38.84,2.39,-13.44
2724,-24.83,15.92,4.33,-14.23
2725,-9.81,47.66,1.87,-13.5
2726,-16.06,-39.09,4.27,-9.04
2727,1.78,8.86,4.99,-16.46
2728,21.88,18.2,6.28,-13.88
2729,-4.38,69.56,6.83,-9.69
2730,-29.19,114.43,4.03,-9.14
2731,-90.69,-85.49,5.52,-14.54
2732,-9.26,-4.22,5.23,-15.06
2733,-0.68,63.68,3.55,-15.85
2734,29.16,-20.96,2.03,-15.95
2735,1.9,0.81,1.24,-16.71
2736,-44.33,6.62,2.75,-9.91
2737,27.86,22.05,0.89,-16.47
2738,-59.48,-10.6,4.57,-14.8
2739,-61.06,49.44,8.7,-16.09
2740,6.67,36.48,4.1,-13.69
2741,-8.69,-32.31,3.72,-13.13
2742,-8.56,-3.57,3.7,-18.3
2743,32.55,45.29,2.19,-14.97
2744,-11.39,46.82,3.27,-12.53
2745,-30.89,36.85,4.56,-10.43
2746,-29.87,-50.79,4.06,-17.47
2747,-33.97,-18.32,1.04,-15.78
2748,-7.79,9.47,1.96,-9.31
2749,5.9,35.63,3.73,-12.77
2750,-34.5,22.5,-2.51,-16.95
2751,-13.03,4.96,-1.75,-14.75
2752,-29.93,-6.29,2.75,-11.27
2753,34.95,8.81,3.07,-19.23
2754,4.68,32.71,-0.07,-14.19
2755,18.6,44.27,3.44,-10.98
2756,-22.56,37.86,2.58,-14.29
2757,-53.83,5.87,4.77,-9.68
2758,-36.98,8.29,2.32,-12.45
2759,-32.19,-1.92,0.35,-16.5
2760,17.83,60.01,3.49,-11.07
2761,17.93,74.68,4.74,-3.72
2762,-26.1,6.16,6.06,-15.54
2763,-26.6,-24.35,7.86,-10.92
2764,-34.04,-9.29,2.13,-14.68
2765,-23.08,21.01,1.98,-13.81
2766,-54.33,15.19,-0.12,-14.47
2767,27.84,44.78,-1.0,-17.47
2768,6.25,1.85,7.12,-6.81
2769,-44.25,1.48,4.36,-13.94
2770,-0.34,21.37,-3.06,-15.91
2771,-6.89,-16.76,1.8,-6.89
2772,-27.85,25.29,8.45,-13.95
2773,-20.71,41.63,6.75,-8.26
2774,49.83,72.56,3.25,-13.1
2775,-24.45,54.98,5.69,-11.38
2776,-34.41,-1.1,6.59,-16.05
2777,6.86,66.66,5.07,-9.03
2778,-27.82,-10.02,5.53,-16.86
2779,-52.42,-38.35,2.63,-15.28
2780,2.5,56.83,7.62,-11.63
2781,-74.27,-9.68,-0.49,-15.7
2782,15.35,48.01,2.89,-16.51
2783,-24.89,10.19,-1.28,-17.1
2784,-12.94,28.03,4.73,-14.99
2785,-26.27,-22.28,0.71,-12.12
2786,-7.26,11.8,13.79,-8.21
2787,-14.33,29.72,9.99,-15.93
2788,1.43,45.54,6.4,-15.82
2789,42.31,45.46,5.42,-11.57
2790,-15.66,68.2,8.39,-8.09
2791,-85.19,6.72,8.34,-8.07
2792,-16.44,7.76,2.25,-15.71
2793,10.76,32.89,-0.19,-17.37
2794,6.25,47.45,2.96,-15.2
2795,-40.35,-23.39,3.85,-10.07
2796,-16.31,53.11,9.22,-15.92
2797,-40.94,-51.83,7.37,-13.98
2798,-8.08,46.6,8.89,-7.87
2799,-3.94,31.57,3.13,-14.63
2800,-17.59,25.32,6.05,-14.82
2801,-4.38,-0.77,2.33,-11.57
2802,-22.28,20.02,4.35,-11.62
2803,-63.27,42.39,-2.37,-16.25
2804,0.67,43.31,2.11,-15.28
2805,-15.15,-4.87,1.51,-13.33
2806,-15.56,-4.26,7.81,-11.88
2807,-9.25,41.08,2.31,-10.14
2808,-18.19,34.27,2.03,-13.3
2809,-18.47,55.39,0.16,-8.99
2810,2.12,32.88,2.62,-9.99
2811,1.7,-11.84,6.39,-6.35
2812,-14.54,0.42,6.46,-10.65
2813,-28.9,-5.2,1.41,-10.09
2814,-44.19,24.74,7.0,-8.95
2815,-49.7,27.61,8.84,-5.77
2816,9.46,11.92,1.24,-7.41
2817,42.47,26.09,1.08,-9.95
2818,-69.69,19.46,3.38,-11.26
2819,-20.9,33.32,1.31,-7.73
2820,-35.77,8.92,3.73,-9.96
2821,-20.38,41.04,3.52,-7.27
2822,-23.81,28.57,6.15,-2.6
2823,-15.6,-24.43,2.8,-13.13
2824,-17.73,19.34,7.59,-11.85
2825,-29.83,26.35,1.85,-12.48
2826,-27.54,19.23,13.03,-7.22
2827,-12.36,21.14,9.73,-6.27
2828,-17.42,21.89,2.77,-12.94
2829,-12.57,25.39,5.45,-16.44
2830,-19.78,22.63,3.91,-17.62
2831,-9.85,26.76,6.14,-14.46
2832,-27.36,45.18,3.08,-16.11
2833,-33.54,-5.91,4.01,-15.31
2834,-3.79,-16.43,4.64,-17.36
2835,-74.31,0.7,4.67,-13.87
2836,-17.85,73.24,0.78,-18.45
2837,-9.55,8.16,9.15,-12.6
2838,4.83,-0.92,8.09,-20.36
2839,-11.72,-1.82,7.19,-14.47
2840,-10.38,17.71,4.86,-11.09
2841,-23.48,43.24,11.72,-7.82
2842,5.07,60.45,-0.67,-15.58
2843,-12.42,11.35,4.58,-11.86
2844,-43.39,-27.54,5.38,-15.99
2845,-15.74,25.66,7.3,-12.95
2846,-50.08,-15.4,9.01,-9.05
2847,19.91,11.74,5.76,-13.3
2848,-19.63,36.14,6.89,-15.35
2849,-35.37,57.64,6.15,-11.89
2850,-0.53,46.39,4.19,-9.99
2851,-30.51,-4.71,3.26,-19.09
2852,-55.46,-26.41,7.9,-11.67
2853,-23.08,2.32,1.45,-14.2
2854,0.63,26.47,2.52,-17.87
2855,-23.7,13.43,5.16,-15.38
2856,-18.12,31.21,-1.01,-11.97
2857,-20.03,28.25,-0.11,-17.11
2858,-3.44,84.52,1.86,-11.32
2859,-38.97,9.19,2.6,-4.12
2860,-25.68,-38.83,1.53,-7.58
2861,-15.43,2.51,-4.58,-22.78
2862,-27.62,12.08,4.11,-14.22
2863,-9.89,45.47,-2.21,-16.01
2864,-8.17,24.39,6.83,-13.6
2865,-25.27,34.94,4.07,-14.64
2866,-14.38,62.74,1.66,-10.57
2867,-42.78,-43.28,-0.32,-16.31
2868,-3.92,-2.58,3.15,-12.33
2869,-3.46,6.37,1.28,-15.89
2870,18.12,27.01,0.27,-11.29
2871,-38.67,40.62,1.96,-12.16
2872,-20.8,37.33,0.61,-12.34
2873,-22.73,20.83,2.89,-13.37
2874,-23.66,10.09,2.12,-13.16
2875,-52.23,28.0,3.08,-13.39
2876,5.37,60.39,4.88,-6.45
2877,-43.96,-19.4,0.16,-11.56
2878,-17.56,-9.35,1.54,-13.7
2879,-10.39,19.57,1.24,-15.03
2880,5.57,56.36,2.66,-11.86
2881,-21.07,-10.82,1.36,-14.25
2882,-45.0,1.43,5.65,-12.55
2883,1.73,31.17,1.42,-11.63
2884,-4.52,24.96,4.45,-14.38
2885,-25.55,11.1,2.31,-19.88
2886,-22.31,17.78,5.36,-16.66
2887,-20.92,25.99,6.43,-9.71
2888,-9.65,36.13,3.8,-16.45
2889,-33.34,-32.14,3.25,-16.79
2890,-29.22,-7.38,4.24,-13.4
2891,0.93,23.92,8.3,-8.51
2892,-16.65,10.5,3.17,-16.25
2893,-23.5,40.47,4.24,-15.31
2894,-18.06,15.22,7.23,-15.58
2895,-38.11,-28.48,5.7,-20.49
2896,-60.71,-3.75,3.27,-9.78
2897,20.55,22.28,3.86,-13.5
2898,-10.12,-3.5,3.1,-16.5
2899,-30.39,10.09,4.03,-10.72
2900,-4.23,17.71,1.67,-12.49
2901,-19.0,16.46,0.43,-17.35
2902,-9.99,9.85,-0.76,-12.13
2903,-25.07,34.2,0.48,-14.64
2904,-12.73,64.79,-0.47,-12.52
2905,13.54,20.84,-1.18,-15.54
2906,12.06,-14.01,-1.52,-16.11
2907,-41.93,-6.11,1.82,-17.27
2908,24.17,38.37,5.92,-15.66
2909,-69.47,5.74,5.33,-13.49
2910,-25.13,-6.49,2.41,-11.62
2911,-18.83,20.57,-1.8,-15.17
2912,-16.37,35.31,5.37,-13.98
2913,-22.85,36.23,5.39,-9.97
2914,-55.6,-11.49,7.08,-16.81
2915,-18.7,4.99,2.1,-15.15
2916,1.13,35.96,1.65,-15.75
2917,-23.74,-2.66,1.06,-14.59
2918,-3.47,23.27,1.41,-10.31
2919,-19.08,16.02,8.09,-10.56
2920,-25.1,-6.17,8.49,-12.57
2921,-16.04,8.54,1.73,-12.98
2922,-4.51,49.62,0.77,-10.54
2923,-19.91,-2.81,2.79,-16.93
2924,-13.66,9.36,2.93,-12.01
2925,-19.49,-1.74,-0.5,-11.28
2926,-20.09,16.21,5.0,-14.74
2927,-3.3,35.05,5.23,-5.76
2928,-60.14,4.54,7.52,-13.11
2929,-33.06,1.29,4.99,-10.83
2930,-53.98,29.29,6.18,-7.49
2931,19.13,8.13,1.97,-11.95
2932,7.27,18.48,2.94,-14.99
2933,-43.65,-13.19,7.01,-9.44
2934,-16.66,15.08,2.02,-12.46
2935,38.36,85.87,3.37,-6.11
2936,9.23,2.14,3.35,-11.36
2937,-53.92,-29.68,-0.33,-15.8
2938,-37.84,-13.7,4.59,-10.33
2939,-45.0,16.26,9.03,-11.62
2940,-20.47,30.57,0.05,-16.13
2941,14.7,30.21,6.31,-9.76
2942,-2.95,41.78,4.93,-6.34
2943,-37.95,0.87,6.09,-9.86
2944,-20.54,15.12,6.33,-7.79
2945,-1.24,18.2,1.71,-14.88
2946,-13.72,17.27,2.74,-11.68
2947,-38.06,9.78,5.06,-8.7
2948,-27.16,26.95,6.47,-7.16
2949,35.65,62.46,-1.47,-10.75
2950,-24.5,30.76,2.35,-3.7
2951,-16.03,3.55,4.19,-11.63
2952,-28.55,-26.25,-0.19,-13.35
2953,-11.95,23.07,0.73,-9.79
2954,-67.11,-30.25,5.14,-6.79
2955,-6.89,11.11,5.64,-13.28
2956,15.27,33.68,1.22,-13.65
2957,-13.51,37.29,6.68,-6.66
2958,-45.52,-12.35,5.35,-13.33
2959,-10.61,23.91,4.93,-10.74
2960,-0.85,34.53,5.85,-13.48
2961,-27.18,16.36,8.61,-10.98
2962,-20.66,25.19,9.77,-11.78
2963,-14.03,66.72,8.52,-10.1
2964,-33.72,-1.21,2.4,-10.0
2965,-12.3,40.13,5.82,-6.79
2966,-38.27,-14.96,3.9,-14.53
2967,-65.39,-9.76,2.66,-10.79
2968,6.27,46.93,8.33,-12.19
2969,20.09,38.81,-0.26,-15.96
2970,-31.63,19.52,4.35,-10.54
2971,-20.44,-13.04,7.86,-6.61
2972,-20.01,50.6,1.59,-7.96
2973,-7.37,61.91,1.7,-13.74
2974,-18.57,-2.73,8.94,-11.42
2975,-16.9,1.45,5.85,-11.9
2976,-24.19,-12.2,5.79,-12.66
2977,-16.08,10.08,5.15,-11.42
2978,-30.19,25.29,7.72,-7.36
2979,-51.2,16.71,10.74,-6.43
2980,-25.31,-3.42,3.6,-13.09
2981,16.94,53.16,6.53,-10.17
2982,-35.24,-11.24,1.69,-14.02
2983,-5.74,20.19,7.71,-13.08
2984,-4.71,8.34,3.36,-18.21
2985,-38.15,41.78,8.22,-11.83
2986,-55.9,30.76,6.17,-10.37
2987,12.46,6.23,4.41,-13.9
2988,17.84,12.55,5.82,-16.9
2989,17.38,20.95,1.46,-13.26
2990,4.12,81.01,6.05,-10.36
2991,-69.44,-27.94,-0.93,-17.61
2992,-29.39,-15.02,4.08,-10.97
2993,-12.69,20.69,6.12,-9.31
2994,-44.01,-20.65,-2.11,-14.62
2995,-8.4,18.87,8.45,-10.32
2996,-16.79,-0.95,-0.73,-14.74
2997,-14.53,20.42,0.89,-12.49
2998,-49.25,20.21,6.37,-10.01
2999,-21.54,5.67,1.23,-15.12
