,ch1,ch2,ch3,ch4
0,-28.65,-527.29,-493.31,-262.57
1,-28.02,-523.25,-63.18,123.08
2,2.43,-474.22,-141.94,0.76
3,-23.0,-496.1,-109.05,-80.63
4,-39.35,-511.69,-63.61,50.61
5,-16.91,-474.26,-87.7,-72.99
6,-27.58,-469.12,-289.59,-82.72
7,-16.52,-483.03,-44.02,-0.55
8,-1.28,-485.73,-134.3,97.24
9,-11.59,-475.7,-83.92,-117.93
10,-26.71,-539.33,-210.19,108.59
11,-13.93,-502.88,-218.71,-145.81
12,-29.83,-493.74,-60.19,62.58
13,-11.63,-463.6,-16.15,-10.17
14,-15.6,-477.52,-52.45,33.57
15,-29.58,-504.29,-258.27,29.58
16,-26.22,-488.56,-25.17,-39.48
17,11.78,-446.5,-139.32,-77.9
18,-15.63,-493.88,76.76,146.6
19,-2.39,-495.27,-45.0,69.7
20,-26.8,-543.22,-438.38,-151.84
21,-38.96,-524.02,21.38,-0.3
22,-23.76,-486.01,-102.75,28.2
23,-10.81,-486.29,-171.44,-29.03
24,-32.52,-481.03,-73.76,105.14
25,-23.03,-458.33,-90.95,0.77
26,-14.24,-476.22,-25.43,-23.52
27,-25.45,-510.69,-14.62,55.68
28,-24.41,-497.42,-112.76,58.69
29,-15.21,-493.58,-300.56,15.8
30,-21.98,-504.98,180.43,-9.01
31,-7.02,-452.97,-242.38,-74.54
32,-6.64,-469.62,-140.29,-119.93
33,-35.48,-512.36,-100.17,24.53
34,-15.12,-507.78,-37.48,159.56
35,-28.85,-497.75,-155.3,-52.09
36,2.29,-477.23,-39.22,115.24
37,2.0,-473.09,-63.66,125.79
38,-32.58,-495.21,34.97,-90.19
39,-22.05,-494.59,-217.23,-24.82
40,-12.53,-466.04,-256.76,-47.2
41,-33.92,-529.91,145.8,79.91
42,-22.16,-490.91,-192.95,67.18
43,-16.75,-468.24,-151.49,-40.71
44,-13.02,-494.67,-125.12,-151.26
45,-25.87,-508.86,23.04,104.04
46,-24.13,-512.02,-124.66,27.96
47,2.14,-438.12,-96.89,59.92
48,-37.52,-512.59,-98.34,7.11
49,-37.53,-517.18,-111.51,-33.34
50,-12.68,-501.69,-91.2,38.12
51,-9.5,-481.86,-55.93,-68.96
52,-0.73,-450.99,-164.75,125.0
53,-24.89,-492.87,-125.75,29.13
54,-35.15,-483.33,-72.12,18.88
55,16.91,-429.8,4.72,17.23
56,-15.87,-510.06,14.91,84.76
57,-29.45,-509.02,-373.11,-33.73
58,-27.42,-514.51,59.82,5.37
59,-32.02,-495.83,-208.68,-59.44
60,-13.69,-451.02,-73.5,6.02
61,-9.95,-451.17,-105.79,-15.35
62,-14.1,-516.74,43.17,72.73
63,-35.67,-493.57,-257.97,11.93
64,-23.07,-464.53,-90.03,10.24
65,-37.94,-528.63,-183.45,30.7
66,-17.31,-490.75,-38.67,-13.49
67,-36.06,-498.67,-106.69,44.63
68,-17.74,-471.45,-165.47,90.25
69,-19.71,-493.52,-87.08,-52.81
70,-18.88,-474.94,56.24,77.93
71,-14.81,-471.67,-121.15,-60.85
72,-37.63,-508.73,-166.43,50.21
73,-23.06,-498.27,-131.19,-50.44
74,-27.56,-491.47,-52.6,59.91
75,-5.88,-456.67,-25.31,8.85
76,-26.86,-489.61,-220.66,106.22
77,-17.93,-502.55,-90.55,-122.27
78,-30.25,-508.33,-110.96,-6.78
79,-21.61,-464.04,-131.35,14.76
80,-21.37,-483.42,-108.52,-65.44
81,-21.46,-481.75,-36.74,122.5
82,-35.24,-484.99,-124.87,5.21
83,-25.35,-486.55,-41.0,-35.85
84,-28.0,-506.0,-180.3,33.18
85,-32.08,-488.24,-86.29,65.85
86,-27.86,-495.81,-119.65,32.01
87,11.32,-465.25,174.2,51.71
88,-37.33,-505.63,-361.91,11.88
89,-29.73,-490.52,-130.3,-10.26
90,-22.46,-465.55,-82.5,-14.73
91,-5.13,-452.2,-32.75,-24.32
92,-35.24,-478.81,-214.91,104.08
93,-22.97,-500.77,-119.16,-23.26
94,-10.1,-474.13,-128.82,-65.04
95,-30.89,-482.07,-141.93,51.66
96,-18.36,-496.4,169.8,38.16
97,-32.18,-498.94,-135.9,35.2
98,-20.81,-485.11,-189.53,-43.59
99,-18.14,-495.96,-66.71,16.38
100,-22.58,-483.75,-219.84,72.34
101,-20.83,-495.65,13.04,78.34
102,-28.56,-489.38,-170.38,-24.81
103,-18.83,-461.09,-218.2,49.9
104,-24.99,-483.15,-5.28,-18.91
105,-29.41,-512.36,-19.14,-13.28
106,-26.37,-482.76,-191.09,-9.95
107,-28.19,-493.23,-66.24,21.06
108,-29.44,-480.3,-47.89,87.21
109,-21.07,-483.03,-221.63,-40.51
110,-25.28,-474.49,-110.21,66.84
111,-15.26,-481.19,-37.01,29.23
112,-25.34,-505.96,-129.6,14.86
113,-18.89,-478.03,-6.86,29.33
114,-25.25,-502.64,-227.59,-28.7
115,-23.04,-483.29,-132.69,-33.85
116,-32.3,-506.14,-148.42,3.57
117,-36.33,-480.14,-77.16,38.55
118,-29.02,-487.28,-69.84,34.32
119,-2.83,-459.73,2.07,5.57
120,-35.36,-512.88,-222.14,27.25
121,-27.1,-501.72,-127.43,-10.79
122,-19.71,-491.44,-38.72,45.91
123,-37.6,-478.81,-141.22,9.67
124,-20.62,-457.56,-35.13,-40.06
125,-7.01,-459.36,-122.98,-8.37
126,-25.63,-498.86,-135.91,11.8
127,-29.37,-500.94,-83.62,-11.66
128,-4.94,-480.42,-22.72,118.69
129,-25.37,-478.94,-86.21,12.18
130,-31.55,-487.45,-305.14,-34.79
131,-34.32,-496.52,-91.84,-10.11
132,-21.09,-476.24,-21.44,20.46
133,-20.17,-471.47,-137.15,14.11
134,-31.1,-499.48,-79.72,17.15
135,-38.02,-502.2,-58.38,50.62
136,-20.98,-491.68,-164.77,-13.66
137,-29.99,-484.4,-145.05,4.15
138,-17.66,-472.08,-111.04,23.82
139,-32.8,-500.29,-84.5,30.68
140,-8.43,-471.69,-78.42,19.73
141,-23.97,-488.55,69.35,13.38
142,-13.45,-499.64,-254.21,132.98
143,-33.66,-501.25,-208.21,-62.82
144,-19.67,-479.8,-70.15,-56.11
145,-20.89,-473.51,-55.3,17.31
146,-16.5,-470.75,-159.65,-20.55
147,-12.81,-467.88,-96.79,33.21
148,-24.39,-503.28,-102.03,-11.83
149,-23.09,-478.94,-197.54,-49.93
150,-21.0,-474.27,-89.85,58.13
151,-25.52,-488.75,-100.71,9.48
152,-24.18,-485.24,-97.07,42.59
153,-31.48,-500.69,-118.36,39.28
154,-30.19,-487.27,-107.92,29.63
155,-22.11,-476.46,-108.51,26.88
156,-18.96,-469.44,-106.93,15.77
157,-14.14,-472.58,-58.06,31.74
158,-14.0,-483.04,25.37,31.59
159,-17.44,-483.69,-172.79,42.07
160,-17.58,-489.63,-162.79,-69.52
161,-25.2,-494.75,-188.45,15.25
162,-27.86,-485.61,-70.7,-10.79
163,-30.13,-490.59,-58.8,-17.44
164,-4.26,-477.62,-175.68,24.68
165,-4.87,-483.94,-179.89,-25.67
166,-22.7,-477.09,-33.53,35.21
167,-22.87,-475.73,-159.09,-8.89
168,-9.04,-479.61,-65.83,22.95
169,-28.69,-489.86,-65.85,30.96
170,-27.04,-469.71,-151.72,-14.16
171,-27.29,-493.75,-121.58,31.01
172,-21.55,-493.9,-114.27,37.81
173,-27.68,-480.62,-105.37,24.47
174,-27.72,-487.93,-106.23,17.43
175,-18.79,-480.65,-112.97,15.55
176,-17.8,-475.63,-110.21,8.0
177,-24.17,-478.34,-102.89,2.03
178,-27.06,-483.07,-109.04,22.86
179,-26.88,-478.71,-114.43,11.23
180,-15.12,-473.44,-118.03,43.79
181,-13.5,-473.73,-102.2,-25.61
182,-0.41,-437.34,-129.6,10.5
183,-32.97,-486.54,-112.32,23.06
184,-15.12,-464.89,-123.91,5.12
185,-15.95,-492.53,-120.48,18.29
186,-20.48,-487.64,-112.6,-5.08
187,-17.7,-484.24,-110.18,9.02
188,-24.4,-493.15,-115.9,7.6
189,-25.08,-483.15,-118.04,17.58
190,-19.31,-465.96,-116.06,8.26
191,-11.64,-463.19,-115.24,2.28
192,-13.62,-465.87,-108.6,-10.31
193,-14.77,-441.46,-126.25,-8.18
194,-22.27,-489.17,-116.22,18.29
195,-24.43,-519.57,-117.59,30.94
196,-14.85,-489.62,-123.92,-0.49
197,-13.76,-479.94,-123.93,-15.17
198,-20.26,-494.6,-111.25,43.94
199,-22.91,-484.53,-117.55,20.29
200,-26.07,-481.42,-120.72,19.4
201,-21.71,-481.68,-124.17,7.27
202,-19.89,-480.93,-125.66,6.86
203,-19.28,-472.26,-123.93,6.35
204,-20.76,-474.28,-121.33,5.41
205,-19.9,-481.59,-127.03,4.73
206,-20.32,-475.65,-121.7,-4.42
207,-22.49,-475.1,-111.35,5.0
208,-16.63,-478.45,-118.67,2.43
209,-15.95,-473.19,-119.83,-8.56
210,-20.39,-467.51,-126.78,4.67
211,-17.68,-477.28,-120.33,4.47
212,-15.3,-481.88,-129.28,4.31
213,-16.11,-470.77,-124.11,1.31
214,-20.71,-469.85,-123.35,-3.27
215,-19.42,-483.39,-125.5,3.0
216,-24.97,-478.68,-127.53,0.17
217,-25.51,-475.55,-122.27,-0.94
218,-26.78,-478.92,-124.56,2.77
219,-27.94,-475.69,-127.87,-1.0
220,-12.26,-453.51,-123.06,-6.4
221,-16.85,-466.25,-130.08,-4.41
222,-30.49,-492.46,-126.76,-3.21
223,-32.77,-476.0,-120.19,-5.1
224,-16.31,-475.53,-124.42,-9.02
225,-20.94,-479.57,-125.43,-4.82
226,-26.5,-470.51,-126.73,-9.19
227,-20.95,-467.06,-124.14,-8.26
228,-16.86,-475.62,-135.54,-11.43
229,-17.2,-469.88,-122.72,-7.69
230,-22.82,-465.51,-125.02,-8.45
231,-23.12,-469.79,-123.96,-7.74
232,-22.44,-474.13,-128.37,-5.99
233,-21.76,-466.04,-122.95,-7.48
234,-21.81,-470.39,-124.35,-9.5
235,-32.13,-481.41,-122.05,-8.2
236,-34.64,-472.62,-122.71,-11.6
237,-19.61,-466.54,-126.41,-11.09
238,-28.47,-472.64,-128.24,-9.15
239,-22.33,-468.79,-128.86,-9.55
240,-28.48,-466.74,-122.78,-2.43
241,-27.82,-477.75,-128.32,-6.9
242,-38.81,-473.38,-127.59,-11.63
243,-16.95,-465.95,-129.05,-0.01
244,-17.89,-466.06,-131.18,-6.61
245,-27.31,-475.86,-125.28,-4.94
246,-26.14,-466.3,-122.35,-4.39
247,-42.97,-447.74,-117.8,-5.46
248,-53.21,-461.4,-125.5,-3.47
249,14.66,-478.42,-127.71,-6.99
250,-16.45,-467.14,-126.22,-3.57
251,-14.56,-473.45,-130.83,-4.91
252,-14.7,-475.44,-127.38,-6.48
253,-23.11,-466.25,-132.25,-7.34
254,-24.1,-470.11,-124.77,-4.03
255,-24.86,-473.83,-133.37,-2.38
256,-42.22,-462.93,-125.08,-5.25
257,-34.99,-466.72,-129.38,-8.42
258,-8.35,-472.89,-132.17,-5.49
259,-31.83,-474.12,-124.3,-6.28
260,-12.31,-465.3,-128.48,-7.97
261,-36.91,-472.39,-125.04,-7.48
262,-35.05,-473.26,-123.71,-8.62
263,-11.59,-460.5,-123.03,-6.2
264,-4.92,-445.38,-126.82,-11.31
265,-34.57,-442.94,-127.03,-11.37
266,-53.65,-472.74,-120.52,-12.8
267,-4.31,-471.67,-124.41,-11.01
268,-19.67,-479.0,-120.05,-5.83
269,-37.24,-465.89,-124.26,-7.21
270,-46.89,-468.91,-124.23,-4.26
271,-17.28,-463.15,-129.69,-11.79
272,-84.16,-463.92,-126.17,-10.09
273,-61.57,-458.95,-125.1,-9.22
274,19.16,-442.25,-132.51,-11.35
275,-6.75,-458.41,-124.72,-10.01
276,-49.69,-486.08,-119.56,-7.4
277,-9.99,-478.35,-122.26,-10.53
278,5.71,-474.52,-122.09,-14.78
279,-35.55,-471.76,-125.86,-12.34
280,-29.54,-471.8,-123.21,-12.39
281,8.48,-484.74,-122.72,-14.58
282,-24.52,-467.5,-117.45,-1.15
283,-60.55,-452.89,-118.49,-6.56
284,-16.93,-457.47,-118.58,-14.49
285,-19.75,-445.93,-128.32,-18.6
286,-30.11,-420.55,-125.45,-4.83
287,-33.85,-452.33,-118.69,-1.76
288,-44.12,-457.22,-124.37,-9.43
289,-5.02,-470.88,-125.19,-12.32
290,-8.63,-460.47,-124.92,-11.74
291,-36.47,-472.67,-117.85,-13.74
292,-54.96,-488.07,-120.35,-2.84
293,2.65,-440.68,-128.9,-10.55
294,4.53,-452.8,-122.5,-14.24
295,-52.68,-490.31,-116.53,-12.23
296,-21.63,-440.95,-120.51,-11.29
297,8.37,-453.33,-121.71,-16.31
298,-15.27,-516.46,-126.67,-21.41
299,1.6,-394.83,-129.23,-22.38
300,-32.71,-421.97,-116.35,-2.41
301,-79.3,-495.96,-112.69,-11.36
302,-65.66,-494.66,-125.5,-15.75
303,18.49,-397.97,-117.86,-1.5
304,-55.57,-380.25,-111.23,-3.02
305,40.19,-465.61,-125.78,-14.4
306,-23.02,-525.7,-114.24,0.43
307,-129.45,-582.22,-111.79,-7.58
308,-79.06,-505.21,-134.09,-20.18
309,18.55,-367.96,-128.46,-10.69
310,19.98,-372.3,-110.01,-5.79
311,-34.45,-419.37,-106.71,-4.7
312,-98.84,-447.9,-106.75,-1.08
313,-9.93,-410.66,-128.45,-17.47
314,-97.07,-441.86,-117.92,-10.3
315,-44.69,-499.7,-122.85,-10.4
316,-1.45,-582.19,-121.37,-16.12
317,-32.04,-289.31,-117.08,-12.42
318,55.57,-240.62,-117.11,-9.85
319,25.75,-445.92,-119.92,-6.34
320,-57.2,-459.31,-118.36,-12.59
321,-77.53,-441.05,-101.52,7.44
322,6.17,-369.21,-122.12,-14.23
323,-59.98,-587.57,-116.55,-3.88
324,-159.35,-590.1,-107.14,4.88
325,-270.89,-406.27,-117.58,-15.6
326,171.13,-265.89,-143.59,-30.02
327,14.32,-408.42,-123.74,-9.25
328,-73.65,-408.99,-92.76,21.49
329,-138.08,-328.23,-111.15,-6.95
330,-2.58,-590.65,-109.79,-7.55
331,-6.93,-661.9,-113.98,8.13
332,-12.71,-410.34,-112.48,6.12
333,-9.02,-365.56,-106.36,5.84
334,11.61,-421.9,-95.34,7.96
335,-39.41,-401.0,-93.15,21.75
336,21.07,-376.77,-115.97,2.68
337,-0.08,-394.48,-109.61,12.0
338,-38.2,-441.53,-97.92,20.01
339,-70.77,-659.44,-106.47,7.06
340,-25.93,-279.22,-91.71,10.05
341,103.27,-233.68,14.03,5.23
342,72.91,-391.24,307.85,72.22
343,-37.35,-520.38,-327.93,5.69
344,-59.57,-515.74,-207.83,-0.27
345,-40.71,-540.78,-153.32,0.03
346,20.32,-472.17,-135.66,1.77
347,14.74,-453.03,-34.43,42.14
348,-72.72,-511.9,-144.46,23.45
349,-62.96,-432.0,-141.96,13.51
350,-66.69,-577.22,-134.77,19.52
351,-35.34,-507.15,-123.62,30.79
352,-60.38,-220.12,-118.14,32.28
353,162.35,-240.63,-98.56,47.4
354,-131.29,-484.62,-114.15,32.75
355,-61.11,-466.37,-126.38,19.46
356,54.37,-292.65,-131.5,16.67
357,-17.83,-471.93,-121.1,14.23
358,70.25,-264.11,-91.42,30.15
359,42.37,-432.94,-21.16,37.84
360,-71.13,-517.73,-178.33,32.72
361,-30.91,-497.37,-141.01,19.18
362,-28.84,-588.55,-123.9,16.84
363,-27.84,-309.67,-117.36,21.91
364,13.59,-435.05,-67.56,17.42
365,-10.49,-361.41,-57.11,29.05
366,-24.68,-430.07,-178.91,19.67
367,114.79,-258.21,35.27,53.03
368,-95.51,-516.58,-169.84,11.57
369,-30.64,-214.6,-162.18,3.85
370,-89.94,-567.4,-137.57,10.33
371,-81.21,-724.26,-122.69,27.13
372,132.05,-330.6,-131.89,18.52
373,-13.99,-487.54,-117.55,20.66
374,-62.23,-559.94,-124.65,10.95
375,-41.43,-434.58,-130.52,4.35
376,-28.42,-455.98,-117.22,18.22
377,57.24,-321.55,-115.34,22.17
378,21.0,-437.76,-106.25,16.42
379,18.53,-301.72,-126.52,20.56
380,-41.02,-542.76,-100.58,14.88
381,16.09,-482.64,-71.65,32.78
382,-26.96,-467.22,-120.01,30.47
383,-28.57,-469.44,-158.95,2.82
384,-17.21,-463.26,-134.04,12.13
385,-31.95,-481.3,-131.0,7.28
386,-51.64,-402.85,-121.69,29.25
387,-19.29,-505.07,-125.88,27.77
388,-13.72,-304.93,-143.69,13.89
389,19.93,-511.84,-123.76,29.36
390,4.7,-458.4,-130.89,24.94
391,-15.68,-551.89,-133.67,16.21
392,3.92,-525.41,-125.63,27.14
393,-9.48,-516.94,-130.95,27.64
394,-1.08,-425.29,-116.83,40.63
395,-56.54,-526.07,-127.67,25.89
396,-10.42,-493.84,-135.01,13.44
397,-0.96,-433.57,-111.92,24.84
398,16.2,-395.89,-105.78,17.76
399,-0.3,-391.89,-124.47,28.77
400,-32.04,-489.01,-146.3,27.53
401,-27.48,-398.81,-129.11,19.65
402,18.92,-354.04,-127.11,29.2
403,-33.42,-487.48,-125.94,32.67
404,-30.73,-533.67,-141.11,24.99
405,-40.8,-477.56,-139.04,28.47
406,-40.91,-492.73,-129.19,36.61
407,-78.57,-540.06,-124.45,26.44
408,79.3,-500.94,-142.29,20.79
409,1.99,-448.63,-130.92,25.74
410,-35.49,-438.4,-137.52,18.03
411,-4.23,-426.51,-128.15,22.26
412,-117.26,-450.97,-124.63,22.01
413,105.65,-452.25,-140.56,6.27
414,78.96,-290.6,-121.77,21.73
415,-20.27,-529.83,-115.79,25.25
416,-49.74,-622.86,-120.13,21.58
417,-26.84,-595.43,-131.84,10.96
418,-11.82,-410.26,-113.34,15.99
419,6.35,-231.1,-127.07,14.3
420,-17.72,-643.95,-111.86,21.65
421,-3.68,-419.1,-151.25,14.74
422,-16.25,-589.31,-125.41,21.25
423,-16.65,-423.34,-123.14,20.17
424,-18.18,-446.49,-120.27,19.21
425,-117.09,-613.58,-117.24,19.96
426,24.54,-516.88,-132.83,14.25
427,13.69,-413.33,-137.24,13.76
428,-30.3,-456.87,-137.02,10.5
429,-31.23,-433.71,-115.66,34.15
430,51.23,-517.46,-122.96,22.37
431,-18.3,-468.62,-130.68,17.27
432,14.9,-297.03,-125.39,28.92
433,-7.67,-557.11,-123.5,35.43
434,37.43,-411.57,-134.15,16.25
435,14.23,-355.02,-127.09,20.18
436,-52.89,-535.63,-130.25,20.62
437,-6.91,-514.41,-131.93,17.04
438,-26.22,-532.79,-130.59,28.12
439,8.7,-472.7,-118.62,27.04
440,-7.59,-447.47,-129.29,23.12
441,-23.09,-479.23,-124.25,27.81
442,-33.02,-535.98,-135.2,17.82
443,-31.31,-419.18,-133.99,15.03
444,-19.29,-537.56,-130.93,24.8
445,-16.29,-432.56,-132.81,22.71
446,-17.12,-324.25,-123.1,24.21
447,20.42,-470.28,-123.1,28.83
448,-8.24,-570.93,-122.73,16.31
449,-11.95,-544.61,-123.68,26.04
450,14.89,-478.22,-123.72,16.66
451,32.56,-434.46,-126.46,16.07
452,10.27,-461.4,-118.24,37.08
453,-48.93,-518.29,-124.55,26.73
454,11.63,-426.57,-113.93,29.85
455,12.26,-434.83,-118.01,27.64
456,-40.09,-517.61,-137.1,22.38
457,-50.32,-511.82,-132.33,22.9
458,-2.77,-365.9,-115.56,21.74
459,-8.03,-522.7,-113.09,35.03
460,-33.63,-506.22,-122.75,33.35
461,-38.32,-527.96,-115.43,33.88
462,-18.76,-478.93,-125.4,31.58
463,19.43,-462.76,-127.64,28.07
464,-30.84,-500.69,-125.93,31.84
465,-36.1,-563.36,-114.63,29.18
466,25.46,-522.77,-108.17,41.69
467,-14.11,-539.92,-115.77,28.89
468,11.22,-380.28,-110.87,28.19
469,-17.87,-445.65,-117.44,29.92
470,-3.06,-453.47,-120.93,29.83
471,-13.98,-540.73,-120.41,22.16
472,-20.53,-404.46,-109.57,32.94
473,15.89,-523.06,-117.37,32.54
474,-18.01,-429.71,-112.0,37.02
475,-38.47,-441.3,-104.76,32.98
476,-15.27,-547.47,-116.01,30.56
477,-21.93,-481.35,-98.31,30.35
478,-53.5,-502.24,-118.79,26.33
479,-40.22,-451.09,-111.86,24.18
480,-30.38,-330.81,-110.29,24.99
481,49.79,-578.83,-114.82,29.32
482,-16.21,-542.81,-109.67,25.67
483,-5.98,-499.78,-111.19,13.53
484,-7.36,-478.98,-108.46,20.96
485,-7.61,-481.96,-111.98,28.56
486,-34.21,-495.62,-110.07,18.09
487,36.05,-402.41,-110.19,17.32
488,-55.09,-510.54,-92.25,32.75
489,-6.38,-529.71,-117.13,34.02
490,-41.18,-538.92,-108.35,25.58
491,-25.34,-459.2,-106.95,17.87
492,-16.08,-462.01,-109.64,30.73
493,10.03,-338.14,-103.9,26.46
494,-26.71,-541.15,-110.5,20.86
495,-27.32,-470.24,-110.29,27.2
496,-41.28,-509.63,-117.38,19.17
497,-98.11,-620.29,-114.31,28.92
498,38.92,-447.69,-121.05,11.41
499,9.46,-347.01,-113.43,32.94
500,-0.41,-409.25,-115.38,24.56
501,-54.83,-539.48,-102.06,36.4
502,4.99,-491.92,-121.0,23.34
503,-0.35,-255.37,-113.03,22.99
504,-30.76,-586.46,-117.37,28.41
505,-69.13,-566.35,-99.46,39.5
506,-30.56,-509.03,-115.23,23.1
507,11.68,-556.16,-111.75,23.57
508,-0.74,-441.06,-115.17,25.27
509,-3.93,-439.67,-120.77,27.47
510,6.02,-458.01,-110.22,35.65
511,-21.59,-470.19,-120.65,19.3
512,-34.02,-452.88,-100.37,32.65
513,-10.8,-507.58,-107.31,33.56
514,-32.46,-516.5,-121.37,16.57
515,-36.93,-513.62,-115.96,18.04
516,12.37,-384.52,-107.34,29.67
517,-38.35,-510.76,-110.99,29.8
518,-66.06,-548.09,-104.63,29.35
519,-3.25,-387.51,-119.09,23.5
520,1.02,-487.69,-95.07,27.3
521,-35.42,-441.23,-114.75,23.29
522,-20.83,-537.48,-104.51,30.65
523,-35.82,-511.26,-103.31,20.45
524,46.22,-471.43,-110.03,27.56
525,-11.89,-478.96,-94.64,26.21
526,-27.45,-424.46,-109.86,21.04
527,-6.13,-435.55,-114.41,19.98
528,-37.5,-544.39,-98.82,45.69
529,-8.33,-459.96,-110.93,22.84
530,-30.42,-509.02,-99.03,24.65
531,-53.22,-511.03,-115.9,21.86
532,-40.08,-456.16,-103.11,28.85
533,-76.51,-504.0,-109.41,11.7
534,-63.14,-529.48,-81.87,39.94
535,35.94,-493.57,-125.46,8.24
536,12.38,-430.65,-106.96,16.42
537,-21.73,-400.84,-107.43,23.31
538,-19.25,-491.94,-107.09,27.48
539,-10.18,-486.07,-105.78,16.46
540,-21.89,-470.18,-104.33,30.21
541,-9.83,-469.45,-116.62,29.15
542,-5.32,-463.67,-106.72,27.65
543,26.81,-442.09,-108.43,24.17
544,4.49,-393.59,-98.36,24.53
545,-72.6,-529.95,-118.68,18.21
546,-22.23,-496.22,-121.85,20.36
547,-36.54,-472.28,-124.52,10.03
548,-6.4,-452.41,-94.82,33.22
549,-3.65,-497.01,-121.2,4.86
550,-13.09,-383.55,-96.78,18.2
551,-57.83,-475.3,-122.99,14.02
552,41.82,-319.35,-100.92,16.58
553,-29.84,-566.48,-102.15,25.19
554,-23.98,-511.8,-116.31,18.98
555,-55.34,-580.6,-103.05,31.73
556,-3.8,-516.96,-125.45,17.31
557,19.44,-451.18,-126.45,6.4
558,-40.82,-513.43,-112.71,20.88
559,-50.78,-523.34,-95.73,28.4
560,-9.37,-428.78,-123.66,12.05
561,-20.99,-509.29,-118.35,6.78
562,31.46,-412.26,-114.77,21.64
563,-18.99,-493.25,-118.15,24.33
564,-69.27,-495.68,-114.43,16.45
565,-15.47,-488.11,-96.26,19.27
566,17.11,-414.33,-117.65,16.75
567,-16.32,-525.63,-133.84,11.26
568,-55.76,-544.49,-107.77,36.4
569,-21.35,-405.36,-119.76,12.91
570,65.68,-451.51,-116.36,19.77
571,-38.43,-531.45,-108.13,19.77
572,-40.0,-543.59,-126.63,16.89
573,-55.31,-592.35,-100.32,28.0
574,-9.02,-412.14,-115.72,14.7
575,16.65,-424.66,-110.93,10.2
576,-21.3,-543.18,-102.62,20.12
577,8.49,-472.08,-112.37,17.68
578,-23.94,-498.48,-111.04,16.07
579,-41.27,-472.45,-90.24,22.83
580,-24.42,-547.3,-115.42,12.47
581,-3.93,-446.67,-121.74,16.02
582,-1.17,-473.56,-95.92,32.11
583,-18.87,-478.43,-97.4,20.6
584,-7.31,-500.29,-107.47,16.95
585,-13.9,-520.78,-118.88,6.79
586,-32.7,-457.77,-102.51,13.62
587,17.49,-346.86,-109.57,23.41
588,-14.68,-588.79,-114.67,27.2
589,-4.79,-473.93,-112.37,14.82
590,-11.44,-537.34,-104.52,21.47
591,-1.26,-471.66,-89.42,22.79
592,-20.87,-433.62,-111.32,20.38
593,18.61,-419.85,-116.36,19.84
594,-70.76,-583.51,-111.14,4.82
595,-46.34,-481.57,-117.87,0.85
596,10.88,-484.37,-95.13,32.41
597,-10.28,-453.8,-108.22,15.86
598,-26.08,-487.84,-114.63,15.55
599,10.42,-522.52,-119.74,17.22
600,-58.73,-583.44,-119.89,2.09
601,-26.82,-323.58,-111.13,25.98
602,-10.08,-526.95,-111.57,18.98
603,-15.14,-414.82,-129.03,-4.27
604,-10.69,-459.07,-94.2,24.39
605,10.64,-560.05,-125.23,19.01
606,-38.0,-535.29,-105.32,23.18
607,-1.2,-473.25,-107.68,19.72
608,-21.45,-510.94,-123.45,21.32
609,-8.54,-497.84,-119.58,19.51
610,-27.63,-485.69,-109.62,25.14
611,-3.17,-472.94,-109.02,22.08
612,-18.2,-525.23,-117.33,26.99
613,-26.92,-471.75,-102.98,22.56
614,-48.39,-501.63,-104.58,23.84
615,-11.44,-393.82,-114.09,19.55
616,-38.01,-503.72,-101.04,22.68
617,50.15,-422.64,-106.18,26.82
618,-15.42,-430.41,-103.91,20.54
619,-71.15,-648.72,-119.86,15.86
620,-42.16,-490.48,-99.55,23.65
621,-31.08,-583.74,-108.12,16.91
622,4.87,-460.47,-116.93,15.6
623,1.2,-386.84,-113.09,26.4
624,-10.58,-491.83,-107.03,20.81
625,-11.67,-513.31,-112.18,21.88
626,-41.64,-561.5,-119.35,18.43
627,-30.12,-479.3,-105.01,24.1
628,-27.14,-450.67,-102.54,21.67
629,-17.49,-444.33,-95.21,27.1
630,-35.37,-542.59,-110.23,21.47
631,-11.72,-483.98,-103.96,16.44
632,-13.68,-462.69,-127.67,9.52
633,-2.13,-398.87,-146.18,6.94
634,-27.67,-550.32,-102.74,17.08
635,-38.13,-588.32,-89.5,26.94
636,-33.22,-478.79,-108.19,17.71
637,-34.64,-482.84,-87.94,14.84
638,8.68,-503.24,-108.13,24.09
639,-10.14,-475.58,-114.93,19.44
640,1.14,-353.33,-100.66,15.3
641,-28.36,-579.88,-99.01,29.28
642,-17.8,-580.86,-102.23,33.78
643,-22.39,-476.14,-104.5,24.9
644,-43.63,-392.74,-99.14,27.69
645,4.04,-350.57,-116.7,10.66
646,-12.63,-589.38,-103.45,24.19
647,-25.79,-534.31,-100.07,31.83
648,-34.98,-454.77,-106.72,16.57
649,-28.28,-576.7,-113.35,21.57
650,-39.01,-642.28,-110.59,22.8
651,-18.28,-518.4,-102.64,24.43
652,-17.38,-471.57,-102.36,24.39
653,4.98,-469.2,-105.38,26.29
654,-9.75,-465.64,-103.34,24.86
655,-54.88,-501.72,-96.27,26.42
656,-24.74,-500.6,-99.07,29.2
657,-19.17,-470.2,-103.75,20.73
658,2.59,-363.66,-112.21,19.79
659,-25.04,-476.17,-109.08,29.01
660,-14.08,-528.65,-102.17,30.13
661,-13.93,-525.29,-97.11,19.32
662,-51.34,-579.72,-112.38,12.12
663,-26.32,-519.03,-109.53,20.17
664,-25.83,-470.52,-96.54,19.92
665,1.53,-428.53,-102.88,18.72
666,-2.56,-502.38,-97.79,23.17
667,-20.51,-538.82,-113.71,22.26
668,-28.36,-476.88,-108.24,22.28
669,-18.51,-428.22,-102.74,20.86
670,-27.23,-519.73,-105.99,17.96
671,-26.03,-366.66,-112.21,13.4
672,-36.16,-567.02,-115.66,18.39
673,6.77,-535.79,-112.27,19.71
674,-21.42,-511.69,-103.74,17.99
675,-24.6,-481.34,-108.31,13.66
676,-6.23,-470.94,-113.45,6.87
677,-13.44,-446.0,-108.5,25.65
678,-28.36,-525.22,-104.18,34.07
679,-26.97,-455.13,-106.59,20.34
680,-16.62,-522.95,-102.37,18.0
681,20.86,-192.33,-100.13,13.55
682,-26.93,-623.5,-113.0,19.27
683,-36.93,-545.0,-103.0,13.44
684,-24.17,-553.71,-101.95,18.94
685,-37.66,-537.64,-96.48,14.13
686,-25.72,-473.79,-97.14,22.06
687,-16.77,-444.4,-94.63,20.39
688,4.93,-455.89,-95.11,24.96
689,-25.47,-484.36,-96.89,20.45
690,-44.85,-535.52,-97.14,19.61
691,-19.32,-541.26,-98.08,18.33
692,5.16,-382.56,-100.97,25.28
693,-43.61,-525.18,-104.25,14.76
694,-26.39,-456.07,-101.59,20.6
695,-0.89,-403.43,-105.08,23.75
696,-20.23,-503.61,-105.85,22.97
697,-13.48,-462.67,-100.66,15.41
698,-45.26,-607.01,-103.78,18.58
699,-26.42,-511.32,-103.11,19.25
700,-14.96,-513.25,-102.99,19.32
701,-18.22,-458.93,-109.85,15.33
702,-7.45,-471.08,-96.43,25.25
703,-14.61,-470.46,-102.44,24.16
704,-29.88,-532.34,-99.79,17.91
705,-33.31,-519.06,-108.33,20.24
706,0.83,-458.31,-104.55,28.3
707,-25.74,-480.54,-100.5,25.81
708,-45.35,-538.94,-102.93,18.76
709,-31.5,-481.53,-103.43,18.02
710,-9.08,-296.78,-109.92,10.02
711,2.77,-510.4,-94.55,28.86
712,-32.15,-613.71,-99.11,21.85
713,-25.89,-524.15,-91.08,23.13
714,-35.84,-578.27,-118.88,16.42
715,-15.33,-464.82,-103.16,24.05
716,16.51,-422.72,-100.15,35.79
717,-25.42,-493.56,-102.93,20.06
718,-47.1,-544.82,-112.6,15.18
719,-7.22,-416.4,-99.13,23.1
720,-20.47,-492.23,-96.12,19.54
721,-2.18,-457.03,-99.63,11.04
722,-50.88,-537.03,-96.83,21.93
723,-23.2,-482.08,-95.05,20.6
724,-14.1,-426.34,-97.88,14.97
725,-28.89,-423.59,-101.38,17.95
726,-21.09,-561.86,-101.77,18.61
727,-26.85,-495.72,-96.39,20.81
728,-6.57,-438.93,-95.95,24.01
729,-27.48,-540.72,-103.82,24.07
730,-24.56,-467.19,-96.64,19.96
731,-30.3,-505.54,-93.02,24.93
732,-2.28,-496.82,-106.83,22.73
733,-4.78,-498.9,-106.1,19.11
734,-60.19,-541.85,-94.04,19.54
735,-3.43,-419.97,-95.93,22.59
736,-5.99,-406.12,-100.49,21.15
737,-18.29,-505.82,-96.83,24.7
738,-32.95,-490.5,-103.06,13.06
739,-21.2,-481.14,-108.86,18.18
740,-40.04,-540.68,-100.06,21.27
741,14.43,-416.4,-109.47,14.29
742,-1.18,-344.13,-110.0,9.95
743,-15.39,-494.54,-110.99,9.64
744,-31.76,-542.6,-102.91,17.77
745,-15.91,-576.9,-100.05,21.89
746,-57.27,-565.11,-101.84,12.31
747,14.41,-271.43,-106.22,20.82
748,-23.47,-538.81,-106.95,17.35
749,-40.53,-529.09,-99.8,14.99
750,10.8,-433.22,-109.09,21.67
751,-5.19,-437.67,-96.56,29.97
752,-51.12,-483.77,-97.17,17.22
753,-23.46,-432.52,-114.27,17.57
754,1.41,-513.1,-112.49,16.94
755,-8.77,-502.55,-112.11,12.29
756,-13.7,-461.49,-108.15,20.43
757,-18.99,-444.37,-117.58,16.59
758,-42.38,-503.11,-106.5,22.14
759,-13.53,-486.83,-116.01,13.26
760,-7.66,-451.26,-108.54,16.13
761,-9.53,-469.71,-107.54,10.42
762,-20.38,-469.16,-101.11,20.92
763,-54.79,-606.68,-108.26,10.9
764,-14.08,-419.09,-102.29,7.53
765,-26.21,-552.95,-102.85,7.23
766,-11.01,-494.7,-104.64,11.62
767,-24.1,-499.6,-100.82,27.42
768,-60.25,-356.47,-113.47,12.12
769,3.27,-514.91,-107.24,18.59
770,3.14,-496.94,-100.1,18.97
771,-35.74,-517.8,-107.22,13.26
772,8.73,-474.61,-106.49,14.09
773,-7.69,-449.17,-103.83,17.76
774,-39.85,-505.67,-110.58,5.68
775,-11.23,-514.54,-108.32,14.44
776,-18.15,-442.63,-114.25,12.36
777,-33.89,-494.81,-113.52,19.9
778,-20.67,-443.83,-108.18,8.61
779,-19.82,-412.79,-115.96,8.38
780,-28.8,-601.8,-114.34,12.09
781,-37.29,-546.04,-107.4,15.77
782,-12.44,-527.79,-118.15,15.27
783,-33.25,-512.93,-104.8,24.12
784,-27.24,-481.84,-114.85,5.73
785,0.78,-423.38,-105.36,4.57
786,-19.03,-452.87,-109.86,10.03
787,-4.86,-493.86,-106.17,17.64
788,-16.97,-442.37,-108.71,19.31
789,-16.49,-480.05,-114.59,12.7
790,-22.14,-434.71,-98.28,22.56
791,-56.1,-515.8,-107.7,14.26
792,-1.09,-433.85,-114.48,17.24
793,-11.93,-393.62,-109.6,18.6
794,-38.62,-622.39,-111.73,9.21
795,-41.16,-523.11,-106.99,16.58
796,-11.78,-496.35,-110.21,12.95
797,-13.44,-420.38,-99.42,19.0
798,-25.39,-494.35,-106.63,10.34
799,-21.57,-600.27,-119.26,4.57
800,-2.72,-373.15,-110.53,17.76
801,-6.22,-352.81,-112.26,23.97
802,-57.06,-579.61,-108.37,21.8
803,51.76,-313.65,-115.21,19.88
804,-20.93,-539.11,-116.58,19.06
805,-43.83,-549.46,-124.5,8.92
806,-25.24,-438.41,-112.95,12.52
807,-57.13,-522.47,-119.31,15.0
808,-23.57,-590.52,-115.85,14.04
809,10.72,-410.57,-104.86,19.31
810,-13.64,-504.48,-102.49,16.45
811,-38.67,-460.65,-104.38,15.98
812,-17.93,-426.19,-107.34,9.25
813,-25.55,-561.19,-119.05,8.48
814,-3.0,-518.68,-125.22,-0.45
815,-7.5,-356.32,-117.92,12.27
816,-9.78,-523.46,-113.35,8.56
817,-17.3,-520.43,-105.18,19.58
818,-68.06,-525.86,-115.78,6.8
819,-20.3,-475.41,-106.19,12.35
820,-5.15,-475.23,-106.37,16.03
821,-2.14,-460.48,-104.79,14.67
822,-19.08,-475.71,-105.08,16.32
823,-11.74,-456.61,-104.94,11.83
824,-10.42,-386.94,-102.11,9.7
825,-48.24,-549.19,-89.88,26.62
826,-33.61,-520.77,-116.7,11.8
827,-2.52,-374.77,-117.73,9.4
828,-28.91,-604.67,-111.95,20.63
829,-24.35,-487.79,-112.99,27.09
830,-21.35,-452.8,-107.09,15.68
831,-15.14,-462.32,-112.37,19.68
832,-36.98,-597.63,-110.89,12.45
833,-28.12,-437.5,-98.96,22.85
834,-18.65,-471.73,-106.55,30.13
835,3.01,-416.69,-119.22,14.5
836,-34.48,-457.12,-116.53,13.79
837,-29.76,-536.1,-103.04,23.11
838,-16.45,-484.86,-116.02,16.75
839,-36.51,-543.67,-114.73,12.88
840,-21.02,-370.77,-119.5,12.15
841,-25.28,-432.02,-103.8,22.73
842,-61.74,-560.95,-87.36,24.77
843,-8.58,-499.77,-113.67,17.75
844,-17.0,-500.73,-112.78,11.81
845,-28.95,-522.29,-116.54,19.73
846,-16.53,-488.8,-107.67,20.56
847,-36.62,-518.57,-108.79,14.65
848,-19.11,-361.86,-110.66,13.71
849,-25.19,-457.46,-99.35,12.88
850,-59.89,-636.22,-98.7,13.1
851,9.48,-438.48,-113.4,15.44
852,-9.98,-411.44,-114.97,16.96
853,-20.26,-498.91,-113.15,18.51
854,23.18,-490.52,-117.98,14.6
855,-47.22,-501.2,-116.06,13.29
856,-44.2,-531.43,-117.76,17.95
857,-38.27,-492.14,-103.0,23.11
858,-31.24,-519.37,-122.76,16.21
859,-44.59,-506.34,-119.24,9.42
860,-9.97,-483.82,-118.67,13.43
861,-13.1,-412.45,-119.64,15.75
862,9.81,-498.21,-104.82,30.99
863,-22.75,-473.39,-119.53,21.86
864,-24.98,-399.16,-117.32,16.07
865,-51.89,-578.24,-120.39,11.99
866,3.26,-390.52,-100.41,26.13
867,-17.15,-515.29,-114.06,16.09
868,-19.24,-538.27,-117.98,11.86
869,-20.59,-478.81,-116.74,18.51
870,-29.47,-526.96,-115.24,12.89
871,-16.11,-484.97,-93.79,19.57
872,-21.9,-489.32,-111.36,16.23
873,-21.79,-495.01,-109.34,15.05
874,-35.49,-531.4,-104.06,15.27
875,-28.14,-445.33,-111.84,13.65
876,-28.61,-523.93,-116.62,17.44
877,-3.83,-417.66,-106.7,16.66
878,-27.36,-445.98,-99.69,19.51
879,-25.39,-485.56,-112.62,14.2
880,-10.22,-442.82,-130.83,6.48
881,-41.37,-580.45,-108.72,14.31
882,-5.9,-501.09,-107.57,25.47
883,-23.64,-458.37,-107.89,16.65
884,-14.52,-467.85,-109.31,16.2
885,-25.94,-379.46,-105.84,15.14
886,-12.42,-521.69,-110.35,23.76
887,-21.28,-518.08,-96.9,11.79
888,-11.02,-514.93,-101.05,9.42
889,-39.53,-496.27,-125.62,8.46
890,-15.49,-357.35,-111.16,6.06
891,-15.85,-491.5,-94.78,23.68
892,2.22,-467.86,-109.11,22.52
893,-38.73,-489.58,-97.66,21.42
894,-36.98,-558.85,-112.27,17.76
895,-6.79,-533.85,-108.41,19.46
896,-17.93,-439.32,-109.73,20.31
897,-15.67,-500.21,-114.13,22.92
898,-41.96,-526.49,-105.56,19.21
899,-30.02,-514.48,-113.22,16.02
900,-44.52,-539.62,-112.54,21.0
901,-35.88,-467.74,-111.27,18.7
902,6.21,-464.99,-108.79,24.55
903,-10.66,-483.47,-112.17,14.82
904,-10.4,-315.3,-109.71,15.98
905,-3.24,-571.35,-103.01,22.69
906,-23.94,-554.62,-99.9,24.79
907,-30.08,-459.52,-105.13,25.27
908,-9.59,-507.15,-107.6,10.13
909,-29.08,-527.27,-68.34,34.26
910,-5.06,-497.9,-45.05,25.91
911,-14.01,-516.7,-41.96,28.82
912,-37.11,-449.06,-30.63,27.53
913,4.31,-491.02,-200.8,15.77
914,-51.05,-527.28,-111.16,20.55
915,-19.76,-507.51,-155.26,13.48
916,-22.18,-453.99,-124.76,16.5
917,-59.71,-506.9,-111.11,22.13
918,-12.1,-512.94,-108.7,27.83
919,-10.79,-414.91,-116.33,17.0
920,-23.09,-455.7,-114.87,17.4
921,14.66,-491.38,-115.93,24.32
922,-15.05,-518.21,-90.74,32.39
923,-41.16,-515.05,-119.04,5.76
924,-33.16,-515.6,-117.11,10.21
925,-15.75,-485.32,-93.56,24.8
926,-17.61,-432.61,-107.2,17.96
927,-38.22,-553.66,-117.63,31.3
928,-11.37,-392.78,-122.64,28.61
929,12.98,-482.36,-92.92,17.59
930,-10.88,-493.21,-107.12,27.0
931,-36.64,-470.52,-127.47,13.64
932,-38.46,-553.54,-108.74,24.11
933,-1.76,-465.52,-103.83,21.66
934,-16.06,-449.79,-104.87,16.31
935,-21.95,-473.48,-112.03,14.77
936,-5.98,-443.68,-116.4,24.69
937,-22.22,-511.44,-102.57,31.06
938,-28.34,-531.01,-130.76,16.5
939,-47.94,-386.3,-108.81,19.5
940,-8.07,-431.19,-98.39,29.61
941,1.22,-525.08,-110.52,32.98
942,-23.55,-516.2,-107.04,22.81
943,-11.38,-523.86,-130.48,15.71
944,7.25,-436.84,-105.44,25.41
945,-16.37,-482.61,-119.01,16.4
946,-23.32,-455.25,-89.15,23.89
947,-20.64,-468.34,-61.67,11.69
948,-33.05,-563.7,-78.93,25.82
949,-16.32,-422.36,-161.12,11.61
950,-16.2,-500.64,-121.77,14.41
951,-16.87,-453.93,-121.84,7.19
952,-33.4,-559.87,-106.61,21.95
953,-11.46,-481.43,-111.79,32.72
954,-1.26,-427.32,-121.64,11.32
955,-33.19,-492.46,-117.82,23.23
956,-14.39,-483.43,-117.54,29.53
957,-52.33,-550.78,-120.11,18.97
958,-23.67,-402.56,-106.17,19.98
959,-10.86,-485.72,-104.07,27.58
960,-35.35,-492.54,-118.19,21.17
961,-14.66,-509.24,-114.02,24.35
962,-28.61,-482.34,-122.33,11.59
963,7.06,-419.69,-82.18,16.46
964,-19.01,-562.86,-91.72,10.71
965,-6.29,-441.61,-134.74,13.73
966,-19.83,-469.57,-122.87,10.03
967,-20.72,-535.47,-107.31,16.17
968,-32.75,-503.7,-106.74,17.95
969,2.38,-349.32,-108.71,26.48
970,-27.95,-485.95,-128.21,12.18
971,-42.17,-558.16,-120.32,15.37
972,-19.91,-479.59,-122.99,6.54
973,-10.28,-449.61,-113.06,16.53
974,-30.82,-481.86,-129.68,10.19
975,-45.75,-519.08,-114.2,25.12
976,-1.72,-468.61,-110.52,22.46
977,-23.61,-515.1,-121.64,15.53
978,13.2,-434.64,-100.22,9.66
979,-52.85,-407.96,-114.78,22.05
980,-5.99,-447.84,-110.11,16.23
981,-28.08,-541.39,-79.44,14.34
982,-12.74,-538.96,-118.68,11.03
983,-9.93,-423.97,-113.65,27.39
984,-59.74,-515.81,-96.86,16.9
985,-39.24,-519.54,-103.63,17.38
986,-16.31,-532.52,-111.18,18.88
987,-15.2,-438.81,-126.05,13.27
988,-47.13,-508.83,-120.28,11.8
989,-16.25,-408.7,-97.31,22.52
990,-34.71,-443.68,-99.69,14.21
991,5.05,-497.8,-117.72,29.04
992,-22.6,-473.61,-105.84,23.6
993,-7.19,-377.62,-116.32,1.26
994,-23.72,-522.87,-109.03,21.82
995,-42.55,-573.2,-105.77,20.03
996,-52.8,-500.0,-101.51,16.93
997,-11.75,-444.66,-105.82,27.38
998,-19.72,-477.89,-121.82,16.13
999,-28.48,-530.46,-92.91,12.38
1000,-5.61,-482.15,-102.85,12.3
1001,-19.03,-473.85,-103.33,29.65
1002,-18.66,-485.39,-119.72,24.39
1003,-19.68,-396.2,-128.5,13.86
1004,-13.27,-489.08,-109.72,25.5
1005,-38.63,-517.17,-85.94,22.65
1006,-13.67,-401.83,-139.54,14.33
1007,-32.41,-563.13,-107.3,23.91
1008,-34.16,-415.86,-109.06,14.82
1009,-48.57,-560.7,-108.97,13.81
1010,-23.75,-449.83,-114.04,15.28
1011,-0.36,-422.21,-109.56,21.91
1012,-57.39,-571.59,-114.42,22.08
1013,-1.42,-414.49,-111.61,16.75
1014,10.24,-352.44,-117.17,13.86
1015,-31.5,-612.77,-106.48,17.29
1016,-25.92,-535.48,-98.21,4.1
1017,-15.44,-416.94,-75.44,20.23
1018,-10.73,-500.24,-128.6,24.51
1019,-26.61,-507.98,-106.07,23.89
1020,-41.02,-523.49,-119.7,15.08
1021,-24.88,-356.42,-56.08,26.94
1022,-44.67,-491.67,-123.11,18.89
1023,-39.8,-629.74,-128.44,10.92
1024,-8.31,-498.41,-115.19,17.7
1025,-49.82,-540.29,-106.81,21.37
1026,-19.51,-518.07,-118.24,14.1
1027,-36.89,-448.55,-121.98,8.12
1028,-16.22,-375.14,-116.09,10.85
1029,-5.57,-469.79,-111.97,18.6
1030,-10.53,-376.35,-92.35,22.77
1031,-23.33,-452.41,-105.21,15.38
1032,-30.42,-620.85,-108.06,15.17
1033,-24.85,-511.84,-82.24,22.59
1034,2.5,-412.12,-114.25,10.34
1035,-43.12,-552.43,-83.58,16.6
1036,-37.36,-541.83,-114.1,29.56
1037,-10.72,-445.73,-105.64,19.78
1038,-33.33,-512.57,-121.55,22.33
1039,-30.16,-457.44,-99.03,25.73
1040,-11.5,-469.61,-123.57,12.38
1041,-19.47,-483.02,-103.45,25.69
1042,-28.9,-482.91,-106.37,24.39
1043,-38.51,-459.66,-109.9,20.13
1044,-39.21,-469.69,-114.88,16.02
1045,9.21,-284.69,-114.53,18.99
1046,-43.53,-625.9,-116.3,15.85
1047,-45.78,-542.02,-98.81,26.16
1048,-31.94,-506.82,-107.31,22.4
1049,-2.2,-510.33,-117.31,24.5
1050,-16.91,-458.98,-111.36,21.4
1051,-16.12,-421.42,-119.93,15.64
1052,-9.46,-468.13,-104.46,23.66
1053,-11.24,-486.25,-106.16,8.74
1054,-32.57,-498.69,-101.73,31.66
1055,6.6,-234.36,-118.32,26.52
1056,-29.45,-549.04,-122.84,24.51
1057,-54.48,-661.61,-125.44,15.1
1058,-26.82,-501.2,-109.9,22.34
1059,-33.06,-437.77,-115.75,23.31
1060,-23.7,-482.1,-117.64,17.99
1061,-9.7,-432.95,-112.38,22.79
1062,-37.54,-529.28,-123.5,19.51
1063,-37.08,-553.78,-111.73,25.23
1064,-48.35,-465.1,-106.81,28.92
1065,9.65,-299.54,-126.26,17.76
1066,-29.61,-562.2,-120.97,19.41
1067,-31.62,-573.24,-104.82,24.24
1068,5.68,-465.14,-101.9,35.97
1069,-22.32,-496.94,-127.27,19.01
1070,-35.93,-493.52,-102.41,22.37
1071,-21.92,-491.42,-110.96,18.52
1072,-18.95,-477.63,-120.45,25.88
1073,-32.52,-527.7,-91.64,27.16
1074,-36.2,-538.73,-119.11,15.9
1075,-31.18,-422.46,-123.36,27.94
1076,-28.45,-481.33,-112.42,25.92
1077,-8.56,-394.04,-100.1,28.21
1078,-11.77,-485.69,-126.38,17.91
1079,-23.84,-538.35,-118.81,28.23
1080,-34.81,-476.14,-125.95,20.3
1081,-48.27,-513.34,-120.16,15.53
1082,-22.24,-548.33,-118.53,13.89
1083,-14.92,-521.78,-117.22,11.27
1084,-28.01,-430.22,-126.05,18.85
1085,9.07,-317.49,-110.21,29.6
1086,-34.12,-599.27,-111.42,20.17
1087,-13.97,-544.35,-88.18,16.96
1088,-28.48,-463.69,-118.42,21.36
1089,7.96,-424.96,-111.88,15.96
1090,-41.74,-500.41,-91.38,25.21
1091,-21.57,-420.7,-94.07,19.91
1092,-37.57,-592.37,-129.91,15.68
1093,-33.2,-518.32,-145.5,21.25
1094,-28.41,-468.21,-124.71,21.07
1095,-45.17,-461.01,-124.18,25.72
1096,-14.85,-571.52,-113.43,19.62
1097,-48.05,-485.55,-120.86,21.39
1098,-29.32,-562.49,-116.77,21.36
1099,-27.14,-418.74,-110.89,22.11
1100,-9.79,-413.89,-99.61,24.41
1101,-7.97,-519.93,-110.36,16.14
1102,-21.93,-520.93,-117.87,14.37
1103,-19.19,-461.74,-115.3,18.54
1104,-29.24,-491.26,-103.26,16.56
1105,28.01,-468.75,-104.87,11.31
1106,-40.41,-547.18,-115.48,16.51
1107,-31.25,-426.49,-122.93,28.09
1108,-16.26,-329.16,-129.23,21.65
1109,-25.52,-609.99,-116.41,28.16
1110,-44.64,-501.79,-119.94,25.9
1111,-26.67,-520.02,-116.96,27.42
1112,-26.67,-505.09,-116.08,15.49
1113,-18.33,-490.2,-80.01,30.01
1114,-47.68,-491.23,-75.17,24.72
1115,6.11,-373.8,-170.21,19.23
1116,-13.49,-488.9,-119.93,20.55
1117,-25.11,-525.93,-127.87,22.46
1118,-20.51,-361.37,-129.24,18.02
1119,-25.17,-514.47,-117.22,26.41
1120,-35.51,-566.94,-114.24,29.12
1121,-23.95,-538.67,-121.08,24.58
1122,-13.46,-498.26,-111.44,17.55
1123,-50.75,-393.35,-112.57,20.27
1124,34.88,-416.62,-104.92,20.03
1125,-17.53,-532.39,-117.08,12.89
1126,-11.62,-439.37,-116.83,26.99
1127,-2.49,-516.85,-101.62,20.8
1128,-52.35,-522.6,-121.43,12.88
1129,-17.06,-474.2,-130.69,11.3
1130,-13.2,-518.81,-114.82,18.22
1131,-27.59,-566.38,-114.05,13.62
1132,-28.4,-412.09,-117.22,22.02
1133,-19.98,-457.21,-59.32,31.16
1134,-22.4,-477.73,-158.45,23.93
1135,-33.89,-527.14,-115.24,13.1
1136,-13.37,-516.58,-111.99,21.1
1137,-19.57,-490.04,-116.66,14.17
1138,-8.15,-394.39,-112.67,19.22
1139,-11.15,-470.23,-103.91,19.44
1140,-32.84,-596.04,-123.93,16.42
1141,-35.18,-361.01,-106.01,11.66
1142,17.3,-456.3,-113.45,7.72
1143,7.76,-424.6,-98.91,23.02
1144,-32.5,-619.22,-99.76,16.43
1145,-45.38,-524.27,-123.69,18.09
1146,-133.31,-502.48,-106.9,13.85
1147,32.52,-507.02,-112.7,11.47
1148,-3.42,-522.09,-89.24,22.8
1149,-201.74,-463.94,-116.21,16.27
1150,82.02,-364.88,-128.52,12.97
1151,31.73,-240.83,-120.53,15.79
1152,31.32,-644.96,-123.26,22.4
1153,-4.78,-532.47,-110.39,21.45
1154,-13.04,-473.71,-122.09,13.13
1155,-5.31,-427.64,-100.87,14.34
1156,12.42,-489.64,-87.73,20.65
1157,-9.75,-523.45,-136.76,14.77
1158,-21.8,-462.71,-79.32,21.33
1159,-9.49,-434.22,-115.3,25.66
1160,-22.37,-512.38,-126.58,18.29
1161,-33.9,-579.72,-101.13,28.69
1162,-41.67,-554.45,-129.67,23.94
1163,-33.72,-502.34,-112.27,20.62
1164,-17.05,-421.82,-109.21,19.87
1165,-9.59,-479.72,-113.49,27.27
1166,-43.63,-492.23,-117.66,16.7
1167,-41.97,-505.16,-104.89,21.44
1168,-73.11,-337.74,-101.15,22.0
1169,-7.35,-487.43,-108.03,29.47
1170,24.39,-460.53,-118.84,23.79
1171,5.91,-515.15,-125.85,11.93
1172,-12.06,-530.44,-102.71,16.95
1173,6.38,-462.45,-98.54,35.63
1174,-39.69,-525.85,-111.56,18.52
1175,-15.63,-414.19,-111.45,14.17
1176,-23.59,-523.83,-81.02,25.52
1177,-15.32,-545.37,-149.54,9.46
1178,-16.81,-427.69,-114.24,18.46
1179,-13.33,-471.75,-106.22,23.25
1180,-16.73,-447.02,-118.68,27.65
1181,-18.63,-434.19,-123.9,23.88
1182,-18.8,-428.76,-111.37,16.34
1183,-38.21,-472.7,-90.63,25.64
1184,-64.47,-591.58,-132.54,18.42
1185,-4.93,-619.62,-112.48,25.78
1186,-2.35,-453.43,-105.68,19.67
1187,20.52,-339.75,-110.64,27.3
1188,-25.72,-539.41,-110.17,16.64
1189,-25.8,-550.47,-122.34,16.7
1190,-17.1,-485.95,-107.83,18.98
1191,-20.1,-451.26,-94.67,27.96
1192,-32.28,-515.06,6.6,34.65
1193,3.06,-297.04,-113.89,32.38
1194,-44.27,-580.75,-166.32,21.17
1195,-26.59,-470.17,-107.81,18.91
1196,-5.93,-343.72,-138.02,10.61
1197,-69.62,-562.09,-116.09,24.31
1198,41.61,-449.36,-100.95,26.49
1199,-65.12,-497.44,-75.79,18.17
1200,-6.35,-577.57,-94.39,29.61
1201,5.79,-461.1,-151.09,6.13
1202,-8.64,-471.46,-124.43,22.93
1203,-10.67,-447.34,-118.66,24.08
1204,-22.91,-459.57,-105.86,20.89
1205,-15.69,-532.31,-117.75,15.86
1206,-23.15,-489.9,-118.32,14.63
1207,-18.01,-475.62,-120.27,19.07
1208,-9.19,-437.0,-66.96,19.86
1209,-14.02,-506.56,-136.98,24.1
1210,-38.02,-481.92,-120.19,10.67
1211,-62.78,-426.35,-87.84,30.19
1212,18.84,-420.96,-120.34,12.77
1213,-18.19,-547.33,-133.56,12.08
1214,-8.39,-444.3,-112.69,23.19
1215,-16.31,-462.4,-38.52,21.16
1216,-23.62,-532.28,-164.02,11.64
1217,-49.36,-476.2,-117.35,26.59
1218,6.69,-450.78,-120.38,13.72
1219,-20.65,-496.36,-128.49,18.63
1220,-32.18,-504.79,-122.42,8.76
1221,-44.97,-506.89,-104.96,20.52
1222,0.06,-447.98,-119.22,18.73
1223,0.78,-430.28,-51.69,18.55
1224,-1.61,-409.47,-152.96,15.34
1225,-24.19,-548.87,-126.32,11.53
1226,-10.86,-454.81,-82.27,11.18
1227,-34.1,-508.91,-90.88,21.09
1228,-71.68,-503.67,-95.31,21.59
1229,-7.58,-562.93,-167.31,7.82
1230,-5.1,-417.26,-117.44,11.72
1231,-19.35,-416.45,-44.23,16.12
1232,35.63,-388.3,-158.63,16.96
1233,-19.24,-559.58,-138.61,14.62
1234,-11.55,-464.97,-125.74,18.26
1235,-33.88,-529.09,-123.79,10.34
1236,-13.23,-448.87,-119.66,4.08
1237,-17.03,-460.11,-119.94,15.13
1238,-10.78,-437.67,-113.37,9.24
1239,-19.82,-525.03,-111.53,18.49
1240,-10.33,-505.78,-94.87,19.03
1241,-9.51,-494.33,-72.74,27.88
1242,-34.58,-499.24,-137.59,19.12
1243,-13.92,-466.41,-88.93,11.55
1244,-5.08,-491.35,94.81,31.73
1245,-17.56,-489.24,-128.84,14.15
1246,-13.62,-480.53,-197.05,21.7
1247,-44.13,-546.75,-102.72,9.79
1248,-48.04,-577.52,-93.9,15.44
1249,14.13,-329.06,-125.71,14.17
1250,-7.84,-409.48,-133.49,23.28
1251,-22.9,-456.07,-99.81,21.07
1252,-67.11,-487.71,-143.04,8.44
1253,-51.13,-529.44,-125.94,12.49
1254,52.59,-505.76,-115.99,9.76
1255,15.96,-390.25,-126.64,4.79
1256,-8.61,-497.04,-109.12,25.54
1257,-18.24,-482.5,-108.48,20.51
1258,-38.15,-501.51,-119.12,13.89
1259,-17.8,-506.46,-85.84,10.31
1260,-24.18,-503.28,-45.41,18.74
1261,-19.45,-500.13,-135.77,22.24
1262,-24.7,-511.96,-129.77,10.94
1263,-43.9,-555.8,-147.95,5.5
1264,-29.3,-497.17,37.86,22.24
1265,0.22,-363.02,-155.94,2.99
1266,-23.76,-409.76,-208.1,-14.76
1267,-41.85,-618.58,-238.87,-13.65
1268,-7.25,-497.62,-130.96,-0.67
1269,-19.12,-359.78,-85.57,19.36
1270,-134.5,-388.26,-73.72,18.32
1271,66.43,-408.37,-137.53,2.76
1272,-1.1,-479.89,-210.39,-29.24
1273,11.58,-296.67,-99.05,25.86
1274,-19.39,-564.42,-54.93,19.25
1275,-19.85,-460.01,-114.23,4.82
1276,-28.84,-585.94,-132.18,11.83
1277,24.79,-545.69,-114.21,16.46
1278,-2.11,-510.2,-77.19,14.45
1279,-12.5,-337.11,-98.27,17.07
1280,-17.11,-560.21,-77.99,26.6
1281,-11.21,-457.89,-108.75,15.63
1282,-14.56,-543.92,-99.3,13.13
1283,-39.19,-473.43,-33.19,22.09
1284,-44.53,-576.0,-171.09,-13.44
1285,23.62,-402.52,-134.48,9.41
1286,-3.84,-432.82,-142.28,5.78
1287,-115.18,-582.44,-93.15,28.26
1288,48.69,-538.13,-187.75,-16.6
1289,-92.84,-504.13,-122.71,2.54
1290,10.49,-467.12,-143.21,-4.28
1291,-7.8,-446.77,-90.43,20.96
1292,27.55,-300.1,-47.41,28.63
1293,42.1,-486.3,-128.54,11.61
1294,-19.35,-545.61,-135.81,-7.46
1295,-46.86,-540.53,-104.12,21.32
1296,-28.87,-547.18,-115.28,5.44
1297,-0.93,-369.06,-98.76,3.74
1298,14.67,-460.62,-110.89,31.28
1299,-3.69,-452.47,-94.16,18.76
1300,-13.27,-440.91,-62.22,18.44
1301,-22.1,-451.95,-39.08,21.15
1302,-47.23,-539.8,-169.37,7.84
1303,-56.26,-455.3,-138.06,8.87
1304,4.4,-508.85,-130.89,0.64
1305,-13.58,-426.65,-108.31,9.5
1306,-18.9,-457.79,-116.64,0.61
1307,-55.19,-420.84,-96.06,19.24
1308,-17.72,-511.55,-121.14,13.49
1309,-7.18,-526.19,-149.04,-16.73
1310,2.08,-554.2,-117.13,9.95
1311,10.31,-467.7,-59.16,19.34
1312,-20.49,-467.1,-78.63,22.51
1313,-26.27,-487.63,-40.63,12.5
1314,-47.89,-459.72,-106.71,11.7
1315,-17.96,-515.96,-146.66,18.74
1316,-29.87,-444.59,-113.94,12.69
1317,-19.65,-517.36,-110.67,13.47
1318,12.9,-282.56,-122.81,2.31
1319,-31.92,-626.45,-65.86,29.51
1320,-19.11,-480.36,-146.12,13.33
1321,-22.55,-485.74,-117.05,0.1
1322,-19.75,-401.38,-104.54,-5.87
1323,-26.9,-509.97,24.16,26.77
1324,-23.44,-519.36,10.24,25.81
1325,-75.16,-431.38,-242.65,-15.46
1326,-55.78,-406.86,-150.72,1.27
1327,43.55,-402.96,-86.28,16.39
1328,15.57,-577.43,-116.12,15.37
1329,-130.29,-492.14,-148.35,8.68
1330,-1.16,-467.99,-123.52,17.46
1331,32.53,-506.71,-119.42,12.17
1332,-26.29,-558.12,-172.11,-3.9
1333,2.97,-412.25,-147.03,6.24
1334,-5.99,-501.45,-104.48,25.13
1335,-27.7,-496.67,-146.16,-7.35
1336,-7.2,-450.77,-77.03,1.69
1337,5.8,-225.92,-131.66,2.78
1338,-19.63,-556.61,-84.14,27.51
1339,-21.37,-490.24,-84.22,19.64
1340,-14.43,-261.77,-96.55,5.74
1341,-115.74,-642.56,-49.08,13.84
1342,19.02,-542.34,-90.43,42.33
1343,27.7,-337.66,-160.46,4.64
1344,-55.33,-687.38,-114.98,25.25
1345,-35.6,-527.86,-140.58,10.63
1346,6.03,-467.27,-186.27,-13.17
1347,-16.16,-482.43,-207.59,-20.26
1348,-19.67,-495.06,-56.44,39.35
1349,-58.55,-570.31,-54.41,24.1
1350,-104.88,-389.55,-122.77,23.62
1351,-14.66,-437.49,-132.79,20.43
1352,44.19,-449.15,-89.6,25.55
1353,8.18,-437.2,-42.29,31.52
1354,-18.83,-406.22,-184.59,3.92
1355,7.9,-533.93,-165.01,-4.42
1356,7.35,-390.97,-139.04,-4.04
1357,-39.32,-714.41,-70.24,34.13
1358,-25.09,-455.53,-47.86,31.16
1359,9.37,-351.03,-122.97,6.47
1360,-32.66,-523.11,-117.15,28.84
1361,-13.51,-503.93,-118.62,15.57
1362,-16.02,-506.46,-31.57,13.04
1363,-32.61,-502.08,-118.67,31.06
1364,-30.95,-378.68,-138.54,3.44
1365,24.39,-223.6,-116.5,8.59
1366,-41.03,-674.72,-156.61,-0.47
1367,-80.06,-540.06,-181.44,-9.75
1368,-35.69,-508.77,-54.84,29.69
1369,-16.64,-583.88,-111.49,5.28
1370,-29.31,-308.15,-113.61,14.52
1371,37.81,-543.54,-122.64,7.58
1372,3.42,-510.03,-104.4,13.11
1373,-25.26,-557.17,-42.47,18.36
1374,-15.32,-473.64,-171.78,5.24
1375,-26.21,-464.88,-113.3,0.7
1376,-29.76,-465.67,-31.99,19.35
1377,-21.37,-490.98,114.65,23.97
1378,6.04,-424.46,-266.88,3.3
1379,-19.48,-538.59,-73.71,-1.93
1380,-28.73,-466.27,-128.55,13.71
1381,-5.43,-340.67,-165.8,1.27
1382,-33.52,-614.92,-118.12,15.66
1383,-43.78,-520.31,-172.36,-0.0
1384,-41.24,-468.13,-109.26,14.65
1385,-40.26,-334.94,-109.39,15.01
1386,-1.42,-644.84,-135.05,3.6
1387,-8.8,-505.15,-142.09,8.4
1388,-9.97,-370.75,-91.36,23.59
1389,-87.44,-570.52,-92.69,25.62
1390,-14.56,-538.34,-108.04,11.78
1391,40.96,-471.17,-154.64,-1.82
1392,-15.71,-455.48,-92.9,29.46
1393,-5.71,-465.27,-141.53,16.27
1394,-17.55,-464.5,-87.77,17.23
1395,6.72,-423.11,-90.8,31.38
1396,-32.23,-537.98,-45.06,33.54
1397,-23.04,-519.72,-129.52,29.49
1398,-10.79,-517.5,-169.5,10.01
1399,-28.08,-502.91,-127.24,11.84
1400,-42.32,-482.82,-192.72,-4.43
1401,-9.47,-432.72,-142.31,-3.1
1402,-2.02,-423.7,-80.59,31.42
1403,-24.27,-488.43,-88.56,30.25
1404,-24.66,-514.81,-106.9,23.52
1405,-69.95,-511.51,-133.31,10.17
1406,15.43,-476.27,-134.52,18.73
1407,36.31,-270.24,-99.81,11.4
1408,-114.33,-652.73,-111.22,13.41
1409,1.26,-551.61,-108.06,21.77
1410,-27.14,-490.41,-124.67,-1.49
1411,-0.81,-486.0,-159.64,-12.27
1412,5.61,-488.55,-53.31,42.27
1413,2.06,-442.75,-145.44,23.18
1414,-17.27,-453.24,-104.57,13.23
1415,-16.02,-409.96,-99.14,-1.01
1416,-4.11,-412.83,-69.21,12.83
1417,-30.2,-555.13,-146.31,12.61
1418,-31.65,-475.92,-86.93,18.35
1419,-38.65,-483.71,-83.84,16.62
1420,-43.05,-505.84,-158.8,0.68
1421,-43.94,-523.51,-101.59,17.17
1422,12.47,-463.22,-123.52,0.34
1423,-66.24,-538.54,-127.46,14.65
1424,-9.75,-459.73,-143.62,-9.8
1425,-11.85,-492.76,-116.37,11.44
1426,-18.97,-467.42,-121.73,9.44
1427,-48.28,-396.48,-126.03,-0.99
1428,51.22,-471.34,-107.17,14.1
1429,-30.41,-556.78,-101.64,11.85
1430,-9.01,-443.38,-109.66,-0.78
1431,-1.36,-445.44,-126.37,-8.66
1432,-25.7,-501.36,-213.36,-23.96
1433,-32.55,-375.91,-104.78,16.15
1434,-41.73,-593.67,-17.79,42.42
1435,-13.47,-453.91,-129.71,15.32
1436,-19.67,-473.2,-105.81,5.57
1437,-22.83,-495.76,-108.22,8.06
1438,-44.36,-529.63,-128.66,-0.18
1439,-37.18,-460.83,-92.98,12.14
1440,2.51,-370.76,-92.56,5.39
1441,2.35,-405.1,-131.66,7.57
1442,-82.73,-556.11,-113.21,12.32
1443,-6.16,-527.25,-119.98,12.66
1444,-17.21,-500.68,-132.0,-0.5
1445,-36.45,-508.69,-114.87,-2.4
1446,-6.86,-388.16,-102.71,0.82
1447,-42.5,-482.29,-96.31,-0.7
1448,25.12,-518.43,-7.62,2.06
1449,-34.29,-505.56,-170.8,4.71
1450,-5.56,-436.87,-102.14,1.45
1451,-2.49,-418.53,-103.02,0.6
1452,-17.71,-505.1,-45.18,15.52
1453,-37.42,-385.36,-156.2,6.67
1454,-47.46,-587.68,-220.46,-23.32
1455,-13.88,-481.78,-95.34,22.37
1456,-9.9,-466.98,-105.15,17.03
1457,-28.63,-497.55,-108.31,15.16
1458,-44.11,-443.54,-106.06,6.88
1459,-41.55,-493.45,-135.69,-0.72
1460,0.99,-509.42,-124.27,1.16
1461,-46.96,-511.36,-100.02,-10.79
1462,4.62,-402.39,-79.29,15.39
1463,-74.41,-510.39,-118.12,-11.33
1464,22.25,-295.76,-129.0,-8.05
1465,-5.98,-547.88,-75.8,8.14
1466,0.48,-513.56,-85.97,-12.83
1467,-15.53,-415.64,-64.86,11.81
1468,-22.75,-551.91,-115.07,7.87
1469,-12.19,-522.68,-153.97,-1.48
1470,-27.79,-531.83,-132.08,-6.84
1471,-54.31,-430.74,-114.18,-4.56
1472,-8.59,-523.89,-129.87,16.15
1473,-32.72,-458.43,-129.61,-4.09
1474,-11.61,-443.66,-104.84,-4.47
1475,-48.4,-348.11,-111.45,-12.28
1476,-6.2,-503.16,-112.02,10.14
1477,-95.46,-518.01,-114.43,11.58
1478,43.57,-471.43,-115.71,3.78
1479,-0.94,-317.07,-95.08,-8.85
1480,-16.9,-608.52,-117.16,-4.47
1481,17.22,-524.15,-115.77,11.14
1482,-12.34,-419.89,-74.24,-10.97
1483,-15.49,-480.58,-65.68,15.53
1484,-37.9,-436.9,-114.87,40.83
1485,8.81,-352.18,-131.13,-11.35
1486,-37.32,-629.67,-114.34,-10.84
1487,-59.38,-505.97,-140.06,6.52
1488,-7.83,-540.64,-98.21,9.51
1489,-9.69,-468.63,-131.69,2.5
1490,-53.03,-401.1,-107.33,5.65
1491,-21.52,-387.19,-120.44,6.04
1492,-18.87,-557.03,-123.07,15.57
1493,-25.97,-417.81,-108.43,4.65
1494,19.08,-541.9,-122.89,-4.41
1495,-0.44,-506.27,-93.98,7.58
1496,-19.55,-450.04,-111.36,4.01
1497,-51.76,-386.38,-67.5,3.13
1498,18.89,-508.03,-50.88,8.66
1499,5.94,-423.29,27.78,16.17
1500,-35.7,-541.78,-187.78,-11.18
1501,-3.55,-398.84,-125.95,-6.32
1502,-12.7,-511.47,-101.41,10.01
1503,-30.98,-512.26,-93.41,17.84
1504,-36.39,-523.5,-49.64,14.1
1505,-54.1,-532.85,-110.94,5.18
1506,-25.89,-458.48,-70.3,10.38
1507,-47.76,-459.46,-117.44,8.74
1508,-6.39,-471.27,-170.64,-1.91
1509,-39.93,-465.76,-113.6,5.2
1510,35.15,-432.66,-117.97,3.99
1511,-18.68,-500.36,-124.18,-17.24
1512,-21.02,-455.24,-97.2,33.25
1513,-16.03,-532.4,-98.88,6.14
1514,-1.14,-476.56,-50.11,2.47
1515,-25.09,-409.65,-134.22,-0.66
1516,-13.52,-423.44,-56.63,13.76
1517,-53.26,-531.91,-81.4,22.7
1518,-14.48,-550.1,-127.21,9.4
1519,-22.52,-517.26,-67.63,10.64
1520,2.43,-419.89,-146.06,10.34
1521,-20.1,-334.92,33.79,21.85
1522,1.77,-513.24,-90.78,27.43
1523,-30.67,-556.35,-96.9,-1.53
1524,-18.58,-534.13,-131.64,6.05
1525,-13.22,-463.69,-68.4,8.75
1526,-40.35,-453.53,84.83,15.93
1527,-35.46,-508.62,-247.15,0.19
1528,-8.16,-424.81,-132.15,16.12
1529,-15.95,-412.21,-149.49,-0.29
1530,-34.21,-535.62,-126.57,-1.31
1531,-46.37,-527.93,-116.26,8.41
1532,-20.28,-494.8,-110.31,23.65
1533,-46.73,-511.54,-107.1,17.72
1534,-13.93,-401.59,-94.97,11.06
1535,-67.51,-521.39,-85.54,29.97
1536,39.36,-460.48,-97.48,2.41
1537,-4.15,-369.47,-99.95,4.69
1538,-0.93,-504.88,-46.39,-23.61
1539,-48.06,-448.45,-78.21,27.81
1540,-13.78,-378.26,45.98,-1.62
1541,-0.58,-494.9,-268.44,-22.76
1542,-11.76,-524.15,-106.27,34.66
1543,-3.5,-358.05,-108.66,24.63
1544,-40.1,-533.04,-148.61,2.88
1545,-56.42,-640.72,-124.39,0.79
1546,-41.91,-560.76,-112.74,6.67
1547,-23.92,-353.6,-106.32,35.94
1548,-33.29,-513.83,-97.47,11.67
1549,-25.41,-444.49,-105.07,-55.75
1550,-14.52,-377.81,-77.73,-26.72
1551,4.72,-447.34,-147.22,41.42
1552,-36.81,-661.18,-112.45,18.34
1553,-23.8,-478.11,-114.13,20.44
1554,-36.1,-449.76,-27.22,2.07
1555,13.04,-424.81,-133.69,1.63
1556,-14.6,-498.22,-161.4,0.9
1557,27.85,-262.94,-76.95,1.66
1558,-29.58,-584.69,-60.24,5.25
1559,-23.68,-403.42,-93.72,28.63
1560,-16.55,-494.05,-28.86,8.22
1561,-47.5,-493.55,-201.54,7.38
1562,-37.6,-545.91,-110.82,22.39
1563,-15.11,-397.69,-116.99,11.19
1564,-29.53,-593.01,-131.96,-18.42
1565,-71.55,-521.45,-123.81,-19.11
1566,-4.44,-554.52,-124.76,28.12
1567,1.85,-335.99,-121.28,0.89
1568,-142.05,-543.8,-103.5,30.06
1569,80.0,-337.18,-124.49,0.2
1570,-20.14,-410.89,-98.41,4.04
1571,-10.09,-552.35,-93.53,2.03
1572,18.91,-458.22,-127.14,-10.33
1573,-12.73,-483.14,-142.27,2.71
1574,-9.97,-493.31,-51.7,21.67
1575,-34.82,-553.32,-135.64,13.51
1576,-21.69,-442.27,-127.27,-3.43
1577,-18.35,-384.37,66.76,13.51
1578,-15.93,-494.3,-177.18,12.81
1579,-68.86,-577.05,-133.01,0.31
1580,-13.42,-532.21,-154.32,7.76
1581,-14.89,-368.86,-111.04,-5.54
1582,-2.94,-527.61,-116.22,-8.65
1583,-17.13,-479.7,-121.8,10.27
1584,-66.49,-497.41,-116.22,8.68
1585,-29.01,-501.82,-115.67,6.55
1586,16.69,-491.19,-102.66,7.61
1587,-22.21,-475.43,-109.21,-6.26
1588,-44.11,-430.86,-102.49,7.5
1589,-3.18,-404.11,-117.71,-8.04
1590,-31.19,-482.15,-112.66,-2.57
1591,-31.09,-566.76,-108.21,0.14
1592,-21.81,-467.8,-99.95,8.91
1593,-3.92,-450.96,-44.51,6.44
1594,-26.08,-485.99,-138.37,5.6
1595,-34.65,-494.74,-114.99,-0.01
1596,-33.4,-558.92,-110.26,-1.39
1597,-20.07,-436.11,-86.76,-2.51
1598,9.26,-402.45,-84.43,23.76
1599,-29.26,-480.58,-113.34,24.08
1600,-43.81,-528.17,-132.3,0.91
1601,-34.42,-515.67,-114.29,1.82
1602,-40.11,-477.94,-114.26,6.58
1603,-124.35,-458.54,-102.35,0.22
1604,81.19,-292.8,-117.23,-24.34
1605,-14.45,-505.46,-111.86,12.73
1606,-23.98,-588.39,-103.39,11.64
1607,-9.31,-337.7,-128.26,14.49
1608,-5.09,-655.71,-122.08,-4.6
1609,-7.02,-419.05,-113.83,-2.84
1610,-48.03,-433.65,-88.06,2.02
1611,-19.21,-486.45,-126.95,24.03
1612,-16.61,-550.85,-102.05,12.25
1613,-17.06,-508.65,-110.29,15.24
1614,-19.65,-468.41,37.06,41.27
1615,-12.84,-403.77,-191.28,0.62
1616,-9.7,-375.0,-150.37,-11.18
1617,-81.17,-556.03,-129.57,9.01
1618,-7.1,-420.2,-125.45,9.8
1619,-12.83,-570.08,-116.52,6.53
1620,-15.06,-470.28,-117.57,3.39
1621,-15.72,-508.5,-96.89,12.39
1622,-40.74,-551.48,-110.97,3.97
1623,-55.57,-438.79,-121.24,-14.43
1624,-24.31,-496.64,-111.1,15.79
1625,12.18,-438.69,-106.52,17.82
1626,-13.39,-510.61,-115.42,22.96
1627,-13.65,-356.68,-112.14,29.35
1628,-33.66,-602.26,-112.39,-5.39
1629,-24.34,-468.97,-108.88,11.24
1630,-46.98,-495.38,-78.16,11.09
1631,-20.24,-504.51,-1.94,12.57
1632,30.43,-359.6,-50.79,25.67
1633,-9.79,-308.85,-190.65,-2.58
1634,-31.68,-607.61,-154.22,-18.82
1635,-26.79,-538.6,-123.56,-2.91
1636,-49.11,-538.63,-106.73,13.8
1637,-30.17,-462.39,-125.23,20.26
1638,-24.0,-507.0,-119.02,11.3
1639,-32.27,-502.86,-110.44,14.21
1640,-36.82,-445.01,-109.84,11.24
1641,-37.63,-466.51,-109.37,10.97
1642,-62.18,-493.1,-103.26,13.98
1643,-94.83,-466.78,-81.8,24.55
1644,83.73,-391.64,-110.01,7.64
1645,34.49,-263.03,-160.45,-4.68
1646,7.34,-474.42,-129.15,1.42
1647,-66.97,-783.8,-47.2,12.28
1648,-16.5,-470.66,-110.84,5.78
1649,-12.13,-441.19,-151.57,18.87
1650,-40.25,-503.36,-120.68,15.18
1651,-7.44,-476.73,-97.39,10.05
1652,-13.26,-368.86,-120.06,6.88
1653,3.65,-289.8,-88.73,9.07
1654,-11.55,-461.64,-153.09,-6.0
1655,-54.5,-671.4,-110.66,6.19
1656,-28.54,-495.43,-118.08,-4.04
1657,-30.46,-532.0,-116.7,-1.36
1658,-27.55,-518.6,-85.61,6.0
1659,-30.27,-450.21,-50.1,-8.16
1660,-51.85,-472.12,-131.21,20.71
1661,-37.04,-510.94,-138.65,4.48
1662,19.06,-461.53,-134.14,-3.38
1663,6.56,-474.66,-90.79,5.39
1664,-10.08,-451.72,-109.87,-4.0
1665,-15.34,-447.67,-137.7,9.03
1666,-30.95,-484.69,-114.45,12.8
1667,-11.77,-429.23,-88.47,3.38
1668,-86.67,-380.82,-118.7,-0.04
1669,-47.99,-576.3,-124.51,-3.7
1670,29.3,-468.5,-119.54,2.41
1671,15.35,-440.84,-112.87,-0.52
1672,-20.25,-569.23,-108.0,7.61
1673,-27.39,-495.23,-106.5,-13.89
1674,-20.34,-545.37,-111.83,-14.56
1675,-92.97,-345.57,-97.18,15.01
1676,3.57,-455.4,-103.94,-0.18
1677,-35.71,-515.92,-80.7,19.01
1678,32.22,-469.68,-108.5,14.74
1679,-5.11,-425.54,-108.75,4.66
1680,25.18,-480.93,-17.13,15.35
1681,-3.69,-432.76,-175.58,0.25
1682,0.94,-424.63,59.89,7.61
1683,-42.96,-600.06,-145.06,2.58
1684,-25.35,-465.87,-162.52,-26.04
1685,-22.67,-364.53,-88.44,0.49
1686,9.63,-460.84,-164.61,-0.28
1687,-36.64,-550.06,-133.01,18.55
1688,-20.91,-521.58,-112.3,-9.85
1689,-21.03,-491.41,-88.7,3.44
1690,-54.72,-388.22,-76.57,6.35
1691,-135.61,-537.23,-133.5,-4.85
1692,33.69,-406.69,-115.44,-2.03
1693,15.25,-537.66,-124.67,-14.61
1694,-20.64,-480.82,-120.61,-8.95
1695,32.62,-431.78,-119.67,-8.07
1696,-17.39,-486.46,-115.34,5.97
1697,-19.4,-390.48,-95.61,-0.15
1698,-22.31,-378.72,-83.59,26.96
1699,-69.29,-599.08,-36.0,17.0
1700,39.63,-515.54,-121.02,8.0
1701,-6.01,-397.46,-42.64,10.88
1702,-18.77,-531.55,-188.04,-4.88
1703,2.08,-426.55,-140.74,8.57
1704,-27.87,-434.1,-125.95,9.66
1705,-58.31,-561.17,-90.95,6.32
1706,-22.35,-489.4,-82.25,-23.6
1707,-7.32,-426.04,-39.06,-2.53
1708,-9.49,-374.22,-188.56,6.7
1709,-50.52,-547.69,-122.89,28.28
1710,-51.03,-582.39,-117.31,3.19
1711,6.79,-495.71,-68.91,2.25
1712,-32.99,-470.95,-129.53,-0.33
1713,-27.66,-447.94,-60.54,8.19
1714,-24.45,-508.06,-160.19,-9.53
1715,-17.89,-424.29,-109.66,13.47
1716,-2.51,-375.84,-83.15,11.34
1717,-20.4,-555.28,-78.74,12.57
1718,-3.88,-431.77,-48.79,6.71
1719,-20.11,-510.92,-174.24,-9.4
1720,-36.68,-548.44,-93.87,-15.05
1721,-48.67,-430.94,102.04,9.21
1722,-4.65,-423.29,-24.13,23.25
1723,-4.36,-457.67,-305.42,-25.72
1724,-24.1,-349.82,-154.03,18.86
1725,11.74,-518.4,-107.66,14.64
1726,-15.39,-517.75,-147.44,1.81
1727,-32.56,-580.87,-118.15,-1.24
1728,-10.33,-437.19,-56.31,10.36
1729,-61.83,-498.27,-159.22,1.04
1730,-4.72,-429.37,-125.65,-2.73
1731,-24.95,-570.13,-119.72,10.68
1732,-23.19,-377.31,-121.12,-0.42
1733,-28.16,-485.56,-111.01,-13.44
1734,7.23,-445.12,-105.96,12.81
1735,-21.01,-423.64,7.98,47.12
1736,-17.22,-526.57,-157.03,7.01
1737,-55.49,-500.97,-71.74,-0.63
1738,-23.57,-444.94,-151.81,-26.91
1739,-5.23,-519.46,-83.67,14.2
1740,-16.25,-474.07,-119.18,2.69
1741,4.72,-444.54,-24.41,33.09
1742,-43.57,-567.82,-108.17,1.21
1743,-68.71,-460.1,-165.43,-14.23
1744,-40.22,-448.52,-110.46,20.51
1745,47.06,-431.25,-128.12,-2.01
1746,8.84,-370.01,-95.8,14.52
1747,11.81,-443.33,-122.13,4.19
1748,-48.08,-476.77,-112.02,-3.75
1749,11.04,-423.58,-117.1,12.15
1750,-23.15,-564.01,-93.51,1.95
1751,-70.93,-506.32,-105.9,17.19
1752,-4.62,-452.53,-103.6,7.07
1753,-17.97,-470.85,-63.07,24.68
1754,-17.05,-520.42,-58.28,23.36
1755,-23.49,-498.32,-124.5,-2.24
1756,-58.41,-528.11,-124.76,2.75
1757,-80.98,-494.11,-118.54,7.16
1758,31.12,-257.88,-121.32,-3.35
1759,-8.9,-467.42,-108.46,-6.53
1760,-12.0,-496.91,-104.62,30.25
1761,3.1,-583.88,-113.21,0.56
1762,-27.08,-439.7,-85.57,1.78
1763,-28.99,-492.12,-77.52,8.85
1764,-2.45,-489.29,-116.71,14.42
1765,-21.69,-493.42,-111.59,-5.74
1766,-13.8,-478.83,-100.12,-8.19
1767,7.15,-407.11,11.49,15.04
1768,-53.87,-506.81,-157.05,3.14
1769,-56.11,-512.82,-157.32,-15.29
1770,-4.12,-427.77,-35.39,30.87
1771,13.78,-336.46,-138.75,12.47
1772,-48.13,-472.72,-109.97,-4.2
1773,-22.98,-488.94,-39.46,16.47
1774,-50.97,-488.63,-137.96,12.83
1775,-1.44,-416.85,-62.18,17.2
1776,-76.61,-547.32,-144.49,5.66
1777,-4.11,-579.8,-135.37,1.61
1778,-32.27,-460.18,-124.45,0.8
1779,-23.22,-453.16,-106.01,8.77
1780,-17.66,-516.67,-112.03,16.28
1781,-7.07,-407.66,-112.25,3.98
1782,59.71,-344.68,-112.69,-25.13
1783,-36.98,-488.9,-77.26,25.84
1784,-26.38,-486.34,-74.49,7.04
1785,-32.46,-539.36,-100.35,-3.33
1786,-37.21,-493.14,-20.96,26.86
1787,-10.73,-450.49,-107.92,12.14
1788,-11.13,-496.5,-115.0,20.25
1789,-44.58,-541.51,-168.53,-4.86
1790,30.41,-121.55,-128.85,-8.07
1791,-18.11,-682.71,-114.28,20.69
1792,-54.71,-568.7,-89.87,5.57
1793,-51.73,-482.81,-128.95,1.87
1794,-28.76,-450.25,-118.66,4.19
1795,-16.92,-439.34,-115.07,12.47
1796,-73.1,-443.98,-111.22,26.48
1797,15.04,-451.99,-108.89,-2.94
1798,51.49,-440.67,-114.09,15.81
1799,-8.79,-430.6,-109.32,11.26
1800,-11.58,-429.91,-104.73,-0.76
1801,-24.32,-512.98,-101.38,4.25
1802,-24.64,-488.56,-112.89,32.56
1803,1.43,-428.02,-117.5,-1.68
1804,10.08,-431.29,-113.62,3.02
1805,-59.18,-558.59,-118.75,-1.75
1806,-37.03,-472.0,-89.32,-10.64
1807,-14.86,-514.49,-114.48,10.41
1808,-3.3,-460.77,-97.17,20.07
1809,34.77,-367.95,-151.27,17.07
1810,1.6,-332.75,-37.53,17.7
1811,-49.38,-582.37,-121.98,8.4
1812,-59.62,-493.53,-158.48,1.27
1813,-42.78,-539.42,-108.41,24.58
1814,-94.91,-532.79,-121.68,9.74
1815,56.03,-410.85,-123.32,-1.45
1816,-13.27,-528.84,-117.97,4.9
1817,-6.77,-442.54,-109.99,21.59
1818,-49.99,-512.76,-118.75,3.6
1819,19.53,-406.21,-125.13,0.61
1820,-5.59,-455.36,-113.77,16.85
1821,-23.67,-493.42,-145.05,-0.05
1822,-4.2,-512.01,-162.78,-10.39
1823,-61.6,-554.42,-142.96,-10.89
1824,57.62,-259.1,-127.61,2.76
1825,32.95,-442.34,-139.02,-7.52
1826,-64.68,-459.88,-79.93,20.4
1827,-14.38,-442.86,-96.74,-7.69
1828,32.06,-407.59,-55.3,14.77
1829,-35.41,-578.55,-100.04,33.59
1830,-4.83,-412.61,-103.75,13.5
1831,-51.63,-495.14,-125.69,9.66
1832,-107.79,-633.09,-93.6,3.03
1833,-98.34,-432.57,-89.29,16.3
1834,24.21,-493.37,-104.81,18.36
1835,5.89,-394.48,-109.43,4.98
1836,28.36,-296.06,-98.53,20.04
1837,8.71,-504.5,-102.39,23.25
1838,-25.55,-455.39,-94.45,11.91
1839,-72.47,-593.66,-110.82,-5.47
1840,38.51,-403.47,-101.54,15.01
1841,-44.19,-598.57,-92.59,23.65
1842,29.04,-384.0,-94.2,8.54
1843,71.03,-338.19,-93.92,8.55
1844,-96.57,-547.34,-112.81,14.78
1845,-80.95,-526.31,-117.88,7.46
1846,15.33,-387.83,-114.4,15.26
1847,0.83,-358.65,-100.87,17.58
1848,-49.03,-516.52,-112.09,21.32
1849,-65.38,-588.34,-89.7,13.15
1850,-17.55,-500.91,-119.0,9.05
1851,-0.63,-500.53,-117.72,-1.87
1852,-27.19,-591.03,-109.52,7.59
1853,-35.96,-507.74,-105.08,-2.22
1854,50.41,-337.45,-91.43,13.29
1855,-98.12,-455.36,-113.32,13.19
1856,-11.08,-513.04,-110.71,4.85
1857,-24.09,-499.91,-106.33,17.39
1858,7.59,-276.27,-105.66,21.11
1859,2.93,-454.02,-101.82,1.85
1860,-5.96,-565.02,-83.17,7.03
1861,-47.89,-555.47,-111.73,17.05
1862,102.9,-329.24,-92.08,27.6
1863,-20.08,-401.69,-27.76,12.57
1864,-54.95,-566.33,-127.14,14.44
1865,-65.63,-528.75,-142.15,12.24
1866,-41.32,-526.06,-119.42,9.96
1867,-24.78,-415.39,-112.31,17.58
1868,-38.28,-552.72,-115.09,16.29
1869,9.85,-374.41,-113.94,16.01
1870,-77.21,-510.05,-109.78,9.06
1871,31.25,-366.0,-112.89,19.51
1872,-38.8,-565.85,-119.48,19.09
1873,-1.27,-517.7,-112.83,37.34
1874,54.71,-439.35,-104.36,8.98
1875,-52.11,-513.49,-92.58,20.94
1876,14.03,-410.86,-109.36,17.74
1877,-68.21,-554.54,-101.52,12.96
1878,-56.84,-601.79,-113.81,19.35
1879,45.62,-405.9,-130.92,0.64
1880,-17.89,-471.36,-48.88,41.09
1881,13.4,-418.63,-90.25,2.63
1882,-66.66,-563.51,-145.1,15.21
1883,-53.33,-445.86,-119.62,9.59
1884,3.66,-352.92,-121.48,9.04
1885,-109.47,-581.46,-102.14,21.96
1886,-18.85,-595.63,-110.72,28.18
1887,48.5,-420.45,-108.95,23.08
1888,-30.09,-461.94,-109.76,13.26
1889,-31.09,-533.23,-111.95,24.48
1890,-20.33,-559.46,-110.57,23.26
1891,-6.31,-503.88,-113.11,18.15
1892,-6.85,-477.73,-95.68,15.39
1893,52.12,-350.37,-100.89,36.21
1894,-10.59,-452.38,-83.04,35.79
1895,-9.21,-493.0,-111.2,18.59
1896,-51.26,-456.33,-125.95,14.95
1897,-39.92,-497.4,-108.27,3.38
1898,-51.66,-543.34,-72.53,11.06
1899,-26.23,-538.64,-136.16,19.14
1900,-12.0,-431.09,-108.77,16.32
1901,-63.37,-501.35,-105.61,19.09
1902,-53.88,-634.9,-93.15,43.74
1903,-27.51,-361.34,-112.7,30.37
1904,29.95,-386.87,-118.49,13.41
1905,-17.03,-588.82,-114.4,23.79
1906,-86.81,-507.33,-105.46,21.5
1907,31.5,-267.4,-126.09,5.9
1908,51.3,-565.53,-107.58,27.12
1909,-20.97,-476.44,-110.95,21.77
1910,32.25,-481.09,-86.11,47.93
1911,-22.45,-522.09,-115.78,11.96
1912,-28.83,-487.52,-108.84,16.14
1913,-30.77,-451.85,-110.24,31.01
1914,-45.86,-543.55,-110.84,22.78
1915,-60.97,-550.09,-118.99,19.36
1916,15.09,-274.1,-81.54,32.81
1917,-10.66,-484.17,-87.31,24.67
1918,-19.45,-439.09,-78.25,29.43
1919,-28.37,-560.59,-57.59,19.35
1920,-71.72,-526.93,-153.88,12.55
1921,-68.01,-516.54,-116.23,14.17
1922,-9.3,-521.15,-115.93,7.01
1923,11.91,-427.42,-115.64,12.54
1924,-91.69,-589.39,-113.68,24.34
1925,6.93,-449.99,-102.49,24.62
1926,63.28,-332.98,-108.98,14.01
1927,29.96,-456.29,-98.02,27.89
1928,-37.66,-537.48,-106.14,41.05
1929,-72.65,-539.21,-103.25,32.83
1930,32.05,-442.09,-114.54,2.12
1931,-18.0,-408.31,-93.06,7.99
1932,15.16,-480.73,-106.73,22.57
1933,-30.91,-508.54,-110.43,9.17
1934,-53.87,-571.96,-81.01,30.07
1935,-9.63,-464.17,-59.48,9.39
1936,-38.67,-341.65,-146.28,-9.01
1937,-76.37,-718.21,-116.23,25.89
1938,4.43,-425.41,-114.21,22.27
1939,4.28,-439.38,-118.92,-0.17
1940,-59.83,-496.15,-101.39,32.12
1941,-83.74,-494.76,-98.43,25.82
1942,58.53,-355.65,-122.71,13.66
1943,46.29,-425.12,-112.9,28.35
1944,0.43,-531.97,-118.86,2.77
1945,3.22,-493.61,-109.86,19.47
1946,58.9,-384.29,-106.05,39.06
1947,2.58,-468.31,-115.25,11.3
1948,-37.79,-528.38,-103.6,8.13
1949,-62.48,-496.92,-112.53,9.43
1950,-38.71,-547.83,-98.32,17.85
1951,-82.83,-588.04,-99.49,11.44
1952,-12.14,-412.36,-97.3,28.05
1953,-18.12,-509.69,-120.0,11.22
1954,-61.84,-549.36,-109.73,6.35
1955,-34.05,-345.74,-103.91,20.56
1956,-0.73,-472.61,-100.93,19.21
1957,-66.33,-422.99,-104.94,24.25
1958,-13.62,-591.34,-102.76,12.54
1959,58.15,-447.23,-122.92,-10.37
1960,-52.18,-579.98,-110.27,30.76
1961,-14.27,-426.21,-105.84,31.25
1962,2.26,-397.69,-103.65,45.81
1963,22.4,-483.11,-110.91,21.54
1964,34.41,-422.48,-111.6,11.53
1965,-51.08,-630.77,-112.05,7.3
1966,-54.28,-484.69,-112.09,16.53
1967,-23.84,-384.28,-110.5,16.71
1968,0.93,-388.2,-102.08,20.77
1969,-48.3,-504.19,-109.39,16.05
1970,-38.03,-533.56,-75.04,25.85
1971,-40.51,-456.41,-128.06,9.3
1972,-6.59,-488.69,-107.31,26.31
1973,-3.6,-465.33,-125.75,15.05
1974,-52.91,-575.43,-125.7,-8.84
1975,-105.09,-461.4,-108.14,41.69
1976,-11.63,-549.45,-102.69,37.49
1977,-17.41,-570.04,-114.56,17.13
1978,-45.28,-451.28,-106.08,7.5
1979,-4.34,-399.27,-99.54,20.93
1980,24.23,-555.48,-117.19,23.99
1981,42.74,-419.89,-118.09,8.9
1982,-14.55,-384.67,-113.61,27.59
1983,-70.84,-597.32,-107.6,21.76
1984,-49.17,-552.32,-108.7,10.14
1985,-36.03,-515.74,-108.59,14.91
1986,-42.82,-540.66,-105.67,14.48
1987,-45.02,-426.14,-108.67,-1.07
1988,65.83,-339.92,-11.35,46.54
1989,-23.05,-477.57,-134.41,9.86
1990,-14.62,-388.96,-148.72,5.48
1991,-36.91,-460.55,-112.68,24.5
1992,-87.56,-516.01,-115.25,15.45
1993,11.12,-548.8,-114.01,27.4
1994,-42.23,-580.38,-114.79,20.8
1995,-30.91,-531.9,-113.45,7.38
1996,-32.61,-489.91,-107.65,14.17
1997,-29.83,-500.1,-110.08,11.47
1998,-38.04,-509.71,-109.24,17.97
1999,-50.08,-511.91,-106.75,19.35
2000,-55.63,-519.71,-117.22,20.48
2001,-107.37,-583.43,-117.23,15.04
2002,150.91,-220.76,-127.87,4.8
2003,-6.08,-368.7,-110.66,28.44
2004,-10.83,-524.24,-116.98,23.99
2005,-19.35,-525.34,-116.18,23.02
2006,0.56,-336.37,-109.4,16.87
2007,-63.78,-626.18,-113.41,11.52
2008,-43.31,-456.65,-96.18,7.03
2009,-42.81,-580.84,-84.73,16.44
2010,-24.67,-518.65,-120.11,6.42
2011,-31.93,-471.99,-124.46,-8.36
2012,5.34,-359.04,-117.7,21.35
2013,-21.67,-475.94,-116.75,7.97
2014,-48.61,-548.67,-117.66,-4.42
2015,5.73,-288.2,-113.11,10.69
2016,-48.13,-483.93,-118.31,2.83
2017,-17.25,-581.45,-108.05,9.65
2018,-30.43,-518.88,-111.45,12.96
2019,7.47,-484.46,-108.36,21.71
2020,-10.56,-484.12,-121.05,21.56
2021,-50.47,-484.66,-119.86,5.95
2022,-45.04,-445.09,-115.26,15.14
2023,35.52,-404.42,-109.04,28.78
2024,-27.26,-535.69,-116.33,3.74
2025,-8.09,-554.74,-118.07,18.46
2026,-26.0,-539.57,-119.71,-5.28
2027,-27.49,-505.82,-111.3,-1.39
2028,-30.21,-418.39,-114.24,18.11
2029,-28.13,-527.54,-109.67,16.64
2030,37.74,-373.74,-110.44,16.45
2031,-8.74,-264.89,-114.3,-7.04
2032,-34.74,-636.61,-122.73,11.93
2033,-13.92,-504.1,-112.47,18.79
2034,-48.62,-543.61,-105.75,32.41
2035,-55.45,-480.0,-114.34,4.59
2036,-110.41,-512.52,-83.43,19.61
2037,22.5,-529.55,-122.03,12.26
2038,13.9,-500.08,-102.1,11.65
2039,-6.56,-357.76,-112.68,3.98
2040,-4.55,-470.32,-90.59,15.52
2041,-19.28,-420.39,-93.61,25.44
2042,4.36,-664.23,-114.18,3.04
2043,-7.92,-448.24,-112.7,4.18
2044,-4.03,-450.51,-107.1,9.86
2045,-30.1,-490.34,-103.35,9.85
2046,-58.79,-571.52,-102.67,20.58
2047,-41.36,-502.66,-110.43,20.62
2048,-25.31,-388.06,-111.86,24.79
2049,-2.52,-454.08,-99.58,43.87
2050,38.83,-287.7,-112.59,10.78
2051,-20.06,-347.33,-110.39,2.86
2052,-53.08,-660.42,-104.19,23.31
2053,-46.64,-618.14,-111.55,15.38
2054,-28.3,-511.29,-107.48,7.27
2055,-27.12,-548.42,-95.7,8.44
2056,-32.81,-490.7,-98.42,10.77
2057,-25.04,-491.82,-98.43,11.5
2058,-29.0,-509.16,-102.75,7.5
2059,-25.66,-531.59,-105.03,3.18
2060,-13.24,-488.81,-96.95,4.32
2061,-55.61,-529.43,-102.93,6.51
2062,-30.08,-149.37,-95.72,-0.03
2063,48.04,-163.29,-76.97,15.2
2064,-43.93,-817.61,-110.09,32.71
2065,-19.19,-547.54,-109.32,22.09
2066,0.43,-515.86,-102.86,5.3
2067,-45.77,-545.91,-108.65,-4.73
2068,-4.84,-504.11,-100.84,14.72
2069,-33.42,-483.7,-105.88,9.52
2070,-36.85,-457.34,-103.99,6.9
2071,-25.12,-516.62,-100.43,13.1
2072,-39.51,-531.6,-99.05,12.27
2073,-35.78,-468.53,-106.7,18.57
2074,2.82,-465.69,-115.22,-12.56
2075,111.77,-167.05,-105.74,-0.73
2076,-101.4,-539.57,-98.47,28.01
2077,12.17,-381.54,-101.07,12.68
2078,-13.61,-586.55,-103.72,10.46
2079,-16.36,-511.72,-85.71,10.59
2080,-25.45,-428.52,-92.92,15.34
2081,13.21,-516.04,-102.85,10.52
2082,-48.61,-566.96,-114.08,14.81
2083,-33.25,-421.49,-109.6,5.89
2084,-20.58,-473.24,-108.01,7.57
2085,-66.83,-622.54,-106.19,12.93
2086,-21.54,-390.22,-93.19,22.05
2087,-25.51,-506.3,-94.54,20.26
2088,-26.71,-476.68,-112.48,-5.2
2089,10.09,-298.91,-115.23,10.73
2090,14.78,-530.04,-108.55,42.91
2091,53.43,-401.66,-115.17,-3.31
2092,-50.01,-515.41,-101.76,4.33
2093,-39.09,-500.73,-110.91,16.69
2094,-77.91,-565.43,-94.54,20.9
2095,7.81,-411.56,-105.0,25.87
2096,31.68,-436.5,-94.69,9.71
2097,-58.54,-536.83,-106.68,16.88
2098,-31.54,-447.44,-108.99,8.69
2099,-57.59,-431.74,-86.86,21.53
2100,34.9,-383.3,-126.14,-1.67
2101,-8.0,-492.05,-104.81,4.68
2102,-5.61,-487.07,-75.66,19.25
2103,-79.37,-526.01,-123.53,7.32
2104,57.23,-470.17,-100.11,6.2
2105,-0.98,-432.74,-77.2,31.2
2106,-23.76,-401.08,-113.06,14.82
2107,-22.76,-586.38,-114.55,8.82
2108,-91.14,-552.57,-97.66,10.54
2109,-43.9,-439.17,-118.56,10.62
2110,1.4,-512.48,-102.69,22.44
2111,11.2,-452.14,-107.16,15.72
2112,4.7,-461.19,-108.23,9.14
2113,-51.29,-509.03,-95.77,10.09
2114,-14.12,-485.76,-112.12,-0.16
2115,-27.43,-497.05,-93.58,6.77
2116,20.86,-413.89,-100.0,15.93
2117,-43.38,-454.76,-92.23,28.87
2118,-27.76,-561.07,-116.16,-4.56
2119,-38.13,-325.89,-90.7,6.73
2120,47.82,-354.42,-118.36,16.68
2121,-9.94,-509.87,-113.68,4.84
2122,-38.98,-568.88,-104.75,22.25
2123,-34.04,-533.31,-103.41,12.09
2124,-22.33,-486.35,-101.45,5.22
2125,-42.73,-508.01,-100.41,13.71
2126,-44.84,-531.08,-99.67,9.91
2127,-5.55,-433.76,-94.13,18.82
2128,58.99,-269.86,-102.14,15.49
2129,-33.48,-560.61,-113.44,16.84
2130,-17.16,-260.51,-99.15,8.4
2131,-63.3,-637.32,-82.4,13.27
2132,-13.49,-572.32,-110.98,21.41
2133,-15.21,-489.83,-101.37,7.37
2134,-37.93,-516.7,-110.64,3.05
2135,-23.47,-491.68,-105.06,13.66
2136,-34.03,-504.89,-102.57,8.61
2137,-27.31,-502.19,-101.78,14.61
2138,-24.69,-482.6,-102.21,12.13
2139,-26.49,-483.06,-103.7,14.16
2140,-28.61,-485.19,-93.55,14.41
2141,-41.38,-497.57,-101.14,9.35
2142,-25.29,-490.13,-96.33,10.03
2143,-37.06,-478.36,-85.63,8.58
2144,20.62,-295.34,-67.2,14.86
2145,6.23,-451.23,-131.97,27.26
2146,48.9,-410.12,-101.68,8.24
2147,36.42,-271.73,32.13,24.25
2148,-35.86,-685.61,-149.78,13.37
2149,-48.29,-533.14,-142.76,17.05
2150,-30.24,-496.92,-106.82,8.22
2151,-50.4,-523.4,-105.92,6.22
2152,-48.99,-503.52,-104.48,1.33
2153,-61.15,-421.38,-109.98,3.9
2154,-10.27,-496.71,-107.17,2.97
2155,-14.97,-425.18,-96.12,7.71
2156,8.9,-512.7,-97.89,14.48
2157,-13.23,-514.26,-107.0,6.82
2158,-23.59,-496.0,-111.54,13.95
2159,-10.51,-404.9,-98.3,21.04
2160,-0.05,-455.91,-97.01,35.12
2161,13.4,-459.43,-109.05,-7.09
2162,-26.12,-491.31,-103.34,-0.77
2163,1.99,-512.77,-92.66,10.77
2164,-42.43,-469.48,-102.67,18.64
2165,-44.86,-522.32,-96.14,17.38
2166,-24.85,-521.0,-104.57,20.55
2167,-40.69,-406.06,-105.29,10.32
2168,-27.85,-506.39,-88.67,11.68
2169,29.48,-433.79,-91.96,11.69
2170,-29.71,-521.61,-97.0,3.49
2171,-64.8,-496.13,-90.09,15.5
2172,18.39,-463.57,-96.47,-0.37
2173,17.96,-361.22,-90.76,18.24
2174,9.94,-468.7,-99.63,23.44
2175,-21.6,-441.32,-99.53,14.93
2176,-26.1,-538.56,-93.93,8.92
2177,-86.54,-592.53,-98.01,-5.33
2178,9.32,-465.76,-100.55,0.69
2179,24.12,-468.58,-84.58,39.06
2180,-41.65,-488.95,-96.68,3.95
2181,6.83,-303.08,-104.61,-0.74
2182,-5.66,-554.98,-105.05,23.59
2183,-33.52,-526.65,-97.6,14.62
2184,-64.52,-550.82,-95.21,17.42
2185,3.87,-355.91,-93.57,6.54
2186,17.35,-391.51,-104.46,17.22
2187,-27.13,-505.19,-97.63,18.98
2188,-29.63,-492.01,-99.26,21.01
2189,-18.12,-578.49,-110.88,17.69
2190,-41.14,-547.62,-106.97,9.01
2191,-24.83,-466.99,-103.37,1.84
2192,-18.98,-485.52,-95.43,26.95
2193,-28.08,-522.14,-103.75,13.01
2194,22.55,-255.68,-87.91,21.47
2195,-65.94,-567.56,-77.24,35.02
2196,-3.28,-544.28,-106.09,8.84
2197,19.11,-430.92,-103.59,11.66
2198,-28.86,-536.88,-114.53,4.95
2199,-22.19,-437.81,-97.55,24.4
2200,-35.81,-499.4,-100.19,16.51
2201,-17.98,-525.41,-105.89,19.24
2202,-31.78,-520.3,-107.99,21.29
2203,-13.97,-418.56,-105.7,-1.59
2204,-28.12,-533.74,-95.4,0.87
2205,-42.49,-415.07,-100.52,17.5
2206,17.6,-364.45,-77.4,50.13
2207,-3.17,-499.45,-97.37,17.87
2208,6.68,-443.73,-104.48,17.02
2209,0.07,-486.35,-100.72,10.64
2210,-47.66,-586.66,-96.05,19.74
2211,-23.71,-504.1,-91.71,13.5
2212,-34.12,-499.33,-81.51,11.2
2213,-25.4,-505.18,-106.54,12.01
2214,-12.77,-409.61,-99.46,18.04
2215,-24.63,-516.71,-95.99,16.64
2216,-8.88,-475.68,-106.96,18.32
2217,-6.42,-501.88,-96.57,11.76
2218,-35.98,-424.06,-97.52,13.69
2219,-13.57,-390.4,-96.19,29.82
2220,-66.93,-651.37,-100.19,15.38
2221,-19.51,-443.69,-98.6,13.2
2222,-22.47,-449.4,-96.76,11.84
2223,-4.56,-496.16,-96.18,19.65
2224,-25.14,-485.84,-90.82,15.94
2225,69.52,-244.26,-93.42,19.48
2226,-18.56,-495.08,-98.09,19.08
2227,-46.38,-505.12,-101.12,16.21
2228,-12.08,-460.59,-98.87,18.87
2229,-38.86,-653.26,-92.11,26.36
2230,-22.67,-415.24,-84.95,21.61
2231,6.36,-472.88,-96.52,15.39
2232,-39.8,-521.05,-87.51,10.1
2233,-20.57,-457.98,-89.74,19.89
2234,-15.58,-487.48,-93.63,5.33
2235,-58.32,-553.29,-100.44,3.87
2236,1.56,-360.52,-88.0,27.46
2237,-39.82,-470.97,-99.24,16.59
2238,-8.22,-328.69,-100.31,11.39
2239,5.95,-487.63,-88.57,29.88
2240,6.38,-536.21,-101.32,17.09
2241,-40.01,-546.78,-100.12,14.41
2242,-52.4,-519.41,-94.71,7.2
2243,-49.64,-480.27,-99.1,22.6
2244,18.34,-390.97,-102.8,27.75
2245,-1.11,-539.97,-104.62,16.95
2246,-23.88,-504.51,-102.58,13.36
2247,-30.47,-501.34,-121.03,4.41
2248,-15.38,-516.02,-102.04,29.85
2249,-9.87,-452.98,-108.8,7.07
2250,-16.99,-492.7,-109.66,17.7
2251,-26.91,-472.8,-108.61,21.02
2252,-41.57,-497.18,-111.02,11.72
2253,-34.4,-634.45,-95.33,13.9
2254,39.63,-230.87,-101.78,5.16
2255,0.39,-482.7,-88.56,34.92
2256,6.01,-330.37,-115.01,13.81
2257,-3.68,-476.62,-106.94,13.23
2258,-31.06,-478.17,-95.72,12.35
2259,-41.07,-593.39,-104.4,13.65
2260,-36.04,-568.14,-102.7,13.75
2261,-29.09,-514.78,-104.24,15.37
2262,-29.0,-519.01,-108.16,11.69
2263,-54.37,-520.84,-88.68,8.98
2264,-27.26,-564.74,-104.47,-2.04
2265,19.06,-233.53,-113.62,11.46
2266,9.57,-455.84,-113.36,12.78
2267,-15.0,-436.03,-101.31,5.78
2268,-8.52,-493.95,-102.73,10.71
2269,-12.76,-360.42,-104.86,11.67
2270,-15.56,-540.23,-110.19,17.82
2271,-44.88,-593.89,-106.66,8.76
2272,-42.99,-625.89,-111.07,-4.88
2273,-40.99,-459.51,-100.13,3.67
2274,-19.93,-403.99,-95.41,10.36
2275,-72.94,-567.09,-98.19,21.71
2276,16.52,-463.76,-115.14,-4.3
2277,13.26,-428.45,-110.57,6.12
2278,-21.76,-525.32,-108.47,6.92
2279,-26.98,-274.81,-94.03,4.24
2280,11.34,-405.08,-100.58,9.15
2281,13.78,-560.82,-101.88,29.43
2282,-9.82,-488.38,-102.1,8.01
2283,-25.78,-536.69,-101.66,19.82
2284,-14.04,-474.83,-102.69,20.59
2285,-27.9,-498.96,-107.09,17.3
2286,-30.14,-518.07,-101.17,0.91
2287,-31.21,-503.17,-96.6,2.39
2288,-53.3,-560.93,-97.8,2.8
2289,-35.3,-459.85,-100.29,7.56
2290,-9.75,-490.45,-104.42,12.91
2291,45.7,-368.9,-101.05,18.96
2292,-9.04,-379.15,-100.42,10.63
2293,-2.07,-503.92,-100.01,13.95
2294,-33.76,-532.72,-100.87,10.82
2295,-13.76,-433.28,-110.72,8.59
2296,-26.09,-518.9,-104.4,-1.35
2297,-15.51,-396.52,-109.39,17.27
2298,-33.07,-565.94,-107.62,19.17
2299,-29.72,-542.33,-104.74,16.66
2300,-20.15,-492.11,-106.22,16.91
2301,-35.26,-422.56,-97.16,12.98
2302,-28.01,-459.99,-99.33,8.57
2303,10.18,-501.24,-108.83,8.04
2304,-25.6,-403.14,-105.18,9.12
2305,0.47,-448.29,-104.91,17.63
2306,-5.97,-482.19,-105.57,9.16
2307,-23.45,-516.56,-102.19,13.69
2308,-44.26,-509.65,-91.43,14.8
2309,-48.44,-426.7,-102.42,10.11
2310,0.85,-426.52,-114.34,1.14
2311,42.45,-428.48,-113.71,8.53
2312,15.31,-370.08,-107.11,22.44
2313,-56.1,-486.98,-109.21,19.4
2314,-31.69,-549.57,-110.26,-5.32
2315,-18.04,-550.14,-110.54,18.94
2316,-29.1,-513.72,-95.17,18.42
2317,-33.23,-488.57,-105.47,7.88
2318,15.05,-420.18,-112.18,13.69
2319,-23.04,-470.15,-109.76,11.35
2320,-30.39,-492.12,-109.0,13.6
2321,-29.26,-545.01,-109.08,16.76
2322,-43.8,-477.59,-105.89,11.54
2323,-3.23,-466.22,-109.44,18.8
2324,-44.01,-481.27,-100.46,17.51
2325,-24.82,-427.87,-90.04,19.21
2326,8.56,-212.0,-90.39,17.75
2327,-12.77,-583.27,-101.0,12.41
2328,-11.46,-551.95,-106.92,11.55
2329,-7.32,-477.92,-106.51,9.28
2330,-28.94,-477.09,-107.58,2.28
2331,-26.63,-482.85,-112.01,0.75
2332,-36.08,-528.95,-96.95,40.36
2333,-24.38,-509.25,-104.22,29.17
2334,-13.53,-490.48,-102.9,14.51
2335,-24.32,-497.71,-101.27,14.1
2336,-25.55,-488.9,-107.57,12.64
2337,-34.98,-513.73,-102.09,11.41
2338,-59.91,-517.97,-108.87,5.82
2339,-42.15,-508.14,-101.19,23.79
2340,-6.49,-450.21,-97.27,25.2
2341,9.36,-399.02,-104.96,37.3
2342,-3.84,-514.45,-107.14,13.14
2343,3.95,-429.14,-110.55,-1.25
2344,4.18,-332.9,-111.43,7.81
2345,-53.92,-532.39,-105.47,25.74
2346,-22.62,-520.79,-105.71,23.63
2347,-10.25,-512.36,-108.01,15.33
2348,-23.45,-493.88,-113.54,17.66
2349,-11.46,-441.02,-104.28,26.66
2350,-45.34,-538.88,-114.24,19.22
2351,-18.32,-338.09,-117.6,19.22
2352,-7.26,-537.13,-105.93,26.02
2353,-29.37,-552.53,-112.63,16.74
2354,-44.96,-414.83,-103.14,22.36
2355,-21.3,-434.39,-117.02,24.19
2356,-6.63,-495.73,-126.19,23.39
2357,-4.1,-426.34,-124.85,3.65
2358,-54.92,-532.29,-111.29,15.45
2359,-68.06,-287.58,-104.4,11.92
2360,18.25,-551.6,-109.45,24.15
2361,21.88,-523.56,-108.54,22.66
2362,4.45,-507.75,-106.37,12.05
2363,2.93,-485.05,-110.19,19.51
2364,-18.08,-475.67,-110.88,21.97
2365,-47.98,-521.15,-110.89,15.45
2366,-2.04,-434.76,-107.51,12.24
2367,-17.79,-497.63,-110.26,24.45
2368,-30.98,-436.87,-111.17,6.81
2369,7.86,-286.62,-121.75,-0.53
2370,-37.94,-638.66,-110.47,1.85
2371,-28.85,-601.84,-118.9,22.92
2372,-48.32,-488.56,-96.93,37.86
2373,19.48,-296.05,-108.31,-2.85
2374,-47.27,-547.79,-108.9,-0.65
2375,-2.03,-474.39,-116.83,5.07
2376,-4.86,-505.06,-106.24,33.14
2377,-21.96,-462.37,-101.81,16.27
2378,-25.46,-521.45,-108.44,19.85
2379,-21.65,-479.59,-101.14,16.7
2380,-16.58,-407.57,-110.25,12.9
2381,-26.52,-450.09,-96.87,21.49
2382,-16.18,-494.66,-112.22,13.54
2383,-3.79,-389.37,-105.96,9.65
2384,-15.73,-524.71,-119.19,3.85
2385,-8.12,-509.64,-114.64,25.46
2386,-20.62,-490.96,-105.41,32.37
2387,-38.75,-475.73,-104.95,10.22
2388,-37.81,-540.25,-109.66,22.72
2389,-44.64,-605.71,-118.13,19.96
2390,-26.32,-408.97,-109.89,-6.25
2391,1.99,-227.21,-85.38,30.08
2392,-11.59,-555.72,-112.45,21.38
2393,-4.09,-414.72,-98.46,25.44
2394,-4.37,-548.52,-107.08,23.7
2395,-10.77,-503.15,-118.91,15.85
2396,-19.34,-371.6,-102.88,24.94
2397,-17.94,-458.14,-109.77,24.03
2398,-67.45,-683.53,-105.35,10.36
2399,1.42,-556.55,-108.45,27.93
2400,-65.84,-360.11,-95.49,21.65
2401,-16.18,-422.35,-108.73,10.24
2402,32.88,-444.41,-108.03,19.0
2403,-2.69,-462.64,-96.65,26.8
2404,-43.48,-505.95,-106.15,16.0
2405,-58.87,-501.69,-107.13,17.08
2406,21.25,-433.66,-103.57,24.84
2407,10.06,-301.32,-97.03,23.43
2408,-23.62,-547.33,-91.53,21.35
2409,-25.44,-511.36,-95.42,19.07
2410,-24.48,-378.1,-94.79,30.37
2411,-38.81,-568.16,-98.55,24.08
2412,-41.27,-546.0,-99.09,23.94
2413,-68.13,-568.05,-105.1,10.53
2414,-14.94,-490.63,-93.93,31.38
2415,23.02,-404.05,-98.59,34.18
2416,13.16,-414.38,-103.73,25.38
2417,-9.96,-491.18,-102.8,21.96
2418,-20.3,-453.87,-100.94,23.03
2419,-22.95,-473.8,-100.56,18.21
2420,13.33,-335.99,-90.39,31.51
2421,-62.88,-577.58,-80.35,33.15
2422,-21.63,-396.4,-109.58,22.46
2423,13.14,-464.99,-117.87,8.94
2424,-12.47,-444.41,-105.49,28.51
2425,-34.21,-597.41,-98.81,28.29
2426,19.0,-511.9,-99.55,26.32
2427,-50.38,-469.7,-105.01,13.6
2428,-32.19,-501.97,-103.62,19.45
2429,-14.79,-448.72,-106.64,25.01
2430,-1.44,-357.5,-103.94,24.02
2431,-32.44,-487.12,-101.7,23.74
2432,-21.36,-453.61,-99.4,26.25
2433,-10.56,-482.26,-92.37,34.31
2434,-19.65,-509.55,-97.95,21.12
2435,0.53,-478.87,-93.72,31.92
2436,6.5,-454.79,-72.33,28.24
2437,-23.36,-505.9,-88.44,24.89
2438,-65.67,-471.5,-117.92,20.38
2439,-18.56,-514.31,-96.76,22.72
2440,17.02,-440.87,-57.63,23.94
2441,-10.69,-533.88,-51.18,46.8
2442,-56.91,-337.19,-157.52,3.29
2443,-16.42,-401.58,-114.45,5.86
2444,-9.47,-600.29,-101.88,31.01
2445,79.07,-391.28,-69.21,41.67
2446,-113.93,-497.76,-113.11,18.19
2447,-63.94,-504.37,-92.84,29.38
2448,45.2,-510.17,-110.44,18.26
2449,-10.45,-484.02,-48.75,33.67
2450,-7.83,-502.73,-67.12,28.93
2451,-88.59,-474.92,-132.78,26.5
2452,61.99,-345.74,-115.32,17.71
2453,-10.13,-327.13,-124.7,12.57
2454,21.48,-578.67,-111.74,27.5
2455,-0.12,-472.43,-18.84,27.5
2456,-80.82,-620.58,13.96,32.7
2457,-10.69,-484.86,-88.53,16.93
2458,-10.48,-412.83,-136.38,3.01
2459,8.08,-371.95,-136.77,10.56
2460,-18.43,-504.85,-116.66,26.98
2461,-33.78,-564.39,-13.89,51.01
2462,-3.64,-482.2,-128.89,13.08
2463,-45.91,-494.91,-120.88,18.92
2464,-38.39,-528.73,-129.3,23.78
2465,-47.95,-519.39,-104.06,21.39
2466,-85.18,-523.02,-118.79,4.19
2467,5.8,-413.51,-112.4,20.48
2468,-14.56,-436.93,-102.17,25.65
2469,-4.25,-444.77,-93.19,28.48
2470,-4.31,-490.87,-103.62,17.24
2471,-33.08,-464.92,-120.89,17.47
2472,-14.3,-457.08,-108.33,27.33
2473,-23.35,-489.93,-86.75,27.33
2474,-34.49,-472.02,-91.04,20.38
2475,-19.12,-517.79,-106.8,25.0
2476,40.45,-351.71,-84.51,16.25
2477,-64.16,-542.83,-91.46,18.8
2478,-51.59,-518.79,-121.3,10.66
2479,-30.93,-484.68,-102.01,20.59
2480,-22.18,-495.25,-117.96,7.71
2481,-48.34,-550.47,-119.01,9.48
2482,-10.76,-361.71,-109.24,17.01
2483,0.11,-384.24,-65.55,32.21
2484,-23.31,-554.24,-126.22,18.29
2485,-13.11,-412.62,-108.32,18.35
2486,-12.86,-473.18,-111.15,8.88
2487,-35.05,-543.87,-109.91,8.98
2488,-52.09,-485.94,-107.84,28.74
2489,-40.69,-472.58,-106.74,17.21
2490,-29.65,-582.32,-106.94,19.26
2491,-6.3,-441.77,-104.66,43.73
2492,3.57,-467.09,-92.16,11.2
2493,-13.09,-465.16,-107.45,14.47
2494,-29.03,-503.14,-105.73,12.12
2495,-21.85,-463.84,-107.16,18.42
2496,-24.48,-490.97,-114.05,18.93
2497,-1.71,-491.79,-105.7,14.94
2498,-38.2,-496.74,-108.78,9.28
2499,-32.25,-495.54,-63.44,13.63
2500,-16.87,-477.77,68.79,39.45
2501,-36.04,-479.35,-205.32,9.59
2502,3.98,-395.84,-145.02,2.44
2503,15.08,-487.21,-126.94,8.77
2504,-31.48,-498.27,-111.11,23.77
2505,-50.68,-562.34,-126.48,11.74
2506,-27.06,-491.28,-116.21,8.83
2507,-32.72,-452.64,-124.22,1.6
2508,-42.04,-325.42,-89.18,32.34
2509,-15.11,-396.24,-117.36,9.62
2510,29.67,-480.56,-118.4,10.47
2511,-1.68,-542.25,-106.8,19.73
2512,-43.03,-603.57,-110.25,12.02
2513,-22.35,-484.55,-110.89,7.67
2514,-14.9,-484.66,-113.74,26.02
2515,-40.57,-527.7,-107.94,16.83
2516,-13.12,-459.95,-113.28,12.47
2517,-71.17,-586.0,-104.81,9.42
2518,-50.43,-561.08,-90.86,17.43
2519,25.04,-208.75,-114.02,24.18
2520,9.78,-366.85,-116.45,24.69
2521,-14.07,-590.83,-114.72,14.34
2522,-39.6,-526.82,-109.02,4.19
2523,-29.78,-453.14,-113.1,-10.64
2524,-28.47,-522.57,-105.94,25.91
2525,-25.98,-506.79,-105.68,25.89
2526,-29.53,-494.42,-109.09,19.24
2527,-30.37,-493.32,-107.31,16.18
2528,-22.3,-445.59,-106.43,17.54
2529,-33.4,-454.94,-106.22,9.16
2530,-24.16,-534.82,-77.98,21.82
2531,-18.93,-558.8,-124.38,20.83
2532,33.32,-201.65,-83.41,21.18
2533,-22.55,-533.59,-128.39,11.01
2534,-35.83,-581.24,-116.74,7.99
2535,-20.76,-521.46,-103.61,11.94
2536,-28.23,-510.98,-102.72,7.78
2537,-44.3,-518.34,-103.06,10.09
2538,-31.45,-515.99,-109.36,13.49
2539,-42.62,-486.43,-112.36,10.45
2540,-22.76,-487.06,-110.05,15.44
2541,-3.65,-491.27,-115.45,10.96
2542,0.01,-421.29,-106.43,10.81
2543,-25.54,-436.65,-115.08,-1.57
2544,-35.0,-633.02,-114.26,4.65
2545,-10.01,-394.35,-106.41,16.32
2546,-21.07,-490.02,-108.22,25.67
2547,-21.85,-485.41,-108.45,18.4
2548,-30.37,-492.41,-111.89,1.82
2549,-20.07,-416.66,-44.99,21.32
2550,-22.99,-420.33,-123.83,-2.82
2551,10.25,-376.24,-135.03,0.35
2552,-21.96,-598.74,-111.68,14.02
2553,-39.17,-551.37,-110.14,13.18
2554,-24.47,-481.59,-109.75,15.07
2555,-33.87,-491.57,-108.78,13.95
2556,-16.63,-461.88,-104.48,15.93
2557,-10.28,-429.74,-104.99,12.1
2558,-34.78,-563.61,-114.81,17.77
2559,-17.91,-447.76,-109.37,11.89
2560,-29.42,-494.3,-108.71,10.29
2561,-16.23,-513.11,-112.94,1.24
2562,-17.89,-475.84,-111.77,18.73
2563,-33.82,-516.56,-105.49,30.73
2564,-31.81,-479.7,-95.1,26.1
2565,-27.18,-473.73,-118.62,7.83
2566,-13.2,-481.79,-90.06,9.33
2567,-19.23,-450.23,-103.95,11.84
2568,-22.56,-466.93,-98.36,4.15
2569,-1.05,-533.39,-92.2,11.06
2570,-21.28,-423.67,-86.29,10.94
2571,-69.44,-609.66,-108.83,17.85
2572,-10.26,-470.4,-102.47,7.83
2573,16.16,-411.22,-83.55,20.18
2574,-23.19,-388.15,-94.73,16.0
2575,-22.53,-535.79,-119.92,18.3
2576,-56.36,-472.93,-111.19,7.4
2577,-25.2,-570.66,-93.45,24.63
2578,-4.25,-462.25,-106.39,17.29
2579,-7.72,-496.02,-96.26,19.88
2580,-7.53,-332.23,-91.98,24.29
2581,-21.9,-395.78,-104.48,9.98
2582,-15.42,-556.88,-101.48,11.27
2583,-41.12,-590.32,-100.94,11.17
2584,-47.07,-589.09,-116.45,22.57
2585,13.3,-376.59,-98.02,10.55
2586,-19.72,-459.99,-86.01,38.28
2587,-50.93,-396.22,-88.1,23.01
2588,-28.49,-522.05,-112.76,3.41
2589,39.7,-482.9,-102.53,8.58
2590,14.29,-362.43,-104.03,2.02
2591,-25.05,-538.74,-105.19,19.97
2592,-23.35,-497.14,-96.78,38.98
2593,-33.69,-460.52,-102.58,18.1
2594,-17.28,-424.03,-90.67,5.73
2595,-31.18,-528.05,-98.07,5.3
2596,1.36,-514.38,-105.41,13.72
2597,6.92,-478.83,-103.52,12.34
2598,-14.81,-512.77,-88.07,34.91
2599,-24.22,-490.35,-104.61,12.7
2600,-6.52,-419.55,-106.46,1.26
2601,-2.29,-393.65,-102.27,21.55
2602,-47.13,-428.65,-89.4,1.39
2603,-67.66,-615.12,-99.06,9.48
2604,9.94,-430.5,-76.45,5.55
2605,-4.38,-545.6,-87.14,18.79
2606,-7.53,-398.93,-115.97,10.96
2607,5.58,-244.36,-119.76,4.4
2608,-25.6,-636.05,-114.93,9.62
2609,-32.42,-537.0,-107.8,10.47
2610,-46.65,-576.5,-104.37,-7.83
2611,-68.05,-473.71,-109.54,3.68
2612,-6.78,-489.42,-112.23,-3.1
2613,-32.83,-510.76,-102.14,27.71
2614,3.72,-497.35,-83.57,41.66
2615,23.87,-439.17,-103.84,12.85
2616,13.11,-149.38,-102.54,3.65
2617,-52.68,-632.78,-103.58,-3.03
2618,-39.66,-549.86,-100.19,9.79
2619,-26.68,-504.4,-97.81,3.24
2620,-19.21,-457.32,-100.95,8.95
2621,-27.65,-564.52,-104.35,5.12
2622,-23.44,-529.48,-98.28,10.45
2623,-1.52,-354.72,-98.3,30.63
2624,-20.36,-488.23,-96.98,48.07
2625,-50.88,-503.18,-100.19,0.14
2626,-37.4,-648.55,-77.25,9.9
2627,-21.52,-378.62,-109.97,14.34
2628,-19.06,-374.66,-83.52,43.83
2629,-10.01,-561.62,-113.49,-0.23
2630,-23.77,-449.78,-115.02,-0.58
2631,-17.31,-476.06,-104.21,11.63
2632,-21.12,-514.25,-108.8,8.09
2633,-7.76,-429.38,-105.23,10.23
2634,-52.83,-603.19,-110.49,1.72
2635,-35.68,-426.61,-104.38,5.63
2636,-25.15,-349.25,-94.19,9.27
2637,-2.35,-383.78,-96.95,3.33
2638,-2.92,-551.5,-108.61,14.21
2639,-22.02,-534.99,-104.8,3.38
2640,-30.01,-435.33,-111.93,12.35
2641,-19.5,-546.54,-107.19,0.73
2642,-12.01,-546.97,-94.0,1.11
2643,-23.17,-284.31,-98.18,6.26
2644,6.63,-506.24,-104.54,9.59
2645,-40.46,-524.21,-93.54,6.66
2646,-41.7,-530.15,-120.14,11.57
2647,-21.41,-518.67,-112.16,9.31
2648,-21.42,-495.47,-95.24,21.5
2649,-29.63,-484.64,-111.65,-11.92
2650,-7.35,-479.69,-111.26,-3.58
2651,-37.21,-479.93,-103.78,24.6
2652,-34.72,-480.66,-103.08,26.18
2653,-32.49,-497.74,-119.36,5.38
2654,11.71,-415.09,-109.56,8.65
2655,-2.67,-308.5,-119.28,5.41
2656,-55.24,-615.8,-114.52,16.1
2657,-11.49,-504.21,-111.02,19.51
2658,-49.79,-466.43,-94.83,14.32
2659,-85.03,-507.75,-109.23,14.91
2660,43.4,-519.21,-113.19,12.12
2661,29.51,-451.51,-97.33,3.99
2662,-31.28,-512.9,-101.93,-1.0
2663,-6.1,-452.76,-123.57,24.5
2664,-25.92,-504.06,-85.69,3.09
2665,-17.72,-443.78,-140.15,-11.2
2666,-22.88,-509.11,-54.96,19.79
2667,-32.81,-558.6,-129.28,29.92
2668,-15.39,-251.67,-133.68,11.47
2669,-5.72,-324.11,-126.38,-2.23
2670,-39.52,-732.99,-122.83,9.39
2671,-1.6,-494.43,-115.39,11.07
2672,-0.86,-426.05,-106.1,16.54
2673,-74.08,-481.86,-103.33,13.63
2674,49.69,-420.36,-121.03,7.41
2675,-44.71,-536.48,-91.95,16.23
2676,-48.52,-542.0,-117.09,6.79
2677,69.52,-377.2,-117.1,10.22
2678,-45.09,-533.88,-105.12,2.69
2679,-57.0,-489.61,-101.09,-1.07
2680,-37.84,-394.95,-108.56,5.92
2681,-17.64,-399.42,-125.59,-11.38
2682,-1.52,-480.02,-77.19,10.89
2683,-0.07,-489.72,-91.6,6.03
2684,-14.04,-383.81,-113.49,2.76
2685,-24.99,-484.92,-92.21,10.94
2686,-29.64,-501.2,-113.76,3.76
2687,-13.85,-507.63,-105.44,1.47
2688,6.07,-430.24,-117.89,9.02
2689,-25.52,-538.46,-127.38,6.99
2690,-33.99,-492.78,-114.74,1.0
2691,-82.9,-448.48,-90.5,14.62
2692,-97.42,-430.52,-123.22,9.88
2693,56.33,-469.34,-93.43,11.89
2694,4.36,-545.21,-125.0,1.22
2695,-14.49,-571.72,-127.36,2.87
2696,-29.54,-525.79,-94.86,14.8
2697,-13.51,-428.56,-106.12,19.76
2698,-11.03,-442.59,-113.25,11.23
2699,-38.84,-522.45,-96.18,4.21
2700,3.98,-462.89,-72.78,22.26
2701,1.23,-444.42,-51.65,15.88
2702,-26.1,-515.21,-150.5,17.93
2703,-25.5,-449.06,-149.48,-9.05
2704,-17.24,-397.36,-53.11,31.33
2705,-16.51,-510.16,-136.32,24.49
2706,-9.56,-458.71,-61.1,10.14
2707,-33.39,-495.3,-151.34,10.96
2708,-40.12,-569.43,-119.8,14.12
2709,-17.02,-481.34,-124.01,19.61
2710,-25.31,-403.46,-123.09,5.46
2711,-27.07,-467.13,-110.39,10.91
2712,-39.04,-499.43,-119.91,5.64
2713,-48.95,-542.62,-114.52,18.82
2714,-50.71,-528.27,-99.11,19.84
2715,-25.15,-507.57,-102.04,21.7
2716,3.01,-426.7,-100.73,7.82
2717,-1.7,-460.56,-112.83,8.38
2718,12.7,-431.71,-91.14,6.56
2719,-11.02,-503.25,-106.02,25.36
2720,-38.9,-474.31,-127.65,3.89
2721,-31.83,-436.8,-101.12,7.79
2722,-18.19,-524.1,-71.43,31.56
2723,-18.13,-527.91,-115.1,18.48
2724,-26.59,-446.91,-115.08,19.9
2725,-40.99,-487.59,-77.95,19.84
2726,-25.99,-554.83,-111.4,15.41
2727,-15.66,-449.66,-103.71,21.41
2728,-27.16,-428.66,-115.76,27.21
2729,-12.1,-485.99,-108.93,22.44
2730,-56.83,-592.21,-50.36,35.53
2731,-25.94,-367.94,-129.79,21.39
2732,-12.8,-458.9,-116.87,15.97
2733,-29.05,-567.1,-122.02,10.4
2734,-32.73,-351.95,-111.08,21.17
2735,-18.39,-571.48,-114.46,17.03
2736,8.07,-502.91,-107.69,23.68
2737,-14.62,-412.11,-100.35,11.95
2738,-23.37,-543.13,-121.05,-1.33
2739,-15.83,-467.56,-77.39,21.52
2740,-42.78,-538.93,-92.66,25.09
2741,-28.97,-479.26,-110.63,17.07
2742,-36.78,-504.57,-115.74,16.79
2743,-25.1,-456.94,-95.85,22.64
2744,0.33,-471.03,-122.99,28.84
2745,-31.02,-454.99,-114.0,23.65
2746,-11.57,-488.23,-109.33,27.39
2747,-39.37,-502.09,-109.02,27.05
2748,-17.89,-424.97,-116.91,22.38
2749,-46.01,-365.93,-104.94,25.74
2750,-20.63,-530.47,-102.76,5.58
2751,12.62,-380.19,-115.15,5.0
2752,0.43,-527.17,-109.25,37.46
2753,-14.22,-457.88,-113.11,26.83
2754,-11.37,-392.16,-120.62,26.63
2755,-43.78,-483.58,-114.01,26.74
2756,5.2,-558.51,-62.06,27.08
2757,-21.79,-502.51,-115.97,30.2
2758,5.28,-326.85,-42.48,18.99
2759,-9.18,-400.2,-125.49,20.86
2760,-20.73,-539.56,50.22,31.99
2761,-74.65,-596.16,-163.79,20.27
2762,-10.29,-554.99,-110.43,16.39
2763,3.55,-306.51,-157.25,13.3
2764,-34.67,-521.74,-147.08,22.43
2765,-79.42,-596.92,-117.09,34.95
2766,-43.68,-442.2,-122.21,13.56
2767,-35.75,-579.73,-119.79,11.1
2768,-7.22,-422.73,-100.84,32.58
2769,2.04,-490.22,-110.24,29.27
2770,-3.31,-414.49,-119.12,16.95
2771,-8.2,-449.88,-106.04,40.0
2772,8.09,-432.62,-114.08,25.62
2773,-61.21,-554.21,-104.79,31.61
2774,-24.54,-534.56,-109.93,25.3
2775,-10.77,-485.1,-106.8,15.61
2776,3.34,-426.88,-105.69,25.37
2777,-14.91,-459.05,-118.53,25.16
2778,-43.32,-579.77,-83.22,21.16
2779,-16.87,-394.54,-26.13,32.44
2780,-40.75,-412.87,-131.18,11.95
2781,-2.44,-450.42,-109.74,37.72
2782,-10.39,-526.36,-56.01,34.24
2783,-55.01,-536.19,-140.11,11.94
2784,-88.71,-439.39,-113.75,31.57
2785,53.29,-407.97,-120.49,16.75
2786,-73.49,-592.78,-116.9,11.73
2787,21.48,-475.33,-103.12,31.09
2788,-13.85,-487.89,-106.6,11.77
2789,-8.08,-403.99,-108.22,16.86
2790,-48.95,-399.74,-107.41,-3.75
2791,-35.73,-625.21,-74.63,30.4
2792,10.93,-356.26,-119.12,38.2
2793,-121.75,-490.09,-91.15,24.91
2794,55.04,-548.08,-129.11,18.67
2795,26.23,-487.02,-113.67,12.34
2796,-18.71,-496.91,-106.9,21.75
2797,-26.34,-509.72,-109.08,19.02
2798,-25.84,-499.72,-106.39,17.52
2799,-32.05,-491.2,-105.44,13.57
2800,-51.0,-517.48,-73.19,13.48
2801,-41.8,-375.6,-47.27,31.91
2802,14.74,-398.04,-76.77,25.5
2803,-9.75,-562.18,-166.02,8.48
2804,-26.25,-485.94,-120.4,10.57
2805,-37.22,-588.67,-109.03,13.98
2806,-16.44,-429.79,-111.37,14.69
2807,-13.62,-416.81,-107.91,30.05
2808,-26.92,-495.05,-108.64,29.83
2809,-48.15,-454.15,-95.27,32.58
2810,-16.93,-407.17,-79.47,33.54
2811,30.07,-383.1,-95.59,13.53
2812,-45.54,-584.29,-136.32,15.37
2813,-31.42,-491.8,-106.72,27.39
2814,-10.58,-493.32,-113.01,15.87
2815,-0.54,-467.78,-71.88,21.19
2816,-43.42,-550.05,-124.72,8.07
2817,-62.52,-527.98,-111.7,9.39
2818,-38.41,-528.91,-10.86,43.81
2819,-7.58,-375.93,-160.16,12.36
2820,-71.83,-360.79,-109.92,11.06
2821,13.2,-469.32,-115.7,-9.96
2822,11.6,-471.68,-114.52,14.52
2823,-17.13,-543.66,-109.51,10.37
2824,-10.88,-472.96,-102.72,14.35
2825,-28.44,-503.77,-104.06,3.65
2826,-49.31,-505.64,-85.92,4.12
2827,5.69,-409.06,-103.29,8.25
2828,20.32,-355.97,-103.97,1.44
2829,-79.67,-711.81,-23.3,17.78
2830,-68.92,-426.01,-133.8,17.73
2831,19.3,-420.11,-132.29,13.98
2832,-53.41,-530.23,-121.79,3.07
2833,-12.84,-512.78,-75.32,8.57
2834,-18.23,-404.77,-128.11,10.53
2835,-41.63,-508.71,-117.73,8.98
2836,-22.7,-494.99,-106.14,7.91
2837,-17.18,-377.26,-111.31,14.95
2838,0.81,-457.45,-101.38,16.14
2839,-11.81,-494.33,-100.03,14.88
2840,-32.22,-478.3,-108.26,15.0
2841,-19.68,-472.88,-98.32,15.71
2842,-13.64,-438.59,-98.5,14.59
2843,-7.0,-420.08,-107.5,10.03
2844,-38.89,-480.89,-101.12,13.6
2845,-103.85,-608.82,-92.59,23.01
2846,12.82,-393.72,-110.1,2.32
2847,14.48,-499.25,-98.25,12.23
2848,-54.74,-401.74,-94.25,16.47
2849,-42.08,-533.34,-102.39,5.94
2850,5.64,-497.47,-95.89,15.91
2851,4.87,-368.61,-104.18,8.31
2852,-28.17,-481.3,-106.02,6.86
2853,-35.61,-590.24,-86.57,23.33
2854,-25.45,-489.66,-104.87,10.82
2855,-7.96,-442.79,-64.11,18.13
2856,-33.57,-456.33,-125.57,5.32
2857,2.24,-339.87,-80.02,18.97
2858,2.74,-565.36,-0.72,39.46
2859,-29.46,-476.5,-127.45,17.05
2860,-25.08,-463.93,-93.92,21.84
2861,-25.9,-492.45,-138.31,-2.16
2862,-47.64,-565.86,-113.41,14.02
2863,-22.13,-291.9,-87.29,35.27
2864,-25.35,-572.39,-111.86,5.44
2865,-21.74,-586.49,-102.04,18.48
2866,-25.68,-509.04,-93.57,23.91
2867,-43.77,-420.32,-84.17,36.02
2868,1.64,-486.53,-104.23,11.96
2869,-29.21,-477.11,-102.28,6.72
2870,-25.74,-466.57,-96.73,13.96
2871,-17.07,-514.57,-98.4,11.22
2872,-3.27,-422.28,-101.23,20.46
2873,-2.26,-356.96,-103.5,20.29
2874,-22.52,-354.59,-90.24,22.23
2875,-6.63,-491.66,-80.82,24.62
2876,-33.87,-598.83,-103.05,20.07
2877,-14.92,-511.04,-99.73,22.95
2878,-37.21,-513.7,-94.05,12.75
2879,-22.47,-510.78,-70.32,29.79
2880,-9.57,-531.62,-21.3,42.99
2881,-7.83,-406.02,-173.96,13.2
2882,-46.76,-426.46,-113.0,22.99
2883,-23.09,-509.83,-106.26,25.71
2884,6.67,-482.34,-113.79,22.11
2885,-29.66,-524.3,-107.58,25.83
2886,-37.1,-504.36,-102.82,30.45
2887,-38.33,-480.77,-89.9,43.27
2888,-14.59,-466.68,-100.51,-3.72
2889,-4.2,-354.73,-107.93,20.73
2890,-6.97,-477.06,-101.61,37.86
2891,-12.01,-522.45,-97.88,24.48
2892,-1.0,-488.96,-102.7,29.09
2893,-26.54,-509.2,-102.96,24.18
2894,-29.96,-481.37,-102.69,20.5
2895,-23.68,-468.35,-99.5,26.24
2896,1.53,-475.33,-58.24,40.9
2897,-54.25,-589.7,-126.88,22.73
2898,-30.74,-494.5,-95.9,28.48
2899,-20.29,-417.13,-103.18,19.94
2900,-6.47,-461.84,-114.71,23.64
2901,-6.69,-396.92,-110.03,18.53
2902,-20.72,-426.67,-104.57,26.46
2903,-56.22,-601.44,-110.26,18.36
2904,11.29,-434.36,-101.67,36.27
2905,-38.53,-535.51,-104.49,23.87
2906,-17.01,-497.74,-98.67,36.24
2907,-36.0,-481.24,-104.14,24.83
2908,-9.98,-489.6,-108.97,32.46
2909,-14.0,-507.61,-107.7,16.52
2910,1.51,-432.8,-107.2,20.98
2911,-57.81,-530.01,-106.84,32.94
2912,-23.96,-485.55,-96.37,48.62
2913,-12.74,-346.26,-90.35,31.22
2914,-11.69,-472.94,-103.85,27.08
2915,-24.55,-514.26,-98.94,31.93
2916,10.77,-420.25,-87.04,28.67
2917,-30.52,-524.19,-57.14,25.45
2918,-31.39,-512.11,-115.62,30.29
2919,-23.34,-491.39,18.72,44.29
2920,-29.23,-497.07,-131.41,27.97
2921,-5.4,-371.37,-150.94,19.79
2922,-6.14,-469.51,-125.92,11.71
2923,-14.78,-430.28,-113.5,14.36
2924,-11.25,-487.35,-112.43,38.46
2925,-52.56,-570.99,-106.98,29.93
2926,-38.73,-483.97,-87.67,22.3
2927,-15.02,-430.03,-91.16,30.17
2928,-0.79,-503.99,-103.43,30.46
2929,-46.1,-522.31,-119.01,33.06
2930,-32.73,-467.06,-92.92,27.72
2931,-12.12,-461.78,-91.13,22.61
2932,-6.33,-347.07,-87.96,19.41
2933,-0.99,-533.1,-128.73,27.66
2934,-22.0,-490.17,-89.63,38.05
2935,-29.02,-453.5,-103.64,21.65
2936,-18.1,-480.25,-68.06,37.95
2937,-16.1,-538.28,-143.3,22.32
2938,-25.61,-528.44,-119.15,27.76
2939,-11.43,-458.9,-102.77,35.99
2940,-19.09,-495.21,-111.97,14.8
2941,-15.51,-440.59,-115.52,14.16
2942,-49.96,-541.92,-95.9,25.36
2943,-25.25,-459.97,-94.3,27.24
2944,-8.76,-453.39,-96.73,49.32
2945,-35.38,-467.78,-110.08,17.84
2946,4.42,-421.65,-55.86,36.93
2947,-20.65,-494.23,-95.95,35.38
2948,-18.02,-496.35,-127.55,19.92
2949,-28.01,-507.01,-109.41,16.59
2950,-21.14,-505.86,-112.52,19.85
2951,23.61,-411.7,-93.0,33.57
2952,-42.08,-472.68,-107.48,31.57
2953,-74.57,-563.92,-105.18,18.4
2954,-20.85,-484.91,-73.87,28.73
2955,16.16,-462.4,-40.14,19.55
2956,-28.24,-463.51,-119.6,23.45
2957,-32.33,-533.83,-137.91,18.39
2958,-35.54,-532.44,-112.75,25.14
2959,-45.21,-545.8,-67.14,19.33
2960,-13.08,-418.63,-88.56,14.31
2961,6.84,-285.95,-117.64,24.75
2962,-34.06,-591.85,-113.4,32.72
2963,12.5,-450.47,-114.42,17.08
2964,-0.72,-517.73,-98.28,29.18
2965,-24.78,-515.42,-100.97,26.15
2966,-38.21,-514.41,-113.38,23.31
2967,-19.25,-444.38,-98.4,17.29
2968,-38.21,-530.89,-102.13,15.61
2969,13.24,-459.47,-92.4,29.6
2970,-54.87,-486.07,-96.12,22.22
2971,-12.73,-417.27,-96.92,30.05
2972,-9.38,-352.35,-72.29,22.42
2973,-18.78,-589.44,-133.28,20.87
2974,-2.64,-468.04,-107.7,5.5
2975,-29.21,-524.09,-116.09,17.73
2976,-26.1,-546.73,-94.45,36.02
2977,-15.43,-443.16,-110.47,23.38
2978,-7.0,-389.08,-100.65,19.92
2979,-46.56,-575.16,-64.17,31.58
2980,-22.24,-526.75,-59.92,29.17
2981,10.1,-383.57,-148.24,20.55
2982,-27.39,-550.34,-100.77,32.09
2983,-9.53,-398.99,-123.95,11.66
2984,-5.5,-494.16,-125.59,15.17
2985,-33.72,-453.77,-94.09,22.07
2986,-21.99,-423.27,-106.0,20.23
2987,-23.74,-549.57,-36.06,25.71
2988,-16.17,-505.61,-27.68,52.53
2989,-34.14,-498.99,-183.0,-7.57
2990,-19.03,-507.75,-129.02,9.04
2991,-23.19,-468.48,-120.82,13.81
2992,-24.11,-435.54,-105.7,28.22
2993,0.53,-349.34,-125.37,7.4
2994,-28.16,-513.62,-109.02,12.29
2995,-32.84,-556.11,-104.98,32.29
2996,-21.36,-514.21,-98.31,34.05
2997,-42.13,-490.73,-118.57,6.37
2998,14.2,-320.92,-104.0,14.58
2999,-18.17,-593.03,-104.98,18.28
