,ch1,ch2,ch3,ch4
0,-31.23,-545.62,-88.76,27.71
1,-22.39,-428.9,-182.21,-22.96
2,1.18,-354.38,-168.5,-13.42
3,18.5,-457.71,-110.13,0.02
4,-53.78,-619.01,-72.49,40.58
5,-29.72,-514.15,-38.42,38.97
6,-33.45,-509.33,-110.24,21.07
7,-12.73,-466.67,-147.29,8.54
8,-29.76,-499.45,-117.99,4.6
9,-33.71,-475.7,-110.7,5.94
10,-33.8,-465.39,-67.68,6.61
11,-19.91,-463.64,-72.46,27.96
12,-28.6,-454.18,-99.16,11.43
13,-25.95,-403.21,-108.23,1.49
14,0.71,-441.44,-108.17,-9.72
15,-20.87,-460.67,-83.55,26.97
16,-25.29,-445.91,-95.14,13.21
17,-24.39,-410.08,-97.98,10.05
18,29.78,-335.4,-101.46,0.45
19,-58.06,-618.51,-102.04,31.8
20,-57.75,-473.85,-117.17,-6.27
21,-1.06,-439.58,-80.23,11.69
22,6.66,-479.8,-211.38,-25.92
23,-21.1,-446.76,-253.0,-34.97
24,-122.94,-632.68,73.06,81.78
25,-0.13,-491.62,-45.78,20.69
26,18.8,-466.86,-98.45,7.3
27,5.86,-442.13,-101.46,8.88
28,-15.16,-473.34,-183.03,-13.45
29,-27.59,-502.35,-150.93,3.15
30,-33.56,-492.12,-26.36,16.38
31,-21.92,-457.92,-51.97,12.37
32,-27.1,-476.77,-69.59,14.06
33,-12.7,-421.48,-100.26,2.49
34,-4.6,-435.57,-95.98,3.09
35,15.56,-343.86,-95.07,-12.69
36,-17.83,-449.26,-101.16,-0.47
37,-40.19,-515.68,-101.21,-20.0
38,-47.68,-464.56,-133.86,18.74
39,-13.24,-403.6,-137.11,-5.87
40,-48.59,-598.43,-20.32,51.61
41,-32.49,-530.31,-83.35,20.76
42,-86.0,-474.61,-102.05,-5.21
43,-57.61,-492.3,-158.16,1.64
44,97.43,-454.69,-125.38,-18.85
45,-20.3,-479.85,-133.35,19.41
46,-2.34,-474.28,-25.0,24.9
47,-27.51,-465.02,-57.18,22.11
48,-15.2,-443.74,-97.57,5.68
49,-17.0,-501.11,-80.37,32.9
50,-32.7,-487.3,-214.26,-39.06
51,-20.87,-428.46,-18.15,29.43
52,7.92,-353.3,-79.33,-3.38
53,-12.76,-485.19,-132.36,-3.91
54,-56.59,-515.67,-63.6,35.01
55,-13.41,-468.04,-88.41,5.65
56,-4.85,-397.58,-113.67,-10.0
57,-23.06,-533.21,-99.28,28.92
58,-39.61,-475.35,-108.89,28.24
59,-17.03,-369.01,-120.29,-2.28
60,-0.41,-528.77,-77.57,26.36
61,-45.48,-503.18,-83.11,25.73
62,-56.34,-512.23,-99.54,16.8
63,-41.49,-502.32,-101.94,9.04
64,28.79,-468.69,-242.11,-11.5
65,-4.52,-474.96,-190.89,-22.54
66,38.0,-347.0,30.79,10.17
67,-26.93,-526.39,-101.95,42.35
68,-53.26,-536.85,-188.85,22.31
69,-48.58,-500.87,-78.18,-12.24
70,-12.82,-450.3,-71.44,1.84
71,-15.34,-489.97,-48.94,31.09
72,-8.32,-466.15,-100.25,13.52
73,-10.37,-367.77,-100.31,-6.31
74,-53.24,-489.05,-92.2,13.64
75,-12.6,-460.95,-99.81,19.07
76,14.57,-433.26,-105.22,-0.15
77,-16.95,-504.87,-99.46,7.51
78,-41.44,-540.86,-102.32,20.42
79,-23.78,-491.41,-98.04,16.37
80,-19.52,-467.06,-102.26,10.38
81,-15.38,-454.64,-132.24,0.59
82,-21.36,-466.84,-162.98,-5.68
83,-29.12,-511.78,-180.29,-2.48
84,-44.88,-472.99,10.72,29.08
85,27.31,-443.42,-98.51,7.63
86,-7.71,-464.32,-123.81,13.69
87,-12.59,-411.77,-80.0,16.11
88,0.83,-457.34,-113.62,1.42
89,-21.67,-486.96,-80.85,4.09
90,-46.44,-465.88,-86.09,21.46
91,-25.54,-471.17,-94.66,18.1
92,-7.39,-421.41,-99.49,6.17
93,-25.89,-489.52,-94.14,19.32
94,-20.95,-315.04,-100.81,12.12
95,-19.23,-504.3,-96.14,17.72
96,-68.13,-580.13,-93.4,14.24
97,15.87,-477.41,-103.58,11.37
98,-11.33,-490.53,-105.35,15.47
99,-48.52,-524.28,-90.19,12.13
100,-2.16,-443.42,-96.68,14.31
101,-6.91,-410.49,-99.82,8.76
102,-18.93,-478.22,-105.83,16.42
103,-24.56,-524.67,-100.06,19.05
104,-16.25,-500.22,-101.33,13.63
105,-42.8,-473.83,-100.52,10.98
106,-8.47,-455.87,-104.07,17.12
107,-2.04,-475.03,-96.93,6.89
108,-41.66,-473.88,-97.71,11.75
109,-8.16,-427.66,-107.6,22.95
110,-34.58,-498.04,-105.56,16.79
111,-26.1,-501.81,-102.33,12.64
112,-35.41,-526.89,-95.27,27.47
113,-29.67,-356.08,-96.29,16.42
114,78.28,-189.22,-107.68,18.99
115,-34.14,-586.66,-102.88,20.85
116,-6.62,-536.61,-89.5,20.57
117,-32.41,-544.59,-102.24,18.67
118,-7.09,-414.48,-101.25,11.26
119,-26.16,-503.57,-94.08,14.69
120,3.17,-503.95,-98.19,12.28
121,-18.27,-486.01,-95.12,12.97
122,-36.71,-468.76,-88.25,10.21
123,-32.02,-483.63,-91.97,12.45
124,-18.4,-485.95,-92.85,6.52
125,-29.75,-470.01,-99.45,11.38
126,-7.34,-444.57,-95.31,10.24
127,-27.42,-458.48,-93.03,14.33
128,-16.5,-450.23,-89.45,15.74
129,-13.68,-444.21,-92.79,13.24
130,-117.09,-708.6,-92.56,17.03
131,33.91,-517.69,-104.45,11.38
132,37.35,-316.82,-91.35,24.53
133,-19.22,-449.18,-89.94,16.02
134,-42.08,-497.23,-101.13,-2.06
135,0.24,-362.77,-100.71,7.73
136,-19.11,-259.65,-86.9,29.16
137,22.42,-498.96,-86.57,23.52
138,-52.71,-486.23,-93.52,15.63
139,-25.94,-513.99,-88.36,13.39
140,-54.64,-485.2,-87.65,22.59
141,-10.81,-473.66,-84.18,19.77
142,-17.79,-448.83,-79.55,19.14
143,-0.07,-471.67,-83.39,15.08
144,-5.97,-501.76,-86.16,14.04
145,-43.72,-522.08,-90.64,12.22
146,-92.97,-493.03,-78.5,20.07
147,-0.96,-378.51,-87.09,17.69
148,-142.05,-308.71,-95.85,10.47
149,61.69,-546.86,-94.77,17.57
150,67.05,-379.16,-91.55,22.56
151,-107.43,-721.39,-88.56,17.93
152,-23.79,-119.79,-77.97,24.87
153,28.92,-406.98,-82.73,18.13
154,3.25,-566.94,-80.81,13.2
155,-140.31,-561.97,-72.76,15.88
156,-18.92,-416.03,-78.81,22.28
157,59.69,-477.69,-90.23,12.4
158,-8.17,-438.39,-76.31,24.86
159,-14.8,-467.67,-72.61,18.85
160,1.05,-439.2,-78.79,15.53
161,20.41,-539.22,-85.72,5.82
162,11.31,-333.31,-78.88,19.24
163,-48.32,-413.92,-74.21,29.15
164,-81.06,-677.32,-69.88,24.6
165,-184.44,-564.92,-79.0,13.16
166,52.61,-430.42,-78.76,24.49
167,18.93,-490.53,-81.52,14.59
168,-83.65,-568.37,-82.39,12.53
169,-8.44,-612.81,-84.86,6.55
170,57.96,-288.85,-68.0,33.38
171,-65.22,-473.42,-70.52,15.17
172,42.47,-508.62,-76.76,8.89
173,34.44,-370.58,-75.57,16.33
174,-159.59,-492.01,-76.64,15.71
175,11.07,-496.05,-67.3,23.21
176,38.02,-339.06,-84.44,-4.95
177,-22.34,-627.62,-65.36,37.99
178,-38.97,-440.67,-77.23,20.9
179,-14.69,-602.76,-74.84,16.74
180,-79.95,-486.22,-79.57,11.95
181,9.95,-488.09,-79.95,4.21
182,-9.05,-309.03,-73.81,25.11
183,-42.26,-634.77,-69.86,25.33
184,-44.97,-435.76,-81.99,15.54
185,27.68,-359.03,-86.18,5.68
186,-28.52,-720.56,-88.33,16.35
187,-27.92,-485.05,-78.1,23.14
188,14.59,-419.45,-72.77,26.43
189,-3.03,-423.34,-76.42,23.42
190,-72.24,-658.2,-73.3,30.35
191,-42.41,-382.5,-87.06,13.2
192,-26.26,-530.4,-92.34,19.81
193,-140.22,-565.22,-86.33,22.17
194,127.45,-501.33,-91.43,25.66
195,19.37,-344.44,-81.67,33.79
196,-108.62,-370.71,-83.76,30.34
197,-5.33,-653.28,-80.35,33.39
198,29.3,-411.09,-89.69,28.2
199,11.02,-315.39,-94.74,24.25
200,-19.02,-519.24,-87.93,30.2
201,-4.54,-521.34,-85.92,38.57
202,-46.19,-440.97,-88.53,33.55
203,-118.62,-579.76,-87.34,25.3
204,-47.3,-425.05,-83.31,35.29
205,16.58,-568.15,-91.57,18.18
206,45.88,-403.63,-92.58,27.04
207,13.35,-305.97,-95.91,24.69
208,-12.54,-390.56,-95.92,24.73
209,-6.71,-564.85,-93.33,34.82
210,-139.72,-529.75,-101.23,32.07
211,67.15,-303.64,-108.14,20.28
212,-43.01,-143.82,-101.29,23.97
213,53.16,-539.5,-99.4,41.46
214,-71.4,-614.48,-87.46,46.91
215,15.83,-367.31,-100.45,21.55
216,33.78,-332.16,-88.57,51.61
217,-5.79,-546.82,-99.79,39.32
218,-61.88,-201.74,-111.55,15.16
219,-4.68,-551.42,-79.5,50.53
220,-57.77,-741.95,-100.62,45.51
221,-41.85,-523.31,-98.52,40.68
222,-29.8,-240.77,-100.47,22.08
223,9.01,-386.77,-119.3,21.86
224,-5.59,-273.57,-96.53,48.18
225,25.03,-488.85,-96.86,52.81
226,-67.44,-534.02,-116.12,21.59
227,-88.07,-354.25,-108.24,30.04
228,-74.55,-316.65,-120.82,14.58
229,137.63,-492.59,-86.55,62.4
230,-15.43,-418.57,-86.68,57.64
231,-53.55,-621.21,-114.03,25.69
232,23.81,-574.42,-117.92,20.23
233,-35.38,-488.26,-103.77,43.4
234,-34.79,-476.52,-99.95,38.86
235,-37.48,-302.25,-121.14,16.72
236,-100.06,-369.59,-111.26,32.01
237,57.76,-204.92,-109.98,35.1
238,33.13,-512.12,-104.82,46.24
239,-109.18,-691.49,-103.52,49.74
240,-176.2,-277.74,-119.39,15.73
241,169.83,-462.6,-114.21,48.66
242,-79.73,-589.22,-102.38,55.6
243,10.03,-434.6,-113.75,42.04
244,-82.28,-516.42,-108.47,54.12
245,91.06,-315.99,-126.33,28.08
246,-16.02,-587.76,-111.0,57.66
247,-137.36,-375.96,-106.86,51.85
248,-16.95,-272.33,-138.45,10.45
249,63.91,-642.04,-108.8,56.49
250,-29.03,-477.29,-112.38,50.4
251,-219.97,-611.21,-120.66,35.7
252,116.12,-401.25,-123.69,38.9
253,-25.87,-508.14,-111.22,49.81
254,66.62,-214.04,-131.02,33.79
255,-68.33,-574.84,-108.39,64.95
256,110.29,-486.24,-124.74,36.22
257,-25.93,-205.7,-120.57,47.84
258,-42.16,-251.19,-110.29,57.74
259,-31.28,-799.73,-118.62,56.44
260,-142.12,-650.41,-120.66,31.01
261,-51.3,-497.86,-120.02,56.08
262,-48.27,-516.27,-136.39,25.11
263,73.5,-335.6,-121.55,57.28
264,51.8,-337.19,-122.95,45.6
265,-58.53,-548.92,-116.34,47.74
266,-45.37,-541.11,-125.16,33.67
267,101.32,-325.37,-124.52,39.35
268,-190.87,-469.5,-125.32,34.61
269,28.25,-623.79,-133.42,27.46
270,25.49,-260.51,-124.68,43.62
271,-12.23,-423.72,-117.17,46.26
272,32.48,-511.21,-116.63,49.37
273,-39.06,-472.79,-129.99,35.39
274,-51.68,-640.29,-123.1,52.63
275,-44.65,-652.42,-128.69,46.93
276,-55.91,-360.28,-126.8,41.23
277,100.26,-303.24,-114.09,63.16
278,-20.61,-438.08,-125.67,40.41
279,-80.61,-594.21,-135.34,16.8
280,81.95,-249.12,-110.36,64.43
281,-23.57,-685.16,-114.42,61.38
282,1.06,-548.63,-121.1,37.45
283,-38.06,-343.85,-129.41,36.15
284,-19.63,-541.91,-118.88,51.88
285,8.15,-450.66,-127.5,39.76
286,-11.54,-478.83,-125.15,47.57
287,-121.03,-485.72,-126.63,31.33
288,15.42,-124.85,-123.25,43.96
289,-80.69,-801.85,-107.58,69.72
290,-4.78,-286.02,-132.25,24.62
291,5.05,-434.59,-120.65,37.19
292,-36.61,-676.7,-122.36,52.38
293,-27.13,-479.66,-122.8,44.01
294,-13.62,-383.38,-145.76,1.38
295,24.37,-492.69,-97.29,107.4
296,17.93,-536.5,-110.9,62.89
297,-119.46,-313.77,-111.91,30.18
298,52.04,-141.22,-138.92,32.1
299,21.32,-800.59,-108.71,79.38
300,-40.81,-691.77,-116.06,47.21
301,-37.97,-447.8,-135.51,28.88
302,-10.96,-311.58,-105.14,75.47
303,16.58,-549.54,-103.52,65.23
304,31.02,-222.37,-125.38,52.07
305,-59.75,-715.29,-111.85,59.58
306,-66.9,-244.07,-122.8,49.51
307,68.29,-679.22,-115.39,62.04
308,-278.25,-649.07,-116.56,34.07
309,30.0,262.15,-128.36,38.46
310,134.44,104.54,-124.29,47.53
311,35.32,297.37,-112.89,52.57
312,-107.44,650.49,-122.14,41.88
313,28.48,424.0,-111.14,79.15
314,6.31,968.37,-125.51,40.16
315,-48.97,167.24,-123.71,63.12
316,4.98,309.69,-101.54,57.67
317,11.05,525.56,-120.81,51.61
318,10.41,408.16,-125.39,37.26
319,-321.45,460.13,-110.62,44.44
320,191.52,756.43,-132.0,32.63
321,21.87,329.37,-110.35,58.98
322,47.3,764.0,-120.87,37.61
323,-121.75,505.24,-125.07,40.26
324,-47.72,377.11,-99.33,43.28
325,47.92,364.86,-112.97,59.38
326,-63.05,485.34,-118.61,43.01
327,42.64,689.7,-112.7,35.37
328,-17.86,561.64,-109.25,57.44
329,-29.94,256.29,-106.91,51.07
330,-98.62,692.45,-119.47,20.59
331,85.06,467.48,-132.61,21.3
332,22.36,453.73,-94.51,78.81
333,-149.36,467.99,-117.03,37.96
334,97.22,702.09,-113.46,50.22
335,-32.14,429.22,-111.8,48.41
336,-73.34,421.21,-112.43,43.01
337,-136.77,291.56,-121.83,30.1
338,137.28,644.45,-119.59,51.0
339,26.78,448.38,-107.36,59.34
340,2.04,673.98,-120.03,32.76
341,-95.65,409.41,-105.94,52.44
342,5.78,492.41,-123.69,55.58
343,68.43,900.2,-131.05,30.8
344,-108.08,132.61,-123.74,34.32
345,39.85,569.03,-106.9,67.54
346,12.49,411.2,-100.3,72.08
347,-35.39,501.34,-106.7,45.59
348,-251.31,370.19,-121.74,41.91
349,193.89,628.06,-121.08,34.21
350,7.13,624.12,-103.8,59.48
351,14.86,469.04,-118.06,39.2
352,-31.16,481.38,-114.41,52.72
353,-41.81,512.34,-108.31,56.35
354,-20.04,348.64,-119.93,44.88
355,-9.48,464.83,-113.49,48.72
356,-94.5,847.88,-113.89,25.35
357,56.53,378.05,-111.7,51.5
358,20.99,443.5,-94.37,74.98
359,13.22,-357.14,-106.78,35.74
360,-76.17,-648.59,-106.09,60.74
361,-17.98,-310.56,-132.35,19.98
362,-40.78,-623.08,-95.47,63.58
363,88.63,-355.42,-109.59,30.71
364,-8.61,-589.52,-95.82,73.29
365,-61.11,-296.81,-103.79,46.69
366,-38.55,-582.37,-114.4,37.27
367,-3.2,-477.98,-110.49,46.85
368,-34.26,-475.21,-113.1,41.1
369,33.69,-344.87,-123.21,15.83
370,-15.97,-664.02,-94.19,79.92
371,-120.34,-525.63,-105.54,53.28
372,7.75,-2.34,-108.2,47.32
373,30.99,-701.41,-102.76,47.92
374,36.04,-509.24,-117.46,37.51
375,-129.13,-655.71,-113.18,45.17
376,-52.41,-272.82,-123.79,5.97
377,98.48,-425.92,-104.95,65.26
378,-16.49,-600.37,-94.1,68.76
379,-93.94,-496.74,-111.2,39.92
380,-13.66,-460.4,-114.52,44.06
381,17.33,-42.25,-141.63,17.4
382,38.22,-764.27,-106.49,80.76
383,-13.02,-605.06,-115.44,58.93
384,-142.07,-575.15,-112.88,38.75
385,72.04,-291.74,-109.03,53.3
386,-23.4,-381.75,-109.23,57.5
387,2.44,-666.72,-115.26,43.32
388,-2.92,-355.78,-117.67,39.55
389,-117.69,-465.12,-108.41,53.56
390,130.71,-362.93,-123.4,23.74
391,-9.33,-582.49,-94.87,69.15
392,-70.31,-557.88,-99.63,50.61
393,-16.6,-333.9,-113.36,31.49
394,-70.58,-543.62,-114.18,48.32
395,-36.74,-543.71,-112.6,35.4
396,60.37,-276.49,-114.13,37.77
397,-46.96,-579.77,-101.91,67.71
398,0.27,-537.5,-102.32,65.5
399,-58.66,-458.59,-108.68,45.84
400,29.65,-468.32,-109.49,39.92
401,-13.18,-471.14,-112.57,31.24
402,8.5,-501.37,-107.25,53.02
403,-54.13,-450.72,-108.84,44.51
404,-21.19,-410.86,-101.74,54.92
405,-43.59,-604.05,-123.36,30.58
406,28.37,-391.08,-109.49,54.67
407,-88.41,-520.91,-106.98,42.25
408,76.94,-42.49,-126.24,0.64
409,-72.19,-657.31,-119.36,44.81
410,-36.77,-575.4,-96.13,72.94
411,79.39,-317.17,-120.39,32.69
412,-48.41,-567.53,-113.27,42.09
413,17.08,-606.3,-101.26,61.23
414,-57.21,-626.07,-121.25,29.9
415,-67.7,-392.82,-113.9,46.38
416,95.58,-230.9,-110.67,47.06
417,-108.93,-630.55,-103.49,49.85
418,-29.89,-584.61,-116.83,33.59
419,-6.4,-504.24,-110.17,39.97
420,9.01,-332.15,-121.37,31.4
421,31.09,-281.38,-108.64,49.32
422,-56.95,-805.65,-120.65,34.39
423,-74.88,-200.79,-107.11,45.27
424,35.59,-718.52,-103.2,72.81
425,-94.61,-476.78,-114.75,45.61
426,45.43,-217.81,-124.75,20.26
427,-5.53,-400.14,-114.39,40.19
428,-67.08,-631.56,-107.78,57.61
429,-15.08,-408.88,-110.99,50.88
430,60.35,-633.71,-110.31,61.24
431,-30.86,-460.13,-108.39,44.18
432,-23.39,-590.52,-128.75,29.31
433,56.38,-168.43,-103.91,53.56
434,-12.96,-696.51,-112.69,48.63
435,-9.78,-515.3,-113.13,46.63
436,-37.71,-276.83,-125.57,19.68
437,41.62,-583.93,-103.46,69.52
438,-109.9,-429.67,-110.86,50.32
439,-105.84,-653.13,-114.77,38.06
440,65.45,-365.38,-112.37,43.24
441,-227.79,-505.97,-128.88,11.49
442,223.07,-226.76,-110.66,52.64
443,13.54,-648.42,-104.62,69.71
444,-12.3,-598.11,-115.04,33.28
445,-21.93,-381.51,-115.52,33.3
446,-2.68,-553.85,-94.26,50.29
447,-43.05,-542.28,-112.73,38.55
448,-87.03,-566.01,-117.99,32.85
449,-96.52,-80.02,-115.06,34.29
450,21.78,-642.85,-121.05,29.18
451,21.52,-426.86,-103.27,43.08
452,28.82,-607.12,-109.22,44.04
453,26.8,-336.5,-110.16,48.77
454,-3.21,-552.13,-107.37,45.34
455,7.99,-502.75,-108.92,38.52
456,-65.08,-488.64,-109.63,35.78
457,-32.66,-492.17,-118.54,28.41
458,-17.68,-406.63,-108.23,48.97
459,17.84,-454.22,-126.54,15.14
460,-22.01,-377.44,-102.97,57.14
461,-63.6,-606.48,-107.96,43.65
462,41.68,-497.75,-111.08,49.87
463,4.09,-573.82,-112.36,42.53
464,-1.45,-519.91,-114.72,38.86
465,-13.29,-504.42,-122.85,31.24
466,-328.54,-265.86,-127.84,-3.75
467,109.29,-238.38,-114.09,49.86
468,123.16,-624.93,-107.27,57.3
469,-22.57,-532.16,-118.75,33.61
470,28.87,-501.54,-105.11,57.33
471,-10.97,-563.06,-112.71,40.93
472,-15.94,-501.13,-104.43,43.2
473,-14.5,-499.41,-112.17,38.45
474,-17.07,-497.91,-111.03,33.33
475,-42.81,-605.66,-119.99,21.85
476,66.84,240.17,-135.38,-8.31
477,-29.1,240.04,-88.64,74.98
478,-81.72,457.59,-97.19,35.64
479,-74.44,686.51,-127.63,6.18
480,16.51,584.4,-100.95,56.97
481,-3.83,207.58,-103.07,49.71
482,-0.48,439.25,-108.27,42.41
483,7.16,467.93,-101.08,36.0
484,7.6,444.91,-106.56,29.95
485,-30.79,468.77,-105.77,34.38
486,-35.22,480.54,-97.24,38.18
487,-49.5,477.8,-100.21,35.66
488,-204.85,516.53,-102.03,31.07
489,-1.07,459.83,-122.37,2.35
490,87.69,917.24,-101.07,40.02
491,97.93,439.17,-118.99,37.6
492,-28.03,311.76,-108.6,31.5
493,7.38,523.06,-97.23,47.96
494,-65.4,481.01,-105.63,34.4
495,46.76,681.57,-112.89,15.1
496,-92.5,430.9,-101.23,36.41
497,-3.9,631.82,-105.31,15.99
498,36.75,414.76,-102.84,52.73
499,-15.16,439.17,-99.73,52.33
500,-103.0,502.79,-102.28,35.87
501,-93.59,535.66,-114.89,26.28
502,134.62,439.8,-116.62,32.15
503,-13.29,493.04,-99.49,47.99
504,-104.58,513.29,-110.3,26.08
505,8.55,438.39,-110.33,31.51
506,35.29,540.22,-96.88,48.45
507,37.93,617.16,-105.93,40.26
508,-70.15,361.82,-107.88,32.04
509,-101.08,638.5,-105.5,31.54
510,38.99,444.92,-104.86,46.99
511,23.99,517.98,-115.6,31.51
512,-14.91,497.45,-110.87,35.56
513,-71.45,375.16,-116.54,17.64
514,-19.85,621.68,-97.65,50.68
515,-60.8,488.55,-102.47,36.96
516,-17.76,616.89,-107.31,36.31
517,59.79,434.65,-105.57,43.51
518,-58.53,503.77,-107.45,37.2
519,-37.23,390.26,-93.63,44.07
520,-77.99,438.87,-113.25,19.94
521,34.06,554.26,-86.28,64.68
522,-11.09,569.05,-107.48,22.77
523,57.41,535.79,-120.1,16.84
524,-52.26,576.01,-128.09,4.53
525,-8.2,529.83,-94.48,54.38
526,-41.53,485.9,-106.32,22.64
527,-5.24,637.37,-106.87,36.5
528,-58.9,463.18,-105.29,39.72
529,19.76,476.54,-102.09,41.14
530,-95.65,254.08,-114.68,25.04
531,-123.29,720.92,-101.31,38.38
532,62.4,438.82,-107.87,43.49
533,96.47,645.39,-101.73,40.31
534,-0.71,395.47,-105.23,39.08
535,-6.73,603.07,-110.57,33.71
536,-22.79,440.37,-108.95,20.26
537,-34.1,480.89,-108.1,30.03
538,-59.86,489.05,-104.18,37.58
539,-6.32,521.85,-114.46,22.04
540,40.19,661.94,-108.82,35.74
541,-42.12,301.03,-110.71,31.86
542,-5.44,523.24,-116.77,24.72
543,-99.91,685.43,-102.71,27.27
544,-109.87,386.96,-88.3,42.13
545,88.91,480.59,-119.6,19.11
546,38.32,550.11,-106.2,36.65
547,-22.59,530.38,-106.82,34.65
548,-71.45,540.72,-109.67,24.25
549,40.27,391.08,-97.92,48.42
550,-0.46,503.76,-106.64,34.29
551,-41.37,370.47,-114.36,24.22
552,-24.36,845.73,-103.97,17.52
553,-191.25,293.25,-107.88,34.86
554,128.03,606.86,-116.46,30.25
555,-113.58,511.53,-106.71,26.8
556,119.95,638.18,-112.58,25.94
557,5.51,365.37,-102.81,35.73
558,-19.48,336.48,-99.88,39.96
559,-54.91,658.88,-104.54,20.16
560,29.6,-569.7,-109.87,23.03
561,-73.65,-310.85,-109.52,27.59
562,46.23,-346.42,-110.27,24.53
563,-130.69,-649.28,-102.26,37.06
564,-20.55,-372.26,-103.65,28.68
565,64.27,-608.86,-97.48,40.78
566,-13.59,-537.45,-95.84,32.2
567,-85.68,-657.64,-116.57,13.7
568,-79.9,-396.75,-100.82,37.29
569,71.11,-351.03,-112.42,19.63
570,8.77,-322.63,-97.68,43.76
571,-66.61,-543.52,-99.85,38.8
572,41.87,-343.98,-106.69,35.93
573,-15.2,-628.79,-102.97,39.47
574,-11.63,-551.07,-106.43,35.83
575,-23.88,-531.91,-101.9,33.07
576,-44.48,-493.59,-98.24,38.22
577,-131.09,-750.28,-121.77,14.88
578,-38.52,46.21,-115.84,26.84
579,143.93,-482.63,-103.26,51.69
580,-97.03,-378.52,-100.21,45.72
581,-44.99,-609.85,-114.05,34.81
582,80.77,-555.63,-110.86,24.78
583,-21.77,-590.4,-110.41,35.4
584,-34.57,-587.38,-104.72,39.74
585,-21.48,-474.47,-104.68,32.72
586,-27.85,-471.51,-92.93,45.21
587,-19.85,-497.49,-114.56,37.66
588,-42.71,-513.33,-98.93,46.83
589,-196.19,-406.18,-122.58,10.0
590,125.69,-126.33,-126.97,27.56
591,59.58,-574.7,-124.78,29.62
592,-9.55,-490.59,-103.78,56.31
593,-3.52,-506.02,-103.39,51.16
594,-13.07,-590.12,-104.52,46.51
595,-25.46,-533.51,-107.34,44.11
596,-32.92,-515.73,-107.53,35.65
597,-64.15,-534.61,-107.18,33.39
598,-128.87,-402.54,-114.23,35.2
599,24.6,-320.9,-111.55,36.57
600,117.98,-371.63,-117.44,34.01
601,-31.7,-634.66,-121.0,25.01
602,-38.9,-350.64,-115.99,28.89
603,-25.64,-286.25,-115.75,36.59
604,50.05,-513.64,-106.44,53.96
605,-46.81,-459.22,-109.92,26.31
606,-41.59,-644.01,-106.61,38.64
607,-29.18,-443.05,-108.86,51.16
608,9.22,-547.87,-108.52,51.35
609,0.58,-513.7,-102.4,49.38
610,-44.47,-526.09,-104.22,42.54
611,-123.79,-447.7,-102.45,45.34
612,88.27,-494.99,-114.13,36.5
613,-7.29,-507.27,-104.54,41.61
614,-96.48,-426.97,-108.13,39.8
615,-42.34,-439.37,-114.71,24.09
616,75.2,-524.04,-109.82,43.88
617,12.2,-425.99,-101.25,51.9
618,-7.89,-219.95,-109.49,33.03
619,-59.23,-545.45,-103.51,38.53
620,-15.2,-612.25,-112.97,37.89
621,9.4,-332.19,-106.27,40.67
622,-17.52,-473.46,-111.04,30.72
623,-11.43,-498.23,-101.7,50.97
624,5.97,-413.3,-118.41,29.94
625,-244.29,-435.96,-102.4,54.23
626,100.62,-683.66,-112.96,37.61
627,11.26,-561.99,-111.53,21.58
628,33.9,-94.6,-99.86,37.39
629,20.77,-530.72,-113.34,44.86
630,-40.53,-557.03,-118.21,24.95
631,-54.77,-592.75,-95.36,61.91
632,-11.19,-539.4,-108.35,33.43
633,25.2,-303.61,-105.85,38.0
634,-34.4,-534.84,-115.36,36.54
635,-55.65,-385.15,-119.33,22.55
636,16.48,-572.48,-107.55,49.46
637,-27.04,-576.69,-112.56,23.73
638,-161.08,-454.76,-97.32,45.39
639,154.34,-326.7,-119.4,33.89
640,-231.04,-560.48,-115.15,27.46
641,121.01,-483.78,-112.04,37.69
642,-57.12,-516.37,-100.67,32.74
643,20.62,-219.43,-107.43,34.93
644,-32.19,-643.15,-96.73,49.44
645,-1.39,-499.17,-122.55,21.59
646,1.28,-416.49,-108.14,29.1
647,-82.17,-400.32,-110.32,40.99
648,31.77,-549.23,-109.71,39.33
649,14.45,-534.95,-120.38,29.62
650,-20.36,-415.83,-106.69,32.24
651,-60.13,-578.67,-108.76,53.11
652,1.85,-533.43,-100.51,44.07
653,-33.17,-227.8,-114.56,27.34
654,-165.95,-665.06,-105.54,35.97
655,95.0,-417.35,-115.67,34.39
656,62.43,-426.51,-112.05,35.18
657,-86.19,-594.83,-97.15,50.32
658,-65.25,-449.72,-103.24,37.95
659,-101.04,-408.47,-113.79,23.86
660,104.86,-460.85,-108.96,43.61
661,-104.87,-659.37,-113.66,32.42
662,36.61,-376.09,-107.72,43.35
663,78.84,-297.9,-117.74,28.0
664,-17.99,-505.75,-105.96,45.62
665,-41.14,-589.06,-103.68,40.85
666,-122.32,-387.0,-100.99,38.85
667,24.85,-576.47,-109.12,36.3
668,-31.11,-524.87,-103.71,42.88
669,-0.09,-503.19,-108.31,35.28
670,-59.18,-566.16,-101.11,32.81
671,-18.1,-370.34,-112.62,33.82
672,-45.92,-245.31,-102.36,38.72
673,26.22,-564.2,-131.95,14.36
674,-33.0,-490.44,-97.75,65.42
675,-55.53,-724.96,-116.88,27.11
676,-38.95,-281.8,-102.35,40.35
677,3.63,-424.05,-113.0,25.99
678,32.16,-553.31,-107.88,53.36
679,-52.1,-501.79,-120.32,19.91
680,-62.75,-193.75,-101.59,49.52
681,69.03,-615.31,-108.94,38.8
682,-1.52,-560.0,-116.66,32.22
683,-27.74,-536.08,-101.31,49.07
684,-57.56,-532.74,-114.67,32.07
685,-106.13,-497.83,-103.35,41.38
686,55.33,-463.26,-107.64,32.76
687,-16.99,-330.39,-120.55,13.43
688,-9.61,-457.83,-108.24,42.12
689,-29.93,-478.52,-98.85,51.31
690,-4.02,-519.59,-116.94,33.98
691,12.14,-485.4,-108.34,39.12
692,-22.7,-508.31,-103.45,41.92
693,-173.84,-618.79,-112.44,11.18
694,-6.08,-129.65,-110.04,31.85
695,58.54,-632.88,-88.97,65.52
696,25.81,-393.24,-104.21,28.69
697,-50.05,-511.69,-103.13,39.87
698,32.27,-466.41,-98.53,45.82
699,-8.16,-549.9,-100.96,40.78
700,-8.05,-504.21,-102.91,34.58
701,-22.77,-515.15,-104.84,40.02
702,-29.74,-497.43,-108.52,37.71
703,-61.09,-324.21,-120.95,11.71
704,-124.27,-486.3,-122.21,13.55
705,-22.55,-323.74,-98.2,48.23
706,147.89,-398.83,-116.52,29.65
707,-110.25,-705.77,-101.2,51.25
708,-17.37,-350.55,-104.66,40.49
709,52.91,-483.36,-110.17,39.87
710,-12.61,-531.93,-99.7,57.24
711,-20.25,-609.57,-107.68,33.16
712,-11.92,-500.65,-98.08,46.35
713,-37.62,-564.3,-106.73,33.95
714,-61.24,-547.45,-116.21,27.12
715,-43.83,-38.61,-122.13,3.54
716,-0.3,-523.48,-80.49,79.85
717,-45.71,-588.25,-104.54,44.45
718,-23.8,-631.97,-111.76,23.17
719,76.39,-326.0,-97.18,38.03
720,27.15,-552.26,-102.11,47.95
721,-17.78,-515.82,-109.1,41.71
722,-36.98,-501.65,-107.27,41.37
723,-44.56,-508.25,-104.6,39.22
724,-208.44,-420.76,-107.44,8.77
725,88.52,-44.95,-123.28,2.94
726,189.6,-253.74,-121.16,27.62
727,-55.49,-866.8,-78.2,106.76
728,-66.34,-573.02,-103.35,44.61
729,6.68,-436.44,-102.49,47.99
730,-0.88,-495.87,-102.03,41.51
731,-44.07,-616.18,-107.11,43.02
732,-47.19,-285.47,-102.63,28.97
733,-11.46,-728.49,-112.96,34.56
734,16.79,-418.72,-113.69,33.89
735,37.7,-361.95,-106.28,42.54
736,-47.55,-555.16,-100.43,50.65
737,-91.49,-538.85,-102.72,38.87
738,-36.05,-420.26,-114.57,20.36
739,-17.32,-429.53,-93.09,49.88
740,-32.11,-598.33,-102.76,36.92
741,44.39,-359.32,-120.66,19.66
742,-46.48,-599.29,-102.57,45.91
743,12.06,-368.76,-107.83,35.37
744,-10.62,-532.65,-96.33,51.61
745,-8.07,-362.07,-107.64,29.18
746,-25.3,-646.77,-95.34,51.8
747,-8.82,-459.84,-105.58,33.3
748,26.61,-406.51,-104.06,45.97
749,-13.16,-528.68,-103.43,32.47
750,-17.1,-372.03,-94.56,54.08
751,-6.42,-549.11,-104.75,34.1
752,-47.87,-593.27,-97.42,45.59
753,-17.79,-504.54,-98.33,35.41
754,-7.09,-462.26,-97.25,30.56
755,-71.59,-444.52,-105.41,32.93
756,16.37,-333.11,-109.28,28.66
757,-23.62,-601.65,-91.12,49.71
758,-39.6,-582.93,-112.16,25.55
759,-111.28,-357.26,-105.89,21.89
760,83.54,-488.74,-98.98,40.34
761,22.47,-594.23,-95.11,46.02
762,19.39,-519.79,-108.85,23.22
763,-77.94,-121.87,-94.63,35.59
764,37.47,-727.91,-105.39,40.35
765,-22.05,-544.05,-100.42,35.6
766,11.0,-431.95,-107.55,28.67
767,-18.88,-410.87,-98.76,35.41
768,12.19,-442.19,-104.62,31.85
769,-42.03,-613.21,-101.18,30.87
770,-208.61,-519.56,-95.98,29.73
771,66.23,-347.38,-104.82,35.43
772,73.92,-545.06,-97.24,38.29
773,-26.33,-332.51,-102.31,27.74
774,-19.06,-521.46,-114.36,7.17
775,17.01,-476.81,-78.84,56.25
776,12.95,-336.71,-97.1,32.54
777,-38.84,-453.65,-114.2,15.94
778,-72.29,-605.48,-105.97,39.45
779,24.94,-494.03,-103.4,34.54
780,-142.01,-586.23,-97.42,30.04
781,30.68,-361.8,-105.28,28.51
782,47.87,-338.97,-96.27,47.88
783,-9.81,-615.18,-111.55,30.7
784,-71.17,-510.26,-108.26,25.0
785,-88.31,-428.41,-105.96,27.21
786,-12.42,-522.74,-107.64,27.71
787,61.5,-481.99,-100.64,43.89
788,21.66,-431.93,-102.23,40.02
789,-51.6,-431.74,-95.27,30.86
790,-64.45,-264.1,-105.76,25.7
791,12.25,-656.58,-100.33,31.62
792,37.32,-449.04,-104.03,27.48
793,-4.65,-468.47,-97.92,26.04
794,-61.76,-468.54,-102.19,34.17
795,-35.76,-700.65,-109.31,27.03
796,-69.84,-242.96,-93.95,39.18
797,81.05,-608.86,-105.69,20.2
798,-53.03,-462.3,-94.87,42.39
799,-22.99,-475.5,-105.09,29.23
800,5.92,-299.15,-110.43,29.15
801,-71.13,-662.61,-107.09,27.3
802,6.34,-320.61,-104.41,26.41
803,33.3,-530.55,-98.48,30.85
804,-9.76,-478.19,-109.84,23.21
805,-72.65,-502.68,-98.71,42.2
806,-4.54,-640.54,-109.02,21.22
807,0.01,-405.45,-95.6,34.8
808,18.08,-337.48,-113.27,20.9
809,-12.51,-526.81,-101.28,27.81
810,-54.03,-362.03,-102.77,36.96
811,-41.92,-549.88,-101.59,34.3
812,-75.15,-535.73,-101.7,27.64
813,48.4,-524.69,-107.37,30.18
814,-2.06,-189.23,-99.03,31.7
815,-61.73,-676.69,-99.32,30.7
816,-79.31,-636.26,-105.56,18.1
817,35.94,-386.59,-98.78,27.71
818,38.05,-422.67,-98.38,34.37
819,-60.94,-486.74,-103.89,21.42
820,45.39,-168.35,-108.15,10.53
821,-47.74,-641.29,-103.23,27.0
822,-5.44,-631.87,-100.13,35.6
823,-84.51,-509.01,-96.9,23.54
824,52.03,-464.44,-104.9,15.43
825,-31.1,-330.46,-98.08,28.2
826,-18.41,-555.07,-92.37,30.33
827,14.33,-461.13,-100.32,24.62
828,-44.86,-566.58,-92.04,39.07
829,-46.22,-413.78,-96.8,31.05
830,47.6,-432.46,-87.02,29.62
831,-35.73,-493.31,-95.95,24.07
832,-14.14,-544.47,-92.5,31.13
833,-32.81,-506.84,-93.76,30.4
834,5.54,-399.76,-107.78,15.22
835,-45.42,-466.46,-88.99,28.82
836,-24.21,-412.3,-97.58,22.1
837,-32.41,-562.23,-96.82,21.93
838,-5.55,-464.05,-89.74,39.34
839,8.03,-452.27,-99.33,25.61
840,-121.31,-413.66,-95.99,23.95
841,80.83,-450.18,-95.16,30.89
842,-73.0,-657.15,-95.1,25.74
843,31.78,-338.25,-94.4,31.69
844,-4.36,-502.67,-94.36,40.69
845,-4.05,-485.66,-95.61,34.06
846,-30.43,-520.55,-89.25,30.96
847,-82.21,-466.52,-85.58,36.83
848,4.45,-565.54,-97.03,29.83
849,43.79,-243.83,-94.73,27.35
850,-24.15,-391.86,-106.22,12.56
851,-66.99,-550.35,-93.6,35.47
852,66.73,-389.82,-90.88,35.66
853,-38.24,-639.13,-94.85,31.22
854,-17.65,-519.66,-85.4,42.98
855,-128.97,-474.8,-90.21,29.83
856,-29.52,-309.4,-96.12,24.54
857,65.61,-597.79,-97.5,37.9
858,21.41,-219.57,-97.94,22.79
859,25.01,-503.59,-87.42,39.39
860,-98.89,-598.04,-90.35,36.24
861,-5.45,-560.37,-93.31,33.59
862,-9.84,-467.5,-81.73,39.34
863,-16.75,-455.82,-88.54,36.03
864,-63.33,-478.77,-86.01,26.62
865,-33.54,-483.43,-92.47,20.04
866,-74.57,-412.41,-98.45,12.48
867,-7.02,-309.22,-85.97,34.01
868,23.04,-639.69,-85.41,34.77
869,-14.28,-464.89,-81.0,34.21
870,-147.88,-398.35,-84.26,27.88
871,36.19,-418.59,-106.85,7.03
872,79.23,-570.37,-93.39,35.07
873,-138.34,-408.36,-92.39,25.52
874,-43.85,-419.78,-106.85,-0.46
875,91.23,-481.5,-86.57,39.12
876,-18.31,-446.6,-86.02,34.82
877,3.08,-536.39,-96.08,16.05
878,-1.41,-394.24,-94.08,23.5
879,-4.38,-404.16,-90.56,19.09
880,-5.26,-641.49,-85.58,21.51
881,-62.03,-535.24,-86.89,29.18
882,-41.02,-466.79,-97.29,13.75
883,41.58,-409.41,-92.88,12.86
884,-209.43,-454.43,-88.06,17.62
885,-48.93,-564.27,-101.33,5.87
886,-1.03,-363.51,-92.63,27.06
887,163.34,-367.09,-91.11,13.94
888,25.63,-474.59,-91.2,23.71
889,-38.83,-334.49,-100.13,2.33
890,-47.14,-552.54,-94.89,15.8
891,-19.48,-636.87,-89.78,26.78
892,12.87,-358.5,-87.07,18.38
893,-47.68,-163.97,-89.12,5.14
894,15.26,-444.06,-87.97,19.88
895,56.36,-555.27,-92.94,8.19
896,-88.08,-704.21,-71.22,31.7
897,-63.11,-616.54,-88.72,13.92
898,-10.83,-192.58,-83.36,23.18
899,-25.07,-612.88,-80.75,27.66
900,6.69,-477.01,-76.94,17.63
901,-28.68,-620.37,-96.97,2.48
902,23.42,-419.37,-79.99,28.23
903,61.1,-202.64,-82.32,13.29
904,-84.84,-601.97,-87.53,18.62
905,-179.18,-514.99,-73.9,22.28
906,75.78,-379.03,-94.72,9.43
907,-28.52,-632.95,-88.8,15.14
908,-62.46,-525.93,-90.1,15.59
909,15.4,-273.44,-79.09,25.8
910,44.96,-533.57,-82.6,10.92
911,13.34,-396.61,-84.83,13.79
912,-154.11,-455.35,-84.35,15.15
913,111.47,-412.39,-83.83,12.69
914,-107.19,-612.66,-73.85,31.51
915,61.06,-546.21,-76.19,27.75
916,-17.53,-503.11,-77.4,20.26
917,19.07,-424.52,-83.44,7.25
918,-16.17,-546.42,-86.18,20.15
919,-50.8,-446.13,-90.51,4.99
920,-36.97,-329.13,-84.8,20.58
921,36.66,-291.37,-79.79,34.04
922,-165.36,-590.91,-82.15,26.4
923,103.54,-555.74,-82.77,33.16
924,15.67,-543.12,-84.1,32.19
925,5.96,-502.31,-83.63,27.73
926,-24.61,-513.21,-89.05,27.65
927,-16.72,-500.22,-87.68,26.91
928,-28.98,-535.55,-90.41,11.74
929,-128.25,-185.36,-108.67,-14.78
930,-58.01,-380.75,-72.19,45.51
931,-3.3,-532.71,-87.91,39.3
932,140.92,-544.19,-90.8,12.01
933,-20.76,-605.54,-78.96,36.7
934,-41.76,-480.24,-85.77,32.61
935,40.9,-420.33,-84.35,35.59
936,-56.18,-498.39,-77.63,33.23
937,-10.91,-534.29,-81.48,31.65
938,-8.47,-477.07,-76.32,30.81
939,-15.96,-475.39,-82.15,28.8
940,-22.66,-479.05,-80.29,24.02
941,-24.45,-479.98,-86.44,23.52
942,-179.42,-245.65,-92.34,3.84
943,146.55,-295.41,-106.12,20.16
944,-79.97,-570.17,-66.54,53.32
945,114.81,-264.81,-87.15,22.02
946,-18.75,-617.44,-80.22,34.37
947,-29.33,-647.58,-85.98,35.14
948,-6.66,-578.09,-82.45,29.2
949,-21.28,-515.73,-80.01,31.51
950,-35.06,-493.15,-82.58,33.05
951,-36.18,-484.82,-74.77,27.43
952,-117.2,-476.99,-76.48,27.64
953,27.16,-483.08,-88.21,16.71
954,-83.83,-426.75,-87.03,5.01
955,73.98,-427.27,-85.45,31.52
956,54.02,-166.84,-72.32,28.43
957,9.97,-569.5,-98.31,11.57
958,-72.33,-694.1,-78.74,25.33
959,-9.16,-479.68,-73.24,40.26
960,0.96,-485.83,-74.9,37.93
961,-4.32,-481.06,-83.54,26.62
962,-22.88,-490.95,-85.18,26.3
963,-16.59,-485.53,-86.1,28.57
964,-8.14,-489.85,-87.38,29.23
965,-72.76,-475.55,-82.1,31.29
966,-92.86,-447.78,-83.02,28.85
967,-86.44,-352.17,-84.84,18.3
968,221.59,-23.9,-105.34,4.01
969,-154.49,-911.15,-83.99,35.76
970,-20.1,-480.9,-77.51,35.8
971,46.62,-578.38,-76.66,36.59
972,-11.79,-433.47,-83.81,20.94
973,-2.58,-460.66,-85.29,29.06
974,15.34,-304.28,-85.08,23.98
975,-13.69,-588.45,-81.41,33.35
976,-39.47,-559.27,-83.78,21.59
977,-59.44,-481.69,-81.85,34.01
978,30.42,-329.74,-82.98,28.73
979,-129.82,-590.66,-74.34,32.73
980,80.54,-545.99,-89.52,25.17
981,-29.66,-463.86,-80.14,33.19
982,-48.78,-439.48,-79.65,30.91
983,5.57,-547.84,-86.2,21.19
984,2.2,-318.91,-82.08,18.25
985,-4.82,-451.5,-84.25,19.08
986,-38.43,-566.35,-80.24,28.12
987,-18.7,-218.62,-81.48,25.43
988,-18.19,-693.69,-67.94,38.98
989,-65.8,-429.26,-74.42,22.18
990,-30.04,-625.65,-92.53,11.05
991,-34.05,-355.99,-74.99,41.3
992,105.54,-452.66,-81.32,27.45
993,-25.1,-470.45,-85.36,30.65
994,-29.22,-614.14,-76.82,28.53
995,-15.74,-510.1,-77.48,22.85
996,-154.2,-357.24,-85.54,-3.35
997,86.59,-215.67,-86.86,15.19
998,47.08,-553.42,-70.42,47.31
999,-82.64,-562.76,-71.8,32.85
1000,-11.76,-495.36,-86.14,15.66
1001,-7.42,-490.56,-95.6,15.82
1002,11.79,-558.96,-79.26,32.03
1003,-71.44,-466.13,-76.44,26.66
1004,-71.3,-528.31,-83.72,27.68
1005,42.85,-402.88,-91.58,26.37
1006,-6.18,-295.5,-86.58,23.96
1007,-127.73,-509.41,-82.67,33.25
1008,63.9,-519.97,-84.25,28.94
1009,-9.63,-528.99,-88.14,29.88
1010,-61.24,-506.61,-77.9,26.2
1011,44.12,-203.81,-93.63,19.96
1012,-102.91,-711.01,-91.7,20.35
1013,24.92,-437.99,-95.07,27.82
1014,28.02,-344.4,-83.3,33.75
1015,-26.52,-487.34,-80.82,32.03
1016,-14.43,-392.34,-83.99,27.24
1017,-42.89,-671.69,-83.78,30.23
1018,-2.47,-418.38,-90.72,20.13
1019,-7.23,-566.48,-83.53,30.28
1020,-87.38,-464.42,-77.88,26.32
1021,31.8,-381.44,-90.07,6.65
1022,-67.4,-568.32,-85.23,17.67
1023,19.11,-374.85,-84.84,26.62
1024,-0.35,-418.82,-79.66,33.45
1025,-28.69,-483.42,-77.41,20.69
1026,-84.71,-566.94,-84.83,14.37
1027,7.0,-372.67,-92.07,14.48
1028,-32.08,-473.96,-86.8,21.54
1029,-42.4,-550.44,-90.49,28.0
1030,-25.08,-508.61,-90.93,21.67
1031,-76.42,-490.83,-94.31,-2.23
1032,147.06,-57.29,-82.77,30.35
1033,-37.27,-693.57,-73.08,40.95
1034,-65.74,-629.74,-75.74,26.44
1035,-29.16,-395.91,-82.61,17.18
1036,-39.82,-508.58,-75.86,30.46
1037,-69.93,-361.16,-83.99,12.27
1038,-14.84,-664.46,-90.29,13.63
1039,-233.85,-247.08,-83.55,21.83
1040,309.92,-316.64,-90.83,18.65
1041,-34.16,-651.34,-71.34,55.03
1042,-18.33,-558.29,-77.63,29.3
1043,-10.78,-467.99,-80.6,23.39
1044,-51.15,-412.88,-80.8,24.71
1045,-15.18,-611.83,-76.94,20.83
1046,-43.94,-449.64,-79.65,34.11
1047,-13.86,-501.56,-73.02,34.73
1048,-14.77,-367.83,-76.45,21.62
1049,-56.79,-464.23,-81.79,22.01
1050,-110.06,-568.93,-83.07,29.16
1051,-87.97,-379.03,-88.41,16.65
1052,74.42,-442.69,-79.85,21.85
1053,40.99,-553.11,-75.16,28.9
1054,43.24,-322.28,-80.83,27.79
1055,-146.63,-555.91,-92.4,11.13
1056,45.15,-463.01,-68.11,43.56
1057,-17.08,-359.25,-89.6,19.49
1058,-41.71,-653.01,-94.16,25.2
1059,-26.69,-520.37,-81.55,36.95
1060,-51.03,-470.35,-80.4,31.48
1061,-70.17,-483.42,-84.09,31.52
1062,42.72,-507.25,-90.75,14.23
1063,-60.71,-313.42,-87.68,25.58
1064,12.07,-595.84,-89.03,21.61
1065,12.25,-365.09,-98.67,13.45
1066,-70.12,-411.35,-77.26,40.77
1067,17.68,-539.7,-86.99,28.14
1068,1.41,-435.36,-87.77,20.43
1069,-117.68,-615.19,-93.94,19.74
1070,-7.0,-541.23,-86.83,32.47
1071,16.17,-364.19,-91.24,21.76
1072,-10.08,-527.71,-86.46,33.37
1073,-64.27,-421.56,-84.88,31.83
1074,-31.63,-338.03,-86.39,28.53
1075,15.39,-618.97,-95.26,16.43
1076,-60.17,-443.28,-83.19,30.6
1077,-23.9,-649.96,-89.77,18.23
1078,21.8,-268.13,-88.9,33.68
1079,-5.68,-519.41,-77.31,39.41
1080,-4.57,-497.84,-92.84,23.1
1081,-113.51,-535.22,-84.04,28.41
1082,13.25,-312.19,-88.73,20.31
1083,19.95,-619.59,-87.57,27.92
1084,-34.79,-488.45,-84.41,33.69
1085,-87.33,-474.49,-85.58,21.8
1086,-33.92,-353.58,-91.63,15.69
1087,41.17,-620.92,-94.46,25.08
1088,-0.79,-479.76,-97.44,21.35
1089,5.09,-392.54,-94.34,18.97
1090,-30.66,-416.2,-98.45,16.38
1091,-110.81,-509.85,-93.98,34.68
1092,57.91,-553.1,-96.02,27.63
1093,-61.73,-544.29,-85.16,31.77
1094,-112.21,-362.05,-110.45,-13.05
1095,110.01,-441.68,-78.64,50.84
1096,2.25,-537.04,-82.1,31.54
1097,-89.84,-370.64,-93.65,15.48
1098,18.38,-578.89,-89.36,29.53
1099,29.67,-427.68,-90.57,24.14
1100,-69.59,-598.07,-84.92,27.54
1101,-20.83,-454.56,-88.66,23.75
1102,-150.41,-415.71,-90.92,16.41
1103,57.11,-393.29,-99.2,21.06
1104,12.3,-581.2,-85.26,41.78
1105,-29.75,-556.64,-90.15,32.6
1106,-108.8,-412.24,-84.92,33.52
1107,5.16,-441.43,-96.69,29.92
1108,26.23,-488.78,-100.76,14.73
1109,-27.33,-473.83,-85.39,43.7
1110,6.87,-235.97,-99.44,13.02
1111,3.63,-669.44,-93.93,32.62
1112,-2.12,-446.98,-81.93,35.99
1113,-56.1,-541.36,-88.47,28.34
1114,-40.65,-393.14,-93.92,22.48
1115,-62.91,-596.52,-92.98,30.09
1116,-14.33,-586.69,-100.58,24.18
1117,-73.65,-432.9,-80.45,45.37
1118,-50.33,-489.31,-90.64,33.97
1119,-47.17,-480.13,-90.83,35.49
1120,63.84,-421.43,-103.2,30.07
1121,-38.26,-127.8,-105.11,20.65
1122,73.7,-516.18,-94.44,37.47
1123,-28.63,-671.11,-95.09,36.89
1124,-170.88,-561.01,-98.09,18.04
1125,15.23,-560.95,-88.68,37.85
1126,23.92,-382.03,-85.51,32.86
1127,8.1,-489.45,-93.72,32.25
1128,46.21,-71.99,-102.86,13.7
1129,-146.66,-770.13,-90.26,33.62
1130,31.82,-370.55,-87.83,32.22
1131,-22.19,-642.6,-92.49,28.1
1132,-31.97,-574.04,-97.62,26.46
1133,-9.33,-555.14,-111.46,8.19
1134,-12.9,-407.12,-85.03,42.7
1135,22.93,-476.47,-87.78,26.35
1136,-62.19,-471.2,-87.47,13.6
1137,-17.43,-191.96,-93.45,13.89
1138,-50.65,-731.78,-93.04,21.55
1139,-42.94,-494.14,-92.78,26.84
1140,-23.21,-252.49,-91.58,28.29
1141,49.99,-607.88,-97.42,16.87
1142,-110.91,-596.99,-89.37,28.87
1143,124.46,-316.44,-95.52,18.9
1144,-9.27,-552.56,-88.64,26.69
1145,-45.18,-454.53,-93.62,25.12
1146,-32.34,-381.81,-88.21,17.53
1147,24.52,-521.59,-93.6,19.96
1148,-120.35,-478.28,-85.53,27.74
1149,9.36,-558.0,-101.37,15.01
1150,-76.71,-544.26,-87.77,23.16
1151,30.47,-547.13,-94.81,18.52
1152,36.13,-424.59,-87.9,35.45
1153,-11.97,-394.72,-98.25,25.48
1154,-32.12,-441.45,-106.67,10.39
1155,-70.42,-460.56,-83.04,26.51
1156,23.79,-432.89,-105.22,13.83
1157,32.94,-543.11,-90.12,38.55
1158,-35.41,-489.52,-94.54,23.7
1159,-117.43,-630.31,-100.41,21.52
1160,61.41,-440.47,-93.89,30.33
1161,11.91,-402.81,-97.12,31.32
1162,-90.13,-463.36,-100.04,16.47
1163,85.69,-126.4,-115.93,6.6
1164,-31.39,-774.05,-92.3,46.32
1165,-77.71,-468.74,-89.64,28.99
1166,-30.63,-519.64,-102.8,20.4
1167,45.48,-523.77,-89.53,27.58
1168,-0.04,-502.04,-95.43,22.38
1169,-33.47,-578.48,-94.7,24.63
1170,-40.71,-458.78,-90.59,29.78
1171,-99.98,-520.36,-93.55,27.0
1172,43.89,-371.87,-99.11,19.72
1173,-66.94,-403.56,-112.73,12.69
1174,-37.59,-481.33,-89.51,45.24
1175,9.5,-432.81,-98.88,16.9
1176,27.4,-468.36,-94.83,33.85
1177,12.03,-611.27,-99.46,35.43
1178,-15.26,-573.97,-95.68,28.87
1179,-63.76,-496.64,-94.96,37.56
1180,-154.67,-509.82,-100.69,31.44
1181,88.73,-570.17,-110.16,23.25
1182,-135.02,-160.02,-98.07,16.6
1183,193.52,-229.92,-114.81,6.1
1184,26.64,-716.62,-90.44,56.24
1185,-39.12,-407.69,-93.83,44.01
1186,-112.2,-596.21,-108.3,14.9
1187,34.65,-576.9,-101.51,26.48
1188,0.24,-500.62,-90.87,44.84
1189,-1.19,-428.94,-93.48,34.26
1190,-22.7,-554.09,-103.9,29.2
1191,-46.61,-490.19,-101.41,29.3
1192,-72.05,-508.75,-97.38,33.57
1193,-17.97,-435.89,-102.44,25.55
1194,22.42,-321.26,-111.91,12.23
1195,58.82,-524.23,-97.85,33.68
1196,-30.03,-396.93,-98.78,32.77
1197,-82.64,-519.97,-96.0,29.87
1198,-118.71,-552.4,-104.37,21.44
1199,56.28,-385.24,-101.09,22.61
1200,-10.78,-583.49,-90.55,37.67
1201,-29.43,-424.31,-99.26,24.22
1202,10.66,-444.61,-108.5,23.22
1203,10.05,-389.48,-108.57,9.81
1204,-16.14,-692.41,-84.36,35.02
1205,3.81,-383.7,-93.36,34.6
1206,-39.09,-509.2,-97.36,34.1
1207,-91.15,-495.4,-101.3,28.12
1208,76.28,-433.2,-101.14,23.53
1209,-101.24,-472.74,-88.35,25.25
1210,32.97,-380.75,-107.87,33.94
1211,18.76,-600.22,-105.32,28.75
1212,-27.6,-509.26,-106.82,30.24
1213,-34.68,-517.51,-97.53,37.44
1214,19.02,-519.79,-102.5,17.58
1215,-88.48,-306.06,-108.66,6.95
1216,64.27,-365.17,-92.44,51.5
1217,-57.83,-629.66,-97.65,36.17
1218,6.86,-378.14,-99.21,23.84
1219,-50.97,-563.56,-92.08,30.12
1220,-6.96,-602.92,-94.06,28.37
1221,-77.51,-494.89,-105.98,23.78
1222,-54.81,-668.9,-116.39,1.78
1223,10.31,-116.17,-92.96,38.75
1224,65.62,-505.47,-99.89,32.85
1225,-8.92,-605.11,-95.27,28.71
1226,-38.88,-265.03,-95.01,17.19
1227,-43.25,-704.8,-108.75,23.63
1228,-29.22,-476.68,-104.98,33.36
1229,-2.57,-349.82,-97.01,30.26
1230,5.26,-593.94,-98.55,28.14
1231,-0.14,-381.36,-105.41,15.89
1232,-5.15,-438.9,-94.08,16.79
1233,-70.9,-705.85,-97.51,38.57
1234,-19.34,-464.79,-94.74,30.82
1235,-30.09,-426.73,-116.27,16.93
1236,0.47,-330.83,-107.28,14.43
1237,-162.0,-649.6,-89.42,44.81
1238,25.05,-343.35,-99.09,25.01
1239,2.17,-478.23,-91.48,30.6
1240,32.58,-494.43,-96.69,26.98
1241,-9.77,-491.87,-96.64,27.69
1242,-52.29,-602.31,-97.37,30.52
1243,-39.78,-471.53,-105.08,23.76
1244,20.09,-422.37,-87.28,47.43
1245,-42.47,-491.72,-96.21,28.86
1246,-9.95,-476.93,-105.76,17.18
1247,-23.38,-513.11,-98.48,28.26
1248,-50.42,-427.34,-93.95,27.73
1249,65.64,-399.6,-110.8,18.95
1250,-5.6,-526.18,-100.01,24.2
1251,-93.79,-521.17,-95.49,37.95
1252,-123.26,-512.46,-105.19,22.29
1253,92.83,-390.72,-97.15,18.53
1254,-97.42,-367.93,-90.19,42.48
1255,69.04,-315.91,-96.27,27.02
1256,-11.69,-720.77,-104.57,25.08
1257,-23.33,-606.88,-101.77,24.49
1258,-46.33,-468.94,-88.11,45.08
1259,-6.23,-439.04,-100.59,21.43
1260,10.17,-466.01,-101.35,29.46
1261,-3.58,-185.79,-108.92,17.83
1262,-48.69,-730.37,-89.44,53.23
1263,10.38,-530.06,-98.56,34.89
1264,-46.29,-538.03,-93.04,35.2
1265,3.43,-280.07,-100.77,28.14
1266,-51.69,-486.34,-93.55,28.79
1267,-55.08,-686.97,-97.62,17.56
1268,4.5,-435.28,-87.91,40.58
1269,40.38,-418.66,-94.22,22.44
1270,-71.69,-360.49,-96.6,38.27
1271,6.12,-595.48,-85.03,42.09
1272,8.97,-367.59,-95.59,29.38
1273,-126.1,-487.97,-99.89,19.03
1274,70.49,-493.51,-93.7,43.78
1275,-10.82,-582.59,-93.97,30.79
1276,-21.24,-377.25,-87.72,38.13
1277,-20.33,-573.82,-96.89,30.01
1278,-39.84,-478.98,-93.76,22.46
1279,-6.38,-584.12,-90.47,27.86
1280,-38.62,-389.84,-96.69,22.35
1281,-13.9,-473.85,-92.19,29.01
1282,28.33,-484.3,-88.94,37.32
1283,-122.85,-584.69,-99.93,13.03
1284,6.34,-485.09,-86.8,47.81
1285,-71.46,-323.69,-81.69,42.3
1286,67.03,-581.73,-94.41,24.69
1287,17.83,-454.49,-93.04,25.26
1288,-116.34,-563.39,-93.47,27.98
1289,-16.77,-285.87,-105.4,11.3
1290,43.03,-599.29,-84.08,50.99
1291,17.86,-356.48,-98.39,18.63
1292,-60.73,-488.58,-93.65,24.38
1293,-42.87,-568.58,-85.23,39.12
1294,-22.19,-562.95,-89.91,29.6
1295,-17.68,-553.04,-108.36,25.63
1296,-2.86,-494.99,-90.1,39.64
1297,-1.68,-415.65,-97.7,32.89
1298,-106.86,-516.17,-99.53,27.83
1299,59.84,-259.93,-109.97,32.05
1300,-115.48,-704.68,-96.84,32.41
1301,78.95,-308.42,-106.68,32.31
1302,-1.87,-519.44,-96.62,38.44
1303,-63.08,-491.79,-91.66,43.55
1304,-83.01,-503.78,-99.49,31.26
1305,2.06,-500.67,-91.63,44.64
1306,6.9,-499.37,-98.64,41.45
1307,-56.54,-564.09,-103.38,38.43
1308,-19.34,-371.78,-113.34,22.68
1309,22.66,-478.48,-94.35,46.31
1310,-13.67,-375.04,-104.01,32.54
1311,-22.72,-647.38,-100.66,30.89
1312,-51.32,-498.09,-100.13,29.69
1313,2.72,-498.48,-103.43,30.53
1314,-155.1,-387.44,-96.34,24.39
1315,111.88,-353.46,-102.18,28.88
1316,16.68,-609.01,-99.58,32.05
1317,-10.55,-437.2,-101.39,29.21
1318,-21.9,-585.46,-114.7,20.74
1319,-132.15,-464.74,-98.68,42.07
1320,21.62,-526.84,-97.38,36.6
1321,-16.72,-477.96,-111.27,27.68
1322,-7.19,-373.37,-114.4,14.56
1323,-25.0,-576.6,-93.15,44.52
1324,-79.07,-531.65,-107.65,29.84
1325,47.47,-406.67,-104.79,32.46
1326,-97.48,-431.13,-102.96,36.18
1327,-123.73,-557.81,-107.61,39.82
1328,140.96,-444.05,-116.74,22.31
1329,22.71,-545.28,-98.51,44.61
1330,7.21,-344.21,-98.98,32.86
1331,-68.49,-567.81,-101.59,33.61
1332,12.47,-573.54,-110.32,23.35
1333,-19.7,-489.49,-99.89,33.24
1334,-47.91,-486.13,-104.81,26.18
1335,-22.98,-373.98,-99.04,34.79
1336,-26.98,-482.95,-101.07,34.58
1337,-73.11,-446.29,-93.39,42.6
1338,-39.95,-487.23,-100.52,24.53
1339,33.26,-538.94,-95.35,36.07
1340,-56.09,-381.25,-96.99,26.45
1341,-76.47,-544.56,-104.64,26.5
1342,88.42,-495.36,-97.19,43.49
1343,8.07,-513.62,-99.54,35.36
1344,-6.92,-393.35,-109.83,16.49
1345,-196.38,-347.87,-105.91,16.23
1346,118.6,-619.93,-94.6,47.77
1347,9.87,-547.63,-89.39,41.2
1348,21.14,-344.43,-101.06,24.23
1349,-27.05,-536.16,-96.51,30.12
1350,-143.27,-605.21,-92.74,28.29
1351,89.28,-435.52,-106.31,22.18
1352,-81.01,-536.66,-99.2,22.63
1353,-95.49,-358.93,-90.94,21.7
1354,41.35,-339.0,-104.26,25.67
1355,17.86,-518.15,-96.79,41.37
1356,-3.78,-568.68,-97.6,25.72
1357,-21.9,-582.82,-111.99,11.13
1358,-146.56,-407.9,-86.01,24.92
1359,86.98,-522.7,-110.08,17.63
1360,-31.7,-353.41,-109.38,16.12
1361,16.11,-575.25,-109.8,13.95
1362,-79.93,-288.52,-97.35,38.96
1363,1.19,-579.14,-101.86,32.09
1364,18.78,-518.69,-100.34,26.21
1365,27.29,-507.0,-107.43,13.29
1366,-224.61,-467.79,-106.79,6.5
1367,80.93,-432.61,-93.93,46.28
1368,22.6,-572.73,-96.72,36.03
1369,13.39,-402.16,-105.66,20.22
1370,-64.29,-524.29,-113.02,23.91
1371,-55.61,-436.76,-108.32,37.41
1372,75.9,-481.5,-107.88,34.02
1373,-39.63,-631.33,-97.35,28.94
1374,-29.91,-333.66,-112.33,31.53
1375,-51.07,-541.44,-96.05,51.74
1376,9.89,-528.08,-107.11,30.71
1377,-81.85,-466.64,-114.36,20.87
1378,-74.26,-522.8,-109.1,32.09
1379,74.52,-368.74,-101.11,38.82
1380,-20.97,-448.19,-109.52,22.92
1381,15.41,-442.24,-116.29,20.68
1382,12.39,-443.46,-105.86,35.13
1383,-97.0,-650.17,-101.18,36.32
1384,-79.4,-276.96,-110.95,34.16
1385,-24.31,-533.4,-104.85,43.0
1386,76.25,-531.76,-99.49,42.86
1387,11.17,-489.91,-107.21,30.92
1388,-48.43,-489.52,-106.79,39.48
1389,-0.83,-537.73,-107.19,38.32
1390,-24.02,-601.33,-109.57,38.82
1391,-5.9,-282.63,-116.75,25.81
1392,-28.33,-547.74,-100.37,60.79
1393,-38.37,-370.12,-100.96,41.14
1394,-10.93,-624.77,-117.46,27.29
1395,-50.71,-493.76,-99.35,48.18
1396,-21.2,-480.76,-110.42,39.61
1397,-62.78,-453.45,-111.49,30.8
1398,-198.66,-426.95,-105.52,37.14
1399,170.52,-638.15,-112.24,38.27
1400,37.83,-443.0,-109.22,39.72
1401,-112.09,-261.78,-118.73,12.58
1402,22.29,-495.66,-91.38,62.87
1403,32.75,-525.15,-103.99,35.24
1404,-85.73,-514.52,-99.41,43.09
1405,-38.95,-521.64,-97.07,43.24
1406,34.15,-541.75,-107.33,24.82
1407,-1.1,-271.84,-102.33,30.06
1408,-20.78,-625.22,-102.91,44.23
1409,-54.35,-503.92,-110.51,37.55
1410,-24.37,-399.6,-108.51,30.97
1411,29.11,-563.69,-103.37,39.82
1412,-39.49,-540.4,-100.01,35.88
1413,-1.7,-471.09,-98.06,41.71
1414,-56.14,-439.61,-100.06,35.64
1415,-13.67,-528.8,-114.31,30.09
1416,-2.98,-421.88,-105.01,29.12
1417,-91.17,-431.05,-107.16,38.69
1418,7.63,-606.91,-102.16,44.96
1419,-31.84,-531.36,-115.57,30.26
1420,-38.4,-383.96,-109.21,36.58
1421,-29.0,-337.41,-112.3,17.45
1422,-12.5,-290.63,-99.78,37.64
1423,52.42,-701.49,-93.87,55.43
1424,37.37,-483.23,-99.33,35.08
1425,-134.88,-552.74,-104.7,31.71
1426,-6.68,-467.91,-101.27,34.11
1427,33.28,-435.84,-86.7,52.45
1428,-19.77,-420.11,-96.84,32.24
1429,3.53,-528.55,-95.43,37.01
1430,-22.57,-422.13,-99.99,32.62
1431,7.45,-564.04,-104.79,35.63
1432,-31.34,-436.76,-101.64,34.04
1433,-60.55,-563.03,-93.58,41.32
1434,21.62,-522.33,-99.03,39.9
1435,-16.0,-518.79,-101.03,36.46
1436,-28.48,-498.57,-114.93,11.63
1437,-217.57,-427.0,-89.24,46.87
1438,137.94,-325.29,-109.43,26.17
1439,48.54,-380.71,-104.29,36.79
1440,-71.87,-678.58,-96.34,45.82
1441,-13.92,-420.33,-94.5,33.64
1442,16.08,-510.23,-93.27,43.8
1443,5.12,-535.2,-100.17,28.35
1444,-298.24,-600.1,-107.85,14.01
1445,161.54,-175.49,-96.86,36.42
1446,-17.67,-616.81,-89.65,49.07
1447,-80.27,-538.69,-106.75,22.46
1448,98.99,-179.54,-94.11,48.38
1449,-34.96,-696.25,-103.67,34.97
1450,-13.68,-585.72,-111.01,31.72
1451,-10.35,-432.36,-109.33,19.64
1452,-61.81,-458.21,-110.95,23.64
1453,23.37,-481.62,-90.33,40.69
1454,-20.06,-515.21,-106.63,25.62
1455,13.17,-233.65,-109.9,16.54
1456,-59.17,-712.59,-123.76,7.17
1457,31.0,-475.87,-102.41,47.39
1458,22.14,-478.98,-111.6,40.49
1459,-99.78,-329.59,-92.35,34.31
1460,-90.66,-766.6,-112.4,5.53
1461,72.97,-90.96,-95.61,49.17
1462,-149.63,-564.81,-94.14,39.8
1463,-88.28,-684.11,-127.12,-0.28
1464,94.35,-271.4,-116.02,17.98
1465,0.78,-448.72,-72.19,78.24
1466,14.09,-343.67,-97.71,33.63
1467,-12.21,-392.89,-116.54,14.63
1468,-32.15,-672.6,-105.38,29.81
1469,4.25,-268.01,-106.66,28.6
1470,-4.2,-596.76,-104.18,26.26
1471,-9.32,-461.02,-103.84,27.34
1472,-33.57,-516.5,-107.8,32.66
1473,-37.87,-487.59,-110.71,24.82
1474,-47.65,-230.86,-132.05,-7.07
1475,-43.46,-795.16,-93.32,58.12
1476,4.27,-417.99,-113.72,26.53
1477,-73.83,-357.38,-117.01,13.18
1478,-83.42,-362.38,-84.32,58.23
1479,18.14,-661.02,-104.82,28.59
1480,6.37,-395.58,-115.1,16.07
1481,42.71,-432.58,-108.58,30.02
1482,-42.27,-639.38,-116.86,21.2
1483,-57.09,-501.6,-104.36,31.28
1484,3.35,-413.06,-107.45,36.56
1485,-33.21,-481.43,-119.93,14.8
1486,24.97,-221.55,-105.76,40.35
1487,-69.09,-569.24,-111.44,27.02
1488,7.26,-374.84,-120.12,24.73
1489,-67.07,-714.51,-121.77,9.3
1490,-29.61,-651.09,-96.47,40.0
1491,14.28,-389.31,-104.2,27.58
1492,-51.91,-423.26,-106.82,27.91
1493,-81.18,-503.05,-111.66,18.92
1494,50.22,-479.51,-104.93,31.28
1495,-87.48,-675.14,-129.72,3.09
1496,41.48,-153.01,-94.22,50.01
1497,4.05,-328.69,-110.41,25.15
1498,-48.74,-579.03,-121.44,17.19
1499,-46.97,-531.3,-89.65,50.86
1500,27.97,-473.51,-111.55,17.93
1501,-45.98,-515.26,-105.13,25.71
1502,17.49,-498.96,-106.6,32.18
1503,19.73,-528.18,-111.53,22.93
1504,-54.83,-501.74,-109.06,29.81
1505,-73.02,-514.57,-113.88,23.29
1506,-88.01,-343.29,-116.14,5.46
1507,26.31,-508.14,-104.85,36.4
1508,40.8,-542.57,-117.26,7.19
1509,-51.41,-137.55,-118.55,-3.67
1510,-18.71,-772.91,-103.74,32.65
1511,7.01,-570.02,-93.23,42.64
1512,-46.77,-456.15,-106.24,19.96
1513,-32.54,-643.93,-117.24,12.57
1514,-79.6,-399.83,-105.8,21.61
1515,93.11,-137.15,-122.24,-2.3
1516,-9.88,-813.32,-101.01,34.29
1517,-29.97,-552.18,-105.18,27.52
1518,-54.02,-468.24,-109.73,19.58
1519,-19.38,-530.58,-105.13,25.42
1520,7.08,-426.56,-114.7,23.42
1521,6.38,-462.59,-120.51,0.67
1522,-21.95,-402.14,-94.99,37.32
1523,-51.95,-596.02,-102.85,22.81
1524,-78.29,-458.71,-111.84,11.0
1525,-58.04,-610.46,-105.67,32.11
1526,51.3,-419.34,-117.49,24.6
1527,-24.63,-384.42,-106.76,25.29
1528,-30.8,-454.83,-115.28,10.96
1529,28.59,-582.59,-103.41,40.35
1530,22.63,-516.16,-111.31,23.98
1531,-86.01,-573.8,-120.14,8.4
1532,-104.14,-353.49,-116.73,22.89
1533,59.86,-488.29,-111.82,30.02
1534,-25.97,-533.85,-107.69,34.54
1535,-27.2,-529.82,-111.17,27.16
1536,67.15,-332.15,-109.39,29.8
1537,-28.36,-594.56,-113.09,25.78
1538,4.89,-543.96,-113.38,23.48
1539,-85.21,-523.06,-114.41,10.57
1540,-49.74,-389.47,-100.18,33.49
1541,19.18,-501.24,-106.16,33.06
1542,2.74,-468.12,-112.53,23.64
1543,-5.1,-510.08,-115.2,20.22
1544,-23.04,-608.34,-108.58,26.29
1545,-23.61,-478.3,-117.18,20.69
1546,3.67,-411.52,-105.57,29.33
1547,11.64,-160.58,-109.79,15.6
1548,-253.22,-723.43,-113.54,8.87
1549,38.72,-478.63,-120.44,21.28
1550,19.93,-615.8,-107.4,19.01
1551,-72.4,-494.4,-106.17,33.25
1552,131.38,-399.94,-109.75,38.22
1553,8.85,-332.74,-112.6,14.8
1554,-71.61,-665.28,-112.44,23.76
1555,32.63,-208.69,-112.76,14.92
1556,-33.73,-616.39,-103.15,32.3
1557,-28.07,-620.4,-109.81,23.48
1558,-129.3,-489.24,-114.58,16.5
1559,6.48,-507.7,-94.7,36.7
1560,1.69,-330.46,-108.73,26.44
1561,4.73,-544.59,-120.09,17.53
1562,-24.34,-509.47,-116.98,25.23
1563,7.51,-513.76,-104.87,38.6
1564,19.83,-425.94,-107.8,22.58
1565,-34.21,-576.98,-111.25,18.8
1566,-26.17,-409.2,-124.08,5.5
1567,-20.49,-419.33,-119.25,8.12
1568,-260.9,-483.63,-97.53,45.28
1569,30.28,-536.63,-98.46,18.27
1570,63.58,-412.05,-116.87,4.75
1571,35.67,-629.43,-116.56,21.11
1572,3.74,-484.33,-99.02,33.61
1573,2.24,-470.96,-108.46,19.67
1574,-12.46,-625.14,-123.99,6.5
1575,15.92,-312.08,-114.15,25.8
1576,-32.17,-339.44,-107.61,29.81
1577,-65.51,-549.97,-110.28,22.82
1578,-105.77,-476.23,-112.99,13.59
1579,31.15,-539.42,-124.2,15.05
1580,-93.21,-383.0,-106.9,38.86
1581,72.45,-587.72,-117.17,27.4
1582,-29.34,-494.4,-113.06,23.42
1583,-29.58,-408.05,-119.76,12.61
1584,-38.14,-600.61,-130.34,5.1
1585,1.4,-371.7,-93.37,42.86
1586,-9.04,-542.47,-113.61,12.09
1587,-18.02,-413.42,-111.74,16.81
1588,-35.49,-528.95,-112.1,27.22
1589,-76.39,-574.34,-112.66,11.93
1590,7.06,-433.75,-99.47,21.37
1591,-50.35,-426.1,-117.95,5.78
1592,78.29,-448.4,-115.59,22.34
1593,-65.46,-503.93,-106.65,16.89
1594,27.15,-315.4,-121.01,4.53
1595,-38.62,-672.64,-104.43,34.35
1596,12.88,-447.76,-120.33,7.71
1597,-86.07,-533.95,-121.35,15.63
1598,27.02,-482.42,-108.66,30.81
1599,-53.86,-531.51,-118.08,12.85
1600,-72.03,-365.45,-117.35,2.07
1601,89.5,-467.68,-114.7,25.41
1602,-156.1,-406.95,-96.15,40.67
1603,67.53,-403.87,-111.04,12.6
1604,-58.46,-570.64,-105.21,23.25
1605,-20.29,-592.59,-113.63,19.06
1606,-48.27,-446.23,-110.92,11.23
1607,22.7,-504.68,-112.39,17.88
1608,9.22,-273.0,-96.62,37.04
1609,-13.85,-650.68,-106.25,22.73
1610,-24.11,-558.91,-117.55,9.87
1611,-85.75,-355.88,-89.86,32.43
1612,-9.28,-541.43,-106.45,25.39
1613,77.04,-407.17,-114.45,14.02
1614,0.01,-528.32,-110.74,32.81
1615,-66.45,-563.42,-106.63,10.3
1616,-61.67,-383.84,-110.89,18.02
1617,-94.54,-551.81,-100.5,29.49
1618,55.72,-376.29,-120.57,4.12
1619,57.47,-497.45,-107.65,23.64
1620,-4.69,-458.59,-109.48,20.25
1621,-3.3,-445.55,-113.4,11.72
1622,-58.53,-619.3,-112.1,17.71
1623,29.95,-290.24,-106.09,28.74
1624,-112.81,-684.21,-106.75,17.4
1625,-12.09,-453.5,-107.82,23.88
1626,-86.02,-621.89,-104.1,19.59
1627,54.98,-307.65,-124.14,-1.24
1628,2.76,-406.79,-91.59,48.96
1629,8.9,-514.79,-113.86,20.32
1630,-41.2,-511.9,-107.02,23.25
1631,-126.48,-472.38,-111.56,20.57
1632,102.38,-422.85,-118.46,15.6
1633,1.04,-622.67,-111.82,18.26
1634,-12.94,-492.88,-107.76,11.94
1635,-73.73,-513.49,-118.3,6.06
1636,-7.19,-463.53,-101.33,27.92
1637,23.37,-472.65,-102.18,31.55
1638,1.94,-188.08,-126.89,-0.87
1639,-22.87,-592.68,-99.9,31.9
1640,-28.3,-490.18,-106.15,27.77
1641,-158.15,-577.07,-105.05,29.39
1642,135.23,-487.71,-119.92,9.21
1643,49.14,-479.28,-120.09,21.11
1644,-208.49,-763.1,-110.15,14.23
1645,102.22,-98.61,-103.46,33.78
1646,-34.26,-622.79,-94.32,32.78
1647,-38.4,-447.55,-108.73,25.06
1648,6.24,-494.64,-109.07,31.67
1649,19.67,-439.44,-111.91,17.53
1650,-59.27,-595.48,-108.48,32.35
1651,19.37,-478.1,-112.07,15.71
1652,-67.22,-499.6,-97.76,18.52
1653,-30.55,-561.88,-124.46,3.25
1654,49.02,-93.96,-110.71,17.28
1655,6.51,-594.73,-102.51,37.14
1656,-43.55,-540.02,-106.3,20.6
1657,-26.77,-448.44,-109.68,19.45
1658,1.47,-612.64,-117.78,23.4
1659,8.08,-518.08,-110.6,23.05
1660,-13.08,-509.43,-114.23,24.4
1661,-15.43,-513.22,-112.55,27.59
1662,-16.19,-504.0,-121.03,21.75
1663,-22.74,-505.57,-111.26,15.56
1664,-79.12,-496.55,-111.47,11.95
1665,-215.49,-248.45,-127.41,-21.35
1666,148.21,-251.63,-105.06,48.52
1667,18.96,-779.07,-117.93,23.99
1668,-63.67,-360.52,-122.07,6.34
1669,47.99,-545.67,-114.39,20.1
1670,28.74,-370.18,-93.46,52.85
1671,-10.86,-549.66,-109.12,27.53
1672,-27.04,-575.74,-119.81,10.17
1673,-12.95,-541.9,-106.6,35.98
1674,4.36,-483.15,-115.37,19.56
1675,-25.24,-543.86,-121.17,2.43
1676,-22.73,-422.39,-109.13,26.79
1677,-50.22,-410.96,-112.08,14.01
1678,23.09,-537.55,-121.43,23.7
1679,-9.45,-498.09,-110.4,25.82
1680,-0.98,-475.32,-112.37,17.79
1681,11.65,-313.85,-126.07,-1.08
1682,-26.77,-513.86,-111.0,30.18
1683,-14.36,-471.32,-113.35,21.38
1684,-19.66,-517.99,-107.8,20.0
1685,-115.14,-514.11,-111.41,15.19
1686,-25.55,-554.46,-109.1,31.25
1687,85.25,-491.91,-106.66,19.19
1688,18.68,-367.9,-114.28,13.74
1689,26.01,-380.87,-113.83,16.51
1690,-59.06,-668.58,-105.54,28.96
1691,-45.91,-375.33,-108.77,10.21
1692,1.26,-453.04,-109.73,17.68
1693,-22.55,-648.05,-108.11,18.42
1694,-37.39,-413.59,-101.48,23.99
1695,-40.16,-503.67,-109.01,22.99
1696,12.29,-509.03,-115.84,17.5
1697,-15.09,-526.74,-103.42,28.15
1698,19.84,-349.29,-122.36,9.91
1699,-76.84,-488.2,-103.6,27.31
1700,48.59,-450.79,-110.78,9.3
1701,31.03,-325.72,-106.01,14.72
1702,-53.16,-689.85,-100.73,28.86
1703,-4.39,-549.96,-108.47,22.71
1704,-130.06,-512.12,-107.01,19.54
1705,43.65,-376.03,-112.86,3.48
1706,48.84,-249.66,-114.7,16.4
1707,-19.14,-676.92,-103.69,32.91
1708,-96.34,-596.96,-114.76,20.12
1709,7.66,-344.42,-117.09,6.91
1710,26.59,-410.84,-104.99,17.23
1711,-5.83,-667.04,-112.35,28.09
1712,-16.03,-485.21,-100.46,25.39
1713,-19.88,-474.36,-107.85,20.17
1714,-246.35,-396.41,-100.29,11.78
1715,25.45,-311.5,-148.86,-29.7
1716,129.46,-467.06,-90.84,64.47
1717,31.29,-604.04,-94.54,37.98
1718,-22.72,-449.2,-102.98,27.99
1719,22.06,-477.86,-112.65,15.7
1720,-81.18,-592.13,-109.18,21.3
1721,19.89,-492.97,-104.57,33.99
1722,-13.25,-487.17,-110.0,26.83
1723,-21.68,-500.7,-109.7,16.98
1724,-47.19,-500.27,-106.17,16.6
1725,-91.41,-196.51,-115.71,7.61
1726,59.94,-530.12,-133.62,-8.36
1727,-50.57,-495.43,-109.41,35.47
1728,39.46,-484.01,-113.55,20.52
1729,-24.34,-501.34,-109.05,25.88
1730,6.13,-548.98,-105.11,25.88
1731,-19.66,-532.53,-107.85,29.45
1732,-31.54,-507.42,-108.39,23.96
1733,-14.84,-504.5,-103.68,24.84
1734,-25.06,-498.07,-105.8,19.63
1735,-237.58,-395.23,-104.87,17.41
1736,-117.15,-67.68,-139.51,-42.77
1737,188.36,-537.67,-95.43,40.99
1738,-31.9,-589.76,-91.83,47.56
1739,62.88,-542.47,-103.5,30.28
1740,23.98,-536.42,-110.9,15.42
1741,2.58,-507.44,-99.05,41.04
1742,-6.92,-440.87,-97.18,33.53
1743,-29.66,-517.33,-107.79,27.02
1744,-34.92,-527.25,-101.32,23.2
1745,-15.55,-327.63,-101.7,18.03
1746,-14.21,-449.21,-105.5,18.55
1747,26.86,-565.9,-111.51,16.5
1748,-25.46,-451.5,-99.91,34.54
1749,-81.06,-507.15,-106.06,21.9
1750,-121.43,-459.03,-107.27,9.92
1751,97.33,-445.33,-111.1,23.09
1752,-34.32,-487.39,-96.11,32.86
1753,-101.09,-582.55,-113.18,7.01
1754,-10.52,-24.73,-112.79,0.08
1755,111.87,-521.74,-110.19,14.1
1756,-64.72,-657.74,-87.04,47.1
1757,-81.05,-595.59,-111.56,14.32
1758,44.5,-475.23,-104.76,22.19
1759,-16.53,-437.49,-93.62,36.45
1760,-23.91,-487.21,-112.47,29.96
1761,3.57,-508.27,-101.14,25.28
1762,-20.8,-483.64,-106.51,23.41
1763,-18.99,-384.55,-107.96,19.2
1764,-5.54,-396.0,-109.92,21.59
1765,26.76,-460.48,-112.26,23.27
1766,-23.36,-602.36,-103.89,29.51
1767,-64.06,-568.72,-112.1,15.72
1768,-117.53,-513.41,-113.98,18.96
1769,-5.19,-419.64,-96.43,35.63
1770,-18.35,-495.6,-113.14,17.4
1771,-74.31,-445.21,-121.36,8.44
1772,150.99,-219.98,-104.43,34.82
1773,-102.54,-625.84,-98.28,42.17
1774,-1.37,-518.07,-108.42,16.32
1775,16.03,-484.42,-91.49,35.05
1776,-9.13,-534.1,-104.35,29.09
1777,-70.8,-535.49,-99.69,29.73
1778,59.42,-236.81,-113.08,19.82
1779,-33.3,-561.7,-94.83,47.36
1780,-76.18,-496.15,-97.53,26.68
1781,34.27,-397.13,-118.5,14.33
1782,-88.85,-545.86,-104.33,31.0
1783,64.36,-528.92,-100.66,24.61
1784,-29.6,-528.01,-105.2,25.72
1785,14.78,-477.13,-107.24,27.45
1786,-39.53,-436.61,-106.7,20.6
1787,-77.78,-538.5,-115.82,9.07
1788,-14.71,-330.33,-104.97,34.4
1789,27.19,-546.34,-100.55,32.72
1790,-17.08,-264.21,-101.33,17.11
1791,-59.08,-628.6,-110.62,11.71
1792,-207.61,-631.41,-99.8,26.28
1793,194.66,-436.7,-111.93,18.95
1794,-50.91,-463.61,-99.28,36.0
1795,37.45,-382.0,-103.08,30.07
1796,-5.03,-597.5,-105.82,27.2
1797,-94.82,-477.35,-97.97,37.98
1798,-41.12,-356.7,-111.14,20.45
1799,-39.84,-475.18,-101.96,38.03
1800,76.09,-571.79,-114.75,27.5
1801,-3.23,-512.63,-113.51,15.04
1802,-31.71,-506.34,-116.03,16.5
1803,2.87,-412.42,-89.82,55.34
1804,-38.3,-564.74,-101.56,32.82
1805,1.05,-389.11,-106.97,25.27
1806,-55.9,-581.23,-102.64,29.23
1807,-137.34,-392.66,-107.3,24.73
1808,-10.61,-519.52,-119.79,10.54
1809,91.52,-198.9,-120.97,14.01
1810,14.3,-617.15,-92.15,53.74
1811,-34.57,-603.7,-104.65,27.8
1812,-30.31,-475.52,-97.15,39.26
1813,-20.9,-493.38,-105.39,28.46
1814,8.88,-529.93,-109.22,26.03
1815,-19.09,-495.07,-100.39,30.03
1816,-26.27,-482.49,-106.56,25.41
1817,-163.1,-494.5,-96.52,23.9
1818,-254.58,-408.81,-98.73,18.61
1819,205.3,-531.07,-123.27,4.95
1820,230.26,10.44,-137.57,-6.06
1821,-61.93,-700.3,-94.61,51.51
1822,-11.64,-614.35,-101.26,37.59
1823,-27.34,-561.22,-99.7,34.47
1824,-28.5,-429.95,-108.92,15.93
1825,-22.04,-482.45,-89.22,45.03
1826,-26.87,-568.73,-95.7,24.97
1827,-20.11,-501.83,-98.12,23.17
1828,-72.49,-527.74,-93.42,28.88
1829,-208.39,-464.41,-104.04,16.7
1830,151.99,-144.03,-123.39,6.47
1831,61.78,-459.16,-100.3,35.59
1832,-21.74,-590.12,-107.2,27.99
1833,-82.17,-567.4,-111.57,12.06
1834,30.97,-500.3,-92.21,41.53
1835,-32.05,-544.18,-93.93,34.09
1836,-7.61,-511.49,-94.82,31.5
1837,-12.81,-503.22,-98.97,25.78
1838,-43.67,-500.18,-97.36,28.36
1839,-14.62,-522.28,-95.12,23.04
1840,-77.59,-384.9,-98.08,19.31
1841,87.14,-19.29,-112.18,10.46
1842,-86.21,-767.02,-102.92,31.01
1843,30.65,-600.18,-89.5,46.9
1844,-26.35,-480.84,-86.01,37.39
1845,-59.19,-472.81,-92.2,27.08
1846,-61.0,-571.3,-97.14,25.84
1847,-207.76,-333.93,-100.0,11.35
1848,193.29,-279.59,-127.29,5.68
1849,58.13,-444.46,-101.91,32.77
1850,-1.86,-718.9,-94.84,43.92
1851,-40.99,-564.63,-91.77,30.15
1852,-42.83,-554.73,-97.94,25.73
1853,-5.59,-343.58,-97.41,16.0
1854,-16.43,-391.56,-104.69,22.87
1855,-107.51,-614.05,-100.13,16.18
1856,42.78,-347.11,-104.64,12.18
1857,-13.58,-500.3,-96.71,31.5
1858,-86.62,-587.6,-104.39,10.77
1859,-15.99,-401.64,-99.84,27.77
1860,49.87,-331.03,-103.81,21.06
1861,-17.13,-610.82,-106.97,29.55
1862,-81.93,-512.31,-96.96,23.54
1863,51.87,-400.09,-103.52,22.39
1864,-143.13,-673.88,-98.4,23.84
1865,86.64,-282.23,-125.08,-9.22
1866,-71.99,-339.38,-94.8,42.41
1867,15.11,-561.22,-86.79,43.61
1868,-33.69,-516.45,-105.39,19.51
1869,27.56,-519.8,-92.99,27.58
1870,-5.48,-515.06,-97.46,29.55
1871,-28.27,-507.34,-94.67,20.07
1872,-59.79,-371.4,-109.11,-2.92
1873,5.71,-477.26,-91.88,25.3
1874,14.74,-517.12,-91.06,24.06
1875,-25.56,-467.75,-99.41,22.96
1876,2.73,-432.47,-99.25,16.85
1877,-200.11,-526.42,-96.64,13.19
1878,-11.49,-596.43,-98.1,12.18
1879,65.91,-445.7,-103.44,19.41
1880,33.71,-360.05,-92.23,24.08
1881,-41.96,-273.91,-98.58,19.53
1882,-13.12,-669.86,-99.57,29.64
1883,6.51,-589.68,-106.74,10.96
1884,-9.58,-453.59,-104.63,15.68
1885,-74.81,-463.42,-90.72,23.15
1886,32.17,-434.44,-95.91,15.21
1887,24.61,-290.39,-100.21,19.2
1888,-28.25,-560.95,-100.59,23.37
1889,3.45,-428.3,-110.16,2.49
1890,-49.68,-576.33,-104.7,17.82
1891,-82.53,-636.71,-104.83,14.14
1892,-2.33,-446.4,-94.62,27.54
1893,23.2,-489.09,-94.86,20.87
1894,12.72,-433.58,-108.58,9.68
1895,-68.6,-578.08,-101.68,21.57
1896,-50.29,-470.44,-96.56,25.06
1897,10.09,-612.41,-114.15,4.18
1898,46.95,-58.86,-107.8,11.57
1899,-18.35,-524.89,-99.27,24.29
1900,-71.69,-439.35,-107.26,17.05
1901,28.76,-673.16,-103.62,21.31
1902,-106.11,-630.44,-100.14,24.66
1903,-51.49,-542.01,-109.46,17.44
1904,16.64,-414.98,-105.02,29.78
1905,-76.12,-303.54,-105.89,10.25
1906,92.12,-409.82,-95.71,29.82
1907,17.41,-484.57,-102.06,17.42
1908,-2.15,-496.69,-99.2,29.0
1909,-14.65,-507.05,-98.61,18.56
1910,-176.04,-530.51,-103.94,16.81
1911,84.92,-513.47,-114.63,12.29
1912,5.61,-544.86,-100.02,24.33
1913,-1.27,-475.07,-95.61,21.42
1914,-31.44,-346.16,-116.28,9.01
1915,-20.49,-528.55,-96.34,30.89
1916,10.59,-503.79,-99.52,29.17
1917,-49.68,-567.51,-102.52,25.15
1918,-95.29,-499.72,-95.69,28.02
1919,-37.69,-530.08,-100.88,16.23
1920,-33.31,-358.16,-120.0,-9.63
1921,34.2,-590.85,-90.0,43.68
1922,20.99,-481.61,-96.17,27.52
1923,-58.49,-350.08,-105.08,9.55
1924,-25.01,-452.79,-101.85,19.79
1925,12.8,-544.63,-103.31,27.82
1926,-119.95,-604.84,-101.42,33.89
1927,64.45,-572.43,-112.08,18.77
1928,-47.25,-442.7,-102.27,35.13
1929,-54.69,-579.97,-113.26,14.81
1930,91.72,-85.97,-112.63,13.66
1931,-115.46,-412.09,-100.59,22.69
1932,45.91,-663.3,-95.31,40.31
1933,-15.56,-588.0,-108.28,11.17
1934,-71.25,-446.5,-91.88,25.67
1935,-100.68,-569.12,-98.75,30.43
1936,57.32,-537.66,-111.07,20.45
1937,6.57,-365.01,-112.95,11.63
1938,-76.51,-419.53,-109.29,23.07
1939,24.27,-606.74,-103.54,20.37
1940,-39.12,-428.74,-121.42,-1.92
1941,-15.69,-372.38,-103.94,28.39
1942,-136.18,-620.04,-102.42,29.75
1943,92.53,-565.46,-96.63,14.71
1944,-17.21,-489.72,-105.73,26.08
1945,-88.01,-406.88,-101.88,19.1
1946,-60.5,-605.84,-117.82,0.87
1947,35.57,-209.31,-110.21,15.34
1948,-40.42,-456.88,-97.29,36.08
1949,45.56,-585.17,-111.33,23.07
1950,17.48,-584.83,-103.41,25.4
1951,-26.79,-508.59,-107.45,22.63
1952,-22.92,-537.7,-116.85,9.71
1953,-98.47,-509.84,-109.89,23.03
1954,-9.74,-468.15,-115.93,9.91
1955,-32.4,-462.51,-105.99,13.55
1956,58.25,-161.62,-106.35,25.27
1957,-129.05,-728.07,-112.87,11.86
1958,40.62,-419.45,-94.47,20.79
1959,-27.65,-598.26,-109.24,30.28
1960,-48.31,-570.87,-109.25,20.76
1961,20.59,-395.32,-108.97,20.29
1962,-50.11,-379.44,-114.55,8.31
1963,3.37,-497.96,-107.57,21.72
1964,-110.71,-444.94,-106.53,15.89
1965,-9.46,-471.0,-104.53,23.54
1966,64.44,-541.26,-94.0,24.83
1967,11.86,-514.87,-107.79,8.38
1968,-52.32,-528.06,-113.18,10.43
1969,-33.7,-447.91,-108.0,8.37
1970,-80.31,-505.9,-106.32,16.01
1971,33.03,-210.37,-129.77,-15.4
1972,-42.66,-676.77,-81.0,53.91
1973,20.72,-535.68,-97.48,24.59
1974,-75.92,-436.78,-101.78,13.08
1975,-10.04,-402.72,-105.14,18.98
1976,-12.84,-645.29,-103.12,18.88
1977,-22.91,-438.0,-100.84,23.95
1978,-33.37,-570.96,-99.82,15.64
1979,-174.74,-481.04,-95.4,14.06
1980,-6.56,-589.98,-112.37,-4.79
1981,68.5,37.66,-116.19,-1.96
1982,-5.88,-715.39,-109.8,24.5
1983,17.61,-542.68,-83.43,46.06
1984,-33.29,-567.28,-100.04,20.04
1985,-25.76,-467.5,-109.72,3.61
1986,9.91,-429.73,-94.69,22.76
1987,-30.19,-567.11,-95.22,17.42
1988,-14.17,-484.56,-95.2,13.74
1989,-128.94,-476.46,-96.36,-2.03
1990,75.55,-119.31,-110.81,-8.3
1991,2.35,-593.53,-98.95,22.39
1992,-143.75,-537.08,-86.28,36.16
1993,-11.3,-410.12,-99.29,19.3
1994,21.18,-678.41,-111.02,6.08
1995,-20.04,-442.53,-91.04,24.38
1996,0.71,-538.52,-96.56,19.92
1997,-18.01,-512.07,-96.2,16.56
1998,-25.35,-494.49,-96.78,13.05
1999,-28.46,-448.16,-90.98,15.36
2000,-132.56,-397.96,-118.74,-31.12
2001,-174.1,-161.68,-92.99,14.33
2002,113.54,-848.15,-99.83,24.14
2003,52.35,-328.76,-91.09,24.54
2004,52.32,-370.51,-92.56,29.35
2005,-52.11,-584.9,-96.15,18.54
2006,-0.61,-564.1,-99.19,21.11
2007,-13.66,-527.02,-100.48,14.88
2008,-34.67,-549.47,-97.69,16.05
2009,-29.41,-465.92,-101.98,9.45
2010,-28.17,-195.15,-95.93,12.94
2011,-36.72,-499.67,-109.81,-5.63
2012,60.92,-421.62,-96.55,29.87
2013,-46.58,-602.35,-84.28,41.54
2014,-118.5,-569.16,-93.72,20.74
2015,0.02,-640.53,-106.73,1.24
2016,-11.26,-229.89,-92.3,17.56
2017,5.95,-505.34,-83.18,24.69
2018,-55.14,-320.57,-96.79,5.26
2019,4.61,-613.09,-96.07,19.86
2020,1.76,-513.01,-88.29,24.84
2021,-10.77,-557.01,-97.51,11.57
2022,5.12,-479.44,-106.89,11.06
2023,-39.08,-324.42,-100.45,17.42
2024,-18.26,-562.19,-87.85,32.62
2025,-70.42,-303.22,-86.14,28.54
2026,39.67,-653.95,-97.72,24.93
2027,-97.55,-377.3,-104.5,12.21
2028,44.88,-506.78,-96.12,29.98
2029,-8.92,-524.86,-90.16,36.87
2030,-55.0,-529.59,-95.57,28.52
2031,-68.93,-586.34,-104.51,18.59
2032,-15.49,-448.83,-92.45,37.34
2033,-4.78,-410.1,-101.86,20.36
2034,-49.43,-612.49,-94.36,18.72
2035,64.26,-382.89,-95.7,32.8
2036,4.64,-354.18,-100.31,20.83
2037,-46.02,-321.16,-101.05,14.18
2038,-12.52,-661.73,-101.62,29.4
2039,1.22,-462.33,-113.54,-6.29
2040,-30.35,-504.54,-94.24,41.98
2041,-51.22,-559.8,-89.72,35.23
2042,-26.34,-453.66,-90.74,26.8
2043,4.58,-450.51,-99.9,20.78
2044,-17.12,-328.47,-101.33,22.77
2045,-120.68,-500.96,-83.3,40.16
2046,59.8,-582.73,-93.16,30.99
2047,6.6,-413.64,-107.66,21.23
2048,-118.33,-673.03,-112.34,7.67
2049,-20.28,-273.36,-102.39,33.62
2050,57.6,-486.61,-97.15,31.72
2051,-72.52,-374.51,-83.63,35.64
2052,14.62,-348.29,-104.75,13.18
2053,-12.86,-742.14,-95.04,34.86
2054,17.12,-429.72,-110.87,22.87
2055,-37.11,-488.84,-93.41,30.78
2056,-33.28,-582.72,-103.74,29.38
2057,-49.49,-638.43,-109.7,16.87
2058,-68.6,-107.83,-106.81,21.55
2059,49.87,-512.8,-93.9,34.12
2060,13.05,-543.71,-96.11,29.57
2061,-23.84,-438.71,-101.21,22.82
2062,-78.49,-449.44,-96.5,28.04
2063,29.34,-591.42,-99.28,34.9
2064,-61.56,-486.42,-108.29,13.27
2065,-45.56,-461.78,-105.64,16.83
2066,-23.35,-498.06,-92.3,39.01
2067,1.52,-590.24,-104.18,29.43
2068,12.19,-163.38,-109.66,10.78
2069,-120.27,-518.3,-99.58,26.25
2070,-12.61,-570.88,-96.14,26.09
2071,-69.67,-493.4,-100.5,23.9
2072,-21.23,-543.56,-103.22,9.5
2073,93.66,-425.6,-98.45,27.94
2074,-62.09,-290.55,-103.49,24.94
2075,-88.99,-386.26,-106.81,13.29
2076,114.29,-684.44,-83.61,48.14
2077,-29.68,-540.46,-92.64,36.85
2078,-22.36,-524.59,-103.6,18.56
2079,-22.07,-461.29,-98.75,30.93
2080,-12.61,-486.16,-92.48,31.3
2081,0.57,-507.81,-108.3,20.38
2082,-108.29,-459.06,-97.9,23.01
2083,40.45,-393.32,-95.44,12.64
2084,-34.83,-514.28,-102.42,16.91
2085,-183.21,-475.91,-94.48,26.73
2086,107.16,-321.25,-102.33,14.57
2087,-55.95,-596.86,-91.63,36.36
2088,3.6,-656.02,-101.05,20.14
2089,21.62,-319.02,-94.79,25.07
2090,-107.15,-627.0,-113.5,17.65
2091,105.89,-293.54,-106.46,28.81
2092,-70.01,-436.25,-102.07,35.16
2093,-38.35,-566.6,-115.89,15.4
2094,-31.26,-404.6,-101.76,42.29
2095,-38.52,-542.63,-95.66,44.59
2096,-68.66,-524.51,-117.31,18.93
2097,109.21,-353.62,-104.38,38.97
2098,-29.87,-686.06,-117.33,28.66
2099,-50.85,-392.71,-95.91,34.32
2100,23.65,-444.79,-93.08,38.05
2101,4.04,-334.69,-105.19,31.78
2102,-59.29,-584.95,-106.46,20.78
2103,-145.79,-460.83,-111.52,17.64
2104,79.16,-460.57,-102.47,42.09
2105,-116.84,-527.77,-96.3,34.39
2106,-59.12,-526.66,-115.19,21.62
2107,102.27,-371.1,-104.0,33.3
2108,-27.45,-583.76,-92.84,47.92
2109,-81.3,-323.16,-112.93,11.88
2110,-43.55,-509.18,-99.71,34.46
2111,89.14,-479.64,-94.64,37.47
2112,-67.01,-614.64,-93.32,37.6
2113,-59.4,-463.08,-101.34,28.43
2114,-62.03,-596.26,-122.63,10.81
2115,42.3,-430.71,-105.78,25.89
2116,-26.39,-447.06,-90.15,45.22
2117,2.67,-412.41,-106.75,12.23
2118,-57.22,-534.72,-94.76,39.43
2119,57.54,-292.83,-109.62,23.11
2120,-46.47,-537.1,-110.18,19.41
2121,-266.81,-689.97,-104.79,22.42
2122,112.19,-346.69,-109.8,36.25
2123,-134.08,-408.19,-119.09,14.0
2124,109.8,-200.61,-108.34,25.68
2125,78.22,-734.17,-102.25,59.62
2126,-77.65,-574.19,-107.44,36.79
2127,-113.74,-448.88,-116.11,20.91
2128,0.95,-514.16,-104.42,51.19
2129,-3.81,-540.69,-109.72,37.62
2130,2.24,-434.22,-111.15,33.42
2131,-55.6,-381.42,-113.8,32.91
2132,-65.38,-544.32,-113.1,30.01
2133,-61.3,-400.24,-114.95,26.15
2134,138.12,-306.75,-113.17,42.57
2135,-49.22,-744.33,-103.81,53.99
2136,-70.98,-599.08,-118.98,30.82
2137,-129.16,-383.7,-115.13,38.4
2138,133.12,-365.83,-110.87,36.24
2139,-14.65,-566.79,-109.7,42.54
2140,21.81,-417.6,-115.37,34.06
2141,-117.33,-349.41,-116.15,35.03
2142,-72.15,-510.12,-109.66,39.76
2143,110.98,-602.2,-120.9,33.64
2144,-126.09,-525.91,-126.0,24.05
2145,-37.76,-489.12,-117.91,30.37
2146,68.06,-528.92,-124.51,29.35
2147,-85.59,-403.55,-111.74,47.65
2148,10.25,-596.33,-111.19,42.2
2149,12.88,-356.04,-117.67,22.56
2150,-65.58,-426.59,-128.44,3.17
2151,-47.89,-442.21,-97.62,53.37
2152,-66.25,-580.77,-113.51,24.6
2153,-26.7,-225.07,-122.55,11.58
2154,100.14,-525.64,-117.64,26.75
2155,-102.49,-619.16,-106.94,41.43
2156,33.53,-507.37,-104.15,32.94
2157,8.54,-309.33,-108.41,36.39
2158,-95.09,-559.55,-114.94,31.93
2159,66.11,-526.93,-101.61,44.91
2160,-7.29,-545.76,-112.59,18.63
2161,-116.3,-360.39,-104.98,28.19
2162,52.18,-350.23,-123.37,17.34
2163,-17.79,-595.58,-109.1,35.23
2164,13.7,-542.28,-106.37,33.47
2165,1.07,-493.47,-114.37,26.81
2166,-44.76,-456.91,-106.51,31.7
2167,-128.67,-615.65,-114.15,22.18
2168,-136.75,-263.72,-111.4,13.61
2169,131.03,-526.25,-112.03,36.63
2170,-18.34,-510.33,-107.54,37.59
2171,-49.26,-548.96,-113.01,23.73
2172,57.44,-428.82,-101.31,42.17
2173,28.42,-306.84,-117.63,21.41
2174,-22.45,-655.02,-114.28,30.87
2175,-156.28,-484.28,-106.79,23.44
2176,-202.43,-238.98,-108.66,26.26
2177,180.32,-556.61,-117.02,27.68
2178,51.49,-408.47,-106.86,41.16
2179,-67.15,-624.99,-111.29,32.97
2180,6.6,-567.08,-114.35,17.71
2181,68.28,-294.73,-123.89,15.86
2182,-34.67,-550.81,-96.1,44.39
2183,-19.9,-563.23,-109.53,20.89
2184,-44.62,-432.13,-123.74,2.34
2185,-39.72,-457.68,-107.81,30.58
2186,-89.77,-218.51,-102.53,28.05
2187,79.51,-580.51,-109.54,21.41
2188,-71.24,-607.45,-110.85,29.86
2189,-94.89,-651.0,-115.3,24.43
2190,50.02,-340.26,-109.7,24.62
2191,-69.89,-569.63,-105.05,24.93
2192,54.36,-440.09,-105.05,27.68
2193,-14.19,-425.52,-110.12,25.71
2194,-10.48,-383.0,-122.19,10.47
2195,-8.82,-395.3,-106.28,27.77
2196,-55.4,-616.96,-103.07,48.07
2197,-23.85,-518.99,-96.55,40.59
2198,53.88,-496.42,-113.76,18.33
2199,-51.31,-469.01,-112.97,14.03
2200,-29.53,-503.72,-103.28,37.81
2201,-43.38,-521.99,-99.26,35.92
2202,-139.79,-504.99,-113.46,20.21
2203,138.82,-55.01,-115.26,15.69
2204,26.22,-790.73,-110.16,34.19
2205,-9.73,-522.7,-104.94,27.52
2206,-49.19,-502.49,-106.73,23.65
2207,-170.11,-581.59,-107.03,15.99
2208,-69.28,-274.94,-114.08,-0.47
2209,226.42,-311.73,-112.79,15.37
2210,-182.96,-666.59,-102.77,30.68
2211,101.26,-417.35,-97.66,42.28
2212,-15.0,-536.85,-106.57,22.72
2213,44.53,-475.26,-109.35,26.39
2214,-46.01,-573.76,-102.67,30.75
2215,-32.36,-509.29,-103.53,25.16
2216,-31.63,-490.53,-95.24,20.17
2217,-118.71,-544.29,-101.87,18.95
2218,-405.64,-548.79,-134.65,-28.67
2219,423.07,108.36,-102.89,36.23
2220,28.25,-743.8,-86.55,52.59
2221,-106.32,-592.4,-110.41,10.23
2222,7.48,-433.07,-103.74,13.24
2223,63.23,-400.29,-104.82,28.52
2224,-1.5,-513.35,-96.65,38.89
2225,-40.46,-564.23,-104.34,24.85
2226,-41.71,-514.16,-101.43,22.7
2227,-36.09,-513.07,-98.94,24.54
2228,-12.62,-485.64,-109.5,19.38
2229,-480.15,-421.09,-97.2,23.1
2230,179.57,-483.05,-124.35,-7.73
2231,174.28,-317.76,-128.43,-12.07
2232,69.82,-96.95,-100.44,27.11
2233,-89.0,-769.93,-98.97,36.05
2234,26.08,-580.94,-99.54,32.8
2235,-61.3,-659.13,-111.91,23.51
2236,4.68,-347.23,-89.03,39.41
2237,-57.75,-576.15,-96.8,21.99
2238,-90.22,-308.36,-116.2,6.78
2239,52.34,-445.59,-99.6,28.9
2240,31.0,-478.16,-115.19,17.11
2241,4.0,-421.1,-110.17,17.79
2242,-19.65,-591.96,-114.04,15.96
2243,-26.21,-494.01,-98.81,31.35
2244,-96.55,-481.29,-99.47,24.15
2245,-20.63,-475.85,-103.89,21.93
2246,-85.13,-446.55,-108.82,18.63
2247,-6.8,-534.94,-112.21,25.1
2248,21.15,-392.83,-109.65,16.62
2249,-27.6,-574.16,-102.86,28.69
2250,27.95,-469.4,-101.57,25.5
2251,-33.06,-363.34,-116.68,11.63
2252,-4.39,-444.25,-101.6,35.18
2253,-80.51,-559.35,-110.59,12.12
2254,-7.44,-515.42,-99.4,27.18
2255,53.48,-355.43,-117.01,13.53
2256,-8.99,-428.25,-95.32,40.65
2257,-9.53,-556.45,-102.85,32.05
2258,-32.34,-476.66,-112.27,19.23
2259,-26.92,-389.2,-105.79,16.61
2260,-15.57,-533.65,-111.13,20.14
2261,-75.66,-516.72,-93.23,31.88
2262,-275.39,-485.32,-102.64,21.43
2263,240.06,-532.81,-116.69,20.64
2264,48.64,-352.64,-115.89,10.14
2265,-105.52,-393.61,-106.89,23.62
2266,23.88,-650.08,-107.86,30.99
2267,6.04,-530.48,-106.39,22.84
2268,3.91,-417.58,-99.34,17.76
2269,-23.86,-557.23,-105.5,17.09
2270,-61.83,-486.42,-106.3,8.17
2271,-123.21,-191.74,-98.19,14.58
2272,119.57,-440.91,-136.48,-10.62
2273,-36.42,-581.82,-79.7,81.1
2274,-138.83,-536.34,-86.84,33.04
2275,65.55,-514.85,-107.47,10.31
2276,35.89,-424.67,-99.21,21.09
2277,-6.32,-552.26,-99.44,30.49
2278,-2.02,-492.04,-100.92,28.06
2279,-139.52,-476.47,-94.64,16.34
2280,-39.41,-326.57,-118.17,-6.53
2281,143.52,-460.0,-111.91,16.47
2282,-11.8,-494.53,-96.3,32.06
2283,-91.91,-565.41,-90.06,38.25
2284,-7.54,-390.41,-108.6,18.63
2285,7.71,-508.69,-104.26,23.96
2286,-58.92,-496.27,-102.51,26.16
2287,30.11,-517.23,-103.95,17.89
2288,-73.17,-507.61,-95.0,26.46
2289,-68.02,-518.81,-96.03,23.36
2290,69.6,-395.49,-110.27,16.78
2291,11.06,-408.43,-116.31,4.2
2292,-34.1,-486.69,-91.76,38.56
2293,1.83,-541.16,-99.35,26.9
2294,-51.6,-471.97,-111.19,18.35
2295,35.5,-339.84,-109.88,8.21
2296,-154.53,-666.98,-97.92,24.61
2297,-0.43,-316.67,-101.49,27.33
2298,11.99,-407.56,-105.12,20.01
2299,-111.97,-675.45,-103.48,20.99
2300,99.28,-341.96,-99.62,27.42
2301,32.55,-540.06,-103.8,17.84
2302,-10.17,-397.87,-95.37,25.67
2303,-38.15,-545.78,-103.65,18.1
2304,-95.46,-530.88,-104.59,18.84
2305,25.37,-534.24,-111.52,26.96
2306,-82.7,-401.82,-103.46,12.78
2307,94.7,-191.43,-125.22,-1.14
2308,-102.04,-639.28,-94.77,56.51
2309,-6.5,-528.58,-107.55,23.64
2310,7.15,-486.0,-100.88,19.76
2311,-73.85,-429.84,-109.47,7.74
2312,-45.11,-542.95,-106.39,19.18
2313,19.85,-513.67,-111.16,4.57
2314,-12.43,-376.22,-119.6,-0.07
2315,16.68,-467.08,-77.13,63.98
2316,-6.44,-520.42,-96.56,28.21
2317,-0.47,-377.25,-100.92,12.68
2318,-113.25,-612.14,-101.05,24.56
2319,-38.09,-408.97,-112.96,8.86
2320,57.53,-463.2,-109.77,14.33
2321,-28.69,-492.72,-95.39,21.8
2322,4.65,-400.69,-96.89,30.03
2323,8.36,-525.71,-109.01,17.81
2324,-9.92,-533.5,-94.31,35.94
2325,13.35,-482.79,-107.59,17.88
2326,-66.47,-393.09,-104.65,18.97
2327,-82.1,-570.34,-114.16,7.0
2328,68.17,-503.31,-102.13,31.55
2329,-22.16,-459.62,-92.35,41.61
2330,8.25,-416.29,-98.83,32.06
2331,-59.2,-300.11,-105.07,19.92
2332,-149.75,-595.87,-83.41,39.3
2333,30.19,-509.13,-116.23,13.92
2334,77.69,-536.4,-102.96,32.44
2335,-30.78,-499.3,-102.33,26.52
2336,-5.35,-309.62,-98.49,25.18
2337,-40.97,-653.73,-105.73,15.55
2338,-135.86,-487.96,-105.97,16.95
2339,138.16,-487.91,-97.94,26.42
2340,-16.3,-498.43,-98.57,15.4
2341,-13.46,-405.32,-92.69,25.01
2342,52.12,-351.7,-96.99,15.31
2343,-96.21,-605.03,-101.84,14.56
2344,10.91,-520.66,-86.01,17.16
2345,-61.93,-445.47,-106.06,5.23
2346,-19.69,-469.19,-93.8,27.29
2347,-2.68,-592.14,-103.48,14.08
2348,4.11,-393.33,-101.01,15.56
2349,-25.58,-170.34,-114.64,-1.69
2350,27.97,-714.97,-99.61,23.51
2351,-21.33,-462.56,-90.37,26.24
2352,-0.98,-508.76,-93.46,27.27
2353,-12.35,-515.61,-97.47,18.86
2354,-36.99,-509.28,-102.03,17.08
2355,-21.57,-502.12,-105.18,11.7
2356,-48.37,-327.28,-96.67,8.35
2357,-35.68,-488.99,-96.46,27.43
2358,-0.0,-269.43,-104.16,19.88
2359,18.66,-633.97,-96.97,25.2
2360,-29.8,-531.18,-102.97,17.13
2361,-122.45,-684.29,-106.17,13.54
2362,75.52,-421.94,-102.32,15.66
2363,1.95,-362.75,-108.07,2.93
2364,-69.2,-524.1,-82.46,43.93
2365,-26.59,-535.13,-98.04,14.47
2366,95.93,-284.06,-105.43,1.57
2367,-12.75,-581.26,-93.82,24.7
2368,-126.89,-466.92,-88.26,19.11
2369,-20.03,-286.36,-103.39,5.75
2370,-43.09,-533.42,-110.7,13.09
2371,62.51,-574.88,-84.96,31.82
2372,-12.4,-418.58,-94.4,20.0
2373,20.18,-581.79,-108.54,15.35
2374,-58.74,-350.66,-101.09,22.53
2375,-50.5,-304.83,-104.19,15.74
2376,-84.56,-543.47,-90.8,36.1
2377,94.35,-521.46,-107.19,13.69
2378,-36.37,-422.89,-98.93,23.8
2379,-125.66,-557.16,-104.17,10.8
2380,56.89,-408.85,-102.95,21.22
2381,25.29,-504.21,-105.86,8.08
2382,-4.76,-362.85,-100.15,29.72
2383,-56.31,-663.49,-85.74,30.13
2384,42.55,-470.95,-102.83,20.81
2385,-5.75,-348.72,-103.44,6.62
2386,-151.73,-136.26,-105.53,-3.35
2387,-53.45,-833.15,-89.28,55.59
2388,97.62,-360.62,-119.68,-3.99
2389,25.41,-458.86,-101.86,12.83
2390,-61.22,-427.45,-85.82,32.95
2391,-13.09,-539.31,-91.64,17.08
2392,-2.24,-558.86,-98.94,16.59
2393,-63.11,-377.28,-107.99,-1.58
2394,44.52,-154.45,-116.4,-9.93
2395,-50.65,-801.06,-98.05,26.67
2396,-6.08,-562.62,-85.67,35.24
2397,-200.74,-442.91,-102.8,8.56
2398,121.77,168.06,-124.08,-16.71
2399,-72.65,60.58,-77.01,58.14
2400,87.73,549.87,-99.33,18.81
2401,-154.21,362.82,-88.41,18.09
2402,88.05,511.8,-92.39,27.96
2403,10.89,457.4,-93.38,19.31
2404,-77.57,400.96,-105.78,11.0
2405,-6.34,604.64,-103.33,21.31
2406,3.97,498.24,-89.33,25.17
2407,-42.68,463.84,-90.03,24.74
2408,0.02,500.27,-99.75,14.4
2409,-186.35,543.12,-96.55,12.26
2410,91.73,472.72,-98.69,16.43
2411,16.41,476.63,-97.79,18.07
2412,-52.1,335.47,-101.73,5.04
2413,-64.26,566.5,-96.93,22.04
2414,9.65,483.61,-96.28,11.18
2415,-2.57,1020.88,-110.58,-16.85
2416,-120.65,174.49,-81.22,38.59
2417,48.25,389.76,-86.08,25.69
2418,-33.92,447.74,-114.71,-15.77
2419,25.19,668.46,-74.95,32.32
2420,-56.42,424.31,-82.28,29.99
2421,33.53,851.0,-92.27,-0.9
2422,6.21,271.76,-104.13,5.12
2423,-22.23,553.42,-72.72,35.72
2424,-50.74,365.89,-94.56,23.03
2425,8.38,486.39,-99.04,18.19
2426,-20.69,513.79,-92.67,19.84
2427,-62.3,442.5,-92.53,15.17
2428,-18.54,464.7,-92.0,15.78
2429,73.81,648.96,-98.49,-4.08
2430,-85.87,305.14,-90.66,27.31
2431,10.37,552.56,-98.41,6.74
2432,-82.46,613.5,-96.65,15.43
2433,0.65,708.9,-102.92,5.76
2434,-23.91,412.66,-97.44,20.93
2435,54.49,418.72,-91.8,19.16
2436,-70.65,396.09,-95.06,25.36
2437,-69.89,426.68,-90.24,21.47
2438,-149.26,703.13,-91.58,22.6
2439,119.43,379.87,-106.33,20.97
2440,71.1,546.84,-103.16,23.84
2441,-21.47,684.08,-103.94,14.11
2442,-82.3,306.36,-103.79,15.02
2443,35.47,569.67,-99.92,29.06
2444,-31.87,415.98,-87.73,30.38
2445,-23.05,465.7,-101.04,14.89
2446,-23.57,463.67,-96.59,22.83
2447,-24.68,586.33,-96.83,21.68
2448,-116.29,536.82,-109.98,7.13
2449,-16.89,446.99,-90.35,30.03
2450,35.98,420.93,-95.0,26.33
2451,38.01,620.82,-103.08,11.77
2452,10.51,519.37,-93.76,27.95
2453,-28.48,543.89,-90.27,21.6
2454,-64.0,276.55,-105.96,13.35
2455,-92.41,467.47,-104.86,16.75
2456,37.1,622.47,-90.91,45.84
2457,-19.2,661.13,-95.44,21.87
2458,-23.76,431.98,-101.47,26.86
2459,-33.26,588.44,-109.9,-1.61
2460,-13.4,379.85,-90.2,43.03
2461,57.4,600.67,-111.28,13.14
2462,-136.05,349.93,-92.49,35.82
2463,78.96,655.11,-103.18,14.7
2464,-56.67,448.96,-99.32,22.77
2465,22.75,423.13,-93.61,34.85
2466,-59.83,639.08,-103.41,9.3
2467,-12.53,492.18,-108.73,11.66
2468,-26.76,475.69,-94.08,30.23
2469,34.52,500.66,-104.09,17.41
2470,-30.15,546.28,-99.95,34.99
2471,-60.93,387.29,-96.89,16.49
2472,-95.61,542.74,-87.54,35.46
2473,4.1,469.27,-97.2,25.7
2474,61.7,426.38,-107.77,18.33
2475,-114.64,572.5,-106.46,25.43
2476,-106.07,527.5,-116.88,1.16
2477,170.37,733.16,-108.92,14.8
2478,-12.5,303.23,-85.97,48.06
2479,-45.89,431.14,-93.16,26.07
2480,-38.76,403.64,-99.49,14.2
2481,-37.19,662.84,-105.88,13.24
2482,30.07,432.05,-105.26,20.26
2483,-79.83,502.43,-91.92,32.98
2484,-56.79,550.05,-109.13,10.51
2485,3.53,609.59,-109.44,18.15
2486,25.74,330.24,-104.92,39.48
2487,-0.4,475.05,-103.05,31.68
2488,-78.15,499.89,-100.93,15.34
2489,-39.32,932.74,-133.91,-17.44
2490,25.12,216.92,-80.62,79.92
2491,7.22,414.04,-103.66,39.61
2492,-4.82,600.78,-102.24,29.06
2493,-53.37,463.35,-111.53,26.14
2494,0.66,407.12,-110.43,30.84
2495,-6.51,467.82,-112.28,21.45
2496,-61.98,539.4,-111.48,9.38
2497,18.37,469.18,-104.25,30.6
2498,-115.14,389.0,-99.52,26.99
2499,-82.21,1039.87,-108.6,11.2
2500,-113.18,112.91,-104.61,37.86
2501,143.26,663.03,-112.26,23.38
2502,63.04,418.67,-104.96,35.21
2503,-22.07,427.44,-99.79,29.34
2504,-159.93,314.57,-113.45,11.73
2505,-112.71,617.06,-99.42,23.32
2506,106.65,597.79,-98.89,37.62
2507,47.88,416.43,-105.85,32.59
2508,2.88,948.49,-108.83,16.55
2509,-79.66,359.08,-106.24,18.56
2510,15.41,393.78,-91.23,44.96
2511,-11.61,363.24,-96.92,32.08
2512,-2.4,420.95,-107.81,16.85
2513,-160.27,521.43,-102.34,22.3
2514,93.41,521.91,-102.73,24.06
2515,-9.96,530.11,-102.47,23.27
2516,-22.16,491.33,-109.27,22.66
2517,-19.48,428.78,-109.82,27.0
2518,-58.51,486.11,-107.45,13.19
2519,-48.14,701.22,-106.02,16.99
2520,7.67,472.19,-94.65,30.07
2521,-104.55,449.09,-92.17,36.32
2522,-150.53,432.7,-104.84,24.95
2523,201.01,499.4,-107.75,27.7
2524,-5.76,536.45,-104.34,28.67
2525,-29.99,457.99,-102.56,26.73
2526,-29.18,708.31,-104.62,14.35
2527,-35.81,351.39,-97.59,40.83
2528,30.7,400.51,-102.3,18.82
2529,-14.21,551.29,-97.7,24.62
2530,2.15,462.23,-102.25,26.74
2531,-40.89,703.11,-106.57,17.1
2532,6.09,486.02,-116.88,-1.42
2533,-91.14,484.39,-89.6,48.26
2534,-58.31,386.49,-112.98,23.08
2535,43.46,570.91,-105.11,19.85
2536,-126.11,562.42,-99.24,29.46
2537,32.08,293.17,-105.7,20.73
2538,-12.76,574.26,-94.11,35.14
2539,69.31,546.2,-113.85,19.22
2540,-45.88,357.86,-114.87,12.77
2541,-29.0,462.86,-92.32,28.28
2542,-0.83,689.84,-101.47,24.6
2543,-58.6,402.37,-103.17,13.27
2544,-82.13,549.04,-97.36,29.64
2545,-49.03,446.36,-113.37,21.29
2546,46.72,711.14,-112.25,15.48
2547,43.61,452.94,-100.11,15.7
2548,-361.76,577.13,-101.84,20.01
2549,230.21,443.79,-108.43,28.96
2550,-5.95,400.88,-104.97,20.84
2551,-11.58,412.05,-108.66,19.96
2552,-19.24,704.07,-108.55,6.81
2553,-86.25,452.25,-101.29,31.92
2554,47.21,528.84,-102.49,27.72
2555,12.01,508.53,-107.98,25.05
2556,-93.03,537.72,-110.0,19.23
2557,16.38,498.12,-102.1,34.41
2558,-18.73,482.07,-103.47,21.92
2559,-7.5,411.8,-107.61,9.17
2560,-25.2,657.18,-104.91,20.41
2561,-25.12,405.53,-93.17,33.51
2562,-77.08,598.39,-113.11,13.68
2563,46.37,510.75,-111.64,9.02
2564,-132.76,326.31,-100.12,28.22
2565,-97.1,361.88,-107.6,21.06
2566,87.74,891.98,-104.32,28.35
2567,-11.63,402.36,-105.53,23.2
2568,16.06,370.37,-108.83,20.9
2569,41.26,746.7,-107.2,9.52
2570,-57.96,-655.64,-102.6,25.0
2571,-118.61,-596.8,-106.53,12.17
2572,-31.65,-402.09,-108.62,13.83
2573,-22.39,-506.61,-105.9,23.18
2574,-19.88,-604.06,-111.35,14.41
2575,-73.23,-356.14,-108.39,20.68
2576,-45.58,-283.69,-110.72,13.03
2577,104.53,-188.3,-108.28,28.83
2578,-54.41,-783.94,-107.46,36.03
2579,84.82,-419.35,-109.51,18.53
2580,-64.99,-547.77,-105.14,19.43
2581,-18.35,-590.79,-106.3,21.44
2582,-58.23,-263.54,-99.05,20.84
2583,52.94,-415.51,-99.02,26.1
2584,-11.11,-401.21,-107.35,13.59
2585,-29.41,-575.74,-98.61,32.41
2586,-92.41,-708.41,-113.18,19.05
2587,-128.43,-247.61,-110.7,27.43
2588,155.04,-372.24,-98.33,41.05
2589,-11.77,-560.31,-102.94,22.59
2590,24.09,-310.32,-118.12,-6.37
2591,-21.52,-585.64,-103.25,38.54
2592,0.33,-437.02,-96.81,32.71
2593,-39.73,-470.42,-102.8,26.9
2594,-177.98,-446.78,-98.9,26.91
2595,85.38,-477.36,-108.2,24.27
2596,-17.78,-595.73,-96.28,37.4
2597,-46.23,-381.34,-113.55,13.25
2598,-66.58,-511.97,-123.45,3.29
2599,34.26,-487.25,-93.14,41.02
2600,51.9,-588.48,-105.17,23.64
2601,-45.17,-544.74,-100.76,30.41
2602,-218.8,-499.73,-103.61,14.53
2603,79.95,-311.05,-115.39,10.54
2604,36.21,-477.71,-95.83,44.79
2605,-28.42,-388.05,-112.38,18.08
2606,42.47,-624.39,-100.88,33.87
2607,-36.21,-531.65,-101.0,27.47
2608,-29.62,-391.05,-112.41,16.75
2609,-53.72,-483.95,-103.12,33.14
2610,-9.7,-454.72,-97.18,36.17
2611,-64.1,-446.77,-106.62,17.77
2612,-5.36,-229.21,-113.67,21.12
2613,74.48,-607.25,-105.59,16.6
2614,-103.28,-699.16,-95.86,39.43
2615,30.61,-295.06,-101.39,33.67
2616,12.24,-547.62,-100.86,30.45
2617,4.53,-512.05,-96.63,25.39
2618,16.05,-349.48,-107.48,11.93
2619,-55.56,-401.73,-102.87,23.33
2620,-71.98,-359.32,-117.15,9.98
2621,-91.21,-709.96,-90.17,57.08
2622,45.64,-520.5,-98.06,25.16
2623,-6.05,-421.27,-103.08,15.07
2624,-192.02,-407.77,-97.63,22.49
2625,157.17,-565.85,-117.56,9.12
2626,17.92,-457.94,-106.06,25.66
2627,-140.09,-562.91,-98.28,27.74
2628,49.96,-361.64,-109.93,14.89
2629,-4.64,-515.78,-105.79,25.35
2630,-0.98,-557.55,-99.81,27.07
2631,-52.42,-534.63,-104.94,14.77
2632,-26.09,-454.44,-96.35,24.37
2633,-43.03,-405.63,-93.06,22.78
2634,-12.17,-611.57,-108.24,7.76
2635,-140.06,-379.26,-96.19,26.18
2636,112.14,-444.2,-99.46,26.28
2637,-71.0,-396.69,-101.38,11.48
2638,-6.47,-308.72,-115.49,-7.26
2639,55.64,-607.84,-92.58,39.67
2640,-120.36,-601.14,-104.26,9.75
2641,-15.31,-455.87,-107.28,21.47
2642,40.09,-342.69,-108.29,15.38
2643,30.66,-598.84,-104.78,13.73
2644,-54.09,-651.47,-108.5,21.41
2645,-110.66,-396.51,-104.12,11.6
2646,-5.13,64.83,-117.28,11.06
2647,22.95,17.97,-96.67,36.59
2648,-27.97,359.79,-100.77,14.93
2649,46.29,618.93,-104.56,16.5
2650,-125.88,552.52,-115.05,15.68
2651,39.39,475.27,-113.53,8.95
2652,-41.58,631.97,-107.66,17.05
2653,10.59,382.77,-106.15,26.08
2654,-105.66,470.14,-110.06,8.92
2655,-40.79,805.55,-102.4,8.57
2656,102.26,426.25,-109.11,27.78
2657,-70.75,283.21,-102.52,33.23
2658,-137.08,486.58,-114.15,11.78
2659,113.46,631.64,-108.82,19.21
2660,-120.57,358.11,-101.27,20.95
2661,59.37,493.56,-109.03,17.66
2662,-38.63,585.84,-95.42,29.46
2663,-63.19,550.99,-128.23,-8.81
2664,47.15,579.49,-108.53,27.86
2665,-54.32,273.05,-105.73,34.35
2666,16.56,518.95,-98.09,36.49
2667,-64.01,496.27,-101.11,24.04
2668,4.7,464.64,-108.92,20.9
2669,-122.38,549.66,-99.0,12.22
2670,84.39,518.25,-108.95,19.14
2671,2.92,474.23,-117.01,19.51
2672,-27.85,524.01,-113.62,9.01
2673,-38.24,718.3,-120.18,3.94
2674,16.25,300.62,-102.03,33.88
2675,-97.71,445.5,-90.55,32.36
2676,-113.96,515.63,-112.4,10.82
2677,116.48,516.82,-126.32,0.76
2678,-13.47,465.23,-110.63,22.33
2679,45.75,527.81,-96.94,29.83
2680,-76.45,396.7,-104.82,35.54
2681,-2.51,482.38,-106.53,17.63
2682,-108.28,653.18,-113.61,14.65
2683,-23.43,466.98,-91.01,34.35
2684,-13.5,408.74,-115.65,9.99
2685,1.5,549.55,-108.13,17.15
2686,64.96,638.55,-111.56,29.04
2687,45.17,490.71,-111.4,29.45
2688,-22.14,357.91,-109.58,25.37
2689,-29.89,443.3,-111.17,26.85
2690,-29.01,434.17,-113.19,23.35
2691,-192.38,466.95,-112.28,7.02
2692,49.18,965.4,-119.98,10.68
2693,-86.1,140.99,-100.69,37.38
2694,-11.91,497.81,-112.77,27.0
2695,83.0,605.11,-107.6,35.9
2696,21.53,538.44,-107.75,30.82
2697,-13.54,365.35,-109.66,30.4
2698,-22.98,436.42,-106.93,26.06
2699,-25.77,466.46,-104.77,24.6
2700,-44.68,467.16,-104.09,22.46
2701,-45.04,466.92,-105.03,16.33
2702,-342.89,572.77,-116.5,-5.52
2703,242.83,648.03,-121.25,3.68
2704,-4.5,823.57,-99.12,37.83
2705,55.5,673.19,-113.15,5.87
2706,23.68,339.86,-109.92,22.93
2707,-34.82,299.53,-81.19,67.96
2708,6.24,396.19,-101.31,31.75
2709,-17.92,499.45,-103.74,21.05
2710,-17.64,467.16,-99.88,24.47
2711,-28.97,471.54,-99.87,18.54
2712,-30.92,470.15,-105.76,15.74
2713,-136.53,535.84,-101.92,10.27
2714,21.44,481.93,-97.23,21.67
2715,18.69,563.46,-106.61,18.68
2716,-54.77,479.28,-104.92,18.17
2717,46.34,499.09,-109.29,9.04
2718,8.84,617.22,-113.86,0.6
2719,-156.71,371.3,-80.05,45.2
2720,-76.74,394.7,-96.19,26.1
2721,130.71,862.04,-98.5,25.91
2722,21.61,258.56,-109.12,14.42
2723,-106.96,483.34,-102.34,18.3
2724,13.57,514.02,-107.36,21.54
2725,-12.83,409.51,-108.26,19.2
2726,-48.03,587.36,-104.43,17.84
2727,71.87,760.64,-105.03,12.04
2728,-56.12,376.63,-99.13,18.47
2729,-54.57,322.44,-92.64,27.36
2730,-36.54,634.46,-109.27,19.77
2731,-1.41,521.82,-108.47,14.55
2732,-38.89,432.5,-102.6,26.16
2733,-26.21,454.32,-87.89,40.81
2734,-35.27,477.84,-102.15,24.04
2735,8.29,449.75,-115.1,4.82
2736,4.84,840.79,-109.52,4.95
2737,5.34,522.55,-101.22,19.08
2738,-138.05,208.35,-107.94,22.1
2739,55.61,461.22,-101.55,28.08
2740,44.55,735.12,-90.97,26.5
2741,-46.6,478.21,-108.47,9.23
2742,13.12,382.12,-96.96,27.65
2743,-145.4,282.72,-109.25,-4.92
2744,-155.89,974.5,-99.33,34.0
2745,155.12,400.54,-104.7,17.83
2746,76.49,489.9,-100.83,26.53
2747,-56.08,401.99,-101.5,23.55
2748,-117.93,598.69,-108.11,10.54
2749,87.87,488.08,-105.89,18.81
2750,18.95,396.21,-113.23,9.22
2751,-58.99,533.68,-102.32,22.39
2752,-2.63,511.8,-94.85,24.46
2753,-60.53,419.52,-106.93,7.03
2754,13.52,508.78,-99.28,21.72
2755,-155.39,719.24,-101.11,16.75
2756,35.07,489.61,-95.39,35.46
2757,70.2,419.16,-104.69,16.65
2758,16.47,529.16,-115.31,2.31
2759,-71.35,373.63,-93.39,36.17
2760,-116.0,693.17,-97.08,19.69
2761,34.12,421.66,-101.38,17.69
2762,25.21,523.82,-97.71,24.99
2763,-14.88,438.19,-84.37,43.17
2764,-56.22,551.07,-96.98,13.03
2765,-72.87,487.39,-106.71,7.12
2766,-72.88,487.97,-95.36,31.09
2767,91.1,497.66,-100.78,14.81
2768,-10.61,516.82,-103.63,10.25
2769,-37.2,711.97,-105.41,17.46
2770,-75.29,266.79,-100.66,17.78
2771,41.67,-436.92,-99.4,21.15
2772,18.84,-527.91,-96.1,16.45
2773,-78.32,-509.41,-101.9,20.2
2774,-63.94,-517.92,-102.33,15.62
2775,73.3,-353.15,-93.48,29.96
2776,18.63,-442.04,-101.62,17.26
2777,-25.87,-494.08,-111.94,-0.7
2778,-97.04,-374.73,-100.64,26.23
2779,26.68,-660.62,-101.12,17.91
2780,-111.2,-431.74,-98.45,29.03
2781,96.56,-414.92,-100.78,9.74
2782,-59.54,-643.48,-94.02,14.46
2783,45.86,-416.69,-104.54,13.89
2784,-81.88,-250.05,-105.6,-4.36
2785,-148.64,-680.54,-86.36,41.54
2786,152.36,-349.88,-92.86,24.15
2787,-0.62,-460.72,-104.51,5.28
2788,-25.13,-520.62,-107.54,4.35
2789,-90.2,-571.8,-95.31,27.79
2790,-63.19,-427.86,-98.98,8.78
2791,-59.55,-452.92,-87.67,34.41
2792,33.41,-396.23,-109.62,-0.74
2793,16.7,-446.3,-95.29,29.49
2794,31.75,-589.36,-95.12,28.26
2795,-122.52,-393.8,-97.53,8.11
2796,25.8,-486.61,-96.93,18.19
2797,-27.71,-417.44,-108.5,-3.71
2798,75.68,-303.93,-100.79,10.14
2799,-76.96,-652.91,-69.91,60.21
2800,-48.43,-555.57,-93.24,22.21
2801,-38.04,-527.01,-103.7,-1.42
2802,-16.1,138.98,-122.23,-32.3
2803,27.97,-743.33,-80.07,59.51
2804,-13.68,-661.05,-86.2,42.52
2805,-63.57,-470.93,-89.29,18.56
2806,-31.3,-483.1,-97.26,13.48
2807,-69.93,-577.15,-100.34,20.36
2808,-23.01,-452.61,-107.47,2.55
2809,-26.7,-337.2,-105.14,8.7
2810,60.41,-451.56,-86.48,35.97
2811,6.22,-563.77,-93.09,25.14
2812,-94.74,-369.86,-93.42,10.41
2813,54.96,-323.92,-113.77,-13.71
2814,-21.19,-683.46,-98.86,28.93
2815,-38.45,-580.75,-105.15,12.86
2816,0.03,-427.96,-92.88,17.46
2817,11.56,-470.07,-94.14,28.01
2818,-173.59,-495.62,-96.19,19.03
2819,106.75,-380.79,-115.36,-7.29
2820,-158.38,-264.51,-94.81,16.38
2821,-20.91,-675.34,-112.99,0.62
2822,45.79,-426.54,-98.54,22.3
2823,-5.89,-597.4,-86.24,31.78
2824,19.34,-448.06,-90.31,20.36
2825,-29.07,-413.95,-102.24,6.79
2826,-57.69,-634.78,-105.68,3.27
2827,-91.65,-544.89,-87.51,31.72
2828,33.51,-358.43,-108.54,14.13
2829,67.51,-396.03,-95.62,19.44
2830,-39.15,-483.84,-99.48,10.08
2831,-87.22,-446.74,-91.09,20.53
2832,-61.8,-605.15,-95.01,20.4
2833,85.44,-350.2,-109.12,2.65
2834,-54.8,-426.91,-102.1,34.24
2835,-158.14,-744.26,-109.78,16.43
2836,142.73,-379.92,-103.08,29.9
2837,6.7,-427.01,-108.69,16.4
2838,12.51,-442.96,-102.05,25.93
2839,-40.89,-479.29,-95.43,18.87
2840,-149.09,-499.07,-101.59,11.84
2841,29.68,-537.2,-111.21,8.03
2842,-143.33,-488.15,-109.57,-2.71
2843,63.69,-340.43,-98.89,38.67
2844,23.83,-602.47,-105.84,19.35
2845,25.27,-511.0,-106.06,19.76
2846,13.42,-321.76,-102.18,22.77
2847,12.14,-548.09,-102.62,20.55
2848,-25.38,-608.76,-106.6,20.63
2849,-38.07,-543.94,-109.6,22.36
2850,-10.7,-496.08,-104.32,28.14
2851,-32.89,-517.73,-108.02,21.05
2852,-38.18,-470.52,-109.89,11.87
2853,-177.25,-426.74,-126.4,-9.72
2854,-173.01,-431.64,-132.12,-5.15
2855,214.08,-297.66,-100.42,49.06
2856,49.96,-671.86,-98.93,39.65
2857,50.46,-310.26,-106.2,7.62
2858,-30.13,-421.73,-108.33,16.65
2859,-7.69,-705.98,-100.29,23.38
2860,-20.26,-542.69,-110.58,15.43
2861,-27.63,-519.78,-99.74,23.03
2862,-11.04,-502.86,-102.94,19.54
2863,8.4,-305.67,-115.44,6.44
2864,-58.38,-642.02,-109.23,23.12
2865,-85.84,-625.61,-117.75,2.94
2866,-240.72,-41.81,-115.85,0.39
2867,127.29,-117.43,-121.13,0.91
2868,-24.51,-831.89,-78.7,61.94
2869,67.51,-578.54,-107.33,28.25
2870,26.75,-517.53,-98.92,28.28
2871,-2.63,-547.82,-106.24,30.36
2872,-30.82,-521.51,-110.28,20.89
2873,-16.76,-505.8,-104.21,27.16
2874,-156.28,-550.89,-97.41,24.65
2875,57.65,-444.41,-112.46,14.89
2876,23.49,-398.3,-114.69,24.76
2877,6.72,-542.96,-112.46,16.22
2878,-93.6,-533.77,-106.49,15.33
2879,-46.1,-335.31,-120.58,-5.17
2880,66.94,-525.18,-105.87,35.85
2881,69.15,-483.79,-108.88,8.97
2882,-92.43,-360.64,-108.83,16.74
2883,-134.14,-575.37,-86.36,37.18
2884,89.04,-416.74,-102.5,15.71
2885,2.76,-502.67,-111.54,6.73
2886,-60.34,-302.83,-103.87,10.56
2887,54.9,-569.1,-91.91,43.61
2888,-62.35,-553.35,-105.4,17.76
2889,-36.14,-519.95,-95.33,25.89
2890,8.08,-571.73,-103.49,9.59
2891,-51.66,-389.99,-101.57,18.25
2892,-6.97,-487.17,-102.38,17.6
2893,41.88,-509.16,-114.63,0.79
2894,-95.2,-543.76,-112.45,7.37
2895,-93.8,-367.56,-95.56,28.43
2896,-38.71,-565.91,-96.6,31.39
2897,46.27,-365.56,-115.34,1.29
2898,-111.95,-269.07,-117.6,-11.83
2899,-6.86,-679.97,-92.19,53.51
2900,95.36,-492.02,-106.5,25.21
2901,-4.63,-565.61,-102.76,17.01
2902,-23.09,-597.99,-111.73,15.35
2903,-80.83,-330.9,-100.48,6.17
2904,29.66,-458.58,-102.57,24.95
2905,21.72,-354.18,-97.57,25.15
2906,-209.31,-552.27,-104.08,7.64
2907,60.3,-507.17,-100.01,29.46
2908,16.27,-509.51,-100.23,24.57
2909,-12.36,-512.96,-102.19,6.8
2910,-83.81,-198.07,-99.71,13.76
2911,89.2,-630.62,-100.81,25.2
2912,-84.45,-632.09,-107.76,14.16
2913,-124.19,-657.24,-123.33,-7.74
2914,83.55,-310.4,-80.34,47.88
2915,12.33,-356.98,-93.64,21.49
2916,-32.88,-486.73,-93.8,15.02
2917,-106.06,-516.75,-96.22,11.3
2918,14.25,-340.78,-104.96,17.39
2919,-34.38,-508.92,-96.83,17.83
2920,21.61,-539.35,-105.65,6.5
2921,-85.74,-547.61,-100.64,23.06
2922,15.57,-205.45,-110.82,0.06
2923,-14.57,-584.01,-91.64,28.23
2924,-17.49,-516.75,-82.33,28.81
2925,-233.34,-476.99,-122.61,-30.78
2926,172.79,-108.17,-88.56,32.06
2927,30.34,-663.45,-87.81,39.99
2928,-29.19,-481.63,-91.99,7.57
2929,-133.96,-460.14,-80.81,26.34
2930,11.14,-558.12,-92.71,26.37
2931,-3.21,-480.52,-104.3,18.72
2932,29.82,-530.04,-105.28,8.77
2933,-13.91,-518.6,-90.55,21.61
2934,-1.08,-479.84,-101.13,12.62
2935,-84.01,-486.32,-97.91,11.94
2936,-84.06,-368.35,-103.42,10.92
2937,26.85,-525.71,-120.23,-2.31
2938,116.13,-144.52,-95.86,26.76
2939,-11.34,-571.52,-117.08,1.71
2940,-182.82,-357.97,-101.29,13.98
2941,60.53,-715.88,-93.98,36.53
2942,-162.57,-617.46,-98.19,11.71
2943,84.7,-556.67,-104.3,12.43
2944,-43.49,-243.35,-96.38,25.85
2945,28.56,-144.88,-103.65,18.69
2946,7.16,-660.07,-107.46,7.99
2947,-66.91,-442.45,-108.31,19.16
2948,18.41,-582.3,-90.6,31.47
2949,27.93,-478.62,-108.09,-1.83
2950,7.69,-284.36,-101.3,20.99
2951,-70.19,-679.91,-92.76,38.55
2952,-60.45,-558.7,-101.13,11.78
2953,25.99,-243.69,-105.0,1.81
2954,-154.81,-611.21,-95.46,19.22
2955,28.73,-491.74,-109.85,-2.66
2956,17.91,-519.34,-91.95,32.22
2957,-129.65,-394.15,-83.41,37.46
2958,-33.54,-573.64,-104.05,17.61
2959,72.91,-258.62,-103.62,11.74
2960,78.34,-422.83,-103.8,21.41
2961,-49.24,-651.84,-91.61,35.31
2962,-136.07,-519.13,-99.73,4.14
2963,-104.02,-276.87,-107.72,5.21
2964,92.46,-484.1,-103.64,16.33
2965,-11.81,-575.36,-84.71,47.18
2966,7.14,-278.16,-94.68,21.91
2967,-2.82,-600.41,-95.68,22.0
2968,-40.79,-511.64,-105.86,4.92
2969,-30.99,-570.32,-92.7,30.18
2970,44.35,-459.46,-100.85,21.54
2971,-4.69,-175.17,-91.52,26.6
2972,-95.39,-544.87,-103.67,18.21
2973,-64.71,-709.25,-107.5,15.14
2974,-33.8,-496.6,-97.52,24.79
2975,74.21,-308.0,-111.05,22.94
2976,-108.3,-709.07,-94.08,26.36
2977,-39.64,-452.93,-88.18,31.14
2978,50.74,-444.09,-94.15,31.91
2979,-139.13,-401.19,-98.92,22.6
2980,60.43,-566.15,-95.86,22.32
2981,-42.31,-337.22,-106.27,4.21
2982,-27.19,-534.2,-119.62,0.48
2983,29.59,-412.71,-77.49,66.96
2984,-16.59,-490.72,-96.15,32.79
2985,-12.05,-518.24,-111.15,8.18
2986,-37.23,-408.22,-90.22,43.43
2987,-16.6,-471.09,-103.18,25.24
2988,-15.69,-601.69,-103.82,21.46
2989,-110.95,-562.82,-119.11,9.26
2990,92.75,-266.0,-111.39,16.02
2991,-56.97,-635.59,-104.4,28.35
2992,-26.09,-311.33,-99.35,35.19
2993,-81.84,-444.46,-94.47,35.25
2994,28.07,-513.65,-106.49,12.88
2995,-17.79,-551.58,-98.19,30.74
2996,-77.18,-429.68,-98.27,30.94
2997,-7.93,-616.96,-107.49,9.63
2998,67.83,-372.26,-97.86,18.05
2999,18.9,-432.68,-100.58,29.15
