,ch1,ch2,ch3,ch4
0,-2.83,3.72,28.58,5.67
1,-4.53,6.85,29.45,19.8
2,-16.15,22.93,28.71,-13.25
3,-6.17,30.14,36.3,4.07
4,-0.75,23.94,29.28,-14.17
5,-24.47,-10.81,33.31,-2.88
6,-18.58,-6.06,24.27,23.43
7,-6.28,29.32,35.21,-6.39
8,-16.43,17.71,35.85,-7.83
9,-20.63,15.67,27.06,5.91
10,-7.67,-1.89,45.22,-16.2
11,-8.6,-21.42,30.41,-2.06
12,-17.62,16.38,17.85,26.25
13,-7.54,5.8,24.45,-19.02
14,-6.05,-24.28,21.16,-9.43
15,-21.04,19.65,23.04,-4.73
16,-19.28,39.2,32.19,-19.24
17,6.0,18.86,20.25,52.51
18,-13.02,-26.06,42.89,-6.57
19,-11.23,41.42,29.13,-12.58
20,-6.69,10.92,29.19,-2.05
21,-11.88,-12.83,29.06,-3.88
22,-23.66,-0.45,27.62,-9.21
23,-12.45,12.61,38.2,7.63
24,6.88,37.39,24.8,0.13
25,-16.41,4.84,38.77,21.5
26,-24.6,-4.48,28.7,-13.67
27,-5.69,32.92,25.93,-9.13
28,-9.38,-8.69,37.11,2.74
29,-14.23,17.56,28.2,26.05
30,-6.3,43.97,25.57,-18.98
31,-6.13,-51.15,52.38,-21.5
32,-23.53,-12.93,18.21,8.71
33,-5.13,19.21,25.5,-7.9
34,-0.42,15.86,22.67,6.77
35,-16.1,5.66,35.07,-2.27
36,-15.07,24.95,33.13,-3.02
37,1.14,-21.38,30.87,-1.07
38,-17.66,11.42,36.34,14.09
39,-26.33,4.99,26.96,-4.82
40,-7.05,3.14,35.01,-6.61
41,-4.81,54.55,17.56,-16.18
42,-17.81,-3.32,41.15,-1.45
43,-9.07,12.06,27.44,33.02
44,-3.75,33.91,31.54,-18.26
45,-17.37,9.45,37.15,-8.62
46,-15.81,-3.67,32.28,-2.76
47,1.74,28.25,34.15,-0.59
48,-19.07,14.48,46.23,-4.28
49,-22.62,15.0,40.86,18.68
50,5.09,55.83,27.56,-4.2
51,-9.65,21.78,29.24,8.56
52,-26.76,-0.97,22.76,-11.81
53,-17.01,41.18,47.47,-0.39
54,-6.79,2.71,20.28,-10.48
55,-21.21,5.08,20.81,-3.62
56,-14.73,32.9,34.3,-2.35
57,3.18,-20.5,35.12,-5.93
58,-10.96,-19.84,35.03,58.77
59,-14.47,44.24,17.67,-56.49
60,-10.44,35.69,40.42,-6.62
61,-5.56,9.85,37.06,31.58
62,-16.01,23.12,36.62,-52.13
63,-13.22,14.71,34.53,34.08
64,-2.0,29.22,23.61,1.01
65,-14.98,17.72,35.39,-7.01
66,-15.25,10.37,38.88,-2.49
67,-4.71,8.66,33.53,-7.45
68,-8.27,16.42,35.01,20.61
69,-17.98,2.47,36.06,13.11
70,-5.35,45.8,25.73,-3.42
71,-2.87,64.99,29.28,3.58
72,-13.71,-1.3,13.85,-14.24
73,-10.84,-59.4,44.61,45.89
74,-0.63,-2.32,34.22,-58.61
75,-16.19,28.81,31.3,4.45
76,-13.91,15.59,31.53,5.2
77,-6.29,47.67,27.73,-14.88
78,-17.82,-49.46,20.11,-10.54
79,-20.49,8.3,43.88,6.78
80,-2.31,-41.56,33.56,0.85
81,-15.75,-4.18,37.52,-22.36
82,-21.89,62.75,42.39,20.43
83,-14.84,27.16,9.37,8.47
84,0.44,-0.23,36.92,27.5
85,-15.39,51.72,27.34,-11.48
86,-13.21,18.42,34.75,-3.19
87,-0.02,30.2,26.97,-0.78
88,-3.97,12.55,25.27,-0.24
89,-8.46,54.56,24.9,52.59
90,-14.39,-20.01,27.66,-43.59
91,-2.99,-7.37,25.88,-5.68
92,-23.05,22.26,31.97,1.78
93,-23.43,-17.09,38.23,19.59
94,-11.6,2.31,28.86,-7.89
95,-23.8,8.76,25.75,-11.52
96,-13.42,-15.7,35.33,10.98
97,2.85,64.81,27.25,-13.06
98,-12.71,-29.79,29.74,-13.25
99,-16.08,12.51,32.61,-24.55
100,-9.79,12.84,29.42,19.6
101,-14.4,8.19,31.01,8.92
102,-22.14,-45.67,33.63,-19.33
103,-7.15,44.14,40.11,18.18
104,-2.19,38.16,14.57,32.88
105,-7.3,25.94,24.78,-29.37
106,0.67,41.45,33.39,33.46
107,3.5,38.27,33.4,-15.2
108,-31.62,-19.95,25.95,-15.0
109,-37.68,-29.15,26.31,-13.49
110,-4.8,18.28,13.36,1.87
111,-9.74,20.34,38.35,2.02
112,-11.41,27.4,28.08,-5.56
113,-6.08,14.78,43.07,25.51
114,6.43,27.58,35.32,-13.01
115,-18.31,28.52,38.73,8.97
116,-12.64,-44.85,31.56,-9.57
117,3.35,5.1,34.86,-4.71
118,-18.0,-13.51,28.46,-5.3
119,-21.93,13.64,55.77,6.1
120,-2.87,22.68,24.27,10.16
121,1.37,7.55,23.63,25.42
122,-24.82,12.59,32.6,-39.04
123,-20.34,-12.45,22.04,-30.9
124,-14.83,-46.58,38.45,17.2
125,-26.39,2.06,28.18,-1.61
126,-17.55,3.32,34.84,16.47
127,-0.72,-14.19,31.25,2.82
128,-14.69,38.82,34.42,1.69
129,-22.98,1.86,33.99,3.22
130,-4.72,-13.59,29.94,0.08
131,-2.5,16.49,20.63,-5.33
132,-11.51,42.94,21.14,-1.41
133,-11.18,2.51,40.35,60.96
134,-7.47,-15.74,32.52,-35.41
135,-14.31,13.24,27.27,-12.75
136,-14.92,-17.14,28.45,-4.34
137,-0.24,40.8,26.1,-7.13
138,-14.72,-4.59,31.27,-1.87
139,-20.73,-4.18,45.35,8.33
140,2.39,-9.99,43.08,1.02
141,-1.96,71.8,12.96,-8.37
142,-24.86,-31.11,32.18,-7.46
143,-30.12,-28.09,16.73,-6.19
144,-17.24,-5.17,28.5,-8.38
145,-23.37,8.05,29.29,3.56
146,-15.1,6.51,31.61,0.42
147,-3.33,-26.06,29.65,-1.83
148,-11.22,15.65,29.89,20.98
149,-25.65,29.1,24.2,-11.42
150,-7.06,-3.42,31.32,-11.85
151,-4.92,25.61,29.93,-10.61
152,-15.04,21.39,31.63,0.08
153,-9.83,21.21,32.6,4.09
154,-5.75,14.92,22.2,1.59
155,-7.03,46.8,29.05,9.47
156,13.07,11.62,26.53,1.61
157,9.05,-5.55,21.56,-4.2
158,-42.67,39.85,22.28,-2.26
159,-33.7,-43.16,23.95,-0.7
160,-11.11,10.28,26.37,1.27
161,-18.02,-36.43,27.48,-3.42
162,-15.29,-38.07,29.28,9.56
163,-13.01,47.33,30.22,1.14
164,-11.72,54.37,26.54,-5.67
165,-2.75,89.65,31.16,1.82
166,-13.64,-51.5,32.5,-1.09
167,38.65,-63.97,27.27,-1.71
168,44.83,39.44,25.23,1.04
169,-54.51,74.98,30.07,0.68
170,-44.92,2.11,29.19,-1.66
171,-4.32,-53.5,31.22,-1.23
172,-8.54,-7.94,25.25,-6.97
173,25.56,1.41,25.84,-3.05
174,-55.62,2.52,27.2,-2.76
175,-43.34,32.64,32.12,6.77
176,9.74,-0.71,24.62,-0.55
177,-22.19,14.58,27.52,-3.04
178,-58.85,15.04,30.99,6.9
179,22.67,47.45,29.63,0.67
180,229.62,103.11,25.57,-4.08
181,-86.77,-22.55,27.65,-4.39
182,-145.31,-41.77,34.65,7.07
183,-65.07,-29.86,27.84,-7.46
184,-15.07,26.05,30.6,-1.22
185,-9.22,45.44,30.68,1.46
186,255.44,80.75,24.59,2.65
187,-76.62,-27.34,19.33,-6.52
188,60.17,27.98,34.49,7.74
189,-112.73,11.09,33.17,4.35
190,-165.84,-14.31,42.64,3.24
191,66.43,21.88,26.68,-5.48
192,-33.12,38.09,24.41,-4.85
193,30.32,104.22,31.59,4.1
194,131.55,127.85,36.04,9.75
195,-205.67,-76.98,29.82,-0.08
196,-10.52,68.28,35.39,5.85
197,-4.47,-51.06,16.26,-18.83
198,68.38,-82.61,27.01,-2.34
199,7.37,28.4,22.39,-1.21
200,-106.18,88.01,24.49,6.0
201,57.71,42.91,24.64,-2.26
202,-111.7,-28.29,23.48,-6.67
203,-69.78,-13.68,21.76,-8.77
204,157.06,154.86,25.9,-4.06
205,119.43,77.15,28.25,1.28
206,68.22,42.95,23.42,-2.46
207,-72.38,-81.95,3.2,-25.44
208,-48.58,-13.26,14.51,-16.45
209,-42.38,-20.79,31.68,-0.34
210,24.02,36.67,21.37,-6.82
211,28.44,30.25,22.03,-10.73
212,-9.14,64.62,24.46,-4.19
213,-8.47,-8.8,24.28,-7.84
214,-13.27,46.72,19.17,-8.77
215,5.1,-20.65,19.73,-9.98
216,32.79,19.25,25.85,-8.96
217,0.78,29.81,20.79,-8.68
218,-72.5,-4.51,21.91,-5.73
219,-15.17,59.64,22.01,-9.04
220,73.45,6.68,31.3,-13.08
221,70.66,83.87,24.6,-14.26
222,-41.03,10.27,24.78,-4.78
223,74.26,44.55,22.04,-10.38
224,-90.93,37.87,23.05,-6.43
225,-96.13,-88.4,28.77,-4.42
226,31.88,10.93,27.14,-3.38
227,78.27,109.01,19.27,-16.12
228,-102.62,-26.65,28.94,-5.7
229,-60.79,10.66,32.86,-0.13
230,37.28,39.77,26.71,-6.54
231,-73.99,34.58,25.48,-3.03
232,11.11,41.41,29.3,3.58
233,111.85,15.71,12.03,-11.08
234,32.23,-14.99,24.7,-11.46
235,-4.13,7.7,33.09,-2.53
236,2.17,46.41,29.93,-3.15
237,-13.9,7.9,28.73,-6.93
238,-104.08,73.11,32.75,9.27
239,-31.89,47.78,30.44,2.57
240,81.91,-26.63,16.73,-18.2
241,0.02,-35.04,26.98,-9.41
242,8.46,6.04,29.45,0.8
243,26.82,10.36,21.48,-4.52
244,7.92,112.1,21.6,-5.92
245,7.23,-12.04,30.91,5.27
246,7.66,38.31,35.04,3.9
247,-23.91,-12.17,28.0,-4.09
248,-20.65,17.43,31.24,1.17
249,-49.63,7.65,20.52,4.65
250,-74.58,8.64,32.31,5.47
251,74.87,26.72,29.1,3.65
252,13.45,10.49,12.52,-11.94
253,21.67,62.3,19.92,-6.75
254,-99.84,-18.32,24.14,-0.56
255,13.52,-38.75,23.39,2.32
256,-81.57,-4.08,19.75,-7.65
257,59.86,43.8,21.18,-9.18
258,-81.69,3.95,21.42,-0.51
259,-8.32,103.65,28.85,0.09
260,58.65,-1.64,19.21,-13.23
261,0.61,-51.61,22.18,-9.86
262,-17.38,-20.29,24.23,-6.11
263,-29.7,16.79,33.12,0.12
264,10.57,22.76,34.29,3.94
265,58.16,88.08,24.47,-8.31
266,-66.0,-5.57,24.62,-6.49
267,-66.2,47.14,25.67,-0.76
268,32.77,-47.62,25.25,-6.61
269,29.77,21.4,19.07,-9.55
270,17.0,13.01,27.58,-6.38
271,35.41,9.37,22.37,-5.03
272,19.77,35.02,36.43,-8.29
273,20.25,50.86,37.74,-3.25
274,-49.65,-18.59,17.83,-15.44
275,-13.97,-15.27,35.47,-0.5
276,-19.85,13.26,35.09,4.66
277,36.87,29.65,32.05,-4.26
278,13.9,23.4,9.14,-21.76
279,-39.76,-43.75,24.73,-10.4
280,-12.27,-9.17,19.62,-13.15
281,4.23,55.42,23.72,-11.47
282,4.52,20.89,42.32,6.6
283,-17.42,-38.58,26.96,-15.55
284,-8.04,5.69,23.51,-13.0
285,-24.0,-40.4,28.68,-5.34
286,-49.3,7.08,35.02,1.19
287,16.65,25.85,25.58,-15.63
288,-6.63,-43.25,35.31,2.19
289,131.03,-21.54,29.84,-14.5
290,15.23,-3.3,13.74,-18.14
291,-77.41,-17.51,36.1,-2.42
292,-78.93,28.49,45.48,5.46
293,-25.04,-8.83,23.94,-10.33
294,-55.37,-22.79,22.68,-4.97
295,-53.3,67.46,19.85,-3.33
296,34.36,-14.36,30.18,-0.75
297,-0.45,5.48,27.74,-0.3
298,-100.35,-25.43,37.07,-8.17
299,-15.92,-57.98,27.96,-5.34
300,92.4,27.95,20.16,-7.0
301,11.22,22.13,31.06,-2.95
302,-4.27,-1.97,21.19,0.87
303,-4.65,16.95,21.93,-0.91
304,-27.46,24.1,40.35,7.52
305,6.51,81.91,32.56,5.13
306,-12.36,79.74,17.77,1.85
307,-59.23,-76.74,35.49,-2.68
308,-1.5,-40.5,41.55,0.96
309,-27.27,15.06,22.96,3.64
310,-18.73,55.66,43.95,4.44
311,-47.99,-78.21,33.16,-0.31
312,-103.86,-46.79,36.45,7.57
313,40.36,-15.45,13.55,-3.36
314,46.89,26.07,29.67,-14.61
315,-30.48,22.15,35.85,3.29
316,-7.62,-2.61,31.35,-0.53
317,67.49,48.13,24.57,-4.17
318,13.31,51.29,32.24,-1.04
319,-54.52,6.87,39.96,2.18
320,75.93,45.16,25.04,-7.3
321,-49.58,-2.88,36.8,-7.27
322,-105.74,-38.29,40.78,2.67
323,-21.6,32.44,26.09,-3.71
324,-16.29,-52.96,31.22,-4.7
325,-55.86,-23.62,33.22,-0.5
326,-23.12,27.99,32.24,-0.86
327,10.4,20.12,26.13,-6.14
328,43.3,16.87,38.5,-4.84
329,-49.43,-52.82,17.52,-4.74
330,-70.86,-23.06,26.36,-2.61
331,-29.6,-5.66,37.55,-3.81
332,29.35,37.28,31.24,0.53
333,12.85,11.62,31.74,-9.15
334,-55.67,5.23,22.17,-5.19
335,-5.77,-27.82,32.15,-3.7
336,13.11,31.39,28.19,-5.28
337,-0.54,3.5,28.48,-8.54
338,1.37,18.13,31.17,-3.32
339,-19.73,45.71,36.22,-0.25
340,-3.08,-2.03,22.51,0.62
341,-5.82,24.34,31.87,-4.7
342,-51.67,-72.89,38.1,-0.68
343,-40.09,-29.84,30.42,-6.76
344,-10.34,-5.68,26.72,-0.22
345,-7.29,24.33,32.54,1.92
346,-28.29,-42.66,45.12,3.99
347,-6.29,-7.34,13.61,-12.34
348,3.24,1.39,32.84,-1.76
349,28.81,4.2,24.67,-6.02
350,17.06,9.85,28.39,-2.76
351,-4.73,20.43,33.01,0.06
352,-76.28,10.77,25.86,1.51
353,83.58,110.27,31.03,2.04
354,-40.5,-28.51,31.8,-3.38
355,-61.62,-31.84,29.03,-2.56
356,-26.3,-18.58,30.13,-3.23
357,37.34,11.7,33.45,-4.4
358,77.81,16.79,26.54,-0.88
359,-86.34,-32.81,24.32,0.41
360,-49.12,-21.63,14.86,0.01
361,-42.65,-6.64,30.24,-1.74
362,-32.43,7.66,29.74,8.78
363,-0.2,23.83,35.21,4.3
364,13.28,-1.84,44.58,-0.87
365,-42.96,23.9,17.14,7.3
366,9.98,17.46,28.65,1.42
367,-31.34,-20.45,31.85,1.31
368,-3.06,4.51,21.16,-1.18
369,-11.41,9.92,37.07,3.4
370,22.9,47.57,33.93,-0.11
371,-10.79,-10.57,32.19,4.12
372,-57.67,25.25,19.5,4.37
373,-65.93,49.31,33.46,5.84
374,59.89,-12.62,37.04,9.85
375,-9.91,-25.5,31.02,-1.62
376,-13.02,-4.87,27.49,2.22
377,12.4,8.9,25.24,1.81
378,-24.89,12.46,30.46,3.11
379,-72.77,-11.68,35.48,7.15
380,-25.54,-10.46,23.99,2.08
381,55.62,33.45,24.28,-3.81
382,23.52,47.46,47.9,12.96
383,5.93,6.62,26.13,-1.24
384,-38.87,-9.51,46.43,-0.34
385,-53.38,-10.01,25.7,3.06
386,-13.62,7.93,24.62,1.34
387,-29.66,15.91,31.88,-1.12
388,-5.09,-1.16,33.8,3.47
389,-32.07,5.66,35.62,6.08
390,-6.62,31.66,36.28,2.39
391,1.62,-1.17,34.32,1.71
392,-61.55,22.83,34.12,3.29
393,14.88,8.13,27.91,2.45
394,-0.2,-12.7,31.67,-2.6
395,-27.31,-4.33,28.42,1.31
396,-7.93,26.82,43.27,12.5
397,-11.45,-21.15,25.06,-8.62
398,-6.39,-0.9,28.21,1.03
399,-1.9,31.13,24.75,6.52
400,-2.98,11.62,33.03,1.47
401,-19.38,8.39,37.55,9.17
402,18.01,16.11,33.81,1.95
403,-25.83,7.04,26.22,2.85
404,-37.39,0.19,39.18,1.71
405,-71.2,1.23,22.15,-0.84
406,-36.21,62.02,36.05,6.67
407,24.2,7.02,36.61,5.85
408,12.87,-18.26,22.33,-1.26
409,-8.21,30.2,37.93,7.79
410,2.53,29.59,31.36,2.62
411,-55.19,-13.24,33.35,4.88
412,-8.57,7.56,36.38,8.3
413,5.09,48.19,27.66,5.52
414,-5.79,29.5,26.67,4.82
415,-42.07,-12.51,22.56,2.63
416,-5.94,29.6,38.38,9.19
417,-5.94,0.95,29.03,1.05
418,-35.88,24.27,33.57,-0.29
419,-21.12,55.0,39.64,8.71
420,-31.21,-0.07,21.04,0.6
421,-3.69,-21.75,35.87,2.51
422,-13.59,0.44,26.96,3.69
423,-32.76,17.24,36.36,5.6
424,2.17,29.88,31.82,5.53
425,2.14,33.61,24.44,8.54
426,-41.44,-12.45,26.98,5.24
427,5.39,6.67,29.54,1.81
428,-44.44,11.66,28.38,0.46
429,-17.1,20.43,24.55,8.47
430,-22.1,39.34,21.68,5.56
431,-27.84,33.65,31.14,5.84
432,6.79,7.33,31.63,9.28
433,2.34,-30.03,31.33,1.11
434,12.09,17.96,24.65,1.08
435,-16.36,49.15,33.49,7.58
436,-44.79,-6.92,27.41,-0.92
437,-48.67,-20.98,22.78,-2.03
438,-62.58,-9.83,31.21,4.53
439,31.25,16.91,34.21,2.92
440,19.08,26.09,25.9,3.65
441,14.08,29.62,32.45,-1.14
442,-30.53,0.36,33.34,2.62
443,-7.97,26.85,37.78,0.96
444,-37.44,15.48,34.39,2.63
445,-61.02,-13.43,25.86,6.26
446,-22.28,30.45,29.94,9.01
447,50.09,-37.79,25.67,-3.2
448,13.32,0.76,28.82,1.66
449,29.69,34.38,36.67,10.14
450,-32.09,6.54,36.24,2.15
451,-23.48,11.97,23.13,2.67
452,-53.1,-3.47,31.34,2.77
453,-72.09,26.62,27.56,1.91
454,-7.94,8.7,34.3,6.49
455,-6.83,3.02,34.52,5.97
456,9.18,22.12,36.19,3.99
457,18.63,34.13,35.52,-1.79
458,10.06,38.01,31.3,4.47
459,-78.44,-14.04,30.16,5.01
460,-1.69,-13.31,33.02,3.71
461,-9.0,40.52,33.68,4.7
462,-39.57,-30.18,29.61,6.59
463,-8.69,29.17,25.86,3.63
464,-16.64,33.55,23.23,-0.45
465,-5.72,16.6,30.71,6.78
466,-17.22,-18.64,41.12,6.96
467,28.12,15.46,28.38,-6.28
468,8.15,27.93,28.24,-2.29
469,-51.86,26.59,26.53,8.71
470,-103.45,-4.07,19.43,3.29
471,43.45,9.8,36.61,3.09
472,5.55,19.21,31.0,7.24
473,32.95,53.33,21.98,1.41
474,-3.17,36.13,36.38,4.19
475,-53.82,-40.46,33.23,5.46
476,-28.11,25.96,29.98,9.79
477,-5.1,9.94,23.91,7.73
478,-10.3,23.72,27.25,9.57
479,8.11,-8.3,30.28,4.6
480,28.74,8.1,24.28,2.31
481,-49.6,0.85,18.76,6.5
482,-24.09,11.27,26.61,7.2
483,27.21,6.78,26.74,2.53
484,-35.5,12.89,30.14,1.22
485,-59.94,18.44,31.45,6.75
486,-8.53,9.22,22.96,6.14
487,-8.25,1.79,30.14,1.8
488,-30.19,1.32,28.96,3.67
489,-7.92,36.02,33.76,4.51
490,22.02,16.68,23.49,6.52
491,-33.93,4.33,39.52,2.29
492,-13.05,4.14,18.51,-2.16
493,-21.86,-13.45,27.18,-1.45
494,9.06,43.41,25.88,0.32
495,-20.93,-7.05,24.3,0.27
496,-18.2,7.21,28.32,2.2
497,3.77,25.83,27.64,-0.54
498,-19.11,-25.43,32.34,-0.82
499,2.25,1.32,27.55,-0.56
500,-17.62,11.81,27.39,3.71
501,-45.3,-16.89,24.89,2.09
502,-21.01,-1.19,27.47,2.29
503,3.02,14.58,34.65,1.42
504,2.16,37.79,29.57,1.71
505,-54.06,33.6,34.32,8.74
506,22.8,-31.5,26.62,-1.98
507,5.55,-0.89,22.87,-3.97
508,-13.07,8.65,27.34,-0.93
509,-19.84,28.12,43.44,4.67
510,6.82,43.5,31.21,-1.35
511,-6.63,12.74,26.27,-3.42
512,-45.23,-10.58,32.9,-2.25
513,-4.96,5.47,26.17,0.71
514,8.5,12.49,31.65,-0.49
515,-26.78,35.39,31.88,-0.35
516,-17.26,9.47,28.51,0.68
517,-19.42,42.48,28.37,-5.46
518,-15.38,18.75,35.64,-0.14
519,2.96,17.66,30.4,1.75
520,-43.51,-11.82,29.44,3.36
521,16.91,8.64,24.07,-1.66
522,-0.95,9.11,30.95,5.44
523,31.97,67.77,27.42,-1.22
524,-34.89,-22.75,29.59,-2.28
525,-38.87,4.44,31.84,0.3
526,-5.7,41.48,24.08,1.0
527,-13.13,-0.78,37.49,0.85
528,-28.22,-0.35,24.97,-3.18
529,3.85,21.4,35.3,0.71
530,-27.7,-2.44,28.11,-0.84
531,-43.3,19.41,34.99,0.07
532,12.93,3.82,27.6,-0.98
533,-5.17,-2.54,43.27,-0.96
534,15.96,24.47,16.23,-2.09
535,-69.61,-15.88,27.49,2.22
536,23.62,15.67,30.2,1.08
537,28.89,37.38,29.0,-3.51
538,-32.38,-19.81,28.93,-4.73
539,-15.4,22.28,31.01,5.08
540,0.01,10.81,22.81,-4.9
541,-2.5,2.66,29.39,-1.15
542,10.23,41.57,29.59,1.9
543,-48.83,7.62,28.99,1.3
544,-9.0,-30.67,18.77,-6.68
545,-27.76,-4.31,39.32,9.5
546,-16.84,17.54,28.77,4.01
547,-4.41,52.72,32.04,4.35
548,-7.51,-13.46,38.23,7.38
549,11.9,25.79,22.76,2.89
550,-21.96,-4.67,25.98,1.67
551,-41.82,8.4,34.24,3.49
552,-12.67,34.45,26.34,8.5
553,2.29,-24.32,23.45,6.61
554,11.55,15.26,31.91,1.49
555,-4.59,39.57,23.33,4.76
556,-37.21,-17.48,28.0,2.24
557,2.16,-3.12,27.69,-1.93
558,32.84,29.77,32.39,9.42
559,-36.87,22.55,30.96,1.1
560,-21.67,1.48,25.47,-1.99
561,-35.62,20.99,32.45,2.51
562,-22.73,6.7,29.94,1.75
563,25.7,28.34,28.73,0.45
564,-7.75,45.16,26.58,-0.36
565,-77.24,-45.13,28.69,-5.0
566,20.23,15.44,30.57,1.1
567,-11.53,17.75,31.08,-0.13
568,-57.85,8.85,35.13,2.0
569,-7.06,-1.98,30.5,7.44
570,39.56,46.46,27.73,3.9
571,-22.94,-13.26,34.01,-0.51
572,-16.06,10.57,42.46,6.59
573,-46.37,-13.88,26.47,3.93
574,4.52,33.82,27.96,8.01
575,8.88,54.14,32.14,1.96
576,-22.8,13.78,27.45,-1.71
577,14.93,34.87,37.32,4.67
578,-57.35,-10.44,21.06,-0.01
579,-33.44,25.68,38.65,9.25
580,-0.93,-16.12,27.03,1.26
581,-28.07,8.36,35.97,6.73
582,-42.47,-6.09,25.19,0.3
583,20.2,22.21,32.23,1.54
584,-7.21,34.13,32.72,5.11
585,14.88,8.55,34.52,3.7
586,58.39,12.02,32.14,4.64
587,-117.84,5.59,36.39,5.22
588,-10.95,30.3,43.1,3.47
589,-7.43,15.83,26.68,-1.13
590,-7.44,21.36,29.34,0.62
591,8.23,14.42,30.48,0.71
592,-41.44,10.73,35.27,5.78
593,-34.74,44.95,26.76,0.15
594,7.42,-29.47,31.29,-1.71
595,-36.19,-13.25,34.15,-3.1
596,-8.58,-0.26,29.5,-5.08
597,13.45,43.56,34.66,2.34
598,-38.06,28.46,33.46,1.91
599,-29.58,-33.16,26.7,-1.75
600,-2.07,12.35,37.06,7.46
601,14.32,14.72,38.94,-1.15
602,-20.96,14.99,42.91,4.59
603,-18.18,28.66,24.19,3.56
604,3.04,-5.04,28.26,-1.7
605,-16.58,-20.01,29.71,5.39
606,-2.38,21.16,40.42,5.72
607,-38.92,11.02,29.36,1.66
608,-35.88,11.85,34.84,8.08
609,-35.77,41.91,33.32,10.29
610,-40.5,1.96,27.53,3.15
611,63.5,-5.56,31.39,-1.88
612,8.71,11.17,27.23,1.77
613,-31.61,-6.39,27.61,4.68
614,-14.09,18.25,31.12,5.38
615,-43.42,31.11,38.03,9.16
616,-4.59,-5.06,28.56,3.12
617,-0.61,-5.92,30.31,3.69
618,-16.02,35.89,31.8,-1.81
619,0.95,54.44,28.31,6.78
620,18.93,34.02,28.23,3.25
621,-31.69,0.64,26.08,3.5
622,-71.29,25.32,31.79,5.53
623,-16.06,11.76,33.43,8.77
624,-26.73,-45.62,29.99,-4.19
625,42.2,24.42,24.6,2.05
626,10.1,25.74,30.47,1.12
627,-10.36,7.7,28.07,-0.71
628,-44.03,2.43,32.63,2.63
629,-35.6,14.55,42.87,3.05
630,19.17,26.23,32.87,3.43
631,-2.12,-13.12,20.58,-4.76
632,-16.08,19.4,45.57,4.85
633,4.48,33.45,33.82,0.46
634,-3.03,27.54,21.55,0.79
635,-18.67,10.13,36.39,4.91
636,-6.17,24.25,30.78,2.16
637,15.44,-4.04,21.17,4.04
638,-43.83,-3.06,32.72,0.48
639,-63.41,-18.71,33.59,12.28
640,-31.25,3.88,16.32,-3.83
641,3.9,41.44,31.71,4.44
642,-10.29,10.64,22.57,3.29
643,-8.91,-17.72,23.12,2.53
644,9.04,-17.34,26.97,0.31
645,-18.06,33.83,36.96,5.71
646,-35.51,-5.31,32.45,1.2
647,-32.44,33.02,27.42,3.4
648,21.04,18.3,29.64,0.48
649,-19.75,2.37,25.67,4.39
650,11.88,23.3,25.94,3.49
651,-12.34,9.37,33.28,4.99
652,-38.11,-3.97,29.46,2.39
653,10.36,2.68,19.72,-0.63
654,-27.8,23.57,31.02,6.68
655,-23.3,6.6,26.36,5.9
656,19.45,21.73,23.37,0.45
657,-14.5,5.7,28.81,3.82
658,-38.5,16.41,28.29,7.39
659,-46.37,10.68,27.62,2.37
660,0.95,-16.0,26.83,-0.38
661,0.42,-1.07,38.78,-1.64
662,-17.18,14.57,16.39,0.53
663,15.85,30.93,25.15,7.5
664,-32.69,3.18,32.67,1.42
665,3.66,34.24,26.58,5.26
666,-33.45,10.87,20.75,-0.77
667,-43.67,-15.39,30.45,0.55
668,-13.21,-1.76,23.75,0.92
669,9.34,40.13,35.58,3.32
670,-43.68,18.5,35.68,6.23
671,18.25,-1.44,25.31,0.7
672,10.61,13.31,32.36,5.91
673,-16.3,-6.27,31.44,0.64
674,2.78,2.0,32.02,3.48
675,-52.9,3.29,32.76,5.92
676,-38.26,22.32,30.1,5.73
677,-8.43,22.18,31.83,0.55
678,19.24,6.38,29.22,5.05
679,-15.93,9.87,33.17,-0.5
680,-21.43,-2.42,22.76,-1.77
681,-0.66,17.69,34.68,4.21
682,30.67,57.88,31.14,2.98
683,-50.36,4.6,30.59,-3.79
684,-55.69,1.34,23.13,0.39
685,-35.12,-40.38,33.86,3.46
686,5.86,6.02,28.89,1.07
687,14.99,2.06,22.03,-4.69
688,-25.77,10.83,31.56,6.36
689,-11.46,28.77,27.22,4.28
690,34.03,18.33,19.47,-1.19
691,-27.86,-12.17,30.66,1.09
692,-74.01,-13.63,33.76,2.27
693,9.15,33.99,21.33,-1.14
694,-19.27,-20.61,27.65,-0.78
695,-5.84,15.24,32.43,-0.59
696,40.09,47.69,33.32,1.23
697,-28.7,-3.88,31.14,-6.35
698,-16.75,29.61,24.15,2.18
699,-76.94,-19.5,28.54,-0.35
700,-14.25,-10.88,30.72,-0.71
701,29.56,4.37,26.66,-3.9
702,-30.28,15.76,34.25,3.13
703,-8.98,35.21,33.3,0.82
704,32.89,53.2,29.8,-3.78
705,-51.46,-22.55,32.6,-1.89
706,-27.07,-30.62,32.9,0.91
707,18.67,18.13,33.15,-1.35
708,-0.67,20.1,27.18,-0.98
709,-23.87,72.05,26.93,7.57
710,47.57,22.53,26.7,4.63
711,-73.27,-46.7,35.18,-5.61
712,-25.32,0.87,38.88,1.41
713,2.01,13.03,24.59,0.33
714,14.61,43.44,41.79,1.66
715,-34.81,13.51,32.93,2.41
716,-33.19,-33.07,23.12,3.42
717,18.75,-5.58,23.82,-5.24
718,-26.85,8.15,35.93,0.9
719,-13.53,38.18,38.41,2.16
720,-16.11,45.32,27.06,-4.28
721,-0.81,29.51,32.08,-0.89
722,-8.03,20.26,30.62,3.98
723,-16.89,-30.47,26.44,-4.36
724,-17.69,1.83,26.86,2.28
725,-49.7,-5.06,27.92,1.01
726,-25.31,41.22,25.44,1.9
727,31.28,9.88,31.43,-1.04
728,2.08,-10.45,28.98,1.14
729,0.25,27.1,25.34,3.25
730,4.38,37.09,39.3,3.84
731,-12.55,24.71,22.96,2.99
732,-42.54,-33.69,29.09,2.98
733,-7.53,8.83,21.83,-2.21
734,-9.58,15.16,29.76,3.96
735,29.89,39.14,29.67,3.01
736,-36.49,34.98,24.1,-0.45
737,-13.79,5.5,35.16,-3.21
738,-2.62,16.27,27.66,0.53
739,-3.48,32.87,32.98,7.14
740,-21.51,-24.77,27.24,-1.16
741,-7.42,13.85,30.1,2.27
742,-20.94,18.25,27.56,5.29
743,-6.74,8.1,28.58,-0.14
744,17.08,53.33,35.79,-0.12
745,-27.46,-15.58,23.71,-3.95
746,-49.28,-8.56,32.55,0.58
747,-20.81,16.73,33.4,6.52
748,-13.44,49.0,35.42,7.82
749,10.54,79.27,36.37,10.45
750,-16.56,-55.5,26.76,-6.48
751,-28.15,-6.85,34.93,2.89
752,-34.89,17.02,34.39,2.59
753,44.43,62.92,41.34,2.67
754,65.66,62.76,37.14,5.15
755,-113.18,-54.87,36.45,4.56
756,-16.68,-2.2,34.21,4.15
757,21.86,18.24,31.65,3.65
758,-3.52,11.17,35.48,2.18
759,-5.85,30.69,33.66,2.6
760,23.29,49.4,31.64,6.08
761,-38.44,21.55,31.83,5.46
762,6.95,4.37,32.22,-3.25
763,-35.22,-26.44,34.78,4.46
764,-14.12,-5.18,28.83,4.32
765,30.01,37.04,33.4,2.07
766,-30.39,33.52,37.91,1.25
767,-34.85,10.41,34.16,2.26
768,10.11,24.37,23.52,-2.47
769,-26.91,-1.27,34.53,3.31
770,4.01,14.87,35.08,2.5
771,-38.05,13.01,24.6,-3.75
772,-17.65,44.19,29.73,6.36
773,41.12,82.75,35.87,2.6
774,-1.69,-1.66,26.31,-3.04
775,-30.1,74.86,30.93,2.68
776,-17.56,27.11,31.11,3.24
777,17.8,-43.25,29.74,-1.01
778,-11.07,24.52,34.02,3.99
779,-4.44,14.47,35.17,9.28
780,-6.52,2.26,24.16,-1.87
781,-37.43,-9.93,34.36,1.35
782,-14.93,22.44,26.46,4.61
783,-19.61,23.12,26.3,0.42
784,21.16,41.88,34.87,8.76
785,-26.29,29.87,35.19,11.11
786,5.67,42.04,46.72,10.83
787,2.96,67.42,10.2,-5.68
788,-33.06,-25.8,28.52,2.3
789,-6.05,-7.24,18.08,3.77
790,-5.22,15.56,36.47,2.52
791,-13.34,33.74,26.09,4.3
792,-31.08,17.08,28.6,1.71
793,-25.46,71.29,29.97,2.62
794,31.4,-44.4,17.62,-0.28
795,-71.78,6.37,29.21,2.23
796,11.03,-30.12,36.71,5.74
797,29.29,46.68,29.46,-0.93
798,-37.66,55.81,24.63,6.19
799,0.06,41.83,26.27,0.32
800,20.04,-33.33,17.05,-1.76
801,-36.83,8.38,26.67,-0.74
802,-19.89,16.17,34.55,2.88
803,33.48,65.78,25.55,6.22
804,-34.29,15.56,18.42,0.15
805,-16.97,-17.22,35.16,5.96
806,-40.03,17.76,30.95,8.2
807,-11.73,-13.4,28.38,1.71
808,-2.29,-22.13,28.66,-1.41
809,-29.2,5.3,25.35,4.72
810,-20.12,22.97,22.03,2.11
811,38.27,54.3,29.71,2.9
812,-5.02,-18.74,25.95,-2.86
813,13.7,53.46,29.08,5.18
814,-17.81,-20.76,22.41,-6.62
815,-43.88,7.02,28.44,5.29
816,-27.54,2.66,34.99,2.42
817,-4.58,-8.51,25.51,-1.2
818,24.47,56.42,24.8,0.47
819,-14.52,45.4,27.98,1.1
820,-40.12,-3.54,33.93,1.18
821,-19.76,-10.87,34.9,1.81
822,3.64,-24.18,26.05,2.88
823,-3.06,-23.77,35.5,-4.25
824,-2.64,3.47,32.68,-3.96
825,-40.12,3.7,26.48,2.1
826,5.24,36.73,27.02,5.04
827,-5.81,-6.68,28.25,-4.56
828,-37.5,3.61,40.95,2.53
829,-53.89,2.96,32.86,5.66
830,27.87,0.87,22.26,1.78
831,3.18,17.86,34.04,3.21
832,-10.82,9.35,29.49,-0.18
833,-10.15,55.51,36.54,1.33
834,23.66,53.76,23.47,-0.4
835,-60.44,-68.57,28.84,-5.08
836,3.14,9.38,33.09,-3.15
837,13.49,44.92,30.02,-1.65
838,-19.65,4.39,33.91,3.93
839,8.78,-28.89,23.9,0.78
840,-40.55,2.89,29.61,-2.99
841,-84.44,-12.33,25.23,1.71
842,11.71,-4.34,30.85,5.84
843,12.47,-0.77,26.9,-0.09
844,20.66,16.14,24.54,-4.59
845,-22.61,18.84,27.95,6.49
846,-40.33,11.18,37.79,6.67
847,7.47,29.23,28.01,2.93
848,-27.86,1.6,34.17,3.44
849,-52.87,-1.32,25.21,2.08
850,18.24,51.25,36.5,3.48
851,-0.56,0.18,35.4,2.7
852,-3.31,33.36,28.65,5.79
853,-44.71,-55.4,29.01,-1.8
854,-18.6,3.86,29.23,0.66
855,-24.33,7.56,32.42,6.52
856,32.41,-7.2,27.09,2.92
857,-20.95,17.94,35.93,1.39
858,-36.1,21.87,29.0,4.8
859,6.14,38.25,38.84,4.63
860,-13.9,21.65,33.93,-0.24
861,42.24,-21.58,27.3,-1.29
862,-24.25,10.87,24.37,3.04
863,-35.39,-2.72,32.48,1.67
864,-25.28,39.84,32.68,-0.47
865,15.82,53.91,29.94,4.71
866,-24.92,-32.63,30.77,1.55
867,-18.68,-18.03,33.0,-1.46
868,-27.86,19.09,27.58,-2.87
869,-8.57,-12.81,28.01,-0.28
870,-2.59,-4.83,27.02,-4.23
871,2.61,17.72,30.59,-2.15
872,-5.77,53.51,31.98,7.42
873,-16.77,18.25,28.01,0.16
874,-21.07,-23.95,40.53,3.92
875,-10.8,1.28,26.75,4.3
876,-9.14,1.14,28.1,-0.08
877,17.55,15.34,30.11,-0.48
878,-7.37,27.82,29.35,1.76
879,5.41,26.47,27.18,4.81
880,-28.79,11.24,22.3,2.96
881,-24.84,-24.98,34.15,3.81
882,-26.56,2.27,33.06,3.64
883,25.74,32.19,41.01,4.81
884,-20.34,-16.38,28.56,-0.71
885,-35.62,4.41,30.24,-0.48
886,-9.34,14.76,31.77,3.55
887,25.37,15.21,34.99,2.55
888,-32.49,-26.79,32.42,0.5
889,-38.82,-9.13,32.01,4.9
890,2.39,12.81,32.99,-4.54
891,-8.73,18.73,31.45,-1.13
892,-11.36,-18.82,31.46,-3.52
893,17.82,5.73,34.78,2.55
894,-15.37,38.13,30.4,-0.45
895,-8.64,63.53,33.55,8.04
896,-9.3,-15.88,30.46,-0.92
897,-53.1,-20.89,31.34,-3.15
898,-18.29,-8.5,29.09,2.85
899,5.09,-3.67,25.03,1.02
900,-29.61,-26.89,30.93,-0.63
901,15.56,57.39,26.46,0.7
902,13.07,98.08,28.38,4.99
903,-14.22,-34.7,28.08,-0.04
904,-25.22,-17.58,29.54,-2.98
905,-34.15,-26.9,30.54,2.52
906,9.6,11.92,27.95,1.89
907,-8.03,34.77,27.77,-3.36
908,12.2,63.4,23.91,2.65
909,-0.94,-24.61,37.45,3.11
910,-22.25,-9.83,29.12,-0.64
911,-26.63,0.02,35.73,1.24
912,-37.29,-1.59,29.64,-0.87
913,25.23,17.83,31.17,1.57
914,-17.2,54.56,27.94,-0.61
915,-23.76,7.74,28.78,3.7
916,-11.87,-11.98,28.81,3.58
917,-7.45,-53.39,26.82,-3.54
918,20.86,-0.97,24.26,0.85
919,-17.52,4.43,32.75,3.61
920,-7.1,-0.58,26.59,1.14
921,-20.55,4.46,26.5,3.99
922,-18.2,-3.74,29.94,4.25
923,7.6,33.76,33.93,2.83
924,1.14,40.66,25.35,3.2
925,-49.82,-32.72,31.71,-1.24
926,-40.52,-26.32,32.11,0.11
927,9.96,2.04,28.12,-2.56
928,-29.15,12.17,28.87,5.04
929,-0.01,40.08,27.85,7.13
930,30.96,26.1,25.35,4.59
931,-19.56,-10.62,25.19,2.9
932,-13.75,-6.97,27.7,-2.68
933,-11.31,21.05,33.96,5.82
934,9.8,32.85,30.44,2.71
935,-6.52,14.59,31.0,2.09
936,-42.27,-15.34,27.82,5.46
937,-19.97,4.31,31.84,1.06
938,-1.71,7.76,33.95,3.98
939,-32.19,22.32,34.09,5.31
940,18.1,-4.49,34.63,-1.59
941,-10.81,3.37,33.56,5.13
942,-39.19,-5.42,35.13,5.34
943,27.91,23.25,28.0,0.08
944,26.36,34.46,29.24,-1.43
945,-16.39,12.03,34.65,9.91
946,-13.52,13.99,32.77,5.76
947,-60.71,0.43,33.4,1.71
948,-16.94,10.21,31.58,0.96
949,-66.8,-3.68,32.33,6.07
950,61.42,36.13,31.52,6.89
951,56.28,33.17,24.91,0.67
952,-20.32,55.06,31.47,7.13
953,-60.47,26.44,30.19,6.24
954,-4.01,36.71,29.24,4.75
955,-13.72,6.51,32.01,7.11
956,-26.97,-74.83,30.73,1.26
957,-2.27,-7.27,32.06,2.81
958,-47.6,16.37,32.39,17.12
959,19.82,34.88,35.63,15.52
960,15.68,-19.01,30.09,-5.65
961,-1.46,11.47,30.5,-5.26
962,-29.35,33.27,27.95,3.48
963,-33.72,2.2,31.61,-0.27
964,13.83,15.0,30.91,2.47
965,-48.81,1.2,32.68,4.5
966,-32.27,8.31,28.78,2.15
967,5.32,1.93,33.59,2.8
968,1.68,-13.06,31.22,0.42
969,-20.63,-10.15,29.51,1.05
970,-6.87,-1.57,31.36,2.96
971,4.12,17.25,31.14,2.47
972,-8.67,13.91,35.51,2.31
973,-45.8,44.72,37.87,9.9
974,7.5,10.36,32.2,1.68
975,-7.53,-21.99,27.45,3.18
976,-18.96,0.81,27.43,4.34
977,-3.34,10.26,28.57,3.74
978,14.73,38.44,28.52,7.76
979,-23.27,9.82,34.39,3.54
980,-8.94,8.5,31.56,1.28
981,2.83,-9.64,24.13,-5.73
982,-38.69,36.42,28.64,4.93
983,-21.64,1.19,26.94,3.81
984,1.85,45.2,27.82,1.7
985,-55.98,-4.13,29.92,3.65
986,-9.62,3.66,28.63,4.85
987,10.4,2.24,28.09,-0.44
988,-39.89,17.8,30.75,8.14
989,-35.54,-15.19,32.47,4.4
990,16.23,-6.22,23.89,-9.22
991,-2.58,-7.02,21.71,-4.77
992,-19.83,-7.02,29.84,-0.89
993,-9.72,-2.72,31.24,-0.56
994,-14.31,1.86,27.98,1.42
995,-31.55,1.42,26.9,0.99
996,-44.33,31.71,26.35,4.77
997,67.33,40.4,23.1,5.08
998,16.03,-1.37,22.56,1.03
999,-90.05,-58.37,24.44,1.28
1000,-13.49,14.14,24.26,1.94
1001,20.56,-5.39,28.98,2.15
1002,-36.55,0.66,33.96,4.07
1003,-14.28,-8.26,20.13,-6.51
1004,-9.19,-4.84,27.94,-1.09
1005,-25.38,-5.56,26.12,0.56
1006,-15.88,9.99,23.21,1.6
1007,13.93,37.6,29.86,-0.16
1008,2.56,19.53,32.88,4.36
1009,-60.32,-20.12,32.48,2.97
1010,13.4,22.96,29.37,2.95
1011,-27.12,-2.71,29.57,0.45
1012,-20.34,22.94,35.73,1.17
1013,-3.35,33.81,33.48,4.05
1014,-5.68,-4.95,30.61,2.13
1015,-16.58,-36.36,33.14,-1.55
1016,-11.06,3.92,33.52,3.91
1017,-12.3,7.86,33.03,2.17
1018,-48.42,-5.54,33.79,-2.1
1019,-17.39,34.9,33.46,2.83
1020,-1.42,4.77,32.07,0.91
1021,9.19,-19.34,33.66,1.31
1022,-31.34,-13.11,33.33,-0.21
1023,-1.8,14.82,27.29,-3.37
1024,10.19,8.33,33.45,-1.35
1025,-33.59,3.67,29.05,2.98
1026,-39.88,17.23,34.56,5.11
1027,-20.75,-2.9,33.08,-1.61
1028,-15.2,-8.71,34.79,2.3
1029,-33.11,27.43,35.94,4.85
1030,36.11,10.07,37.01,0.74
1031,-6.88,11.32,33.44,0.75
1032,-25.26,1.97,29.14,1.51
1033,9.47,-8.05,32.27,3.09
1034,-0.77,92.45,26.66,2.44
1035,17.14,104.9,32.14,-0.69
1036,-42.45,-96.2,29.09,-1.64
1037,-12.23,-12.97,27.89,-3.39
1038,-17.85,-7.34,25.61,-2.69
1039,-36.73,1.53,33.78,4.54
1040,4.72,10.25,25.05,-2.18
1041,11.0,11.97,26.82,-1.34
1042,-18.41,23.42,28.98,0.37
1043,-78.85,-17.74,30.63,0.53
1044,13.04,11.95,33.56,-0.31
1045,-10.03,17.04,34.86,4.02
1046,-10.51,12.3,31.28,1.67
1047,-4.79,-2.47,25.04,-1.64
1048,-1.47,8.4,32.05,3.76
1049,-21.68,8.42,28.63,0.89
1050,8.15,60.11,32.37,4.63
1051,-23.31,-4.37,34.39,-0.7
1052,-26.5,-11.37,28.52,-0.06
1053,-14.07,-14.22,33.01,-3.11
1054,2.99,8.06,26.94,-4.13
1055,-1.73,83.92,31.18,3.96
1056,-20.12,15.16,27.55,-1.76
1057,-18.04,-67.21,24.18,-7.0
1058,-11.07,-15.69,29.56,-5.23
1059,-19.81,0.48,31.48,2.26
1060,-28.83,0.67,23.93,-0.98
1061,-15.56,2.36,28.68,0.02
1062,10.79,37.72,35.33,0.25
1063,12.84,-0.02,28.15,-1.87
1064,-41.4,9.51,38.76,5.48
1065,-25.7,29.74,31.82,5.35
1066,-30.77,-3.4,29.87,-0.62
1067,-13.93,-5.87,26.05,-2.5
1068,-26.33,-3.21,29.99,2.09
1069,-8.22,7.86,31.64,0.83
1070,13.63,31.22,27.38,-0.71
1071,-11.13,25.03,26.31,-4.14
1072,-23.75,46.42,31.67,4.77
1073,-10.09,-46.84,32.83,-4.72
1074,4.47,21.08,27.9,-3.61
1075,-23.31,-37.81,32.18,-3.53
1076,-1.57,-1.7,32.59,0.22
1077,-25.56,-11.37,31.84,-5.14
1078,-36.57,-10.23,30.08,-7.37
1079,-9.51,14.7,34.83,-2.86
1080,21.22,19.25,36.16,-0.58
1081,-55.54,-44.44,33.68,-0.96
1082,-12.05,9.19,27.89,-3.86
1083,5.42,21.2,27.1,-2.1
1084,-10.42,-6.15,31.1,1.48
1085,-13.42,-13.97,32.01,2.8
1086,-20.62,-11.25,31.09,-3.96
1087,-13.42,35.15,31.47,0.07
1088,-12.84,0.26,29.48,-2.87
1089,-35.88,-41.03,32.21,-3.94
1090,-14.01,3.52,30.36,1.77
1091,-11.9,8.39,25.89,-2.94
1092,-26.89,-13.4,26.45,1.36
1093,13.91,13.28,27.32,-2.57
1094,-12.25,0.44,27.79,-1.65
1095,-21.0,3.43,32.46,3.98
1096,-14.39,14.07,34.84,4.15
1097,6.97,25.32,31.99,-0.73
1098,-21.6,24.22,34.72,4.9
1099,-30.36,12.39,30.45,4.76
1100,-21.22,-15.71,28.73,0.14
1101,-15.77,16.95,28.86,-1.54
1102,-19.96,15.51,34.16,11.5
1103,11.38,14.58,23.76,1.37
1104,-8.98,-3.03,28.31,1.51
1105,-38.12,-7.37,33.86,1.41
1106,27.77,31.07,31.2,2.61
1107,-8.3,39.9,33.14,0.4
1108,-29.6,34.33,30.49,6.82
1109,-19.94,35.1,33.32,4.6
1110,-8.45,41.86,30.79,2.46
1111,-22.59,11.6,29.33,0.84
1112,-41.74,-17.63,28.03,2.32
1113,-6.99,-17.31,29.21,1.85
1114,-18.76,41.25,25.61,3.66
1115,-40.92,50.84,30.13,7.1
1116,-27.32,-32.07,27.33,2.09
1117,19.41,5.8,30.1,0.27
1118,-13.05,7.24,29.72,-2.05
1119,-15.18,21.12,28.71,2.82
1120,-12.83,-2.1,31.48,4.57
1121,7.42,16.63,28.58,-1.81
1122,-8.01,47.15,33.07,3.08
1123,-25.67,16.86,34.83,0.29
1124,-27.01,0.22,31.88,1.09
1125,-32.69,-1.51,33.84,4.93
1126,-18.07,11.07,33.26,3.28
1127,44.15,33.39,32.82,1.11
1128,-24.09,25.27,33.91,3.76
1129,-40.93,15.95,31.04,4.4
1130,-1.08,16.14,34.9,1.3
1131,7.41,-33.24,27.88,-3.35
1132,-23.09,0.8,30.42,-1.42
1133,-18.71,2.64,24.27,-6.99
1134,-7.41,16.23,25.4,-5.23
1135,-0.24,46.08,32.6,5.43
1136,-26.36,-33.8,34.05,-0.98
1137,1.41,2.35,27.81,-0.71
1138,-26.04,5.89,33.83,0.45
1139,1.06,20.43,31.61,3.37
1140,-10.28,-3.55,26.19,-2.66
1141,-16.06,29.06,28.11,-5.47
1142,-39.47,-17.41,27.77,-1.83
1143,5.84,21.21,30.72,2.29
1144,19.19,45.04,27.53,2.76
1145,-41.26,-17.11,28.32,1.07
1146,-25.87,-17.6,22.84,0.39
1147,-16.08,-14.7,26.58,-1.24
1148,1.04,21.13,32.85,4.61
1149,2.16,29.26,29.5,4.7
1150,8.27,16.51,26.19,3.65
1151,1.96,22.96,25.79,5.02
1152,-11.31,-8.76,21.63,1.71
1153,-19.29,11.72,22.96,1.13
1154,-10.87,19.96,27.69,5.85
1155,-31.73,39.84,22.89,1.92
1156,-25.05,-33.63,22.79,4.67
1157,-8.14,-19.2,21.67,3.85
1158,-4.34,39.14,27.29,7.29
1159,-21.31,25.84,22.45,5.7
1160,-21.54,-42.73,22.93,-0.09
1161,-16.55,15.49,26.28,3.86
1162,-31.3,-10.07,24.92,5.05
1163,-29.48,-0.99,25.61,4.77
1164,11.83,-2.58,25.77,3.92
1165,1.04,25.88,26.07,6.7
1166,14.39,46.5,28.97,4.06
1167,0.22,16.1,29.18,-0.58
1168,-32.14,-33.46,27.44,1.9
1169,-18.38,4.59,30.5,6.18
1170,-15.53,-2.41,29.03,0.89
1171,10.78,25.35,31.6,8.71
1172,-30.62,52.65,30.97,9.61
1173,0.43,37.13,27.05,9.84
1174,-44.13,-70.24,29.92,2.02
1175,-15.21,5.47,29.29,7.1
1176,-16.12,-8.73,27.89,4.76
1177,10.93,2.97,25.76,2.63
1178,-8.45,12.37,32.06,6.05
1179,-44.15,15.19,25.59,4.45
1180,15.81,49.48,29.82,4.0
1181,-31.26,14.56,27.13,6.36
1182,-6.0,-9.42,28.65,1.98
1183,8.38,22.9,30.07,4.44
1184,11.49,23.83,30.37,-0.15
1185,-25.36,23.78,29.48,7.69
1186,-35.62,-33.53,27.71,-0.95
1187,1.65,5.64,27.88,-0.18
1188,-31.95,-12.33,25.59,3.06
1189,-5.22,5.76,31.1,3.25
1190,-17.9,11.25,33.03,-2.2
1191,7.03,8.02,31.93,3.88
1192,11.24,32.61,32.36,0.18
1193,-38.87,20.59,31.35,5.46
1194,-17.13,22.12,29.82,1.06
1195,-28.27,28.04,29.66,3.82
1196,-46.29,-24.61,34.5,0.84
1197,-1.66,16.24,34.91,2.18
1198,-7.69,14.32,38.34,1.1
1199,-27.82,8.21,37.08,4.41
1200,-20.54,7.61,31.62,-0.8
1201,15.4,41.14,35.43,2.27
1202,-9.89,22.1,33.86,3.76
1203,-46.17,-29.89,40.34,2.57
1204,-14.34,-8.21,35.03,-0.28
1205,-9.6,-5.43,34.45,2.69
1206,-27.1,-11.45,39.25,1.99
1207,-5.96,24.69,36.33,2.08
1208,21.32,70.7,40.95,0.53
1209,4.53,58.26,37.99,11.0
1210,-26.6,-37.61,34.1,-1.42
1211,-37.01,-35.33,32.73,-0.24
1212,-50.54,-9.45,38.04,4.6
1213,-12.43,5.84,39.18,2.55
1214,13.53,19.03,35.41,4.04
1215,-55.57,14.4,35.44,10.25
1216,-21.07,1.63,32.2,1.59
1217,-1.82,6.92,28.82,-0.84
1218,-3.95,31.95,32.09,2.35
1219,-9.54,-2.38,33.66,2.57
1220,1.75,0.39,36.66,-0.03
1221,-34.4,-5.83,33.27,1.59
1222,-35.24,-1.02,38.83,6.23
1223,-5.95,9.1,34.3,4.25
1224,-8.52,1.45,33.36,-0.33
1225,-34.28,-3.04,26.37,-0.84
1226,-17.95,-2.1,32.94,0.18
1227,-7.43,9.15,29.29,-1.85
1228,-3.73,18.14,32.82,2.21
1229,22.48,77.09,36.77,2.47
1230,-24.88,-45.44,30.31,0.08
1231,-18.64,-28.86,31.63,-4.79
1232,-20.89,-9.47,32.35,-7.72
1233,-0.1,8.44,32.68,-0.7
1234,-0.89,16.9,33.63,0.45
1235,-28.36,-3.67,29.43,0.65
1236,2.68,-4.29,35.12,-1.69
1237,-13.64,19.37,27.49,0.5
1238,-20.02,18.74,36.4,3.14
1239,-15.98,14.55,32.59,0.04
1240,24.45,24.14,26.01,-25.73
1241,-25.72,2.04,32.16,6.71
1242,-7.3,54.24,39.58,14.28
1243,9.06,43.88,38.3,4.81
1244,-60.75,-73.24,36.73,-2.75
1245,-40.3,-9.42,37.46,2.37
1246,14.34,14.89,37.03,1.09
1247,-5.71,15.46,33.13,-4.86
1248,-4.05,17.99,31.6,-5.62
1249,-8.84,24.53,37.8,-1.66
1250,-11.59,25.23,33.14,-0.45
1251,4.74,33.31,32.96,1.24
1252,-32.41,5.32,35.46,0.18
1253,-10.29,27.44,33.5,-3.07
1254,18.88,28.57,37.74,-0.21
1255,-25.99,20.94,39.03,1.38
1256,-17.76,28.27,36.97,2.48
1257,38.28,54.57,34.96,-0.69
1258,-54.2,-18.85,32.31,-2.75
1259,-42.86,-37.37,31.19,-0.31
1260,-18.34,17.69,32.21,-2.1
1261,8.59,26.65,33.66,-0.47
1262,-25.52,-15.6,36.3,0.83
1263,-26.63,8.15,36.0,0.05
1264,-4.76,6.49,33.6,-2.44
1265,-21.87,19.8,36.47,6.21
1266,0.85,24.58,38.29,1.98
1267,7.22,17.06,35.18,-2.73
1268,-19.67,0.84,40.33,4.35
1269,-28.98,5.64,39.57,7.82
1270,-0.88,27.33,40.26,0.3
1271,5.1,42.41,39.11,2.98
1272,1.91,12.85,39.04,5.72
1273,-37.08,2.72,37.81,1.85
1274,-44.52,-12.46,32.33,-2.12
1275,-34.53,6.05,36.63,-1.03
1276,39.75,14.77,38.1,1.27
1277,18.52,47.12,35.1,0.34
1278,-48.47,-23.05,41.54,3.18
1279,-5.06,-16.81,40.51,-0.95
1280,1.31,7.11,40.1,-2.11
1281,-8.64,25.95,35.87,3.09
1282,-42.24,4.42,44.24,-1.0
1283,5.95,18.01,33.24,-4.84
1284,-1.51,53.87,39.27,3.11
1285,-17.2,11.24,40.46,5.2
1286,-45.92,-21.87,36.47,-0.33
1287,1.52,2.82,34.23,-5.16
1288,-5.64,14.9,35.89,-3.04
1289,-8.06,8.71,38.84,-0.05
1290,0.36,20.33,39.2,-3.01
1291,-7.39,29.79,39.56,-3.34
1292,-44.32,-6.74,37.74,-0.69
1293,-9.4,4.55,34.71,0.71
1294,31.27,21.28,32.96,0.63
1295,-35.46,5.86,32.42,0.01
1296,-11.15,-4.37,39.75,-0.9
1297,22.08,15.43,33.98,-2.27
1298,-25.45,8.06,37.72,1.29
1299,1.38,25.56,38.44,4.78
1300,9.3,52.77,38.73,1.54
1301,-7.45,28.48,39.35,2.5
1302,-55.43,-45.11,36.08,3.56
1303,-32.79,-26.91,37.54,-0.65
1304,-55.25,-10.84,43.96,-0.46
1305,-8.53,40.9,40.81,-1.24
1306,31.79,43.05,37.52,-7.26
1307,20.75,9.39,35.98,-5.88
1308,-23.17,27.05,38.73,-3.21
1309,-14.45,-0.21,41.66,-0.97
1310,8.31,3.47,37.27,-4.07
1311,14.96,40.83,35.08,2.4
1312,-9.85,5.91,38.84,13.26
1313,-47.76,-2.03,36.62,-5.19
1314,-6.92,-5.2,35.43,-3.81
1315,-3.13,35.43,37.23,1.44
1316,-24.95,6.07,33.51,-0.58
1317,-25.41,-13.16,36.33,-8.31
1318,-29.61,30.07,39.96,1.54
1319,-23.68,-0.54,37.38,-0.81
1320,0.15,-3.93,37.28,-6.24
1321,-10.98,24.05,33.06,-4.06
1322,-9.8,41.83,42.55,4.09
1323,-9.75,-14.97,35.22,-1.74
1324,-10.71,-8.0,39.5,-3.95
1325,-5.74,21.1,40.56,1.8
1326,1.56,7.85,35.67,-3.73
1327,-18.17,2.58,40.53,0.59
1328,-22.5,23.68,36.68,-4.11
1329,-11.63,16.52,39.27,3.92
1330,-15.94,-11.14,35.44,-1.48
1331,-5.85,10.03,34.1,-3.22
1332,-40.32,17.55,36.94,6.16
1333,8.23,54.8,37.91,1.92
1334,-20.48,1.02,39.75,-3.35
1335,-39.31,-31.26,39.25,-1.85
1336,-23.75,30.79,39.73,-0.27
1337,4.14,7.73,40.46,-2.54
1338,-10.87,0.18,37.8,-0.01
1339,6.67,16.33,37.11,5.51
1340,-4.6,23.62,39.16,2.4
1341,5.59,-4.18,39.58,-1.86
1342,-40.51,-4.48,38.7,-0.14
1343,-22.48,-8.83,37.7,-0.74
1344,-0.74,16.2,42.32,-0.83
1345,-7.37,15.32,35.85,-3.1
1346,-31.9,8.21,39.32,-0.9
1347,6.96,15.86,36.44,-3.04
1348,-11.55,14.85,38.32,-0.3
1349,14.26,16.0,38.88,2.4
1350,-38.01,13.91,41.24,2.71
1351,-48.93,-5.46,41.79,5.45
1352,-2.0,18.0,40.58,4.76
1353,7.89,-23.0,33.92,-6.7
1354,0.9,-6.11,38.98,-2.5
1355,4.98,19.12,45.11,4.76
1356,20.56,54.25,40.09,0.56
1357,-38.18,-23.85,39.96,0.06
1358,-23.04,0.73,42.42,6.43
1359,-13.73,4.42,40.82,5.73
1360,9.45,55.87,40.56,0.06
1361,0.5,30.9,41.93,-0.28
1362,-12.59,0.24,42.67,1.28
1363,-1.82,33.73,45.34,6.82
1364,-15.55,2.0,36.78,-7.72
1365,-30.45,31.39,42.75,2.15
1366,-32.28,31.19,42.52,2.51
1367,-27.45,-1.2,42.13,4.6
1368,1.58,-25.45,37.08,-2.6
1369,27.28,12.22,41.39,2.43
1370,-37.68,-6.48,39.69,2.27
1371,-16.0,12.55,46.12,5.42
1372,-25.92,12.62,37.44,2.37
1373,-11.14,21.21,33.61,0.42
1374,10.65,35.87,36.33,-2.29
1375,-37.0,10.59,40.22,4.28
1376,-4.65,-10.18,39.24,-0.38
1377,1.38,14.3,31.83,-2.15
1378,-28.78,6.99,34.19,-0.11
1379,-27.62,17.31,37.22,6.35
1380,0.48,15.67,38.46,0.79
1381,16.91,32.13,36.72,4.07
1382,-50.99,1.24,38.75,1.8
1383,-29.71,3.23,33.73,-4.14
1384,-19.96,-15.22,35.26,-3.95
1385,-0.75,34.65,33.32,-1.46
1386,-3.47,33.17,40.37,8.49
1387,-13.93,-27.77,32.66,9.32
1388,-6.43,9.19,35.6,-5.41
1389,-19.97,3.21,32.4,-3.1
1390,-32.71,-18.98,30.24,-7.91
1391,-24.6,14.99,33.68,2.14
1392,3.66,34.01,37.28,2.02
1393,21.77,-1.86,37.74,2.17
1394,36.57,11.25,33.74,2.28
1395,-30.61,2.01,32.44,4.06
1396,-37.13,7.37,42.38,12.68
1397,-10.58,12.03,34.38,3.54
1398,-30.25,-0.74,34.41,5.14
1399,-21.18,-13.27,34.68,-2.04
1400,-34.7,-4.15,35.91,-6.65
1401,-23.95,22.53,39.6,-1.24
1402,40.44,35.22,31.2,-3.52
1403,-5.52,3.47,35.26,-1.8
1404,-34.26,-30.09,36.84,4.58
1405,-33.78,-6.2,37.32,7.36
1406,27.01,20.73,34.11,0.13
1407,9.48,28.56,35.72,-2.47
1408,-9.66,26.4,37.47,1.46
1409,-25.46,-9.35,38.04,0.06
1410,1.62,9.26,33.04,-5.67
1411,-4.56,25.38,40.0,-2.79
1412,-49.63,-31.89,38.11,4.38
1413,-23.68,24.23,40.56,1.61
1414,-28.39,11.12,34.54,4.32
1415,-50.7,-70.98,35.73,7.81
1416,15.04,6.33,37.86,10.48
1417,20.01,29.0,33.79,4.26
1418,-18.16,-0.46,34.1,3.72
1419,-12.37,24.03,36.82,5.2
1420,-8.01,-16.18,36.32,2.81
1421,-18.98,20.38,39.66,6.38
1422,-25.47,52.0,41.39,12.17
1423,5.29,-18.34,32.6,3.03
1424,-21.32,-16.88,30.25,-1.99
1425,-26.18,9.33,37.17,6.32
1426,-24.07,5.48,32.91,4.21
1427,14.24,25.74,26.95,2.82
1428,-26.17,3.94,34.62,3.25
1429,-33.37,-13.86,36.97,2.43
1430,-22.21,-2.83,38.09,4.46
1431,-0.84,-0.47,37.11,3.74
1432,-25.05,-11.48,36.12,-0.18
1433,-4.17,2.53,34.86,1.92
1434,9.28,19.72,35.24,-1.71
1435,-1.21,20.41,29.75,-3.45
1436,-16.12,-15.88,31.71,-0.27
1437,-17.33,-4.9,35.3,1.03
1438,8.78,17.89,34.58,3.23
1439,-7.82,36.85,32.11,6.59
1440,-11.42,-13.54,38.41,0.98
1441,-2.69,5.79,34.25,3.02
1442,-29.51,60.36,30.89,4.09
1443,-41.54,-69.0,30.58,0.47
1444,-22.04,-10.19,27.62,-2.67
1445,2.71,4.13,35.76,2.71
1446,-18.52,-22.36,26.03,-2.73
1447,6.18,-9.46,33.53,-1.28
1448,-7.55,0.29,33.44,2.42
1449,-33.42,-5.93,35.44,3.32
1450,-20.79,-4.42,32.16,0.7
1451,16.71,25.04,33.55,3.82
1452,-4.31,15.99,34.25,1.07
1453,-25.37,-12.43,38.18,2.45
1454,-12.91,-6.24,30.43,-2.03
1455,-20.54,0.19,34.9,-0.08
1456,-9.82,11.63,32.41,3.55
1457,-2.65,13.95,34.41,4.38
1458,-18.87,10.48,32.27,2.3
1459,-10.77,-23.05,30.44,2.72
1460,-30.71,-0.76,37.26,-0.35
1461,-25.33,62.02,40.33,5.72
1462,-20.72,69.06,39.09,7.49
1463,-4.19,-88.46,30.49,-6.03
1464,-12.49,-32.09,30.73,-6.06
1465,-1.59,13.25,35.52,6.22
1466,-7.64,18.89,35.81,-1.69
1467,-7.69,5.87,34.85,-1.9
1468,-17.9,10.01,39.79,1.45
1469,-1.24,7.91,39.41,1.2
1470,-5.3,11.88,42.27,3.44
1471,-33.59,21.65,38.63,4.2
1472,-28.15,3.06,37.76,2.98
1473,2.65,-20.72,36.43,-3.79
1474,20.39,6.49,28.37,-3.76
1475,-27.54,5.8,33.28,3.43
1476,-2.33,5.35,37.65,0.78
1477,40.97,30.24,32.31,1.78
1478,-50.68,35.49,41.04,5.64
1479,-31.25,-16.23,39.28,0.07
1480,-0.21,2.28,35.43,-1.67
1481,-20.75,9.33,36.06,1.08
1482,-15.61,26.12,35.16,4.1
1483,15.22,12.18,30.82,-0.07
1484,-20.58,11.88,40.15,-0.45
1485,-31.97,-35.73,42.97,2.92
1486,6.37,7.56,36.05,1.19
1487,17.09,40.09,34.78,-1.56
1488,-9.93,12.8,33.53,1.12
1489,-19.45,16.7,35.01,0.27
1490,-21.99,-4.68,35.06,-2.67
1491,-0.96,21.04,35.03,-4.63
1492,-51.09,28.34,39.51,8.48
1493,3.66,9.39,35.37,3.98
1494,6.89,11.53,34.75,3.11
1495,-4.21,51.46,37.72,4.02
1496,-17.87,-4.67,35.6,1.36
1497,-7.64,-23.67,26.06,-2.29
1498,-28.14,15.38,35.93,1.88
1499,-27.69,19.48,28.74,2.69
1500,-0.85,-4.27,35.55,2.99
1501,11.88,30.98,31.63,0.41
1502,-18.55,23.53,23.57,-0.21
1503,-6.23,37.49,39.51,0.71
1504,-22.28,21.75,38.61,1.12
1505,-55.59,-11.29,35.78,4.93
1506,-16.35,29.24,32.96,3.85
1507,42.85,43.01,32.11,1.56
1508,-20.19,-13.66,25.92,0.0
1509,-7.02,19.13,29.38,2.79
1510,-13.79,17.12,29.67,1.64
1511,6.52,25.83,31.96,-0.34
1512,-20.31,25.29,31.31,1.9
1513,2.75,6.81,31.28,-1.24
1514,-23.13,21.11,31.55,0.54
1515,-38.87,12.78,31.53,5.07
1516,-12.34,18.8,33.47,4.02
1517,-1.69,14.78,29.02,2.23
1518,-18.02,52.35,37.78,3.13
1519,-17.01,55.78,40.39,3.65
1520,-18.04,-25.02,36.15,-1.99
1521,-41.08,-41.28,33.24,-0.11
1522,-36.12,-16.85,31.35,0.57
1523,11.16,37.2,27.48,-2.42
1524,17.72,54.38,33.96,-1.25
1525,-7.26,45.51,38.64,2.37
1526,8.91,11.52,36.64,3.34
1527,-40.61,-24.62,30.22,-0.07
1528,-15.61,2.7,31.88,0.99
1529,-14.65,25.17,35.17,2.65
1530,-23.42,5.31,31.22,-4.91
1531,-0.7,42.62,32.52,-1.86
1532,-34.78,-23.69,42.18,-0.44
1533,-0.29,-15.41,40.35,-4.49
1534,-12.12,-3.79,35.47,0.36
1535,-13.69,11.38,40.5,2.67
1536,4.84,15.05,32.54,-5.16
1537,-1.49,22.25,33.09,-3.9
1538,-19.51,10.64,31.97,0.62
1539,-24.4,7.51,35.13,1.53
1540,-16.42,24.64,37.52,-0.13
1541,3.63,22.19,36.26,1.11
1542,-2.24,27.65,34.88,-3.61
1543,-5.59,31.47,31.37,0.21
1544,-12.53,20.86,27.7,-3.95
1545,-17.1,34.98,29.21,-1.42
1546,-21.34,-16.45,31.26,-2.4
1547,-3.43,9.82,33.46,0.69
1548,-29.8,-2.5,30.93,-0.25
1549,-59.73,-14.22,31.38,2.43
1550,14.61,28.95,30.48,0.43
1551,-3.81,18.64,30.57,-7.41
1552,-17.66,17.32,31.5,1.28
1553,-3.61,36.34,27.57,3.62
1554,-18.62,21.33,31.85,4.75
1555,-14.44,42.84,29.77,5.83
1556,-23.23,-4.27,30.44,3.69
1557,-7.87,20.9,27.73,-5.23
1558,-7.84,28.89,29.13,-2.64
1559,-12.73,30.47,32.68,4.21
1560,-15.06,10.19,27.59,-2.16
1561,-12.46,28.03,28.22,0.1
1562,-25.9,24.87,32.34,6.94
1563,16.6,49.08,29.66,4.07
1564,-29.39,4.26,29.3,-1.8
1565,-23.06,0.33,35.32,7.09
1566,-36.96,-18.16,31.81,1.12
1567,-20.42,11.73,29.29,-1.03
1568,-5.67,22.99,28.64,1.62
1569,-28.61,20.42,29.47,0.09
1570,26.58,33.14,31.13,0.64
1571,-13.0,13.72,30.66,4.17
1572,-30.73,14.39,31.19,2.66
1573,-2.84,21.12,28.6,-0.19
1574,-15.53,22.11,29.87,2.69
1575,-26.48,9.54,34.52,3.15
1576,-9.98,4.94,33.68,1.62
1577,15.14,15.56,26.28,0.01
1578,-18.82,19.58,29.0,5.84
1579,-11.96,30.77,29.18,5.27
1580,-13.46,18.17,23.75,0.59
1581,-48.26,-14.53,28.94,3.08
1582,-10.41,-12.66,27.01,4.05
1583,6.66,19.55,23.67,-1.9
1584,7.6,14.11,26.82,-0.32
1585,-24.92,31.81,27.32,4.63
1586,-13.86,13.67,33.13,5.04
1587,7.23,33.9,34.0,1.62
1588,-20.55,4.54,31.56,2.97
1589,-5.27,13.42,31.31,2.7
1590,-8.32,-7.42,29.0,-5.04
1591,-32.47,-26.62,32.8,-0.56
1592,-40.6,15.69,34.31,5.44
1593,-12.86,16.26,34.99,4.37
1594,4.98,30.27,33.15,4.82
1595,-33.15,28.99,39.13,6.5
1596,-10.72,-42.78,34.26,-3.46
1597,4.46,16.31,33.92,-2.48
1598,-4.84,18.4,34.11,4.76
1599,-14.94,21.72,38.85,4.91
1600,-11.22,33.44,35.81,1.22
1601,-1.53,32.2,37.5,5.76
1602,-31.77,-19.65,38.54,5.38
1603,0.75,11.41,38.29,2.8
1604,-15.13,-5.63,33.39,0.67
1605,2.81,26.48,32.56,1.85
1606,-0.74,12.52,33.64,2.31
1607,-21.0,22.81,33.47,5.67
1608,-18.47,39.2,38.43,7.33
1609,-12.21,3.08,30.72,0.34
1610,-0.11,27.33,33.7,2.86
1611,-38.25,20.86,31.97,1.79
1612,-11.68,-1.98,34.95,8.0
1613,-9.0,9.67,33.19,0.82
1614,-0.35,17.19,31.32,1.0
1615,-3.15,50.39,31.84,4.81
1616,-17.2,-3.18,34.62,4.73
1617,-7.41,-12.62,33.97,-1.22
1618,-32.52,-8.59,32.45,0.2
1619,-24.2,14.52,31.36,2.41
1620,5.8,7.96,33.04,-3.18
1621,-7.07,21.51,33.33,-0.25
1622,-19.68,26.91,35.58,0.51
1623,-23.81,32.96,35.33,-0.3
1624,20.52,27.62,31.72,-0.6
1625,-20.19,3.72,35.49,2.02
1626,10.16,53.67,37.79,-0.03
1627,-39.47,-21.18,35.41,-2.69
1628,-14.96,29.9,36.81,0.37
1629,-55.49,2.01,36.54,0.7
1630,0.27,1.53,33.12,-0.02
1631,-6.56,-13.8,35.24,3.13
1632,-7.08,26.99,35.55,6.49
1633,-3.72,20.79,38.13,1.56
1634,-21.62,11.93,34.7,-3.2
1635,-18.14,27.14,34.93,2.91
1636,5.69,34.88,34.64,2.6
1637,-11.77,18.53,38.89,-2.37
1638,-13.42,0.13,28.66,1.07
1639,18.7,7.73,32.32,2.44
1640,-7.44,12.66,31.57,1.97
1641,-23.4,18.69,40.69,2.99
1642,-39.38,3.54,40.05,-0.28
1643,9.8,25.91,35.52,-4.28
1644,-29.63,-12.7,38.25,3.2
1645,-52.28,-38.52,36.62,1.58
1646,-24.93,-14.2,37.16,2.34
1647,20.78,14.94,35.53,2.42
1648,-22.91,17.86,37.71,2.62
1649,-20.63,-1.28,38.94,1.65
1650,17.08,21.65,35.57,-1.46
1651,-4.19,4.85,38.74,5.12
1652,-0.34,-0.45,40.1,1.91
1653,-6.77,8.84,38.28,1.91
1654,-25.44,5.71,31.26,1.86
1655,-7.64,30.5,34.32,2.06
1656,-10.8,-16.05,32.41,0.69
1657,26.57,47.47,38.08,-1.31
1658,-32.99,-9.96,39.81,5.59
1659,-37.14,-29.21,40.28,6.4
1660,-10.16,0.47,34.29,-1.99
1661,-35.84,12.07,37.88,0.71
1662,-18.62,23.26,36.37,3.18
1663,7.82,27.29,36.62,0.72
1664,-28.12,10.33,35.18,-2.43
1665,-30.61,14.64,38.68,4.78
1666,-20.56,2.92,34.8,-3.48
1667,9.15,30.24,28.38,-4.42
1668,0.5,7.25,33.95,-4.09
1669,0.13,41.73,34.78,0.51
1670,-34.63,-11.5,33.17,-7.3
1671,-23.49,31.12,32.08,-2.44
1672,-11.4,36.98,33.5,2.55
1673,-5.95,-5.78,32.0,-5.38
1674,2.22,-4.91,33.84,-1.82
1675,-29.75,-10.7,36.61,1.14
1676,-28.69,-9.13,33.37,-3.22
1677,8.64,31.32,31.03,-2.71
1678,-40.69,8.97,33.96,1.96
1679,-10.96,6.97,32.17,0.21
1680,0.83,8.9,29.43,1.05
1681,-25.47,9.56,34.41,4.23
1682,-5.27,28.61,34.63,0.52
1683,-8.26,10.05,39.04,-0.46
1684,-32.58,7.61,36.1,-2.51
1685,-23.87,52.55,34.11,3.25
1686,-12.4,10.8,35.3,-5.01
1687,4.69,-11.28,35.62,-1.25
1688,-29.76,-7.49,35.36,1.29
1689,-21.74,34.66,39.12,3.56
1690,15.69,7.85,31.58,0.88
1691,-8.45,-18.83,34.18,-1.94
1692,10.36,24.23,33.2,2.57
1693,-34.45,10.16,31.78,2.16
1694,-7.8,3.95,28.94,-1.46
1695,-22.02,-4.55,32.98,5.39
1696,-4.84,18.47,32.61,3.11
1697,13.6,4.1,35.07,4.81
1698,-52.45,-14.65,30.71,0.46
1699,-26.27,12.37,29.4,1.33
1700,-12.4,-0.95,28.23,-2.27
1701,5.86,12.06,38.42,-1.12
1702,-4.84,47.13,31.63,0.1
1703,-20.11,-17.04,30.17,-2.33
1704,-21.83,-14.01,35.48,-4.2
1705,-24.63,-14.32,30.86,-2.03
1706,-2.26,12.62,29.19,-0.8
1707,22.37,54.17,29.43,-4.18
1708,10.15,49.62,33.48,5.62
1709,-69.18,-69.15,28.17,-1.25
1710,-22.31,12.44,28.17,-3.15
1711,-9.78,-3.65,32.08,3.0
1712,5.64,16.55,31.83,-0.87
1713,-11.21,11.59,30.72,0.58
1714,-6.96,18.83,32.14,-0.22
1715,-17.8,22.19,30.52,-0.03
1716,-11.73,30.42,33.26,3.13
1717,-8.37,13.19,29.04,1.12
1718,-28.33,-29.4,30.17,-4.88
1719,-20.93,6.29,32.21,-2.93
1720,-11.76,0.33,24.43,-7.08
1721,-20.13,4.56,31.27,-0.93
1722,-23.46,-7.46,34.8,5.28
1723,8.13,11.62,26.32,-1.26
1724,24.29,35.89,21.89,-9.46
1725,-26.59,54.89,34.98,5.33
1726,12.55,45.37,29.98,-0.84
1727,-18.56,-39.26,32.11,-2.64
1728,-35.19,-9.43,31.42,4.23
1729,-45.08,-11.98,35.73,1.65
1730,14.83,17.91,34.49,1.33
1731,9.16,48.11,33.47,-0.11
1732,-13.2,-18.99,36.41,1.34
1733,-24.99,-18.19,35.78,-2.51
1734,-41.42,-16.46,36.97,-2.36
1735,-1.75,13.75,35.79,1.97
1736,-5.32,15.68,37.19,-1.48
1737,-9.11,10.5,32.49,-0.22
1738,-21.24,13.88,32.19,4.24
1739,-30.91,17.76,31.23,-3.17
1740,13.01,20.91,33.76,0.47
1741,-24.19,-7.56,34.93,6.3
1742,-19.47,26.38,34.77,5.33
1743,9.62,59.36,33.0,4.44
1744,15.61,44.09,26.43,-1.85
1745,-33.99,33.17,34.77,3.05
1746,-55.7,-69.66,33.49,-4.09
1747,16.55,-1.07,30.37,-2.27
1748,-1.29,10.7,30.78,-1.32
1749,-8.42,14.46,27.2,2.25
1750,-3.49,14.08,28.25,2.46
1751,-26.64,15.22,26.56,-0.27
1752,-31.66,2.3,33.75,4.02
1753,-4.89,-6.01,29.32,-0.82
1754,16.41,25.66,29.1,-1.4
1755,-46.05,-3.17,32.06,0.89
1756,-14.15,-0.67,29.92,-0.45
1757,-13.84,6.37,31.13,-5.85
1758,-33.57,41.19,32.79,3.11
1759,29.4,47.08,33.42,-3.19
1760,-11.76,-42.06,32.52,-5.56
1761,5.53,2.4,33.35,2.63
1762,1.27,39.24,36.41,5.71
1763,-17.71,-14.49,31.43,-4.01
1764,-16.03,-3.22,36.1,2.21
1765,-20.94,5.74,32.94,6.16
1766,-7.31,15.43,32.12,-4.79
1767,6.54,51.86,38.21,2.96
1768,-4.01,19.51,40.48,-0.8
1769,-39.71,-31.76,39.25,-2.24
1770,-6.41,-5.65,33.41,-6.36
1771,-17.59,-8.98,38.49,0.73
1772,-38.19,10.35,40.48,3.83
1773,13.76,45.12,32.55,-4.74
1774,0.4,44.83,35.0,-1.74
1775,-35.41,-18.79,35.09,1.4
1776,4.1,-10.07,30.4,-3.79
1777,-6.94,-1.51,32.97,1.06
1778,-29.48,14.08,37.08,0.6
1779,-22.84,22.66,32.24,-4.32
1780,12.17,25.16,35.75,-2.82
1781,-5.06,-5.51,41.38,2.29
1782,-28.87,21.85,31.82,-0.35
1783,-9.15,15.54,34.27,-1.23
1784,-1.81,9.94,35.86,1.31
1785,-18.57,13.63,31.22,2.28
1786,-42.65,-8.18,32.99,-1.22
1787,4.29,-15.17,35.94,-2.34
1788,-24.57,26.11,36.72,5.62
1789,-10.34,20.45,31.03,3.39
1790,11.1,-22.01,28.45,-1.25
1791,-27.02,2.44,30.86,0.84
1792,-16.53,-5.6,33.53,-1.02
1793,-10.41,-4.68,32.25,2.17
1794,40.64,20.83,27.17,-3.95
1795,-53.35,6.43,30.29,2.63
1796,-14.58,10.0,33.63,0.5
1797,16.25,8.16,28.8,-3.47
1798,1.51,25.91,29.8,3.43
1799,-8.11,-3.2,31.18,2.23
1800,-22.41,-10.88,32.01,-1.45
1801,-15.43,28.12,31.87,0.66
1802,-27.9,9.05,32.37,4.82
1803,-11.72,-34.49,29.42,-0.01
1804,-18.62,-16.17,30.05,-0.77
1805,-53.32,5.09,36.02,3.42
1806,19.54,13.3,29.77,-1.3
1807,16.83,26.88,33.62,-0.63
1808,-15.57,19.27,33.91,1.3
1809,-11.34,12.79,31.76,1.58
1810,6.86,8.46,33.28,-2.29
1811,-29.6,7.67,28.89,0.01
1812,0.1,12.13,39.68,6.9
1813,-25.3,9.09,34.31,-1.52
1814,-20.92,-1.57,38.56,-1.46
1815,40.13,50.07,40.6,5.21
1816,-9.96,53.97,34.12,-0.11
1817,-34.25,-21.45,34.21,-3.39
1818,-45.72,-34.61,36.42,3.98
1819,-10.94,2.49,39.25,2.19
1820,17.93,0.58,29.02,-3.69
1821,-46.68,1.14,32.81,0.34
1822,-31.67,20.45,34.29,0.18
1823,9.07,4.29,34.9,-0.69
1824,16.87,3.3,30.17,-1.1
1825,-12.62,9.8,35.69,1.86
1826,-40.81,12.93,35.47,0.74
1827,8.66,12.68,31.63,0.4
1828,-21.3,11.77,29.15,2.94
1829,-10.05,12.98,30.43,1.33
1830,-11.25,-3.59,27.72,1.67
1831,7.37,32.12,30.71,0.67
1832,-34.08,27.04,36.4,1.04
1833,3.01,43.64,29.22,-0.18
1834,8.21,41.99,28.04,0.97
1835,-70.02,-75.9,22.63,-1.26
1836,-20.23,-19.74,23.01,-3.54
1837,-1.5,25.68,27.27,-2.18
1838,-23.47,6.71,36.46,3.58
1839,-28.8,-2.49,30.26,1.29
1840,19.15,18.57,31.2,0.21
1841,-19.15,4.26,29.1,-2.93
1842,-25.57,0.79,38.25,1.41
1843,-38.32,1.68,35.89,0.93
1844,-0.97,20.64,36.64,-2.38
1845,-13.97,25.61,34.96,1.63
1846,15.63,41.7,32.09,0.55
1847,1.93,30.35,31.69,-6.33
1848,-48.21,-30.47,34.48,-0.59
1849,-18.06,0.1,33.6,0.17
1850,11.44,20.9,37.51,3.52
1851,-16.5,13.64,29.67,-1.29
1852,-73.8,-28.18,36.65,2.15
1853,-11.49,-6.09,31.84,-1.1
1854,4.67,-1.51,28.21,-5.49
1855,-6.26,-11.66,36.2,2.18
1856,51.39,17.61,35.02,-2.3
1857,-31.19,-8.37,34.12,-2.63
1858,-25.67,-10.72,33.17,-1.26
1859,-21.74,17.54,32.22,2.51
1860,-15.82,-4.23,36.38,0.98
1861,-3.82,0.54,30.32,0.33
1862,-14.79,10.32,34.18,5.96
1863,33.88,23.51,31.89,3.39
1864,-18.51,13.27,31.29,2.53
1865,-46.53,4.49,36.96,8.09
1866,-49.78,7.82,35.79,5.39
1867,-14.55,-23.43,32.38,-3.35
1868,-2.66,-9.92,31.53,-0.87
1869,-44.98,13.67,39.09,-0.93
1870,6.9,60.23,32.94,-0.39
1871,11.25,13.13,34.97,3.91
1872,-9.38,-15.2,26.35,1.14
1873,-14.34,3.03,32.18,1.11
1874,-1.15,8.51,32.18,-0.04
1875,7.39,19.06,26.73,2.17
1876,-58.16,20.28,29.37,-1.9
1877,5.63,37.58,37.55,4.38
1878,-22.97,27.06,34.79,4.88
1879,-54.78,-52.8,34.64,1.1
1880,-3.07,18.53,31.37,-1.33
1881,-9.52,9.22,33.55,0.23
1882,-30.96,14.11,36.08,3.41
1883,-45.44,15.33,34.48,6.28
1884,22.84,39.62,30.32,2.53
1885,-9.0,-9.87,33.12,4.83
1886,-12.96,15.26,31.53,4.14
1887,-15.27,-3.21,31.73,-0.96
1888,13.7,49.21,30.96,-4.69
1889,-20.51,16.51,35.2,4.53
1890,-47.16,-58.04,32.61,-7.96
1891,-27.67,-9.07,32.44,-0.54
1892,-34.42,-8.22,35.41,0.38
1893,-14.06,-1.42,33.66,0.63
1894,11.79,16.77,34.96,-1.28
1895,8.84,18.51,31.15,0.62
1896,-27.42,27.43,34.32,4.51
1897,11.31,-0.65,31.64,2.05
1898,-48.47,10.75,39.28,3.7
1899,-31.17,26.71,37.0,1.85
1900,-24.5,-28.46,33.68,-0.22
1901,-15.99,13.32,32.62,-1.3
1902,-32.15,34.6,32.54,0.72
1903,11.31,21.0,33.89,-1.62
1904,1.16,7.84,32.47,-0.9
1905,-23.8,18.35,36.6,7.32
1906,-15.69,-16.43,30.46,-4.31
1907,1.21,10.69,27.42,-4.68
1908,-38.72,8.99,34.82,1.7
1909,-30.07,-5.93,35.38,1.03
1910,25.06,9.29,32.97,3.93
1911,-28.8,1.67,30.5,-0.84
1912,-27.45,11.54,31.01,1.11
1913,-1.66,20.26,27.17,-4.67
1914,-14.7,15.39,33.67,-0.52
1915,-37.62,18.54,37.17,-0.88
1916,-7.15,10.17,35.76,-3.9
1917,-20.96,20.33,29.7,-6.37
1918,-49.37,8.97,34.46,1.22
1919,2.09,40.32,35.18,-2.43
1920,17.58,46.48,31.98,-4.63
1921,-20.96,-4.96,33.91,-0.73
1922,-50.61,-36.72,34.55,-0.29
1923,-8.9,1.91,33.36,-1.59
1924,-5.67,1.78,30.96,0.13
1925,-15.87,7.33,32.2,1.96
1926,7.33,26.77,32.19,0.38
1927,-37.77,-0.82,30.04,2.24
1928,-19.17,5.77,30.03,-0.61
1929,-22.21,15.02,33.69,0.87
1930,0.88,26.89,27.64,0.62
1931,-5.05,51.26,32.59,2.05
1932,-23.24,20.78,29.31,5.07
1933,-20.37,-72.24,27.06,-2.95
1934,4.72,-8.14,28.78,-7.48
1935,-19.95,15.76,29.16,3.22
1936,-21.32,22.78,31.29,1.57
1937,0.6,14.77,26.05,1.98
1938,-30.04,4.82,29.94,1.53
1939,-6.92,-5.04,33.4,5.23
1940,18.34,-4.58,27.3,-2.16
1941,-12.37,4.86,30.87,2.66
1942,-18.74,17.27,34.62,2.2
1943,-22.32,-7.94,32.22,-0.46
1944,-9.89,3.25,31.21,-1.67
1945,-13.86,5.73,36.8,5.06
1946,-22.02,15.26,31.55,-0.74
1947,13.38,41.23,34.02,1.59
1948,-3.36,37.48,29.47,1.75
1949,-18.86,-64.78,27.76,0.66
1950,28.2,-2.99,29.37,-0.7
1951,-85.29,-4.63,29.02,1.55
1952,-25.27,31.46,30.37,5.97
1953,4.66,45.64,30.39,4.59
1954,-37.17,-27.89,31.31,-1.05
1955,-22.85,-40.23,33.19,-1.2
1956,9.29,13.21,29.99,1.76
1957,5.4,35.91,30.4,1.68
1958,3.93,8.67,34.03,5.3
1959,4.47,20.51,29.37,0.39
1960,-31.91,-36.92,26.54,-5.22
1961,-20.96,-23.64,30.38,0.48
1962,8.0,9.66,26.93,0.27
1963,-19.15,11.71,25.18,-2.64
1964,-33.61,14.31,32.16,0.05
1965,-17.18,-20.49,28.53,1.97
1966,-4.65,-3.78,27.87,3.31
1967,-8.4,23.31,29.7,-5.19
1968,-3.01,33.49,30.25,1.32
1969,-38.93,-20.26,29.46,0.74
1970,-3.39,6.78,30.31,-3.4
1971,17.55,-3.03,30.17,-2.14
1972,-39.02,-4.69,32.0,0.74
1973,-3.9,-5.7,31.13,3.31
1974,-9.26,11.9,29.4,-5.19
1975,-15.63,16.85,29.99,2.93
1976,-12.86,-1.28,28.4,1.77
1977,-12.83,14.11,31.03,-1.34
1978,-38.51,6.29,28.86,0.19
1979,-33.45,-20.79,30.39,3.32
1980,17.54,-6.55,28.33,-3.85
1981,8.06,14.94,29.3,-2.84
1982,-4.91,50.08,29.29,1.64
1983,-51.71,-13.06,32.24,-0.36
1984,9.74,11.97,32.91,2.08
1985,12.65,14.77,27.68,-0.5
1986,-24.01,-7.84,31.82,-0.59
1987,5.2,-18.05,27.79,-1.6
1988,7.11,29.0,30.12,3.22
1989,-55.31,-12.76,29.26,3.64
1990,5.53,19.62,31.37,2.78
1991,-33.42,-1.54,25.03,4.26
1992,-14.58,16.19,31.07,3.23
1993,-17.52,-12.18,26.88,-4.31
1994,-22.59,13.22,31.08,5.08
1995,-14.51,-0.14,29.51,4.79
1996,-6.15,16.23,30.61,6.63
1997,5.03,5.96,32.13,0.57
1998,-2.7,14.25,30.34,4.65
1999,-39.71,14.82,32.17,3.94
2000,23.93,83.27,30.54,0.13
2001,-41.02,-42.38,31.41,1.17
2002,-18.97,-5.81,28.99,2.75
2003,-12.05,27.16,28.82,-0.01
2004,19.32,41.04,30.38,8.07
2005,-34.91,-1.04,31.42,4.93
2006,-32.69,12.4,34.78,4.87
2007,-16.18,-26.82,34.41,1.95
2008,-21.82,-4.6,33.54,1.66
2009,-19.63,2.26,32.54,-2.13
2010,-12.07,11.14,30.0,-0.27
2011,6.43,12.55,31.33,3.97
2012,-14.0,35.81,32.44,4.93
2013,-18.62,15.25,33.31,3.01
2014,-3.5,2.81,31.8,1.1
2015,-8.43,52.61,29.11,2.72
2016,-36.82,-35.34,30.76,2.65
2017,-11.53,-18.29,29.61,0.92
2018,-11.19,11.52,34.47,2.53
2019,-11.19,12.69,31.13,0.24
2020,0.52,-5.31,24.51,-4.54
2021,-18.58,17.58,28.21,3.77
2022,-15.76,35.87,33.56,7.63
2023,-21.36,-13.44,27.13,-0.73
2024,-17.13,-23.25,29.25,-4.04
2025,-5.04,-3.51,29.57,3.48
2026,-32.48,-1.22,30.2,2.11
2027,-2.97,-2.78,25.42,-2.45
2028,-8.34,7.84,35.73,6.13
2029,-24.77,7.27,30.19,-1.96
2030,4.97,24.62,30.66,-0.98
2031,0.85,10.49,34.45,1.37
2032,-22.24,-13.41,22.92,-3.03
2033,3.13,14.77,27.69,-1.0
2034,-11.55,19.37,30.99,-2.03
2035,-46.94,27.54,31.5,4.94
2036,9.3,-28.74,27.29,-0.84
2037,-3.8,14.67,26.82,-2.61
2038,-26.98,-21.16,27.83,2.99
2039,16.58,31.17,30.53,3.34
2040,-22.27,-22.96,30.98,-1.16
2041,-19.12,-6.58,29.61,-4.75
2042,-14.78,22.39,33.71,-1.26
2043,-6.5,18.46,34.38,3.16
2044,21.8,4.24,27.55,0.42
2045,-52.58,-21.45,32.02,0.15
2046,-13.79,10.15,31.36,0.75
2047,-0.32,31.3,28.62,-2.12
2048,-33.95,1.14,34.85,-0.52
2049,-14.55,26.35,33.9,2.83
2050,1.32,26.9,29.54,-2.18
2051,-34.74,-10.19,31.5,-1.47
2052,-44.64,-7.88,34.45,1.97
2053,19.0,28.5,29.56,2.02
2054,-14.51,19.9,28.01,-2.13
2055,-28.43,-19.74,24.83,2.29
2056,12.09,18.0,28.39,3.75
2057,-15.93,-0.75,30.12,-1.34
2058,-56.47,-15.34,34.35,0.85
2059,-48.75,3.22,33.96,2.77
2060,-0.18,-2.77,30.19,-3.87
2061,-7.75,17.64,31.6,2.33
2062,-38.71,7.12,36.43,1.35
2063,-2.68,-7.38,27.29,-1.08
2064,3.42,10.7,26.36,-0.71
2065,-13.72,29.93,29.69,2.85
2066,-12.2,-7.12,26.6,0.76
2067,5.59,1.0,31.84,3.22
2068,-25.59,1.06,30.43,2.97
2069,-21.05,-1.19,31.84,3.26
2070,12.88,1.52,31.36,1.65
2071,-7.54,29.15,32.32,-2.82
2072,-33.28,-20.26,32.49,2.6
2073,-6.4,3.5,26.43,-5.67
2074,-45.48,-20.09,30.9,-4.93
2075,-58.84,-28.3,28.27,-2.15
2076,26.09,30.46,25.06,0.33
2077,-2.18,0.19,32.0,-1.39
2078,-24.04,1.26,37.19,5.06
2079,-14.64,10.93,37.46,0.53
2080,-14.68,5.8,26.95,-0.82
2081,-47.24,-45.2,29.76,-2.41
2082,-10.25,11.95,27.05,0.74
2083,15.46,15.86,29.45,-0.2
2084,8.23,7.38,27.64,-2.78
2085,37.37,73.84,37.0,5.58
2086,-38.39,-20.29,33.05,0.53
2087,-32.48,-19.18,32.28,-0.25
2088,-27.74,-13.89,31.28,1.51
2089,-24.53,-10.64,29.71,2.77
2090,-14.15,13.8,32.21,-1.55
2091,0.24,17.61,27.16,0.7
2092,0.25,20.1,29.28,-1.94
2093,-20.19,-17.61,30.11,-3.29
2094,4.59,-6.17,27.25,-3.54
2095,-20.52,13.0,29.61,5.16
2096,-25.97,-6.27,30.35,3.21
2097,-16.14,-4.36,28.36,3.62
2098,15.17,11.82,31.91,-4.47
2099,-27.92,14.64,31.03,-1.91
2100,-18.68,26.04,34.56,1.28
2101,-31.99,-32.37,31.69,-1.81
2102,-5.79,3.38,32.47,1.73
2103,-6.58,-0.09,30.09,1.62
2104,-4.02,41.92,31.07,6.87
2105,-40.15,-29.46,34.88,4.15
2106,-7.5,2.68,30.57,4.46
2107,9.24,17.35,29.37,-4.2
2108,-41.78,-17.19,31.09,4.55
2109,-16.19,15.05,33.6,3.36
2110,32.47,20.91,29.37,-2.49
2111,-20.99,9.59,28.75,0.26
2112,-14.6,15.84,23.28,1.28
2113,-18.98,-1.64,30.76,3.9
2114,-1.33,34.86,28.95,0.27
2115,-13.7,0.17,29.92,6.07
2116,-47.64,15.43,29.22,1.01
2117,-26.16,25.22,32.5,8.49
2118,-3.45,-13.35,26.55,-0.17
2119,-28.74,11.14,32.03,2.22
2120,9.44,17.31,33.4,-0.03
2121,-15.18,17.89,28.03,2.43
2122,-27.75,38.08,32.41,4.52
2123,6.81,18.61,31.29,3.79
2124,-0.63,6.45,27.7,4.15
2125,-29.06,-2.96,25.87,3.29
2126,0.02,23.61,29.81,2.13
2127,-3.75,34.26,29.45,-0.05
2128,-85.08,-12.6,28.83,2.81
2129,-34.57,20.63,30.15,4.24
2130,44.04,20.22,28.62,1.33
2131,-5.39,-6.18,24.99,5.01
2132,-3.75,9.38,28.41,4.87
2133,-6.3,-16.17,28.85,2.78
2134,-23.72,2.75,28.02,-1.61
2135,-22.22,22.51,29.49,0.7
2136,-21.91,13.61,31.6,1.41
2137,-15.45,13.16,27.1,0.69
2138,-1.91,15.03,31.87,0.19
2139,-11.95,7.86,27.24,0.27
2140,-20.53,10.27,30.91,2.68
2141,1.76,14.61,29.5,7.68
2142,-28.11,10.88,35.18,9.82
2143,-11.57,9.82,31.15,1.95
2144,5.01,44.07,33.0,3.02
2145,-7.07,48.96,32.02,4.08
2146,-68.42,-18.63,29.68,7.62
2147,-9.21,-22.7,28.84,1.71
2148,9.76,7.25,26.15,0.21
2149,-39.07,1.88,31.87,3.89
2150,-2.83,9.53,32.38,2.43
2151,-6.41,11.88,35.21,2.46
2152,-12.88,16.57,32.65,8.13
2153,-11.26,7.3,30.81,-0.02
2154,11.55,-1.79,33.33,3.75
2155,-19.18,12.11,37.69,13.27
2156,-9.27,37.1,34.15,4.36
2157,-5.79,39.12,33.11,3.13
2158,-45.33,-12.92,37.64,2.28
2159,-26.84,-6.25,29.2,0.7
2160,17.15,23.17,34.8,3.32
2161,-5.75,21.23,31.05,3.32
2162,-36.9,-10.79,31.19,4.32
2163,-5.78,20.83,31.12,3.07
2164,-4.97,44.56,31.33,3.84
2165,-3.6,32.01,34.83,6.32
2166,-30.53,-14.93,35.8,-1.17
2167,-21.32,-3.19,30.19,2.0
2168,5.22,14.45,31.09,0.71
2169,7.04,20.47,29.26,-0.24
2170,-18.55,7.52,31.68,-1.78
2171,-19.36,8.81,33.07,2.88
2172,-10.57,28.82,31.25,-0.55
2173,-3.11,4.65,33.34,-1.12
2174,2.11,3.16,32.95,2.4
2175,1.09,9.68,29.97,4.42
2176,-34.29,23.21,31.07,0.83
2177,-8.74,42.79,34.93,1.76
2178,-19.89,39.08,34.13,4.07
2179,8.0,5.68,31.93,2.17
2180,-41.88,-51.84,27.94,-1.81
2181,-25.1,-3.59,30.1,1.55
2182,-6.96,1.34,27.34,1.73
2183,18.5,12.02,30.8,0.52
2184,-22.72,2.79,26.7,3.46
2185,-28.81,11.2,38.0,3.47
2186,11.88,39.52,36.63,1.8
2187,-4.33,-7.37,34.17,1.49
2188,-6.05,-1.47,32.02,0.92
2189,-28.57,-4.02,31.33,4.35
2190,-3.21,10.55,30.97,1.49
2191,11.01,43.87,31.86,7.86
2192,-24.44,-22.29,38.87,9.06
2193,-12.01,0.05,32.35,2.26
2194,-3.17,-5.35,29.96,5.89
2195,-1.18,10.1,34.82,7.15
2196,-24.91,13.1,30.62,-0.2
2197,-3.43,9.92,25.95,0.08
2198,-27.36,-21.26,32.07,6.55
2199,-31.73,-5.45,27.86,-1.27
2200,-22.92,-18.05,29.09,-6.79
2201,3.59,19.04,30.88,-1.04
2202,-25.09,29.29,30.94,5.22
2203,-7.05,30.24,30.24,-1.89
2204,-2.97,19.56,33.57,-0.1
2205,-27.91,-36.25,29.36,1.84
2206,-7.57,3.08,31.16,5.26
2207,0.55,12.6,31.85,3.1
2208,-18.99,21.52,32.84,2.33
2209,-24.15,25.71,34.5,2.81
2210,9.65,0.38,29.8,1.45
2211,-4.3,44.09,32.44,3.91
2212,-32.58,-11.15,35.13,4.52
2213,5.18,-16.94,26.14,-2.34
2214,-76.1,-6.9,32.17,2.87
2215,-17.51,22.68,29.93,3.21
2216,14.37,17.88,26.27,-0.18
2217,23.78,8.61,29.88,3.77
2218,-6.17,18.07,26.33,4.63
2219,-23.28,-3.8,31.45,7.48
2220,-6.87,23.34,28.77,1.49
2221,-12.04,35.55,33.11,6.49
2222,0.93,-19.03,28.57,4.34
2223,-23.49,-3.71,30.8,-0.12
2224,-10.99,9.31,35.13,5.96
2225,-39.99,-24.63,33.92,3.31
2226,-11.12,2.62,28.45,5.01
2227,-0.55,3.29,35.39,4.57
2228,-15.95,14.25,32.64,8.79
2229,-5.49,34.73,33.57,3.12
2230,-12.34,42.14,28.05,1.63
2231,-4.21,-13.83,33.9,2.49
2232,-10.34,-18.93,33.28,0.1
2233,-2.95,-0.13,30.04,1.43
2234,-5.94,2.76,32.97,2.96
2235,-19.61,9.79,36.95,6.14
2236,-37.6,-1.92,31.96,1.05
2237,-25.76,12.78,28.37,1.96
2238,-3.99,10.54,35.05,5.2
2239,-14.92,5.21,30.7,3.55
2240,27.29,16.55,31.45,0.72
2241,-24.75,-5.19,29.97,-0.68
2242,-40.89,-4.73,31.98,6.19
2243,-12.59,4.59,29.68,2.71
2244,-1.94,35.76,28.66,3.54
2245,5.36,36.63,27.67,3.41
2246,-11.12,34.24,27.38,0.06
2247,-10.04,-20.58,30.12,-2.73
2248,-16.0,26.26,27.54,2.24
2249,-8.09,5.51,28.8,6.43
2250,-22.81,-25.36,23.55,-1.56
2251,-13.74,-5.26,30.09,3.94
2252,-9.99,3.77,30.99,2.68
2253,12.35,26.23,27.67,-0.97
2254,-27.79,-8.14,31.29,3.95
2255,-21.4,-12.02,32.45,2.72
2256,4.98,11.84,32.02,0.01
2257,-2.67,12.62,35.26,-1.08
2258,-2.31,19.4,35.27,3.27
2259,4.96,24.92,37.8,-1.1
2260,3.95,2.6,34.13,-2.84
2261,-41.87,4.88,35.09,0.92
2262,-29.92,16.81,34.72,0.24
2263,-5.21,14.02,32.26,-4.27
2264,-47.19,-26.6,29.71,-3.91
2265,-16.69,16.62,33.48,1.2
2266,38.02,46.39,27.49,-4.69
2267,22.44,39.54,33.35,-1.08
2268,-44.3,10.49,31.25,2.86
2269,-17.93,0.96,29.25,4.02
2270,-4.94,-3.17,27.23,-1.48
2271,-26.4,-6.87,27.54,-1.74
2272,-13.44,22.49,34.3,6.26
2273,2.61,29.12,34.19,2.44
2274,-5.95,2.51,33.55,0.83
2275,5.6,0.41,32.47,2.07
2276,-48.58,-32.15,29.77,-2.98
2277,5.37,9.68,29.53,-0.84
2278,-10.21,31.54,33.42,2.97
2279,-29.08,-3.67,33.81,2.36
2280,-30.61,-26.89,31.13,-1.36
2281,-16.72,-5.61,36.21,6.52
2282,-8.87,12.67,38.34,3.56
2283,19.4,17.82,31.84,1.09
2284,-3.37,-11.25,28.98,4.09
2285,-52.65,-27.08,36.24,1.96
2286,9.13,21.81,28.57,-1.8
2287,17.31,-0.5,32.13,-2.08
2288,-32.0,0.07,38.08,3.43
2289,-19.35,13.17,34.33,-1.32
2290,33.62,27.12,33.58,0.42
2291,-18.51,11.17,32.76,-1.06
2292,-55.06,-24.88,25.02,-3.72
2293,-8.35,8.31,28.71,0.18
2294,11.25,26.5,33.15,1.12
2295,-26.53,-11.18,35.16,2.49
2296,-19.86,6.61,30.44,5.85
2297,2.34,12.0,28.38,-1.51
2298,18.98,29.1,31.8,2.79
2299,-26.0,-13.04,32.05,5.1
2300,-32.43,-21.92,28.63,1.14
2301,-26.17,-0.27,28.48,4.93
2302,-19.3,0.3,30.69,6.7
2303,-32.2,-24.14,31.9,3.34
2304,24.07,36.1,36.27,3.82
2305,-20.49,27.91,34.86,3.46
2306,-19.25,-18.13,25.73,3.97
2307,5.08,11.89,28.18,2.71
2308,5.9,11.74,31.99,3.38
2309,-44.63,4.1,32.73,4.29
2310,-10.46,19.66,29.01,0.26
2311,-4.64,9.8,29.16,4.35
2312,-11.45,5.84,34.99,8.85
2313,-7.17,9.78,30.31,6.84
2314,8.36,23.59,30.19,3.33
2315,-10.69,2.2,33.08,8.0
2316,-26.44,2.0,32.22,9.07
2317,-23.54,8.88,31.67,7.24
2318,-25.96,7.12,29.57,7.24
2319,-39.92,-11.35,31.55,3.81
2320,9.35,-20.2,30.3,3.96
2321,5.8,11.77,31.71,1.1
2322,-17.07,23.31,28.77,3.18
2323,-11.77,-4.88,33.79,4.93
2324,12.1,9.03,30.27,2.91
2325,-54.96,14.64,32.24,9.32
2326,-12.82,-2.14,31.52,5.7
2327,28.01,15.34,28.87,2.47
2328,-28.05,5.18,32.42,6.45
2329,-25.66,14.47,32.84,10.35
2330,-4.7,18.85,27.21,2.62
2331,-4.93,43.85,30.16,7.43
2332,-33.98,-24.77,28.88,5.55
2333,4.74,-8.16,29.75,4.54
2334,-20.3,-0.17,29.2,0.96
2335,-23.31,8.48,31.82,4.78
2336,2.0,25.99,33.95,5.07
2337,-4.82,-5.07,28.88,0.07
2338,-19.2,12.15,34.84,6.88
2339,-57.3,-5.49,29.96,3.8
2340,16.25,19.82,29.75,2.04
2341,0.87,18.03,24.61,-3.1
2342,-27.9,6.0,25.52,0.77
2343,-38.45,3.12,32.0,5.15
2344,-19.55,-20.87,30.87,4.94
2345,9.64,20.28,32.54,7.39
2346,-1.45,9.86,31.5,2.15
2347,22.8,19.04,27.28,-1.46
2348,-27.71,1.74,28.97,3.73
2349,-26.37,-3.33,28.46,3.64
2350,16.03,10.19,28.58,-0.3
2351,-32.06,0.53,28.15,4.99
2352,-34.13,5.7,30.43,8.01
2353,-21.87,8.14,25.23,-0.42
2354,-13.76,9.05,33.34,4.22
2355,-2.72,23.16,29.31,3.61
2356,-1.89,-8.46,26.35,1.69
2357,-30.8,-5.82,28.22,3.59
2358,-37.96,8.24,30.48,3.47
2359,0.28,-2.12,29.36,1.66
2360,23.03,7.94,24.83,2.89
2361,-29.02,-8.43,28.88,0.39
2362,-23.86,-6.36,28.96,5.96
2363,1.21,22.74,26.61,3.47
2364,4.62,53.49,25.17,1.67
2365,-10.34,2.41,28.34,4.69
2366,1.34,-20.16,23.1,6.1
2367,-45.57,-30.45,24.84,-2.83
2368,-24.22,-4.57,29.81,6.53
2369,24.54,42.95,26.53,5.35
2370,-20.3,-23.7,26.21,1.3
2371,-49.49,-23.77,26.75,3.98
2372,-52.14,3.2,29.02,8.33
2373,27.29,10.71,20.61,-5.13
2374,2.23,21.98,24.0,4.07
2375,-52.07,-8.31,30.04,5.61
2376,14.0,16.2,25.85,2.27
2377,21.01,27.74,21.7,0.19
2378,-27.96,7.63,30.69,8.64
2379,-34.5,23.23,30.79,6.06
2380,-19.36,-1.22,32.35,6.01
2381,-3.92,-0.71,30.27,2.54
2382,-21.56,14.98,32.76,2.44
2383,8.66,43.45,28.77,2.14
2384,-13.72,-7.06,34.75,1.39
2385,-11.66,-19.85,30.91,4.3
2386,-12.86,16.05,29.01,-2.48
2387,-16.75,1.22,26.85,-2.58
2388,-13.13,30.79,31.24,2.89
2389,-12.45,31.27,31.22,3.29
2390,-4.34,-26.41,27.3,0.41
2391,-32.29,-19.78,21.6,-2.67
2392,-36.33,18.72,33.25,4.55
2393,37.42,24.0,33.03,0.27
2394,-0.82,16.57,30.34,-0.55
2395,-40.86,-16.35,33.86,4.33
2396,-0.15,0.13,26.75,0.81
2397,-7.06,2.08,33.38,-3.32
2398,-44.56,4.42,32.93,7.78
2399,-3.14,7.87,33.25,2.46
2400,25.04,26.4,31.37,-4.53
2401,-14.14,-8.3,30.78,-1.9
2402,-14.76,5.28,32.25,0.44
2403,30.78,5.18,29.19,4.6
2404,-42.33,-39.23,29.79,0.68
2405,-40.62,-14.39,24.18,1.97
2406,-34.81,-13.63,25.61,1.92
2407,22.04,25.69,28.02,2.57
2408,-5.8,26.85,30.54,5.51
2409,-39.35,-9.96,31.89,3.36
2410,-17.05,1.6,28.43,1.75
2411,-20.19,-8.52,20.98,-1.58
2412,15.63,24.26,28.54,4.35
2413,-12.77,-0.17,28.26,4.15
2414,-43.68,-43.2,29.16,1.03
2415,-17.78,13.87,29.83,4.39
2416,9.64,37.61,32.45,-0.06
2417,39.45,-2.48,28.48,-5.11
2418,-30.2,15.61,28.33,-1.6
2419,-40.14,-9.94,29.74,2.28
2420,-2.84,-9.1,26.16,3.83
2421,1.37,5.15,23.89,-0.36
2422,-36.55,2.06,25.8,2.56
2423,-17.46,20.18,27.7,1.87
2424,-0.84,-3.62,25.82,0.12
2425,-27.99,-0.91,27.13,-0.76
2426,-18.86,7.07,26.78,-0.5
2427,13.96,4.95,30.75,-0.96
2428,-31.69,8.36,33.33,0.45
2429,-14.22,16.04,35.73,-2.58
2430,18.51,18.38,29.61,-0.16
2431,-16.33,4.11,30.88,-0.58
2432,-65.07,-6.69,34.77,4.47
2433,16.09,12.21,25.54,-1.3
2434,1.97,22.09,26.59,2.82
2435,-21.32,-7.81,25.25,4.57
2436,-38.75,-28.59,29.25,-0.73
2437,31.8,39.76,33.99,-2.8
2438,-10.1,-0.11,29.91,-1.62
2439,-28.89,-7.85,32.14,0.82
2440,18.88,37.6,31.16,-0.56
2441,-19.48,27.85,26.58,-2.75
2442,-35.87,-40.5,29.18,-2.99
2443,12.84,-7.68,28.35,2.19
2444,0.92,6.38,32.71,1.88
2445,-24.35,7.63,33.32,0.19
2446,-5.27,14.43,30.11,-2.62
2447,-22.37,3.12,32.37,2.5
2448,-35.61,-14.13,36.28,3.72
2449,-10.14,6.9,33.26,-1.16
2450,14.43,23.38,27.71,0.06
2451,13.96,-6.1,24.88,-4.89
2452,-38.72,16.65,29.76,2.86
2453,-13.12,17.71,34.91,4.24
2454,-8.54,6.16,32.92,-0.05
2455,-22.19,40.35,33.87,5.85
2456,-2.75,1.74,31.45,2.06
2457,-21.62,-25.89,32.4,-0.96
2458,-27.2,-3.6,35.04,-1.02
2459,-4.17,39.44,29.56,4.12
2460,23.83,36.28,32.51,-0.08
2461,-11.03,-22.32,29.04,0.65
2462,-32.53,15.64,34.05,3.59
2463,-30.84,-26.77,33.2,-2.11
2464,1.74,1.52,27.93,-6.09
2465,-44.44,7.39,34.61,6.24
2466,-30.82,2.71,33.16,1.66
2467,18.23,3.12,30.44,-1.5
2468,-4.47,33.84,34.88,5.15
2469,7.2,2.42,28.14,0.46
2470,4.76,15.05,29.55,2.26
2471,3.66,19.31,28.25,2.23
2472,-11.94,11.55,32.63,3.13
2473,-16.81,38.0,28.84,3.96
2474,-40.04,-24.83,34.29,4.85
2475,-31.42,-10.27,30.9,9.66
2476,-2.4,6.36,30.88,2.34
2477,23.24,4.22,32.42,-2.2
2478,-19.43,40.07,31.71,5.73
2479,-31.18,3.95,30.76,7.16
2480,-9.8,-29.33,28.04,-0.37
2481,-18.57,8.2,27.04,1.87
2482,-39.78,7.42,33.38,9.77
2483,29.46,15.29,28.61,-0.18
2484,11.24,23.35,28.92,-0.74
2485,-38.47,9.1,34.38,3.4
2486,-7.22,7.8,28.06,5.9
2487,-27.84,-1.2,24.72,-1.14
2488,-1.66,10.75,27.77,4.5
2489,26.47,47.21,28.47,3.2
2490,-13.3,17.27,30.26,3.83
2491,-38.19,-21.74,30.64,1.6
2492,-27.97,19.12,31.29,5.03
2493,22.68,-5.79,28.44,0.19
2494,-41.45,0.23,30.17,-0.41
2495,-46.72,-2.17,32.06,6.15
2496,-4.79,12.05,33.34,-1.84
2497,-6.12,-5.0,28.85,-0.68
2498,-19.61,-6.16,25.81,1.7
2499,-6.29,20.64,28.65,5.84
2500,-11.34,-21.31,24.37,-4.77
2501,-6.02,12.06,29.27,3.95
2502,-11.91,25.5,32.28,7.62
2503,-23.95,-5.31,28.91,4.13
2504,-9.08,13.47,28.05,1.88
2505,-7.88,20.43,25.12,0.99
2506,-16.48,7.5,29.13,2.65
2507,-2.79,15.39,23.85,-3.3
2508,-20.2,10.34,29.52,6.66
2509,-2.05,31.32,30.54,0.98
2510,16.86,26.52,27.36,-1.59
2511,-48.25,-43.19,29.16,-1.99
2512,-24.91,-1.17,27.39,1.03
2513,-16.3,-17.26,26.01,-1.99
2514,-7.59,-5.08,29.72,-0.19
2515,-5.34,30.59,34.15,5.68
2516,-16.47,-22.25,33.97,3.73
2517,-4.46,6.73,22.45,-4.74
2518,-27.96,8.34,23.81,3.59
2519,-40.02,-15.52,29.16,0.07
2520,-2.32,21.86,30.9,2.4
2521,-6.86,23.6,26.51,0.62
2522,-19.8,13.71,30.49,2.45
2523,-5.16,3.53,35.67,1.96
2524,-16.56,1.09,36.86,0.37
2525,-27.89,14.52,35.42,5.94
2526,-8.29,15.03,32.25,6.64
2527,29.23,7.0,25.23,-0.67
2528,-50.01,-9.85,35.1,4.87
2529,-22.48,-19.77,34.55,5.45
2530,-17.32,-15.17,31.79,-0.31
2531,-36.28,-3.8,32.07,4.35
2532,21.15,27.19,31.08,4.89
2533,28.1,30.0,29.11,-1.99
2534,-15.92,2.05,31.32,4.4
2535,-29.7,2.54,31.24,5.89
2536,-22.68,5.11,29.03,1.24
2537,26.78,20.13,30.18,2.76
2538,-18.23,-17.01,33.1,2.1
2539,-14.78,-9.02,31.04,8.42
2540,-1.7,11.64,27.13,-0.05
2541,-5.8,42.22,29.88,-3.29
2542,-14.98,19.72,29.38,2.04
2543,-12.63,-23.96,31.63,4.06
2544,-18.6,-28.93,27.94,0.19
2545,-21.75,-1.64,30.32,3.33
2546,-15.73,-6.8,26.93,1.25
2547,5.82,18.62,34.29,0.19
2548,-5.54,1.5,37.9,3.57
2549,-21.59,11.13,32.4,3.18
2550,12.74,11.8,30.01,-3.79
2551,1.27,36.03,30.28,3.51
2552,-33.12,6.85,33.23,6.47
2553,-14.56,1.07,33.81,1.49
2554,7.2,18.88,35.15,0.27
2555,-55.32,-22.59,33.62,-0.49
2556,-3.71,15.44,34.85,0.68
2557,2.75,6.88,32.73,2.14
2558,2.59,6.45,26.77,-0.13
2559,-12.26,0.28,30.98,0.56
2560,-18.01,10.32,30.76,-0.03
2561,-20.27,-9.45,31.15,1.23
2562,-16.45,-0.89,33.01,1.22
2563,-0.22,2.81,29.67,0.1
2564,-0.07,13.8,32.12,3.03
2565,-27.93,-1.64,34.81,7.06
2566,16.09,8.69,27.38,-4.32
2567,-4.73,-3.53,25.44,-6.05
2568,-23.82,16.61,29.11,-1.46
2569,-24.0,28.5,32.14,5.71
2570,-23.91,-36.69,31.22,-0.81
2571,21.58,6.18,29.72,-2.23
2572,-28.16,6.57,30.35,-2.3
2573,-23.86,-9.34,24.95,-2.64
2574,8.73,5.14,24.09,0.17
2575,-11.34,16.95,28.39,1.13
2576,-18.19,29.44,30.93,1.04
2577,-9.1,0.89,30.32,-0.36
2578,-34.46,1.86,34.49,5.15
2579,2.51,-15.06,29.34,-0.42
2580,-9.99,9.49,24.12,-7.52
2581,-32.62,12.78,23.82,-1.57
2582,-9.09,-13.06,33.38,4.21
2583,14.12,16.46,30.57,1.48
2584,-17.82,-17.02,26.82,5.33
2585,-21.89,-1.62,30.84,3.59
2586,-11.73,3.32,31.69,2.19
2587,-9.76,-0.64,30.04,-3.07
2588,15.01,10.56,28.5,0.16
2589,-23.7,16.69,30.58,-0.76
2590,-2.44,-0.14,28.23,0.51
2591,-30.15,20.92,29.54,2.46
2592,9.77,67.02,29.39,6.5
2593,-21.95,-17.41,26.89,0.92
2594,-53.54,-46.08,29.24,-2.78
2595,-25.86,0.31,32.88,4.92
2596,-5.95,-4.35,31.71,3.12
2597,15.19,11.85,28.83,2.15
2598,-5.13,5.22,32.13,5.53
2599,-22.66,24.5,33.0,2.98
2600,4.32,-6.02,28.54,0.93
2601,-4.29,10.25,34.52,4.0
2602,-35.72,5.6,30.47,2.96
2603,-4.88,8.4,33.6,0.65
2604,-15.58,11.85,33.01,-0.75
2605,-38.69,12.35,36.71,5.59
2606,-22.38,79.56,38.05,11.08
2607,1.1,-1.43,33.37,3.91
2608,10.64,-46.18,27.48,-3.4
2609,-19.67,-5.34,31.16,-1.55
2610,7.05,14.46,34.91,-0.53
2611,-17.29,14.09,35.26,-0.68
2612,-14.51,1.46,36.64,6.28
2613,13.88,4.01,32.29,-3.59
2614,-21.26,9.82,28.84,-1.12
2615,-34.71,3.07,33.61,4.65
2616,0.92,24.11,32.38,3.34
2617,1.72,38.45,31.9,-1.04
2618,-9.24,24.84,35.54,3.45
2619,-37.58,-36.81,32.3,0.23
2620,-42.43,-30.7,32.05,-0.26
2621,-7.01,-8.37,34.0,2.31
2622,-22.68,-9.73,31.3,-1.34
2623,17.3,21.51,29.22,3.2
2624,24.21,35.27,26.37,-1.57
2625,-48.98,23.3,32.4,6.87
2626,-2.04,-3.02,31.3,-0.33
2627,5.87,32.21,31.94,3.41
2628,-22.23,17.66,32.57,1.6
2629,-2.19,19.21,33.61,-1.19
2630,29.22,59.97,32.53,2.03
2631,-18.76,-5.08,31.16,-1.28
2632,-58.08,-53.96,36.35,5.88
2633,5.3,-1.07,29.52,1.95
2634,-23.94,10.39,33.68,2.92
2635,-43.68,10.36,38.62,8.59
2636,-28.77,9.08,38.6,6.92
2637,31.91,4.79,33.82,2.29
2638,12.29,27.62,37.18,4.88
2639,-39.57,42.61,38.16,3.48
2640,-3.14,0.75,36.03,-3.81
2641,-13.03,16.94,33.69,-3.41
2642,-7.89,40.5,35.98,1.45
2643,-24.84,4.58,31.0,-1.07
2644,-17.12,5.05,33.35,4.31
2645,-16.95,10.64,32.98,4.24
2646,-7.29,22.95,34.96,-0.14
2647,-19.87,-17.18,34.7,-0.7
2648,-44.34,0.16,36.56,0.71
2649,4.64,8.5,32.1,-1.13
2650,-5.88,19.43,30.06,-0.72
2651,-15.19,-0.35,32.68,0.89
2652,-11.6,9.98,38.48,2.18
2653,-18.48,15.53,31.99,-2.44
2654,-18.32,13.48,33.46,0.53
2655,2.03,28.34,30.63,-5.36
2656,-12.34,25.38,29.88,-1.34
2657,2.61,25.99,30.98,-4.79
2658,-20.03,10.75,33.8,-0.75
2659,-13.5,-17.23,32.57,6.64
2660,-15.68,-3.59,31.02,-1.82
2661,-25.35,-3.54,30.98,-3.7
2662,-21.94,15.44,32.85,4.48
2663,-17.75,22.16,32.63,-2.14
2664,3.44,34.74,35.63,0.54
2665,-29.63,-15.81,30.35,2.75
2666,-18.2,13.37,30.78,-3.45
2667,-7.29,20.84,25.26,-2.48
2668,-22.65,17.52,27.91,-0.63
2669,-38.34,-14.08,29.64,0.93
2670,15.81,9.97,24.64,-2.2
2671,-43.56,-3.48,29.66,1.18
2672,-2.66,29.38,25.77,4.42
2673,-9.5,3.98,28.72,0.81
2674,-26.76,0.45,29.39,4.7
2675,-8.16,11.99,27.54,0.38
2676,-19.42,4.73,29.82,4.82
2677,7.89,-5.17,24.04,1.67
2678,-30.06,8.1,29.2,7.58
2679,-46.05,-12.6,30.9,5.45
2680,5.65,26.58,29.45,3.81
2681,-18.85,23.67,29.02,1.44
2682,-36.45,-25.59,28.35,1.51
2683,3.14,16.88,33.14,-0.34
2684,-16.15,1.7,32.08,4.96
2685,-43.16,3.87,35.87,6.02
2686,18.48,8.75,31.55,5.02
2687,14.6,38.21,29.37,3.26
2688,-51.51,-14.07,30.04,2.25
2689,-9.87,17.08,32.4,4.02
2690,20.72,40.1,30.09,2.67
2691,-6.81,2.41,31.12,5.72
2692,-34.78,-7.24,27.85,5.17
2693,-8.14,4.5,30.21,2.17
2694,-6.97,16.42,28.74,1.84
2695,-37.17,8.67,27.12,0.07
2696,18.82,48.42,29.37,1.49
2697,-0.74,39.96,26.03,3.19
2698,-20.8,29.3,25.92,2.41
2699,-17.98,-56.22,24.35,-1.01
2700,-8.91,-1.77,28.01,-3.54
2701,-31.81,-2.99,28.68,-2.31
2702,-26.83,12.19,30.76,3.6
2703,-10.46,15.22,29.15,1.57
2704,31.69,33.66,23.65,-2.09
2705,-53.18,5.86,31.14,6.4
2706,-43.69,-14.1,30.42,2.45
2707,12.75,12.94,27.58,-2.16
2708,5.36,51.12,27.34,-0.41
2709,-17.87,-14.12,28.8,-1.88
2710,4.71,13.46,28.3,-2.5
2711,-29.77,-11.55,26.46,1.95
2712,-22.52,8.04,28.27,1.7
2713,-34.75,28.06,23.19,-2.49
2714,-15.86,12.56,25.08,-5.33
2715,16.82,22.1,25.87,-0.16
2716,0.98,7.11,26.82,0.42
2717,28.97,11.59,26.76,-1.65
2718,-40.2,-9.83,30.29,-4.69
2719,-42.21,-18.58,31.44,1.91
2720,8.21,6.52,27.83,-1.71
2721,-14.51,11.68,30.74,1.95
2722,-51.62,-15.52,30.89,1.19
2723,-10.52,4.43,28.66,-1.71
2724,-18.42,5.21,25.52,1.25
2725,-9.48,3.73,29.87,-0.7
2726,7.22,26.54,26.48,-0.33
2727,-5.76,16.55,31.01,1.38
2728,-31.23,-2.34,36.55,1.05
2729,-14.13,9.45,30.64,2.23
2730,-5.83,8.13,32.46,2.38
2731,4.31,20.17,27.89,2.48
2732,1.7,30.18,29.96,4.35
2733,28.06,62.14,32.05,5.8
2734,-70.99,-75.56,25.32,-3.26
2735,-39.67,-6.71,22.36,-1.65
2736,-16.18,3.55,29.81,0.27
2737,-22.24,4.7,29.89,-0.42
2738,0.39,12.4,29.57,0.54
2739,-11.65,22.23,31.98,4.39
2740,-16.63,-13.7,32.17,3.75
2741,-3.04,7.43,29.94,3.68
2742,-15.4,29.71,31.45,3.7
2743,15.07,38.53,31.61,1.82
2744,17.22,43.24,31.66,4.38
2745,-42.55,-26.79,32.65,6.47
2746,-6.1,16.29,31.5,0.14
2747,3.75,4.62,30.85,4.17
2748,-45.42,-5.87,29.61,2.29
2749,-17.49,16.15,33.44,2.99
2750,26.16,24.04,28.5,-2.39
2751,-11.93,23.62,28.73,0.43
2752,-34.03,-3.01,31.61,6.28
2753,-10.77,-2.81,29.77,-0.7
2754,-14.01,8.76,32.58,1.24
2755,-31.87,39.75,33.79,2.19
2756,18.54,33.1,35.01,-1.6
2757,27.29,-5.01,32.77,-3.27
2758,-15.43,22.14,30.71,0.26
2759,-33.14,9.46,32.09,-0.47
2760,-5.62,-2.65,25.95,-1.86
2761,3.18,1.14,31.32,-0.79
2762,-18.1,29.46,34.94,5.58
2763,-19.6,19.49,36.03,0.65
2764,-5.94,-15.6,33.18,-5.72
2765,-17.64,-4.16,28.16,-3.32
2766,-10.99,24.47,33.72,1.09
2767,-11.04,-11.8,28.52,-7.6
2768,-20.97,9.81,30.83,-0.15
2769,-8.12,36.85,32.6,-0.07
2770,-18.52,-6.27,29.74,-0.09
2771,1.55,6.31,27.25,-4.46
2772,-19.06,8.66,29.3,-2.44
2773,-5.81,14.12,30.07,-1.44
2774,-24.5,-2.39,36.71,2.66
2775,-37.81,31.78,34.25,4.44
2776,4.56,7.46,28.89,-0.86
2777,-8.0,-3.23,31.73,-6.26
2778,-12.14,-1.25,31.62,2.79
2779,3.04,43.27,28.65,-0.45
2780,5.43,22.27,33.75,1.86
2781,-36.69,-11.4,35.82,2.58
2782,-20.03,25.17,38.1,3.45
2783,-6.62,-11.35,34.81,-3.55
2784,-13.92,-17.72,28.85,-3.48
2785,-17.05,-7.33,29.88,-3.58
2786,-33.25,9.33,31.99,3.68
2787,-24.14,9.5,35.47,-2.0
2788,-23.75,24.56,33.29,2.46
2789,-9.99,-4.55,35.2,-0.81
2790,4.22,13.7,31.1,-0.33
2791,-3.24,40.25,28.77,3.17
2792,-13.35,-0.37,30.22,3.02
2793,-14.15,13.07,24.14,5.77
2794,19.41,50.68,30.9,-0.91
2795,-19.52,38.01,33.11,3.54
2796,-51.14,-18.25,35.55,4.29
2797,-4.58,-0.1,25.22,1.23
2798,-10.55,15.26,31.86,7.68
2799,-22.98,30.3,27.68,3.67
2800,-25.58,11.58,33.14,5.45
2801,-8.3,-5.4,29.27,1.98
2802,3.14,12.98,29.15,5.45
2803,-11.39,13.21,29.47,2.91
2804,-8.23,10.26,31.3,4.16
2805,-0.12,1.6,32.35,9.56
2806,-31.29,29.35,28.94,5.53
2807,-24.1,10.48,28.01,1.54
2808,-17.96,8.56,25.36,4.21
2809,-17.77,23.63,29.44,2.74
2810,13.56,51.97,26.6,0.58
2811,-9.69,18.42,32.11,4.12
2812,-39.38,13.55,31.83,4.61
2813,47.52,59.63,27.46,3.37
2814,-27.61,-1.58,27.74,3.05
2815,-61.54,-25.92,28.11,8.35
2816,-27.64,-5.93,28.55,3.36
2817,11.03,16.29,31.85,-0.93
2818,-12.32,8.1,35.05,8.21
2819,-26.02,-2.54,34.38,6.49
2820,-31.37,24.63,28.37,5.28
2821,20.03,16.22,31.2,4.43
2822,-2.09,23.55,29.74,2.94
2823,3.12,36.24,32.02,3.45
2824,1.3,57.53,29.37,3.65
2825,-52.0,-42.74,35.83,4.93
2826,-17.53,-7.37,36.23,6.87
2827,-5.05,20.16,26.18,2.6
2828,-4.3,17.26,33.34,4.18
2829,-19.88,22.11,35.04,3.54
2830,-1.77,33.27,32.61,5.7
2831,-41.14,-15.35,32.89,8.69
2832,-17.2,20.52,34.44,3.26
2833,51.45,57.88,27.49,-0.21
2834,-28.57,11.38,30.13,0.83
2835,-9.35,28.08,30.76,3.82
2836,-39.64,-15.41,27.22,1.21
2837,-32.59,-1.7,30.28,2.45
2838,-24.23,12.9,29.92,1.6
2839,-9.73,35.38,28.59,3.58
2840,52.64,68.32,29.5,2.1
2841,-4.58,21.74,28.6,2.85
2842,-71.23,-24.56,27.54,3.81
2843,-18.27,-4.55,31.1,4.23
2844,-15.18,49.41,29.03,0.83
2845,-11.53,35.09,30.8,-0.56
2846,28.67,25.38,31.47,5.09
2847,-10.7,-10.26,31.01,0.45
2848,-4.02,31.78,35.31,2.47
2849,-38.54,-6.73,34.64,2.28
2850,10.45,-3.87,28.84,-0.72
2851,36.57,3.48,28.22,3.45
2852,-49.68,-3.9,32.21,10.44
2853,-38.45,5.64,32.17,-0.91
2854,24.52,54.84,30.7,2.45
2855,-34.81,15.98,27.31,7.33
2856,-35.73,-15.61,26.65,8.23
2857,5.26,19.97,29.4,3.9
2858,-33.32,12.08,32.08,2.03
2859,-29.9,12.46,33.92,0.5
2860,15.39,19.72,29.51,5.14
2861,12.53,29.44,33.54,4.01
2862,5.31,-26.68,28.68,1.0
2863,-18.83,14.54,28.86,-0.71
2864,-4.1,32.54,32.19,1.32
2865,-19.17,-8.68,33.25,0.97
2866,-7.09,8.87,28.71,-1.54
2867,18.37,8.41,30.06,-3.05
2868,-25.32,43.83,29.75,3.87
2869,-5.9,34.82,33.57,1.93
2870,-18.44,-49.25,31.22,0.13
2871,-27.84,26.3,24.22,-3.62
2872,-7.07,24.23,27.01,-0.88
2873,26.01,40.27,27.25,-3.91
2874,-18.42,-27.35,27.26,-3.1
2875,-19.55,1.15,27.93,1.64
2876,14.01,49.15,28.58,2.65
2877,-17.46,-7.78,26.34,0.16
2878,-33.38,1.28,28.96,4.09
2879,21.35,20.23,31.83,9.11
2880,-3.91,43.29,28.64,2.49
2881,-13.86,19.28,27.74,-1.25
2882,-45.0,-33.54,29.77,-3.37
2883,-22.11,-3.0,28.27,-1.94
2884,-39.89,8.29,27.98,4.98
2885,-4.8,-17.42,27.82,3.89
2886,29.22,21.14,28.61,2.12
2887,-10.19,29.66,32.94,1.95
2888,4.83,21.14,31.31,0.01
2889,-29.81,-17.79,32.49,0.69
2890,0.41,38.35,31.81,1.73
2891,7.09,81.4,34.14,1.66
2892,-51.78,-59.45,27.49,0.03
2893,-2.27,3.5,27.01,-2.75
2894,-28.75,-11.73,32.19,0.42
2895,-9.36,-16.26,30.33,-1.22
2896,-33.87,7.11,25.1,-0.54
2897,6.81,39.3,28.43,2.83
2898,-6.75,43.97,30.36,5.22
2899,15.89,16.58,29.03,5.41
2900,-17.51,5.25,30.46,-4.16
2901,-23.02,-21.21,32.81,2.15
2902,-26.8,23.68,41.16,3.44
2903,-26.26,56.26,36.33,5.04
2904,-13.59,-33.97,33.47,-0.74
2905,-26.73,-0.82,35.42,2.3
2906,-31.52,17.81,33.9,3.31
2907,32.5,34.04,35.7,3.21
2908,-7.03,-11.33,30.65,2.63
2909,-4.34,5.25,28.47,-1.14
2910,2.67,20.92,32.96,-5.02
2911,-14.29,-4.79,33.9,0.42
2912,-53.46,-21.12,35.86,-0.19
2913,-26.43,-10.31,29.51,-2.77
2914,9.63,47.39,33.44,-4.4
2915,14.02,44.34,31.29,2.68
2916,-16.83,-25.03,32.66,1.27
2917,15.6,17.93,26.46,-8.8
2918,-58.19,9.42,36.13,2.82
2919,-24.27,14.87,31.36,0.07
2920,63.49,-4.34,30.75,-4.15
2921,-34.25,5.31,25.31,1.14
2922,-33.83,-34.83,29.0,-0.96
2923,5.48,18.68,29.14,-4.17
2924,-13.04,9.72,30.87,0.97
2925,-5.68,38.97,35.81,5.4
2926,16.13,80.77,30.08,0.84
2927,-34.21,-34.05,28.08,-1.35
2928,-84.24,-52.94,32.17,-0.37
2929,31.27,46.67,32.77,2.07
2930,36.02,57.49,29.7,1.11
2931,-17.04,-58.43,28.01,-4.31
2932,11.8,15.3,28.23,0.47
2933,-22.16,11.51,24.77,-0.69
2934,-20.53,4.86,27.46,-0.41
2935,-41.67,11.14,30.53,-1.68
2936,19.73,25.26,21.44,-4.69
2937,-5.57,18.49,35.65,-3.41
2938,-17.83,42.46,37.11,0.69
2939,22.14,104.64,36.76,3.11
2940,-29.53,-31.88,28.97,-4.29
2941,-39.36,-32.36,31.71,-2.37
2942,-51.16,-9.52,32.04,1.77
2943,-0.67,12.61,29.89,-4.44
2944,-10.74,11.09,30.91,-0.15
2945,-15.85,3.49,32.23,2.4
2946,8.61,29.52,31.53,-3.8
2947,-22.28,-0.61,31.87,-6.77
2948,-16.02,18.0,29.26,0.62
2949,-12.98,24.23,28.71,3.35
2950,-13.4,0.24,31.16,-1.4
2951,8.24,68.17,28.09,-2.78
2952,-22.08,15.84,32.97,0.55
2953,15.29,-4.72,26.97,3.18
2954,-12.38,-19.07,30.91,-1.83
2955,-41.64,-21.79,32.31,-0.8
2956,-28.6,-15.39,26.88,-2.47
2957,-27.25,8.33,29.1,-2.66
2958,-25.14,8.35,27.67,0.07
2959,1.01,22.78,27.34,-0.66
2960,-6.86,6.82,30.67,0.53
2961,5.41,31.93,32.02,3.76
2962,-28.82,-7.81,28.07,5.31
2963,4.99,-2.69,23.64,-3.89
2964,13.98,54.41,26.25,-3.91
2965,0.54,19.67,36.31,2.57
2966,-26.72,-47.61,34.96,-0.44
2967,6.19,-10.49,30.08,-5.03
2968,-20.88,13.86,32.67,0.64
2969,-19.25,4.7,35.47,5.37
2970,-75.61,-19.37,26.25,-4.02
2971,27.52,11.56,29.8,-5.14
2972,-1.53,9.51,32.41,2.9
2973,-15.14,-0.12,32.72,-4.64
2974,-21.55,-28.5,31.17,-0.41
2975,-8.85,18.94,26.76,-0.68
2976,18.2,41.37,25.24,1.1
2977,-6.08,-8.16,20.9,-2.96
2978,-23.56,-7.01,31.49,0.79
2979,2.09,45.64,23.96,0.64
2980,-14.61,-19.4,28.31,-4.59
2981,-14.18,-6.6,30.79,5.36
2982,-27.72,3.76,32.86,2.56
2983,-7.67,0.36,30.12,-0.79
2984,10.11,12.86,29.12,0.53
2985,-21.15,8.83,28.85,0.98
2986,-21.9,9.86,30.93,-1.71
2987,-39.21,47.14,35.51,2.08
2988,20.94,8.7,38.83,4.18
2989,19.25,-29.28,33.16,-1.04
2990,-16.95,13.92,31.62,-0.98
2991,-3.63,25.72,31.82,2.41
2992,-32.53,-31.14,32.52,-0.24
2993,-28.45,-9.31,32.04,-3.28
2994,17.92,8.61,30.99,-0.71
2995,1.04,20.64,24.75,-2.18
2996,-37.94,-3.24,22.62,5.04
2997,-10.77,0.15,30.01,-1.64
2998,-20.47,3.51,31.5,1.6
2999,-2.25,55.48,30.94,8.02
