,ch1,ch2,ch3,ch4
0,-5.43,27.04,26.35,-32.84
1,3.35,20.47,30.92,83.84
2,-23.53,0.23,23.32,-31.33
3,-8.03,36.51,19.86,-34.87
4,-3.36,38.21,26.77,68.83
5,-18.4,1.91,21.54,-39.7
6,-30.27,-5.79,37.22,-8.2
7,-13.29,-10.73,41.55,5.59
8,-20.16,-15.47,29.26,-4.46
9,-21.09,5.75,57.45,53.8
10,-17.9,5.49,6.08,5.51
11,-6.47,9.46,32.42,-43.94
12,-26.04,23.79,26.67,-9.84
13,-20.1,16.15,36.62,5.75
14,0.31,33.71,31.33,21.17
15,-10.53,28.18,32.0,0.01
16,-30.48,-11.19,28.48,-25.69
17,-4.65,26.36,32.1,0.82
18,-23.39,-16.68,29.97,-9.44
19,-32.15,-18.33,38.93,5.44
20,-15.21,13.7,24.57,-0.88
21,-4.71,18.21,31.74,-18.44
22,-26.17,-8.01,30.65,-27.98
23,-24.5,-10.98,30.48,9.78
24,-11.57,6.79,25.32,-13.65
25,-23.33,10.01,39.48,-13.07
26,-27.61,11.48,45.53,-0.82
27,-8.74,5.12,20.61,110.11
28,-12.55,14.52,31.19,-65.44
29,-28.08,10.14,28.19,-12.03
30,-10.23,16.5,11.92,-14.3
31,-6.21,22.09,53.73,12.88
32,-28.38,-7.29,28.17,-21.68
33,-25.81,-0.73,35.12,-10.72
34,-10.68,3.21,26.83,-11.3
35,-17.56,19.63,31.55,-5.52
36,-23.53,26.41,39.79,2.27
37,-22.98,-15.94,25.43,-6.92
38,-17.04,-3.09,28.12,11.8
39,-28.26,7.14,59.25,12.72
40,-4.51,13.87,34.13,-18.09
41,1.29,5.78,40.58,-14.22
42,-30.78,19.16,27.51,-4.77
43,-26.88,4.82,31.68,3.43
44,-7.51,4.95,20.95,-10.22
45,-19.65,20.29,31.73,0.25
46,-21.18,32.58,30.29,-4.46
47,-11.9,9.92,41.88,77.72
48,-7.79,-5.5,17.44,-83.28
49,-34.19,-7.37,33.94,8.96
50,-19.05,0.3,24.77,10.39
51,-3.79,13.9,25.1,-24.75
52,-17.03,29.75,31.09,16.12
53,-25.51,2.92,43.66,1.11
54,-6.14,5.22,22.49,-4.13
55,2.25,79.91,55.53,18.49
56,-16.66,8.87,21.69,-20.99
57,-29.28,-44.98,31.32,9.02
58,-18.52,3.85,27.43,-2.82
59,-32.82,19.32,40.61,-12.91
60,-15.57,3.75,43.78,12.46
61,-6.8,-8.67,35.37,28.06
62,-17.31,19.82,34.78,-37.48
63,-18.68,24.25,27.57,-8.96
64,-15.79,-0.67,24.47,-42.23
65,-20.36,13.75,31.29,18.32
66,-19.55,6.38,35.55,19.07
67,0.93,19.29,37.32,-22.57
68,-0.03,19.57,28.65,-19.81
69,-22.06,16.07,29.09,-1.36
70,-20.45,1.6,32.99,14.81
71,-13.48,-12.56,31.31,-0.24
72,-24.69,-0.13,25.08,-0.86
73,-16.0,-2.45,30.78,15.1
74,5.98,36.82,21.17,-4.98
75,-28.21,1.46,40.15,-16.41
76,-34.81,-18.64,25.27,66.2
77,-10.97,0.68,31.25,13.7
78,-8.31,5.85,32.97,-23.45
79,-14.71,12.88,51.1,-17.23
80,-7.69,19.55,2.55,-33.55
81,-9.3,12.44,33.78,-11.83
82,-21.13,19.09,24.74,16.04
83,-22.46,-9.82,-3.61,-17.16
84,-11.63,8.34,37.76,17.24
85,-16.68,13.51,19.54,-5.88
86,-19.3,14.24,19.09,-4.07
87,-0.51,24.36,48.88,-15.0
88,-19.86,17.84,25.16,18.74
89,-28.92,11.54,29.09,4.41
90,-14.57,-0.76,23.85,39.56
91,4.93,31.07,51.42,88.58
92,-24.52,-14.12,49.27,-78.23
93,-25.34,-10.06,27.62,-29.97
94,-3.65,9.95,12.38,-6.5
95,-15.72,6.7,40.25,22.42
96,-23.23,27.93,61.32,-38.09
97,-3.57,12.73,7.41,49.51
98,-17.7,4.04,25.38,-8.26
99,-33.81,-20.29,21.24,-25.99
100,-15.23,14.5,26.09,-15.21
101,-1.68,3.59,38.22,-10.09
102,-14.08,8.68,25.74,-0.78
103,-15.71,-2.47,25.09,-3.19
104,-7.79,-0.41,54.06,-0.29
105,-8.12,25.54,25.83,2.96
106,-13.99,27.93,23.21,10.88
107,-13.62,-12.05,31.31,0.07
108,-16.49,-8.04,41.77,86.78
109,-21.57,22.97,23.73,-82.78
110,3.78,28.64,51.91,20.0
111,-4.91,17.56,24.43,-18.57
112,-19.47,16.28,33.44,-3.86
113,-11.27,23.58,43.67,13.45
114,-7.82,-7.47,31.42,-28.75
115,-18.99,8.0,45.97,-0.61
116,-29.61,-10.42,62.19,110.76
117,1.01,32.54,18.16,-49.06
118,-8.32,27.85,24.51,-18.84
119,-26.29,-12.89,28.78,-1.59
120,-3.8,9.47,55.97,30.9
121,-0.01,12.46,-12.67,-75.32
122,-22.32,15.73,45.62,78.53
123,-14.6,30.75,33.97,-37.28
124,-5.16,-4.08,34.78,-10.3
125,-29.69,0.91,36.16,-6.03
126,-20.0,22.77,54.19,-1.73
127,7.71,43.51,22.24,-0.65
128,-6.36,-17.64,27.16,-17.8
129,-32.72,2.4,32.01,23.05
130,-21.03,0.32,32.89,-21.94
131,-6.77,2.39,25.03,12.13
132,-14.2,15.91,29.72,2.0
133,-13.26,12.12,28.42,-21.92
134,-14.99,-4.09,31.36,13.89
135,-15.39,23.22,28.87,1.05
136,-21.06,-16.09,30.0,-35.6
137,-1.77,8.44,23.8,39.55
138,-4.65,10.0,50.8,3.34
139,-16.9,11.57,28.81,62.68
140,-12.98,16.25,26.5,52.46
141,-3.55,21.95,23.22,-128.29
142,-22.82,17.04,27.5,8.42
143,-11.89,-10.31,55.39,19.49
144,-12.07,-1.51,18.05,4.17
145,-14.02,10.93,44.7,-8.48
146,-22.24,18.23,6.02,-16.93
147,2.25,19.96,30.5,-13.29
148,-0.1,9.0,31.1,12.51
149,-24.02,18.48,44.57,14.39
150,-21.77,-30.62,27.58,-15.51
151,-7.33,-5.79,17.89,5.65
152,-18.13,11.05,45.53,81.29
153,-16.21,35.74,32.16,-61.89
154,1.96,12.2,28.08,-3.04
155,-22.77,-3.58,36.26,-11.65
156,-8.25,12.63,31.76,-7.3
157,3.17,34.08,40.01,1.27
158,-25.41,11.98,27.68,-8.13
159,-23.28,-35.52,37.7,-40.86
160,-10.23,-32.66,11.36,119.18
161,0.07,67.02,43.53,-55.77
162,-20.32,5.57,26.11,-28.43
163,-21.67,-12.44,52.36,26.81
164,1.23,34.44,61.78,5.87
165,-18.59,-1.7,0.33,15.67
166,-17.52,-0.7,21.07,-24.66
167,-4.81,40.23,31.66,-18.53
168,-6.77,23.19,26.04,7.2
169,-20.85,2.32,30.46,3.3
170,-12.58,-16.45,29.51,-6.15
171,-8.68,-43.06,28.69,-7.49
172,-19.36,49.17,23.33,-5.01
173,-13.81,19.21,27.03,7.17
174,-2.14,-7.49,33.55,17.23
175,-9.09,34.15,35.71,-17.12
176,-13.62,57.7,37.67,-3.74
177,-0.26,5.13,34.14,-7.42
178,-12.13,3.38,30.46,-2.23
179,-20.58,-5.49,29.38,-5.73
180,-16.12,-15.53,31.17,-2.59
181,-8.02,-8.89,29.25,-6.87
182,-25.52,-4.42,34.37,1.47
183,-18.13,-6.79,29.03,4.74
184,2.87,38.22,29.0,-7.48
185,-9.8,14.22,30.79,2.09
186,-23.02,8.44,27.04,-0.91
187,-5.54,11.88,28.68,1.16
188,2.13,16.72,31.36,3.25
189,-18.23,-38.06,33.64,1.11
190,-15.16,62.5,33.88,-0.24
191,4.58,-19.63,25.81,-3.11
192,-37.89,20.04,29.46,1.08
193,-19.09,52.18,30.82,4.48
194,-5.01,14.18,33.7,4.66
195,-10.34,5.1,30.99,-1.53
196,-0.27,-9.49,31.07,2.76
197,2.83,-103.82,33.94,5.96
198,36.83,7.7,21.19,-6.09
199,13.23,77.4,27.91,2.82
200,-69.49,51.4,30.19,-0.6
201,-21.6,-21.98,25.58,-2.39
202,-27.82,7.69,25.88,0.65
203,20.02,5.49,25.29,-0.49
204,-17.16,-4.06,26.95,2.21
205,-71.3,9.88,23.75,-3.95
206,-35.09,15.09,25.05,-3.48
207,1.6,58.58,25.99,-2.0
208,7.81,-19.42,27.27,-2.7
209,-26.86,-20.21,28.3,4.25
210,3.44,17.96,29.87,2.33
211,6.31,13.97,24.02,-1.58
212,-53.59,39.94,27.45,-2.8
213,-29.15,-57.69,27.02,0.28
214,1.91,31.81,29.94,-3.83
215,29.37,14.06,24.81,-3.25
216,44.9,22.39,24.46,-2.37
217,12.32,-5.49,23.97,-4.63
218,-108.69,-54.15,27.32,-0.76
219,-53.66,-28.49,30.07,2.37
220,3.04,20.89,28.78,0.07
221,-22.3,32.92,24.04,-8.04
222,-53.79,-68.14,25.08,-1.59
223,-8.18,-11.95,24.44,-1.35
224,11.59,53.88,27.23,-5.42
225,-10.51,6.14,26.82,-0.01
226,16.38,-32.97,30.26,1.79
227,68.39,75.48,28.87,-0.41
228,-57.4,57.49,26.32,-2.65
229,-49.59,28.18,27.81,2.91
230,-14.25,-17.12,22.17,-5.97
231,-58.67,-37.92,26.08,-4.17
232,-14.04,58.27,25.66,3.11
233,-9.26,-77.38,26.07,-5.9
234,-8.07,-2.08,31.83,-3.96
235,-9.11,-5.04,27.16,3.63
236,-20.73,13.9,29.33,6.2
237,43.63,57.56,26.87,-3.93
238,-26.76,-17.65,24.79,-7.3
239,-35.16,43.81,26.16,2.6
240,1.71,7.89,28.34,-2.25
241,-15.64,-49.21,26.03,-3.67
242,46.55,61.09,28.34,-0.52
243,-36.68,6.69,25.56,1.78
244,-62.81,8.73,26.55,-1.74
245,3.9,109.43,34.69,6.6
246,-36.82,57.9,28.55,-3.16
247,-29.45,-18.16,26.66,-6.19
248,-22.89,-61.06,29.21,0.3
249,-26.5,36.85,24.87,-4.09
250,-29.72,-10.91,28.94,-3.95
251,12.6,15.18,24.51,-7.44
252,159.04,34.2,26.99,-0.37
253,-82.82,9.04,29.49,-1.61
254,-81.76,-7.86,33.44,2.54
255,-20.01,33.48,29.57,-1.2
256,-24.59,51.9,29.91,3.69
257,-21.15,-27.89,24.48,-2.83
258,-0.91,23.34,26.69,-0.76
259,-25.96,3.23,29.49,5.45
260,-17.23,61.52,30.47,-1.61
261,-30.97,18.16,24.8,-0.28
262,-8.35,48.22,32.43,3.9
263,49.13,59.38,31.21,4.06
264,11.92,-7.99,32.95,-0.21
265,-66.35,6.18,34.09,2.64
266,4.8,-12.5,34.48,-2.53
267,-17.62,-7.47,29.59,-5.45
268,-36.7,-14.48,29.18,0.7
269,-26.12,7.64,30.93,0.59
270,-14.58,22.95,29.82,-5.1
271,100.26,23.18,30.04,-3.95
272,-67.71,21.9,21.9,1.51
273,-57.47,23.06,30.07,-2.47
274,-12.19,40.33,30.78,0.1
275,-25.88,9.99,32.09,-2.19
276,-37.87,-2.5,25.95,-3.04
277,-3.26,3.23,23.48,-3.84
278,7.22,71.07,28.49,3.28
279,-37.77,-1.9,24.87,-0.6
280,17.95,-26.67,28.74,-6.5
281,36.7,104.17,30.93,0.66
282,25.32,35.92,31.22,1.84
283,-97.65,-54.96,28.82,-2.37
284,-39.29,-49.95,27.3,-6.35
285,-46.68,45.35,23.87,-1.8
286,-10.59,15.26,29.67,-3.42
287,6.2,30.24,27.88,-3.98
288,-9.55,9.4,24.67,-2.5
289,-9.98,38.19,31.03,1.21
290,60.05,135.8,30.99,-1.48
291,-41.03,-43.09,26.23,-9.59
292,-66.55,-87.42,26.56,-2.47
293,-61.46,-35.85,30.81,-3.19
294,-11.46,60.96,25.42,-9.88
295,29.93,32.66,30.56,0.32
296,-20.52,-15.27,28.37,-2.29
297,-57.53,-10.92,30.1,2.72
298,-32.36,92.93,41.76,12.71
299,16.17,52.45,27.77,-11.56
300,48.66,72.07,21.36,1.5
301,-6.47,-39.13,17.5,-17.59
302,-3.46,7.55,21.53,2.77
303,-15.0,-1.86,26.15,-2.61
304,15.56,-55.68,26.28,-11.12
305,16.59,35.19,29.28,-3.31
306,81.51,20.74,32.16,9.71
307,-68.9,47.57,22.06,-3.8
308,-54.05,65.08,24.68,-7.46
309,7.46,167.03,26.83,4.7
310,-46.92,99.43,24.98,4.57
311,-92.43,-40.62,21.7,-7.39
312,-71.75,-138.46,25.29,-9.32
313,101.81,29.34,27.01,-2.15
314,23.99,33.64,24.14,-4.81
315,22.04,36.65,25.05,-2.04
316,-9.37,-18.07,29.07,-1.24
317,-68.02,19.84,33.56,5.0
318,-47.19,53.0,41.14,9.83
319,107.65,136.31,32.64,0.35
320,21.03,-15.44,21.3,-14.96
321,-61.04,50.67,36.84,1.28
322,22.56,-35.35,33.23,0.89
323,-39.01,-4.97,22.33,-12.75
324,-25.71,12.06,29.87,-0.62
325,-18.36,144.36,30.4,7.05
326,32.94,40.18,26.22,2.4
327,99.9,7.41,18.41,-19.89
328,-42.75,33.17,31.17,-1.76
329,-90.43,-44.84,31.95,3.25
330,-16.69,-61.81,25.85,-7.7
331,81.24,51.66,23.09,-12.15
332,-24.52,63.97,34.18,2.54
333,-64.97,50.11,24.61,-2.17
334,25.5,24.69,22.56,-8.87
335,-5.07,37.5,28.74,-6.77
336,-33.69,-9.66,25.9,-3.71
337,85.55,102.34,27.78,-7.46
338,8.93,36.12,23.92,-7.27
339,-5.81,83.44,35.26,2.99
340,-138.4,-33.34,39.32,2.71
341,-17.1,-50.62,23.39,-8.01
342,47.68,91.22,29.68,0.83
343,-0.52,-30.93,17.91,-8.76
344,-30.99,-14.23,25.91,-7.8
345,-7.89,48.37,30.35,3.31
346,1.88,55.6,-6.77,-10.99
347,97.68,147.55,28.36,-1.34
348,-41.47,-44.26,23.42,-2.81
349,-29.95,-22.08,24.99,-8.69
350,-46.52,54.45,25.21,0.0
351,-60.1,-25.4,23.36,-6.52
352,35.48,63.6,28.15,0.56
353,-5.41,-26.15,20.12,-5.35
354,27.95,10.51,21.18,-9.65
355,41.63,-2.8,21.12,0.05
356,-43.83,8.39,28.12,8.92
357,-30.34,32.94,-13.5,-11.66
358,43.18,139.41,55.04,-2.79
359,-96.5,-16.15,0.27,-4.01
360,-5.63,-15.26,36.76,-6.47
361,107.55,45.51,13.64,-7.3
362,-35.11,81.7,34.6,1.42
363,-37.7,16.21,-68.67,-26.98
364,3.87,-2.77,93.11,9.99
365,-58.42,52.86,35.48,-0.29
366,112.81,-22.24,19.04,-0.4
367,-38.28,-9.35,15.05,-11.28
368,-126.99,-15.56,41.12,-1.75
369,16.29,-0.35,37.62,1.3
370,-26.28,21.04,27.14,-5.85
371,-8.83,3.59,22.61,1.95
372,81.55,64.45,-9.88,-12.77
373,35.37,30.25,38.54,-4.75
374,34.07,19.07,27.84,-4.12
375,19.35,78.38,38.12,5.86
376,-96.44,1.55,39.03,7.04
377,-66.81,37.29,14.56,-19.44
378,-116.02,-67.07,36.29,-4.11
379,117.57,80.35,37.46,2.49
380,104.05,-4.39,-10.35,-22.61
381,-60.98,-19.86,-2.03,-15.97
382,-22.61,-24.87,46.3,-1.57
383,-43.03,27.0,40.77,2.09
384,80.36,-7.92,18.66,-6.4
385,-43.95,-8.38,32.73,-6.97
386,-52.36,68.4,20.15,3.16
387,-35.36,41.43,31.46,2.32
388,-5.78,-38.06,1.01,-18.13
389,-40.99,-24.93,37.34,-4.68
390,12.37,-11.48,3.98,-9.56
391,12.36,4.97,57.67,0.04
392,-41.76,-34.37,28.26,1.51
393,-88.09,-13.49,12.18,-1.2
394,10.45,33.58,23.31,-7.16
395,88.32,58.87,39.85,4.92
396,7.74,-15.6,25.13,-0.88
397,-44.59,-34.19,21.27,-9.62
398,-34.81,21.01,17.62,-9.8
399,51.29,-16.9,48.49,2.85
400,61.66,87.52,26.19,-5.74
401,-87.76,-95.02,25.95,-12.42
402,-62.74,-45.32,1.97,-9.58
403,53.07,36.92,32.15,3.73
404,-37.16,9.52,-5.4,-13.87
405,-60.12,-24.89,56.1,0.68
406,28.03,40.54,2.18,-3.87
407,18.4,27.04,53.38,-10.05
408,2.99,-47.57,17.42,-9.38
409,-40.47,-14.96,40.5,-0.02
410,-71.73,-3.39,49.22,-1.98
411,-55.46,-1.61,40.87,3.57
412,87.95,-21.43,34.41,-8.39
413,1.28,-12.79,12.53,-8.57
414,34.41,34.9,6.37,-12.68
415,-71.09,-29.21,43.09,2.58
416,-45.78,23.43,30.8,2.75
417,0.63,18.37,54.12,14.68
418,63.88,-25.74,2.03,29.64
419,-55.96,16.2,34.51,-27.16
420,22.63,22.37,22.89,-18.22
421,-36.42,5.14,43.97,7.36
422,-3.47,26.96,44.53,-7.16
423,-56.58,-38.9,25.7,-12.22
424,-37.27,-17.29,32.19,-10.37
425,34.14,25.06,33.66,-4.06
426,18.24,-40.77,41.14,-6.64
427,47.23,-30.73,21.53,-7.0
428,-69.93,-41.16,22.47,-2.05
429,-154.03,-35.54,47.34,9.76
430,75.08,48.55,29.85,-1.88
431,158.99,61.5,11.89,-7.9
432,-99.32,-8.49,21.91,2.17
433,-38.74,30.85,37.8,2.44
434,-36.65,-47.94,30.01,-2.2
435,-52.31,-19.47,27.87,-4.22
436,5.81,80.31,21.18,-0.61
437,44.6,18.41,35.73,-4.01
438,-65.05,-16.5,12.68,-4.87
439,-72.84,-59.6,34.6,-0.04
440,5.33,-11.05,24.32,-3.4
441,28.11,-4.0,36.62,-3.38
442,-33.96,37.11,36.55,0.53
443,-17.68,27.67,28.96,1.47
444,-26.63,-29.14,34.34,-1.8
445,11.06,13.91,14.85,-6.31
446,63.76,40.18,25.25,-0.12
447,-22.79,4.05,33.06,0.08
448,-39.56,-12.22,32.29,-5.11
449,46.13,38.78,43.07,4.19
450,-109.61,-36.72,37.92,1.35
451,-14.8,7.23,32.69,-1.43
452,-28.7,9.13,13.3,-4.06
453,-43.14,7.7,31.18,-0.05
454,-16.49,0.52,37.51,1.33
455,54.36,48.96,13.57,3.94
456,-14.88,18.88,41.8,-9.08
457,32.97,75.47,29.33,4.0
458,-10.51,55.86,14.8,-5.18
459,-113.75,-93.17,44.46,4.54
460,-34.39,-8.26,33.58,1.32
461,-71.77,-22.57,19.83,-3.63
462,25.24,13.75,26.13,2.63
463,59.85,-32.84,35.69,1.45
464,-10.74,15.23,34.88,0.14
465,16.09,18.13,28.13,1.33
466,13.85,-3.26,31.81,1.11
467,7.03,30.72,32.58,10.0
468,-15.69,12.18,28.56,-1.98
469,-33.19,80.75,24.0,8.58
470,2.57,-11.39,25.84,-2.46
471,-59.76,-61.53,30.7,-1.15
472,-54.91,21.9,26.14,12.89
473,15.65,-57.41,29.46,-8.75
474,45.25,39.21,32.26,0.51
475,-82.44,-5.13,33.36,-0.5
476,-29.42,2.5,40.3,4.54
477,-9.02,13.67,31.34,-1.45
478,50.47,59.34,22.64,1.92
479,-8.28,68.69,37.09,-0.2
480,-5.47,-6.74,31.01,-0.88
481,-83.42,-56.56,33.35,-0.97
482,-7.59,-44.92,28.4,-0.75
483,12.74,29.69,39.94,5.99
484,-9.59,21.21,37.57,-0.38
485,-21.54,10.54,35.96,-0.31
486,-66.6,-60.83,-3.68,-2.99
487,38.0,18.78,40.19,-0.39
488,-36.36,4.45,56.71,-0.52
489,13.05,11.41,29.61,2.18
490,9.13,21.49,38.4,3.51
491,-10.49,69.68,43.43,8.62
492,-8.23,21.2,26.96,0.68
493,-48.83,-62.07,25.36,-5.53
494,-0.13,3.7,33.27,-3.55
495,-7.64,-3.9,38.23,0.75
496,-49.7,9.07,26.87,4.93
497,-21.09,0.75,27.19,4.57
498,6.13,-31.52,44.82,2.13
499,-63.27,39.32,27.08,1.64
500,39.07,29.95,28.1,-3.48
501,-42.88,17.05,26.65,-3.6
502,87.63,48.11,17.37,-0.09
503,-62.11,5.15,39.54,-1.06
504,86.42,48.38,38.13,-0.16
505,-68.88,-16.3,39.45,4.7
506,-5.99,23.64,25.6,3.51
507,-27.61,2.63,41.97,-3.25
508,-31.71,-5.42,7.9,1.7
509,2.53,-6.43,43.24,7.42
510,-33.94,3.02,47.76,2.48
511,-93.76,-8.98,22.51,2.57
512,41.82,39.47,45.17,1.27
513,-12.24,29.31,30.99,2.53
514,-34.03,8.24,34.16,2.78
515,7.81,5.0,19.95,-0.62
516,14.15,-7.72,19.13,0.89
517,70.58,21.11,42.42,2.15
518,-63.74,-3.22,34.63,-1.64
519,-52.59,-18.52,45.59,7.44
520,-5.45,14.54,36.09,-1.14
521,74.07,62.94,34.09,2.17
522,-62.26,0.91,33.14,5.44
523,-63.97,-16.1,52.93,3.87
524,4.81,20.97,18.42,-4.12
525,-4.73,13.99,32.73,0.33
526,0.99,18.03,30.22,1.28
527,-0.19,37.65,30.53,-2.9
528,-9.42,64.74,30.89,6.71
529,10.56,22.34,33.18,4.75
530,-53.01,-31.11,20.66,1.44
531,-15.92,-45.46,44.0,-0.13
532,-34.85,0.3,44.57,2.96
533,-31.38,2.72,39.45,9.36
534,-25.16,-16.51,16.43,-4.03
535,-3.61,38.87,10.39,2.79
536,3.94,36.7,50.24,5.15
537,-20.86,-19.48,32.73,-7.15
538,-8.25,5.57,36.88,0.38
539,31.33,22.11,11.37,3.95
540,-57.13,22.27,46.79,1.16
541,38.52,59.79,33.16,2.98
542,30.27,2.8,40.3,2.06
543,14.6,30.21,40.54,3.53
544,-40.64,-23.22,45.48,4.14
545,-37.47,-0.62,29.98,-0.19
546,-43.42,1.55,27.37,7.25
547,-10.96,4.75,31.53,-3.73
548,-20.4,23.69,26.58,-3.26
549,-16.23,25.55,33.64,2.35
550,-37.65,1.26,36.05,-0.75
551,35.5,30.91,29.89,2.4
552,-42.94,-15.27,28.24,1.73
553,-46.35,3.29,20.54,-1.34
554,8.14,30.03,32.18,-3.37
555,-51.66,-27.58,38.18,0.53
556,-1.41,26.22,34.31,3.72
557,17.62,34.78,35.83,0.62
558,3.0,31.12,40.73,-0.49
559,-60.58,-3.29,0.69,-1.71
560,-12.11,-14.74,48.11,0.56
561,-8.79,17.45,25.41,-5.29
562,-30.25,47.64,43.64,1.9
563,-36.54,10.53,29.99,-0.78
564,-13.8,18.7,26.01,-1.49
565,75.95,38.04,30.85,3.84
566,-12.73,-0.85,27.88,5.15
567,6.83,32.12,27.91,1.93
568,-38.41,9.72,16.11,-5.42
569,-30.04,-0.45,37.45,0.51
570,-2.0,5.56,23.25,0.23
571,-13.8,23.43,30.38,5.76
572,-23.39,37.81,25.61,2.31
573,-44.18,-15.77,27.93,-0.85
574,25.32,15.69,22.55,-1.66
575,0.24,20.27,25.6,1.39
576,-70.6,-4.74,29.79,6.13
577,-45.32,7.74,28.74,1.96
578,-40.85,22.1,24.14,-6.15
579,48.48,25.85,23.29,6.05
580,-17.9,-16.32,26.37,0.15
581,-12.74,-14.91,32.27,3.46
582,-8.53,17.99,21.27,4.65
583,-18.21,9.67,27.07,5.1
584,-2.8,6.84,28.51,9.59
585,20.99,39.26,26.57,5.53
586,-1.13,-3.24,29.48,5.22
587,-12.76,-10.03,22.78,-2.09
588,-41.83,-2.68,14.88,4.69
589,-39.13,-22.05,40.36,8.2
590,-22.5,12.75,20.94,1.02
591,-31.52,15.77,19.94,0.9
592,-3.06,-12.04,41.72,7.78
593,12.58,34.96,20.92,5.38
594,-15.44,8.13,31.42,3.89
595,-1.36,-3.22,31.91,-1.37
596,-24.02,-11.14,13.6,-2.4
597,2.47,10.21,25.24,2.91
598,0.88,6.62,59.01,4.75
599,-7.24,10.8,17.45,4.82
600,-16.51,-7.15,35.83,1.56
601,-56.8,-14.28,25.47,-0.23
602,4.23,-0.3,36.13,1.65
603,28.05,49.35,30.55,2.66
604,-31.76,-7.62,26.16,-4.46
605,-60.29,4.12,30.67,2.58
606,11.64,5.42,24.58,3.91
607,20.9,44.81,18.25,4.74
608,-19.2,-18.69,28.68,2.07
609,-16.41,1.23,36.27,6.39
610,-40.38,-3.4,33.68,3.7
611,-1.87,11.21,29.77,3.46
612,32.51,1.99,29.63,4.45
613,-63.06,-4.89,32.25,6.37
614,11.95,30.48,24.67,0.68
615,4.78,-6.57,15.49,-3.19
616,-24.24,-4.78,38.89,3.07
617,-8.76,1.15,20.95,-4.07
618,19.07,11.92,37.2,-0.12
619,-18.69,33.31,32.94,6.5
620,-42.37,-4.35,15.1,1.51
621,-16.37,4.78,39.67,-2.51
622,-45.38,27.27,29.05,6.06
623,-51.88,0.39,31.21,4.86
624,29.68,-42.2,25.2,-0.54
625,0.38,-17.92,30.34,5.98
626,-22.21,15.46,25.99,2.81
627,6.18,20.28,24.02,4.96
628,-53.79,10.78,19.6,4.65
629,-15.74,10.52,31.7,2.75
630,42.87,0.74,32.77,-2.2
631,0.01,34.01,21.38,0.47
632,-4.85,6.91,29.07,2.34
633,-23.25,-11.96,27.54,0.9
634,17.89,21.12,0.4,-3.58
635,-39.23,7.37,44.53,3.68
636,-14.5,-19.62,33.77,2.07
637,2.83,11.53,37.48,4.06
638,-114.5,-22.78,24.58,8.3
639,-13.54,3.15,23.22,5.8
640,27.71,34.57,23.84,-3.92
641,29.28,14.13,43.69,3.96
642,-40.71,-19.79,6.97,0.77
643,-54.22,-7.73,31.26,1.7
644,30.06,57.55,38.11,5.6
645,75.22,17.77,25.05,-4.82
646,-53.26,-49.75,30.32,-0.55
647,-3.96,-3.13,34.93,-3.24
648,5.89,38.94,31.32,1.57
649,-56.17,-23.71,31.47,8.03
650,20.01,19.87,17.57,-0.28
651,33.81,49.81,29.52,-1.71
652,-46.44,-44.34,25.66,4.72
653,-87.64,-21.98,39.76,7.57
654,22.55,19.93,24.09,-1.04
655,0.08,-0.8,28.95,-1.17
656,13.9,35.95,22.26,-1.23
657,19.45,18.76,28.98,0.59
658,-48.65,-14.63,32.44,1.09
659,-23.1,4.68,31.31,5.16
660,28.21,31.32,30.82,-1.34
661,-7.04,-10.56,25.99,0.12
662,-50.01,-15.9,27.83,3.65
663,-67.99,-12.47,32.86,5.69
664,-12.05,15.1,27.34,-3.47
665,39.73,73.63,2.51,-0.89
666,-6.11,-5.79,33.24,-3.56
667,-10.83,32.54,27.12,-1.6
668,-16.18,-25.23,33.38,2.3
669,-39.7,-4.47,21.88,-1.65
670,17.7,21.85,18.13,-3.84
671,-11.29,3.37,32.3,-3.32
672,39.94,42.96,31.6,3.14
673,9.46,12.0,29.68,0.86
674,-90.52,-5.88,29.68,-3.47
675,-29.06,21.25,28.58,-0.18
676,-17.92,16.7,32.95,3.84
677,-2.04,14.88,23.09,-1.41
678,-10.49,18.59,35.97,0.52
679,-10.57,3.43,32.39,1.88
680,-53.7,24.1,38.1,-2.59
681,-1.81,29.4,20.83,0.3
682,-12.56,11.46,25.94,5.05
683,-51.92,-22.97,24.62,-2.26
684,60.56,49.75,12.12,-4.06
685,3.96,-18.68,19.82,-5.01
686,-53.71,8.69,34.43,-0.67
687,-16.47,7.58,28.38,-2.79
688,-28.25,7.25,29.24,0.79
689,-11.9,-7.64,33.74,2.1
690,-23.84,14.27,21.59,-1.44
691,14.97,31.52,29.69,-1.13
692,22.72,40.13,24.58,1.29
693,-44.01,-11.72,22.17,1.54
694,-45.2,27.59,28.86,3.45
695,20.17,19.76,20.7,2.2
696,-17.53,24.43,28.97,1.26
697,-26.51,-0.5,23.9,-1.1
698,47.61,39.13,17.21,-5.82
699,-48.84,-1.66,34.78,-0.17
700,-15.34,30.56,34.51,1.91
701,1.53,-11.29,26.67,-2.61
702,-11.82,4.45,23.14,-2.53
703,-31.64,11.52,30.79,4.05
704,-41.14,9.77,34.62,5.41
705,-24.06,35.23,36.89,9.6
706,-75.01,-27.54,18.1,3.2
707,-2.42,72.38,21.93,2.03
708,-3.22,29.22,33.03,-0.71
709,-15.57,-27.71,29.97,-1.97
710,-24.67,3.06,22.7,-1.28
711,42.37,17.1,16.79,2.26
712,8.85,12.27,18.19,-1.27
713,-58.17,7.06,29.03,-6.46
714,32.26,26.3,45.44,-2.04
715,-27.46,42.15,30.19,3.87
716,-5.33,41.46,29.68,4.48
717,41.4,81.42,32.14,1.79
718,-82.43,-80.55,31.12,1.29
719,-29.64,-11.25,23.43,-1.28
720,-8.13,21.29,27.96,0.37
721,-10.36,28.12,29.21,-3.88
722,-25.35,19.96,29.49,3.28
723,-34.41,22.71,29.59,-0.05
724,-22.39,-49.31,18.05,-3.43
725,-17.68,12.11,30.91,-3.0
726,-37.91,33.44,30.23,-0.82
727,13.06,40.89,18.25,2.43
728,34.77,9.32,12.63,-4.38
729,10.56,36.62,26.1,-1.72
730,-24.72,2.88,29.28,-2.49
731,-10.77,21.96,41.28,0.51
732,-25.27,35.66,27.27,1.45
733,-9.51,-6.03,33.86,0.9
734,17.62,43.23,27.47,-1.04
735,-18.92,-0.99,22.6,-1.18
736,-23.68,-6.3,25.44,1.65
737,-47.81,-11.8,27.77,4.33
738,-5.88,26.54,30.48,2.73
739,-3.37,27.74,28.45,5.97
740,-7.38,9.37,24.71,-3.77
741,-15.34,-5.09,31.49,2.28
742,-19.21,17.35,37.73,4.23
743,-20.08,15.64,34.33,2.95
744,1.39,0.41,13.87,-2.11
745,-15.29,14.37,28.51,2.84
746,-0.34,8.04,30.25,3.56
747,4.6,23.37,17.15,-4.29
748,-39.87,19.42,37.17,2.95
749,-54.49,20.98,48.74,3.63
750,-44.53,33.79,23.26,-0.65
751,37.52,48.24,15.64,-0.03
752,-6.47,-44.45,33.58,-3.94
753,12.94,15.23,15.91,2.24
754,9.33,46.28,41.49,0.71
755,-42.14,-31.81,24.49,0.71
756,-29.55,8.65,10.91,-2.32
757,-28.55,7.61,41.99,1.73
758,-10.29,14.76,36.85,1.3
759,12.76,35.06,27.86,1.95
760,-5.51,62.71,39.21,6.31
761,-24.31,10.88,31.0,3.48
762,-64.92,-76.46,34.13,-9.15
763,-52.08,-13.63,30.68,-2.11
764,8.62,26.32,25.31,-0.13
765,19.7,-5.38,34.33,-2.79
766,-9.02,9.16,34.8,2.07
767,-35.66,-22.26,16.25,-4.87
768,-17.58,36.62,23.99,3.3
769,26.59,70.16,51.98,5.16
770,47.79,27.93,-3.52,-5.18
771,-75.09,-76.22,50.27,2.33
772,-58.19,-9.52,34.03,5.81
773,9.82,-24.21,35.99,1.48
774,-34.1,35.84,35.55,4.84
775,-18.03,40.41,29.43,1.12
776,41.8,54.31,38.62,2.5
777,8.44,2.24,33.78,-1.91
778,-12.67,-28.58,26.59,-0.88
779,-34.83,7.25,19.74,4.37
780,-35.88,-7.52,44.53,4.01
781,22.7,-2.58,34.28,-1.08
782,-71.6,16.26,23.15,3.66
783,-11.85,54.34,35.24,6.89
784,10.42,-48.02,29.3,-10.12
785,10.09,29.42,24.35,-2.55
786,-1.23,-26.01,36.42,1.66
787,19.25,12.25,30.6,-4.41
788,-53.16,-2.37,26.99,1.93
789,-67.48,-10.59,26.3,-2.88
790,20.48,24.5,44.86,-0.12
791,14.79,-2.74,27.35,-3.01
792,-36.43,34.63,31.71,4.56
793,-15.66,113.49,36.07,7.15
794,66.12,45.28,20.56,-0.41
795,-49.56,-79.39,40.99,2.02
796,-30.45,-15.58,29.28,-6.73
797,19.25,51.29,27.67,1.47
798,-61.82,-18.87,15.73,3.53
799,-25.76,24.32,55.21,10.53
800,-19.89,-1.05,22.82,-0.5
801,-24.72,73.47,22.87,-2.98
802,-23.45,-27.85,36.32,-1.13
803,-2.16,6.22,35.11,2.0
804,14.36,46.75,26.15,1.19
805,-32.13,4.76,34.74,0.4
806,0.54,-20.05,25.76,-7.8
807,-10.26,41.12,24.7,-3.52
808,-54.25,54.66,39.56,5.56
809,9.28,38.34,35.06,10.67
810,-7.87,-38.9,20.3,-3.74
811,-26.7,-33.26,41.94,1.38
812,-16.57,-13.63,21.11,5.19
813,-43.43,7.72,28.26,4.19
814,-12.33,12.9,33.44,2.91
815,-9.18,-9.44,33.66,5.6
816,-72.83,40.03,27.93,3.21
817,24.29,27.07,33.13,4.57
818,43.16,15.79,4.96,0.1
819,-54.74,-24.58,33.83,-1.37
820,-13.47,17.89,33.62,2.16
821,18.13,23.31,20.82,0.26
822,-48.26,8.59,31.96,9.51
823,-4.31,51.84,26.65,4.28
824,-29.39,-28.33,24.36,1.48
825,-22.68,11.53,30.77,-0.79
826,-5.54,17.93,23.51,-4.32
827,10.02,25.6,27.93,0.63
828,-37.39,-2.49,37.25,7.83
829,-65.44,-1.08,33.47,4.12
830,25.42,19.48,29.72,3.26
831,23.64,6.37,25.55,0.64
832,-17.28,4.59,36.98,6.24
833,6.93,14.19,34.4,2.71
834,-49.45,7.93,19.73,0.39
835,-37.96,24.88,37.44,1.03
836,-32.42,17.68,21.31,2.86
837,-38.21,-36.04,33.92,0.4
838,-14.79,4.79,31.11,7.07
839,5.2,7.2,29.82,7.04
840,3.98,6.49,24.18,2.9
841,-16.69,24.52,19.76,-1.74
842,-26.83,16.07,41.82,8.56
843,15.41,10.45,22.13,0.29
844,54.5,44.95,42.97,5.49
845,-84.35,-62.67,40.3,-0.5
846,-34.28,2.8,26.31,1.33
847,2.04,3.35,13.44,-3.03
848,-36.29,-11.66,36.38,4.53
849,-30.31,1.55,13.34,0.14
850,39.22,45.61,27.31,-2.76
851,31.19,34.53,39.24,1.63
852,-53.26,-15.73,29.54,-0.4
853,-51.76,-14.04,30.01,-3.55
854,-11.8,7.2,29.94,-1.9
855,-78.7,-27.2,33.03,-0.85
856,17.84,35.58,7.69,0.95
857,47.52,44.67,47.67,-6.42
858,20.0,-48.74,9.82,-10.51
859,-48.64,22.08,31.46,4.83
860,-43.19,-12.02,40.83,0.37
861,15.26,23.74,37.62,0.07
862,-14.83,32.67,13.31,1.84
863,-43.18,-44.8,33.8,-4.08
864,23.25,27.82,16.05,-1.31
865,-50.55,21.38,35.45,1.65
866,-15.8,-38.15,34.35,0.22
867,1.8,-1.14,24.88,-6.66
868,-32.71,40.56,7.5,1.47
869,3.67,46.43,37.26,1.43
870,12.0,-18.96,28.84,-5.38
871,19.2,43.7,33.42,-0.19
872,-48.15,-17.34,25.7,-3.07
873,-19.8,5.65,32.29,-4.3
874,-33.76,14.68,44.3,-1.47
875,34.63,-24.11,23.99,-3.58
876,-28.34,30.2,36.86,-4.52
877,9.01,26.15,30.37,-8.01
878,-20.18,15.09,40.07,1.21
879,-43.38,-17.98,19.83,-2.0
880,4.06,24.3,33.99,-3.75
881,-43.63,38.06,45.77,0.46
882,17.87,-7.45,19.74,0.15
883,2.19,18.39,31.49,-4.07
884,-6.71,22.46,27.42,-8.83
885,-18.68,26.73,27.19,0.52
886,-15.89,-12.98,44.35,-3.02
887,-16.93,-31.54,24.89,-1.06
888,-7.98,-30.42,32.27,-4.13
889,-40.1,-9.1,20.78,-1.05
890,-10.5,5.83,48.54,-5.58
891,-7.98,16.89,33.78,-4.55
892,-16.99,21.77,36.19,-3.13
893,5.94,-3.98,25.74,-3.47
894,-2.14,26.32,36.62,-2.93
895,-68.36,-2.35,32.94,1.01
896,-20.72,12.94,32.84,-2.19
897,42.93,67.29,34.73,-1.8
898,-49.26,-60.63,32.06,-5.38
899,-47.84,-30.29,34.54,0.36
900,5.24,2.19,28.06,1.05
901,16.14,23.09,30.28,-8.48
902,-34.51,17.42,40.57,0.93
903,-42.99,20.15,34.58,-0.79
904,17.52,15.64,34.73,-2.17
905,-13.36,-23.8,25.83,-1.19
906,-11.19,15.45,23.72,-1.19
907,-1.13,23.66,36.61,-1.58
908,-10.43,20.39,34.15,2.79
909,-1.81,60.07,35.45,6.8
910,-10.18,-11.95,22.29,-6.89
911,-38.47,-5.32,28.66,0.74
912,-25.71,17.33,33.15,1.63
913,-38.22,1.98,25.43,4.48
914,7.57,-16.94,25.26,-0.6
915,-22.73,11.13,26.13,1.13
916,-21.3,41.18,32.91,6.2
917,-5.59,6.97,26.33,-1.52
918,-25.09,-14.68,24.31,2.2
919,2.16,39.15,36.09,4.93
920,16.85,31.7,25.07,3.71
921,-0.37,29.79,25.43,-0.2
922,-18.19,-9.49,22.28,-1.87
923,-13.34,17.76,25.88,3.75
924,-3.92,15.56,32.31,1.84
925,-44.06,-6.14,20.8,-0.92
926,-18.11,32.39,17.03,1.96
927,5.58,29.92,16.53,0.74
928,-15.72,-20.79,25.01,-0.36
929,-52.0,-17.07,39.88,2.92
930,55.78,31.84,27.5,4.06
931,-12.65,48.34,24.47,2.63
932,-24.75,7.98,17.8,0.54
933,-17.39,-28.48,29.13,0.92
934,31.01,23.83,26.83,5.71
935,-31.0,37.69,28.49,5.27
936,-29.03,-22.85,25.41,0.8
937,-25.4,4.06,29.71,-2.88
938,-35.63,17.65,29.37,1.64
939,24.4,26.11,20.76,2.43
940,6.9,34.65,18.46,-2.76
941,-4.02,-5.27,20.85,-0.88
942,-38.54,-18.86,24.2,0.42
943,-28.05,-3.49,31.82,-1.91
944,-1.14,18.27,25.31,-0.63
945,-5.02,-11.08,21.58,1.88
946,-20.73,-3.66,18.1,0.76
947,9.83,23.41,22.65,-2.56
948,5.82,43.45,9.34,3.95
949,-36.27,-15.84,41.3,1.48
950,-23.35,-49.18,27.65,-2.97
951,-26.62,8.3,26.19,2.36
952,-25.79,18.73,30.3,-0.53
953,-11.77,8.88,40.94,3.02
954,-2.41,-0.75,18.51,-1.48
955,-21.01,-3.32,25.17,-3.27
956,-13.6,5.35,26.03,-3.6
957,8.96,8.85,24.22,-3.15
958,-0.53,41.87,28.38,6.0
959,-8.23,49.9,35.45,1.1
960,-45.71,5.68,28.55,-3.82
961,7.39,7.29,21.3,-2.55
962,-13.92,-55.27,36.7,-1.62
963,-25.57,-17.71,30.35,-0.5
964,-36.06,-11.11,24.32,-0.54
965,4.8,34.21,7.27,1.22
966,-17.53,24.24,41.39,1.17
967,-8.83,36.45,31.29,3.75
968,-31.58,-50.4,21.98,0.37
969,-29.86,-10.16,38.83,1.84
970,-8.89,-13.58,22.89,1.8
971,13.56,10.54,24.31,3.15
972,-44.64,-5.51,24.73,1.68
973,-36.28,-25.81,29.27,2.19
974,47.88,59.92,26.85,0.99
975,-9.17,47.95,29.04,1.9
976,-59.81,-71.52,28.64,0.58
977,15.04,7.25,21.12,-0.7
978,12.56,58.91,31.57,-2.0
979,-35.53,-11.53,21.24,-7.76
980,-38.87,-25.32,17.09,-4.94
981,19.18,31.19,30.56,1.56
982,-51.55,-50.89,27.4,-5.13
983,3.42,-1.18,17.91,-1.08
984,-15.25,60.08,38.78,1.74
985,-24.16,-33.94,23.61,-4.98
986,-12.29,-26.02,24.0,-6.02
987,17.59,16.63,29.91,-4.99
988,-12.24,3.58,24.71,-2.78
989,-51.81,-12.25,17.52,2.86
990,14.34,1.98,42.84,-0.67
991,11.61,23.99,37.02,0.07
992,-18.01,4.54,22.88,-1.71
993,-28.69,-11.22,23.42,-2.42
994,-3.8,-0.61,24.17,-1.85
995,-22.82,6.86,29.01,-4.66
996,-20.12,17.53,38.28,0.91
997,-15.73,26.01,29.69,0.91
998,-21.14,40.83,37.22,-1.58
999,-22.24,-31.48,22.82,-6.98
1000,32.71,17.5,37.1,-2.66
1001,-7.1,-24.29,24.58,-6.49
1002,45.32,18.41,20.4,-0.11
1003,-79.48,36.66,31.43,0.5
1004,8.56,54.18,34.86,-0.94
1005,-35.75,-14.02,30.2,-6.28
1006,-44.78,15.9,26.51,-0.13
1007,15.99,7.7,13.52,-8.16
1008,-4.44,22.55,40.49,0.81
1009,-56.52,-31.24,32.61,-2.13
1010,-25.47,4.69,20.51,0.76
1011,-29.26,-12.38,27.41,-0.48
1012,2.04,5.12,30.88,0.05
1013,17.05,37.18,29.2,-1.59
1014,19.19,43.25,28.43,-3.26
1015,-35.59,5.6,32.54,-5.71
1016,4.24,56.41,31.57,-2.22
1017,-48.21,-20.47,32.41,-0.34
1018,31.28,39.65,21.24,-1.75
1019,-70.7,-7.14,36.06,-6.18
1020,-9.84,14.51,31.5,-4.92
1021,-13.08,-9.51,18.19,-5.96
1022,5.88,20.97,28.26,-2.77
1023,-37.86,7.18,32.0,-10.2
1024,-14.4,7.7,32.62,-5.26
1025,-41.83,29.09,32.15,-1.79
1026,-35.62,35.65,27.42,-4.7
1027,35.94,-8.25,29.57,-9.56
1028,-1.57,10.94,33.15,-2.48
1029,-32.21,14.29,31.0,-0.4
1030,-16.01,6.77,21.89,-0.9
1031,1.67,15.13,40.9,0.22
1032,-23.46,9.57,33.93,-2.69
1033,-7.33,51.12,33.31,-2.68
1034,-10.29,-18.02,25.07,-9.86
1035,-32.79,-34.82,30.93,-2.68
1036,-15.98,-7.82,36.0,1.12
1037,19.19,18.35,35.07,-2.57
1038,-45.01,14.06,30.78,2.72
1039,-37.15,7.5,35.4,8.3
1040,13.36,10.12,25.79,-5.04
1041,-4.63,12.92,14.08,-3.44
1042,-4.95,49.31,50.08,3.24
1043,-0.11,48.44,34.46,5.98
1044,-30.97,-63.25,28.89,-1.93
1045,-38.58,-7.72,28.93,-2.46
1046,-1.66,21.01,28.28,5.07
1047,12.11,73.01,31.04,0.49
1048,-25.35,-54.99,31.38,1.77
1049,-15.89,-15.67,28.55,-3.13
1050,-0.19,-11.69,24.33,2.08
1051,-42.28,-3.85,21.55,-1.78
1052,-31.86,-2.71,23.76,2.97
1053,-4.47,-1.29,40.47,5.04
1054,-0.3,-3.6,28.74,-0.93
1055,15.44,31.14,35.56,0.22
1056,-49.42,3.85,37.25,-0.04
1057,-15.85,9.56,23.15,-5.34
1058,-21.13,35.79,27.56,0.32
1059,-8.93,59.74,15.81,2.06
1060,-13.54,1.84,35.64,-2.25
1061,1.78,9.86,19.42,-3.61
1062,-1.88,-30.93,25.75,-0.29
1063,11.42,-2.53,28.2,-1.57
1064,-22.01,7.22,27.0,-1.94
1065,-33.18,28.76,27.84,0.73
1066,-2.47,5.74,26.57,-3.12
1067,0.97,22.18,30.86,2.01
1068,-19.14,27.33,30.26,1.28
1069,-29.24,-20.35,24.84,0.36
1070,-18.55,17.8,31.9,2.93
1071,-6.54,-8.8,34.51,-0.78
1072,-33.38,-18.7,20.56,-0.27
1073,-5.63,10.42,29.88,1.01
1074,-33.66,5.22,39.0,1.14
1075,-35.24,40.66,33.21,-0.19
1076,29.82,6.75,34.3,6.68
1077,103.63,9.7,24.16,-5.91
1078,-84.93,-1.28,38.26,0.14
1079,-39.93,49.31,35.06,3.45
1080,-36.93,-28.85,31.7,-1.07
1081,-13.64,21.8,31.94,-0.13
1082,-44.66,-23.98,14.22,2.43
1083,-11.82,0.13,45.72,9.12
1084,20.83,8.51,36.68,1.31
1085,-23.58,13.6,15.86,-3.47
1086,-27.49,-6.29,43.09,0.28
1087,4.74,17.8,30.99,2.48
1088,-33.55,-17.7,26.18,-4.19
1089,-24.46,-1.64,34.43,3.4
1090,-24.48,14.11,35.16,1.4
1091,-60.07,16.22,37.11,0.8
1092,15.03,87.23,20.81,3.32
1093,34.03,-3.2,31.33,2.29
1094,22.0,-89.47,25.4,-3.61
1095,-14.63,-13.82,25.28,4.42
1096,-76.8,9.72,29.82,0.98
1097,18.24,30.64,20.42,-3.84
1098,-16.66,43.07,28.83,3.21
1099,-18.54,16.76,32.74,1.11
1100,-3.49,13.66,23.71,-8.18
1101,37.74,53.42,31.43,0.52
1102,-58.53,-17.99,28.9,-0.2
1103,-17.87,-10.19,20.38,0.27
1104,-47.09,25.82,28.48,-2.94
1105,-35.33,-31.76,25.12,3.16
1106,-13.13,-7.37,17.42,0.72
1107,-24.23,5.22,34.24,-0.04
1108,16.7,16.38,19.18,-0.47
1109,11.68,25.99,26.45,2.93
1110,-8.53,16.18,38.09,-1.27
1111,-7.6,22.17,31.4,4.88
1112,40.03,52.38,31.36,4.35
1113,-5.76,70.01,31.17,1.83
1114,-17.67,-39.32,16.14,-6.34
1115,-78.49,9.13,26.61,4.1
1116,3.21,35.18,36.65,7.24
1117,-7.85,46.03,34.06,7.09
1118,-71.37,-36.6,26.64,-1.96
1119,-16.9,1.35,31.24,0.42
1120,-25.36,27.56,21.82,1.23
1121,51.12,-15.69,30.07,-3.65
1122,-18.66,23.44,20.62,1.54
1123,33.4,22.47,25.74,3.25
1124,32.74,88.44,37.57,-2.16
1125,-39.92,-22.8,32.76,1.62
1126,42.9,-25.72,21.23,-2.58
1127,-78.51,1.51,28.82,-4.63
1128,-46.16,10.51,17.3,0.58
1129,-30.28,29.58,43.8,2.26
1130,16.65,34.96,14.7,-0.96
1131,-18.72,29.28,45.37,6.1
1132,-45.47,-10.89,27.95,-1.05
1133,10.6,32.2,26.62,-3.04
1134,68.68,23.55,26.44,4.65
1135,-105.25,53.22,30.63,7.79
1136,-29.4,33.6,32.94,-2.25
1137,31.03,-44.51,22.84,-2.61
1138,57.51,31.37,17.61,1.43
1139,-114.03,-5.34,34.78,1.78
1140,-10.07,10.37,27.68,-0.65
1141,-8.71,47.12,28.51,3.66
1142,45.96,96.35,33.43,9.14
1143,-42.25,-54.99,15.44,-7.33
1144,0.96,15.1,24.87,-8.07
1145,-14.26,18.24,31.62,-7.77
1146,-17.92,41.29,28.28,2.11
1147,5.39,54.94,31.37,0.91
1148,5.74,-21.4,22.63,-2.34
1149,6.17,18.25,21.92,-1.75
1150,-22.11,34.67,22.22,-4.46
1151,-1.35,11.82,24.73,-4.73
1152,-48.99,11.82,24.17,0.88
1153,-43.06,10.08,32.43,-0.24
1154,32.39,37.26,29.86,-1.46
1155,-2.91,58.79,28.53,-2.77
1156,-8.16,-21.52,30.98,-4.55
1157,-24.73,9.45,23.91,-7.23
1158,-38.66,23.34,3.38,-12.32
1159,11.63,34.12,38.62,-0.07
1160,10.39,7.49,20.14,2.02
1161,-3.03,-11.72,36.36,-2.2
1162,-5.1,41.34,29.22,-7.17
1163,-11.09,-13.43,25.66,-7.37
1164,4.67,13.55,21.29,-2.3
1165,-13.71,26.73,27.85,-1.17
1166,-25.16,28.42,30.11,-2.07
1167,-40.45,-14.81,31.01,-1.14
1168,48.06,71.91,36.98,4.2
1169,5.19,62.23,31.59,-0.28
1170,-43.81,-43.86,31.23,-2.85
1171,-25.74,8.11,21.41,-4.3
1172,12.63,14.65,22.47,0.83
1173,-5.9,-7.29,32.0,-0.94
1174,-35.8,-14.85,22.03,1.59
1175,-16.99,10.72,32.32,-3.04
1176,-11.72,34.39,27.17,0.09
1177,6.23,36.88,30.57,4.67
1178,12.61,12.92,35.61,2.91
1179,-5.68,1.78,10.16,-2.13
1180,-19.01,0.19,37.11,-1.09
1181,-11.76,16.29,32.09,-1.01
1182,-19.14,19.06,26.74,1.86
1183,-21.91,-7.09,20.29,-4.22
1184,25.66,26.18,28.4,-1.74
1185,-16.46,52.24,29.91,-5.09
1186,-75.15,-3.98,31.24,-1.34
1187,8.91,-19.89,22.99,-7.36
1188,-12.85,35.07,30.36,-2.86
1189,32.32,62.01,35.38,3.67
1190,-23.73,-23.32,27.33,-1.23
1191,-33.87,-13.84,32.01,-1.26
1192,-24.13,-2.74,29.94,1.93
1193,25.95,23.68,22.1,-1.44
1194,15.03,39.33,26.35,-6.46
1195,-36.07,5.23,39.46,-3.75
1196,-45.47,24.54,32.01,-1.65
1197,-41.3,2.35,29.2,-1.59
1198,13.78,50.64,39.45,1.58
1199,7.04,17.72,21.22,3.51
1200,10.97,8.65,26.83,1.05
1201,-17.38,-2.37,28.07,0.99
1202,-3.38,11.77,27.35,-3.62
1203,9.96,43.32,30.88,2.69
1204,-27.96,11.76,25.03,-1.74
1205,-18.83,-14.83,26.67,0.37
1206,-19.82,9.77,30.89,1.25
1207,-33.15,0.24,25.23,-0.54
1208,-27.34,22.88,25.28,-0.34
1209,-7.96,29.86,31.98,7.23
1210,50.22,34.4,25.7,-1.03
1211,-44.97,-29.32,28.11,-4.56
1212,-25.3,11.29,27.86,0.37
1213,-12.7,6.49,28.55,1.11
1214,-2.78,17.71,30.19,-2.19
1215,-4.44,15.29,28.01,-2.34
1216,-28.32,3.24,24.34,-2.74
1217,-4.26,15.25,27.6,3.11
1218,-11.23,26.31,31.74,4.1
1219,-2.66,11.79,32.4,4.64
1220,-23.87,46.01,21.58,1.29
1221,-22.12,11.45,30.95,3.55
1222,-26.69,27.09,27.7,4.55
1223,-12.57,-8.55,27.51,3.33
1224,-8.95,-6.21,25.99,1.44
1225,19.37,48.26,18.73,6.37
1226,5.17,27.88,24.62,1.38
1227,-18.35,-22.46,23.21,-3.76
1228,-28.95,8.04,20.99,3.25
1229,-5.05,22.96,23.81,6.11
1230,-17.07,17.85,22.02,4.56
1231,-7.21,49.12,25.56,-2.0
1232,6.55,5.38,30.18,1.65
1233,-32.11,-17.56,20.32,0.33
1234,-39.28,5.49,31.96,1.41
1235,-33.86,26.08,30.35,4.05
1236,-16.01,-1.64,22.79,-0.13
1237,15.43,14.5,24.34,-6.9
1238,-19.1,20.96,26.56,-2.54
1239,-23.78,8.58,30.42,-2.59
1240,-0.73,14.91,23.07,-0.07
1241,-6.69,19.82,21.53,-2.78
1242,-22.29,15.1,20.68,1.77
1243,-2.59,32.85,23.68,-1.35
1244,2.38,-14.36,25.1,-2.69
1245,-43.62,11.6,27.75,2.07
1246,-19.29,31.49,25.4,3.53
1247,-39.76,1.75,29.57,-0.83
1248,-9.66,11.63,26.28,1.69
1249,6.29,-9.07,27.85,2.01
1250,49.37,59.09,31.48,0.43
1251,-51.57,4.03,24.64,-4.89
1252,-77.61,8.17,28.95,-0.73
1253,-3.07,33.24,27.84,3.34
1254,25.93,-0.79,29.53,-6.37
1255,-2.82,7.91,29.02,3.23
1256,-21.31,25.44,26.72,-1.01
1257,-0.11,57.72,31.94,-0.74
1258,-44.79,-11.47,21.69,0.79
1259,-62.26,2.26,26.99,1.38
1260,15.88,10.92,24.8,-2.21
1261,34.37,30.75,25.23,-1.24
1262,-52.21,-20.58,24.95,-2.22
1263,-29.48,-3.12,27.59,-1.89
1264,-14.29,2.35,27.28,-1.15
1265,-31.39,13.69,27.44,2.15
1266,-9.02,59.95,38.58,6.59
1267,25.44,72.53,30.02,-1.03
1268,-38.68,-36.52,20.79,-3.45
1269,-16.98,-11.46,28.55,1.04
1270,-32.59,-33.33,22.44,-2.92
1271,-19.64,-12.47,29.39,-2.83
1272,-12.85,8.5,27.58,0.95
1273,12.03,32.31,23.65,-5.51
1274,-5.18,9.23,26.82,-5.66
1275,-33.32,-0.72,30.7,-2.36
1276,-81.07,-20.34,29.37,3.59
1277,20.56,38.63,26.87,-2.77
1278,10.89,34.65,26.94,-0.19
1279,-19.15,-2.73,29.46,0.54
1280,5.64,80.32,35.85,1.3
1281,-54.96,1.62,27.38,2.82
1282,-7.91,6.69,30.3,1.5
1283,-0.45,-1.83,25.07,-0.39
1284,-24.75,-13.73,25.15,-3.43
1285,9.5,-10.96,28.46,1.68
1286,11.7,28.42,24.52,-3.01
1287,-9.73,10.74,22.79,-2.23
1288,-53.08,-5.49,29.05,-0.27
1289,-31.47,2.51,30.59,2.53
1290,7.73,31.27,33.9,-2.73
1291,-23.15,-9.45,26.79,0.6
1292,-64.36,-3.62,31.57,3.91
1293,-36.21,-1.9,31.55,5.08
1294,23.67,18.93,31.58,0.37
1295,5.84,66.68,26.55,3.15
1296,-29.79,-9.49,35.45,0.12
1297,-19.8,-6.89,24.88,-7.75
1298,-38.31,9.37,26.24,2.22
1299,-2.39,32.11,27.94,2.33
1300,32.82,17.49,27.79,-6.78
1301,6.61,21.88,25.12,-5.07
1302,-51.38,39.47,30.8,4.87
1303,-24.31,-11.01,22.72,-0.86
1304,-15.75,3.36,21.61,-1.06
1305,-27.31,-11.07,29.17,2.2
1306,-7.75,21.32,20.2,-0.34
1307,-13.78,6.67,22.69,-5.89
1308,-13.32,24.91,25.46,3.01
1309,-17.51,-5.86,20.52,1.72
1310,-16.99,1.76,27.9,-1.13
1311,-10.6,31.8,24.96,-4.18
1312,-32.05,-8.58,21.81,1.16
1313,-6.23,5.32,25.93,3.52
1314,-39.22,20.53,29.25,-0.92
1315,-8.83,-15.98,29.6,2.58
1316,-16.4,-17.28,24.24,-1.8
1317,-13.04,22.49,26.9,-5.29
1318,14.25,63.87,32.6,3.7
1319,-42.09,-41.02,24.45,-2.86
1320,-44.95,1.78,28.68,-1.9
1321,16.35,-1.43,27.36,0.42
1322,-12.89,13.28,30.03,-2.24
1323,-6.47,21.48,30.23,-0.66
1324,-24.49,15.47,25.36,0.01
1325,-0.8,17.33,33.99,-1.59
1326,-3.29,21.4,27.51,-0.5
1327,1.53,33.49,24.39,1.67
1328,-27.01,-9.54,24.21,-3.95
1329,-53.85,11.42,30.66,6.96
1330,-6.02,15.6,25.82,-0.34
1331,-11.95,10.75,29.02,0.57
1332,-15.13,19.4,24.94,5.22
1333,-20.61,37.74,25.55,3.76
1334,-14.35,37.48,29.77,1.7
1335,-7.79,-30.7,25.26,1.06
1336,-74.1,-23.63,31.12,4.35
1337,27.43,15.45,24.35,-4.75
1338,8.5,36.82,26.24,-0.59
1339,-17.13,32.78,26.5,2.07
1340,11.94,53.87,20.27,-1.52
1341,6.7,-11.96,24.32,1.25
1342,-23.49,22.81,30.83,8.55
1343,-43.65,-10.13,24.78,-2.64
1344,25.68,-2.42,28.96,-1.56
1345,-41.43,26.73,27.53,6.36
1346,-9.31,39.24,28.34,0.17
1347,-8.46,40.06,19.86,-2.84
1348,-66.59,12.96,33.66,4.93
1349,16.24,-28.47,25.67,0.25
1350,54.82,55.47,6.95,-5.24
1351,-47.54,-23.16,41.39,2.25
1352,-53.11,12.11,31.79,2.85
1353,-12.36,8.97,29.94,0.45
1354,-12.28,-5.68,28.74,-1.61
1355,5.92,15.37,31.07,7.91
1356,-9.92,26.29,29.08,1.51
1357,-13.82,10.31,25.73,0.65
1358,-24.41,17.95,25.25,1.64
1359,-12.54,26.02,28.22,3.6
1360,38.61,28.2,27.5,-2.01
1361,-25.15,8.13,26.1,-0.74
1362,-29.65,-25.33,30.12,3.34
1363,-23.49,8.47,32.17,-0.41
1364,23.16,18.11,27.46,-0.47
1365,-34.24,7.32,25.64,1.81
1366,13.56,60.76,30.12,3.0
1367,-49.05,20.16,31.61,-1.58
1368,-51.08,-66.71,29.24,-0.93
1369,35.52,41.6,31.78,1.99
1370,-16.38,-3.91,30.24,4.92
1371,-17.74,35.06,26.93,-3.15
1372,-11.68,3.67,27.77,-0.91
1373,-16.53,-1.55,28.75,-1.13
1374,9.31,29.84,31.12,5.53
1375,-13.85,45.21,28.4,5.1
1376,-60.2,-16.57,23.33,3.07
1377,41.82,26.12,25.59,3.96
1378,-11.16,5.76,30.72,-0.54
1379,-60.84,-19.86,30.8,0.08
1380,0.9,7.37,25.6,-0.78
1381,16.48,-28.71,28.23,-2.46
1382,-9.16,7.54,31.68,4.15
1383,-22.84,10.22,34.22,-1.48
1384,-7.25,18.58,32.43,2.0
1385,-25.13,8.06,30.57,3.6
1386,4.1,34.53,28.86,-0.27
1387,8.99,6.05,31.81,-5.58
1388,-27.46,-7.81,34.83,0.75
1389,-7.54,21.06,32.33,2.24
1390,-14.91,10.85,34.91,-0.48
1391,-27.41,-36.25,30.47,2.1
1392,-28.9,-7.38,32.47,1.24
1393,7.82,17.16,29.47,1.55
1394,35.16,77.87,25.36,0.93
1395,-64.83,-2.83,36.14,1.82
1396,-2.19,-47.66,34.7,-0.61
1397,-19.1,-7.15,31.03,-1.2
1398,3.79,23.6,33.69,1.74
1399,-5.52,21.5,35.97,10.43
1400,-0.57,2.28,29.79,0.78
1401,-16.09,-31.14,34.41,0.82
1402,-42.89,-27.71,36.21,1.05
1403,-15.51,-7.37,33.75,3.33
1404,3.57,-12.97,29.32,-1.25
1405,22.81,13.03,33.47,0.82
1406,-24.15,32.05,30.5,4.96
1407,1.68,-6.19,33.66,4.78
1408,-42.26,-23.72,29.95,4.73
1409,-12.83,4.59,23.54,-1.84
1410,-22.15,-21.4,34.45,2.2
1411,4.98,35.02,27.17,1.72
1412,-10.51,-18.78,28.38,-0.25
1413,10.4,0.36,31.52,-0.9
1414,-15.33,14.32,27.62,-1.81
1415,-29.73,-18.26,30.03,0.37
1416,-25.38,-7.47,24.77,-1.77
1417,5.08,28.28,28.71,-3.08
1418,-21.81,23.33,33.72,5.21
1419,-9.91,-5.59,27.98,2.39
1420,-6.36,12.54,27.14,2.66
1421,-19.79,-12.96,26.38,-5.3
1422,-28.53,3.51,26.48,-0.15
1423,11.32,3.01,27.79,-0.87
1424,-31.13,-4.92,28.35,-0.62
1425,-9.67,11.02,23.97,-0.53
1426,-39.79,12.82,30.83,0.25
1427,1.51,-4.21,27.49,-2.69
1428,11.34,3.4,27.9,3.27
1429,0.82,16.7,25.26,1.12
1430,-25.37,20.03,30.07,1.6
1431,-22.43,-18.85,25.53,-2.95
1432,-15.28,17.56,28.84,4.34
1433,-16.86,2.39,25.52,-5.82
1434,6.1,57.13,27.35,-0.02
1435,-19.65,-37.41,27.74,-4.18
1436,-11.42,-15.89,22.48,0.8
1437,-18.76,7.7,19.7,-2.18
1438,-8.93,-3.58,27.14,-0.18
1439,-45.34,7.6,32.44,-0.48
1440,-9.18,39.15,24.06,-4.51
1441,43.94,10.16,23.96,-2.47
1442,9.04,2.6,30.22,2.97
1443,-5.79,2.03,24.21,-2.69
1444,-27.57,-16.96,21.22,-1.0
1445,-11.4,25.0,24.38,4.4
1446,-23.22,34.06,23.58,-0.78
1447,-2.4,30.88,24.5,-1.57
1448,8.68,-1.22,25.43,-0.01
1449,-44.31,-50.99,25.31,-3.91
1450,-11.1,-15.15,24.9,1.42
1451,20.71,24.34,32.73,5.81
1452,-8.91,2.1,25.67,1.79
1453,-13.26,6.58,29.08,0.78
1454,-27.14,0.76,27.82,0.05
1455,-39.21,-1.3,29.66,1.04
1456,-6.22,32.1,29.45,6.21
1457,7.92,6.15,26.27,-2.41
1458,18.97,17.11,29.17,5.59
1459,-92.6,9.95,35.31,3.75
1460,27.31,10.48,25.73,-2.93
1461,-17.95,-21.6,27.61,1.06
1462,-20.31,3.97,29.86,3.36
1463,10.16,2.26,30.41,0.92
1464,-9.7,-7.67,34.6,-1.81
1465,17.47,12.67,30.48,2.31
1466,-10.83,27.11,28.27,-4.48
1467,-23.92,18.3,33.92,-4.18
1468,-28.57,-6.63,31.05,0.28
1469,-30.2,1.06,35.95,-1.83
1470,1.58,12.16,26.15,-3.99
1471,8.83,12.23,26.82,-3.9
1472,-37.7,6.38,31.15,-0.61
1473,-30.86,-30.93,24.31,-3.78
1474,-3.99,0.82,25.66,-4.89
1475,-11.82,1.84,28.94,2.55
1476,-4.84,15.7,30.07,-4.07
1477,9.13,31.4,27.26,-5.21
1478,-43.49,-0.58,35.44,4.26
1479,-0.28,-26.95,29.92,-1.34
1480,-26.21,13.58,25.39,-2.05
1481,5.03,-1.88,25.04,-3.58
1482,-27.86,6.34,30.31,0.74
1483,-14.37,-2.82,28.53,-1.37
1484,-26.49,15.98,32.45,-1.43
1485,-37.35,-8.08,30.84,0.57
1486,-15.48,17.4,30.84,0.06
1487,54.18,76.96,28.26,-4.34
1488,-63.66,-47.46,27.74,-0.15
1489,-31.2,-59.15,30.06,0.41
1490,56.75,17.83,25.28,-7.35
1491,-9.15,17.61,24.4,-2.6
1492,-45.89,-21.36,35.31,2.96
1493,-6.41,6.54,25.87,-0.16
1494,4.85,15.76,28.51,-1.31
1495,-49.62,4.92,30.07,5.28
1496,-18.43,5.45,32.63,4.5
1497,14.67,-5.5,19.62,-2.56
1498,17.01,23.17,31.56,1.88
1499,-43.1,-12.73,22.99,-5.15
1500,-38.63,2.47,26.22,-0.85
1501,18.01,-1.03,26.55,-1.74
1502,-5.22,16.1,34.51,4.58
1503,2.28,20.29,30.27,-2.08
1504,-12.54,18.44,30.17,-2.31
1505,-67.85,-33.94,33.26,-0.33
1506,-10.91,24.26,25.21,-0.45
1507,14.04,10.63,26.73,-0.25
1508,-41.36,-11.65,27.66,4.03
1509,2.35,32.62,32.54,1.75
1510,-10.77,-12.69,25.79,-6.02
1511,-4.61,-6.69,18.65,-0.6
1512,-9.89,-4.34,29.32,3.21
1513,-9.77,19.99,36.13,6.07
1514,-0.57,15.58,30.67,-1.64
1515,-60.34,-29.1,33.48,2.78
1516,-14.16,12.69,34.2,0.16
1517,-12.49,18.05,29.69,-1.69
1518,16.33,1.0,28.03,-3.72
1519,17.21,10.58,20.49,-3.04
1520,-66.15,-4.81,30.66,-3.85
1521,15.77,31.72,27.73,1.54
1522,-0.91,-7.97,21.71,0.52
1523,-10.72,-6.09,24.79,0.45
1524,-0.56,-15.77,22.58,-7.77
1525,-2.29,5.08,27.57,3.56
1526,-24.99,9.86,26.43,-0.54
1527,-19.26,2.57,22.19,-5.11
1528,-24.7,35.36,25.11,-2.13
1529,-26.07,-26.91,19.53,-2.64
1530,-30.44,-25.96,21.15,-8.23
1531,-21.06,1.83,29.69,-4.4
1532,10.8,4.03,23.6,1.87
1533,3.3,28.57,21.28,-4.92
1534,-14.61,-15.68,23.51,-4.8
1535,-22.15,-1.22,25.97,0.93
1536,-2.69,-0.61,20.65,0.23
1537,14.96,18.25,22.48,-3.52
1538,-28.07,23.0,19.69,-1.59
1539,-30.62,3.2,30.68,1.42
1540,-19.05,20.01,21.75,-0.52
1541,10.38,-18.2,23.68,-3.35
1542,-27.88,-28.78,25.6,0.4
1543,-34.69,-23.44,25.63,-3.21
1544,1.72,15.93,21.11,-2.0
1545,0.0,3.27,23.77,-2.53
1546,-17.25,23.27,22.46,-0.92
1547,13.8,46.77,26.56,3.74
1548,-64.61,-42.54,23.11,2.89
1549,-0.11,33.25,25.1,3.33
1550,11.97,-15.04,15.64,-5.48
1551,-28.5,0.29,23.89,1.53
1552,-45.11,-2.15,25.58,1.1
1553,10.2,30.53,25.47,-0.15
1554,-6.42,-9.84,25.42,-0.59
1555,-75.47,-8.41,28.68,1.25
1556,32.95,4.39,21.17,1.95
1557,1.86,-0.78,26.86,-2.39
1558,-27.38,-3.64,29.07,-1.61
1559,-49.26,-17.26,26.68,3.36
1560,8.43,28.28,23.42,-3.31
1561,13.5,9.73,31.21,3.12
1562,1.34,45.42,28.93,1.04
1563,-1.42,47.0,23.88,0.3
1564,-33.9,-77.22,19.04,-6.66
1565,-35.81,-13.09,29.71,5.22
1566,-13.81,2.94,23.77,-1.75
1567,2.56,-4.14,24.32,-3.93
1568,-27.56,8.15,25.6,0.27
1569,-32.04,-2.29,28.21,0.1
1570,3.26,1.23,28.59,-4.59
1571,-20.36,27.54,27.84,1.35
1572,-39.64,4.81,26.34,3.14
1573,5.62,12.96,23.05,-5.69
1574,-6.55,15.48,26.29,-5.03
1575,-13.51,16.0,24.12,-0.42
1576,-8.77,8.26,26.68,-4.02
1577,6.39,3.06,19.47,-8.23
1578,-6.02,32.43,22.75,0.22
1579,-10.34,33.11,24.5,-0.69
1580,-34.94,-54.51,18.84,-4.49
1581,-12.66,-7.27,25.08,-1.65
1582,-21.79,7.03,23.77,-0.0
1583,-7.37,19.92,21.11,-1.56
1584,6.39,18.7,24.23,-2.4
1585,-12.69,17.87,29.29,-2.01
1586,-8.57,-23.33,26.66,-1.01
1587,-6.29,-19.48,23.5,-4.63
1588,-34.75,18.6,24.49,1.16
1589,-13.13,5.86,29.27,0.13
1590,-7.4,-0.91,30.1,-2.53
1591,-1.6,9.35,24.45,0.17
1592,-31.51,-16.15,30.03,3.03
1593,14.12,30.58,23.02,-3.35
1594,-12.91,15.91,21.27,-4.81
1595,-28.91,-23.81,25.44,0.59
1596,-12.26,4.67,30.81,0.3
1597,-4.41,10.4,27.87,-6.08
1598,-12.69,9.66,30.76,-0.31
1599,-42.42,10.21,31.67,-1.0
1600,6.93,4.55,24.29,-1.94
1601,6.34,32.3,25.65,-9.08
1602,-28.01,10.34,28.83,0.01
1603,-20.58,-6.68,32.04,0.69
1604,-11.63,2.1,25.78,-0.73
1605,-18.77,25.85,32.24,1.01
1606,-0.36,19.4,30.16,4.64
1607,-1.17,1.52,27.53,-1.58
1608,-59.66,-6.6,31.52,2.73
1609,-10.67,21.39,29.12,-0.71
1610,17.8,65.28,25.03,-2.26
1611,-23.83,-9.96,28.14,0.85
1612,-31.2,-8.76,26.61,4.18
1613,-33.59,12.19,29.55,3.36
1614,4.9,34.53,24.87,-0.21
1615,19.34,1.59,21.11,-3.29
1616,-8.69,3.01,27.84,-1.18
1617,-12.81,-4.05,24.45,-3.2
1618,-14.64,8.36,25.93,3.29
1619,-13.7,0.71,29.49,2.73
1620,-10.6,28.95,26.82,0.33
1621,-8.11,21.01,27.45,3.96
1622,-19.17,-16.83,27.78,0.53
1623,-22.12,16.0,25.83,0.11
1624,-48.3,-18.68,23.09,0.12
1625,0.66,10.71,23.43,-1.0
1626,-5.97,16.74,25.9,-0.11
1627,-34.58,-25.86,25.54,-3.61
1628,-32.26,7.53,24.03,0.89
1629,-13.45,11.93,22.05,4.71
1630,26.03,-9.67,18.45,-3.73
1631,-18.15,-6.46,25.67,-2.55
1632,4.42,15.37,29.34,4.37
1633,10.27,16.66,29.04,2.33
1634,-44.26,-9.28,22.85,-2.08
1635,24.5,84.14,23.85,1.57
1636,-47.54,-47.89,29.94,-1.23
1637,-17.77,-46.36,18.04,-7.93
1638,-26.2,4.31,26.05,-1.08
1639,-7.61,21.08,30.33,-1.15
1640,0.92,26.51,25.4,-0.85
1641,-30.0,-23.2,24.2,-3.59
1642,-20.38,17.2,29.38,-0.17
1643,-6.4,-4.74,27.49,-4.73
1644,11.36,1.34,21.28,-0.56
1645,-35.46,1.19,24.56,-0.78
1646,-51.84,24.38,20.7,-0.66
1647,17.34,19.33,26.45,-2.13
1648,7.96,17.14,21.81,1.2
1649,-19.59,-13.04,22.66,3.42
1650,-48.76,-8.57,21.14,-3.57
1651,13.79,21.07,21.86,3.3
1652,-15.13,0.96,27.01,2.83
1653,5.26,24.42,24.28,-3.46
1654,6.14,17.53,27.98,-0.96
1655,-21.45,0.36,25.83,1.85
1656,-2.24,3.26,34.26,0.34
1657,2.98,17.64,27.33,-5.49
1658,-29.96,-9.83,26.93,-3.34
1659,-23.91,-2.12,32.37,1.26
1660,15.06,29.72,29.73,-1.35
1661,-36.07,35.81,32.04,4.46
1662,-21.53,17.53,28.97,4.66
1663,-12.11,-45.97,26.22,0.91
1664,8.7,-15.48,24.23,-3.53
1665,1.85,5.59,29.28,2.14
1666,-57.72,-4.6,28.84,2.53
1667,7.33,29.45,28.26,-7.2
1668,-11.09,-11.77,24.75,1.83
1669,-20.36,5.49,28.53,2.4
1670,-15.06,9.75,26.33,-0.67
1671,8.21,19.92,26.74,1.31
1672,-31.55,-2.77,24.88,1.91
1673,17.83,4.79,19.39,-1.79
1674,-15.98,14.5,28.8,-0.54
1675,-10.04,37.54,25.68,3.82
1676,-22.99,0.65,26.87,3.66
1677,-45.03,-10.82,23.73,0.42
1678,11.57,26.72,15.98,-0.5
1679,-14.05,-25.05,20.73,-1.07
1680,0.94,-4.25,29.84,1.38
1681,-14.92,16.55,24.5,0.83
1682,-52.67,2.61,24.97,-0.96
1683,8.79,18.4,23.54,-2.43
1684,16.1,35.15,17.86,0.36
1685,-43.25,-16.72,25.52,2.81
1686,15.09,10.77,28.63,-0.87
1687,-17.33,25.7,22.45,-0.52
1688,-23.63,30.15,32.86,2.1
1689,-36.0,3.75,28.06,4.36
1690,-14.21,-29.2,21.78,-4.39
1691,-33.68,17.32,26.08,0.7
1692,-30.28,44.49,28.28,6.51
1693,31.13,32.21,28.75,2.48
1694,13.86,-17.09,26.41,2.03
1695,-37.66,-1.42,26.73,1.68
1696,-19.4,-11.97,31.21,2.76
1697,-2.62,-1.24,25.38,-1.82
1698,15.62,39.25,29.84,6.1
1699,-46.49,3.26,27.34,3.95
1700,-14.77,-11.88,29.99,-0.27
1701,-7.41,21.43,28.57,1.9
1702,-25.6,14.49,22.85,5.67
1703,9.39,12.16,30.76,6.44
1704,-18.32,-5.44,26.53,-3.97
1705,-49.99,-4.55,29.87,3.94
1706,-26.85,26.85,31.27,2.36
1707,-1.78,36.27,27.92,1.19
1708,-5.75,-0.43,26.66,3.03
1709,2.24,19.4,25.97,1.46
1710,-1.83,-5.4,26.99,-6.82
1711,23.29,19.65,25.79,0.69
1712,-43.58,-10.76,27.15,0.76
1713,8.34,41.17,27.67,3.36
1714,-34.74,-13.46,27.01,-5.94
1715,-28.45,-3.66,31.23,-0.55
1716,-13.88,10.16,33.25,-2.57
1717,9.55,23.36,27.47,-1.39
1718,-50.16,5.08,36.02,5.71
1719,-23.57,21.29,34.11,0.45
1720,10.44,12.96,30.66,-2.19
1721,-7.53,10.07,29.81,-2.54
1722,-34.75,9.24,34.74,1.69
1723,-13.95,-9.3,33.49,1.15
1724,15.1,44.7,29.9,-3.24
1725,-28.96,14.8,38.45,0.08
1726,2.44,-9.63,29.99,-0.97
1727,12.74,5.02,35.32,-1.86
1728,-19.24,10.07,33.5,4.08
1729,-19.09,9.95,36.38,3.2
1730,5.48,-9.09,28.35,-4.24
1731,-46.63,18.88,36.27,2.77
1732,-41.7,-4.01,34.65,6.99
1733,17.89,-1.34,31.08,-4.75
1734,-15.13,6.39,30.07,-3.72
1735,-10.86,7.3,35.15,0.52
1736,-37.12,17.82,34.14,5.32
1737,11.58,16.95,30.8,-1.52
1738,15.68,-1.88,32.81,1.71
1739,-32.93,14.89,31.73,7.35
1740,-3.38,-5.77,30.84,1.11
1741,-21.33,20.39,34.06,4.14
1742,-31.75,-14.67,31.82,1.12
1743,-1.54,9.05,28.78,-0.68
1744,-8.19,5.98,29.47,-0.45
1745,-34.48,6.28,33.62,-1.13
1746,-11.04,10.7,35.04,-2.29
1747,20.97,30.04,33.4,1.15
1748,-30.89,-21.99,35.61,2.24
1749,-37.23,-21.45,33.41,0.1
1750,10.51,8.73,32.39,-1.92
1751,-3.99,1.15,38.02,3.93
1752,-76.04,-0.95,33.91,4.15
1753,-5.67,10.54,32.25,0.75
1754,34.14,33.8,29.48,-2.74
1755,-20.77,-5.07,36.17,-0.56
1756,-9.73,21.17,32.43,-1.33
1757,-25.19,-14.83,31.18,-0.6
1758,-3.32,22.56,27.64,1.99
1759,-28.24,26.84,33.93,-0.76
1760,-15.85,-5.78,30.63,-3.73
1761,-7.06,18.86,24.48,-4.46
1762,-5.26,4.97,36.51,1.35
1763,-23.23,-5.69,30.86,-1.42
1764,-11.87,1.64,28.75,-1.79
1765,-27.32,14.15,26.91,3.15
1766,-16.88,24.3,24.48,3.37
1767,1.21,16.47,25.41,-8.42
1768,-38.49,-26.52,27.12,-0.48
1769,0.27,2.04,25.26,-2.66
1770,27.8,25.98,25.58,-2.68
1771,-23.54,21.87,29.92,7.49
1772,-47.97,-27.16,23.46,3.72
1773,-6.5,6.95,25.4,-2.73
1774,-46.49,-12.07,26.88,2.39
1775,27.1,33.28,27.19,4.95
1776,-7.12,-0.16,24.32,-1.36
1777,-9.9,4.99,26.2,-4.15
1778,-41.19,13.01,25.63,-1.34
1779,-21.16,24.76,23.07,1.83
1780,0.22,10.9,27.59,-1.78
1781,-21.14,7.73,26.34,2.67
1782,-26.25,-7.71,25.62,2.56
1783,-10.74,1.34,25.09,-3.79
1784,10.74,28.22,23.25,-0.5
1785,-16.64,26.59,24.62,2.49
1786,-12.88,28.25,25.08,0.75
1787,-3.25,14.16,28.29,-1.25
1788,-6.04,-14.45,29.5,-0.38
1789,-17.33,4.77,26.09,3.67
1790,-27.81,9.73,27.68,-1.69
1791,-46.32,18.67,28.79,-4.06
1792,15.31,-20.17,26.72,-5.96
1793,0.73,5.82,27.83,0.48
1794,-1.99,19.48,28.05,-1.89
1795,-2.36,29.25,29.6,-0.04
1796,-34.93,-2.74,26.99,-6.25
1797,25.29,16.58,22.25,-4.53
1798,-39.19,2.62,24.85,1.13
1799,-60.92,-15.07,33.33,-1.6
1800,17.07,19.6,27.51,-1.56
1801,-20.5,12.95,24.83,-3.49
1802,0.49,41.8,26.41,0.44
1803,25.95,35.86,33.46,-1.19
1804,-64.62,-41.74,28.66,-1.98
1805,-29.64,4.89,34.36,-1.01
1806,13.19,43.7,31.36,-0.06
1807,-2.16,-47.43,29.77,-4.63
1808,-4.67,-14.09,27.8,-3.85
1809,-20.19,8.94,32.59,0.64
1810,-51.51,-26.07,26.88,-2.2
1811,28.91,4.31,28.8,0.73
1812,-32.76,5.08,29.27,-1.35
1813,-3.15,2.26,33.37,-3.25
1814,-7.49,1.63,29.79,-2.22
1815,0.73,20.17,32.91,-1.53
1816,-22.3,13.65,29.42,-3.6
1817,-11.4,3.39,31.74,-5.16
1818,17.04,3.38,30.02,-1.91
1819,-33.05,52.13,28.75,2.41
1820,-29.06,-25.81,30.12,-0.26
1821,-34.91,-25.22,24.41,-4.15
1822,-23.42,21.92,27.63,0.76
1823,23.0,12.58,29.55,-3.21
1824,5.93,13.32,29.3,-3.38
1825,-24.49,-35.64,28.82,1.6
1826,-3.89,0.36,27.82,-4.8
1827,-20.24,1.45,27.97,-5.23
1828,-32.39,6.57,29.95,1.28
1829,-12.04,14.62,30.45,1.77
1830,9.09,17.41,26.44,-0.89
1831,15.43,21.17,26.37,4.39
1832,-14.02,18.29,28.51,-2.11
1833,-58.97,26.61,26.43,-3.36
1834,8.6,-26.01,28.37,-3.78
1835,-19.7,-4.01,30.12,-0.35
1836,-5.39,25.35,28.68,1.07
1837,9.72,9.19,21.51,-6.14
1838,-6.29,-20.17,26.29,1.58
1839,-34.02,-4.04,29.0,3.39
1840,-22.47,1.67,28.07,-4.15
1841,-1.01,22.73,28.93,3.03
1842,-16.45,19.52,27.9,1.54
1843,-4.7,0.57,24.54,-0.94
1844,-8.29,0.4,21.92,-0.65
1845,-10.65,40.64,26.15,1.54
1846,13.23,57.9,21.87,-0.07
1847,-44.42,-41.55,19.89,-9.3
1848,-35.01,-10.98,31.55,1.03
1849,4.55,11.76,27.58,3.33
1850,7.51,7.26,27.35,0.66
1851,-19.2,2.22,25.41,0.25
1852,-40.96,6.46,27.12,1.95
1853,23.57,25.83,24.51,2.96
1854,1.91,-4.34,21.73,-5.55
1855,-0.19,-2.04,21.9,-3.26
1856,-0.51,6.71,25.15,2.08
1857,-19.68,27.57,26.09,-0.04
1858,1.58,27.77,22.67,-1.82
1859,-14.76,-3.04,22.25,-5.12
1860,-24.05,-0.07,19.1,-6.09
1861,-29.32,-10.22,22.57,-4.67
1862,9.27,22.27,20.03,-0.08
1863,-28.46,31.31,22.78,0.71
1864,53.42,55.06,27.13,-0.92
1865,-69.07,-61.01,27.82,0.14
1866,-14.62,-8.13,29.12,-0.94
1867,-6.23,22.89,22.89,-1.79
1868,-0.92,24.94,24.46,-2.19
1869,-16.16,-2.36,23.27,-4.18
1870,-3.12,20.75,29.45,-1.29
1871,-44.86,23.19,27.81,0.93
1872,7.74,8.2,27.24,1.78
1873,22.17,-14.09,29.77,-5.32
1874,-13.51,-8.57,35.52,0.14
1875,-22.28,24.1,32.21,-2.23
1876,-11.28,-6.5,24.78,1.02
1877,-4.83,-2.76,29.12,-5.19
1878,-6.08,43.2,30.93,-3.07
1879,-4.36,39.85,29.63,2.77
1880,3.12,-5.79,25.4,-7.1
1881,-14.33,-35.97,30.75,-3.11
1882,-47.98,-4.8,29.73,0.83
1883,-17.13,0.86,27.16,-2.34
1884,6.32,14.14,24.75,-4.47
1885,-50.17,-2.44,25.54,-1.16
1886,-12.64,20.38,29.16,-3.04
1887,5.85,4.25,29.55,-4.91
1888,24.03,48.12,28.83,3.9
1889,-49.44,-10.85,19.54,-5.68
1890,-39.1,-32.27,23.14,-6.29
1891,12.69,3.44,31.65,1.13
1892,-12.6,6.63,30.35,-1.24
1893,14.52,2.36,21.39,-5.9
1894,-14.64,9.68,25.17,1.97
1895,-15.85,5.38,26.16,-1.86
1896,-6.95,0.75,23.56,-0.88
1897,-0.16,11.6,20.62,-3.81
1898,-14.02,1.42,19.24,-2.96
1899,-31.1,11.51,24.35,0.11
1900,2.63,33.04,25.74,1.31
1901,-15.1,2.7,23.77,-1.43
1902,-17.85,-19.21,27.71,5.23
1903,-5.75,4.66,25.01,-0.78
1904,-7.06,20.31,23.5,1.25
1905,-50.35,-7.29,24.6,-1.04
1906,-46.7,2.9,30.03,3.58
1907,-11.84,5.85,20.73,1.41
1908,28.91,-4.15,29.92,-4.27
1909,4.34,10.15,30.72,-1.78
1910,-12.98,-9.2,24.13,-3.91
1911,-23.22,6.83,27.62,-2.47
1912,-27.82,5.93,28.86,1.91
1913,-7.07,10.11,24.06,-1.19
1914,-16.55,9.35,25.77,-3.86
1915,-22.9,2.89,32.1,0.42
1916,-11.57,4.29,24.89,-1.27
1917,3.57,45.78,16.51,-4.34
1918,13.97,49.67,27.88,3.07
1919,-31.44,-27.31,26.36,3.82
1920,-6.67,7.82,23.8,-7.3
1921,-8.08,13.99,22.38,-3.7
1922,-0.78,50.31,26.25,0.39
1923,-39.36,12.76,22.26,-0.78
1924,-11.64,-1.77,20.81,-2.0
1925,-46.81,28.44,23.2,3.42
1926,16.46,-7.86,26.04,0.48
1927,-1.6,-1.62,21.38,-3.72
1928,-30.66,5.97,28.41,-2.16
1929,-12.74,14.25,24.39,-3.41
1930,5.01,13.62,20.95,-4.21
1931,-15.27,26.54,23.03,-2.49
1932,-36.55,19.71,27.84,2.51
1933,-3.6,15.89,26.69,1.49
1934,-9.46,-20.23,27.98,-0.55
1935,2.47,40.22,32.56,3.02
1936,-26.29,0.31,28.86,-0.45
1937,8.83,24.83,26.84,-3.52
1938,-13.71,21.77,29.02,-1.08
1939,-28.23,1.7,25.85,-0.49
1940,-10.36,2.45,28.45,-3.52
1941,-16.57,12.77,37.31,3.39
1942,-34.12,-16.43,31.57,-0.23
1943,-17.08,3.12,29.63,-2.18
1944,0.51,7.8,31.02,1.15
1945,-31.51,0.47,29.28,-0.45
1946,-10.54,1.45,27.9,-1.17
1947,-0.53,-16.52,29.72,-3.25
1948,-0.17,64.89,31.84,1.75
1949,-4.5,57.15,25.03,2.02
1950,-16.91,-67.22,31.52,-2.18
1951,-14.59,-22.76,30.63,2.06
1952,-27.02,0.75,29.41,2.8
1953,-6.2,11.58,23.88,-3.18
1954,-28.41,6.78,27.51,-5.76
1955,-6.18,-12.15,31.06,-0.04
1956,-50.84,8.73,30.75,-0.57
1957,15.25,-11.6,32.18,-3.98
1958,-30.75,9.12,33.3,1.37
1959,-1.19,12.9,26.95,-2.84
1960,0.59,23.53,31.48,-2.5
1961,1.99,-4.87,26.6,-3.75
1962,-30.78,-4.14,34.21,3.04
1963,-7.18,15.83,34.15,-2.6
1964,-2.52,21.64,26.71,-6.61
1965,-37.36,22.14,34.57,4.54
1966,0.74,-11.78,30.25,-0.97
1967,0.15,36.81,25.81,-6.81
1968,-40.7,-32.25,28.86,-5.23
1969,-15.62,-12.84,26.31,-2.09
1970,-10.46,7.61,25.3,-4.07
1971,-16.7,7.51,31.4,-0.63
1972,-22.78,16.1,30.02,0.58
1973,-11.82,-14.04,27.64,-3.78
1974,-19.3,-1.57,30.55,-3.39
1975,-48.06,29.3,29.4,4.7
1976,30.22,-1.6,29.46,-0.81
1977,28.15,10.81,25.55,-6.46
1978,-46.88,-6.84,27.06,-1.29
1979,-13.06,12.65,22.82,-0.74
1980,-39.46,-3.97,25.03,-3.19
1981,1.88,16.74,23.5,2.12
1982,-24.79,18.7,27.36,1.35
1983,-2.02,19.52,25.17,-3.58
1984,6.22,23.65,28.0,-2.98
1985,-26.92,6.17,30.51,-1.82
1986,-30.18,-13.92,28.03,0.33
1987,-11.06,-3.64,27.35,-4.03
1988,-35.2,-11.18,24.16,0.22
1989,-12.5,11.1,28.43,-0.42
1990,27.88,49.2,26.55,0.66
1991,4.42,14.13,26.18,0.29
1992,-19.54,-34.82,21.61,-0.89
1993,-29.08,-12.8,23.21,-7.58
1994,-42.95,1.1,23.58,-3.5
1995,-34.72,4.48,22.53,-5.45
1996,-2.63,33.96,27.87,-2.92
1997,-24.61,12.25,29.68,-2.8
1998,26.49,-22.79,26.7,-4.27
1999,-39.86,-5.31,28.5,-6.05
2000,7.14,16.24,28.97,-8.69
2001,6.53,27.73,29.65,-1.17
2002,-13.77,6.64,30.83,-0.17
2003,0.85,37.33,25.75,-5.14
2004,1.56,41.94,26.66,-0.5
2005,-33.96,-31.92,20.63,-4.63
2006,-69.57,-11.51,28.09,-1.2
2007,-1.79,0.23,23.86,-7.88
2008,20.26,42.2,21.71,-0.51
2009,-29.05,61.37,24.01,0.45
2010,-1.32,-14.89,19.97,-5.84
2011,-22.19,-14.8,25.37,-2.31
2012,-52.7,8.73,24.17,0.35
2013,2.22,16.64,22.23,-3.57
2014,-6.23,10.32,22.33,-5.21
2015,-18.23,37.01,25.05,0.4
2016,13.73,7.52,21.55,-5.52
2017,9.99,21.02,21.71,-4.05
2018,-48.28,25.66,26.43,1.42
2019,-41.37,-15.28,26.08,-2.67
2020,-18.61,-9.92,24.59,-3.45
2021,-7.9,9.94,28.01,1.24
2022,-30.25,-10.68,27.44,-0.72
2023,11.66,47.38,30.83,-0.88
2024,-32.35,-22.65,28.06,1.21
2025,17.13,39.38,34.72,0.15
2026,-18.29,35.58,30.13,-0.07
2027,-66.43,-43.03,28.51,-3.95
2028,-2.3,3.44,29.72,-1.49
2029,14.33,1.5,26.59,-3.88
2030,-1.03,26.03,28.99,-3.11
2031,-5.51,17.27,30.09,2.64
2032,-20.44,7.18,31.34,1.21
2033,-17.69,11.41,29.06,0.44
2034,-11.15,16.24,29.12,-1.27
2035,-33.15,19.48,30.68,3.95
2036,-3.23,22.21,29.49,0.72
2037,8.49,31.13,21.54,-4.38
2038,-31.05,0.1,33.75,3.38
2039,-7.93,-2.36,29.03,-0.9
2040,-34.44,-13.7,26.22,-4.44
2041,-9.88,14.99,32.09,1.04
2042,-17.62,-7.87,30.15,-3.22
2043,6.65,15.54,35.22,2.25
2044,-12.5,-4.34,29.27,0.12
2045,-41.56,-1.97,31.39,0.91
2046,6.25,12.92,29.14,-0.5
2047,15.67,46.28,29.34,-1.39
2048,-16.53,-39.62,30.93,-1.76
2049,-18.99,2.19,27.53,-1.33
2050,8.71,-1.97,30.39,2.54
2051,-34.21,3.81,29.68,2.14
2052,-17.88,15.0,30.35,4.55
2053,8.34,24.66,30.69,-0.48
2054,-9.5,26.76,28.47,-0.21
2055,3.18,25.62,32.4,3.55
2056,-32.0,-15.1,30.01,-0.91
2057,-31.72,-39.46,30.3,-4.29
2058,-61.45,-13.67,32.01,0.68
2059,25.91,18.0,29.25,-0.83
2060,-3.62,-1.74,30.8,-2.77
2061,1.08,25.85,27.24,-4.41
2062,-20.05,15.12,28.12,-0.36
2063,7.26,3.38,26.85,-4.25
2064,-18.76,12.16,28.07,-2.34
2065,-28.16,10.83,29.92,-0.89
2066,-3.39,7.51,23.92,-1.12
2067,7.33,22.62,29.65,-1.52
2068,-26.33,43.63,30.57,0.78
2069,-14.31,-3.91,29.32,-3.84
2070,-1.6,-1.87,27.26,-4.04
2071,-4.63,25.67,26.59,-4.91
2072,-51.57,-0.34,30.29,-4.33
2073,-15.84,-17.7,26.78,-3.08
2074,-2.34,-21.1,25.34,-2.14
2075,-7.56,0.51,29.79,-2.14
2076,-37.98,3.66,28.83,-7.29
2077,-5.19,14.17,27.7,-3.7
2078,-32.0,-10.6,22.88,-8.21
2079,1.93,8.3,29.48,-5.42
2080,-0.62,10.33,23.65,-6.43
2081,-19.28,13.66,26.11,-4.56
2082,15.83,41.76,33.06,-4.69
2083,-17.04,-9.91,23.73,-7.42
2084,-20.89,-5.64,27.69,-4.56
2085,-7.26,32.73,25.49,2.07
2086,17.09,82.86,28.11,0.41
2087,-46.24,-67.97,22.81,-6.63
2088,-32.56,-14.54,28.49,-4.51
2089,-25.26,-3.38,30.52,-5.31
2090,3.48,13.27,24.04,-5.77
2091,6.9,5.82,23.37,-4.29
2092,-34.72,6.89,24.12,-5.5
2093,-0.17,10.74,28.45,-7.71
2094,8.16,39.54,28.33,-6.19
2095,-23.23,-4.56,29.15,-5.63
2096,-22.14,-10.56,26.74,-5.77
2097,2.84,9.95,25.68,-4.33
2098,-9.55,3.48,33.65,-2.14
2099,-9.02,10.92,27.77,-3.96
2100,24.46,39.89,25.78,-3.65
2101,-1.21,30.94,24.16,-2.86
2102,-77.13,-36.25,27.55,-4.77
2103,-7.23,-10.51,27.7,-2.7
2104,8.44,12.13,27.44,-4.44
2105,-11.85,42.64,31.83,3.42
2106,-1.65,29.78,26.64,-1.62
2107,-12.04,-13.17,23.52,-0.48
2108,-21.73,0.5,28.95,-1.27
2109,-2.8,23.93,25.69,-1.71
2110,-0.64,10.22,25.34,-9.9
2111,-22.33,19.51,25.69,-1.9
2112,-19.21,30.2,23.65,-3.93
2113,34.39,37.95,26.05,-6.95
2114,-27.98,-35.94,23.41,-5.96
2115,-10.57,26.04,28.08,4.18
2116,-11.91,3.69,27.79,0.39
2117,-22.22,-7.86,29.22,-6.02
2118,-51.79,7.49,28.0,-0.42
2119,6.67,4.83,26.8,2.14
2120,11.51,23.9,29.98,-5.13
2121,-5.36,41.98,30.4,2.73
2122,-10.58,-5.48,26.68,-0.22
2123,-13.08,5.9,25.71,-3.49
2124,0.07,11.36,29.55,-4.45
2125,-24.81,34.49,28.64,1.14
2126,28.38,61.88,28.48,2.97
2127,-39.58,-47.55,29.46,-4.23
2128,-31.0,2.03,26.79,-3.93
2129,-26.16,14.4,29.54,-0.24
2130,6.32,8.3,27.3,-5.01
2131,-11.53,10.65,26.34,-0.35
2132,-25.07,5.93,33.0,1.6
2133,-43.35,34.74,27.02,-3.08
2134,5.08,6.96,27.02,0.95
2135,-19.99,-10.49,26.03,-1.91
2136,13.37,8.83,27.2,1.56
2137,31.02,15.67,26.0,-1.01
2138,-38.95,7.02,28.27,1.89
2139,-6.47,18.42,26.4,-0.06
2140,34.29,63.64,25.48,-1.19
2141,-36.22,-31.33,26.89,1.1
2142,-42.91,-0.13,25.1,0.74
2143,-46.62,-10.56,22.67,-3.53
2144,-4.54,-10.03,20.46,-0.65
2145,12.41,21.33,29.76,-2.78
2146,-7.78,19.57,26.88,-3.59
2147,-19.39,6.08,26.41,-6.19
2148,-26.8,5.57,27.13,-2.35
2149,7.14,10.61,31.42,-2.69
2150,-11.73,13.76,18.97,-9.99
2151,-30.4,43.66,27.53,0.67
2152,33.17,74.4,25.41,0.77
2153,-1.6,-46.17,28.51,-8.85
2154,-8.55,11.2,29.09,-2.22
2155,-45.57,-18.4,28.94,-3.72
2156,-8.83,10.23,27.32,2.57
2157,-1.47,13.65,29.26,-3.53
2158,8.71,34.2,30.11,0.33
2159,-20.72,-0.92,27.32,-2.44
2160,-10.86,16.87,24.61,-5.77
2161,-36.59,13.27,30.52,1.5
2162,-54.79,8.22,28.9,1.73
2163,30.65,2.55,25.03,-6.49
2164,26.47,25.34,26.56,0.12
2165,3.02,70.12,25.72,0.94
2166,-28.01,16.87,26.43,-0.64
2167,-21.64,-44.1,14.64,-6.16
2168,-22.45,1.86,24.43,-0.05
2169,5.17,22.5,27.49,1.36
2170,-0.46,37.9,26.96,-1.25
2171,-16.01,-32.35,26.68,-3.78
2172,-16.15,12.61,30.31,1.12
2173,12.47,53.6,27.51,-4.16
2174,-43.31,2.23,25.23,-4.84
2175,-22.51,17.14,27.08,-2.85
2176,21.89,-5.89,23.93,-4.98
2177,-7.34,-9.76,24.28,-1.81
2178,-29.19,16.26,26.03,4.1
2179,1.13,-3.75,26.93,-5.84
2180,-1.74,-17.43,23.27,-5.4
2181,-21.45,7.12,30.97,0.11
2182,-21.2,10.22,26.42,2.99
2183,4.59,12.61,23.73,2.64
2184,-25.36,13.35,26.95,0.45
2185,-17.43,1.16,25.74,2.52
2186,4.75,15.45,27.71,3.67
2187,24.95,20.98,26.21,-1.1
2188,-12.75,48.07,29.02,4.77
2189,-50.81,-12.33,28.36,1.35
2190,15.29,38.04,25.97,0.71
2191,-38.56,-14.7,30.8,3.55
2192,-33.43,7.84,27.23,4.15
2193,-8.37,-14.56,27.35,4.31
2194,4.77,21.77,25.7,1.5
2195,6.43,13.69,26.07,-0.23
2196,-22.4,-2.32,26.52,-0.34
2197,-31.85,21.38,28.2,1.71
2198,-43.92,-14.09,25.05,-0.45
2199,4.66,-6.6,29.27,-0.76
2200,-1.44,5.1,26.09,2.61
2201,-6.51,17.47,28.88,1.39
2202,-24.4,23.99,32.31,2.76
2203,-0.71,10.89,29.07,0.51
2204,0.65,10.45,28.45,2.65
2205,-70.27,-22.11,32.55,2.8
2206,-11.92,-4.17,25.5,0.21
2207,17.83,34.75,28.23,3.62
2208,-9.58,9.53,26.88,2.72
2209,2.49,36.53,26.71,5.85
2210,-2.69,0.67,26.24,-3.27
2211,0.63,11.09,30.93,2.52
2212,-31.52,11.26,26.54,0.91
2213,-19.88,9.44,29.17,-6.72
2214,-2.73,2.75,26.57,1.69
2215,-16.65,12.65,31.01,1.74
2216,-34.75,-8.2,30.76,-1.7
2217,-31.86,17.75,27.83,3.08
2218,8.65,28.78,34.59,-0.09
2219,-7.53,21.49,32.69,2.09
2220,-20.87,-13.38,24.76,-5.58
2221,-34.47,3.22,31.65,4.56
2222,-2.18,21.84,26.64,-0.17
2223,9.44,23.95,25.22,-2.1
2224,10.58,41.48,21.36,0.74
2225,-28.45,6.61,29.41,1.68
2226,-9.02,30.48,28.92,2.28
2227,18.82,18.0,22.91,1.04
2228,-46.81,-24.63,26.11,2.44
2229,-21.51,2.03,23.19,3.84
2230,0.28,4.24,26.63,-0.01
2231,-47.32,43.89,20.24,7.11
2232,17.21,47.49,24.12,4.78
2233,-27.06,-34.02,22.65,-0.91
2234,1.32,19.33,21.62,0.13
2235,-56.32,10.25,30.08,7.47
2236,-32.38,33.35,23.05,2.59
2237,32.66,46.85,27.97,1.5
2238,-21.47,27.46,25.09,-0.91
2239,-18.72,-14.22,25.62,-1.48
2240,1.38,18.51,21.2,-2.07
2241,-8.96,25.28,24.33,2.64
2242,-27.29,10.58,31.04,4.22
2243,8.12,42.44,30.49,0.16
2244,-28.62,5.45,24.98,-0.88
2245,-24.53,-6.85,24.75,5.13
2246,-32.26,43.41,24.87,3.07
2247,20.85,26.8,23.31,-2.23
2248,-43.64,-26.14,25.73,0.53
2249,-13.91,10.63,19.52,-4.77
2250,-7.12,19.82,24.99,-2.01
2251,-48.5,31.02,28.87,8.4
2252,-20.62,16.73,29.08,0.68
2253,4.61,-13.46,22.47,-4.27
2254,0.46,29.94,22.42,-0.21
2255,18.08,23.89,30.86,2.25
2256,-42.81,-10.07,32.42,-3.65
2257,-6.36,9.69,24.12,-4.64
2258,-20.72,22.03,31.58,2.25
2259,-30.82,-3.95,30.21,0.84
2260,2.34,6.9,26.53,-0.4
2261,-17.93,6.87,30.87,2.43
2262,-46.03,3.12,32.07,2.6
2263,-5.25,13.8,28.06,0.93
2264,-44.3,6.11,22.2,-0.09
2265,20.72,21.56,28.88,1.8
2266,-3.93,25.28,26.29,4.95
2267,-25.13,-9.3,21.36,-1.29
2268,-25.87,18.78,30.31,5.38
2269,-29.27,29.68,29.35,-0.38
2270,-1.85,-1.05,22.73,-3.86
2271,-17.7,-12.94,29.48,0.93
2272,0.19,-3.94,26.02,5.58
2273,15.86,30.31,24.46,-4.73
2274,8.0,-9.27,25.02,-0.78
2275,-56.85,-18.92,36.51,2.71
2276,-30.64,-11.16,26.56,-2.31
2277,2.16,6.96,25.31,-0.46
2278,-16.82,19.35,24.53,0.05
2279,-38.21,4.5,29.84,2.63
2280,23.97,27.18,27.42,-2.51
2281,-50.08,27.02,31.39,4.13
2282,-83.31,-30.12,30.86,-2.14
2283,20.48,14.28,28.01,0.06
2284,21.73,11.39,27.22,1.55
2285,-3.82,28.28,27.35,1.43
2286,-16.92,4.08,25.09,0.08
2287,-5.29,9.31,37.8,1.83
2288,-15.52,9.22,30.11,1.05
2289,6.8,21.25,30.37,0.62
2290,-20.88,8.64,29.2,-2.78
2291,-45.12,-18.91,34.04,7.46
2292,-2.67,-2.72,32.9,-1.5
2293,22.88,37.64,29.85,-0.9
2294,-11.47,45.04,30.56,0.89
2295,-30.62,36.66,29.22,1.98
2296,-51.31,-38.71,26.46,-5.41
2297,-38.49,-10.12,30.15,-2.84
2298,-17.89,10.51,32.23,0.51
2299,-27.96,15.96,26.83,-3.78
2300,28.83,37.91,32.93,0.09
2301,-16.85,-7.89,28.68,-0.6
2302,-16.32,5.19,29.03,-1.24
2303,22.64,26.71,30.52,-1.21
2304,8.89,45.94,25.06,-0.71
2305,-49.34,-12.32,26.17,2.7
2306,-11.99,-6.92,29.46,-4.07
2307,5.79,27.56,34.4,-0.24
2308,-21.02,23.59,30.63,1.67
2309,-3.86,8.18,32.63,-1.9
2310,-25.16,-22.68,29.07,-4.08
2311,-15.41,11.21,25.12,-4.01
2312,-46.63,4.16,32.23,0.86
2313,-21.32,14.32,27.77,1.21
2314,-49.38,3.31,27.59,-2.75
2315,-20.51,4.57,29.89,0.45
2316,45.57,9.42,31.36,-1.63
2317,14.78,23.12,29.09,2.49
2318,-15.99,-15.04,28.91,5.39
2319,-15.38,31.79,28.66,0.83
2320,-9.46,20.48,32.71,0.14
2321,3.36,30.87,30.67,-1.05
2322,-3.76,72.48,28.29,2.59
2323,-42.21,-66.9,26.88,0.48
2324,-0.16,1.26,25.99,-3.66
2325,-54.38,-14.89,24.51,4.61
2326,-27.98,-2.93,29.98,0.39
2327,-27.28,2.84,26.85,-5.57
2328,15.23,13.87,29.8,-1.22
2329,-48.16,1.87,29.21,-4.28
2330,14.62,17.91,33.67,-2.06
2331,-3.55,16.83,28.47,-3.28
2332,-7.03,21.35,32.66,-0.22
2333,-14.18,17.13,25.66,-4.22
2334,-23.44,9.82,29.69,-4.12
2335,-11.26,43.03,29.4,-0.29
2336,5.23,17.27,23.52,-7.93
2337,-10.04,-2.49,22.76,-9.43
2338,-42.29,9.65,30.21,5.22
2339,-27.86,23.34,26.09,0.48
2340,7.32,57.69,26.93,-1.87
2341,-74.37,-22.29,29.03,1.61
2342,-0.18,1.01,26.34,-1.82
2343,11.96,1.28,23.88,-3.38
2344,-20.58,7.66,26.41,-2.96
2345,-29.14,10.58,31.05,4.89
2346,-9.93,20.69,27.79,0.9
2347,0.26,24.57,28.11,3.49
2348,13.14,37.73,31.82,1.48
2349,-36.1,-0.86,26.32,4.1
2350,-0.68,-6.88,27.12,-2.37
2351,-20.47,6.64,25.01,1.51
2352,-25.59,12.32,24.75,-5.4
2353,7.09,29.92,23.76,-4.21
2354,-14.34,20.0,29.48,1.7
2355,-34.57,15.11,29.5,1.35
2356,-24.51,-29.38,23.09,0.61
2357,-39.63,-1.37,26.8,-0.5
2358,-4.08,30.84,25.91,-0.29
2359,25.5,35.18,24.12,-2.37
2360,-23.06,-7.89,23.65,-0.62
2361,2.33,18.93,25.65,1.83
2362,-22.56,3.38,28.84,1.84
2363,15.49,40.89,24.66,-4.16
2364,-11.83,12.63,22.38,1.05
2365,-9.67,-3.71,22.94,-0.39
2366,-30.88,-1.72,28.95,0.94
2367,9.49,21.7,34.14,-1.04
2368,-24.39,16.65,24.82,1.74
2369,-21.06,13.55,26.68,1.52
2370,-15.73,-15.46,28.57,-2.03
2371,-32.71,-3.33,26.27,-3.35
2372,-46.29,1.01,31.77,1.09
2373,8.17,12.78,33.66,-3.48
2374,21.17,55.66,29.78,0.77
2375,-12.4,21.32,28.97,-2.49
2376,-9.47,-12.02,27.82,-8.05
2377,-0.54,-5.64,29.46,-5.81
2378,-23.02,13.59,31.12,1.66
2379,-22.17,9.16,33.88,-1.97
2380,2.14,25.3,28.62,-1.65
2381,4.66,38.67,28.37,2.25
2382,-3.86,-5.03,28.12,-4.5
2383,-16.24,-11.47,24.69,-2.38
2384,-56.24,18.04,23.48,2.19
2385,-40.99,26.56,29.95,-2.57
2386,15.29,-9.35,31.03,-2.74
2387,-13.36,-0.85,25.01,-4.53
2388,-18.17,30.58,31.44,0.02
2389,-5.78,24.68,34.51,0.68
2390,6.51,7.23,26.74,-6.22
2391,7.03,24.25,33.52,2.17
2392,-23.91,-0.55,32.22,3.6
2393,-2.01,16.45,29.42,-0.67
2394,-21.74,8.53,30.01,1.11
2395,-14.35,-3.67,30.98,0.01
2396,1.31,5.08,30.59,-1.45
2397,-31.25,12.63,29.69,-3.81
2398,-5.65,37.11,29.93,-1.08
2399,-81.02,-13.49,31.33,-1.18
2400,39.04,-0.96,32.51,-0.7
2401,8.62,26.87,31.17,5.2
2402,-28.63,28.8,34.12,2.66
2403,6.11,26.99,33.48,-0.16
2404,-31.56,3.09,31.58,2.71
2405,-14.49,-0.06,32.34,-0.38
2406,15.31,40.28,35.74,1.9
2407,-8.56,6.43,29.56,-3.35
2408,4.07,23.86,27.74,-0.39
2409,-35.68,-10.66,32.36,0.42
2410,-8.57,-26.85,26.39,-6.58
2411,-19.35,12.91,31.41,2.16
2412,-52.03,-13.35,27.13,0.03
2413,-7.88,0.24,30.85,1.14
2414,12.51,12.23,28.49,-1.54
2415,-11.86,25.07,33.8,-1.93
2416,-6.23,18.0,32.12,1.38
2417,-6.93,7.61,28.83,-2.57
2418,-20.31,11.05,33.67,0.57
2419,-16.08,12.1,24.04,-3.71
2420,-16.77,3.14,29.57,-2.7
2421,14.36,65.59,34.18,-0.65
2422,-39.85,7.89,33.67,-2.01
2423,6.71,-11.17,29.14,-3.71
2424,-13.31,-18.33,27.05,-3.71
2425,-11.4,20.23,29.0,3.28
2426,-15.32,8.44,26.5,-2.54
2427,-3.7,-13.58,26.63,-7.7
2428,-43.1,15.58,28.27,-0.6
2429,-52.1,25.14,25.34,-2.71
2430,11.35,8.19,25.73,-1.73
2431,16.26,0.71,29.22,-2.62
2432,-32.03,12.06,21.97,-2.47
2433,0.36,2.11,19.08,-7.03
2434,-34.23,8.11,24.31,-3.99
2435,-20.02,16.94,27.46,0.35
2436,-1.11,22.88,24.92,-7.8
2437,-12.88,12.31,23.41,0.59
2438,-24.82,17.71,22.8,0.23
2439,-18.12,5.77,28.79,0.45
2440,1.85,-35.58,21.47,-4.25
2441,-7.23,1.74,26.81,-0.14
2442,-29.32,12.56,24.48,-1.61
2443,-25.19,7.71,25.7,-4.57
2444,-3.62,-0.67,26.47,-3.13
2445,-29.66,0.83,30.88,0.12
2446,-33.94,-7.2,32.93,-1.88
2447,4.89,4.7,31.23,-0.44
2448,9.41,24.78,29.09,-2.65
2449,13.74,29.87,24.43,1.94
2450,-23.4,7.83,25.97,-2.4
2451,-52.42,13.98,25.47,-0.08
2452,-49.17,15.73,27.23,2.26
2453,35.91,20.89,23.55,-3.01
2454,6.44,27.26,27.88,-1.93
2455,5.97,44.39,24.87,0.74
2456,-26.91,-24.06,22.77,-7.32
2457,-35.7,-22.54,29.05,-6.3
2458,-9.44,24.44,29.5,2.18
2459,-16.7,17.13,25.05,-4.82
2460,1.75,0.03,24.69,-4.83
2461,-30.3,2.8,26.7,-1.48
2462,-25.05,-8.74,26.11,-2.64
2463,15.81,-2.28,31.47,-6.21
2464,-2.33,9.27,29.31,-4.2
2465,-30.41,8.59,25.06,0.94
2466,-8.67,14.68,30.4,-3.29
2467,-8.66,-3.02,23.1,-4.58
2468,-5.0,3.61,29.3,-3.11
2469,-33.85,17.46,28.86,-1.22
2470,10.78,22.93,28.49,-4.68
2471,-14.91,-3.57,29.21,-2.43
2472,-37.94,7.3,30.16,-0.44
2473,-19.61,-5.05,28.84,-2.9
2474,-7.79,16.39,25.23,-3.58
2475,-16.84,15.82,27.54,-1.98
2476,-16.62,-14.76,25.85,-0.9
2477,-6.95,-10.42,27.6,-3.27
2478,-15.54,17.03,28.25,1.54
2479,-48.39,13.93,27.49,0.55
2480,8.1,-8.53,26.33,-8.28
2481,3.61,5.07,22.02,-2.91
2482,-11.4,21.85,27.46,2.14
2483,-11.81,2.88,25.31,-2.03
2484,-4.44,-5.18,24.91,-0.74
2485,-25.85,9.86,27.53,-0.16
2486,-16.59,-18.39,29.86,-1.6
2487,-15.99,12.84,25.55,-2.66
2488,-43.93,19.52,26.07,-3.26
2489,15.11,18.31,28.29,-2.96
2490,-7.22,-6.3,27.61,-8.11
2491,-34.26,-6.02,29.36,-2.61
2492,-19.97,6.37,30.33,0.8
2493,7.64,23.34,26.51,-0.99
2494,-17.24,4.47,25.93,-2.66
2495,-29.3,-4.5,32.52,0.11
2496,0.04,19.17,30.9,-3.34
2497,-13.37,-2.34,30.77,-1.59
2498,-18.83,20.5,28.56,2.49
2499,-3.61,38.84,27.72,2.21
2500,-3.7,24.3,27.97,-0.19
2501,-37.46,-21.53,32.59,-1.06
2502,-21.55,-4.21,32.67,0.18
2503,-5.19,24.0,24.88,1.99
2504,21.88,63.4,27.68,0.78
2505,-22.83,-33.84,27.72,1.71
2506,-77.99,-26.89,23.66,0.25
2507,4.63,-1.74,24.48,1.74
2508,-13.52,11.3,30.46,7.55
2509,0.92,9.79,24.77,-0.8
2510,-1.44,26.82,29.26,-0.87
2511,-14.04,16.02,24.62,1.35
2512,-25.66,3.35,21.85,-5.09
2513,-15.85,3.68,25.24,-1.06
2514,-13.03,3.49,23.9,-1.83
2515,-10.41,15.39,28.5,-0.31
2516,-23.44,27.61,22.98,1.51
2517,7.46,38.76,24.0,0.28
2518,-21.64,-8.49,30.56,-2.75
2519,-13.43,-4.4,31.53,0.42
2520,35.3,42.46,24.08,-2.17
2521,-57.15,10.79,33.1,-1.52
2522,-29.72,5.0,28.42,0.93
2523,16.12,4.39,22.52,-5.35
2524,-5.22,19.46,28.1,-3.23
2525,-6.3,26.14,23.69,0.61
2526,-9.4,-24.95,26.57,1.29
2527,-25.64,-8.36,22.72,-2.55
2528,-15.56,14.94,23.08,3.78
2529,2.49,19.67,26.18,-1.06
2530,-16.73,13.86,20.65,-5.42
2531,-10.07,31.92,27.08,-1.04
2532,-37.4,16.61,29.85,3.9
2533,-11.72,-10.47,24.76,-4.57
2534,4.47,19.87,27.59,-0.5
2535,-22.93,20.23,26.63,2.75
2536,10.5,31.13,28.36,-1.78
2537,-6.08,5.97,26.48,-0.04
2538,-24.11,-4.81,29.79,0.16
2539,-35.1,6.65,30.5,-2.45
2540,15.4,9.8,30.92,-3.78
2541,-6.53,9.08,29.6,1.37
2542,-8.77,1.78,29.16,2.34
2543,3.01,23.95,24.78,-6.17
2544,-37.2,-16.08,24.84,-1.82
2545,-46.88,-12.81,26.91,3.52
2546,-3.26,9.07,24.96,0.67
2547,26.18,14.36,23.57,-3.3
2548,-36.63,7.2,27.24,2.16
2549,-34.09,0.09,22.24,-6.14
2550,12.11,35.89,24.26,-3.63
2551,-24.85,1.51,29.37,-2.13
2552,-23.69,-26.09,26.32,0.99
2553,10.82,8.71,28.36,-1.7
2554,-4.86,20.42,25.06,1.95
2555,-19.8,21.25,30.54,-1.4
2556,6.32,-8.82,21.05,-4.48
2557,-28.33,1.81,24.93,-3.94
2558,-66.84,5.48,25.31,7.2
2559,23.08,21.37,30.91,-0.65
2560,12.79,23.07,23.65,-2.12
2561,-2.28,52.99,29.72,3.17
2562,-56.67,-49.84,27.8,-2.34
2563,-18.27,-38.09,25.82,-4.73
2564,2.11,0.53,24.59,-4.79
2565,-23.6,5.34,23.96,-2.82
2566,10.02,27.58,29.65,3.8
2567,-29.17,8.54,24.88,-0.31
2568,-60.09,-8.64,28.83,-3.86
2569,14.45,41.8,31.93,-0.73
2570,12.7,18.26,25.02,-2.47
2571,-16.71,-17.04,21.12,-3.46
2572,-44.98,3.4,21.39,0.16
2573,2.56,5.94,25.16,-2.98
2574,8.42,49.0,26.84,1.14
2575,-13.84,16.64,22.45,2.11
2576,-0.76,-12.0,26.78,-1.77
2577,-7.33,21.49,23.33,-2.26
2578,-32.86,4.06,29.97,1.24
2579,-3.26,19.43,27.45,-4.36
2580,-38.95,-36.95,21.57,-4.88
2581,-26.14,-0.82,27.33,-1.01
2582,-2.65,5.04,28.11,-2.88
2583,12.54,14.74,28.07,-5.4
2584,-49.95,19.03,31.47,-1.26
2585,-24.12,12.21,31.19,3.3
2586,25.1,31.6,27.76,-3.41
2587,13.79,27.38,29.1,-1.87
2588,-31.85,-3.67,30.25,-0.67
2589,-29.94,8.14,30.73,0.64
2590,-24.76,10.29,28.78,-2.86
2591,-6.23,55.19,27.56,-3.21
2592,-9.45,-28.98,28.16,-1.97
2593,14.42,3.84,30.16,-2.74
2594,-38.55,8.9,27.52,-2.09
2595,-10.71,31.9,28.63,1.57
2596,-24.83,6.04,34.26,-4.11
2597,5.73,34.41,32.16,-0.12
2598,-46.05,-22.73,30.47,0.94
2599,-26.26,-13.89,30.59,-0.91
2600,-23.44,6.48,30.68,1.04
2601,-6.43,3.39,29.32,-2.72
2602,29.69,40.84,28.87,-0.75
2603,15.57,28.21,26.97,-4.73
2604,-60.64,-26.06,32.7,-0.22
2605,-52.7,13.92,28.29,3.55
2606,22.69,8.59,30.31,-0.82
2607,10.17,16.31,29.93,-3.81
2608,-32.94,13.01,31.44,1.41
2609,-49.25,-12.12,25.15,-1.85
2610,6.96,10.63,30.38,-0.4
2611,-15.19,12.42,27.98,0.85
2612,-31.66,6.94,33.15,-0.36
2613,-9.68,52.36,25.15,-3.03
2614,-18.6,29.77,27.69,-0.31
2615,-64.83,-28.55,27.39,-0.99
2616,27.09,20.85,26.36,-2.93
2617,-19.81,-18.85,29.93,-1.25
2618,-24.15,-3.6,27.26,1.86
2619,-17.52,23.48,25.16,0.26
2620,34.49,60.26,20.26,-2.84
2621,-39.52,-32.37,24.12,-4.24
2622,-15.24,-6.86,23.34,3.28
2623,19.92,11.7,15.32,-0.98
2624,-18.08,19.59,23.6,1.73
2625,-34.91,4.33,23.57,0.99
2626,-1.4,20.63,20.2,-0.29
2627,-3.52,27.1,21.54,-1.43
2628,-26.49,38.48,25.38,0.61
2629,-14.17,3.59,23.04,-1.37
2630,-3.17,13.29,26.14,-2.56
2631,-34.71,2.07,23.34,2.49
2632,-55.21,-27.96,27.44,-1.91
2633,15.96,26.23,24.21,-3.39
2634,-13.29,12.84,28.76,-0.72
2635,-22.39,0.7,29.44,-0.91
2636,-3.81,27.45,24.65,-4.25
2637,-38.11,36.07,29.56,0.06
2638,4.37,4.91,32.73,-1.27
2639,1.16,10.61,30.67,-2.03
2640,11.16,21.79,28.16,-7.29
2641,-35.48,-6.81,30.16,2.11
2642,-16.48,-2.25,27.79,-3.61
2643,-2.09,10.9,30.68,-1.19
2644,9.77,24.82,30.5,2.15
2645,13.24,39.7,24.0,-2.64
2646,-60.86,-22.22,23.96,-5.92
2647,-16.5,-0.49,29.48,-4.34
2648,-36.5,5.88,28.43,3.11
2649,4.94,39.23,30.49,1.94
2650,-13.71,8.74,30.51,-0.96
2651,-38.26,10.15,33.0,2.62
2652,15.41,16.65,29.37,-1.4
2653,-11.81,-8.22,25.01,-9.13
2654,-1.17,39.46,30.26,-0.93
2655,-9.58,12.78,30.68,-0.13
2656,-12.57,-8.39,29.33,-4.49
2657,-17.53,1.04,32.6,-1.74
2658,-11.42,14.29,35.06,1.27
2659,19.92,33.38,28.44,0.61
2660,-16.35,-20.99,22.99,-5.55
2661,-38.54,-1.53,30.18,-0.05
2662,-21.33,10.23,25.67,-2.19
2663,-11.72,6.8,29.69,-1.34
2664,-3.04,6.62,27.15,2.88
2665,-18.24,15.72,30.08,2.01
2666,-46.76,3.8,29.81,-0.8
2667,3.01,9.67,26.47,0.46
2668,5.68,21.02,29.5,1.08
2669,-14.42,25.59,29.06,-1.65
2670,49.73,22.88,30.09,4.3
2671,-5.92,5.96,25.4,-0.98
2672,-60.56,-29.43,25.3,-2.75
2673,-12.65,-7.52,30.16,-0.87
2674,-17.37,0.6,31.01,2.86
2675,1.68,26.95,29.21,5.08
2676,-1.74,13.04,21.79,-5.04
2677,-29.63,-6.25,26.53,2.39
2678,-10.59,9.18,32.29,-0.47
2679,22.32,29.12,28.27,2.14
2680,-41.4,30.41,30.93,3.22
2681,-34.93,-22.22,27.48,-1.2
2682,-6.8,20.56,24.67,-4.55
2683,-8.06,31.8,29.25,1.04
2684,32.46,30.9,30.14,-2.32
2685,-7.99,8.95,28.87,2.12
2686,-30.96,-10.52,28.16,-3.78
2687,-15.56,9.98,30.88,1.23
2688,-18.62,2.12,27.63,-3.46
2689,-54.88,-28.29,31.45,-5.67
2690,1.09,0.91,30.83,-2.22
2691,-7.66,24.95,32.45,1.83
2692,-9.38,13.99,25.16,-2.58
2693,-17.31,14.67,25.87,-5.43
2694,-19.15,-6.01,26.81,-5.39
2695,-54.8,13.68,24.92,1.29
2696,42.26,23.54,26.69,-6.89
2697,5.21,11.43,26.32,-4.61
2698,-5.95,37.26,31.13,-1.1
2699,-42.19,38.29,31.45,-3.54
2700,13.72,29.69,33.64,-5.7
2701,-33.61,-50.62,23.11,-1.64
2702,2.12,3.64,30.8,-2.86
2703,-23.72,-6.49,32.89,-2.56
2704,-21.77,8.19,26.14,-3.1
2705,-26.23,13.69,34.38,-5.27
2706,-0.91,15.96,25.2,-3.27
2707,-8.09,30.53,31.64,-4.79
2708,-30.82,26.61,31.32,-4.2
2709,10.83,-0.7,30.83,-2.6
2710,-26.39,2.55,25.9,-3.88
2711,6.78,18.62,27.56,-4.88
2712,9.79,31.09,30.84,-2.31
2713,-15.7,-0.76,31.85,-10.3
2714,4.84,8.06,28.16,-5.6
2715,-26.63,14.52,33.19,-1.64
2716,-14.33,36.33,37.3,-2.02
2717,5.89,23.87,26.27,-3.99
2718,-34.72,-18.35,32.6,-1.91
2719,-20.92,6.27,32.85,-3.91
2720,-4.29,7.28,30.19,-2.82
2721,-47.62,14.74,24.39,-3.67
2722,-35.47,18.74,30.28,-4.74
2723,28.17,-2.01,25.63,-5.66
2724,4.11,15.39,27.15,-0.59
2725,-27.35,13.37,27.05,-4.34
2726,-6.74,21.02,28.09,-1.26
2727,6.72,-2.83,26.73,-6.19
2728,-35.97,3.88,31.47,-3.29
2729,-2.92,31.3,23.99,-4.56
2730,-2.79,33.93,26.65,-3.16
2731,-14.42,-2.34,24.61,-5.19
2732,-24.27,1.83,30.5,-3.43
2733,-13.01,11.09,22.61,-5.68
2734,-30.68,13.08,28.19,2.27
2735,-6.6,12.08,29.32,1.64
2736,9.48,20.28,29.51,2.98
2737,0.51,48.95,23.21,-4.7
2738,-22.87,0.17,20.75,-3.39
2739,-1.16,5.2,24.11,-1.69
2740,-2.27,6.26,23.2,0.86
2741,-71.19,-2.75,26.52,2.33
2742,15.69,35.85,28.23,5.29
2743,30.15,66.82,28.21,-3.69
2744,-6.77,6.31,28.25,-3.26
2745,-48.48,-31.7,23.06,-3.73
2746,-14.75,5.12,25.41,-6.42
2747,-17.52,7.71,25.78,-1.71
2748,-9.88,21.98,25.94,-0.39
2749,-5.07,31.88,23.22,-2.94
2750,-4.58,16.78,25.32,-5.81
2751,-29.67,0.88,33.71,-2.23
2752,-26.23,9.73,29.78,-0.48
2753,2.59,27.22,28.67,-2.51
2754,16.88,8.47,25.32,-6.79
2755,-28.03,32.45,26.96,2.11
2756,16.71,-5.8,33.98,-7.53
2757,-9.04,16.87,27.74,1.17
2758,-20.62,15.04,24.24,0.75
2759,-16.21,30.83,21.76,-4.41
2760,-7.26,-7.88,21.59,-6.54
2761,-31.36,-12.94,29.16,-3.4
2762,-7.24,8.44,27.74,-1.4
2763,-0.31,2.28,27.77,-9.1
2764,-5.89,22.59,33.77,1.21
2765,-36.34,-2.0,33.06,2.19
2766,-37.0,4.21,29.55,-2.44
2767,20.9,29.72,31.22,-1.96
2768,3.2,27.13,29.1,-1.16
2769,-16.11,-1.34,26.48,-1.8
2770,-32.34,-18.28,26.19,-2.02
2771,-43.62,-24.57,21.84,3.18
2772,5.52,20.15,28.58,0.2
2773,10.81,10.58,23.95,-3.43
2774,-5.87,17.99,27.06,-0.64
2775,7.69,5.06,27.41,0.17
2776,-29.92,-24.88,24.77,-3.52
2777,-6.01,14.18,26.41,-2.38
2778,-36.6,13.46,29.87,1.65
2779,-16.47,9.98,32.77,3.43
2780,1.11,-3.5,29.6,-0.22
2781,-7.25,-9.49,36.27,-1.47
2782,-47.72,17.34,30.54,0.58
2783,39.39,7.44,29.34,-5.93
2784,-15.21,-1.22,25.76,-5.97
2785,-45.61,2.94,27.51,1.0
2786,7.59,31.1,29.32,-2.04
2787,27.56,13.86,26.61,-4.56
2788,-28.81,-13.96,32.0,0.86
2789,-18.74,-5.5,26.63,-7.48
2790,-0.43,15.89,30.35,-0.36
2791,-34.88,14.32,32.75,-1.97
2792,1.0,11.23,27.0,-2.87
2793,1.33,13.04,22.62,-7.78
2794,-40.77,-12.76,24.23,-2.75
2795,-18.63,12.11,28.7,-6.85
2796,24.59,22.01,25.99,-9.02
2797,-50.49,-34.89,25.3,-6.33
2798,-24.1,0.21,29.52,-2.75
2799,-14.22,6.39,22.77,-0.38
2800,29.06,35.98,19.51,-5.93
2801,-14.97,1.17,31.12,-2.81
2802,-10.29,45.85,27.38,1.6
2803,-9.41,4.03,24.37,-5.43
2804,-24.61,-17.93,26.33,-3.98
2805,-17.13,18.74,24.89,-0.64
2806,-8.25,-23.52,29.84,-4.71
2807,-0.21,7.34,24.16,-1.59
2808,-43.71,13.67,25.38,1.66
2809,-14.91,-6.37,28.8,-1.45
2810,-2.2,20.84,26.03,-0.57
2811,-14.18,-19.98,25.17,-1.56
2812,-39.14,13.19,29.03,-2.01
2813,-5.8,-4.12,24.57,-0.3
2814,-25.2,8.98,25.57,-1.71
2815,3.43,10.62,27.08,-2.5
2816,9.72,21.61,27.58,-2.85
2817,0.32,29.52,27.71,0.76
2818,-28.46,6.07,28.05,4.34
2819,9.28,29.58,22.6,-2.2
2820,9.55,63.27,30.78,-5.85
2821,-39.77,-41.55,26.63,-1.51
2822,-33.96,-9.01,28.34,-3.54
2823,-40.78,-18.47,23.96,-2.33
2824,-26.64,-0.12,26.35,1.21
2825,-34.07,3.61,28.74,-0.32
2826,-18.53,7.46,22.94,-4.49
2827,39.1,22.37,29.32,0.27
2828,-57.28,10.13,24.73,-1.68
2829,-22.89,3.45,27.44,-4.07
2830,-27.82,11.66,27.05,-7.69
2831,-38.59,8.68,34.02,2.99
2832,10.55,18.82,28.62,-4.31
2833,18.74,35.89,26.07,-1.32
2834,-21.33,13.16,25.99,-1.24
2835,-21.74,23.62,27.87,-4.92
2836,-8.04,1.06,21.4,-4.94
2837,-23.57,-6.02,23.19,-7.68
2838,-28.85,28.79,26.05,0.93
2839,-32.79,40.07,29.23,-2.29
2840,4.61,32.11,27.18,-4.62
2841,-42.93,-30.04,26.88,-3.75
2842,-18.75,18.26,27.48,-0.69
2843,-16.05,7.5,27.15,-0.33
2844,-32.73,18.29,26.99,0.62
2845,-25.81,6.64,25.57,0.9
2846,-15.72,11.1,27.39,-0.63
2847,-79.15,1.22,31.4,-1.51
2848,20.27,18.71,29.04,-0.71
2849,44.05,61.41,24.52,-5.1
2850,-24.37,9.23,26.85,-3.08
2851,-38.15,-0.35,26.2,-1.74
2852,-31.23,-4.1,28.97,-0.15
2853,2.1,14.46,21.81,-4.84
2854,-29.09,21.01,24.61,3.02
2855,-16.15,-2.69,32.5,1.1
2856,-2.73,11.64,25.23,-3.25
2857,-19.52,3.65,22.9,-3.15
2858,-42.23,11.21,29.3,1.13
2859,12.43,44.75,25.24,0.36
2860,-15.31,12.2,24.24,-1.96
2861,-30.82,-0.57,25.47,-1.64
2862,-30.99,-11.46,24.03,-4.15
2863,-11.4,8.86,28.83,-1.26
2864,-6.17,5.52,28.23,-0.7
2865,-39.01,-2.39,30.24,-0.12
2866,-4.8,40.94,34.81,1.62
2867,-6.4,53.45,30.06,-1.42
2868,-24.82,-12.82,26.93,-4.94
2869,-0.81,9.53,30.71,-5.66
2870,-7.51,-11.32,28.52,-6.14
2871,-33.48,-10.42,27.6,0.64
2872,3.32,18.56,25.79,-2.85
2873,4.29,20.5,22.87,-6.48
2874,-29.29,5.37,25.46,-2.5
2875,-23.48,-0.27,28.43,0.57
2876,-12.06,1.77,23.55,-4.56
2877,-19.93,18.89,30.16,0.81
2878,-19.25,20.15,22.92,-2.83
2879,16.04,30.81,24.14,-5.14
2880,-30.02,-0.85,24.02,-3.26
2881,-38.75,-4.91,26.1,-0.93
2882,-25.46,13.42,24.73,-2.9
2883,-37.3,-0.4,25.13,-5.54
2884,13.98,31.21,31.19,-2.61
2885,10.2,30.6,30.17,-0.94
2886,24.99,55.21,23.8,-1.84
2887,-33.5,-5.59,28.79,-0.42
2888,-7.28,-2.36,23.6,0.95
2889,-14.78,-11.13,24.52,-3.67
2890,-19.09,0.63,24.72,-4.58
2891,-29.13,13.61,24.52,-2.0
2892,-15.07,29.45,20.06,0.45
2893,23.44,32.19,23.5,-1.95
2894,-18.3,26.01,22.45,-0.71
2895,-78.55,-28.24,21.29,-2.95
2896,18.5,5.22,19.37,-5.6
2897,13.64,41.79,24.78,-2.79
2898,-16.79,24.11,28.78,1.66
2899,3.3,22.2,26.11,-7.99
2900,10.51,34.89,25.33,-7.32
2901,-64.19,-21.41,23.76,-1.26
2902,-12.25,3.62,28.4,-5.28
2903,-3.07,14.46,25.44,-6.98
2904,-9.08,15.42,30.3,-1.49
2905,-16.52,14.36,26.25,0.03
2906,0.38,11.64,20.56,-8.22
2907,-1.13,29.6,27.93,-3.04
2908,2.75,58.66,30.99,-0.38
2909,-43.66,-20.78,29.64,-5.94
2910,3.16,7.08,32.95,-2.03
2911,-7.04,40.15,29.9,-1.34
2912,-8.67,-18.75,24.54,-3.76
2913,-6.83,-2.33,29.88,-5.07
2914,-8.34,10.88,29.97,-3.06
2915,-1.14,46.22,29.87,2.39
2916,-15.02,-26.0,27.22,-5.73
2917,2.28,1.56,30.72,0.48
2918,-39.82,4.44,31.83,-3.32
2919,-9.02,5.21,28.76,-3.21
2920,-14.53,7.23,29.83,-2.06
2921,-14.94,9.69,28.44,-1.19
2922,31.51,32.03,30.3,-2.15
2923,-13.58,1.83,29.71,-6.19
2924,-81.83,-2.41,32.26,-2.54
2925,36.54,30.97,32.78,-2.02
2926,-3.56,-32.42,28.67,-8.71
2927,7.95,24.83,31.04,2.09
2928,-7.75,39.47,29.95,2.98
2929,-9.04,-4.08,35.8,1.22
2930,-9.68,-2.41,33.54,-3.3
2931,-35.66,-17.96,31.34,0.38
2932,-5.79,19.19,27.8,-2.11
2933,-3.15,7.43,27.3,-5.13
2934,-16.05,17.12,31.24,3.91
2935,-31.8,8.49,23.81,2.07
2936,-0.51,31.24,26.62,-3.96
2937,-33.27,-15.73,26.88,-1.92
2938,-16.08,17.03,34.24,2.74
2939,0.06,18.58,23.79,-4.07
2940,-20.33,0.41,25.45,-0.46
2941,-30.28,32.05,25.56,2.31
2942,13.55,25.03,28.19,-2.59
2943,-0.63,5.97,25.93,-6.84
2944,-13.29,-0.14,28.37,-3.12
2945,-24.38,13.14,26.06,-0.43
2946,-51.05,27.59,30.56,0.65
2947,36.69,60.52,29.12,0.49
2948,-4.35,-27.65,24.71,-6.57
2949,-7.88,19.11,25.92,-2.29
2950,-5.85,7.36,26.53,0.27
2951,-8.68,14.65,23.55,-0.19
2952,-2.21,15.46,27.56,2.82
2953,-8.58,29.04,22.91,0.01
2954,-15.6,-14.4,23.5,-0.42
2955,-27.62,21.95,26.67,-0.79
2956,-27.42,0.17,25.68,0.96
2957,-17.44,-3.97,26.0,-4.51
2958,-27.16,8.11,26.67,-3.42
2959,13.3,36.08,25.96,1.4
2960,10.69,42.75,23.21,0.1
2961,-38.37,-11.33,28.5,2.05
2962,-6.82,7.96,29.53,-3.25
2963,-0.28,14.01,20.35,-4.5
2964,-6.09,20.61,25.31,-0.87
2965,-24.96,2.19,24.17,1.45
2966,-7.09,7.29,23.9,-2.89
2967,-2.65,40.51,26.88,2.29
2968,-24.11,31.36,28.01,8.83
2969,-5.95,-33.97,24.63,-4.34
2970,-19.12,-17.47,23.26,-3.49
2971,-23.2,-6.12,24.58,1.97
2972,-7.99,-2.2,28.78,1.43
2973,-19.72,18.08,29.9,2.78
2974,-1.34,28.73,31.96,2.41
2975,-20.62,16.86,32.63,-1.3
2976,-1.59,5.76,33.12,-1.12
2977,-28.92,-14.21,32.8,1.81
2978,-15.87,15.91,35.13,-0.99
2979,0.49,18.51,28.95,0.24
2980,-5.69,17.61,32.47,-0.18
2981,-15.0,35.55,34.09,3.3
2982,-4.78,33.46,29.89,3.27
2983,-1.76,6.77,27.51,1.13
2984,-42.22,32.4,32.76,3.69
2985,-29.8,-3.16,24.89,0.16
2986,4.44,40.33,28.59,-1.88
2987,-36.14,-0.29,27.54,-3.51
2988,-31.56,-2.89,31.32,-1.78
2989,-20.46,11.34,33.38,-0.83
2990,53.78,43.99,30.61,-0.92
2991,-41.22,21.81,28.14,-4.82
2992,-5.65,-5.2,26.18,-5.02
2993,24.19,34.93,29.51,-3.8
2994,-25.76,-8.09,32.27,2.28
2995,-17.06,8.11,28.97,1.34
2996,-6.55,12.98,26.61,-4.08
2997,-21.01,14.73,26.24,-2.79
2998,-19.92,13.73,29.68,3.46
2999,4.74,14.2,31.7,-2.81
