,ch1,ch2,ch3,ch4
0,53.43,-483.9,-139.43,-86.14
1,4.71,-477.99,-134.08,-2.98
2,-8.54,-385.39,-34.46,26.61
3,15.45,-394.17,-33.25,81.93
4,-47.12,-455.24,-95.09,23.46
5,-82.33,-460.15,-143.74,-23.32
6,47.35,-409.36,-135.29,5.14
7,-94.43,-599.79,-182.22,-35.89
8,34.06,-512.6,-39.87,-11.61
9,-21.59,-474.89,-28.39,59.32
10,-44.53,-470.99,-60.73,8.52
11,-87.16,-484.35,-155.01,7.79
12,-48.41,-482.3,-342.07,-76.39
13,83.63,-383.77,4.44,2.19
14,-1.84,-382.66,-28.73,35.13
15,-48.29,-469.69,-74.68,33.52
16,7.34,-475.72,-78.21,0.48
17,-37.78,-461.94,-231.66,-10.25
18,-150.86,-442.51,-107.18,-62.24
19,127.01,-487.55,-42.7,31.51
20,30.62,-451.52,-160.04,36.57
21,-89.34,-486.44,-128.15,-43.72
22,11.7,-481.78,-26.26,-17.21
23,18.37,-500.79,-96.09,63.38
24,-21.75,-497.01,-199.88,-14.96
25,-15.98,-332.87,20.57,61.41
26,-29.93,-431.76,-113.27,2.1
27,-82.37,-607.91,-84.57,-5.16
28,-1.27,-483.67,-200.74,11.68
29,-55.4,-443.55,-39.87,-16.77
30,16.49,-443.59,-252.57,-13.37
31,3.49,-436.9,-17.51,48.42
32,-74.52,-453.13,-56.35,6.4
33,6.73,-499.7,-215.91,-47.5
34,-19.73,-455.93,-62.94,42.54
35,0.2,-486.51,-44.9,16.05
36,-63.68,-460.57,-69.09,39.3
37,-15.04,-370.05,-190.43,-18.36
38,-8.1,-441.3,-93.43,-32.3
39,-25.26,-441.2,-86.89,39.66
40,21.4,-525.34,-105.1,23.66
41,-40.32,-531.12,-150.39,-33.08
42,-18.12,-435.04,-66.36,9.96
43,-32.27,-428.5,-46.43,56.43
44,9.11,-490.79,-88.36,19.64
45,37.15,-390.55,-216.61,-20.49
46,-95.29,-501.26,-154.52,-11.25
47,22.75,-511.97,12.41,35.86
48,-28.24,-526.31,-258.99,-29.57
49,-10.05,-480.67,-12.99,41.06
50,-15.27,-443.06,-196.9,-10.2
51,-46.2,-477.76,-142.74,-9.0
52,-44.51,-456.0,-4.35,-6.01
53,51.91,-393.28,-71.66,65.9
54,-45.48,-432.24,-163.28,4.4
55,-62.55,-442.15,-35.1,14.02
56,-57.85,-356.01,-65.42,-3.66
57,81.36,-548.76,-242.16,0.01
58,-35.59,-475.51,-61.37,41.66
59,-44.58,-527.74,-63.88,48.1
60,-5.89,-417.61,-351.64,-87.94
61,17.87,-410.09,27.54,65.12
62,-14.29,-476.86,-56.84,18.56
63,-151.85,-465.63,-59.81,43.26
64,81.34,-409.81,-89.77,-18.11
65,12.33,-468.65,-172.97,13.99
66,-34.95,-538.71,-35.8,45.38
67,-65.46,-453.16,-252.38,-110.65
68,35.15,-442.76,-81.9,64.97
69,21.34,-463.24,-153.21,21.81
70,-38.59,-456.46,-77.07,14.83
71,-35.99,-460.22,-71.52,-2.14
72,-37.47,-532.77,-178.59,43.12
73,-0.39,-466.64,19.35,20.55
74,-42.81,-406.61,-123.03,17.36
75,7.98,-448.67,-82.96,26.77
76,19.98,-490.24,-61.51,35.37
77,-60.57,-483.62,-303.37,-67.78
78,-163.28,-386.38,-18.84,43.84
79,125.84,-421.8,-16.56,49.87
80,-4.5,-491.42,-105.09,-15.09
81,18.17,-501.98,-190.5,6.48
82,-117.82,-513.18,-148.67,13.2
83,-12.1,-480.06,-9.81,58.81
84,65.02,-447.39,-115.62,15.87
85,-26.35,-510.23,-97.83,-0.79
86,-40.3,-498.5,-140.1,-39.62
87,1.04,-475.44,-139.87,-28.99
88,1.68,-441.82,-193.18,87.26
89,-42.78,-435.89,-1.23,-0.39
90,16.46,-449.38,-204.23,11.37
91,-90.57,-522.73,80.01,53.21
92,-42.94,-452.77,-103.95,15.46
93,43.17,-447.03,-113.2,-4.82
94,-102.3,-455.8,-186.27,-39.34
95,-36.91,-422.07,-24.95,20.09
96,19.8,-460.98,-84.83,21.89
97,62.2,-500.6,-86.14,37.58
98,-11.71,-462.29,-121.09,13.44
99,-59.55,-522.21,-47.23,22.78
100,-34.09,-441.89,-168.89,-21.53
101,-24.62,-452.03,-175.75,-50.03
102,-0.34,-475.25,-90.65,24.77
103,22.96,-461.7,-56.54,60.02
104,-31.46,-419.62,-109.56,15.49
105,-71.01,-509.15,-89.96,27.42
106,-10.69,-521.76,-282.59,-43.75
107,52.75,-494.93,-7.87,9.85
108,-152.7,-379.08,-41.31,30.32
109,25.75,-409.69,-133.86,15.58
110,58.89,-501.4,-66.0,3.81
111,-7.61,-529.6,-74.89,23.96
112,-21.47,-492.07,-161.95,2.1
113,-25.24,-499.17,-155.87,-59.83
114,-80.78,-404.19,-33.13,-12.81
115,-75.92,-356.82,-26.03,60.36
116,-22.71,-404.0,-140.16,-3.93
117,34.04,-577.82,-202.67,-63.02
118,39.62,-515.38,-25.65,60.71
119,-10.3,-479.3,-105.46,56.59
120,-40.55,-489.84,-250.99,29.38
121,-123.45,-456.21,-5.83,-14.35
122,90.12,-503.65,-80.49,-16.55
123,-26.93,-300.36,-84.53,-29.45
124,-153.6,-374.37,-103.58,18.93
125,65.7,-569.6,-103.7,18.57
126,-2.33,-534.31,-92.24,18.88
127,16.52,-513.15,-128.14,-35.36
128,-17.67,-520.7,-158.07,-50.55
129,-8.69,-526.51,-37.0,72.97
130,-55.96,-452.89,-224.36,-97.48
131,-32.38,-440.87,-277.29,54.88
132,-269.8,-477.78,129.23,64.7
133,179.15,-467.32,-66.18,-0.02
134,78.9,-477.04,-288.76,-40.66
135,-2.95,-410.73,-60.09,-22.77
136,-35.88,-455.9,-19.14,44.66
137,11.22,-288.64,-72.2,47.47
138,-26.36,-527.15,-85.89,7.78
139,-51.29,-617.5,-257.53,-27.4
140,-196.31,-473.65,-169.17,-25.65
141,19.84,-522.13,-65.37,-13.63
142,110.15,-493.02,-2.56,54.16
143,15.11,-408.63,-83.95,35.56
144,-34.8,-457.3,-90.2,22.42
145,-12.93,-464.13,-113.7,11.96
146,-26.04,-355.84,-78.81,8.53
147,-115.36,-549.9,-180.07,12.73
148,-80.43,-491.62,-451.79,-91.14
149,66.4,-562.45,55.88,-99.47
150,-1.38,-500.14,30.1,154.12
151,-0.24,-414.51,-79.83,50.77
152,-3.79,-413.18,-156.54,3.93
153,-68.66,-486.96,-66.31,26.19
154,3.29,-512.02,-189.1,-18.59
155,-55.45,-454.5,-20.59,10.77
156,-18.33,-427.99,-139.45,-0.16
157,49.36,-356.23,-53.27,47.61
158,11.2,-430.4,-84.24,28.71
159,-26.29,-553.07,-87.31,22.68
160,-206.84,-503.65,-163.92,11.22
161,-3.35,-440.26,-226.54,-28.94
162,108.43,-499.51,36.9,29.12
163,15.7,-410.76,-86.69,16.58
164,-47.98,-392.79,-94.43,11.02
165,1.93,-587.93,-152.55,-15.72
166,-63.36,-499.57,-175.41,34.86
167,-43.76,-496.37,-83.53,8.12
168,35.51,-476.71,-136.58,-4.81
169,1.31,-396.31,-15.75,35.86
170,-0.56,-389.29,-100.91,19.29
171,-32.27,-527.4,-81.96,33.55
172,-19.92,-470.15,-172.26,2.71
173,-14.76,-453.85,-84.28,19.74
174,-52.45,-459.1,-127.49,10.54
175,-139.3,-416.3,-117.66,-35.32
176,-64.96,-432.47,-42.94,-24.24
177,54.56,-533.21,-92.59,32.69
178,42.39,-473.86,-42.97,19.05
179,5.62,-477.79,-249.03,14.04
180,7.6,-444.51,-53.06,38.55
181,7.17,-371.12,-47.69,42.64
182,-58.86,-424.31,-212.91,4.98
183,24.28,-422.45,-168.67,14.09
184,-59.26,-549.87,-143.66,-47.33
185,-1.0,-513.65,-11.55,51.02
186,-7.11,-510.02,-64.34,38.23
187,-16.29,-481.44,-86.74,15.2
188,-22.24,-474.96,-105.68,15.99
189,-90.86,-461.74,-183.46,-24.41
190,19.42,-495.19,-85.18,32.93
191,-101.14,-469.59,-118.95,-15.05
192,43.44,-473.98,-17.35,28.57
193,-90.68,-409.12,-92.64,50.62
194,-42.29,-354.7,-126.93,0.9
195,13.03,-479.22,-118.09,1.35
196,100.53,-450.2,-113.3,18.09
197,-7.14,-554.89,-65.9,-8.74
198,-30.2,-468.59,-155.69,-5.09
199,-10.23,-402.76,-124.81,30.43
200,3.4,-480.36,-39.29,50.1
201,-89.66,-504.85,-164.59,-34.51
202,36.98,-507.39,-87.21,-9.89
203,-4.93,-478.55,-62.62,51.96
204,-85.19,-470.0,-170.97,34.7
205,-18.11,-495.71,-8.56,16.0
206,60.7,-455.48,-86.05,29.71
207,-16.24,-459.21,-158.04,18.17
208,-97.27,-421.65,-126.86,-19.17
209,57.47,-466.08,-36.82,27.77
210,-10.6,-459.51,-90.25,28.66
211,-15.88,-479.84,-92.84,12.76
212,-30.78,-488.5,-88.74,28.29
213,-35.6,-486.99,-92.74,25.27
214,-254.15,-403.57,-303.95,-28.73
215,32.74,-395.52,-90.51,-84.5
216,147.34,-507.43,11.56,103.05
217,21.99,-441.3,-84.81,37.9
218,-26.93,-500.05,-65.34,19.25
219,-47.78,-463.92,-93.96,19.63
220,4.95,-435.94,-95.68,22.36
221,-13.05,-297.07,-221.82,-7.7
222,16.67,-543.73,18.48,1.75
223,-50.77,-587.51,-100.51,27.36
224,-29.88,-509.6,-93.16,19.75
225,-81.66,-456.27,-216.15,-19.76
226,24.24,-491.39,-24.24,24.59
227,-16.23,-471.98,-86.01,38.59
228,-65.11,-443.48,-136.39,12.8
229,-198.02,-422.47,-250.88,-62.74
230,153.19,-447.47,-13.08,-37.01
231,43.87,-440.25,-38.17,84.76
232,-15.16,-502.03,-70.47,39.78
233,-31.61,-475.36,-84.8,37.23
234,-9.96,-481.51,-90.52,28.05
235,-13.97,-455.03,-88.42,13.86
236,-85.7,-455.36,-98.64,12.85
237,-170.84,-347.61,-147.12,-16.07
238,176.14,-481.22,-204.43,-0.67
239,-4.42,-511.32,15.69,25.44
240,2.31,-478.52,-88.11,19.92
241,-22.05,-478.79,-103.58,28.12
242,-29.9,-502.89,-105.53,20.58
243,-95.34,-466.89,-77.58,15.66
244,-37.65,-444.73,-136.85,-16.97
245,55.39,-429.18,-55.85,29.63
246,-5.29,-466.8,-119.59,39.87
247,-3.15,-385.65,-200.49,-68.81
248,-27.71,-549.95,-38.03,36.42
249,-96.55,-505.46,-208.04,11.17
250,-61.87,-472.55,-135.78,-45.61
251,70.78,-482.68,10.72,72.73
252,2.7,-465.43,-57.27,45.94
253,-27.87,-459.25,-81.83,31.07
254,-34.78,-459.92,-104.58,29.43
255,-21.22,-417.35,-99.08,21.78
256,-9.13,-455.99,-94.38,16.56
257,-19.34,-450.42,-87.74,17.95
258,-46.97,-441.33,-110.39,15.63
259,-145.14,-459.84,-96.11,20.05
260,20.77,-447.87,-100.73,16.39
261,56.33,-371.54,-117.49,25.81
262,-3.84,-304.67,-141.45,-1.83
263,-29.28,-612.82,-100.23,-2.21
264,-106.74,-531.03,-181.41,23.56
265,23.31,-469.16,-16.93,-16.23
266,28.8,-482.18,-84.09,64.08
267,-8.43,-461.65,-206.16,14.59
268,-61.9,-380.5,-114.11,-12.07
269,17.15,-459.37,-6.1,49.45
270,-7.79,-475.56,-97.4,27.52
271,-135.24,-456.25,-93.01,12.82
272,38.35,-434.66,-136.43,-22.49
273,-4.51,-487.19,-102.97,41.87
274,33.1,-418.46,-85.7,20.98
275,-11.29,-395.72,-99.61,24.11
276,-32.42,-473.77,-99.77,20.74
277,-49.63,-540.66,-94.91,28.42
278,-82.82,-495.38,-99.8,33.45
279,4.94,-459.01,-115.79,-33.55
280,-11.07,-478.54,-91.23,19.63
281,4.38,-464.69,-105.7,30.37
282,-9.26,-457.19,-98.77,27.45
283,-20.32,-463.41,-95.33,24.66
284,-19.99,-462.55,-105.45,46.25
285,-19.83,-465.67,-275.67,-66.77
286,-31.51,-453.44,-37.56,15.38
287,-41.35,-458.7,-26.41,36.98
288,3.0,-459.86,-92.21,26.64
289,-22.91,-448.02,-68.25,18.01
290,-18.3,-444.04,-113.51,14.1
291,-34.0,-442.69,-105.08,16.52
292,-12.08,-426.83,-105.12,17.76
293,-14.21,-440.43,-100.9,15.13
294,-32.56,-457.06,-106.01,18.38
295,-16.06,-437.93,-103.24,17.96
296,-25.44,-445.71,-99.8,17.44
297,-32.32,-458.09,-103.91,18.3
298,-20.02,-455.73,-95.03,19.31
299,-30.55,-461.67,-95.56,15.73
300,-77.55,-474.53,-94.71,28.63
301,-2.01,-473.86,-101.63,9.88
302,22.51,-470.46,-94.06,22.69
303,-13.24,-480.96,-93.74,24.62
304,-17.26,-490.4,-95.71,19.08
305,-40.88,-485.02,-98.05,19.63
306,-64.49,-458.12,-89.95,25.44
307,31.8,-473.22,-95.16,20.4
308,-24.56,-470.23,-90.81,24.99
309,-19.85,-455.11,-95.79,20.48
310,-19.32,-454.97,-101.81,23.31
311,-24.87,-450.2,-92.3,24.2
312,-29.85,-435.95,-92.99,24.97
313,-29.72,-441.71,-95.13,25.61
314,-21.34,-445.93,-92.56,32.57
315,-29.34,-440.15,-98.54,20.87
316,-25.95,-444.2,-82.75,59.0
317,-26.94,-453.45,-92.2,6.17
318,-30.96,-451.28,-87.46,24.69
319,-24.02,-451.81,-86.24,23.99
320,-26.46,-465.41,-79.29,28.67
321,-43.02,-467.89,-78.76,29.47
322,-28.2,-462.66,-83.34,28.59
323,-31.55,-469.67,-80.86,32.44
324,-14.62,-469.94,-86.44,32.83
325,-11.83,-461.69,-89.21,35.54
326,-19.2,-465.72,-81.79,29.38
327,-24.6,-473.92,-81.48,31.93
328,-28.25,-462.59,-89.44,35.87
329,-55.84,-439.61,-75.44,58.17
330,-38.75,-473.53,-78.54,22.03
331,27.03,-467.01,-95.53,36.91
332,-14.84,-456.24,-88.7,40.3
333,-30.87,-467.91,-87.73,40.07
334,-16.88,-462.26,-87.35,42.2
335,-24.79,-452.48,-91.75,42.79
336,-29.55,-454.3,-91.81,37.76
337,-25.42,-462.0,-90.68,36.85
338,-21.23,-457.63,-87.78,40.85
339,-30.48,-460.91,-95.06,33.47
340,-27.8,-470.26,-94.83,37.72
341,-27.04,-465.6,-100.68,39.49
342,-37.87,-461.07,-98.05,43.55
343,-28.54,-467.96,-95.06,41.8
344,-29.86,-468.42,-100.62,39.54
345,-45.15,-467.27,-93.69,42.93
346,-29.45,-456.64,-105.66,36.29
347,-22.42,-459.37,-102.24,40.96
348,-26.35,-469.11,-97.29,47.88
349,-64.11,-460.93,-95.87,46.54
350,10.83,-458.76,-97.61,48.73
351,-16.77,-460.78,-97.0,40.79
352,-34.38,-457.35,-93.13,42.53
353,-25.09,-468.64,-99.47,45.95
354,-25.09,-459.76,-92.89,50.16
355,-26.32,-454.96,-96.3,46.54
356,-26.91,-456.23,-98.42,45.44
357,-28.09,-465.4,-96.04,49.34
358,-22.12,-454.74,-103.49,43.66
359,-24.67,-456.12,-99.41,47.04
360,-42.44,-464.53,-101.8,48.68
361,-30.93,-461.51,-94.6,48.6
362,-36.74,-443.94,-104.0,45.17
363,-49.89,-471.29,-99.89,43.43
364,-1.59,-473.13,-96.8,47.35
365,-26.03,-468.66,-97.32,39.18
366,-29.39,-470.31,-97.77,43.91
367,-15.84,-478.98,-103.08,42.37
368,-23.11,-452.41,-99.3,42.03
369,-48.08,-459.47,-98.67,44.16
370,-42.83,-492.09,-104.98,43.2
371,-12.95,-477.5,-99.91,42.86
372,-22.95,-462.67,-99.08,38.23
373,-23.0,-484.35,-102.04,44.08
374,-32.45,-475.74,-100.67,47.21
375,-23.17,-466.83,-103.16,48.97
376,-21.35,-463.0,-101.28,40.14
377,-30.02,-474.79,-102.1,47.47
378,-24.45,-470.62,-93.12,50.69
379,-31.31,-469.06,-94.73,51.23
380,-31.07,-477.44,-101.07,43.88
381,-26.94,-474.46,-100.72,47.2
382,-25.36,-467.85,-100.48,52.36
383,-21.56,-469.13,-102.18,47.21
384,-17.26,-475.88,-94.37,50.89
385,-27.51,-472.0,-98.85,46.12
386,-32.79,-472.1,-98.2,48.82
387,-22.42,-477.87,-96.04,48.61
388,-18.72,-465.73,-101.46,38.76
389,-20.01,-463.46,-102.55,43.43
390,-27.71,-482.63,-98.19,42.65
391,-13.49,-465.92,-102.8,39.69
392,-11.8,-433.56,-104.02,34.76
393,-19.1,-413.14,-105.5,36.92
394,-25.31,-452.26,-101.76,42.83
395,-24.19,-533.19,-99.8,48.9
396,-20.92,-510.52,-102.35,48.71
397,-24.02,-498.5,-101.34,42.6
398,-38.12,-533.41,-102.82,49.76
399,-28.44,-520.81,-96.01,50.91
400,-15.25,-491.84,-91.81,53.0
401,-35.01,-480.29,-75.96,39.08
402,-13.14,-491.3,-55.05,46.07
403,-3.36,-451.48,-49.98,49.78
404,2.2,-321.77,-76.07,38.18
405,-9.33,-419.23,29.34,29.26
406,-34.48,-638.15,403.94,102.27
407,-21.58,-536.44,-268.63,66.81
408,-17.73,-475.57,-170.01,0.5
409,-16.91,-470.41,-59.51,47.44
410,-24.66,-509.32,-153.75,41.82
411,-18.51,-462.92,-109.99,50.22
412,-15.74,-405.23,-149.27,19.82
413,-0.88,-395.89,-133.86,60.49
414,-1.03,-399.4,-125.16,39.88
415,-7.2,-443.12,-65.3,74.97
416,-3.82,-496.91,10.21,93.28
417,-2.6,-462.14,159.77,66.48
418,-35.03,-607.59,28.32,109.82
419,-51.78,-591.84,-300.14,-46.08
420,-45.2,-595.1,-10.6,48.44
421,16.6,-493.6,595.2,225.79
422,-7.54,-555.72,-186.86,59.22
423,14.06,-505.1,224.23,61.58
424,4.65,-536.94,-315.4,-164.39
425,-33.45,-568.37,145.22,280.2
426,-25.15,-535.06,-553.31,-39.45
427,3.22,-444.64,114.4,74.25
428,37.0,-379.5,-195.96,-27.34
429,6.19,-506.48,28.29,188.36
430,-45.94,-602.21,-80.47,-248.22
431,-42.64,-568.14,-653.91,146.43
432,-61.23,-513.97,54.54,-21.44
433,39.8,-368.82,24.89,104.32
434,13.7,-418.49,194.04,24.54
435,-0.11,-581.67,-417.54,103.77
436,-10.29,-561.44,-127.28,99.71
437,9.21,-536.63,-260.31,-41.14
438,-8.27,-544.47,207.5,44.64
439,-22.06,-549.52,-74.81,-146.27
440,-8.71,-524.21,-439.75,70.63
441,-13.93,-479.22,27.01,128.83
442,-20.76,-443.79,-355.48,-58.97
443,-25.49,-538.0,185.54,-9.85
444,-26.28,-499.81,-145.18,-32.76
445,-39.12,-528.53,-322.71,83.09
446,-16.35,-478.59,4.54,8.47
447,-37.18,-498.83,-104.83,130.75
448,-23.58,-473.75,-221.28,94.12
449,-29.78,-471.29,-78.01,87.24
450,-6.15,-473.54,21.54,57.33
451,-25.5,-481.33,385.13,123.16
452,-1.12,-471.52,-113.71,81.2
453,-4.75,-481.4,-570.98,-90.24
454,-22.39,-493.62,-292.15,193.03
455,-30.03,-486.17,-204.7,-50.41
456,-31.59,-451.85,-193.47,55.14
457,-21.84,-439.65,-45.19,-47.96
458,-2.22,-487.18,-12.3,137.14
459,-5.56,-486.65,115.93,22.58
460,-16.96,-492.48,-454.46,-7.47
461,28.28,-437.49,216.16,259.15
462,-20.35,-414.57,-371.03,12.17
463,-26.78,-396.59,-103.15,-39.14
464,-15.59,-472.41,-30.27,18.4
465,-16.52,-514.13,-320.78,93.77
466,0.01,-418.11,-178.93,62.49
467,-8.44,-536.17,302.43,144.62
468,-45.92,-562.15,-507.4,-100.96
469,-13.83,-522.06,-13.8,192.23
470,-10.59,-522.07,-73.81,11.52
471,0.46,-492.34,-112.67,-54.86
472,-44.14,-517.68,-357.66,125.74
473,-25.51,-500.79,-123.64,25.49
474,11.67,-484.85,-113.0,49.04
475,22.61,-486.35,128.32,74.13
476,-14.06,-493.97,-202.55,33.39
477,1.99,-484.43,-383.32,152.21
478,14.93,-503.66,181.44,-42.6
479,-31.13,-523.82,-620.63,89.13
480,-23.61,-479.0,-145.42,-20.33
481,20.12,-444.98,278.87,74.36
482,4.87,-495.75,-249.68,34.92
483,-36.68,-490.94,-269.94,39.01
484,4.9,-451.24,50.3,126.84
485,27.53,-342.0,-575.07,-9.19
486,-29.27,-426.39,-116.16,143.23
487,1.43,-413.2,30.33,19.5
488,9.96,-550.69,135.91,71.41
489,-41.53,-619.67,-503.07,141.19
490,-10.76,-517.64,110.8,31.48
491,-15.94,-493.17,-308.06,-95.49
492,-15.98,-516.02,-46.07,106.42
493,-2.85,-498.82,-420.41,-18.44
494,14.48,-464.8,-95.23,110.15
495,-17.93,-500.94,-61.18,95.09
496,-29.36,-509.44,-253.42,-45.29
497,12.31,-505.7,-95.52,295.59
498,-6.6,-482.0,-210.45,-154.56
499,-38.55,-502.56,-195.71,-84.01
500,-12.76,-493.01,-78.41,74.84
501,-9.1,-500.51,-104.03,87.56
502,-8.23,-436.54,-343.92,35.37
503,-8.28,-468.42,53.93,175.42
504,-28.26,-500.57,-467.67,103.64
505,-6.15,-473.37,6.89,-10.92
506,4.7,-443.12,-77.51,-85.44
507,-6.27,-275.78,-419.08,-50.54
508,-6.25,-502.41,28.28,222.43
509,-33.34,-551.76,-268.71,47.91
510,21.79,-505.37,54.02,106.17
511,-12.36,-522.08,-413.74,22.6
512,-15.51,-436.2,-188.17,-98.53
513,-22.04,-496.39,-128.95,-15.06
514,-13.22,-577.39,-40.36,138.98
515,-19.42,-597.18,-269.11,192.73
516,-30.03,-459.71,-271.33,-1.34
517,-3.49,-380.43,-10.49,47.97
518,0.59,-460.73,72.65,33.35
519,-18.13,-519.51,-162.62,68.14
520,-12.36,-514.71,-152.86,42.25
521,-12.45,-486.05,-177.9,123.54
522,-16.54,-472.09,-152.13,-69.38
523,-33.89,-477.89,-186.43,43.68
524,-11.26,-469.14,-118.87,69.04
525,9.59,-517.34,-96.55,242.42
526,2.43,-484.2,-230.32,-88.3
527,-8.92,-457.98,-313.88,-3.27
528,6.88,-427.96,-29.67,68.74
529,-2.65,-501.41,-123.39,44.76
530,-30.93,-509.51,-136.46,43.17
531,1.07,-472.59,4.76,101.44
532,-27.36,-504.51,-326.91,40.52
533,8.69,-426.32,148.04,59.06
534,-0.26,-388.13,-256.42,100.78
535,-5.8,-473.59,-408.35,-78.85
536,3.69,-486.37,-58.77,152.98
537,-9.76,-621.86,219.36,10.92
538,-25.33,-528.21,-317.41,34.42
539,-9.71,-470.77,-173.33,32.05
540,-2.01,-468.28,-80.22,43.07
541,-11.36,-500.01,-231.95,129.59
542,-22.17,-494.59,-133.86,53.78
543,-13.28,-488.73,-135.81,95.85
544,-18.66,-488.73,-109.57,38.64
545,-0.45,-476.82,17.8,123.6
546,-11.4,-490.39,-113.44,-31.39
547,-9.36,-495.15,-344.7,75.15
548,-7.66,-487.21,-101.83,46.03
549,9.98,-451.26,-124.01,80.22
550,-9.56,-452.44,-140.99,113.14
551,-6.4,-445.87,-158.55,-17.52
552,-35.79,-500.21,-116.22,96.75
553,0.86,-484.11,-30.58,79.74
554,-1.18,-407.36,-103.68,73.29
555,-25.74,-534.98,-188.76,32.86
556,-1.55,-508.64,-34.78,54.37
557,4.51,-429.72,-447.93,-95.06
558,-18.26,-516.87,71.56,162.48
559,14.24,-375.05,-215.27,39.86
560,-13.52,-504.43,-114.61,68.24
561,-39.59,-595.5,-56.43,156.32
562,-19.13,-518.43,-133.48,36.96
563,6.46,-499.9,40.49,45.32
564,-3.61,-493.75,-275.96,-24.68
565,-21.49,-485.03,-222.02,68.88
566,0.53,-466.55,-117.34,101.74
567,-15.35,-490.87,-115.44,3.53
568,-5.44,-494.72,25.39,64.55
569,-10.27,-476.66,-135.03,83.66
570,-15.17,-466.68,-192.61,55.94
571,-15.97,-468.14,-177.01,64.34
572,-0.7,-424.08,105.71,45.29
573,-19.74,-541.58,-274.89,57.21
574,-10.12,-500.98,-192.53,105.99
575,-6.42,-452.23,-87.87,28.56
576,-11.11,-488.69,-62.42,54.98
577,-17.16,-498.58,-217.03,96.54
578,7.48,-425.32,-92.4,112.96
579,0.74,-371.1,-54.48,0.09
580,-13.6,-437.36,-166.72,15.28
581,22.55,-489.58,-35.26,49.05
582,-48.19,-581.44,-324.85,-53.41
583,-30.68,-547.73,-195.42,-29.53
584,-0.08,-533.3,29.29,77.95
585,-10.11,-480.55,-150.02,87.28
586,-14.39,-465.62,-113.38,47.7
587,-7.32,-511.36,-126.57,57.04
588,-19.48,-499.14,-45.55,74.19
589,-16.88,-498.6,-317.89,16.06
590,1.65,-479.6,-30.0,106.95
591,-21.99,-498.97,-136.04,32.97
592,-24.04,-500.27,-80.66,31.56
593,-6.95,-484.61,-138.52,36.04
594,-6.29,-497.76,-49.55,49.31
595,16.99,-464.72,-222.53,113.26
596,-30.88,-524.33,-211.56,-90.49
597,2.42,-477.0,-56.2,104.9
598,-20.42,-460.73,-241.31,31.16
599,-41.78,-503.51,-109.52,62.07
600,-2.93,-488.1,-20.96,113.21
601,-15.18,-489.26,-247.61,44.15
602,-16.21,-491.59,-75.07,39.16
603,-4.59,-481.66,31.86,69.32
604,-20.72,-488.87,-281.11,51.12
605,-19.34,-503.18,-96.11,29.2
606,-9.94,-465.35,-138.45,62.57
607,-11.68,-486.24,14.8,66.58
608,0.65,-491.28,-157.32,9.47
609,-8.11,-466.53,-201.82,61.65
610,-10.65,-494.78,-294.18,0.17
611,-30.75,-502.65,-51.92,64.9
612,-15.33,-468.83,-110.65,91.1
613,-24.23,-486.96,-87.9,84.08
614,10.2,-477.27,-163.87,55.87
615,-29.66,-498.33,-3.47,100.06
616,-22.62,-477.62,-293.93,48.57
617,-23.4,-480.21,-91.75,28.92
618,-0.69,-447.76,65.45,52.7
619,-18.44,-501.13,-346.59,-76.05
620,-19.03,-500.48,-126.93,101.51
621,-21.23,-386.15,-29.99,102.82
622,10.62,-382.43,-86.49,90.54
623,-7.3,-587.58,-246.7,20.18
624,-43.64,-540.0,-141.11,30.89
625,-14.88,-447.32,-125.43,32.59
626,-27.02,-533.39,-194.84,45.64
627,-13.76,-493.1,-63.36,44.17
628,-29.52,-451.3,-126.35,96.48
629,3.12,-416.28,59.89,121.35
630,-13.79,-472.68,-327.58,-2.38
631,-23.29,-581.82,-79.67,23.88
632,-24.37,-505.58,-108.97,24.29
633,-12.5,-484.87,-129.15,25.65
634,-15.49,-507.48,-209.38,83.38
635,-27.63,-458.82,-110.56,12.58
636,-8.27,-391.34,-46.43,33.5
637,-20.31,-538.21,-167.44,45.13
638,-18.5,-534.86,-191.89,111.34
639,-31.77,-499.31,-171.42,21.62
640,-16.66,-476.0,19.22,36.05
641,-38.75,-501.74,-123.55,26.21
642,-7.76,-481.24,-138.24,56.36
643,-2.43,-480.61,-96.39,63.47
644,8.16,-446.08,-151.24,61.75
645,-21.87,-470.94,-73.14,44.66
646,-9.14,-522.91,-50.45,31.66
647,-19.94,-543.89,-458.39,138.65
648,-32.61,-499.91,-84.7,-37.82
649,-5.2,-457.89,-24.05,10.08
650,-7.21,-476.97,19.06,115.37
651,-23.3,-491.05,-196.77,7.33
652,-35.83,-487.68,-179.48,4.74
653,-17.89,-469.32,-58.39,15.15
654,-9.78,-463.52,-144.56,105.14
655,-28.37,-506.35,-252.31,10.98
656,-17.39,-463.08,-111.84,31.82
657,-17.41,-477.8,-42.02,126.09
658,-20.61,-481.11,14.66,28.26
659,-12.78,-494.16,-163.39,103.51
660,-17.59,-511.91,-303.55,21.95
661,-7.08,-487.6,-70.32,-0.03
662,-14.15,-444.38,-361.52,-45.67
663,12.8,-467.09,197.66,-1.96
664,-26.06,-497.41,62.6,166.81
665,-20.94,-428.15,-445.38,30.56
666,-5.83,-385.92,-138.08,-50.06
667,-6.03,-527.96,170.37,157.15
668,-35.78,-604.77,-341.49,-115.48
669,-14.18,-471.24,-218.87,-13.93
670,14.85,-454.74,204.66,113.82
671,-21.84,-525.28,-167.76,139.51
672,-53.47,-503.07,-277.72,-35.87
673,-27.65,-485.91,-175.85,83.95
674,13.94,-478.2,262.2,32.32
675,-24.8,-486.16,-285.15,15.38
676,-41.88,-489.19,-233.86,-8.51
677,-31.61,-471.47,-131.55,70.57
678,-19.21,-486.04,-208.97,104.36
679,-7.94,-465.83,-77.18,80.68
680,1.44,-482.66,-173.59,25.28
681,-41.51,-504.47,16.62,-14.08
682,-15.27,-462.59,-166.61,12.8
683,-9.67,-483.12,-50.18,77.69
684,-9.65,-476.96,-185.01,13.16
685,-1.81,-477.61,-267.55,13.17
686,-26.81,-483.14,-144.34,36.09
687,-0.86,-443.35,80.5,33.8
688,-15.36,-469.58,-259.5,148.3
689,-33.52,-478.94,-63.78,-1.06
690,-14.6,-484.2,-131.33,20.84
691,-28.34,-504.91,-103.05,113.4
692,-31.87,-484.81,-189.92,-60.28
693,12.01,-439.97,13.58,-7.07
694,-18.85,-479.2,-231.21,104.22
695,2.05,-445.21,-91.0,-37.82
696,-25.83,-488.97,-126.04,129.98
697,-33.37,-509.11,-202.33,-10.13
698,-16.58,-482.94,-20.59,93.24
699,-17.94,-437.05,-215.08,42.63
700,-11.65,-498.19,-64.3,61.33
701,-37.61,-506.51,-165.2,57.05
702,-26.15,-480.39,-153.14,22.7
703,-12.78,-477.32,-6.57,2.12
704,10.6,-463.63,-151.99,123.66
705,-40.36,-494.75,-339.38,28.22
706,-21.4,-476.41,1.15,10.03
707,-13.46,-481.04,-117.52,41.43
708,2.25,-404.71,-70.57,45.89
709,-28.34,-463.04,-142.03,46.3
710,-23.54,-537.7,-134.21,80.24
711,-1.68,-479.86,-115.17,34.73
712,-39.68,-485.31,-145.58,56.14
713,-6.88,-477.02,-169.62,22.47
714,-7.85,-474.94,-72.41,88.74
715,-29.32,-494.79,-84.92,47.89
716,-2.18,-441.62,-11.69,86.65
717,-11.95,-478.35,-264.99,-68.99
718,-2.59,-457.27,-175.42,167.92
719,-38.17,-491.99,-153.95,-76.59
720,-26.33,-504.79,-44.63,26.29
721,-5.03,-466.53,-64.41,-11.75
722,-29.73,-471.01,-259.91,91.88
723,-16.27,-449.98,-167.35,14.86
724,-10.88,-491.29,-64.75,32.01
725,12.86,-506.56,-39.65,5.37
726,-34.62,-526.37,-171.61,52.37
727,-20.39,-476.18,-196.23,29.94
728,-6.91,-452.3,-168.37,72.31
729,-24.87,-475.69,-120.52,46.95
730,-24.2,-499.35,-45.88,128.37
731,-33.67,-496.89,-209.21,-12.0
732,-19.65,-474.01,-60.17,50.84
733,-20.82,-483.11,-164.68,60.23
734,-26.42,-482.51,-143.57,47.38
735,-31.22,-475.94,-137.02,42.13
736,2.36,-457.06,-60.1,28.02
737,-8.47,-491.56,-47.92,36.86
738,-29.79,-511.57,-339.05,17.33
739,-23.16,-478.47,-62.51,22.45
740,-5.98,-478.97,-141.54,61.08
741,4.71,-478.6,64.17,30.5
742,-12.2,-468.18,-167.27,39.78
743,-7.27,-480.26,-195.33,13.51
744,5.31,-481.59,-274.02,-29.23
745,-19.88,-496.44,203.65,217.03
746,-36.24,-500.4,-358.3,-136.57
747,-22.9,-486.12,-113.26,40.63
748,8.19,-466.17,-29.87,24.6
749,-15.09,-493.1,-244.28,-23.18
750,-25.2,-483.97,-192.52,4.29
751,-9.5,-454.68,-34.09,36.97
752,-32.37,-490.39,-154.65,143.41
753,-33.55,-495.28,-201.72,-31.78
754,-7.31,-478.26,-272.42,-12.4
755,-29.31,-501.4,-96.31,30.41
756,-26.8,-473.39,-147.36,36.08
757,-5.23,-475.8,-2.2,-14.59
758,-18.62,-478.67,-364.13,-8.95
759,-15.95,-484.06,-71.57,51.13
760,-23.73,-467.31,-61.34,63.92
761,-15.42,-456.94,-100.11,43.03
762,-11.85,-472.2,-195.3,-29.86
763,-8.76,-467.44,-146.16,9.19
764,3.96,-483.9,116.47,167.95
765,-47.49,-499.06,-320.12,-2.03
766,-9.93,-407.18,-129.08,7.84
767,-21.16,-500.56,-92.13,99.25
768,-28.57,-490.78,-100.02,42.45
769,-16.99,-500.17,-235.16,37.77
770,-14.05,-505.4,-74.18,-5.24
771,-5.1,-473.72,14.02,104.45
772,-11.19,-474.36,-250.84,-5.26
773,17.99,-455.61,197.89,26.97
774,-38.52,-542.64,-481.84,91.52
775,-34.17,-480.81,-108.89,-56.97
776,0.15,-462.42,-78.45,31.9
777,15.96,-399.19,5.95,102.01
778,-30.24,-536.49,-320.99,-56.86
779,-27.14,-516.68,-181.97,1.93
780,-17.71,-477.92,-109.03,75.25
781,6.23,-464.1,106.19,68.32
782,-39.08,-493.16,-286.85,19.8
783,-23.56,-483.23,-187.61,43.14
784,-30.38,-490.62,-97.8,70.53
785,-16.88,-474.28,-101.6,67.47
786,-2.87,-468.64,-111.99,80.9
787,1.56,-464.54,-177.74,46.8
788,-14.26,-476.2,-104.91,64.36
789,-15.39,-464.56,-132.22,36.79
790,-4.93,-463.06,-99.8,37.23
791,-12.58,-484.98,20.03,108.37
792,-31.68,-489.36,-235.35,43.05
793,-25.11,-452.16,-120.02,21.18
794,-11.0,-470.13,-156.6,48.94
795,-11.49,-501.04,22.29,62.02
796,-9.96,-483.03,-199.71,83.07
797,-16.42,-471.56,-63.79,-42.87
798,-22.51,-481.85,-210.87,11.33
799,-32.82,-467.69,-114.7,65.37
800,-17.53,-474.14,-78.24,68.5
801,-21.81,-489.28,-60.56,75.28
802,-14.71,-478.0,-183.61,42.07
803,-8.77,-464.49,-55.01,27.54
804,-18.33,-461.26,-166.15,21.77
805,-27.55,-499.51,-51.3,91.3
806,1.91,-471.04,-174.68,55.38
807,-22.21,-502.49,-256.42,107.81
808,-14.71,-478.99,-40.34,-3.27
809,-20.93,-466.91,-122.63,30.52
810,-12.39,-470.23,-1.2,111.63
811,-21.33,-496.05,-187.43,-51.82
812,-18.49,-454.19,-60.87,67.39
813,-7.5,-460.41,-170.33,-47.32
814,-9.18,-479.53,-48.63,13.61
815,-15.44,-513.73,-76.68,137.87
816,-32.25,-499.98,-252.0,27.67
817,-23.03,-490.9,-94.7,12.21
818,-12.82,-453.43,-110.52,23.24
819,6.27,-432.95,12.91,114.39
820,-28.78,-535.96,-200.08,-25.66
821,-25.43,-501.07,-123.65,91.51
822,-24.22,-482.73,-124.93,42.46
823,-27.47,-478.36,-37.4,74.51
824,-21.15,-485.92,-167.25,27.83
825,-1.31,-461.59,-59.92,31.04
826,-20.78,-489.14,-141.04,77.28
827,-5.84,-474.08,-104.38,-28.92
828,-16.38,-474.6,-169.99,130.5
829,-26.36,-483.16,-117.46,31.12
830,-21.32,-485.85,-118.82,47.24
831,-26.09,-485.7,-118.82,49.07
832,-26.01,-473.71,-115.64,53.45
833,-32.68,-478.13,-115.52,54.53
834,-32.27,-481.38,-119.46,52.75
835,18.22,-448.88,13.53,42.37
836,19.48,-454.75,-89.3,86.54
837,-10.17,-483.78,-264.76,-32.59
838,-20.49,-490.41,43.24,82.09
839,-20.63,-479.64,-199.2,96.22
840,-25.54,-492.35,-57.54,74.75
841,-24.26,-471.3,-189.58,-43.8
842,-24.53,-471.95,-108.46,53.96
843,-26.44,-491.33,-89.72,95.94
844,-6.58,-480.26,-128.8,14.03
845,-13.65,-471.81,-97.41,43.53
846,-6.81,-430.31,-2.97,97.77
847,-13.94,-490.2,-202.86,6.29
848,-23.65,-483.44,-134.04,39.74
849,-27.56,-487.39,-147.73,21.82
850,-12.03,-485.15,-115.71,81.2
851,-17.0,-484.96,-97.25,5.33
852,-19.76,-471.15,-5.33,37.43
853,-16.77,-479.86,-217.13,66.4
854,-12.09,-489.08,-103.4,32.74
855,-11.8,-465.53,-146.89,29.04
856,-27.57,-464.25,-112.35,20.34
857,-25.47,-511.29,-133.91,44.03
858,-11.18,-436.8,43.44,86.94
859,-19.84,-434.23,-44.98,32.45
860,-32.98,-485.15,-251.57,39.56
861,-9.31,-440.72,-138.99,43.23
862,-10.81,-545.99,-136.21,51.79
863,-24.09,-510.63,-104.03,35.37
864,-16.15,-502.81,-137.96,2.86
865,-14.62,-477.18,-73.34,146.41
866,-22.7,-453.06,-148.25,-10.33
867,-16.77,-414.94,-102.66,9.96
868,-28.56,-514.5,-111.82,62.03
869,-18.19,-495.81,-92.5,69.25
870,1.88,-515.89,-256.9,13.46
871,-14.81,-502.14,-105.09,1.0
872,5.23,-470.66,-181.63,28.84
873,-15.25,-524.32,-411.74,-23.35
874,-29.09,-506.27,-17.57,-36.29
875,-16.94,-476.71,-15.86,79.08
876,-25.02,-459.28,-112.85,26.98
877,-27.05,-461.53,-150.63,6.93
878,-4.89,-449.39,-137.47,11.65
879,-15.51,-505.44,-96.21,103.16
880,-24.82,-489.58,-33.5,43.9
881,-2.74,-473.42,-148.01,29.0
882,-26.65,-467.36,-129.46,29.33
883,-18.11,-481.63,-130.15,35.31
884,-26.03,-483.76,-118.76,51.12
885,-23.48,-465.15,-133.94,41.78
886,-18.93,-467.63,-138.82,112.08
887,-12.45,-487.99,-69.05,-30.5
888,-16.95,-466.54,-151.88,104.52
889,-8.7,-429.14,-168.3,-14.54
890,-17.92,-478.83,-167.32,6.94
891,-9.39,-497.65,-73.05,66.72
892,-16.66,-468.05,-179.1,9.0
893,-19.6,-468.7,-96.04,-61.25
894,-18.63,-412.85,5.56,40.65
895,-7.82,-430.52,-236.61,53.43
896,-0.41,-559.32,-186.03,-29.26
897,-26.58,-522.42,-119.6,135.68
898,-24.4,-518.26,-86.14,0.1
899,-15.81,-493.12,-124.53,13.84
900,-19.28,-470.32,-98.65,17.04
901,-29.53,-490.28,-138.77,51.97
902,-25.47,-486.86,-122.32,64.3
903,-14.23,-480.05,-80.37,50.72
904,-4.8,-464.75,-163.25,39.94
905,-18.47,-476.38,-23.56,37.46
906,-13.12,-465.2,-186.36,27.85
907,-10.82,-418.32,-76.56,41.46
908,-16.43,-494.95,-159.37,32.3
909,-17.46,-507.46,-107.29,30.48
910,-31.88,-514.05,-95.85,45.62
911,-18.98,-475.45,-160.55,45.51
912,-7.13,-477.34,-113.46,-16.84
913,-3.39,-432.71,-59.51,111.69
914,-17.86,-426.79,-220.8,-10.98
915,-32.15,-410.71,-27.76,87.95
916,-26.05,-524.06,-157.01,-12.32
917,-32.57,-555.87,-147.87,49.0
918,-13.64,-445.88,-133.7,-55.73
919,-25.59,-508.16,-84.68,195.6
920,-22.78,-517.13,-155.18,-57.08
921,-22.89,-476.35,-100.83,46.59
922,-19.7,-460.48,-128.85,25.81
923,-32.4,-464.19,-135.21,42.29
924,-23.44,-491.84,-42.1,56.86
925,-18.12,-483.06,-222.7,17.07
926,-20.68,-473.1,-113.96,29.91
927,-17.96,-482.16,-108.3,44.45
928,-9.64,-462.06,-43.65,102.25
929,-19.88,-470.71,-119.5,75.39
930,-24.88,-484.73,-148.26,-12.36
931,-32.24,-477.5,-109.65,56.96
932,-16.38,-466.11,-22.62,50.61
933,-21.28,-488.14,-180.22,21.73
934,-16.7,-476.44,-133.11,28.48
935,-20.73,-457.55,-89.77,52.1
936,-22.87,-474.08,-139.28,17.73
937,-15.79,-471.4,-145.08,32.65
938,-18.79,-469.56,-145.51,32.73
939,-25.51,-476.2,-98.14,52.4
940,-17.1,-456.45,-59.98,-16.15
941,-7.52,-439.25,-217.68,21.09
942,-23.69,-488.19,-146.0,21.75
943,-17.56,-460.72,-126.01,23.46
944,-5.08,-435.7,-109.55,78.05
945,-32.07,-502.27,-102.63,69.49
946,-28.47,-476.27,-134.55,30.64
947,-24.47,-493.3,-120.2,33.4
948,-21.51,-475.88,-125.71,13.11
949,-11.21,-422.28,-130.36,43.73
950,-26.97,-509.57,-119.99,44.48
951,-22.46,-488.94,-77.04,43.38
952,-15.81,-463.38,-148.55,38.52
953,-17.7,-467.61,-146.48,32.15
954,-21.72,-504.36,-123.04,58.04
955,-24.83,-484.75,-110.12,33.54
956,-8.79,-463.19,-75.45,11.52
957,-21.18,-477.94,-74.61,54.2
958,-24.37,-460.84,-166.78,50.84
959,-22.67,-462.55,-132.93,30.83
960,-28.92,-494.07,-113.54,32.48
961,-1.04,-478.63,-115.54,8.82
962,-24.62,-461.62,-110.82,57.3
963,-20.74,-424.4,-163.99,22.83
964,-21.77,-526.95,-151.7,92.8
965,-19.38,-489.02,-142.16,37.61
966,-17.21,-432.19,-164.09,-27.42
967,-23.86,-454.45,-102.6,50.71
968,-33.22,-524.36,-134.17,34.83
969,-28.3,-435.59,-115.47,34.46
970,-9.66,-432.82,-131.58,-1.1
971,-16.23,-526.45,-66.56,70.51
972,-22.35,-489.57,-93.87,67.07
973,-22.56,-484.98,-146.73,20.95
974,-18.25,-486.7,-136.35,39.51
975,-17.62,-478.67,-113.69,33.27
976,-17.15,-464.05,-132.53,33.73
977,-35.84,-478.98,-118.0,59.65
978,-33.26,-472.99,-85.41,33.39
979,-20.78,-472.14,-145.76,33.24
980,-20.86,-476.73,-112.36,42.07
981,-15.38,-476.91,-161.74,-6.44
982,-27.71,-466.06,-117.27,79.69
983,-19.65,-475.37,-106.62,15.98
984,-24.11,-480.56,-111.17,23.03
985,-23.79,-462.02,-173.07,-9.08
986,-30.94,-451.74,-102.85,63.23
987,-5.55,-465.68,-1.64,73.55
988,-19.88,-477.54,-219.77,1.28
989,-24.89,-464.79,-156.9,77.65
990,-22.72,-493.65,-99.08,-1.39
991,-29.59,-459.6,-110.58,37.47
992,-25.23,-413.83,-141.86,-36.98
993,-29.67,-535.47,-148.18,57.89
994,-35.26,-492.68,-67.86,36.33
995,-33.89,-472.16,-137.43,57.18
996,-7.84,-481.79,-42.67,40.91
997,-8.7,-460.31,-60.39,37.67
998,-25.5,-492.75,-177.09,-14.96
999,-28.74,-449.58,-152.54,48.66
1000,-19.2,-478.71,-113.61,82.56
1001,-16.96,-477.05,-82.73,59.45
1002,-20.72,-489.3,-72.71,-6.05
1003,-24.95,-483.46,-177.07,39.02
1004,-21.81,-454.91,-185.18,39.44
1005,-24.03,-471.54,-119.64,23.27
1006,-29.83,-480.82,-92.37,51.95
1007,-22.83,-479.08,-125.51,29.14
1008,-36.68,-474.92,-95.18,-0.89
1009,-29.71,-462.93,-137.3,54.69
1010,-8.08,-401.2,-63.13,21.12
1011,-0.76,-346.1,-119.96,17.73
1012,-33.39,-522.38,-153.16,50.1
1013,-32.07,-551.27,-167.58,8.61
1014,-29.45,-519.94,-42.17,58.74
1015,-30.31,-492.73,-131.12,12.89
1016,-26.94,-480.28,-102.99,73.33
1017,-36.35,-497.24,-132.2,61.25
1018,-34.0,-486.16,-148.35,-29.81
1019,-12.53,-461.94,-76.65,49.52
1020,-11.15,-468.95,-64.9,21.97
1021,-27.35,-450.2,-200.54,25.35
1022,-29.26,-459.93,-127.12,17.24
1023,-21.41,-497.39,-34.84,38.8
1024,-36.84,-454.01,-142.69,49.58
1025,-36.79,-470.85,-120.22,24.78
1026,-33.94,-481.79,-131.91,32.23
1027,-5.94,-472.08,-58.8,16.81
1028,-22.04,-468.31,-117.95,39.76
1029,-23.42,-455.96,-171.09,21.13
1030,-25.72,-457.1,-133.69,27.35
1031,-30.39,-477.84,-89.93,26.85
1032,-27.4,-470.27,-139.31,25.68
1033,-18.4,-428.58,-95.18,7.04
1034,-19.17,-516.0,-133.66,45.02
1035,-32.75,-486.79,-132.73,52.31
1036,-26.2,-461.78,-65.98,68.56
1037,-26.86,-481.66,-141.16,22.32
1038,-20.79,-463.71,-137.88,10.65
1039,-34.96,-475.79,-173.62,-16.41
1040,-32.57,-487.38,-67.24,-7.52
1041,-24.61,-483.41,-109.72,61.64
1042,-25.85,-462.7,-86.33,23.73
1043,-20.6,-473.26,-133.93,25.82
1044,-28.8,-485.69,-145.58,10.5
1045,-23.29,-469.7,-113.21,18.19
1046,-24.37,-478.8,-86.2,-72.91
1047,-25.1,-467.07,-131.55,87.06
1048,-27.84,-442.12,-39.13,38.35
1049,-35.29,-416.77,-181.37,17.89
1050,-16.12,-497.69,-78.33,38.26
1051,-18.99,-508.25,-135.13,71.74
1052,-22.96,-480.58,-89.89,-12.67
1053,-29.82,-486.45,-131.84,10.95
1054,-17.94,-491.56,-108.56,34.2
1055,-23.16,-461.0,-83.5,24.97
1056,-35.6,-508.31,-197.62,4.92
1057,-35.18,-445.61,-106.71,37.47
1058,-24.83,-475.38,-124.67,24.06
1059,-23.55,-468.01,-18.76,35.58
1060,-10.82,-483.43,-141.95,-23.04
1061,-17.01,-463.06,-149.21,48.32
1062,-22.36,-430.87,-119.66,12.41
1063,-27.34,-485.32,-92.53,38.71
1064,-18.31,-490.62,-153.66,29.03
1065,-29.39,-475.98,-121.48,29.2
1066,-26.35,-468.6,-79.89,21.41
1067,-11.78,-475.03,-100.49,38.96
1068,-19.86,-463.59,-177.16,9.93
1069,-27.07,-473.19,-113.53,45.66
1070,-19.46,-475.39,-104.1,26.31
1071,-19.35,-461.81,-132.07,21.91
1072,-18.33,-485.6,-131.09,13.42
1073,-20.06,-484.83,-63.75,27.25
1074,-23.34,-428.63,-156.71,18.21
1075,-28.27,-476.29,-115.52,20.08
1076,-19.59,-479.67,-120.45,25.2
1077,-19.88,-481.43,-114.07,27.05
1078,-19.33,-467.76,-136.23,13.89
1079,-18.59,-476.05,-112.98,35.04
1080,-18.12,-479.69,-77.77,35.16
1081,-25.5,-466.2,-151.2,25.94
1082,-27.75,-471.1,-109.61,4.73
1083,-27.15,-477.98,-108.54,38.44
1084,-24.82,-468.32,-130.06,12.56
1085,-20.14,-456.35,-52.64,29.0
1086,-22.19,-475.57,-152.44,24.79
1087,-30.2,-472.12,-114.12,25.19
1088,-12.27,-459.09,-37.3,71.64
1089,-10.28,-439.45,-103.54,-2.02
1090,-27.96,-487.88,-183.51,59.56
1091,-32.32,-503.98,-119.64,-12.09
1092,-16.54,-461.93,-106.94,41.35
1093,-16.62,-475.98,-114.19,44.66
1094,-24.52,-476.8,-147.21,6.63
1095,-27.63,-461.91,-111.38,26.25
1096,-16.78,-459.9,-121.06,12.36
1097,-19.56,-456.06,-127.31,7.66
1098,-22.59,-476.52,-113.53,56.24
1099,-23.36,-479.15,-124.72,13.64
1100,-22.65,-481.03,-117.22,36.95
1101,-28.24,-439.65,-127.69,16.47
1102,-26.54,-477.41,-105.14,49.22
1103,-9.41,-483.8,-92.6,-1.17
1104,-9.55,-463.06,-120.78,55.77
1105,-17.53,-469.58,-90.08,33.69
1106,-17.81,-466.02,-83.2,38.28
1107,-27.58,-473.81,-212.41,-11.95
1108,-20.65,-454.43,-15.43,68.57
1109,-19.16,-424.84,-167.63,33.82
1110,-30.54,-508.06,-133.15,-2.96
1111,-32.09,-478.83,-82.55,71.25
1112,-10.74,-444.72,-130.69,0.64
1113,-14.53,-493.21,-95.79,46.09
1114,-19.19,-495.79,-133.9,28.94
1115,-19.27,-474.09,-146.26,16.81
1116,-43.0,-481.64,-104.29,44.84
1117,-27.37,-445.73,-127.58,-13.57
1118,-0.15,-454.34,-26.96,63.69
1119,-15.1,-479.29,-189.82,18.94
1120,-16.31,-474.58,-126.47,30.05
1121,-13.84,-480.32,-118.38,39.93
1122,-17.3,-470.27,-116.76,33.8
1123,-15.69,-468.02,-131.37,19.85
1124,-29.06,-487.93,-118.7,24.85
1125,-25.77,-467.0,-105.64,33.64
1126,-12.26,-468.53,-122.7,2.54
1127,-15.43,-458.72,-102.88,36.71
1128,-11.99,-461.28,-85.32,50.91
1129,-20.09,-467.83,-141.8,15.29
1130,-19.33,-480.97,-66.64,27.27
1131,-23.91,-465.31,-120.62,9.86
1132,-17.69,-459.21,-144.83,44.37
1133,-21.59,-481.04,-121.92,23.21
1134,-27.32,-473.4,-121.45,40.37
1135,-15.48,-465.05,-124.76,23.77
1136,-18.02,-475.65,-105.91,21.92
1137,-21.23,-465.83,-173.81,8.99
1138,-13.97,-467.27,-109.58,37.97
1139,-23.33,-480.18,-116.84,25.41
1140,-26.36,-469.51,-109.87,33.43
1141,-14.9,-461.77,-103.35,33.94
1142,-8.69,-454.86,-118.55,52.66
1143,-16.01,-480.69,-134.05,-3.93
1144,-25.92,-472.73,-77.22,32.18
1145,-37.17,-464.97,-123.48,32.7
1146,-28.81,-470.27,-115.14,44.4
1147,-13.97,-476.02,-106.66,31.5
1148,-20.78,-458.97,-135.02,15.24
1149,-21.34,-465.59,-117.15,44.41
1150,-18.45,-459.02,-116.94,30.8
1151,-26.74,-480.72,-130.6,24.84
1152,-27.24,-471.13,-103.53,29.06
1153,-26.42,-472.77,-78.44,38.21
1154,-14.19,-470.96,-144.87,27.04
1155,-10.65,-468.31,-122.56,28.43
1156,-12.33,-450.64,-126.39,9.14
1157,-21.39,-474.61,-127.43,31.8
1158,-34.01,-483.86,-93.44,48.93
1159,-16.02,-459.64,-59.64,40.27
1160,-23.62,-478.13,-122.08,13.68
1161,-31.17,-468.64,-148.74,18.18
1162,-30.5,-464.87,-108.27,24.58
1163,-21.58,-460.53,-139.8,16.08
1164,-23.13,-439.99,-121.92,38.53
1165,-17.56,-480.16,-117.66,33.38
1166,-13.46,-476.76,-125.61,22.19
1167,-23.5,-485.35,-112.64,32.57
1168,-27.25,-468.5,-121.97,34.35
1169,-22.91,-467.69,-124.17,24.28
1170,-6.22,-457.44,-132.26,19.55
1171,-10.12,-444.88,-111.05,28.52
1172,-42.65,-509.86,-123.52,33.0
1173,-20.01,-433.67,-124.04,27.38
1174,-14.64,-388.65,-116.11,23.78
1175,-30.57,-490.69,-125.79,23.09
1176,-32.87,-527.77,-114.43,29.17
1177,-11.98,-385.87,-111.36,41.55
1178,-11.99,-398.33,-119.85,4.95
1179,-36.51,-600.78,-115.58,18.66
1180,-29.57,-514.98,-123.81,22.99
1181,-17.21,-494.69,-99.26,32.14
1182,-25.08,-481.94,-115.85,21.98
1183,-18.82,-473.85,-100.5,27.18
1184,-23.29,-488.94,-53.4,24.26
1185,-30.84,-496.33,-155.28,27.54
1186,-18.78,-457.03,-92.4,18.94
1187,-19.51,-476.61,-108.03,-43.48
1188,-20.64,-461.3,-133.45,42.15
1189,-26.34,-463.42,-121.1,33.57
1190,-14.48,-462.31,-120.47,19.7
1191,-24.69,-486.12,-57.58,56.57
1192,-31.35,-473.51,-135.54,3.77
1193,-30.24,-479.2,-141.85,5.05
1194,-7.2,-453.45,-23.01,15.84
1195,-11.71,-473.77,-178.71,4.34
1196,-19.77,-476.5,-184.55,26.39
1197,-23.27,-465.91,-60.37,8.7
1198,-14.54,-440.29,-145.17,10.26
1199,-25.31,-457.76,-96.96,6.69
1200,-20.99,-479.89,-55.04,-53.04
1201,-19.73,-479.08,77.02,142.66
1202,-16.94,-463.34,-252.96,-30.04
1203,-13.37,-490.96,-68.55,75.83
1204,-16.09,-496.11,-99.45,-87.13
1205,-14.44,-474.33,-178.91,28.53
1206,-20.51,-486.06,-94.67,26.63
1207,-10.44,-470.4,16.09,85.43
1208,-43.24,-508.02,-395.93,-123.27
1209,15.12,-473.57,-44.88,49.32
1210,-2.07,-524.74,64.25,190.71
1211,-41.68,-532.71,-285.89,-54.2
1212,-30.32,-494.53,-185.13,-181.26
1213,-20.6,-493.2,139.86,-29.16
1214,-24.62,-487.54,-312.44,81.69
1215,-5.48,-456.28,10.61,-44.76
1216,-18.87,-485.24,-87.74,22.78
1217,-11.06,-487.5,-12.22,17.26
1218,-22.44,-485.55,-99.61,44.92
1219,-28.64,-474.87,-178.45,-38.67
1220,-8.11,-480.59,-223.6,8.25
1221,-13.15,-480.61,-170.45,89.16
1222,-35.48,-487.65,-48.43,-43.43
1223,-10.54,-370.55,-113.03,31.48
1224,-18.81,-491.08,15.66,41.79
1225,-8.51,-502.48,-117.79,90.6
1226,-18.0,-501.49,-133.07,77.94
1227,-12.98,-482.97,-224.94,-149.94
1228,-20.57,-509.16,-165.42,32.75
1229,-12.73,-484.17,-83.42,12.48
1230,-10.09,-467.98,24.14,-43.62
1231,-9.49,-488.8,-42.23,175.96
1232,-20.72,-484.49,-103.9,-13.95
1233,-27.46,-494.29,-237.72,-59.6
1234,14.22,-478.0,210.62,140.93
1235,-36.5,-508.73,-266.25,-55.82
1236,-10.06,-471.48,46.99,74.77
1237,-20.51,-491.54,-146.89,47.39
1238,4.23,-463.38,8.46,46.59
1239,-10.24,-488.68,-188.9,-140.24
1240,-24.72,-495.78,-99.2,9.78
1241,10.1,-469.14,17.0,-8.78
1242,-43.06,-504.98,-77.62,87.33
1243,-17.7,-486.76,-283.13,15.67
1244,-26.27,-472.86,-60.35,73.47
1245,11.97,-463.18,-102.72,30.43
1246,10.13,-473.16,40.93,117.56
1247,-34.31,-495.9,-138.8,-21.55
1248,-13.58,-467.34,-201.72,-32.79
1249,-22.73,-508.01,-46.76,81.91
1250,8.74,-465.11,86.97,-23.54
1251,-2.96,-479.08,172.51,63.47
1252,-15.71,-491.09,-519.3,-45.61
1253,-32.3,-492.83,-57.15,-3.09
1254,-21.96,-471.05,-110.23,84.99
1255,-19.32,-470.93,-92.72,32.83
1256,-20.18,-475.16,-93.48,-22.6
1257,21.67,-462.35,100.94,87.11
1258,-29.76,-502.55,-65.88,30.12
1259,-19.99,-468.46,-310.36,-2.27
1260,-25.8,-478.6,-132.08,74.86
1261,-22.04,-477.5,-64.39,23.92
1262,-16.8,-468.67,-131.31,26.71
1263,-11.15,-485.97,329.42,67.59
1264,18.05,-465.19,-136.38,6.1
1265,-42.14,-509.99,-160.6,77.67
1266,-21.91,-485.11,-193.54,-37.83
1267,17.75,-456.7,227.68,-11.54
1268,-38.12,-529.47,-33.06,125.72
1269,0.65,-471.32,-282.18,-84.0
1270,-0.48,-470.83,111.55,79.76
1271,0.69,-482.85,459.01,165.34
1272,-34.94,-496.37,-485.52,99.96
1273,-30.22,-471.17,-302.94,-57.13
1274,-23.13,-463.56,130.85,40.98
1275,9.45,-457.43,-107.99,-35.18
1276,-25.31,-480.59,-219.92,53.62
1277,-10.46,-468.67,243.74,129.44
1278,-17.08,-459.86,-424.88,-91.7
1279,-25.9,-502.72,223.64,119.88
1280,-30.88,-504.85,-350.57,-6.61
1281,-29.12,-452.26,-247.98,3.66
1282,0.92,-497.0,-32.57,150.74
1283,-25.21,-472.66,-290.15,-9.13
1284,-10.28,-462.56,-220.44,-88.04
1285,4.83,-457.9,393.47,56.38
1286,-31.04,-501.1,-180.06,116.71
1287,-21.1,-482.68,-231.03,-16.26
1288,18.03,-470.06,-26.53,134.87
1289,-27.23,-496.82,-363.65,-19.68
1290,2.29,-474.66,171.97,28.26
1291,-40.05,-508.36,-354.66,30.87
1292,0.74,-451.58,-159.36,-17.19
1293,-29.91,-477.65,-201.95,-41.9
1294,-22.08,-486.32,-138.2,7.09
1295,9.36,-466.97,451.99,65.75
1296,-3.82,-495.29,-287.75,41.0
1297,-36.25,-495.26,-346.58,-26.68
1298,15.91,-463.9,148.82,108.57
1299,-29.46,-490.61,-262.87,147.0
1300,-35.57,-489.57,-218.6,-56.57
1301,-34.42,-481.09,-230.73,-39.43
1302,-13.35,-458.44,-156.29,75.41
1303,-35.08,-485.16,-38.64,31.09
1304,-21.49,-465.92,-188.33,101.68
1305,-18.62,-479.72,-193.35,-21.61
1306,-20.85,-476.31,-112.91,16.82
1307,-14.11,-467.5,-24.81,29.87
1308,-16.89,-478.03,83.82,173.08
1309,-11.0,-443.34,-172.94,-47.63
1310,-36.13,-500.96,-274.04,18.96
1311,-0.59,-484.02,-59.2,-6.06
1312,-20.84,-468.39,-263.32,22.13
1313,-15.22,-477.38,-10.94,65.2
1314,-19.38,-469.7,-223.03,45.01
1315,-25.88,-471.71,-147.14,-24.91
1316,-24.37,-500.62,132.95,138.22
1317,-15.1,-463.68,-333.37,-28.71
1318,-14.22,-445.46,-150.56,87.34
1319,-0.24,-457.14,-5.85,35.45
1320,-31.14,-480.13,-163.83,94.29
1321,-49.76,-481.81,-52.07,25.47
1322,-24.27,-464.11,-202.65,49.88
1323,-10.64,-450.2,-117.12,16.45
1324,-31.34,-491.66,-148.62,2.03
1325,-15.31,-461.67,-161.27,23.58
1326,-21.62,-476.59,-98.57,87.62
1327,-1.9,-462.47,-69.01,4.84
1328,-18.75,-488.82,-207.41,52.36
1329,-11.2,-469.97,-62.09,63.88
1330,-31.95,-482.11,-186.02,8.36
1331,-8.86,-473.45,30.28,76.13
1332,-18.22,-480.5,19.88,9.93
1333,-20.49,-464.49,-221.98,54.74
1334,-26.72,-465.11,-197.37,1.05
1335,-20.89,-468.83,-199.85,45.24
1336,-16.13,-470.88,-26.11,38.43
1337,-34.47,-499.83,-140.53,54.67
1338,-14.72,-462.44,-176.11,9.92
1339,0.29,-467.23,88.13,93.02
1340,-14.92,-489.47,-261.8,-47.78
1341,-18.32,-470.49,-62.81,36.74
1342,-28.43,-478.68,-153.09,48.21
1343,-17.28,-471.58,-159.24,48.31
1344,-19.15,-473.29,-123.28,68.33
1345,-5.4,-461.51,147.05,40.51
1346,-20.3,-495.13,-367.03,107.02
1347,-10.78,-478.71,-151.98,-54.5
1348,-14.98,-465.87,-52.05,44.58
1349,-15.95,-480.57,-117.12,38.25
1350,-11.89,-476.1,-83.75,58.07
1351,-25.45,-474.81,-224.97,20.14
1352,-29.89,-470.19,-124.04,7.03
1353,-21.32,-469.75,-118.3,65.61
1354,-17.16,-464.39,-89.29,26.76
1355,-24.18,-470.55,29.06,74.45
1356,-8.26,-461.73,-210.78,-4.81
1357,-13.04,-477.29,-1.59,33.27
1358,0.62,-489.58,-75.37,-2.15
1359,-8.5,-462.01,-78.57,179.69
1360,-8.06,-486.66,-228.07,-7.51
1361,-24.61,-484.99,-251.93,42.11
1362,-29.7,-472.3,-126.26,-45.42
1363,-24.08,-478.79,-98.74,28.78
1364,-19.68,-466.57,-108.75,43.75
1365,-27.93,-464.97,-114.7,51.46
1366,-31.68,-468.31,-115.82,47.18
1367,9.24,-458.15,21.87,17.37
1368,5.06,-475.79,36.67,38.4
1369,-11.25,-465.1,-286.93,43.29
1370,-14.23,-475.19,-108.55,34.44
1371,-21.65,-475.41,-197.35,22.95
1372,-11.24,-459.03,-93.97,94.26
1373,-19.05,-477.97,-137.34,-16.3
1374,-26.64,-475.6,-106.13,45.11
1375,-20.01,-463.17,-126.3,40.55
1376,-27.25,-467.71,-115.66,37.87
1377,-27.66,-480.39,-123.78,37.18
1378,-25.88,-457.83,-117.33,33.41
1379,-19.78,-463.55,-111.85,41.72
1380,4.51,-458.12,-81.25,30.9
1381,1.11,-469.22,214.79,71.63
1382,-6.19,-480.23,-376.71,85.08
1383,-25.49,-477.59,-157.2,-62.54
1384,-19.04,-470.11,-117.47,27.59
1385,-12.52,-467.14,-2.34,34.07
1386,-5.72,-465.64,31.85,104.79
1387,-29.43,-470.02,-173.24,-24.77
1388,-8.68,-474.56,-197.51,-57.02
1389,-16.38,-473.02,-181.37,46.43
1390,-4.06,-483.68,-40.94,38.96
1391,-11.24,-461.15,-14.0,119.87
1392,-18.33,-478.96,-114.37,-38.37
1393,-28.08,-489.49,-209.1,0.93
1394,-17.4,-474.73,-143.1,44.26
1395,-21.43,-458.93,-102.18,-0.14
1396,-32.25,-476.62,-92.99,43.1
1397,-10.26,-477.66,-13.76,46.08
1398,-23.37,-480.44,-197.0,49.75
1399,-19.04,-458.61,-83.24,12.92
1400,-12.2,-476.42,-84.99,48.17
1401,-24.25,-467.36,-78.0,53.48
1402,-0.07,-459.32,114.11,9.57
1403,-12.17,-496.98,75.49,97.59
1404,-43.15,-489.23,-354.93,4.25
1405,-24.97,-475.79,-285.37,-69.94
1406,-14.16,-473.3,-88.38,0.96
1407,-20.12,-483.24,-70.21,54.89
1408,-11.85,-459.36,-79.93,8.84
1409,-24.58,-469.82,-191.22,93.33
1410,-25.05,-473.25,-92.07,15.54
1411,-21.61,-470.41,-146.47,4.49
1412,-6.86,-455.06,-139.77,20.56
1413,-15.72,-474.6,-92.45,27.53
1414,-25.06,-469.91,-110.28,69.24
1415,-14.68,-457.22,-149.81,41.33
1416,-20.62,-466.51,-60.39,46.46
1417,-25.63,-466.07,-137.1,37.72
1418,-19.42,-468.86,-107.6,70.24
1419,6.29,-453.96,108.97,22.69
1420,-26.25,-485.21,-216.81,-27.45
1421,-26.82,-461.66,-161.08,23.74
1422,-24.08,-469.1,-117.29,-3.4
1423,-9.51,-472.42,-79.57,-19.27
1424,-8.91,-459.64,-128.1,101.53
1425,-12.47,-473.36,-146.76,31.36
1426,-24.25,-457.92,-128.79,25.0
1427,-17.98,-466.87,-116.27,37.72
1428,-11.06,-445.79,67.43,42.0
1429,-36.34,-469.56,-221.77,64.6
1430,-30.07,-469.36,-85.09,16.44
1431,3.94,-473.58,-23.35,37.17
1432,-3.2,-461.27,-124.92,77.98
1433,-24.4,-472.39,-173.31,-11.45
1434,-24.6,-471.71,-131.18,29.91
1435,-23.97,-463.21,-121.14,28.81
1436,-22.21,-467.53,-123.95,34.11
1437,-20.25,-468.73,-124.74,33.86
1438,-25.62,-462.29,-119.15,32.07
1439,-34.34,-464.64,-114.35,32.96
1440,-31.2,-469.08,-112.7,26.33
1441,3.57,-446.83,-11.13,-30.19
1442,-12.5,-479.68,-207.76,39.61
1443,-18.3,-465.54,-105.08,48.04
1444,-1.46,-474.84,-60.32,32.38
1445,-9.42,-457.62,-193.2,-23.88
1446,-17.54,-469.39,-129.0,32.43
1447,-12.66,-477.74,-30.17,42.03
1448,-24.18,-475.63,-39.37,42.94
1449,-29.86,-472.79,-192.04,20.55
1450,-18.4,-468.55,-44.34,-31.87
1451,-14.93,-473.83,-159.06,68.09
1452,-19.66,-465.39,-138.03,-15.38
1453,-14.11,-462.95,-137.19,24.2
1454,-18.97,-473.87,-102.13,8.42
1455,-19.4,-460.05,-113.17,-1.71
1456,-22.98,-473.41,-129.02,63.43
1457,-29.38,-488.54,-115.27,24.63
1458,-11.98,-467.75,-106.92,38.64
1459,-25.61,-473.88,-141.03,18.99
1460,-20.43,-459.77,-108.23,22.17
1461,-14.49,-469.38,-54.97,19.42
1462,-25.73,-484.33,-242.03,-8.84
1463,-17.62,-468.56,-100.98,12.01
1464,-14.8,-466.97,-39.53,23.51
1465,-5.48,-469.73,-131.85,-27.18
1466,-20.0,-456.49,-49.33,103.79
1467,-9.55,-472.22,-150.88,-15.43
1468,-22.78,-469.66,-131.61,11.16
1469,-21.18,-469.24,-163.89,-2.61
1470,-27.07,-484.14,-158.04,-10.97
1471,-19.11,-466.62,-94.14,42.97
1472,-8.89,-453.47,-120.11,14.94
1473,-17.58,-486.17,-127.34,30.82
1474,-27.45,-474.05,-105.64,26.09
1475,-13.19,-474.49,55.89,69.37
1476,-17.06,-474.0,-234.39,17.07
1477,-27.44,-471.12,-125.26,23.42
1478,-22.33,-455.62,-133.51,-3.07
1479,-22.33,-469.96,10.07,14.71
1480,-4.02,-470.74,-202.6,26.89
1481,-6.27,-462.55,-140.42,56.18
1482,-26.89,-462.26,-129.46,12.22
1483,-14.21,-462.43,-89.32,-87.64
1484,-27.65,-497.28,-207.47,91.9
1485,-14.16,-464.05,-113.99,2.78
1486,-23.92,-474.45,-110.13,40.79
1487,-12.12,-472.24,-119.17,27.66
1488,-16.76,-461.69,-122.83,26.32
1489,-20.26,-468.49,-122.57,23.1
1490,-2.67,-472.74,42.46,47.33
1491,-18.34,-473.16,-141.62,21.05
1492,-22.24,-479.27,-207.87,-20.88
1493,-17.02,-454.15,19.25,63.09
1494,-19.35,-467.71,-216.13,34.28
1495,-27.89,-474.31,-130.86,8.05
1496,-25.3,-482.22,-128.98,15.92
1497,-22.97,-471.24,-117.76,14.12
1498,-23.1,-460.85,-135.89,16.67
1499,-22.55,-467.18,-114.89,25.46
1500,-17.56,-479.47,-106.85,22.45
1501,-8.9,-483.06,-139.4,12.58
1502,-27.65,-458.08,-116.86,30.0
1503,-19.24,-462.77,-106.0,23.29
1504,-12.11,-477.06,120.81,27.33
1505,-15.43,-461.43,-322.74,72.23
1506,-33.86,-485.65,-146.99,-18.81
1507,-23.02,-474.05,-118.22,12.19
1508,-17.1,-458.94,-78.03,-26.33
1509,-36.03,-483.19,-148.65,22.36
1510,-17.79,-469.85,-120.21,38.19
1511,-26.77,-472.5,-66.46,12.39
1512,-19.8,-465.08,-143.51,24.48
1513,-12.28,-468.87,-112.18,26.52
1514,-16.42,-472.78,-98.65,19.89
1515,-12.24,-460.43,-71.71,36.65
1516,-21.04,-472.57,-184.64,32.08
1517,-19.73,-475.84,-125.58,15.2
1518,-24.24,-462.76,-129.73,3.17
1519,-16.27,-496.24,-54.35,66.82
1520,-34.33,-498.72,-175.36,21.74
1521,-21.15,-459.12,-126.3,2.61
1522,-21.46,-450.71,-123.26,11.83
1523,-10.57,-457.86,-173.28,-0.94
1524,-22.38,-470.84,-85.77,26.8
1525,-25.57,-458.84,-61.1,39.41
1526,-22.27,-464.65,-71.95,10.95
1527,-13.6,-474.87,-116.65,14.97
1528,-9.11,-464.45,-127.74,58.52
1529,-26.24,-466.1,-194.54,-7.44
1530,-25.87,-472.45,-91.88,36.05
1531,-14.3,-467.62,-143.57,34.07
1532,-9.28,-456.21,-129.65,37.84
1533,-29.04,-486.69,-122.53,19.81
1534,-21.76,-476.45,-89.77,13.2
1535,-22.75,-463.85,-145.54,-10.59
1536,-8.67,-459.62,-130.5,37.59
1537,-21.25,-476.94,-141.74,39.28
1538,-29.9,-480.98,-97.1,16.63
1539,-20.77,-464.05,-143.24,-43.64
1540,-24.37,-469.38,-148.61,28.97
1541,-19.02,-469.61,-114.13,25.08
1542,1.39,-448.58,-12.75,-37.29
1543,-35.71,-487.74,-225.11,34.18
1544,-13.38,-460.13,-112.2,20.75
1545,-17.32,-458.12,-75.25,41.86
1546,-21.29,-477.41,-141.42,28.8
1547,-23.99,-474.79,-141.54,3.65
1548,-15.84,-470.25,-132.14,19.14
1549,-27.2,-474.4,-55.78,15.75
1550,-27.28,-479.07,-153.78,-12.73
1551,-20.25,-465.64,-141.0,28.06
1552,-18.03,-462.84,-30.32,44.95
1553,-15.28,-465.06,-203.5,27.44
1554,-20.76,-463.63,-130.26,14.33
1555,-22.98,-475.03,-112.95,11.78
1556,-18.67,-474.19,-52.61,17.42
1557,-21.21,-467.41,-191.34,0.49
1558,-25.32,-467.07,-106.16,16.73
1559,-27.36,-468.19,-112.14,31.95
1560,-17.49,-474.14,-93.45,12.07
1561,-14.03,-467.45,-109.44,37.65
1562,-19.21,-475.15,-84.25,21.31
1563,-9.5,-464.48,-132.15,45.19
1564,-25.52,-471.18,-120.49,3.56
1565,-24.95,-465.9,-109.98,22.05
1566,-20.93,-473.3,-131.34,-36.93
1567,-27.88,-471.49,-83.05,51.21
1568,-25.35,-462.11,-108.65,5.92
1569,-22.59,-466.8,-64.35,46.3
1570,-24.7,-469.72,-168.18,6.62
1571,-28.43,-467.29,-101.84,-1.15
1572,-36.99,-452.29,-17.04,27.95
1573,-53.69,-477.65,-186.67,32.4
1574,-52.42,-474.92,-120.04,56.81
1575,-61.06,-459.36,-75.7,62.27
1576,-56.3,-472.22,-155.27,-19.13
1577,-68.07,-492.81,-139.06,27.85
1578,-69.24,-460.11,-111.74,3.34
1579,-71.31,-452.89,-114.83,13.99
1580,-70.21,-469.18,-51.98,55.22
1581,-73.64,-454.03,-149.77,-3.04
1582,-68.46,-426.77,-129.13,12.65
1583,-73.15,-486.0,-118.19,19.04
1584,-81.86,-477.34,-128.86,14.47
1585,-74.62,-459.15,-113.67,26.08
1586,-71.56,-470.39,-115.41,24.79
1587,-68.91,-464.53,5.99,40.51
1588,-58.55,-463.0,-182.36,16.6
1589,-61.61,-465.77,-125.53,22.84
1590,-64.97,-478.57,-124.37,18.89
1591,-58.41,-469.06,-119.04,23.1
1592,-62.51,-465.39,-115.88,-6.17
1593,-57.85,-468.1,-123.34,32.69
1594,-54.54,-472.51,-123.17,12.12
1595,-62.04,-462.61,-113.3,18.49
1596,-61.61,-478.88,-138.06,9.69
1597,-53.45,-472.2,-107.66,21.69
1598,-51.81,-466.02,-114.98,17.67
1599,-30.68,-469.8,-75.62,14.36
1600,-43.51,-474.82,-123.73,37.78
1601,-45.0,-472.75,-111.97,-31.3
1602,-19.22,-477.36,-125.71,62.65
1603,-15.43,-473.44,-92.2,18.18
1604,-18.3,-471.42,-65.09,27.42
1605,-16.86,-470.27,-102.53,49.28
1606,-23.89,-472.1,-145.07,-19.39
1607,-17.0,-468.36,-122.26,7.31
1608,-10.85,-468.55,-113.89,14.11
1609,-8.22,-470.28,-72.9,9.17
1610,-6.54,-477.86,-120.19,45.07
1611,-12.04,-467.93,-123.45,11.1
1612,-13.42,-459.51,-125.7,28.05
1613,-8.09,-464.79,-119.06,14.29
1614,-2.72,-463.97,-116.82,-17.37
1615,-5.58,-461.42,-126.78,16.3
1616,-10.52,-463.13,-112.39,36.06
1617,-5.76,-467.32,-110.73,-20.37
1618,-12.96,-469.96,-97.19,60.09
1619,-12.67,-464.32,-131.48,1.18
1620,6.07,-463.85,-41.36,75.76
1621,-11.37,-471.64,-34.97,8.69
1622,4.64,-451.85,-194.62,0.76
1623,1.7,-457.81,-112.68,15.01
1624,-10.36,-474.97,-117.4,-1.6
1625,-9.89,-471.88,-114.51,24.57
1626,-5.94,-466.01,-94.66,20.44
1627,-11.4,-468.66,-87.14,-40.91
1628,3.08,-458.8,-38.8,31.95
1629,-17.76,-461.82,-173.41,31.42
1630,-14.27,-469.54,-121.76,17.72
1631,-4.99,-453.37,34.3,-14.17
1632,-18.23,-474.77,-141.16,49.57
1633,-4.39,-459.55,-164.65,28.47
1634,-18.51,-473.49,-126.28,10.01
1635,-0.24,-448.71,-57.76,60.88
1636,-18.41,-463.7,-78.57,13.95
1637,-9.82,-471.2,-75.5,55.63
1638,-18.32,-469.22,-158.86,-10.75
1639,-15.92,-464.55,-96.89,23.92
1640,-6.36,-462.57,-128.0,-6.63
1641,-9.52,-460.73,-131.89,-12.24
1642,-15.5,-457.98,-115.7,28.38
1643,-3.07,-469.16,-10.87,8.72
1644,-9.74,-474.35,-74.56,15.28
1645,-17.71,-458.41,-227.6,15.06
1646,-12.36,-462.73,-73.41,43.64
1647,-20.86,-470.75,-75.24,32.17
1648,-25.35,-460.0,-55.2,60.48
1649,-17.95,-461.89,-49.38,-22.1
1650,-14.48,-470.72,-89.98,46.4
1651,-4.56,-456.6,-144.44,-9.1
1652,-3.44,-466.65,-92.25,-52.36
1653,-7.14,-487.92,-220.41,68.7
1654,-13.95,-462.91,-113.53,6.4
1655,-18.94,-462.65,-81.31,-7.42
1656,-15.35,-480.11,-101.3,-5.3
1657,-1.75,-457.4,-34.9,34.0
1658,-9.91,-467.92,-183.6,51.34
1659,-26.02,-465.57,-125.25,9.19
1660,-18.07,-462.89,-72.94,8.24
1661,-14.71,-470.66,-86.67,-15.86
1662,-21.73,-462.31,-150.71,34.33
1663,-8.25,-459.38,-55.87,-7.1
1664,-16.14,-473.86,-287.11,-94.87
1665,-10.83,-466.04,-63.93,25.5
1666,-12.7,-473.53,-20.59,141.26
1667,-28.82,-488.37,-109.61,-10.08
1668,-6.66,-458.31,-72.93,7.1
1669,-26.75,-488.82,1.88,6.79
1670,-7.59,-483.87,-217.13,61.06
1671,24.06,-474.22,-402.42,-129.68
1672,12.78,-480.09,-64.2,76.51
1673,-11.86,-503.31,-180.51,-22.86
1674,-19.63,-503.26,-88.35,-76.04
1675,4.82,-464.19,-232.93,75.54
1676,-6.0,-504.44,39.5,96.68
1677,-21.41,-526.54,-350.7,-187.79
1678,-16.23,-459.23,-90.3,-74.85
1679,-18.41,-481.04,-40.97,72.3
1680,7.06,-495.41,135.82,55.14
1681,-19.02,-480.84,-312.49,-42.97
1682,-6.3,-467.85,78.62,13.53
1683,-11.55,-475.86,-60.21,8.98
1684,-12.99,-477.21,-239.29,-17.4
1685,-13.21,-466.55,47.39,-0.44
1686,-22.98,-504.46,-259.12,-43.74
1687,-2.79,-490.27,-10.39,76.46
1688,-4.19,-458.2,-141.33,32.13
1689,-5.07,-470.87,-172.23,4.71
1690,-7.97,-500.89,-34.24,60.82
1691,8.7,-461.47,-175.91,35.17
1692,-7.02,-464.84,-45.65,17.8
1693,7.62,-466.43,113.93,-7.04
1694,-15.71,-491.16,-243.93,85.65
1695,24.97,-473.85,-12.79,127.47
1696,22.79,-484.37,-236.72,-128.56
1697,23.31,-445.0,-61.17,-98.85
1698,1.84,-491.5,3.89,9.61
1699,-6.86,-501.08,-151.09,46.73
1700,2.71,-494.35,46.46,42.1
1701,32.05,-460.97,-163.07,21.56
1702,-19.22,-488.75,-146.38,69.62
1703,-4.68,-480.52,-184.26,-17.2
1704,10.74,-458.51,-80.93,53.26
1705,-12.01,-492.97,-71.57,17.08
1706,-8.69,-470.09,-154.78,21.39
1707,-21.41,-469.26,-87.65,21.74
1708,-8.66,-474.09,178.03,54.32
1709,-28.07,-472.48,-193.96,30.43
1710,-36.46,-471.86,-189.17,26.3
1711,-8.88,-459.9,87.98,73.27
1712,-21.12,-483.56,-239.85,41.31
1713,-47.45,-510.81,-278.73,-49.71
1714,-19.92,-464.96,25.21,-9.86
1715,-21.52,-466.09,177.78,193.17
1716,0.19,-474.85,-95.34,-203.82
1717,-33.45,-491.35,-250.81,68.08
1718,-37.92,-476.93,-158.38,41.87
1719,-38.7,-472.7,-123.88,46.14
1720,-36.42,-491.42,1.24,85.66
1721,-14.01,-449.17,-64.22,13.86
1722,-37.32,-464.27,-129.12,58.68
1723,-29.77,-477.78,28.02,48.09
1724,-24.26,-482.6,-152.38,86.14
1725,-39.63,-471.33,397.29,84.56
1726,-34.95,-476.37,-432.5,-16.43
1727,-26.02,-481.87,-113.29,-0.88
1728,-35.27,-480.33,-176.94,79.27
1729,-26.15,-479.15,71.18,51.15
1730,-38.57,-484.4,-201.82,13.28
1731,-20.33,-463.99,-49.56,90.13
1732,-19.21,-455.7,-14.23,1.49
1733,-29.9,-487.35,59.84,55.29
1734,-22.45,-486.41,-255.52,38.2
1735,-31.52,-489.98,-166.02,-66.7
1736,-37.04,-494.47,-99.47,89.76
1737,-44.48,-483.89,-89.18,58.41
1738,-46.03,-464.97,-168.41,63.62
1739,-26.99,-460.7,-102.38,36.1
1740,-28.91,-484.93,-63.62,70.32
1741,-47.71,-483.31,-89.07,14.99
1742,-25.19,-470.72,-6.94,8.36
1743,-46.37,-506.47,-126.87,170.74
1744,-31.98,-488.89,-112.24,-6.6
1745,-16.17,-475.25,-126.78,15.07
1746,-20.51,-484.2,-126.05,96.46
1747,-21.92,-491.31,-161.63,45.82
1748,-37.34,-481.28,-144.58,-52.09
1749,-28.34,-474.49,-75.33,59.49
1750,-27.24,-474.14,-95.78,85.55
1751,-19.13,-465.79,-100.13,7.89
1752,-15.58,-462.71,-115.5,55.94
1753,-17.4,-482.53,-106.8,18.2
1754,10.36,-455.38,347.81,160.04
1755,-45.08,-498.8,-406.09,-36.51
1756,-15.83,-474.69,-158.67,-17.36
1757,-15.18,-465.31,-126.63,89.26
1758,-19.37,-458.48,-141.11,7.52
1759,-20.74,-476.85,-96.93,37.93
1760,-11.25,-480.4,-117.23,35.72
1761,-13.26,-474.15,116.43,43.11
1762,-15.63,-475.44,-206.84,140.32
1763,-10.42,-474.18,-154.65,-79.54
1764,-6.3,-467.96,-22.36,70.5
1765,-9.49,-461.95,-134.95,44.16
1766,-4.6,-459.46,-188.15,49.66
1767,-34.2,-487.02,-81.38,48.0
1768,-21.71,-466.86,-107.35,36.68
1769,-23.31,-470.58,-107.12,33.64
1770,-24.53,-475.68,-107.6,36.51
1771,-24.2,-458.54,-57.46,33.04
1772,-24.24,-472.33,-13.63,47.72
1773,-7.56,-475.03,-160.24,-46.67
1774,-3.98,-477.26,-95.24,41.61
1775,-6.5,-447.85,-121.51,-18.29
1776,-5.43,-476.57,-126.13,62.87
1777,-29.57,-484.09,-124.25,77.49
1778,-28.69,-468.41,-114.81,1.93
1779,-14.51,-476.99,-161.57,48.44
1780,-30.66,-487.52,-83.72,18.87
1781,-25.29,-474.02,-119.37,36.82
1782,4.2,-459.75,10.06,26.19
1783,-22.03,-479.19,-23.09,50.28
1784,-16.55,-477.8,-229.99,21.3
1785,-17.6,-465.46,-141.65,4.62
1786,-12.44,-471.02,-124.92,39.65
1787,-9.01,-470.11,-49.4,49.11
1788,-20.29,-472.97,-35.7,59.05
1789,-27.39,-489.83,-185.0,26.62
1790,2.18,-474.88,-122.41,31.0
1791,-0.55,-462.22,-185.58,19.65
1792,-10.32,-474.75,-99.05,16.42
1793,-13.95,-469.4,-112.18,39.97
1794,-16.94,-473.73,-116.76,32.99
1795,-11.32,-454.58,-109.03,34.75
1796,6.93,-461.65,36.62,32.49
1797,-16.87,-477.38,-63.37,77.76
1798,-24.57,-459.6,-143.41,11.83
1799,-11.26,-473.27,-110.09,3.13
1800,-5.64,-463.77,-203.68,25.55
1801,-7.76,-482.6,-79.67,25.81
1802,-24.89,-482.16,-130.53,37.85
1803,-16.33,-474.34,-125.5,21.8
1804,-10.78,-473.29,-38.55,64.15
1805,-23.63,-471.05,-153.08,-23.92
1806,-24.14,-482.33,-158.49,35.33
1807,-27.94,-468.24,-81.47,-4.4
1808,-4.77,-457.75,-121.61,103.95
1809,-15.98,-484.34,-168.45,5.0
1810,-15.41,-479.17,-49.57,51.72
1811,-11.78,-458.95,-161.06,27.58
1812,-11.49,-469.57,-142.79,31.84
1813,-14.56,-477.92,-112.9,19.13
1814,-3.39,-465.12,-13.07,-35.19
1815,-20.67,-472.91,-215.36,58.8
1816,-25.84,-454.05,-119.09,31.41
1817,-14.96,-469.45,-57.82,22.99
1818,-13.77,-467.34,-151.68,0.93
1819,-21.32,-482.11,-149.33,24.39
1820,-16.49,-470.3,-124.65,43.69
1821,-22.52,-467.06,-108.4,37.21
1822,-18.66,-471.21,-116.87,28.56
1823,-8.24,-469.11,-148.41,-4.36
1824,-23.3,-473.76,-134.17,36.36
1825,-46.6,-470.17,-52.97,36.45
1826,-16.16,-465.48,-101.65,51.08
1827,4.96,-460.57,-164.85,66.8
1828,-17.97,-480.79,-114.5,-14.82
1829,-16.97,-472.19,-137.06,-21.61
1830,-9.64,-462.28,-152.08,-13.8
1831,-16.23,-477.37,-108.87,101.45
1832,-17.91,-478.11,-34.54,8.4
1833,-15.69,-474.41,-204.81,12.68
1834,-18.94,-487.13,-116.95,33.56
1835,-18.12,-485.62,-72.81,29.36
1836,-14.9,-456.82,-179.96,-35.27
1837,-6.71,-448.01,-96.61,46.01
1838,-21.45,-490.5,-67.33,52.19
1839,-35.98,-515.54,-156.55,7.75
1840,-20.37,-465.16,-57.96,69.56
1841,-18.88,-458.03,-143.67,-2.1
1842,2.39,-427.81,-86.76,25.62
1843,-15.78,-480.74,-145.9,6.19
1844,-9.62,-450.65,-63.5,21.04
1845,-16.27,-448.58,-168.62,-22.81
1846,-22.08,-478.28,-90.95,140.14
1847,-13.59,-465.77,-128.63,-21.42
1848,-12.98,-456.09,-133.77,22.41
1849,-3.6,-466.21,-51.85,67.95
1850,-23.58,-484.39,-221.03,-98.54
1851,-16.72,-459.56,-109.48,25.85
1852,-20.31,-464.3,-111.77,36.17
1853,-15.36,-451.24,-50.05,54.08
1854,-15.24,-464.73,-179.52,4.3
1855,-12.3,-465.02,-119.79,14.91
1856,-23.83,-500.22,-136.46,23.94
1857,-24.23,-510.06,-59.98,41.1
1858,-5.9,-422.46,-154.91,9.91
1859,-17.7,-441.81,-93.04,-33.47
1860,-15.25,-476.37,-90.91,78.25
1861,-14.08,-466.04,-141.23,53.44
1862,-17.32,-453.0,-55.33,26.47
1863,-19.1,-480.53,-163.14,-41.11
1864,-14.67,-455.28,-113.87,54.37
1865,-20.58,-458.26,-107.36,25.91
1866,-25.1,-468.02,-85.33,51.85
1867,-42.47,-483.92,-104.42,29.43
1868,-4.46,-448.49,-138.78,-9.64
1869,4.36,-442.75,-74.2,-1.49
1870,-19.8,-480.09,-201.09,-1.38
1871,-12.45,-470.23,-75.94,63.86
1872,-16.0,-462.64,-117.5,-4.53
1873,-21.79,-450.55,-118.38,14.97
1874,-36.77,-474.58,-99.09,37.35
1875,-17.32,-460.26,-127.46,-20.46
1876,-11.04,-485.82,-131.87,-7.61
1877,-19.84,-467.53,-121.9,24.06
1878,-5.74,-450.96,-122.22,20.69
1879,-14.98,-449.65,-91.14,67.32
1880,-15.53,-464.4,-112.12,4.07
1881,-34.32,-472.8,-156.51,6.18
1882,-12.81,-444.16,-121.23,-0.69
1883,-6.31,-452.27,-4.41,49.02
1884,-12.01,-467.96,-55.57,43.6
1885,-10.65,-438.79,-132.89,31.63
1886,-16.66,-471.78,-104.2,29.23
1887,-32.07,-487.62,-136.44,41.79
1888,-26.53,-472.09,-95.07,5.04
1889,-31.49,-472.87,-90.23,-4.63
1890,-14.82,-458.06,-151.66,12.47
1891,-15.87,-463.81,-115.03,12.3
1892,-22.01,-465.13,52.37,64.65
1893,-21.3,-459.87,-138.01,-23.97
1894,-6.28,-455.05,-273.91,34.58
1895,-20.43,-469.62,-112.24,-18.67
1896,-27.35,-496.97,-91.92,17.24
1897,-23.02,-489.09,-76.34,23.55
1898,-14.32,-461.43,-165.29,20.53
1899,-21.09,-469.07,-77.25,34.48
1900,-23.89,-471.97,-103.34,48.97
1901,-17.52,-459.72,-113.24,18.18
1902,-19.84,-468.52,-132.66,28.01
1903,-26.23,-475.23,-102.55,20.58
1904,-4.82,-455.26,-147.5,-40.09
1905,-18.45,-460.37,-107.56,55.4
1906,-13.57,-452.83,-102.3,34.73
1907,-8.18,-475.3,-105.72,20.66
1908,-27.47,-505.54,-82.8,33.89
1909,-9.5,-470.26,-17.84,45.74
1910,-1.62,-447.27,-199.98,-9.32
1911,-19.28,-460.37,-119.9,14.97
1912,-13.09,-455.49,-102.19,4.75
1913,5.47,-467.18,-71.27,67.83
1914,-13.16,-478.5,-187.41,-13.54
1915,-12.56,-460.83,-104.91,0.36
1916,-8.19,-452.1,-112.23,8.74
1917,-11.57,-469.96,-111.38,16.11
1918,-9.49,-476.76,-98.38,29.79
1919,-4.24,-464.16,-61.16,19.81
1920,3.64,-464.15,67.02,0.85
1921,-13.39,-478.78,-241.47,92.97
1922,2.56,-470.15,-109.89,20.94
1923,5.0,-460.63,-114.91,7.77
1924,-5.19,-465.23,-125.66,-7.49
1925,-12.92,-466.13,-127.13,9.22
1926,-10.97,-456.58,-121.44,-6.16
1927,-10.24,-472.48,-116.06,16.2
1928,-12.38,-475.09,-135.06,-33.86
1929,-34.61,-463.86,-61.52,66.45
1930,-16.5,-445.83,-48.59,15.72
1931,13.31,-452.0,-225.33,-20.2
1932,-14.33,-484.63,-102.36,11.53
1933,-14.01,-479.65,-127.68,20.71
1934,-15.03,-474.79,-107.92,16.04
1935,-16.16,-479.05,-114.69,18.01
1936,-18.91,-480.43,-108.37,28.83
1937,-16.22,-466.78,-100.28,26.86
1938,-11.0,-453.65,-111.21,26.19
1939,-23.76,-461.65,-157.75,-12.87
1940,-27.17,-463.98,37.98,59.83
1941,-6.13,-455.67,-162.36,48.52
1942,2.39,-453.89,-153.89,-9.89
1943,-9.47,-474.47,-78.38,16.64
1944,-22.89,-486.17,-63.79,-10.96
1945,-19.86,-461.86,-162.82,77.59
1946,-10.52,-444.32,-57.45,-10.6
1947,-20.11,-475.3,-158.68,24.72
1948,-18.15,-469.74,-101.33,27.81
1949,-24.43,-467.57,-116.7,15.91
1950,-25.87,-457.7,-101.76,18.8
1951,-32.22,-446.13,-81.96,20.89
1952,-12.26,-484.17,-37.72,32.38
1953,-25.04,-494.98,-228.89,38.34
1954,-15.38,-468.76,-101.3,10.98
1955,-1.89,-466.18,-95.7,-2.68
1956,-11.32,-468.97,-77.14,57.79
1957,-14.4,-447.19,-134.78,30.24
1958,-17.7,-455.08,-114.64,32.92
1959,-24.57,-463.77,-134.34,16.14
1960,-24.3,-460.02,-114.74,26.58
1961,-23.64,-458.27,-45.77,30.25
1962,-25.37,-462.44,-105.71,-4.41
1963,-14.38,-464.28,-142.81,19.13
1964,-12.65,-446.79,-105.91,15.3
1965,-28.35,-474.43,-131.63,21.07
1966,-26.3,-475.39,-121.21,30.65
1967,-27.6,-463.9,-115.05,36.42
1968,-27.26,-476.4,-118.16,29.17
1969,-22.17,-472.9,-101.56,27.68
1970,-22.03,-471.04,-137.22,-27.55
1971,-25.57,-462.65,-162.81,32.83
1972,-22.94,-462.2,-95.33,31.45
1973,-25.47,-467.04,-125.38,38.02
1974,-22.88,-472.36,-102.48,66.17
1975,-24.91,-453.95,-88.38,8.33
1976,-29.21,-464.96,-104.21,49.13
1977,-29.73,-481.98,-132.69,15.89
1978,-20.08,-456.05,-112.12,24.08
1979,-15.25,-458.75,-101.33,26.68
1980,-29.27,-463.36,-74.36,-1.5
1981,-30.84,-459.25,-131.32,51.13
1982,-34.2,-468.05,-132.52,6.96
1983,-32.64,-480.18,-70.41,25.17
1984,-35.2,-473.37,-183.54,-37.31
1985,-40.45,-481.38,-113.26,106.76
1986,-37.89,-469.15,-100.19,14.9
1987,-39.42,-460.43,-110.61,21.12
1988,-45.83,-461.0,-108.61,13.56
1989,-47.03,-474.35,-97.98,22.8
1990,-27.68,-446.81,-118.52,2.1
1991,-38.23,-461.27,-34.12,-6.22
1992,-58.12,-477.5,-149.93,18.52
1993,-43.13,-476.68,29.43,16.53
1994,-23.02,-457.39,-220.39,-27.56
1995,-49.58,-463.67,-145.93,7.28
1996,-37.83,-464.53,-118.58,62.27
1997,-40.85,-469.46,-135.0,9.59
1998,-39.98,-476.38,-101.96,62.1
1999,-53.99,-509.29,-110.83,-12.92
2000,-60.33,-465.98,-124.18,-5.79
2001,-30.36,-450.74,-108.28,7.38
2002,-6.75,-431.91,-169.45,28.13
2003,-34.26,-482.54,-102.28,20.04
2004,-27.62,-472.36,-110.34,10.64
2005,-22.17,-467.09,-122.03,-3.21
2006,-30.59,-482.89,-104.02,52.42
2007,-29.51,-474.91,-102.77,23.96
2008,-28.77,-462.76,-119.37,16.3
2009,-26.93,-452.57,-114.38,37.33
2010,-41.28,-484.04,-104.34,42.34
2011,-32.92,-486.21,-90.99,59.71
2012,-8.54,-457.14,-122.43,-4.33
2013,-7.74,-457.41,-119.95,8.91
2014,-11.97,-454.93,-111.81,44.52
2015,-10.7,-447.89,-111.12,-4.01
2016,-18.2,-477.51,-112.66,49.9
2017,-17.84,-479.63,-93.2,34.97
2018,-13.77,-456.51,-98.72,8.04
2019,-18.26,-469.71,-129.6,15.54
2020,-35.33,-476.82,-84.28,36.74
2021,-13.14,-473.25,-120.22,13.16
2022,-4.54,-467.87,-127.72,10.42
2023,-8.53,-459.64,-116.29,16.67
2024,-0.34,-446.89,-157.2,19.27
2025,-11.75,-461.17,-98.57,6.3
2026,-15.87,-485.28,-116.12,13.09
2027,-26.09,-447.11,-95.09,6.14
2028,-24.36,-475.51,-106.31,53.86
2029,-4.51,-477.88,-94.7,54.48
2030,-16.07,-476.31,-119.86,-2.26
2031,-11.24,-473.46,-134.7,44.34
2032,-23.13,-473.91,-180.42,29.2
2033,-16.26,-472.92,-57.26,13.97
2034,-15.86,-468.49,-108.78,-3.9
2035,-30.06,-473.25,-105.53,13.93
2036,-16.16,-474.32,-15.7,37.8
2037,1.15,-450.61,-172.92,-8.87
2038,-16.48,-465.47,-118.94,7.69
2039,-9.39,-457.32,-96.77,23.98
2040,-8.83,-469.38,-162.37,24.49
2041,-19.28,-462.89,-95.27,31.51
2042,-23.41,-484.83,-82.46,40.0
2043,-19.03,-473.96,-119.62,-23.49
2044,-16.13,-462.19,-125.49,-5.86
2045,-7.0,-459.2,-89.85,33.7
2046,-17.04,-483.33,-130.18,4.54
2047,-21.29,-480.73,-102.58,49.83
2048,-15.16,-461.34,-119.13,27.72
2049,-19.24,-473.14,-95.18,46.17
2050,-25.58,-476.5,-98.0,72.78
2051,-7.22,-444.19,-132.22,-3.87
2052,-23.54,-466.85,-84.69,28.58
2053,-12.76,-468.73,-127.02,12.67
2054,2.18,-468.43,-78.17,0.68
2055,-12.72,-474.4,-155.67,17.51
2056,-11.6,-467.78,-116.0,15.75
2057,-19.72,-483.63,-110.52,0.3
2058,-13.62,-465.85,-141.79,3.78
2059,-14.61,-479.93,-85.46,20.43
2060,-10.31,-471.58,-170.09,10.31
2061,-12.31,-457.62,-70.5,24.31
2062,-14.32,-446.02,-118.66,-12.35
2063,-3.44,-481.3,-62.4,13.74
2064,-17.08,-497.35,-88.82,-13.7
2065,-10.28,-463.41,-134.38,6.83
2066,-17.26,-474.81,-102.38,33.34
2067,-8.78,-474.51,-80.62,24.87
2068,-15.24,-464.22,-129.01,-2.46
2069,-12.62,-469.85,-105.14,18.56
2070,0.82,-469.94,-110.29,23.46
2071,-9.38,-464.91,-119.36,9.22
2072,-14.22,-470.64,-109.82,14.32
2073,-7.92,-471.29,-112.2,-8.18
2074,-6.25,-467.73,-107.65,15.36
2075,-9.77,-470.45,-115.35,37.14
2076,-10.17,-467.77,-116.45,-5.46
2077,-7.51,-464.75,-98.44,-2.19
2078,-8.36,-462.39,-101.36,32.06
2079,-8.32,-462.2,-140.37,11.0
2080,-13.87,-483.2,-26.24,12.7
2081,-16.34,-475.23,-66.23,7.49
2082,-9.74,-469.49,-128.5,35.47
2083,-14.24,-465.52,-119.2,19.72
2084,-7.84,-458.72,-124.05,17.52
2085,-16.21,-473.35,-114.33,41.47
2086,-8.28,-458.21,-213.5,-44.75
2087,-25.03,-488.06,-62.94,3.98
2088,-25.21,-468.42,-15.73,17.42
2089,-24.74,-480.63,-169.23,25.55
2090,-18.46,-470.92,-104.37,38.01
2091,-22.96,-471.17,-141.54,-24.97
2092,-27.13,-469.66,-59.55,51.05
2093,-18.23,-473.19,-93.67,28.54
2094,-15.98,-482.51,-88.38,30.13
2095,-27.22,-479.89,-116.44,16.58
2096,-25.63,-477.74,-93.07,10.75
2097,-16.35,-470.19,-99.22,4.17
2098,-14.94,-458.72,-68.29,76.82
2099,-28.3,-482.72,-157.92,-17.02
2100,-21.64,-471.87,-100.98,20.93
2101,-21.91,-466.92,-161.16,-19.56
2102,-23.71,-476.62,-204.05,-30.89
2103,-13.88,-459.88,-60.07,45.84
2104,-17.99,-464.33,-53.01,39.12
2105,-26.78,-481.28,-141.8,-11.74
2106,-16.37,-464.14,-74.4,32.82
2107,-23.08,-486.31,-88.13,79.47
2108,-30.47,-479.2,-65.29,-8.2
2109,-22.09,-463.99,-101.96,-16.08
2110,-12.08,-458.65,-116.39,8.45
2111,-33.83,-472.81,-91.08,42.62
2112,-29.3,-478.9,-126.94,-1.28
2113,-30.21,-480.95,-74.95,2.73
2114,-15.55,-463.0,-98.46,74.72
2115,-23.6,-472.23,-135.55,-15.92
2116,-32.01,-474.78,-74.12,4.93
2117,-27.01,-444.99,-120.24,-7.7
2118,-9.43,-464.09,-128.97,2.97
2119,-18.96,-487.75,-137.19,26.06
2120,-37.57,-486.0,-71.4,-0.08
2121,-15.6,-431.72,-14.07,126.11
2122,0.47,-414.01,-169.69,-46.88
2123,-23.6,-480.84,-69.98,-4.98
2124,-29.44,-512.47,-91.17,40.5
2125,-18.82,-475.23,-104.67,13.44
2126,-19.18,-483.24,-106.19,28.25
2127,-13.11,-460.74,-28.37,-34.34
2128,-16.78,-471.89,-199.58,-21.31
2129,-34.52,-499.99,-117.88,-48.99
2130,-8.89,-479.56,-67.4,109.77
2131,-23.09,-483.15,-143.03,-18.49
2132,-24.56,-490.82,-18.15,15.08
2133,-4.52,-478.95,-46.11,99.91
2134,-18.17,-476.3,-129.78,11.67
2135,1.28,-415.09,-176.53,-17.59
2136,-14.03,-477.5,-14.56,13.35
2137,-34.38,-498.41,-107.86,1.1
2138,-32.13,-495.59,-140.74,21.24
2139,-16.01,-485.7,-107.53,-55.72
2140,-8.12,-459.3,-106.63,25.31
2141,-17.39,-453.7,-117.05,25.75
2142,-18.38,-466.92,-47.45,15.66
2143,-30.63,-480.36,-133.07,27.17
2144,-16.07,-469.05,-0.55,143.73
2145,-27.58,-492.39,-190.44,-25.86
2146,-32.1,-488.31,-40.57,-1.88
2147,-8.91,-458.52,-148.88,-14.49
2148,-7.87,-450.8,-17.59,-2.92
2149,-21.48,-483.41,-88.35,113.29
2150,-18.56,-497.31,-236.72,-108.9
2151,-17.47,-472.4,37.25,-9.17
2152,-5.39,-467.54,-262.1,114.43
2153,-30.61,-522.91,-203.89,-60.34
2154,-31.8,-496.33,-129.22,37.24
2155,-21.02,-487.84,-68.58,-48.1
2156,-30.67,-489.11,-41.11,56.9
2157,-24.58,-474.09,-84.53,51.28
2158,-25.18,-477.82,-45.22,28.46
2159,-37.41,-483.94,-169.53,-18.52
2160,-17.09,-474.82,-139.15,-37.23
2161,-34.8,-480.75,-17.57,177.36
2162,-29.08,-464.7,-183.23,-57.21
2163,-38.17,-478.29,-85.6,19.04
2164,-23.88,-459.5,13.32,65.03
2165,-31.73,-469.14,-146.05,-25.67
2166,-30.72,-501.6,-205.7,54.5
2167,-34.28,-519.87,-125.11,-5.43
2168,-26.6,-449.32,1.73,2.32
2169,-2.6,-472.89,-38.25,-52.73
2170,-23.11,-486.05,-219.64,102.74
2171,-22.22,-475.61,-86.63,11.86
2172,-41.67,-500.53,-138.7,-42.82
2173,-0.04,-456.96,39.81,95.29
2174,-0.99,-445.62,60.44,47.84
2175,-31.96,-489.52,-301.29,-19.47
2176,-12.61,-458.9,-169.29,-38.02
2177,-8.97,-459.21,-36.42,31.67
2178,-25.2,-488.83,-91.1,30.74
2179,-22.56,-485.23,-80.36,71.69
2180,-10.65,-478.44,-130.64,46.48
2181,-15.99,-464.65,-118.24,21.66
2182,-20.28,-467.58,-102.54,44.45
2183,-4.42,-467.87,-108.33,40.37
2184,-9.68,-463.63,-118.46,7.84
2185,-12.95,-459.75,-94.09,35.81
2186,-4.51,-463.83,-101.27,-7.88
2187,-3.28,-476.28,-81.65,43.27
2188,-13.46,-471.13,6.76,74.69
2189,-19.46,-470.73,-70.75,49.82
2190,12.16,-423.96,-137.6,-21.04
2191,4.32,-455.9,-61.6,62.67
2192,-9.0,-488.34,-60.2,68.1
2193,-4.68,-474.02,-121.05,-24.25
2194,-16.27,-484.25,-50.91,80.23
2195,-12.42,-448.37,-77.12,0.68
2196,9.54,-454.49,-11.4,74.05
2197,6.45,-480.03,57.93,26.91
2198,-27.11,-499.91,-275.78,3.5
2199,-33.91,-478.82,-59.23,31.14
2200,-21.38,-466.43,-97.67,28.86
2201,3.3,-464.33,6.29,55.1
2202,-12.23,-459.61,-125.62,27.94
2203,-21.99,-469.65,-175.52,-29.07
2204,-40.89,-460.85,-29.99,69.46
2205,-17.28,-456.12,-91.93,6.18
2206,-15.62,-480.95,-120.97,-19.65
2207,-12.24,-463.05,-165.59,121.08
2208,-16.67,-456.34,-60.74,-59.53
2209,-30.16,-493.2,-59.5,62.39
2210,0.49,-489.5,-38.81,85.14
2211,-23.63,-482.93,-79.01,12.54
2212,-29.31,-473.87,-123.9,12.57
2213,-12.26,-465.53,-97.41,-30.11
2214,-9.16,-470.88,-116.65,8.65
2215,4.45,-466.12,248.54,62.1
2216,-8.61,-476.51,-369.51,19.57
2217,-26.17,-474.69,-142.25,-5.14
2218,-21.59,-479.0,-112.3,25.37
2219,-16.22,-451.43,-17.59,39.54
2220,-24.31,-486.79,-36.54,65.93
2221,-12.66,-494.25,-154.47,8.42
2222,-17.16,-476.47,-159.97,-9.13
2223,-14.87,-482.15,-34.49,8.66
2224,-14.4,-470.19,-97.96,-10.02
2225,-11.31,-473.11,-82.22,72.21
2226,-15.32,-474.65,-50.9,-100.05
2227,-36.21,-478.94,-199.43,5.84
2228,-21.78,-475.28,-109.84,105.29
2229,0.59,-477.85,-1.47,49.25
2230,-13.27,-492.86,-122.0,-43.97
2231,-8.18,-456.57,-215.37,3.14
2232,-22.75,-486.04,-83.92,40.58
2233,-16.68,-468.41,-113.93,26.48
2234,-3.55,-475.34,211.27,59.0
2235,-4.0,-486.4,-167.91,48.09
2236,-20.4,-503.52,-143.6,-13.21
2237,-7.11,-497.5,-76.34,-7.35
2238,-10.73,-468.24,-182.78,-25.39
2239,-7.8,-464.27,-65.72,30.97
2240,-12.64,-480.33,-39.84,5.58
2241,-17.81,-496.42,-97.8,-48.18
2242,-30.78,-481.06,-189.24,49.72
2243,-15.92,-467.03,6.54,35.26
2244,-12.49,-472.18,-167.17,35.13
2245,-20.35,-470.98,-109.68,12.84
2246,-15.31,-465.86,-163.47,13.81
2247,-10.64,-454.34,-37.3,59.48
2248,-14.45,-470.42,-92.81,0.41
2249,-12.07,-467.18,-114.72,28.8
2250,-7.66,-471.65,-116.69,29.18
2251,-8.9,-461.78,-12.57,18.76
2252,-28.51,-485.4,-75.9,15.93
2253,2.61,-473.03,-67.85,19.62
2254,-25.19,-481.75,-200.34,3.63
2255,-19.43,-458.66,-29.91,-31.26
2256,-1.01,-455.18,-165.2,-1.75
2257,-30.17,-487.87,-129.37,9.31
2258,-21.71,-461.15,-146.81,-19.95
2259,-4.01,-458.98,-37.97,40.16
2260,-8.77,-476.97,-51.13,13.75
2261,-9.5,-469.81,-167.12,117.64
2262,-28.32,-461.46,-132.96,-38.08
2263,-18.67,-448.37,-94.56,30.2
2264,-2.53,-453.48,-42.6,13.76
2265,-17.77,-477.22,-200.55,-35.98
2266,-16.57,-487.08,-81.58,49.78
2267,-0.05,-458.88,-9.61,39.24
2268,-27.58,-467.97,-184.12,7.73
2269,-23.96,-462.12,-114.34,-16.91
2270,-16.95,-468.48,-134.69,10.08
2271,-17.24,-454.02,149.26,25.36
2272,-22.96,-475.95,-239.42,-9.1
2273,-15.47,-461.8,-274.41,4.48
2274,-22.2,-471.6,-35.48,2.4
2275,-17.61,-463.83,-67.42,106.47
2276,-22.36,-467.21,-153.77,-43.13
2277,-12.66,-452.17,-85.6,10.49
2278,-13.5,-461.71,-18.73,-11.21
2279,-17.37,-466.58,-168.06,-1.12
2280,-23.17,-483.01,-167.54,14.51
2281,-19.46,-462.13,-71.7,65.68
2282,-11.3,-460.46,-89.55,17.14
2283,-17.67,-464.04,-134.74,-22.11
2284,-11.7,-468.72,-135.73,-6.75
2285,-24.05,-459.15,-117.18,43.2
2286,-25.01,-485.26,-84.38,0.72
2287,-15.75,-479.41,-94.1,35.02
2288,-15.52,-471.62,-54.57,-20.35
2289,-18.13,-442.14,-216.54,-12.01
2290,-23.12,-471.76,-114.12,47.42
2291,0.25,-461.39,18.88,-5.63
2292,-24.91,-481.31,-226.96,31.43
2293,-31.54,-476.17,-171.02,6.86
2294,-25.55,-473.77,-76.25,-17.23
2295,-29.61,-461.3,-137.12,13.0
2296,-13.96,-474.38,-50.63,-7.7
2297,-10.41,-438.77,7.16,55.77
2298,-30.01,-490.49,-112.42,13.71
2299,-24.46,-487.9,-99.01,-9.11
2300,-31.1,-494.85,-186.86,11.47
2301,-33.79,-452.05,-123.06,1.6
2302,-14.44,-445.96,-113.96,16.99
2303,-20.99,-478.41,-161.61,40.96
2304,-35.77,-461.47,-76.3,9.58
2305,-21.6,-469.0,-111.81,-15.63
2306,-33.51,-480.48,-160.97,2.16
2307,-21.17,-472.56,-82.87,4.49
2308,5.57,-449.67,0.65,0.41
2309,-34.75,-495.37,-152.8,87.94
2310,-41.98,-479.02,-161.4,-45.66
2311,-34.86,-464.98,-134.74,-5.18
2312,-6.81,-454.96,-112.57,22.93
2313,-16.74,-478.45,-63.95,27.51
2314,-32.23,-464.96,-135.16,-24.07
2315,-32.68,-468.52,-133.04,75.93
2316,-26.93,-469.59,-114.65,-7.04
2317,-20.73,-464.73,23.39,56.12
2318,-32.62,-471.56,-208.88,42.63
2319,-26.97,-478.92,-88.22,2.42
2320,-37.08,-486.75,-126.44,12.79
2321,-25.98,-454.72,-178.51,-9.6
2322,-19.3,-456.08,-120.75,13.05
2323,-36.36,-485.75,26.22,50.08
2324,-44.46,-471.72,-206.58,-34.88
2325,-28.78,-475.58,-120.02,39.5
2326,-24.72,-463.21,-106.79,35.1
2327,-31.0,-486.88,-53.87,25.82
2328,-27.28,-475.99,-108.13,-30.02
2329,-24.95,-457.73,-139.09,34.41
2330,-27.16,-460.23,-104.79,0.79
2331,-30.42,-488.79,163.79,77.61
2332,-34.73,-486.0,-341.69,-62.76
2333,-34.7,-462.41,-126.35,27.39
2334,-40.28,-489.5,-123.58,40.69
2335,-33.09,-468.13,-100.64,27.79
2336,-29.53,-472.37,-190.23,22.14
2337,-18.41,-466.34,-103.77,15.8
2338,-25.66,-465.79,-106.0,7.6
2339,-16.03,-465.11,58.19,94.14
2340,-43.88,-494.06,-96.41,-13.57
2341,-33.54,-473.38,-262.02,-25.71
2342,-21.94,-470.41,-120.89,31.06
2343,-25.16,-475.19,-67.43,25.2
2344,0.19,-467.12,-61.91,32.65
2345,-7.83,-466.61,-174.63,68.0
2346,-11.47,-486.36,-121.83,-4.73
2347,-18.24,-476.09,-121.64,11.42
2348,-14.21,-469.06,-113.87,20.76
2349,-19.71,-469.39,-116.55,19.4
2350,-4.53,-452.39,-112.95,23.17
2351,-18.09,-455.14,-105.03,15.39
2352,-17.13,-465.83,153.82,29.81
2353,-1.24,-481.5,-231.57,-19.89
2354,-1.06,-480.78,-179.12,2.42
2355,-14.98,-466.64,-143.14,13.64
2356,-15.68,-489.42,-98.47,43.61
2357,-15.62,-481.34,-130.89,-3.63
2358,-16.68,-470.38,-100.44,44.47
2359,-3.96,-461.96,-118.5,13.83
2360,-9.62,-469.71,-112.43,18.19
2361,-10.74,-464.37,-107.6,16.55
2362,-18.74,-463.59,125.49,39.58
2363,-0.96,-473.7,-115.37,4.24
2364,4.22,-468.3,-247.23,50.53
2365,-11.89,-483.69,-157.47,-59.35
2366,-10.02,-479.43,-88.98,24.8
2367,-23.03,-493.22,-133.97,51.04
2368,-8.95,-468.02,-58.34,40.04
2369,-10.83,-478.46,-60.91,29.39
2370,-13.0,-480.77,-166.51,2.65
2371,-8.29,-458.98,-121.74,2.4
2372,-5.27,-450.68,-72.76,19.34
2373,4.39,-453.52,-138.13,68.57
2374,-10.68,-466.0,-77.61,20.76
2375,-8.27,-476.41,-27.84,15.99
2376,-4.79,-469.34,-112.46,51.44
2377,-20.38,-480.68,-164.72,6.58
2378,-24.23,-479.19,-186.48,-103.74
2379,-23.02,-480.22,-131.16,137.75
2380,-19.21,-475.92,-96.43,-15.23
2381,-30.83,-472.29,-112.69,39.57
2382,-27.14,-482.43,-126.56,38.11
2383,-14.79,-475.38,-92.31,15.9
2384,-15.86,-462.85,-122.84,12.43
2385,-20.04,-455.9,-103.63,-39.34
2386,-3.96,-463.79,-49.43,23.22
2387,-26.71,-486.91,-117.63,43.0
2388,-23.41,-466.35,-138.21,36.51
2389,-23.02,-463.33,-86.84,71.82
2390,-32.85,-479.73,-149.66,-7.69
2391,-39.56,-468.28,-114.93,12.62
2392,-33.12,-469.43,-108.28,-7.03
2393,-21.17,-465.32,66.75,51.7
2394,-30.2,-476.09,-229.94,35.44
2395,-13.94,-455.08,-156.23,-51.2
2396,-5.73,-457.93,84.09,56.92
2397,-11.37,-492.25,-109.31,-105.12
2398,-26.08,-468.03,-225.98,93.95
2399,-19.81,-482.09,-102.56,55.46
2400,-34.98,-497.39,-121.84,-25.16
2401,-33.02,-472.75,-150.97,19.04
2402,-35.52,-467.79,-132.11,-16.66
2403,-14.2,-484.97,-120.0,36.51
2404,-24.76,-483.82,-112.33,6.85
2405,-35.39,-473.39,-118.18,-1.73
2406,-34.59,-468.1,-103.52,16.08
2407,-32.9,-477.74,-129.88,33.46
2408,-39.58,-471.49,-96.82,42.2
2409,-40.63,-463.99,-120.14,33.78
2410,-26.81,-473.96,-11.47,68.97
2411,-46.18,-479.71,-45.31,22.25
2412,-54.17,-455.39,-137.78,-18.66
2413,-38.0,-482.85,-169.72,0.57
2414,-49.06,-486.54,-155.1,41.65
2415,-52.26,-479.87,-114.06,33.58
2416,-48.08,-484.02,-155.98,19.42
2417,-50.65,-474.2,-93.49,19.03
2418,-45.18,-465.85,-85.36,39.01
2419,-27.49,-446.32,22.45,-56.55
2420,-42.36,-480.09,-108.1,132.46
2421,-12.84,-477.95,-41.83,-1.13
2422,-29.51,-488.06,-207.98,26.17
2423,-29.69,-481.79,-99.17,-27.55
2424,-35.98,-486.06,-118.18,-12.88
2425,-39.75,-470.5,-138.51,59.71
2426,-31.66,-470.66,-116.83,22.51
2427,-34.68,-481.44,-104.7,31.24
2428,-29.93,-469.32,-114.64,18.12
2429,-44.38,-477.88,-111.03,32.82
2430,-30.33,-477.09,-113.73,25.6
2431,-22.53,-465.21,-111.47,25.87
2432,-26.73,-469.48,-112.47,26.23
2433,-20.08,-474.26,-93.24,21.54
2434,-3.72,-453.4,-127.77,-24.29
2435,0.46,-449.66,37.12,36.92
2436,-15.88,-486.33,-184.42,70.5
2437,-18.32,-480.15,78.03,11.67
2438,-14.5,-471.89,-299.02,-22.44
2439,-20.67,-487.69,40.51,12.57
2440,-28.26,-489.91,-229.93,0.34
2441,-24.56,-484.57,-100.93,46.83
2442,-3.37,-475.73,-82.38,2.8
2443,3.74,-455.93,-147.88,16.77
2444,-9.71,-473.45,-71.79,21.34
2445,-16.72,-469.27,-154.09,26.67
2446,-20.9,-478.49,-123.7,30.78
2447,-18.86,-471.93,-108.57,25.52
2448,-11.57,-469.44,-112.73,14.14
2449,-11.77,-475.13,-128.21,-20.47
2450,-2.29,-474.42,-78.14,35.0
2451,-23.28,-476.15,-160.11,23.22
2452,-7.8,-462.36,-54.9,13.9
2453,8.98,-487.37,-60.77,97.67
2454,-25.18,-477.95,-152.7,4.37
2455,-11.22,-450.45,-206.23,-55.39
2456,-13.07,-478.38,-33.58,76.65
2457,-10.46,-475.93,-132.02,3.91
2458,1.4,-467.28,54.9,23.81
2459,-10.57,-476.86,-49.94,52.03
2460,-13.55,-476.25,-206.71,-1.94
2461,-16.18,-490.17,-60.43,16.46
2462,-18.06,-485.78,-139.35,62.28
2463,-23.3,-491.93,-98.91,0.5
2464,-17.19,-483.07,-208.45,25.02
2465,-17.89,-468.87,-178.95,51.75
2466,10.48,-454.57,85.99,-6.31
2467,2.83,-488.61,43.49,47.68
2468,-24.95,-478.42,-248.42,16.12
2469,0.98,-473.58,39.3,-23.01
2470,-5.92,-479.28,-272.57,82.03
2471,-21.43,-477.89,-76.68,-35.94
2472,-11.69,-476.58,-170.91,9.0
2473,-21.62,-505.7,-136.55,44.46
2474,22.18,-473.06,46.59,43.51
2475,-0.62,-481.66,63.15,-123.88
2476,-16.33,-490.25,-258.57,7.23
2477,-11.72,-492.09,-69.59,41.08
2478,18.65,-468.34,503.55,142.36
2479,-12.16,-539.96,-315.45,62.96
2480,9.11,-489.01,-225.4,-104.64
2481,20.96,-458.11,58.15,-44.47
2482,-24.75,-477.13,-284.71,-61.98
2483,-26.16,-504.23,-83.52,-24.32
2484,-29.79,-478.46,-132.79,98.74
2485,-23.92,-480.35,98.02,122.78
2486,-15.97,-494.89,-193.32,53.38
2487,-30.48,-502.42,-330.12,-88.64
2488,-11.2,-460.95,-94.96,-21.04
2489,-13.4,-483.23,-79.8,55.36
2490,-10.75,-478.02,-90.53,45.28
2491,-14.46,-467.94,-102.76,61.61
2492,-13.73,-470.82,-122.96,14.98
2493,-3.85,-462.15,-136.89,-9.3
2494,-33.27,-486.27,-54.38,92.67
2495,-21.95,-472.23,-165.84,-14.39
2496,20.26,-468.55,149.96,93.9
2497,-15.39,-490.21,-235.45,42.38
2498,-19.23,-455.74,-150.28,-33.08
2499,-12.21,-470.14,-3.11,73.19
2500,-4.43,-465.81,122.88,191.28
2501,-23.4,-478.31,-171.99,-105.75
2502,0.19,-478.31,-249.87,4.83
2503,-2.59,-474.16,-187.25,7.37
2504,-30.84,-502.38,-310.82,-0.71
2505,1.24,-469.73,160.47,-27.51
2506,-5.6,-487.7,13.67,29.65
2507,-25.0,-491.36,-254.28,-22.93
2508,-0.69,-473.82,15.5,199.25
2509,-31.61,-492.87,-167.08,-31.16
2510,-8.92,-470.94,-172.83,117.58
2511,-28.17,-482.08,-94.41,-37.07
2512,-15.25,-469.7,-92.94,2.41
2513,-21.84,-467.33,-138.76,43.12
2514,-19.79,-478.47,-131.45,38.59
2515,-17.33,-484.59,-69.69,51.69
2516,-30.51,-482.27,-48.29,86.08
2517,3.48,-461.15,-201.57,-81.99
2518,-17.94,-482.94,-39.72,134.3
2519,-25.96,-471.34,-183.68,-7.3
2520,-20.67,-477.92,-92.94,21.9
2521,2.62,-441.66,-61.61,3.31
2522,-19.95,-487.34,15.25,103.48
2523,-32.8,-493.48,-255.79,22.09
2524,-18.61,-476.21,-152.34,11.24
2525,-9.62,-443.35,-123.81,36.54
2526,-19.33,-469.88,-66.35,5.0
2527,-24.84,-491.76,-75.5,80.47
2528,-9.31,-459.77,-140.18,-4.32
2529,-10.23,-468.1,-26.53,55.8
2530,-13.58,-485.6,-85.15,102.81
2531,-16.86,-471.88,-130.82,2.5
2532,-1.94,-454.37,-157.27,-31.09
2533,-12.63,-486.63,-127.54,39.27
2534,-31.91,-488.06,-174.49,-7.75
2535,-14.58,-449.17,-109.36,19.3
2536,-7.38,-484.91,-27.09,50.27
2537,-22.99,-501.16,-3.68,48.59
2538,-26.59,-463.49,-194.44,9.85
2539,-19.08,-452.42,-110.11,55.29
2540,-28.05,-493.01,-89.66,9.75
2541,-11.61,-473.81,47.7,95.49
2542,-6.85,-457.92,-220.35,10.77
2543,-16.19,-477.43,-109.72,-10.54
2544,-28.82,-484.88,-154.94,43.13
2545,-15.75,-472.75,-103.54,-16.65
2546,-9.97,-461.3,102.13,22.62
2547,-14.49,-465.66,-359.86,-61.38
2548,-9.69,-477.71,-78.92,68.99
2549,-29.03,-477.71,-96.81,39.24
2550,-10.12,-456.5,-175.61,1.19
2551,-29.93,-476.07,-95.91,92.77
2552,-13.02,-466.72,-110.97,35.13
2553,-3.11,-476.56,-84.89,-19.33
2554,-24.98,-488.63,-168.05,52.97
2555,-6.61,-463.92,-24.71,-25.18
2556,-8.59,-464.31,-53.11,71.32
2557,-13.87,-482.72,-169.16,44.73
2558,1.11,-457.08,-53.07,-7.96
2559,-26.21,-500.92,-155.09,17.67
2560,-18.39,-475.2,-140.16,38.64
2561,-1.86,-463.96,-114.15,35.26
2562,-5.65,-479.15,1.81,99.5
2563,-6.47,-474.46,-291.19,-72.47
2564,-1.63,-460.34,44.91,83.88
2565,-10.49,-472.13,-145.44,-24.46
2566,-4.5,-482.64,-24.75,58.8
2567,-13.56,-474.29,-228.45,40.02
2568,-8.33,-437.02,-103.05,-0.19
2569,-19.22,-472.31,-114.75,22.59
2570,-10.79,-484.92,-107.78,25.3
2571,-17.76,-477.21,-111.44,34.42
2572,-14.34,-472.47,-85.64,27.7
2573,-3.72,-482.71,-89.77,43.89
2574,-4.13,-458.56,-103.21,73.13
2575,-12.46,-462.35,97.13,-11.53
2576,-16.35,-464.62,-306.31,-11.44
2577,-30.75,-496.18,-96.28,14.19
2578,-31.15,-471.0,-47.6,59.2
2579,-24.82,-478.28,-11.23,18.02
2580,-45.18,-476.79,-206.61,58.12
2581,-27.57,-449.91,-116.19,8.08
2582,-46.44,-475.57,-124.07,38.63
2583,-35.65,-490.86,-112.59,35.27
2584,-26.54,-453.76,-131.81,33.32
2585,-35.22,-482.61,-176.22,12.36
2586,-19.35,-455.17,-138.06,-7.85
2587,-20.2,-476.47,-46.91,20.96
2588,-33.61,-469.31,106.36,64.84
2589,-44.87,-476.64,-232.2,-8.73
2590,-5.16,-480.02,39.51,62.35
2591,-32.19,-478.29,-254.52,-7.29
2592,-32.65,-483.16,-161.39,-8.79
2593,-34.88,-492.23,-58.14,43.15
2594,-23.21,-459.57,-168.36,36.92
2595,-28.12,-461.34,-152.46,11.54
2596,-28.26,-464.7,-98.77,49.24
2597,-39.38,-487.53,-95.81,16.61
2598,-25.13,-476.38,-91.77,35.93
2599,-28.69,-484.32,-74.62,15.45
2600,-12.32,-478.44,-76.28,2.36
2601,-39.99,-469.96,-98.11,20.68
2602,-24.46,-477.76,-166.14,77.33
2603,-6.75,-479.71,-127.35,21.3
2604,-19.45,-462.71,-68.65,67.56
2605,-22.65,-478.07,-100.58,48.55
2606,-27.71,-486.89,-101.15,-14.88
2607,-15.44,-481.13,-169.63,-26.6
2608,-18.81,-455.56,-108.76,28.24
2609,-11.26,-475.49,29.39,-9.45
2610,-16.75,-488.88,-227.85,-6.95
2611,-13.36,-469.17,-58.2,127.25
2612,-26.67,-462.24,-130.0,-3.29
2613,-15.82,-487.53,-73.69,-70.34
2614,-22.82,-501.03,16.81,120.4
2615,-6.95,-448.82,-126.29,4.78
2616,7.54,-500.93,-228.59,-161.57
2617,-21.56,-516.97,-194.97,123.18
2618,-37.5,-472.24,-96.7,-15.03
2619,-45.47,-497.82,-141.51,-24.75
2620,-18.63,-484.76,-23.55,40.82
2621,3.5,-452.95,-201.4,43.48
2622,-28.15,-484.37,-253.36,-9.12
2623,-35.63,-501.5,-39.05,-23.08
2624,-27.7,-465.01,-50.38,43.06
2625,-0.46,-441.76,120.1,41.44
2626,-16.18,-504.05,-47.0,100.05
2627,-25.55,-500.74,-357.76,-115.82
2628,14.28,-447.85,44.37,131.92
2629,-13.29,-509.6,-177.8,-11.59
2630,-46.17,-532.33,-228.0,58.8
2631,-29.55,-473.16,-105.6,-56.26
2632,10.58,-459.77,251.57,-13.54
2633,-3.11,-495.3,-300.49,-39.1
2634,-36.55,-516.78,-367.95,146.26
2635,-28.95,-474.55,-90.73,-107.61
2636,-26.43,-467.69,-25.15,-15.0
2637,9.2,-456.55,211.46,-39.8
2638,-42.83,-498.14,-358.45,13.78
2639,-34.5,-491.41,-171.32,41.86
2640,-25.12,-463.48,-60.81,24.86
2641,0.22,-449.63,-128.37,65.7
2642,-24.89,-486.05,-165.25,-44.02
2643,-10.66,-474.79,-73.13,166.53
2644,-48.19,-474.82,-107.31,-22.94
2645,-12.48,-480.55,-23.57,11.19
2646,-10.75,-462.48,7.85,68.69
2647,-21.12,-490.42,-178.68,-187.72
2648,6.8,-479.22,48.11,133.57
2649,-40.9,-478.93,-295.16,110.42
2650,-11.31,-490.62,-88.17,-93.26
2651,-25.37,-483.35,75.84,122.1
2652,-36.14,-491.63,-243.28,-19.94
2653,-16.66,-480.7,-48.48,136.35
2654,-22.39,-478.38,-64.25,24.14
2655,-4.11,-464.08,-249.86,-55.53
2656,-17.52,-480.66,-213.12,-56.94
2657,-20.3,-486.16,-31.92,58.31
2658,-42.17,-466.38,-180.24,37.79
2659,-23.26,-461.89,55.7,41.71
2660,-5.01,-452.93,-75.53,-9.24
2661,-11.77,-478.97,-75.35,48.52
2662,-32.63,-481.77,-84.57,48.09
2663,-33.64,-490.49,-152.62,82.49
2664,-29.76,-477.04,-113.55,25.34
2665,-7.13,-456.96,-134.32,79.19
2666,-26.55,-478.21,-22.91,50.37
2667,-0.65,-452.7,-120.54,1.02
2668,-10.65,-482.08,-130.33,23.48
2669,-29.58,-515.4,-23.54,50.28
2670,-24.59,-475.52,-227.2,25.22
2671,-19.48,-460.49,-45.48,10.74
2672,-14.45,-461.71,-102.99,-24.67
2673,-33.06,-501.57,-105.17,16.65
2674,-19.94,-465.41,-65.04,17.35
2675,-29.61,-467.81,-100.71,53.41
2676,-29.49,-493.1,-169.49,65.52
2677,0.4,-427.86,-77.29,67.42
2678,-14.19,-470.87,137.29,67.8
2679,-32.12,-517.42,-392.8,-65.71
2680,-15.88,-492.49,-56.47,99.36
2681,-23.86,-469.41,1.53,16.93
2682,0.42,-467.17,-123.32,-67.89
2683,-14.99,-496.48,-120.75,151.72
2684,-23.9,-470.61,-116.99,1.15
2685,-14.39,-474.64,-104.12,89.29
2686,-32.72,-469.2,-109.19,-37.76
2687,-29.46,-476.71,-26.53,34.8
2688,-32.55,-485.17,-192.97,26.35
2689,-3.75,-458.56,-83.29,35.04
2690,-16.1,-476.8,-69.8,63.58
2691,-35.34,-482.33,-208.64,10.78
2692,-21.23,-469.27,-13.93,42.77
2693,-23.29,-484.63,-110.11,16.8
2694,-1.1,-469.03,-131.1,64.15
2695,-28.0,-487.02,-188.25,-9.3
2696,-25.05,-481.43,-111.88,55.77
2697,-9.85,-469.19,10.52,115.09
2698,-28.27,-473.37,71.76,54.44
2699,-33.53,-474.41,-224.12,4.03
2700,-18.74,-465.17,-51.89,19.6
2701,-4.88,-452.59,-99.96,99.38
2702,-1.09,-490.17,-10.25,-42.9
2703,-25.28,-481.02,-263.7,45.52
2704,-18.56,-472.49,-153.65,-27.79
2705,-41.31,-502.97,-117.91,47.95
2706,-15.8,-494.21,-42.1,45.34
2707,-17.58,-459.72,-63.13,34.72
2708,-18.73,-459.73,-176.21,71.96
2709,-11.73,-468.14,-213.07,-67.0
2710,-30.84,-478.86,-61.31,74.55
2711,-27.52,-469.33,-84.51,47.55
2712,-20.34,-460.18,-83.53,20.62
2713,-19.68,-473.95,-29.11,49.58
2714,-8.02,-451.16,-89.86,66.99
2715,-29.13,-463.54,-81.65,44.65
2716,-10.28,-459.94,-192.83,-2.43
2717,-22.5,-484.76,-111.42,76.97
2718,-16.74,-471.63,25.91,7.17
2719,-20.15,-464.79,-189.16,4.88
2720,-37.65,-467.64,-109.7,58.49
2721,-33.07,-474.19,-8.14,70.03
2722,-5.19,-471.64,11.37,116.16
2723,-9.86,-500.13,-323.3,-83.51
2724,-10.03,-474.84,-40.3,-60.33
2725,-31.88,-491.52,-144.32,75.21
2726,-21.48,-456.99,-86.67,2.38
2727,-33.45,-477.36,-117.9,107.56
2728,-9.58,-455.92,-27.63,1.39
2729,-21.35,-473.09,-235.41,9.52
2730,-35.54,-503.78,-66.73,69.2
2731,-12.12,-468.36,-82.66,49.92
2732,-7.89,-450.8,27.51,34.5
2733,-24.17,-482.23,-203.15,5.84
2734,-39.49,-491.71,-173.38,-2.32
2735,-21.57,-471.95,-92.29,56.37
2736,-14.47,-466.34,-44.37,-13.37
2737,-20.0,-476.02,-227.84,-62.83
2738,-26.12,-492.81,-88.02,82.79
2739,-11.1,-474.67,-68.59,32.61
2740,-18.35,-452.26,-103.59,72.34
2741,-21.61,-468.86,-52.06,14.18
2742,-15.12,-457.26,-116.2,6.28
2743,-13.47,-474.88,-46.89,61.32
2744,-30.18,-494.62,-102.56,71.19
2745,-12.29,-480.37,136.58,-44.32
2746,-15.72,-469.39,-326.11,27.13
2747,-17.11,-454.58,-174.28,-40.77
2748,-24.46,-484.17,-118.23,12.52
2749,-27.22,-462.29,-117.03,-10.13
2750,-2.5,-470.88,-74.18,78.32
2751,-30.85,-502.55,-146.63,-27.17
2752,-25.3,-486.27,-160.33,-5.77
2753,-22.81,-492.38,-52.28,28.04
2754,-20.05,-466.46,-150.72,-1.21
2755,-11.13,-467.14,-38.05,70.9
2756,-23.21,-482.62,-120.66,62.04
2757,-16.73,-474.64,-158.47,-27.21
2758,-33.1,-473.08,-119.82,36.2
2759,-21.63,-462.97,15.44,46.98
2760,-28.45,-497.4,-147.31,-14.67
2761,-4.88,-463.57,-124.01,-64.57
2762,-13.82,-480.03,-70.21,80.75
2763,-18.45,-482.69,-157.95,-32.05
2764,-27.87,-469.59,-103.2,32.98
2765,-29.75,-481.9,-124.87,30.4
2766,-20.24,-475.03,-46.91,13.28
2767,-28.07,-478.94,-147.11,38.75
2768,-11.84,-454.24,-187.99,-12.35
2769,-20.18,-495.07,-71.08,38.52
2770,-9.5,-455.34,-85.22,11.56
2771,-13.44,-475.98,160.98,73.76
2772,-19.61,-486.6,-249.83,34.77
2773,-17.95,-470.26,-163.16,23.67
2774,-20.81,-487.3,-21.45,9.93
2775,-28.87,-480.81,-169.56,59.62
2776,-22.97,-475.76,-177.25,-123.95
2777,-6.43,-434.28,-116.25,33.27
2778,-11.29,-478.49,-112.9,-0.02
2779,-31.89,-497.68,-98.9,33.92
2780,-28.63,-487.79,-122.9,8.56
2781,-17.27,-456.92,-37.86,-2.54
2782,-29.77,-504.71,15.27,58.08
2783,-15.39,-482.14,-207.75,-20.98
2784,-2.07,-465.81,-99.29,46.67
2785,-10.35,-459.05,-189.69,68.93
2786,-6.43,-477.9,11.36,-7.45
2787,-16.69,-482.53,-335.42,-111.51
2788,-23.25,-467.07,-95.03,-4.73
2789,-14.93,-465.42,-89.79,12.82
2790,-35.84,-493.68,-64.61,33.2
2791,-22.37,-471.78,-130.3,38.88
2792,13.07,-427.76,-8.09,22.25
2793,-10.5,-488.78,-97.58,-16.15
2794,-23.63,-472.35,-209.25,38.53
2795,-16.9,-477.86,-100.56,16.16
2796,1.94,-461.1,-170.2,-8.77
2797,-5.15,-503.55,89.19,118.7
2798,-32.97,-481.72,-277.93,-14.95
2799,-24.0,-490.6,-68.45,-23.91
2800,-32.25,-497.57,-135.41,13.4
2801,7.92,-418.47,-91.58,-7.57
2802,-28.04,-481.53,-176.05,0.5
2803,-11.59,-467.26,1.11,-3.97
2804,-11.18,-476.8,-183.17,32.29
2805,-1.54,-467.67,-130.04,2.36
2806,-36.98,-505.28,-28.99,95.38
2807,-30.2,-472.62,-179.21,-33.16
2808,-26.98,-479.98,-113.77,6.61
2809,-20.95,-492.26,-163.15,12.15
2810,-22.38,-468.38,-131.81,17.87
2811,9.96,-434.52,-165.13,-20.0
2812,12.4,-435.92,78.95,40.0
2813,-18.15,-497.34,-176.89,25.79
2814,-20.95,-479.14,-148.83,-19.31
2815,-25.09,-491.67,-134.7,41.38
2816,-16.12,-473.14,-3.7,22.26
2817,-31.77,-483.3,-181.5,9.17
2818,-11.07,-467.8,-121.73,-6.86
2819,-6.22,-464.01,-135.73,75.69
2820,-24.34,-441.52,-85.61,-47.93
2821,-22.63,-485.52,-159.56,0.3
2822,-24.39,-480.73,-99.41,16.14
2823,-18.87,-491.26,-102.09,20.42
2824,-20.85,-487.18,-116.39,16.57
2825,-18.96,-469.19,-100.0,-41.26
2826,-13.62,-486.13,-108.97,55.79
2827,-18.88,-476.15,-167.18,-8.37
2828,-12.42,-474.33,65.25,17.87
2829,-18.77,-486.22,-247.66,39.21
2830,-13.59,-447.05,-123.49,12.09
2831,-24.35,-462.69,-235.06,-55.54
2832,-28.61,-496.0,-21.77,76.7
2833,-21.01,-457.17,-137.89,24.05
2834,-18.44,-486.05,-88.84,31.58
2835,-25.15,-487.49,-32.98,84.83
2836,-24.4,-490.25,-183.71,-52.33
2837,-30.44,-475.17,-132.12,8.55
2838,-0.56,-450.76,-23.23,46.11
2839,-14.18,-464.6,-136.91,-27.92
2840,-31.22,-492.82,-147.09,13.51
2841,-24.21,-471.41,-128.39,29.28
2842,-14.03,-452.12,-123.3,20.75
2843,-9.94,-481.7,-4.02,-11.95
2844,-34.45,-503.24,-275.68,80.82
2845,-20.35,-475.89,-94.76,-8.58
2846,-14.12,-471.83,-121.44,10.52
2847,-7.76,-457.04,-124.09,2.64
2848,-26.98,-478.13,-109.08,48.78
2849,-22.03,-479.35,-108.48,31.01
2850,-16.89,-476.1,-122.57,3.93
2851,-13.87,-456.61,20.35,36.1
2852,-39.86,-503.18,-214.47,-10.56
2853,-21.78,-482.77,-121.21,46.53
2854,-7.71,-467.68,-117.33,18.31
2855,-0.64,-456.08,31.56,22.14
2856,-24.55,-488.4,-199.19,-50.33
2857,-21.73,-485.12,-163.05,31.98
2858,-14.42,-457.21,-123.82,29.72
2859,-31.9,-478.67,-191.03,13.03
2860,-32.94,-483.85,-71.94,17.61
2861,8.48,-464.08,-95.44,9.92
2862,-6.36,-483.21,-131.65,155.43
2863,-20.38,-469.48,-68.77,-40.82
2864,-23.96,-474.66,-149.32,-35.74
2865,-30.25,-483.13,-112.69,27.86
2866,-25.41,-494.82,-121.13,9.08
2867,-15.07,-462.81,-102.85,22.73
2868,-6.1,-454.02,30.68,-26.9
2869,-28.86,-502.92,-151.62,64.79
2870,-33.96,-470.65,-121.82,0.4
2871,-2.08,-453.78,-170.52,-81.13
2872,17.68,-428.28,-18.93,-28.23
2873,-37.32,-497.29,-235.68,129.65
2874,-32.38,-521.43,-119.77,-9.12
2875,-2.98,-462.97,-57.73,77.49
2876,-29.78,-501.49,-132.1,-5.09
2877,-26.16,-485.5,-102.17,54.12
2878,-42.45,-488.68,-26.42,-5.17
2879,-31.83,-487.41,-155.82,-6.04
2880,-3.92,-464.89,-129.45,-2.5
2881,-1.74,-453.18,-42.42,-39.55
2882,-4.27,-458.37,-182.89,28.98
2883,-32.25,-485.8,-221.76,-16.58
2884,-32.99,-493.33,-85.63,19.97
2885,-15.54,-457.73,-36.71,24.26
2886,-33.59,-474.69,-143.11,-9.71
2887,-27.93,-502.36,-64.23,50.86
2888,-5.63,-490.67,-238.23,8.26
2889,-4.69,-487.94,-101.89,-27.36
2890,-20.6,-476.49,-97.4,64.16
2891,-29.72,-466.23,-132.63,-30.46
2892,-26.96,-479.43,-104.22,25.38
2893,-29.57,-494.14,-159.76,-16.06
2894,-25.95,-480.82,-81.15,69.05
2895,-16.76,-465.78,-66.92,-55.91
2896,-4.83,-467.14,70.62,37.3
2897,-12.99,-464.47,-294.13,-20.76
2898,-31.75,-487.48,-102.08,38.58
2899,-25.53,-493.75,-138.38,61.68
2900,-27.92,-480.51,-95.48,-10.81
2901,-21.94,-476.03,-86.02,3.08
2902,-19.55,-473.59,-108.12,-22.68
2903,-27.49,-476.46,-129.69,55.85
2904,-26.56,-474.21,-122.31,31.93
2905,-26.06,-470.46,-107.81,-43.27
2906,-12.81,-483.81,-118.21,38.89
2907,-16.29,-460.91,-147.74,-48.21
2908,-24.68,-462.42,-105.65,14.61
2909,-10.27,-480.37,35.54,36.55
2910,-21.97,-486.07,-189.26,-39.7
2911,-34.43,-489.21,-106.91,32.58
2912,-4.1,-451.92,-100.12,50.65
2913,-14.04,-476.1,-81.67,-50.53
2914,-30.78,-481.81,-67.28,-6.12
2915,-34.05,-492.65,-200.53,59.8
2916,-23.98,-490.85,-73.76,-7.77
2917,-7.38,-449.64,-120.61,13.76
2918,-18.46,-475.41,-75.47,20.84
2919,-4.18,-479.77,-90.58,45.35
2920,-9.87,-477.56,-84.77,-91.1
2921,-33.62,-493.78,-121.26,5.36
2922,-26.07,-476.82,-117.56,33.22
2923,-14.52,-474.13,-87.01,31.26
2924,-27.06,-480.98,-124.05,16.29
2925,-25.49,-476.44,-127.52,-2.48
2926,-29.47,-474.87,-128.83,37.93
2927,-36.55,-477.35,-91.32,-11.37
2928,-17.07,-452.13,-117.83,25.08
2929,-13.18,-471.46,-121.59,-1.22
2930,-9.8,-480.56,-86.62,27.82
2931,-19.31,-476.1,-151.16,-23.93
2932,-25.12,-475.11,-178.72,69.77
2933,-1.62,-470.59,-66.83,-33.68
2934,-3.13,-461.44,151.1,17.63
2935,-36.86,-508.99,-368.57,-8.21
2936,-24.01,-493.51,-69.47,-21.12
2937,-21.7,-478.78,-129.16,8.95
2938,-17.07,-468.21,-88.36,21.84
2939,-20.46,-478.23,-138.71,15.67
2940,-33.18,-485.61,-132.19,17.68
2941,-24.61,-471.21,-93.85,21.76
2942,8.42,-446.81,117.34,48.09
2943,-24.4,-493.83,-147.16,0.57
2944,-8.12,-494.49,-67.3,97.34
2945,-22.79,-489.9,-118.0,24.59
2946,-27.28,-488.78,-161.46,-21.16
2947,-3.8,-451.83,-151.65,-26.28
2948,-30.14,-484.7,-163.15,-2.32
2949,-28.23,-490.3,-91.25,31.17
2950,-25.55,-476.53,-102.9,34.72
2951,-25.97,-475.6,-105.34,30.83
2952,-34.47,-483.78,-104.65,18.4
2953,-41.26,-485.37,-90.21,25.44
2954,5.62,-454.16,9.83,-74.69
2955,0.4,-467.29,-199.32,25.39
2956,-2.7,-467.76,-127.73,-10.96
2957,-2.4,-481.09,-87.06,114.95
2958,-32.05,-473.85,-125.92,33.36
2959,-21.29,-500.21,-122.69,-15.26
2960,-35.02,-499.68,-134.03,29.87
2961,-20.38,-469.41,-75.62,3.47
2962,-32.14,-486.59,-127.44,6.63
2963,-20.78,-477.94,-86.83,16.64
2964,-11.34,-468.26,-134.54,0.39
2965,-1.02,-444.18,-65.95,-1.7
2966,-3.76,-459.81,-154.13,32.89
2967,-8.78,-466.64,91.83,15.64
2968,-27.88,-479.66,-259.59,16.16
2969,-25.8,-488.83,-48.76,-25.81
2970,-25.15,-485.52,-198.64,6.34
2971,-19.89,-481.56,-126.51,-26.35
2972,-35.77,-483.24,-107.22,56.36
2973,-19.55,-480.4,-105.22,35.15
2974,-11.29,-457.29,-101.01,43.36
2975,-26.76,-483.26,-116.67,20.25
2976,-20.72,-481.81,-94.47,14.75
2977,-14.17,-480.57,23.61,61.09
2978,-15.49,-468.36,-207.25,-15.23
2979,-12.64,-455.61,-44.75,-37.97
2980,-10.11,-462.23,-121.45,-4.17
2981,-34.25,-501.31,-131.68,38.76
2982,-30.49,-492.13,-120.44,35.69
2983,-18.73,-484.24,-125.04,4.2
2984,-22.05,-478.47,-117.96,24.38
2985,-20.98,-480.38,-114.07,25.26
2986,-17.52,-467.68,-116.63,21.7
2987,-7.59,-452.83,-80.93,-0.99
2988,4.57,-465.46,-55.6,24.17
2989,0.53,-460.28,-21.29,43.12
2990,-31.56,-501.79,-194.49,-58.26
2991,-7.46,-470.22,-140.35,21.41
2992,-25.18,-487.73,-58.1,27.31
2993,-20.66,-488.34,-114.07,23.36
2994,-25.44,-478.6,-119.75,18.72
2995,-21.05,-478.13,-117.04,16.96
2996,-19.04,-481.13,-117.3,25.03
2997,-29.4,-481.25,-110.67,17.18
2998,-30.06,-468.67,-107.96,22.15
2999,-12.31,-473.85,-115.96,23.37
