,ch1,ch2,ch3,ch4
0,-12.15,37.43,54.48,12.41
1,-12.45,7.14,50.4,25.71
2,-10.75,-5.31,60.36,5.73
3,18.44,56.74,-35.37,22.65
4,-28.3,68.29,26.87,27.1
5,-19.17,6.34,27.11,10.44
6,-19.34,-17.4,59.01,33.71
7,-13.91,-7.24,125.11,-15.37
8,-12.5,28.45,151.41,-0.86
9,-4.99,67.8,-95.7,72.3
10,129.93,24.8,343.1,18.58
11,-160.11,-58.28,-152.4,-47.74
12,17.88,12.84,-58.84,39.85
13,-58.21,-17.57,14.33,23.51
14,-56.52,74.54,39.47,2.98
15,-6.28,-14.53,5.73,31.44
16,17.11,-34.88,92.07,-3.14
17,31.18,4.73,-71.52,-22.71
18,-74.66,25.14,42.87,35.05
19,-23.17,34.2,77.88,35.4
20,15.7,24.14,143.67,5.95
21,-16.99,43.4,-22.84,-24.33
22,119.94,-40.01,-41.3,44.42
23,-120.8,-24.22,56.29,18.54
24,-56.69,4.72,117.79,39.18
25,-0.63,37.76,89.05,-5.88
26,9.18,6.95,88.71,-13.13
27,-48.07,-0.34,31.03,19.5
28,3.02,6.54,-99.34,29.77
29,113.17,20.61,54.46,-12.12
30,-114.6,43.12,20.59,29.55
31,-51.89,-12.79,1.61,-7.89
32,-11.11,7.85,155.1,47.27
33,1.64,40.57,-70.85,31.3
34,-26.86,-41.18,89.79,-13.33
35,-17.0,23.4,49.59,43.81
36,55.9,-17.62,306.91,30.59
37,-74.75,-39.13,-170.41,-16.85
38,-22.68,35.91,80.56,-18.06
39,87.32,39.87,89.08,27.75
40,-104.02,-2.19,-112.91,22.25
41,-44.28,4.64,20.23,22.36
42,10.07,29.93,67.5,4.25
43,-0.41,103.49,64.48,31.96
44,-6.68,31.92,-6.86,17.48
45,-30.27,-75.23,132.75,32.49
46,-12.56,-56.75,-56.29,41.56
47,-9.35,37.01,162.31,3.18
48,49.36,26.61,26.33,3.3
49,-55.68,2.21,-37.76,19.14
50,-31.47,-0.54,288.05,31.81
51,63.05,25.07,-18.19,6.03
52,-16.83,13.39,-82.32,6.67
53,-102.64,34.74,26.0,13.35
54,11.66,-72.04,-43.61,-27.85
55,-45.22,-1.88,22.7,50.37
56,-8.05,52.89,37.31,15.99
57,17.21,24.89,39.2,10.54
58,-33.4,23.25,37.11,58.59
59,-14.39,4.65,156.57,4.32
60,-24.92,0.41,45.82,-7.8
61,22.83,42.02,96.76,-1.07
62,-4.92,-2.25,89.26,26.92
63,66.44,-1.5,166.97,13.14
64,7.6,20.01,-234.14,22.96
65,-154.7,51.54,51.73,45.04
66,-19.96,43.79,47.37,-24.83
67,-13.23,8.54,92.28,-1.01
68,44.67,22.66,-9.08,3.72
69,-80.46,-27.45,-13.53,5.52
70,-10.05,7.27,57.41,51.31
71,-27.53,131.12,148.1,72.19
72,81.23,-23.86,-53.5,-38.52
73,17.68,-47.35,52.38,10.32
74,-97.96,68.46,59.06,0.74
75,-38.66,7.82,491.34,35.94
76,-37.3,36.37,-342.42,22.21
77,-6.57,44.29,-36.68,-2.69
78,-16.78,42.17,9.85,-11.38
79,73.39,-2.76,85.83,13.25
80,-67.77,29.44,84.85,38.18
81,-25.47,7.11,0.4,9.76
82,-15.39,-2.09,141.87,27.28
83,-22.21,18.29,-40.37,-0.26
84,15.02,8.96,71.39,14.31
85,85.07,24.28,6.82,20.56
86,-97.53,21.58,-33.79,8.45
87,-3.44,54.03,168.65,50.3
88,-56.08,-8.73,262.19,9.16
89,-42.17,24.7,-139.38,27.68
90,-10.42,8.8,-57.11,-14.98
91,29.55,-1.12,-17.66,8.15
92,-11.48,29.39,65.3,18.75
93,16.0,12.87,31.98,47.84
94,-59.06,-41.63,302.15,-3.29
95,79.71,65.28,-186.52,10.65
96,9.33,35.89,-14.04,13.74
97,-112.64,17.65,43.59,-8.99
98,2.5,52.8,59.77,39.94
99,35.27,79.07,4.84,22.62
100,-39.43,2.49,20.79,15.99
101,-31.15,-42.08,59.23,22.17
102,-21.85,-19.51,424.1,-44.13
103,23.08,36.46,-134.22,39.24
104,26.19,52.76,-50.0,8.0
105,-44.96,-17.31,-61.03,55.0
106,-42.6,43.35,8.21,45.98
107,79.26,62.0,89.31,-36.14
108,-79.69,-18.73,23.85,-0.89
109,-48.68,35.07,20.75,28.17
110,0.63,8.03,65.93,17.43
111,43.21,36.24,122.12,4.55
112,-27.71,-33.12,-25.56,15.73
113,-20.87,75.77,23.83,39.4
114,-0.85,-13.29,202.36,2.75
115,137.81,20.87,-9.3,18.74
116,-169.88,-6.12,160.91,28.14
117,-59.31,10.62,-161.52,21.15
118,-20.16,31.34,30.16,61.15
119,75.34,29.62,51.38,-10.46
120,-41.15,19.85,-8.82,34.95
121,-34.8,-15.31,34.29,-22.55
122,5.72,3.8,197.49,-4.15
123,14.39,5.08,-23.92,-1.59
124,-33.56,40.19,-38.66,30.7
125,-17.96,29.44,22.93,16.42
126,-10.36,7.71,30.14,37.38
127,5.32,-53.11,133.05,3.01
128,-32.06,12.5,-28.67,45.31
129,6.77,48.71,18.07,-22.99
130,125.99,5.56,187.81,67.0
131,-148.94,-14.55,-8.0,-8.69
132,-31.51,21.61,-49.34,43.68
133,-28.65,64.56,7.78,-17.21
134,43.38,36.34,104.21,28.6
135,-84.28,-5.38,105.79,-1.46
136,-1.79,34.53,1.65,20.54
137,-14.63,-15.6,-19.75,15.77
138,126.91,26.57,191.75,-15.44
139,-73.3,5.84,-125.03,60.1
140,-91.28,10.87,14.46,28.54
141,-7.68,23.94,5.42,-12.86
142,-10.21,36.99,42.56,44.6
143,-29.5,37.55,46.87,19.16
144,30.42,-14.98,16.79,-15.38
145,-7.3,-20.18,132.49,47.41
146,2.75,-18.63,37.71,-0.66
147,-28.4,54.91,-25.94,2.08
148,-2.19,38.72,104.35,30.72
149,-34.38,-39.44,84.22,0.43
150,-19.37,-2.89,-43.89,60.35
151,5.47,11.76,12.98,-9.99
152,-26.87,19.04,39.84,14.22
153,-5.26,5.28,30.96,33.93
154,108.3,17.02,337.54,0.73
155,-100.97,-6.15,-11.55,5.92
156,-49.7,-23.68,-128.23,30.7
157,17.09,-0.1,165.28,18.75
158,-12.7,70.49,76.02,37.61
159,-41.55,-13.93,-94.69,58.64
160,-11.46,21.62,0.82,-17.36
161,-7.83,39.76,52.08,6.25
162,44.14,6.35,0.59,-3.36
163,-40.84,-1.33,30.52,26.99
164,-4.67,-64.8,35.52,19.36
165,64.97,-20.18,121.86,11.84
166,-82.47,14.18,35.83,-14.47
167,-72.53,-17.45,40.0,28.66
168,-32.34,-12.48,-11.5,28.58
169,-7.64,41.6,59.93,6.63
170,27.17,17.93,161.59,-3.42
171,-65.21,19.7,-66.84,50.65
172,-9.48,13.2,4.56,25.92
173,-32.85,-2.76,64.17,20.13
174,18.05,30.25,68.54,10.3
175,-11.49,2.8,129.58,10.9
176,-1.31,17.64,-84.44,10.31
177,-14.25,-5.48,19.68,13.87
178,51.81,84.88,24.54,-2.15
179,98.87,23.62,27.58,36.65
180,-90.95,38.4,32.89,43.0
181,-98.55,-28.38,44.64,-4.12
182,-46.63,52.7,44.07,31.21
183,17.41,16.32,126.42,10.53
184,-27.47,-8.17,114.69,-13.18
185,-27.92,8.06,-54.87,6.71
186,-7.25,99.27,146.55,72.55
187,-17.96,-71.76,-102.48,3.34
188,-22.12,-11.07,-2.75,6.8
189,-14.91,34.03,28.93,-4.78
190,-3.39,73.77,86.32,31.3
191,-41.64,-33.48,3.98,4.99
192,22.72,-2.41,124.77,16.79
193,-15.28,32.47,-23.42,19.34
194,108.21,-22.08,119.95,25.73
195,-24.64,7.71,50.63,-2.02
196,-129.73,38.36,14.83,17.7
197,-13.19,-8.56,-10.51,12.05
198,-25.8,30.16,142.37,34.36
199,-26.32,-7.58,-4.36,38.22
200,-0.86,29.64,10.02,-31.92
201,-3.11,120.86,22.77,-15.04
202,10.19,-54.6,10.55,36.58
203,-31.28,-44.06,67.77,39.53
204,-5.66,78.15,148.63,-12.91
205,38.88,14.93,-90.02,7.88
206,43.31,20.4,39.1,1.35
207,-152.92,-54.25,79.53,43.92
208,-31.45,-15.37,54.76,39.13
209,69.68,62.04,-0.2,11.32
210,-75.07,50.71,140.99,-10.56
211,-34.82,5.54,-57.86,38.21
212,-45.69,-49.43,27.41,10.98
213,-7.17,10.37,39.51,2.3
214,7.71,-20.79,30.37,40.39
215,-20.66,35.31,115.54,14.68
216,-14.83,6.9,80.57,8.11
217,-1.91,76.35,-50.84,13.97
218,-5.56,40.4,59.99,11.42
219,62.95,0.94,74.13,-55.2
220,-4.82,-20.81,-1.4,38.19
221,-85.4,45.04,-25.43,45.53
222,21.57,-1.5,37.24,14.04
223,-50.39,36.17,25.45,16.38
224,2.26,38.56,36.54,41.19
225,-30.59,45.45,26.77,18.11
226,13.66,41.34,92.57,50.5
227,-46.6,-18.6,137.02,21.49
228,-37.72,-4.84,-12.93,-20.56
229,-20.72,-51.51,-32.14,-12.51
230,-18.19,-24.48,26.01,-3.72
231,-41.17,10.13,150.98,-1.08
232,20.95,0.72,-7.76,29.57
233,36.08,22.17,-25.51,0.51
234,88.47,8.01,-4.3,-7.09
235,-139.74,22.14,39.08,20.05
236,-41.82,3.35,34.9,53.33
237,-28.41,-41.02,26.42,2.78
238,-28.69,20.22,126.14,6.97
239,3.38,18.74,-42.91,19.52
240,2.9,30.85,19.83,7.49
241,-32.82,-20.63,26.7,21.24
242,-28.43,24.58,35.78,10.6
243,4.05,8.95,35.06,12.25
244,-9.62,25.72,30.98,4.1
245,-9.46,58.46,42.31,26.38
246,-7.51,-33.06,26.82,10.25
247,-1.9,12.42,34.43,12.07
248,-14.52,20.28,35.93,13.93
249,-16.37,23.31,31.93,14.75
250,-10.96,-32.21,30.04,8.0
251,-7.74,4.93,35.87,18.92
252,-11.57,-3.86,36.32,19.11
253,-6.92,101.49,32.05,7.99
254,-15.22,-39.46,31.07,-0.85
255,-14.3,0.59,52.12,13.9
256,37.67,94.03,-7.81,-15.63
257,98.4,271.21,52.42,-33.29
258,7.89,151.57,55.85,93.04
259,-69.53,-57.51,13.8,70.68
260,54.76,-8.87,9.78,26.9
261,48.08,310.97,86.52,3.44
262,-162.67,-265.95,-18.94,12.63
263,-56.71,-163.43,21.5,-104.8
264,-49.95,-102.56,64.2,34.93
265,18.8,79.79,91.04,50.54
266,34.46,95.61,39.26,-84.3
267,-12.93,34.34,23.46,80.24
268,64.85,283.08,12.18,123.09
269,-32.41,-43.96,56.89,6.15
270,-71.74,-126.77,58.8,-24.1
271,-33.17,-93.22,67.33,37.64
272,-27.23,26.71,32.39,27.52
273,-45.17,-85.99,49.27,17.2
274,-6.39,43.94,43.12,28.24
275,-43.25,95.44,41.93,32.58
276,-40.16,31.92,42.84,26.93
277,-1.49,-194.47,37.09,7.86
278,27.46,-79.65,25.45,3.94
279,-54.54,-40.73,52.01,8.94
280,76.8,206.58,40.22,29.22
281,49.75,173.28,29.6,33.08
282,-27.02,-148.9,22.6,2.56
283,-29.09,-51.23,32.68,18.71
284,23.37,54.07,42.2,19.62
285,-38.32,117.92,40.38,36.82
286,-42.25,-169.31,8.77,18.05
287,56.78,-3.35,33.57,19.55
288,-33.73,5.62,37.65,20.6
289,-13.46,71.23,32.93,19.43
290,-18.1,-27.8,29.09,24.4
291,-52.22,-141.57,36.63,22.13
292,-22.96,60.56,18.87,24.56
293,-26.6,-57.62,12.29,28.48
294,23.94,-0.63,25.4,7.2
295,-32.82,-21.36,15.27,10.97
296,-15.67,81.49,24.19,22.6
297,72.03,86.52,20.77,24.04
298,9.82,36.02,13.66,-8.05
299,-49.3,-137.32,20.11,31.25
300,-48.62,53.26,20.95,20.59
301,26.06,99.59,22.65,26.48
302,25.36,-38.38,21.14,20.46
303,-52.32,-114.23,18.8,13.27
304,-14.49,-18.92,16.39,21.2
305,-34.7,-73.62,14.85,15.63
306,-31.73,-3.43,22.28,11.59
307,-3.43,-91.85,16.44,1.95
308,25.31,31.15,19.52,13.08
309,60.61,145.1,22.09,14.35
310,-42.18,43.29,18.17,15.35
311,-70.55,-45.39,26.7,22.13
312,-51.81,-19.18,8.33,9.28
313,-14.64,-147.34,11.95,6.12
314,25.33,-12.92,5.93,12.68
315,-19.19,2.11,31.03,21.35
316,-40.62,1.91,8.29,20.68
317,37.66,-2.38,13.88,50.26
318,3.65,30.93,17.63,13.26
319,-6.85,21.27,16.03,7.78
320,-16.67,19.15,15.36,-2.64
321,21.44,116.95,8.53,19.91
322,-66.37,-108.44,29.19,34.41
323,-23.74,-45.46,11.91,12.9
324,-6.1,24.14,24.1,18.73
325,-76.74,-23.58,-2.03,32.15
326,-72.04,-53.08,62.62,55.63
327,15.95,-15.5,10.44,-27.02
328,74.6,41.05,42.28,67.28
329,5.63,-0.83,4.67,-18.78
330,0.36,33.31,31.97,-7.85
331,38.76,93.88,21.6,-32.29
332,-14.96,-4.24,17.35,45.2
333,-37.09,-73.17,55.77,27.33
334,-18.85,35.41,28.52,121.99
335,-34.28,24.6,38.25,-46.84
336,-4.99,44.95,32.5,300.79
337,-37.97,-92.58,18.26,-163.52
338,-39.38,14.66,37.78,-20.77
339,-39.31,79.53,32.05,-11.2
340,61.76,57.83,29.68,1.8
341,-40.14,-84.92,6.23,39.7
342,-21.22,48.14,9.83,18.05
343,26.62,28.86,36.42,-30.87
344,-27.86,-9.71,6.49,22.77
345,-4.87,-61.77,95.95,15.14
346,-25.8,-63.67,-12.41,97.28
347,-17.73,-3.14,39.63,107.88
348,-16.08,12.65,25.55,-22.47
349,-6.45,6.9,59.4,119.18
350,-10.62,-5.32,25.01,-27.19
351,-0.4,-3.97,33.05,65.19
352,-29.18,6.88,32.23,-56.77
353,-12.84,19.8,13.28,4.57
354,22.98,18.59,62.2,-91.84
355,-21.21,-12.96,54.14,253.35
356,-12.27,20.59,25.72,-118.99
357,3.94,91.98,26.58,89.7
358,-5.71,-55.26,31.63,-67.25
359,-16.66,-55.26,96.81,83.52
360,29.09,82.26,-21.03,21.79
361,41.05,157.46,60.86,154.62
362,-82.94,-214.1,4.53,-85.29
363,-7.2,-17.58,54.27,39.1
364,-8.03,3.88,50.91,-22.84
365,-4.46,-13.31,9.33,-29.8
366,-5.41,1.37,24.01,215.09
367,-6.53,-13.09,28.25,-138.16
368,-7.75,17.13,36.26,17.79
369,-14.87,17.65,34.94,111.59
370,-5.77,7.35,51.72,153.89
371,-20.16,-7.51,17.71,-161.68
372,5.39,5.93,39.85,25.43
373,5.49,16.86,54.02,-18.62
374,-3.56,-12.51,51.13,25.1
375,-25.43,7.39,57.14,68.15
376,-4.28,15.72,21.56,94.57
377,-4.22,-19.02,42.52,77.27
378,-7.11,32.54,49.11,-40.53
379,-25.8,-18.94,28.43,59.8
380,21.27,8.57,76.26,-84.88
381,-16.89,6.98,32.76,52.21
382,-26.41,-1.6,45.28,15.36
383,-14.96,-50.4,37.78,-21.22
384,-3.56,-5.22,49.75,37.34
385,-18.66,9.34,39.01,-8.66
386,-7.97,0.39,71.62,3.69
387,-13.05,-1.54,39.75,-8.84
388,-5.37,13.58,37.12,110.0
389,-30.12,7.19,22.28,12.89
390,8.02,52.59,33.83,75.73
391,-19.77,3.58,70.04,-53.89
392,-19.93,-12.33,55.25,39.19
393,-24.64,-52.74,63.91,-10.13
394,-12.84,-20.6,28.33,-6.27
395,-16.02,4.72,62.28,35.38
396,-13.73,4.31,31.75,-13.82
397,-10.46,26.69,26.76,36.34
398,-6.5,34.73,34.67,39.4
399,-5.23,20.06,66.79,31.14
400,-6.66,-11.69,66.37,57.32
401,-18.11,18.25,66.72,-10.41
402,18.45,150.0,43.67,45.59
403,1.36,-10.32,32.77,56.49
404,-56.24,-103.67,119.47,333.72
405,-20.46,7.57,39.61,-201.64
406,1.47,46.91,2.2,-30.31
407,-23.3,-55.34,44.26,-32.9
408,-28.16,-28.39,44.2,106.88
409,-12.03,19.29,58.28,-4.94
410,-9.84,32.71,92.04,-36.38
411,-5.3,12.53,41.22,-24.06
412,-13.43,16.03,9.96,-1.52
413,3.55,63.91,50.44,231.74
414,-19.86,-43.16,32.45,-77.95
415,-12.6,6.53,30.67,-22.34
416,-15.72,-13.19,60.86,75.49
417,-4.78,7.67,-6.4,-76.92
418,-25.3,-14.22,93.72,5.41
419,-8.93,33.84,36.87,-11.97
420,-11.34,40.22,69.24,88.97
421,-12.37,13.2,8.67,-73.64
422,3.53,36.45,29.81,153.98
423,-30.55,-88.38,65.63,-97.09
424,-27.36,-83.91,-1.3,33.02
425,-10.7,-44.67,74.69,-15.93
426,-19.31,-29.72,141.5,212.71
427,-5.72,13.33,36.94,-41.29
428,-21.9,-21.96,-48.62,-21.38
429,-17.65,15.98,69.72,106.89
430,14.37,-4.16,-1.91,-254.98
431,-29.88,17.66,96.6,306.8
432,-15.76,-14.03,18.42,-110.04
433,-7.61,-47.25,69.58,33.95
434,-2.6,2.08,39.67,-21.68
435,-11.44,-7.23,37.34,26.96
436,-13.68,-14.51,63.78,165.16
437,2.69,31.32,42.46,-63.59
438,-16.36,26.6,40.51,-26.46
439,-21.88,-53.16,32.7,-218.08
440,-1.14,-33.8,100.17,350.96
441,-8.82,48.26,48.02,-218.98
442,-17.26,-8.38,133.34,181.13
443,-6.75,-29.4,-28.02,-39.02
444,-8.17,16.09,0.86,80.15
445,-15.17,-5.72,98.67,143.44
446,-4.13,-5.68,28.98,44.12
447,-27.74,-29.99,44.23,-214.45
448,-24.76,-56.32,67.22,-12.98
449,-6.93,65.08,72.96,57.19
450,-5.63,22.93,10.68,171.06
451,-17.67,-73.6,124.22,-52.46
452,-42.6,-128.84,48.15,-103.21
453,-1.51,44.67,3.76,25.16
454,-10.96,-44.44,16.54,-29.26
455,-4.98,36.8,41.88,138.19
456,-17.51,21.54,71.2,-76.37
457,-11.75,-48.75,-44.66,-54.5
458,13.93,84.44,102.78,208.23
459,-23.15,18.69,-50.97,-187.71
460,-33.94,-84.69,66.75,32.6
461,-21.06,-70.23,35.9,-128.15
462,-30.54,-40.08,66.12,-11.2
463,11.9,52.48,58.74,142.97
464,-10.12,7.32,68.49,87.55
465,7.93,38.11,7.53,-58.17
466,10.6,79.62,12.25,-62.25
467,-37.39,-67.04,94.62,80.77
468,-42.57,-99.79,-7.73,-149.76
469,-32.18,-26.57,18.68,215.56
470,12.64,55.84,60.38,-131.46
471,-22.32,-35.56,40.82,-8.24
472,-28.74,-14.21,36.84,-72.87
473,-14.43,-6.49,43.47,72.54
474,3.75,-28.05,86.0,80.94
475,-28.4,-3.06,50.65,-9.72
476,-5.37,43.43,30.11,3.04
477,-17.76,0.57,88.22,74.92
478,-11.46,-52.91,4.45,-11.47
479,-9.2,43.31,174.49,51.31
480,-27.59,-41.66,-15.36,-78.62
481,-4.18,57.39,31.63,9.04
482,-19.09,-35.98,25.43,-35.3
483,-8.55,38.94,-10.05,-26.29
484,-8.82,-56.82,48.42,-40.22
485,-24.16,-29.51,24.52,8.72
486,-12.4,-23.85,42.43,-41.5
487,-1.12,19.92,18.86,-6.1
488,-7.49,14.86,90.31,150.33
489,-14.09,5.95,59.37,-40.53
490,0.13,6.06,10.32,30.59
491,-30.03,-18.34,72.2,8.81
492,-14.04,30.69,31.43,-15.26
493,-16.29,26.93,92.62,24.38
494,-7.86,-25.96,22.98,-47.57
495,-14.67,-3.01,12.47,78.58
496,-15.65,-9.35,52.74,-22.5
497,-1.01,-39.17,48.62,43.77
498,-13.77,-5.85,25.16,-72.02
499,-12.76,16.96,61.82,224.03
500,-17.02,-14.14,31.83,-80.41
501,9.32,67.27,53.18,-24.03
502,-41.48,-48.62,73.21,45.03
503,-13.74,-61.78,59.0,-83.88
504,3.36,64.58,86.9,80.55
505,-26.22,-105.86,7.27,-33.97
506,-16.49,-43.11,67.88,-4.34
507,-6.98,0.33,23.91,58.57
508,-12.35,25.5,2.73,-12.12
509,-3.84,11.14,26.96,-12.16
510,-10.48,12.31,44.85,17.41
511,-16.93,4.08,48.37,29.66
512,-14.02,-7.26,30.98,6.35
513,-0.38,7.61,77.09,35.27
514,-15.13,74.98,19.28,122.46
515,-5.84,-48.01,34.04,-68.0
516,-7.98,40.13,50.1,-35.19
517,-7.55,-6.63,65.61,62.0
518,-11.56,5.61,31.55,-47.21
519,-39.73,-87.92,26.07,59.92
520,-16.04,-27.61,90.08,-11.33
521,-6.8,0.15,-1.97,-18.0
522,-11.28,-4.32,49.1,115.95
523,-19.33,19.97,112.03,-17.97
524,-15.02,13.12,2.5,0.33
525,-31.07,-54.89,13.29,-80.03
526,-10.6,-12.96,95.82,124.49
527,-18.69,5.56,39.76,-35.27
528,-14.54,20.73,51.34,143.82
529,-14.16,29.23,96.1,-9.02
530,0.48,33.36,22.84,-69.08
531,-24.03,-81.91,15.67,18.32
532,-13.9,40.91,28.78,18.96
533,-1.77,31.76,22.82,19.84
534,-7.91,-17.29,80.83,-11.77
535,-29.9,-5.55,-2.43,5.87
536,-19.0,21.57,64.68,63.02
537,-15.14,-14.22,22.39,-34.16
538,-3.11,26.24,43.05,-7.94
539,-9.18,-14.37,52.31,144.7
540,-8.79,41.28,38.61,6.47
541,-16.35,-0.01,25.15,-114.59
542,-6.79,-38.9,50.91,-37.26
543,-10.41,23.39,47.55,65.99
544,-59.28,-167.46,84.83,21.09
545,-10.62,56.28,33.01,-39.87
546,-6.73,34.13,26.59,21.47
547,-18.48,0.02,111.8,253.91
548,-20.92,-14.89,-9.52,-135.68
549,-16.0,0.21,62.19,120.99
550,-18.45,-0.07,92.77,-89.87
551,-5.81,12.83,60.56,28.42
552,-22.62,4.54,-13.71,25.33
553,-7.77,-0.79,29.97,-26.28
554,-16.15,15.28,49.12,12.83
555,-28.6,-65.55,42.19,104.1
556,-11.96,-33.74,48.05,-36.2
557,9.14,39.31,30.86,38.12
558,-13.09,22.37,-1.8,-68.38
559,2.46,90.87,66.84,7.39
560,-28.52,-15.64,37.89,-9.44
561,-15.39,-5.5,58.62,7.03
562,-14.5,-28.33,10.97,-41.91
563,-40.96,-13.53,50.5,67.82
564,-10.61,33.19,43.75,3.65
565,-40.45,-42.43,111.08,138.53
566,13.01,41.66,23.51,-31.01
567,3.51,42.88,30.37,-61.58
568,-9.12,48.49,19.85,59.96
569,-37.2,-63.35,30.21,-41.21
570,1.93,5.97,85.27,22.98
571,-28.68,-122.86,135.92,7.12
572,-8.65,79.58,-63.74,16.89
573,22.79,24.09,9.4,76.48
574,-24.99,112.07,44.27,-36.09
575,-39.98,-79.11,83.47,123.19
576,-14.15,-30.78,-8.35,-88.56
577,-3.59,10.35,77.65,32.88
578,13.04,93.21,45.06,-30.91
579,-20.19,8.42,-0.39,31.53
580,-29.67,-29.21,38.47,-52.29
581,-7.67,32.36,67.56,168.3
582,-2.72,27.78,15.66,121.04
583,-24.49,-32.5,30.8,-105.7
584,-6.85,36.78,40.97,-10.61
585,-8.81,-53.5,22.63,-67.98
586,-25.25,-17.93,49.16,125.21
587,-20.94,-72.05,24.53,-77.14
588,-15.52,-21.82,44.66,41.15
589,0.85,87.67,110.35,133.3
590,-12.74,63.34,-10.62,-38.92
591,-23.23,-53.94,19.05,-48.84
592,-14.26,64.56,67.97,29.61
593,7.91,133.14,53.97,24.22
594,-30.13,-153.58,-34.53,-23.37
595,-25.35,-47.56,-2.27,-33.52
596,-10.68,26.33,58.45,33.01
597,2.1,-3.29,88.41,126.09
598,2.71,113.32,10.32,-7.79
599,-36.06,-59.23,-1.97,98.62
600,-12.41,0.13,99.6,-18.74
601,-22.91,-29.27,1.09,-50.21
602,-6.01,-58.13,38.04,101.15
603,-37.92,65.0,5.02,-74.04
604,-22.24,22.95,35.28,10.9
605,-13.64,9.34,74.43,93.17
606,6.76,37.35,-5.92,-86.65
607,-15.46,35.29,44.05,40.2
608,-52.98,-90.36,29.01,92.73
609,-10.7,43.12,69.38,-17.58
610,-12.82,-24.89,74.16,-31.56
611,-18.42,-27.23,6.36,18.56
612,-13.67,17.28,37.47,65.98
613,0.4,39.1,6.76,47.55
614,-3.16,45.86,173.54,51.3
615,-21.06,12.45,-62.4,-67.61
616,-27.08,-175.89,37.49,5.45
617,13.83,110.9,33.42,-35.75
618,-30.49,27.87,48.25,144.33
619,-1.27,31.94,6.55,-27.23
620,-34.44,-56.87,42.35,19.49
621,-24.63,-55.8,50.78,19.09
622,-13.79,32.66,12.8,52.46
623,0.76,39.77,40.62,-6.56
624,-9.67,16.27,44.63,-31.85
625,-14.39,81.48,73.4,40.34
626,-15.43,19.09,11.37,76.29
627,-3.55,-14.64,51.13,52.55
628,-27.33,-14.97,11.12,-88.21
629,-23.42,-2.8,31.13,-50.4
630,-3.05,68.85,28.69,97.38
631,-18.83,-104.91,62.25,-13.73
632,-9.36,38.91,34.23,101.34
633,-4.95,-30.83,28.93,-28.41
634,-29.04,64.58,70.15,44.42
635,2.91,29.29,116.48,-44.41
636,6.95,89.76,-21.19,68.44
637,-47.98,-91.49,19.44,118.41
638,-33.91,-28.91,60.52,29.9
639,-22.9,20.87,8.13,-19.43
640,0.91,90.63,28.55,-17.21
641,-26.74,-61.89,18.12,46.97
642,-26.16,-53.25,40.99,21.44
643,-9.15,21.56,64.94,-58.58
644,-16.88,13.04,60.72,51.01
645,-19.33,16.99,25.3,-61.44
646,-1.77,-75.15,15.98,64.56
647,1.76,68.8,56.45,3.29
648,-33.3,45.93,50.87,61.84
649,-7.76,31.33,79.59,115.79
650,-22.82,-15.18,32.8,-53.48
651,-9.47,42.91,29.79,104.65
652,-31.38,-19.16,30.36,-96.46
653,6.89,10.39,10.17,21.86
654,-38.85,-60.24,106.15,-4.75
655,-18.68,38.32,86.32,49.85
656,-12.54,36.82,68.0,61.26
657,-17.15,-34.73,15.83,20.91
658,-36.0,-25.97,-9.41,-17.55
659,-7.55,93.31,34.68,29.57
660,-4.36,-78.5,64.65,-0.07
661,-18.04,-80.46,16.1,-6.0
662,-5.4,108.52,51.48,78.43
663,-0.7,23.45,24.62,27.42
664,-16.07,49.58,21.84,-24.88
665,-29.18,7.07,56.69,100.29
666,-21.51,-52.48,58.55,-61.25
667,-4.2,107.83,58.46,31.97
668,-13.11,-40.02,25.98,31.04
669,-36.45,-20.93,21.6,-21.5
670,3.06,15.46,42.33,15.88
671,-1.99,23.02,56.75,32.97
672,-15.35,25.8,28.15,0.64
673,-12.23,-19.83,37.37,-30.39
674,-20.8,22.85,41.64,24.61
675,-11.72,33.44,44.44,102.0
676,-1.19,81.92,31.65,6.92
677,-13.26,-95.15,80.98,9.78
678,-24.37,-34.51,56.0,-20.87
679,1.37,41.7,20.66,-11.43
680,-9.19,6.68,41.37,62.95
681,-28.42,27.38,24.08,9.59
682,-25.58,33.18,60.72,25.17
683,8.05,66.35,32.4,57.21
684,-0.63,-32.92,47.56,43.93
685,9.84,70.59,64.59,-22.01
686,-37.61,-45.82,16.11,-14.02
687,-44.83,-31.89,60.46,-23.55
688,-26.67,-8.2,31.04,99.46
689,-4.92,-16.6,53.99,-15.54
690,2.13,57.25,5.66,-17.27
691,5.98,57.0,52.94,31.7
692,2.15,62.36,46.34,58.61
693,-8.36,-22.6,49.82,-15.26
694,-47.01,-33.73,65.45,34.93
695,-17.81,-29.38,21.29,15.58
696,-7.28,20.98,87.14,2.91
697,-5.15,32.42,88.2,18.75
698,-19.33,-29.5,-1.31,25.6
699,-19.82,23.21,47.87,-24.69
700,-6.85,61.44,52.34,68.42
701,-15.81,41.15,-8.41,-41.4
702,-10.31,1.45,34.92,-21.26
703,-8.74,6.28,39.77,67.17
704,-16.98,10.12,45.46,78.83
705,-11.37,0.14,68.26,-6.51
706,0.58,93.37,53.42,-2.3
707,-10.09,-40.22,18.28,6.77
708,-34.51,-79.88,50.57,30.67
709,-15.42,34.26,25.69,-29.98
710,0.58,3.55,69.65,84.08
711,0.04,-11.67,44.86,33.75
712,-16.75,19.51,25.03,-6.61
713,-24.57,5.3,66.11,44.03
714,0.14,43.68,48.87,108.29
715,-10.64,26.44,36.23,-76.29
716,-2.33,65.45,57.52,99.67
717,-27.76,-42.93,54.71,-78.9
718,-33.85,-64.34,6.14,50.36
719,-25.47,3.77,45.73,15.17
720,-17.72,67.0,22.17,-22.65
721,-20.03,-113.31,31.79,17.33
722,-0.88,32.77,57.27,36.41
723,10.22,118.45,47.79,189.35
724,31.75,42.41,44.3,-112.37
725,-60.72,-112.09,41.13,9.68
726,-34.12,-54.73,43.84,-42.58
727,-10.01,-35.82,64.29,42.05
728,-15.38,-28.73,106.03,104.38
729,-18.28,43.68,24.14,52.5
730,-1.46,38.5,-20.06,-34.18
731,-5.5,29.33,3.71,-40.21
732,-2.89,63.46,45.14,13.85
733,-20.05,-29.01,46.0,28.25
734,-9.33,13.93,28.58,132.1
735,-15.61,1.78,35.98,-77.78
736,-6.52,57.87,29.72,37.96
737,-9.99,-9.01,30.07,-28.28
738,-31.68,29.83,57.21,94.43
739,-13.08,-41.96,31.64,-3.87
740,-4.73,51.06,13.18,21.16
741,-3.92,2.38,49.54,59.77
742,-25.85,-18.56,41.7,-6.24
743,-10.65,10.58,62.49,177.49
744,-5.42,-16.58,21.29,-97.45
745,-23.91,-17.55,15.53,-33.99
746,-11.88,-15.02,33.37,-29.53
747,-15.01,-26.71,43.1,42.04
748,-7.0,64.75,44.88,-3.59
749,-19.45,36.76,31.11,21.41
750,-15.86,12.43,100.03,26.72
751,-6.93,-46.27,44.24,81.17
752,10.51,77.24,11.06,-1.28
753,3.19,96.72,68.26,62.07
754,-49.99,-49.05,2.46,-0.27
755,-36.32,-64.21,23.06,52.3
756,-12.02,9.36,30.53,-31.11
757,-10.12,0.56,29.98,56.99
758,-25.02,-0.21,66.29,-37.71
759,-13.65,18.9,65.06,-0.45
760,-8.06,27.09,12.27,22.7
761,-14.04,21.87,22.96,21.16
762,-16.73,-43.0,27.69,44.08
763,-15.99,-0.61,32.42,5.64
764,-7.54,29.01,45.82,5.44
765,-32.78,-39.18,24.59,26.43
766,-6.03,-44.55,37.58,28.4
767,-12.01,88.18,53.99,-24.64
768,-20.63,-4.76,29.13,48.63
769,13.04,35.28,31.26,-2.51
770,-31.64,12.16,39.38,71.87
771,-28.16,-42.96,61.39,16.16
772,-18.33,24.06,40.22,18.4
773,-7.74,-50.45,19.57,-30.07
774,-12.55,55.88,39.87,6.41
775,0.03,9.36,135.64,69.75
776,3.44,38.25,2.03,-3.7
777,-29.75,-40.9,17.48,-17.48
778,-20.4,43.21,23.9,13.33
779,-24.14,-1.39,31.3,73.3
780,-18.11,-44.69,35.86,-28.15
781,-15.67,-18.36,44.67,-21.4
782,-9.79,35.43,30.8,132.68
783,4.88,28.5,23.22,-6.55
784,5.61,73.48,56.67,5.48
785,-16.88,11.41,48.77,-11.42
786,-39.42,-50.8,46.1,-3.12
787,-2.13,-5.05,37.64,-15.96
788,-31.48,-37.68,28.11,53.6
789,-8.82,33.33,22.34,28.21
790,-22.05,-14.71,39.17,-1.8
791,-5.67,-16.68,63.27,44.3
792,15.32,64.19,19.6,-6.78
793,-36.64,-11.89,29.53,8.56
794,-8.3,11.17,38.94,34.26
795,-27.22,-20.58,33.34,-3.68
796,-7.93,-2.43,19.53,116.03
797,-9.84,39.25,56.85,-36.71
798,-15.89,-14.75,30.41,-1.32
799,-19.78,19.48,73.89,71.98
800,1.74,71.94,62.62,-57.82
801,-21.79,28.83,12.45,23.48
802,-23.14,-19.49,44.01,42.9
803,-11.05,-36.1,38.24,-33.68
804,-37.5,-40.13,24.5,65.78
805,-12.59,74.57,26.38,10.97
806,-13.05,23.91,27.82,-10.51
807,-15.99,-51.71,45.43,0.0
808,-15.31,-2.15,81.46,121.29
809,-16.19,25.33,5.06,-104.63
810,-6.35,55.91,55.57,89.63
811,-19.55,-15.47,27.43,-10.62
812,-1.57,58.68,55.02,7.65
813,-6.63,21.6,42.3,14.72
814,-32.21,70.37,27.37,-19.32
815,-30.01,-3.59,46.1,69.66
816,-19.68,-67.3,39.54,81.84
817,-4.54,2.99,38.4,-66.69
818,-5.91,38.25,39.45,25.71
819,-6.22,28.11,40.74,2.39
820,-14.87,66.89,59.69,-23.97
821,-49.11,-75.59,18.31,41.4
822,-20.83,-25.35,32.73,8.82
823,-2.76,68.6,45.98,28.11
824,-1.11,46.88,66.24,31.28
825,-5.47,29.64,22.41,57.71
826,-39.12,-79.83,50.44,-31.66
827,-6.24,0.67,166.33,84.65
828,-24.77,-13.1,-58.55,-53.3
829,-16.74,38.1,1.0,31.64
830,-19.19,4.4,44.4,52.13
831,-25.76,-20.04,23.94,5.83
832,-20.61,92.3,37.63,16.03
833,-17.26,-68.95,14.97,-17.23
834,-10.14,29.77,46.16,35.4
835,-1.58,64.02,26.22,5.84
836,-30.07,-61.63,41.68,-9.52
837,-27.59,-18.76,38.49,44.76
838,-10.9,39.24,56.34,13.27
839,-21.99,8.26,17.7,69.27
840,-7.62,1.9,33.34,-11.08
841,-6.51,68.46,40.07,-13.39
842,-23.89,-5.14,40.91,65.14
843,-0.08,23.55,35.04,-25.26
844,-10.27,2.18,48.24,32.85
845,-43.78,-43.12,60.23,-43.04
846,-12.0,52.7,37.84,59.07
847,-2.75,50.34,14.12,137.02
848,-41.35,-40.62,31.23,-55.64
849,-18.61,18.18,56.05,8.88
850,3.13,25.74,71.99,46.87
851,4.64,103.66,7.07,-0.54
852,-22.62,-14.75,38.42,-3.17
853,-37.92,-71.74,18.52,45.12
854,-17.94,-20.99,32.97,-18.74
855,-25.89,-26.54,38.29,2.25
856,-6.88,68.75,111.93,37.95
857,-12.24,34.4,43.68,-2.76
858,-15.16,36.84,-23.93,11.94
859,-16.72,-35.21,21.67,39.76
860,-7.83,53.43,35.77,16.47
861,-5.72,69.44,60.25,153.24
862,-10.16,-24.51,13.03,-81.66
863,-10.92,-6.02,40.24,-43.45
864,-13.04,47.78,41.77,60.11
865,-11.07,52.1,45.05,44.68
866,-12.86,-32.04,31.19,-6.23
867,-8.82,-13.63,19.78,1.77
868,14.45,84.2,32.88,100.89
869,-22.96,32.76,21.07,-38.45
870,-18.4,-65.43,28.54,-17.08
871,-27.78,-5.11,55.97,83.3
872,-10.24,-36.81,48.1,6.87
873,-8.87,48.79,45.78,-16.85
874,-13.84,35.37,41.72,22.56
875,-30.38,9.06,60.38,10.61
876,-16.58,-18.03,30.62,14.64
877,-10.6,45.58,44.53,13.21
878,-19.64,18.27,54.78,71.06
879,-23.37,16.16,30.63,-9.3
880,2.76,56.24,30.21,-0.08
881,-9.7,-19.59,41.94,25.37
882,-37.58,-7.4,97.29,190.63
883,5.06,10.33,91.52,-93.78
884,-21.7,-11.41,-23.19,-13.7
885,-18.99,24.71,8.77,-10.15
886,-18.11,52.22,15.6,8.67
887,-5.3,32.64,48.84,36.7
888,-25.97,26.62,33.54,15.59
889,-9.96,49.11,43.69,8.37
890,-27.88,-55.38,59.3,89.54
891,-26.84,-39.42,25.93,22.37
892,0.17,36.49,31.64,-104.08
893,-11.91,1.38,55.88,109.25
894,-13.19,39.19,12.79,92.1
895,-18.61,29.0,57.56,-43.75
896,1.03,40.31,37.32,23.81
897,-16.21,104.22,38.81,12.9
898,-30.73,-110.41,32.53,15.43
899,-20.04,5.78,35.19,42.3
900,-14.88,22.47,67.68,48.67
901,-11.99,-52.21,19.66,6.13
902,-8.04,49.19,36.14,-17.02
903,-12.61,18.05,18.62,-23.94
904,-9.69,38.3,52.17,-39.64
905,-21.25,-3.14,30.44,97.95
906,-8.89,0.73,66.47,19.27
907,13.76,40.76,14.96,55.36
908,-10.5,16.19,50.95,175.77
909,-17.33,10.8,111.25,-61.73
910,-12.58,18.19,-29.82,-23.73
911,-29.46,-0.35,51.1,-12.06
912,5.83,76.17,35.7,-47.14
913,18.11,91.54,36.2,71.53
914,-8.47,-21.33,29.16,-18.11
915,-28.51,-67.74,82.21,49.52
916,-20.42,-25.55,-8.89,-63.76
917,-32.39,-8.83,69.77,78.93
918,-17.13,-1.15,38.69,11.81
919,-16.34,2.47,32.0,66.88
920,-5.74,30.64,45.5,129.13
921,-4.18,22.91,27.38,10.95
922,-15.16,18.4,27.61,-72.81
923,-10.46,39.58,39.84,14.3
924,-1.19,110.51,48.9,25.13
925,-10.11,52.64,3.98,-33.67
926,-27.52,-87.73,39.74,32.44
927,-19.32,-7.16,38.65,5.16
928,-12.23,16.62,19.14,-35.58
929,-5.14,45.56,66.31,112.43
930,-8.54,43.65,35.76,-37.85
931,-26.21,-25.82,57.47,44.76
932,-29.7,-25.13,48.72,6.52
933,8.66,37.79,47.71,78.48
934,-5.54,54.79,47.97,-19.78
935,-44.25,-33.99,27.92,2.6
936,-8.75,7.97,84.59,94.75
937,-6.63,67.47,-1.24,57.4
938,-12.68,-43.32,41.32,-66.09
939,-8.77,-20.31,13.1,6.51
940,-15.18,-15.11,29.92,4.87
941,-12.13,-20.33,45.39,54.21
942,-14.46,49.41,20.95,32.34
943,4.82,4.22,32.31,-20.45
944,-6.24,8.5,81.47,39.16
945,-16.38,49.1,29.07,41.78
946,-26.24,-24.85,28.75,7.43
947,-6.64,1.66,13.31,-38.22
948,-16.78,34.38,56.04,117.29
949,-8.8,-39.22,32.96,1.07
950,8.52,52.87,38.89,-9.16
951,-23.94,-16.32,31.11,8.39
952,-42.43,-65.06,31.08,13.31
953,-16.78,5.07,33.33,10.6
954,-4.2,52.24,34.8,87.19
955,-9.22,26.75,22.5,-7.5
956,-26.43,-58.88,41.09,8.97
957,-0.03,26.92,44.7,41.47
958,-8.35,-30.87,44.65,6.12
959,-24.82,7.38,54.95,11.45
960,-23.58,2.28,5.59,-2.62
961,-5.99,30.59,30.47,19.19
962,-1.87,24.43,38.06,23.11
963,-8.09,4.18,91.36,19.53
964,-13.36,4.15,-8.5,-10.52
965,-12.23,28.85,39.19,27.49
966,-27.19,-59.21,31.16,31.52
967,-13.09,54.97,36.7,10.48
968,-21.44,-25.75,38.35,6.68
969,-8.17,20.12,53.43,9.62
970,-0.99,19.85,27.74,32.36
971,-21.54,-25.32,45.1,89.44
972,-22.12,23.95,31.82,-55.95
973,-2.83,-1.28,33.81,25.59
974,-17.47,-13.5,36.91,18.48
975,-15.7,40.25,55.1,-6.75
976,-1.09,-3.9,36.57,47.76
977,-4.67,36.15,37.05,8.7
978,-11.47,35.7,25.98,9.78
979,-8.33,3.89,40.38,22.04
980,-19.84,-42.71,29.82,5.66
981,-7.52,15.64,34.15,1.08
982,-18.85,0.6,43.61,-52.17
983,-17.1,-2.13,43.47,70.81
984,-9.38,26.64,43.27,29.91
985,-6.21,21.24,32.21,13.45
986,-15.67,-34.7,103.66,148.02
987,-21.63,-33.73,-10.93,-90.64
988,-14.9,15.93,22.37,11.63
989,-6.97,32.37,38.05,-19.33
990,-8.69,-1.26,53.66,121.79
991,-18.07,-17.63,21.34,49.38
992,-16.56,20.07,56.49,-25.1
993,-7.96,39.24,63.44,-7.73
994,-10.39,-41.98,-2.59,-8.82
995,-5.94,37.14,30.61,43.32
996,-7.44,8.3,19.9,5.38
997,4.3,54.14,26.02,-5.64
998,-1.74,45.0,37.88,-19.61
999,-15.05,-26.4,32.06,60.64
1000,-17.61,-45.35,33.94,-10.98
1001,-22.43,-17.72,33.73,13.58
1002,-14.53,-8.17,44.66,-0.88
1003,0.04,-10.35,30.78,-30.16
1004,-6.82,-2.68,35.01,61.53
1005,-15.99,29.59,28.41,14.89
1006,1.21,35.2,31.92,17.18
1007,-7.58,-3.3,43.83,10.28
1008,-24.88,1.31,57.51,15.5
1009,-12.26,50.64,-0.87,6.29
1010,-10.64,-24.53,66.33,27.73
1011,-19.43,-83.19,65.97,54.27
1012,-3.29,37.95,8.34,4.98
1013,-22.13,-12.63,27.93,-2.28
1014,-19.76,15.99,34.64,-5.93
1015,-21.84,18.95,41.57,7.19
1016,-11.08,37.0,52.78,29.6
1017,-22.62,-25.31,31.83,9.31
1018,-24.23,8.82,34.9,28.53
1019,-17.22,20.13,56.38,10.36
1020,-10.06,56.08,75.8,49.27
1021,-22.38,1.82,17.5,6.57
1022,-23.74,48.32,35.7,-6.94
1023,-16.04,-41.8,118.99,35.36
1024,-11.53,24.33,2.82,30.4
1025,-31.47,-18.13,18.21,9.24
1026,-28.96,-26.5,52.02,45.28
1027,-19.44,16.12,57.01,21.64
1028,-28.62,-38.9,20.05,-1.74
1029,-8.74,-18.69,32.07,-8.92
1030,-9.92,80.63,40.81,14.5
1031,-25.46,29.94,54.37,16.72
1032,-13.59,13.88,22.27,7.81
1033,-9.79,18.62,40.42,11.98
1034,-18.52,5.96,26.39,27.49
1035,-25.36,-7.67,48.18,13.82
1036,-7.61,17.14,43.12,30.77
1037,-9.51,-21.97,28.99,-30.38
1038,-6.85,126.49,45.6,34.24
1039,-5.52,-3.58,43.55,24.1
1040,-5.85,6.05,43.63,33.14
1041,-34.63,-13.13,40.47,33.96
1042,-26.64,-16.5,25.35,-4.67
1043,-10.31,40.13,51.82,45.57
1044,-9.4,-20.46,53.18,-9.34
1045,-1.21,18.16,27.2,18.7
1046,-19.17,-35.93,52.71,-2.9
1047,-11.38,19.02,26.72,15.44
1048,-18.17,-12.22,35.22,11.03
1049,-10.89,5.24,39.77,17.05
1050,10.9,72.8,56.99,69.49
1051,-10.41,35.26,30.05,-15.86
1052,-25.13,-52.23,137.95,16.42
1053,-10.25,5.8,11.04,13.74
1054,-14.35,17.96,-15.22,5.22
1055,-14.19,40.85,31.95,29.36
1056,-8.89,29.38,31.0,14.31
1057,0.3,-4.74,48.84,43.06
1058,0.26,63.75,34.94,6.66
1059,12.68,133.82,38.39,20.82
1060,-40.85,-91.55,30.8,16.64
1061,-12.96,29.95,36.43,5.64
1062,-18.66,-12.11,36.21,12.91
1063,-6.75,12.41,39.49,-4.34
1064,2.26,-11.81,45.3,44.59
1065,-16.2,-5.61,57.63,48.97
1066,-12.72,-4.89,26.99,-16.25
1067,-11.75,-10.85,31.76,42.6
1068,-5.76,61.64,53.38,5.92
1069,-4.11,32.4,37.08,3.58
1070,-1.27,-23.02,49.68,26.65
1071,-13.56,40.52,26.7,3.5
1072,-10.87,42.63,34.44,58.27
1073,-19.75,-16.02,42.0,-10.0
1074,-19.26,4.65,34.84,6.16
1075,-16.28,23.18,33.58,-8.61
1076,-6.5,-7.59,55.77,33.79
1077,12.25,77.25,49.86,0.91
1078,-13.67,54.9,30.65,49.03
1079,-17.37,-4.74,29.56,-12.33
1080,-12.68,-31.9,39.12,52.83
1081,-17.91,26.71,94.19,19.27
1082,-11.83,18.47,21.29,19.13
1083,1.2,50.99,9.6,12.4
1084,-19.63,-52.34,28.74,-7.22
1085,-23.37,26.68,37.23,40.69
1086,-6.51,46.8,42.84,7.38
1087,1.56,35.5,33.86,16.03
1088,-21.0,2.24,32.13,32.72
1089,-17.28,-12.25,42.96,15.17
1090,-4.6,-21.49,35.51,13.25
1091,-9.67,39.49,49.7,-0.14
1092,-12.24,53.09,38.32,10.72
1093,0.49,24.15,41.12,17.31
1094,-9.72,-19.54,45.5,56.63
1095,-10.83,49.04,26.87,-3.66
1096,-0.34,-12.42,39.46,11.78
1097,-24.4,2.65,27.6,0.45
1098,-13.16,-0.49,37.65,3.84
1099,-10.21,3.24,50.84,42.2
1100,-12.06,-36.18,32.53,7.97
1101,-15.36,16.49,44.68,3.74
1102,-6.35,38.55,33.96,26.47
1103,-5.0,-21.43,38.92,77.18
1104,-4.41,14.14,80.92,-7.72
1105,-11.97,23.84,13.44,1.84
1106,-0.53,31.97,15.26,20.84
1107,-10.68,54.04,29.65,19.31
1108,-23.13,-11.26,37.37,35.0
1109,-25.03,-25.3,76.58,27.95
1110,-2.29,6.2,42.48,38.89
1111,-6.58,87.2,-10.56,10.96
1112,-16.1,-12.68,16.85,5.87
1113,-14.71,-55.45,23.5,13.79
1114,14.22,34.55,27.94,17.53
1115,-12.16,10.93,17.1,16.38
1116,-18.52,-11.36,30.92,-0.55
1117,-6.89,-0.58,30.98,26.84
1118,-13.84,-8.24,28.39,23.68
1119,-14.44,21.61,37.81,52.66
1120,-9.25,-3.18,34.64,3.98
1121,-2.83,24.54,38.54,-9.81
1122,-21.34,-12.51,33.32,35.03
1123,-6.35,66.25,42.19,16.45
1124,-13.62,36.74,33.75,24.33
1125,-13.88,-25.55,34.38,18.78
1126,0.08,-27.49,40.27,14.09
1127,-3.97,38.53,91.38,39.41
1128,-8.46,33.67,28.8,0.79
1129,-13.44,38.73,42.91,37.31
1130,-18.26,-38.56,10.41,-8.81
1131,-5.98,32.25,44.2,28.04
1132,-11.45,31.11,32.84,34.22
1133,7.79,57.42,30.49,-12.42
1134,-8.42,29.11,45.41,53.71
1135,-45.07,-81.27,36.39,93.63
1136,-15.54,-27.34,39.7,-42.2
1137,-3.71,-28.03,33.91,-21.39
1138,-11.11,20.29,86.92,32.07
1139,-16.85,48.76,47.29,16.57
1140,-1.07,10.57,4.73,16.53
1141,-12.28,10.53,21.26,19.17
1142,-20.11,-10.7,47.74,15.1
1143,2.88,48.84,17.84,32.26
1144,-19.51,-22.61,40.43,5.51
1145,-12.56,32.36,43.0,7.16
1146,-5.15,-21.83,40.02,14.63
1147,-18.91,-2.53,37.12,26.08
1148,-14.34,15.75,41.01,42.04
1149,-7.68,55.09,40.25,-7.23
1150,5.81,9.46,48.52,32.32
1151,-13.61,33.05,41.28,-25.85
1152,-31.71,-30.29,74.13,42.95
1153,-1.78,11.52,10.05,10.24
1154,-14.06,-4.4,31.95,24.75
1155,-16.69,36.24,18.14,35.32
1156,14.83,70.23,46.34,30.66
1157,-13.29,0.94,41.94,-21.37
1158,-37.39,-108.96,36.75,15.44
1159,-17.82,-9.05,28.36,13.26
1160,-11.21,38.83,47.78,48.51
1161,-13.71,-44.53,32.14,-1.2
1162,-21.67,12.17,44.07,27.8
1163,-3.07,42.37,32.22,5.49
1164,-8.13,47.54,36.45,-2.41
1165,-14.78,23.65,37.69,51.94
1166,-11.73,-7.45,104.97,-23.42
1167,0.56,14.03,3.69,19.12
1168,-16.54,-2.31,24.12,12.12
1169,-3.75,71.47,32.88,16.93
1170,-12.26,14.52,77.85,58.51
1171,-10.68,3.0,15.53,-14.9
1172,-10.3,2.89,31.43,25.63
1173,-5.15,45.25,28.63,21.86
1174,-11.77,67.68,33.39,24.68
1175,-16.58,-75.62,28.46,1.25
1176,-0.04,49.75,51.46,25.54
1177,-11.6,15.57,31.47,27.25
1178,-28.9,0.51,34.32,20.3
1179,-11.29,-9.35,64.55,-1.22
1180,-2.91,2.68,18.39,-1.13
1181,-17.72,-16.71,34.11,39.12
1182,-7.83,31.81,25.99,-7.29
1183,-22.35,-80.31,32.96,-14.56
1184,-13.64,63.29,37.97,39.65
1185,-2.65,29.41,44.81,35.64
1186,-5.92,41.37,62.5,-2.34
1187,-6.35,10.2,31.32,56.7
1188,-31.62,-8.25,23.65,7.11
1189,-8.63,-6.97,28.69,16.08
1190,-2.73,11.02,27.98,19.81
1191,0.9,78.21,41.4,28.45
1192,-9.33,12.8,25.31,-27.35
1193,-11.43,-64.24,44.45,71.41
1194,-12.81,15.91,71.45,-6.2
1195,-17.82,17.88,48.14,19.02
1196,-15.83,15.72,-1.4,86.88
1197,-17.56,-119.18,13.88,-43.78
1198,-12.14,-10.74,24.96,9.33
1199,-2.36,123.29,25.96,13.16
1200,0.65,9.42,30.12,13.59
1201,-11.6,41.74,28.38,5.18
1202,-10.55,15.35,38.51,45.42
1203,-6.02,3.62,47.26,-39.96
1204,-19.45,-16.93,30.58,67.8
1205,-17.87,3.47,16.64,27.77
1206,0.61,60.51,33.86,14.04
1207,-12.94,10.97,21.06,21.5
1208,-12.6,-3.17,30.43,23.35
1209,-4.87,25.45,39.12,49.88
1210,-15.98,16.24,64.45,-18.05
1211,-7.88,61.52,45.2,28.68
1212,-13.77,-57.48,8.65,57.55
1213,-16.68,14.63,21.6,-17.43
1214,-15.28,-1.87,33.23,8.67
1215,-8.49,20.96,42.09,28.17
1216,-8.41,11.5,36.84,-7.87
1217,-1.21,-13.74,35.56,28.66
1218,8.0,67.42,32.87,18.96
1219,-23.09,30.49,36.84,16.14
1220,-13.39,16.86,33.77,7.56
1221,-23.79,-6.11,40.65,32.34
1222,-11.39,9.19,39.21,28.29
1223,-18.86,11.69,42.82,21.27
1224,-3.34,0.59,41.58,26.64
1225,-14.55,-9.44,36.79,31.49
1226,-11.65,15.62,48.08,0.11
1227,-13.98,-31.1,60.01,49.46
1228,-12.17,85.86,18.95,2.28
1229,-12.9,-28.22,38.09,-3.55
1230,-3.75,-15.39,22.42,14.74
1231,-8.78,14.84,56.4,19.71
1232,-9.35,45.83,20.55,24.58
1233,-13.25,-25.56,40.05,5.33
1234,-9.5,-17.68,32.29,10.42
1235,-13.34,9.51,81.65,11.01
1236,-0.55,30.39,51.32,29.56
1237,3.27,35.87,11.87,9.9
1238,-21.04,118.29,9.45,61.86
1239,-25.76,-65.1,65.95,-5.92
1240,-14.22,3.25,12.38,33.18
1241,-19.5,-10.12,18.11,-9.27
1242,-4.7,15.3,38.14,24.26
1243,-13.68,-39.41,25.79,-22.75
1244,-1.32,62.03,47.02,47.56
1245,-6.69,-2.24,24.25,12.88
1246,-18.71,5.89,42.98,18.58
1247,-2.37,12.17,24.53,19.71
1248,-17.51,39.21,74.02,74.58
1249,-13.71,64.87,8.89,-35.94
1250,-6.87,-2.17,35.88,8.84
1251,-19.93,-41.62,34.65,20.55
1252,-12.81,18.79,33.63,10.15
1253,-7.01,-5.69,44.7,10.51
1254,-9.52,16.02,39.07,45.84
1255,-16.39,32.42,23.66,10.12
1256,-3.53,87.09,49.49,1.34
1257,-16.91,-34.85,49.8,2.4
1258,-19.17,-23.93,43.26,6.58
1259,-12.79,18.29,43.05,90.67
1260,-1.05,19.74,34.1,-16.7
1261,-8.2,12.3,38.89,8.73
1262,-16.7,54.02,31.41,5.93
1263,-2.03,25.58,29.25,26.67
1264,-20.53,-20.98,45.26,6.05
1265,-13.63,6.82,37.86,19.21
1266,-7.41,15.47,56.9,20.81
1267,10.36,92.44,28.7,-10.1
1268,-0.1,7.72,44.27,24.69
1269,-34.36,-33.44,71.18,36.46
1270,-20.14,-9.0,85.53,11.49
1271,-22.06,36.97,-0.8,12.67
1272,-19.4,-47.86,35.03,21.26
1273,-0.83,4.06,34.81,18.63
1274,-16.41,22.22,53.3,1.51
1275,-7.04,5.14,73.53,27.77
1276,-4.77,18.95,40.32,16.88
1277,-14.78,-32.56,25.12,47.1
1278,-17.35,17.94,26.76,-20.15
1279,-12.27,20.13,39.06,28.77
1280,-1.51,-10.84,34.47,0.87
1281,-18.1,44.3,46.77,19.67
1282,-16.91,-3.55,41.72,16.53
1283,-14.54,-4.54,36.64,5.25
1284,-9.36,28.49,41.34,5.53
1285,-21.68,-16.36,57.3,31.79
1286,-4.52,23.49,65.94,43.55
1287,-9.94,35.16,31.6,6.58
1288,-23.22,16.88,40.62,24.66
1289,-8.67,6.6,35.53,24.75
1290,-8.69,-9.38,30.79,7.34
1291,-19.0,-3.24,33.45,30.33
1292,-18.79,36.72,42.36,9.79
1293,-4.2,95.85,55.56,96.66
1294,-16.52,-90.81,20.61,-54.49
1295,-29.13,-41.39,35.59,31.24
1296,-2.67,-2.64,48.14,10.14
1297,-9.78,10.23,105.26,6.68
1298,-18.22,24.58,20.27,18.23
1299,-15.38,15.25,18.42,24.4
1300,-8.76,-32.51,19.36,7.97
1301,-11.21,-4.19,36.92,18.77
1302,-18.13,18.53,41.99,-13.01
1303,-7.0,-13.74,55.04,16.14
1304,-9.32,10.21,13.73,22.14
1305,-3.48,60.71,37.64,27.59
1306,-14.88,15.28,29.24,12.78
1307,-17.41,7.66,30.31,7.64
1308,-31.83,-24.36,32.69,20.89
1309,-20.52,-43.61,40.47,21.76
1310,-12.72,56.44,61.59,50.81
1311,-19.92,10.11,13.34,0.2
1312,-13.98,47.74,22.95,26.3
1313,-22.03,79.73,39.49,49.81
1314,-21.53,-75.23,40.5,2.01
1315,-14.09,-13.74,40.62,-2.95
1316,-11.51,20.94,26.47,-19.08
1317,-17.14,30.3,43.82,12.71
1318,-18.18,18.76,30.89,-1.88
1319,-15.65,18.82,36.05,33.75
1320,-7.34,25.24,27.87,-12.29
1321,-23.69,-24.94,47.36,45.22
1322,-34.39,-41.91,36.16,18.48
1323,-14.61,-8.97,34.0,16.04
1324,-25.17,-16.1,40.07,14.69
1325,-10.82,94.91,44.55,25.96
1326,-2.93,27.38,34.82,23.53
1327,-25.22,-7.06,32.7,50.04
1328,-24.26,24.79,31.15,-8.0
1329,-13.09,-9.74,26.97,-5.52
1330,-18.9,29.23,33.35,38.56
1331,-10.48,-2.96,68.06,26.58
1332,-14.39,33.95,17.55,-0.06
1333,-4.9,31.26,94.4,4.4
1334,-11.58,119.49,38.09,6.67
1335,-14.37,-80.93,29.71,31.99
1336,-13.39,-4.82,2.11,34.09
1337,-11.33,-9.52,21.91,-11.53
1338,-23.71,18.09,39.77,4.95
1339,-7.71,50.11,33.16,32.26
1340,-5.51,50.83,30.39,20.15
1341,-10.25,3.29,42.12,39.33
1342,-39.26,-31.57,31.0,-1.31
1343,-17.93,15.04,50.32,3.05
1344,-24.57,-35.57,33.69,5.33
1345,-22.39,-6.65,37.29,77.88
1346,-11.54,-5.19,35.01,-27.16
1347,-9.97,54.79,37.9,8.47
1348,-11.52,-6.05,38.03,6.01
1349,-10.12,43.03,43.62,37.62
1350,0.01,57.95,33.01,0.48
1351,-11.17,17.7,30.7,9.62
1352,-11.55,15.78,66.89,52.0
1353,-8.71,59.46,18.91,-8.38
1354,-15.89,1.02,39.61,16.66
1355,-8.11,-41.5,28.19,8.65
1356,3.6,29.13,23.57,31.3
1357,-11.34,-2.63,43.77,10.77
1358,-24.3,2.55,37.17,18.95
1359,-9.22,2.29,37.11,39.74
1360,4.19,67.95,41.15,41.32
1361,-20.02,17.68,23.4,-2.82
1362,-13.19,-6.49,36.42,57.52
1363,-12.29,-16.62,38.5,-38.12
1364,-14.26,1.97,67.51,15.83
1365,-14.46,30.02,29.79,22.67
1366,-15.01,12.51,5.84,1.54
1367,2.89,45.78,24.35,15.38
1368,-17.73,18.18,35.64,31.39
1369,-21.52,4.9,23.29,-2.62
1370,-2.89,43.11,45.96,32.69
1371,-11.78,13.44,45.92,21.65
1372,-15.44,40.36,18.91,18.67
1373,6.75,-17.7,28.56,15.46
1374,-21.2,66.97,42.85,22.74
1375,-1.18,78.75,40.81,6.92
1376,-21.18,-13.31,21.44,-0.36
1377,-25.97,-51.23,36.99,14.63
1378,-17.11,-17.39,35.26,40.47
1379,-14.8,4.56,76.29,73.36
1380,-6.19,19.16,69.87,-40.39
1381,-12.5,7.68,-2.06,9.58
1382,-14.3,22.55,18.21,11.53
1383,-11.29,0.44,23.0,16.28
1384,-4.28,-2.1,32.39,14.22
1385,-15.58,27.49,39.83,7.7
1386,-1.68,27.38,30.17,25.83
1387,-23.46,-3.93,38.21,7.44
1388,-0.78,43.65,30.67,12.1
1389,-0.4,51.08,41.96,37.65
1390,-10.03,-60.31,35.91,30.12
1391,-21.13,11.98,56.37,27.97
1392,-18.39,12.9,23.04,11.54
1393,-12.9,-4.75,34.0,-9.05
1394,-13.5,27.83,56.63,25.52
1395,-17.13,-9.03,31.91,-12.54
1396,-13.86,3.03,35.92,65.21
1397,4.98,38.3,31.96,57.21
1398,-23.09,-2.21,30.98,-23.66
1399,-19.02,-22.27,56.7,13.67
1400,-3.61,54.93,58.5,6.27
1401,-29.63,-82.62,11.54,16.15
1402,-17.56,3.3,27.28,1.56
1403,0.01,17.2,29.84,30.1
1404,-13.93,46.11,34.51,-0.67
1405,-20.72,21.99,26.11,20.5
1406,-18.57,21.79,22.02,23.08
1407,-7.14,1.3,50.42,21.9
1408,-11.1,-33.82,27.02,36.12
1409,-14.66,34.43,33.1,21.8
1410,-9.97,7.86,30.63,7.48
1411,-9.65,29.33,49.34,-2.15
1412,-25.11,5.16,96.33,46.54
1413,-23.01,0.89,7.83,31.76
1414,-20.13,-2.17,-0.48,-7.25
1415,-14.77,67.15,32.47,41.68
1416,-6.76,-27.39,40.58,-12.04
1417,-14.39,-27.55,28.26,11.39
1418,-20.06,-4.9,52.36,14.46
1419,-12.68,-55.53,26.68,3.62
1420,-18.8,52.8,46.95,-7.56
1421,10.64,60.95,30.55,16.28
1422,-12.6,52.44,39.51,29.89
1423,-18.05,38.45,39.82,1.69
1424,-35.26,-47.98,36.98,32.95
1425,-22.19,-49.52,41.83,27.48
1426,-0.68,36.48,30.35,11.29
1427,-4.75,-0.88,46.07,3.4
1428,-35.63,-28.96,39.94,20.21
1429,-18.32,-13.74,67.17,61.94
1430,-6.91,12.66,38.22,-14.23
1431,-16.77,-0.08,13.3,3.65
1432,-8.91,4.01,37.23,-2.48
1433,-2.89,45.52,43.42,4.34
1434,-18.11,43.47,26.56,26.66
1435,-9.3,18.3,44.0,39.85
1436,-13.46,-61.49,35.4,-32.55
1437,-11.79,4.05,37.6,8.82
1438,-23.56,13.15,47.9,14.21
1439,-5.4,30.89,34.22,-11.88
1440,-21.17,4.16,40.76,36.77
1441,-27.24,10.84,30.84,33.52
1442,-28.62,0.43,67.89,37.4
1443,-16.33,-11.75,39.14,9.33
1444,-15.01,33.09,30.12,11.04
1445,-24.22,-25.42,104.2,-1.26
1446,-10.37,24.34,12.71,3.08
1447,-22.51,-34.27,15.63,29.92
1448,-32.67,-4.59,42.7,9.12
1449,-19.46,38.26,32.17,-1.31
1450,-7.0,32.57,39.05,4.04
1451,-19.14,6.58,51.15,2.52
1452,-20.9,10.75,31.49,49.94
1453,-1.06,26.97,42.43,5.62
1454,-18.43,34.59,44.56,14.15
1455,-41.17,-75.52,54.53,-3.56
1456,-11.15,10.93,72.79,44.19
1457,-21.22,6.2,35.49,22.78
1458,-15.37,41.29,29.03,19.59
1459,-16.45,4.82,35.34,18.24
1460,-23.19,19.36,23.14,54.61
1461,-25.63,-36.1,52.05,-26.94
1462,-9.67,-5.17,35.76,30.21
1463,-18.76,41.19,35.39,11.57
1464,-22.07,-39.66,31.42,-4.64
1465,-16.63,52.75,35.52,-6.68
1466,-12.86,6.73,38.48,35.25
1467,0.72,18.09,35.33,33.38
1468,-1.64,51.17,33.75,14.27
1469,-33.84,-21.65,57.08,22.48
1470,-11.79,2.72,23.88,20.21
1471,-13.28,25.17,35.92,9.8
1472,-19.69,-40.31,20.61,6.21
1473,-23.31,-4.13,37.7,6.02
1474,-11.44,87.09,33.97,22.4
1475,-14.8,-3.46,76.06,101.74
1476,-21.36,-1.82,15.11,-37.15
1477,-15.34,-75.66,37.76,8.36
1478,-22.32,40.42,38.52,-5.8
1479,-20.47,72.86,104.29,8.12
1480,5.89,18.33,21.14,35.82
1481,-8.74,45.75,30.88,3.55
1482,-27.91,-61.24,57.65,12.65
1483,-18.34,35.49,4.73,37.74
1484,-17.43,22.97,30.36,8.76
1485,-11.32,11.73,38.03,-8.57
1486,-9.2,9.4,38.48,12.97
1487,-25.83,-6.19,42.09,20.35
1488,-19.61,13.13,46.88,9.62
1489,-11.91,39.96,44.11,10.63
1490,-21.02,-27.52,41.45,-6.68
1491,-11.84,52.3,42.13,65.79
1492,-18.78,7.2,38.82,1.74
1493,-10.88,4.96,38.4,12.75
1494,-17.0,-16.43,38.57,18.51
1495,-9.5,26.59,34.42,11.17
1496,2.97,70.21,35.36,29.58
1497,-8.69,57.79,48.56,19.38
1498,-14.13,80.84,41.63,6.53
1499,-37.17,5.76,31.68,3.28
1500,-37.74,-111.83,34.62,10.64
1501,-35.11,-33.87,27.81,-4.22
1502,-19.4,-11.0,38.84,38.99
1503,-13.97,46.77,41.81,14.47
1504,-23.6,24.41,36.08,6.66
1505,-10.73,39.1,39.62,16.65
1506,-24.56,-4.8,41.88,28.36
1507,-22.48,25.67,36.79,-11.77
1508,-28.4,-14.68,41.55,-0.79
1509,-18.63,3.44,39.36,75.71
1510,-9.9,38.62,80.61,-16.92
1511,-21.37,41.54,32.31,43.62
1512,-13.67,-25.37,23.61,-25.04
1513,-5.41,30.24,38.42,23.02
1514,-31.75,56.52,35.01,-4.03
1515,-41.41,-0.85,38.27,17.43
1516,-18.19,-21.06,42.52,26.09
1517,-20.43,-30.44,36.13,-3.78
1518,-20.05,13.44,48.24,18.16
1519,-5.28,46.53,44.4,23.7
1520,-22.09,-28.03,32.54,-4.02
1521,-16.6,-6.5,36.37,13.05
1522,-19.59,20.75,39.18,30.35
1523,-6.99,-13.25,91.42,-9.16
1524,-19.05,15.43,55.31,9.83
1525,-10.96,58.6,-2.93,26.24
1526,-14.92,-6.95,24.0,11.42
1527,1.11,1.94,31.21,22.56
1528,-17.53,36.33,32.59,68.69
1529,0.53,70.14,41.86,-27.59
1530,-11.59,-18.48,31.77,-8.38
1531,-34.59,-21.96,45.13,53.6
1532,-21.56,-10.38,31.07,-16.02
1533,0.17,11.71,33.72,34.99
1534,-9.93,141.86,34.75,2.94
1535,-28.74,-73.7,34.64,6.81
1536,-10.56,-21.55,28.02,5.95
1537,-5.23,21.59,41.57,36.31
1538,-20.44,49.6,32.26,24.72
1539,-22.45,-48.72,50.66,-13.98
1540,-14.18,-13.16,26.5,14.32
1541,-18.35,21.38,41.17,41.13
1542,-13.29,4.12,34.0,-10.02
1543,-8.26,2.81,31.01,-9.04
1544,-16.03,18.31,35.58,25.5
1545,-14.29,-30.25,35.67,6.59
1546,-7.09,-9.64,34.59,19.16
1547,-10.6,85.74,47.68,68.15
1548,-13.89,50.45,46.1,10.45
1549,3.2,15.8,33.65,-0.5
1550,-23.49,-37.91,46.09,-12.76
1551,-21.17,-10.4,45.22,46.81
1552,-10.93,36.5,63.66,12.75
1553,-17.49,-0.28,3.62,10.0
1554,-13.13,26.07,23.35,17.29
1555,-32.71,1.4,31.18,14.24
1556,-1.21,61.75,44.59,26.55
1557,1.92,69.88,34.29,51.07
1558,-13.0,-44.93,43.35,14.88
1559,-38.23,-26.54,39.77,-6.61
1560,-20.41,-37.63,24.98,-3.01
1561,-17.92,30.8,40.53,16.41
1562,-12.17,11.59,43.3,28.73
1563,4.48,17.58,44.13,10.85
1564,-13.36,-0.11,38.51,8.53
1565,-22.67,15.38,46.26,14.97
1566,-14.55,-50.35,37.7,4.49
1567,-11.02,18.67,38.86,13.62
1568,-12.06,74.72,46.55,49.22
1569,-11.22,23.83,35.96,13.58
1570,-5.41,25.96,39.67,2.53
1571,-10.51,-21.87,46.09,17.17
1572,-18.08,31.15,39.6,-2.9
1573,-13.84,31.68,42.93,21.01
1574,-1.46,55.01,49.16,11.52
1575,-7.69,55.6,41.39,25.64
1576,-16.61,-31.51,33.86,15.2
1577,-19.79,-20.17,54.3,6.85
1578,-10.76,1.17,45.33,27.52
1579,-12.94,17.54,36.33,-2.07
1580,-2.72,31.91,41.35,6.46
1581,-9.03,56.28,54.24,15.47
1582,-18.98,-58.33,39.02,14.69
1583,-12.98,-20.52,38.42,15.33
1584,-3.67,49.92,49.09,23.61
1585,4.15,27.87,37.74,0.13
1586,-11.07,-1.61,39.23,61.27
1587,-24.61,-19.22,30.75,-14.7
1588,-0.48,-0.19,49.59,21.53
1589,-4.85,28.7,76.43,4.05
1590,-4.09,34.91,75.54,15.93
1591,-23.48,-35.2,8.2,12.16
1592,-17.2,13.73,-6.68,11.53
1593,-6.81,-1.01,25.43,-1.09
1594,-13.01,34.88,39.48,45.83
1595,-17.19,39.6,45.14,10.87
1596,-7.2,16.11,23.01,3.92
1597,-26.37,-78.28,41.24,4.96
1598,-0.13,82.55,37.4,46.0
1599,3.26,5.98,30.11,-0.73
1600,-9.58,-3.69,46.26,-5.89
1601,3.93,53.11,40.64,9.46
1602,-31.07,-13.75,30.41,48.89
1603,-0.82,39.85,60.74,-1.82
1604,-20.37,-9.87,44.51,4.65
1605,-21.94,-33.77,151.5,-10.0
1606,-3.83,84.57,-11.74,51.86
1607,-0.8,78.55,-7.88,36.62
1608,-14.73,-5.66,29.82,10.92
1609,-5.41,70.97,29.85,6.22
1610,-5.78,-0.89,46.68,12.5
1611,-26.44,-1.91,34.19,15.65
1612,-10.28,-36.95,48.36,20.5
1613,-0.65,1.49,32.58,41.19
1614,-4.02,79.44,41.32,17.63
1615,-27.04,-52.37,58.49,9.16
1616,6.86,-14.83,51.17,6.93
1617,-3.14,45.86,44.33,-25.89
1618,-28.32,-44.05,29.49,78.46
1619,-19.24,4.99,38.48,-10.96
1620,2.0,24.74,40.0,-8.42
1621,-0.94,26.02,25.51,12.63
1622,-10.31,37.05,64.06,24.75
1623,-35.44,-52.42,30.88,48.84
1624,-7.51,-10.95,48.23,-12.31
1625,-1.23,85.93,124.04,1.84
1626,-22.81,-73.04,80.11,21.75
1627,-1.91,35.37,-51.06,10.19
1628,-19.6,19.89,17.58,33.29
1629,-4.45,76.99,27.41,36.71
1630,-1.16,-37.5,28.05,9.58
1631,-24.53,-1.81,63.09,-11.74
1632,-10.28,0.1,40.31,35.71
1633,0.36,-105.35,37.59,-11.07
1634,-1.73,59.99,30.32,-26.1
1635,-12.13,39.37,46.07,163.75
1636,8.79,89.57,44.71,34.52
1637,-20.5,-21.13,30.8,-22.43
1638,-4.97,58.83,29.39,8.34
1639,-19.35,-18.63,47.41,1.84
1640,-41.0,-64.15,24.13,-8.83
1641,-13.47,-34.84,50.71,-4.92
1642,-21.21,-11.28,27.7,3.89
1643,-0.14,56.18,68.58,20.93
1644,1.15,7.73,33.44,77.2
1645,-6.5,-15.26,16.53,-5.73
1646,-25.05,-41.85,101.21,26.87
1647,-6.25,39.53,25.02,16.71
1648,-19.66,7.32,9.52,16.07
1649,-23.23,-2.23,29.36,34.62
1650,-9.97,0.0,25.3,-25.36
1651,3.65,70.06,49.01,-62.36
1652,-16.21,34.53,46.36,45.97
1653,-12.62,-39.88,15.75,31.09
1654,-12.28,-20.6,38.44,-4.77
1655,-16.78,-6.29,48.43,51.48
1656,0.19,26.41,36.6,8.93
1657,-7.96,-0.57,30.19,36.42
1658,-14.89,-15.39,27.92,50.45
1659,11.21,13.5,29.14,-18.17
1660,0.28,6.74,23.37,66.68
1661,-33.27,16.21,47.76,102.57
1662,-3.07,-10.08,39.02,-44.48
1663,-4.16,57.47,19.34,-49.21
1664,1.96,51.72,34.61,23.02
1665,-36.91,-42.69,45.37,9.4
1666,-9.47,-6.24,39.92,12.82
1667,-10.39,-31.71,72.11,48.41
1668,-13.48,23.27,67.95,7.25
1669,-13.03,94.05,-7.96,12.18
1670,3.99,-58.04,50.4,10.89
1671,-21.37,3.49,2.63,11.49
1672,-19.57,9.78,26.95,0.56
1673,1.68,15.99,42.64,27.11
1674,0.93,15.45,44.46,61.61
1675,-3.65,44.41,33.34,47.57
1676,-22.12,-37.34,62.3,-14.14
1677,-14.14,42.02,41.1,3.87
1678,-17.52,-41.91,23.84,6.27
1679,3.26,-2.67,42.06,37.45
1680,-0.57,50.9,30.51,34.5
1681,-5.64,61.36,37.86,-47.99
1682,-6.33,50.27,26.43,7.65
1683,-20.07,-33.08,53.16,-23.65
1684,-5.52,28.22,40.75,46.4
1685,-21.59,-37.85,51.17,16.26
1686,-10.98,2.97,76.17,49.31
1687,-10.46,15.4,17.14,141.85
1688,-15.8,-27.62,30.13,-66.05
1689,-6.2,2.4,44.07,1.56
1690,-11.55,19.11,97.54,-50.49
1691,-6.25,36.12,30.91,26.95
1692,-9.57,11.86,-10.83,15.63
1693,-12.79,-11.34,1.92,26.83
1694,-16.85,23.38,57.6,19.7
1695,-9.62,17.34,40.39,1.92
1696,8.21,25.69,6.38,21.95
1697,-16.46,18.16,39.82,14.93
1698,-20.26,-4.16,25.36,-61.53
1699,-11.66,-29.3,19.47,42.88
1700,7.7,58.34,42.22,44.64
1701,-9.82,17.13,29.42,-0.77
1702,-17.7,-10.61,34.17,87.57
1703,-13.68,48.38,43.54,44.35
1704,-13.45,-56.44,47.24,-38.37
1705,-6.79,34.66,15.67,2.09
1706,-21.62,11.99,31.9,-16.29
1707,-14.38,17.97,46.86,28.19
1708,-16.26,-44.91,32.49,26.18
1709,-13.5,2.05,119.47,0.77
1710,-3.69,-11.33,18.02,114.73
1711,0.76,20.54,-27.44,-59.25
1712,5.96,61.09,13.07,-33.2
1713,-31.17,-32.5,38.04,45.26
1714,-20.62,-18.7,25.58,18.85
1715,-23.98,-25.78,60.15,31.03
1716,-1.41,25.32,16.34,5.0
1717,-6.16,30.97,31.92,27.75
1718,-12.19,67.88,32.17,-12.55
1719,-7.17,-41.7,26.53,35.49
1720,6.92,48.36,55.74,24.7
1721,-5.85,23.58,13.04,-63.0
1722,-3.99,-23.78,29.33,26.83
1723,-19.42,-36.89,40.2,10.63
1724,-15.92,-6.8,18.06,6.56
1725,-13.63,-3.98,37.59,11.64
1726,9.29,42.83,41.81,92.78
1727,-20.92,57.0,33.37,-9.82
1728,-19.57,2.52,29.09,-2.49
1729,-10.0,-30.19,38.26,-1.22
1730,4.62,-31.13,33.7,-40.83
1731,-9.46,41.49,22.66,23.04
1732,-13.93,47.18,50.79,36.16
1733,-3.64,40.5,40.02,11.74
1734,-22.69,-56.9,65.91,34.14
1735,-10.81,33.27,100.14,2.04
1736,1.33,53.07,-15.24,32.28
1737,-3.99,5.58,4.89,-23.48
1738,-5.28,62.22,27.6,18.52
1739,-23.14,-29.84,32.45,-0.25
1740,-10.06,-39.5,17.67,14.93
1741,-21.97,-16.22,31.13,41.2
1742,-5.85,25.38,39.71,0.97
1743,9.14,24.49,36.4,49.93
1744,-10.61,42.57,35.81,-15.3
1745,-3.4,79.66,37.41,12.91
1746,-10.44,-37.52,43.32,-20.78
1747,-15.6,-19.66,47.39,47.11
1748,-20.38,30.99,33.78,6.67
1749,2.22,20.37,44.27,16.03
1750,-13.38,-29.39,41.99,17.2
1751,-18.5,48.67,39.83,1.32
1752,-10.67,24.74,43.92,-1.84
1753,-11.78,-71.73,44.63,9.34
1754,-6.45,34.85,45.62,24.9
1755,-17.39,26.55,45.77,2.11
1756,-14.12,6.9,32.1,73.37
1757,-5.53,55.02,34.87,-6.63
1758,-19.55,-19.58,42.49,1.48
1759,-11.98,7.17,34.74,-8.72
1760,-3.45,-16.91,40.43,17.83
1761,-1.22,50.65,63.42,41.75
1762,-8.45,63.01,104.61,34.91
1763,-5.11,36.5,-12.03,-30.58
1764,-15.77,21.33,10.34,46.05
1765,-20.85,-36.68,15.46,-8.08
1766,-9.91,-24.95,36.56,32.86
1767,7.11,12.75,18.73,4.75
1768,-10.57,46.73,19.46,-26.55
1769,-23.55,-5.49,32.87,28.87
1770,-14.43,2.76,37.3,23.81
1771,-13.02,-0.51,27.88,9.39
1772,-4.96,65.14,33.47,-17.12
1773,1.51,74.45,43.41,25.26
1774,-16.79,-32.56,23.23,15.9
1775,-20.42,-27.59,20.09,7.28
1776,-5.1,8.01,29.18,9.33
1777,-14.63,-0.78,27.81,23.83
1778,-6.98,-4.15,33.39,70.5
1779,5.62,35.35,35.04,-18.65
1780,-20.95,80.38,33.91,12.1
1781,-3.87,20.73,52.25,26.72
1782,-16.84,-24.85,16.48,-3.72
1783,4.57,-17.72,20.02,-13.67
1784,-7.03,21.04,64.0,26.19
1785,3.91,68.7,12.97,4.05
1786,-2.21,18.86,61.5,15.03
1787,-16.97,-31.77,111.69,-1.3
1788,-9.47,34.94,-0.94,36.81
1789,2.84,23.32,-10.22,27.5
1790,-2.63,28.68,21.25,6.54
1791,1.13,42.73,31.2,11.01
1792,3.02,54.63,34.82,85.49
1793,-9.11,3.6,38.56,-12.48
1794,2.51,74.98,27.27,-6.81
1795,-10.59,-11.97,51.52,45.06
1796,-5.49,42.92,24.12,-9.92
1797,-6.86,-97.49,38.45,5.23
1798,-5.64,-2.42,36.71,15.79
1799,17.26,95.8,34.08,10.94
1800,2.87,21.68,35.7,17.98
1801,-17.99,4.09,29.42,8.11
1802,6.1,-8.27,56.7,20.05
1803,2.09,40.27,29.35,12.61
1804,-11.38,80.27,39.27,12.08
1805,-21.99,-27.71,51.61,2.66
1806,-5.71,-38.89,27.26,8.29
1807,-1.62,18.37,37.55,95.62
1808,-9.2,50.35,34.72,-9.97
1809,0.79,49.58,31.3,-9.07
1810,2.32,-32.07,36.04,-2.06
1811,2.38,100.41,33.35,7.77
1812,-12.0,74.78,32.52,24.52
1813,-5.92,-5.79,32.47,10.25
1814,3.18,26.16,49.56,41.32
1815,-14.28,-2.3,22.86,-14.66
1816,-3.21,32.22,46.22,14.2
1817,10.14,40.96,19.14,1.8
1818,-16.35,-15.9,46.82,6.5
1819,1.0,52.16,26.47,28.45
1820,3.76,62.13,31.86,15.32
1821,-21.22,-6.09,28.65,-0.34
1822,-1.07,-22.7,32.32,7.85
1823,9.33,64.17,32.97,12.86
1824,-18.13,15.14,23.73,0.52
1825,-15.58,25.06,46.52,81.54
1826,1.58,25.11,90.56,-3.12
1827,-18.53,-10.97,77.68,-17.67
1828,-24.23,86.71,-27.48,40.65
1829,-23.19,7.97,13.71,12.35
1830,-10.63,12.88,25.86,11.4
1831,-8.26,28.2,29.51,8.03
1832,-23.79,22.62,38.18,25.73
1833,-9.22,61.66,33.34,32.08
1834,-25.18,19.02,44.98,14.81
1835,-32.29,30.68,38.51,4.33
1836,-4.57,94.63,27.85,28.87
1837,-0.87,133.3,47.48,34.29
1838,-65.93,-216.8,30.06,28.83
1839,-27.99,42.89,35.92,17.55
1840,-25.96,20.08,41.1,21.8
1841,-32.52,51.61,42.48,21.63
1842,-24.29,18.51,49.18,57.77
1843,-10.35,34.58,37.48,-5.45
1844,-12.41,39.2,72.85,46.96
1845,-6.83,46.58,40.57,18.86
1846,-30.05,-47.97,22.17,-8.46
1847,-16.61,76.73,38.59,22.91
1848,-20.13,53.27,44.91,13.97
1849,-6.38,-18.2,26.93,13.02
1850,-7.8,81.74,49.35,30.95
1851,-35.78,76.92,48.49,30.41
1852,-9.06,87.5,39.97,15.52
1853,-15.38,-26.76,75.18,25.89
1854,-19.94,43.76,37.26,5.82
1855,-39.42,-37.42,91.25,12.8
1856,-24.08,-2.22,-3.31,40.76
1857,-20.92,-2.62,19.21,20.99
1858,-16.18,60.3,30.47,25.19
1859,-15.34,-80.54,36.31,19.32
1860,-12.48,62.12,35.59,13.05
1861,-26.72,50.47,43.21,84.09
1862,-29.32,16.67,33.66,-21.55
1863,-4.5,25.17,40.59,-7.58
1864,-28.74,15.78,40.28,35.14
1865,-14.63,37.45,27.05,12.95
1866,-6.33,54.1,31.35,-7.9
1867,12.52,69.06,43.36,38.66
1868,-6.03,30.97,43.06,21.14
1869,-30.44,1.98,24.34,6.59
1870,-18.54,-48.25,29.06,31.77
1871,-25.71,64.81,39.04,-44.3
1872,-18.49,-8.89,51.52,93.95
1873,-12.56,18.39,37.5,1.24
1874,-22.5,53.69,44.26,38.43
1875,-30.77,31.62,2.08,19.54
1876,-4.54,119.31,44.15,58.4
1877,-6.83,-1.07,32.52,-11.65
1878,-37.89,-21.54,68.69,11.06
1879,0.09,-51.82,14.04,29.28
1880,21.98,164.08,25.45,13.04
1881,-50.75,-35.62,34.86,20.19
1882,-31.16,14.85,38.72,18.56
1883,-28.08,-42.08,41.22,21.15
1884,-24.13,52.41,37.01,29.85
1885,-21.21,11.57,43.56,-2.57
1886,-7.42,48.03,41.32,28.55
1887,-6.97,38.1,41.87,12.99
1888,-32.65,-20.21,37.29,33.38
1889,-24.52,19.28,64.54,-34.09
1890,-9.09,62.02,95.59,84.42
1891,-28.23,47.47,13.49,45.51
1892,-11.76,7.12,-2.19,4.73
1893,-9.02,57.51,39.04,10.34
1894,-16.74,57.44,35.43,17.57
1895,-24.09,-8.96,59.48,73.35
1896,-4.58,73.54,49.39,7.43
1897,0.12,78.58,14.21,-3.44
1898,-25.39,10.3,46.0,-22.98
1899,-17.19,-49.51,89.15,53.25
1900,-18.3,25.65,1.05,13.8
1901,1.98,75.93,25.67,7.26
1902,-23.3,-23.41,26.71,25.32
1903,-26.55,-65.93,28.76,23.43
1904,-5.69,112.41,46.81,23.82
1905,-5.52,73.28,39.33,132.07
1906,-18.48,-22.24,36.06,-65.72
1907,-8.53,48.54,34.73,21.34
1908,-16.67,39.47,43.53,-23.85
1909,-12.41,8.03,32.02,48.0
1910,-2.11,68.66,34.89,14.03
1911,-13.74,91.39,35.05,-4.76
1912,-45.19,-62.94,30.04,15.36
1913,-29.51,-11.47,48.51,39.57
1914,-23.85,20.18,39.21,29.19
1915,-20.44,56.21,44.13,16.88
1916,7.1,88.38,28.15,78.29
1917,-31.28,8.54,116.01,49.83
1918,-26.03,68.19,-3.84,-4.22
1919,6.65,138.83,15.19,19.1
1920,-23.22,-131.02,30.26,15.8
1921,-43.98,15.75,46.44,34.69
1922,-40.67,48.59,39.21,11.1
1923,-24.8,-10.03,48.8,27.52
1924,-10.85,101.54,29.81,70.38
1925,-16.73,52.64,38.84,-12.91
1926,-31.72,-29.15,42.08,18.58
1927,-26.85,72.77,42.2,24.18
1928,-36.75,12.38,44.19,-11.34
1929,-26.82,3.02,50.48,44.67
1930,-28.21,11.37,50.32,33.97
1931,-35.33,27.6,71.24,-9.84
1932,-32.88,24.62,24.46,54.6
1933,-35.74,22.79,35.86,15.11
1934,-37.08,68.0,46.06,40.08
1935,-40.59,-16.08,40.73,12.68
1936,-32.66,2.02,53.8,53.85
1937,-40.88,33.29,48.97,19.65
1938,-42.25,47.74,39.2,37.02
1939,-25.31,72.79,39.14,24.8
1940,-27.48,72.93,38.51,23.92
1941,-43.16,-47.16,41.33,22.4
1942,-52.37,-49.04,40.04,30.97
1943,-43.37,35.57,47.84,71.46
1944,-42.28,34.09,29.67,19.36
1945,-30.46,63.94,47.07,24.38
1946,-53.05,22.95,40.89,53.21
1947,-56.6,13.71,35.51,47.94
1948,-57.42,55.92,30.46,28.21
1949,-44.37,-25.01,25.86,-5.7
1950,-46.13,47.37,60.91,84.75
1951,-76.27,8.94,14.43,26.4
1952,-51.82,60.07,27.94,38.36
1953,-47.73,43.12,33.44,40.13
1954,-79.87,11.21,30.61,38.86
1955,-75.19,14.16,27.24,45.31
1956,-78.77,10.52,28.57,61.59
1957,-100.95,-64.76,115.33,33.79
1958,-98.71,8.05,44.85,29.2
1959,-100.93,19.31,-3.74,86.7
1960,-108.02,36.24,20.34,66.96
1961,-128.99,-16.44,7.29,69.63
1962,-128.51,40.32,1.6,92.57
1963,-140.52,-4.36,15.08,61.74
1964,-161.81,4.01,18.82,91.5
1965,-167.02,-85.99,21.12,93.81
1966,-147.36,37.25,15.09,81.42
1967,-149.72,39.42,12.17,115.22
1968,-157.72,21.58,16.19,57.9
1969,-151.23,-38.16,3.51,40.71
1970,-114.62,-30.2,7.72,169.59
1971,-104.88,64.86,51.32,62.05
1972,-111.75,-29.13,24.97,109.25
1973,-122.9,-19.38,0.01,53.01
1974,-106.62,40.88,10.35,64.49
1975,-105.82,114.62,26.94,116.1
1976,-120.99,-66.35,9.77,52.31
1977,-128.96,-45.94,25.12,69.42
1978,-144.66,14.81,34.31,111.76
1979,-125.83,-29.51,61.49,123.04
1980,-119.66,22.38,34.05,61.04
1981,-160.82,20.39,14.22,109.44
1982,-131.32,26.19,14.44,106.86
1983,-129.1,60.51,20.01,118.45
1984,-145.92,-73.76,18.79,111.32
1985,-137.16,-54.3,39.06,192.77
1986,-123.15,48.81,11.82,14.07
1987,-125.11,25.03,24.12,117.94
1988,-117.09,2.51,24.25,108.99
1989,-73.07,190.06,30.71,108.15
1990,-105.46,-82.09,16.42,68.46
1991,-87.82,2.2,28.84,103.25
1992,-70.09,90.27,20.27,101.64
1993,-81.37,-4.84,23.07,97.91
1994,-65.94,33.71,16.64,77.89
1995,-49.22,69.17,85.61,87.96
1996,-26.97,30.99,54.09,76.25
1997,-25.61,65.95,-37.88,88.43
1998,-24.61,76.59,-5.66,67.56
1999,-12.84,41.61,-6.36,63.25
2000,-0.21,61.73,20.63,144.99
2001,35.32,142.43,12.58,64.27
2002,35.83,156.46,4.8,58.91
2003,24.4,47.6,1.74,57.17
2004,42.13,66.8,46.22,66.54
2005,39.33,64.83,7.0,47.59
2006,97.28,142.71,-3.52,55.65
2007,99.59,189.99,-5.55,48.59
2008,55.16,79.88,13.99,60.84
2009,62.75,33.75,8.73,42.38
2010,105.7,145.51,12.66,57.26
2011,90.72,109.03,22.36,74.83
2012,95.03,124.92,13.67,-38.34
2013,119.05,166.96,33.1,138.47
2014,82.25,128.95,-7.48,-17.79
2015,77.52,198.76,19.04,51.63
2016,83.5,137.9,18.15,-5.48
2017,73.83,134.54,118.98,14.03
2018,57.71,157.94,-28.25,90.6
2019,66.51,154.09,-1.78,-21.57
2020,53.05,125.51,1.07,0.81
2021,37.76,158.55,11.84,12.48
2022,48.1,179.34,17.79,9.76
2023,47.22,171.51,27.34,-5.59
2024,8.0,139.34,30.21,-6.3
2025,12.21,157.14,36.29,-18.57
2026,15.47,81.4,35.39,-30.07
2027,3.87,111.91,40.5,-25.84
2028,-50.45,86.98,37.35,22.88
2029,-30.66,145.35,63.93,-50.75
2030,-58.08,75.23,30.44,-27.32
2031,-86.72,72.46,77.66,-59.2
2032,-79.71,72.52,16.32,-25.62
2033,-74.94,44.54,42.42,-30.93
2034,-82.75,77.65,53.99,-1.1
2035,-89.07,-50.43,60.47,-30.07
2036,-77.44,-25.86,59.93,-121.9
2037,-84.1,3.34,44.8,-65.28
2038,-105.33,-61.04,57.9,-64.56
2039,-76.25,-1.39,102.01,-75.08
2040,-83.4,36.43,72.62,-77.44
2041,-100.81,-36.75,0.74,-37.42
2042,-91.69,-58.44,43.09,-93.05
2043,-82.63,-89.87,41.08,-103.7
2044,-50.94,1.73,71.32,-74.68
2045,-55.24,38.91,42.26,-88.24
2046,-81.1,-185.93,42.5,-119.24
2047,-82.94,-147.58,48.31,-94.79
2048,-57.06,-117.36,40.71,-102.9
2049,-33.7,-98.5,55.32,-141.37
2050,-17.16,-53.21,17.28,-120.61
2051,-29.97,-181.8,21.06,-148.5
2052,-13.7,-104.86,19.88,-145.9
2053,6.88,-101.97,24.1,-94.18
2054,16.31,-125.33,74.57,-127.58
2055,25.04,-126.52,-14.11,-149.03
2056,63.56,-71.84,25.92,-130.01
2057,68.32,-114.84,24.29,-149.6
2058,68.49,-157.4,34.15,-146.85
2059,97.47,-80.54,39.71,-153.97
2060,118.93,-68.69,15.18,-142.78
2061,138.65,-80.8,45.24,-111.87
2062,168.11,-104.14,70.86,-167.38
2063,157.65,-42.36,93.37,-164.23
2064,190.68,-81.51,33.77,-130.36
2065,194.99,-52.91,13.95,-156.64
2066,238.84,-83.78,49.15,-146.26
2067,251.34,-16.05,60.75,-140.94
2068,262.22,4.92,68.67,-120.72
2069,286.42,-67.1,60.95,-129.21
2070,281.88,-84.29,89.3,-115.92
2071,290.07,-13.3,110.7,-142.99
2072,297.32,-41.27,60.76,-128.05
2073,280.99,-30.0,76.81,-135.25
2074,270.84,-14.02,92.54,-116.84
2075,258.33,-13.74,97.67,-89.7
2076,274.79,13.89,102.34,-103.43
2077,259.6,11.39,122.66,-56.54
2078,269.31,39.34,101.26,23.06
2079,246.56,51.18,113.18,-162.76
2080,203.41,-32.32,218.12,-86.57
2081,189.18,-49.21,101.29,25.82
2082,196.73,97.38,40.55,-71.25
2083,189.55,92.59,101.67,-19.52
2084,105.61,-16.12,111.13,-28.07
2085,103.01,28.1,112.99,-17.28
2086,115.16,37.5,103.82,14.6
2087,100.56,-37.87,142.3,-6.9
2088,74.39,106.02,141.7,186.23
2089,56.78,-19.32,85.83,-61.05
2090,64.66,-10.08,82.03,-17.18
2091,55.86,49.54,111.49,21.35
2092,42.75,2.96,95.76,6.5
2093,48.42,15.39,88.61,28.0
2094,20.27,5.34,110.23,52.34
2095,4.26,27.98,104.2,56.39
2096,7.78,45.62,115.56,17.91
2097,-25.82,-8.46,99.84,97.8
2098,-17.94,48.28,81.85,68.15
2099,-38.0,21.12,79.74,64.0
2100,-66.65,22.76,119.01,84.34
2101,-87.3,7.82,89.15,72.02
2102,-67.01,12.96,60.89,57.59
2103,-56.34,71.16,133.63,78.94
2104,-66.61,-18.79,111.73,110.48
2105,-91.29,-26.12,88.68,44.93
2106,-53.42,35.83,59.8,45.0
2107,-79.26,49.17,127.6,107.68
2108,-85.63,39.05,60.58,62.97
2109,-78.18,41.51,74.93,100.64
2110,-81.4,7.68,17.37,50.04
2111,-89.38,30.87,73.49,228.49
2112,-83.65,-34.3,71.48,29.34
2113,-70.51,152.67,60.28,21.51
2114,-83.34,75.34,61.7,90.03
2115,-96.53,-24.14,57.7,46.92
2116,-98.84,-104.01,56.85,121.13
2117,-69.48,78.26,34.85,23.23
2118,-70.09,97.8,45.72,50.14
2119,-113.11,-44.97,79.66,122.34
2120,-89.83,-16.53,-7.95,37.97
2121,-86.72,36.27,80.29,26.26
2122,-81.44,7.04,-25.96,130.04
2123,-66.73,-7.4,-22.67,34.96
2124,-66.07,14.99,-3.27,148.01
2125,-57.91,8.48,8.61,10.51
2126,-29.47,75.51,22.83,83.8
2127,-35.71,-15.68,30.9,128.33
2128,-31.37,60.34,-15.27,-79.73
2129,-29.64,10.95,35.15,18.24
2130,-41.12,-21.21,4.46,86.45
2131,-32.53,-10.6,26.76,36.81
2132,-29.59,-1.23,22.99,45.36
2133,-16.05,78.06,28.68,56.26
2134,-26.15,36.66,20.98,127.33
2135,-10.7,-19.53,7.48,129.18
2136,-0.24,26.44,29.15,-13.16
2137,-8.24,-49.31,29.77,-8.46
2138,-31.14,-25.89,61.94,33.91
2139,-4.7,14.13,14.55,-46.38
2140,2.42,23.34,88.86,46.96
2141,6.92,28.2,58.23,79.77
2142,13.74,82.22,72.69,2.46
2143,17.18,-4.86,85.41,92.76
2144,-10.7,2.2,112.37,-35.64
2145,-4.32,68.64,148.42,36.33
2146,-12.44,-36.5,11.8,200.62
2147,-9.82,-13.09,60.12,-52.45
2148,-15.83,41.33,5.26,8.99
2149,-3.37,40.29,90.89,36.19
2150,-7.64,26.6,50.07,-2.34
2151,-10.66,35.48,80.15,81.08
2152,-16.74,8.03,58.01,116.26
2153,-20.7,42.39,91.31,-39.27
2154,-11.42,142.65,40.19,89.09
2155,-43.75,-86.34,83.11,15.1
2156,-28.35,-30.49,67.73,100.91
2157,-8.21,48.57,21.0,-41.93
2158,-36.67,1.63,33.68,14.16
2159,-35.44,11.42,44.86,131.58
2160,-20.94,13.25,99.61,35.8
2161,-35.23,16.12,-47.57,16.36
2162,-35.62,20.89,17.88,-23.8
2163,-14.76,23.32,16.85,-51.75
2164,-51.87,5.56,1.43,53.1
2165,-62.47,-51.44,44.35,38.6
2166,-53.48,-56.93,-3.81,131.88
2167,-36.36,68.47,-3.46,-69.78
2168,-32.74,35.51,30.2,25.81
2169,-60.09,-26.52,-33.79,61.54
2170,-37.4,9.81,4.44,2.78
2171,-63.13,3.77,24.43,57.65
2172,-69.32,-55.37,-30.15,-71.91
2173,-39.15,-17.08,-17.26,43.42
2174,-48.6,66.83,20.42,40.99
2175,-57.49,-15.25,50.28,-5.14
2176,-29.04,-21.39,-2.4,49.01
2177,-18.25,31.19,-43.91,59.43
2178,-75.46,-10.3,-16.15,-23.72
2179,-62.33,1.8,-0.61,1.0
2180,-43.77,-18.24,22.04,39.84
2181,-57.09,13.54,-22.91,2.88
2182,-51.41,32.21,12.45,35.45
2183,-47.96,0.42,39.36,168.4
2184,-52.25,1.83,51.02,-100.26
2185,-47.49,25.58,26.58,174.4
2186,-45.81,2.65,18.69,56.53
2187,-49.37,10.24,16.45,-103.65
2188,-45.77,19.98,62.49,27.35
2189,-56.63,6.55,46.77,6.37
2190,-39.24,60.46,54.96,4.54
2191,-56.24,5.06,51.28,-9.87
2192,-56.44,3.05,74.92,61.37
2193,-49.61,18.84,77.78,-1.77
2194,-46.45,25.08,128.52,57.93
2195,-34.75,110.1,81.76,82.13
2196,-22.01,-9.45,100.73,166.07
2197,-49.57,40.87,53.04,-84.7
2198,-49.18,14.3,114.44,61.59
2199,-43.16,-9.19,104.37,46.59
2200,-32.35,11.72,34.61,-28.62
2201,-41.98,5.01,81.51,25.64
2202,-27.54,29.82,63.06,38.28
2203,-16.14,4.5,81.6,-21.45
2204,-25.47,82.5,52.35,197.32
2205,-15.75,90.1,92.98,-58.64
2206,-19.95,56.55,96.03,39.37
2207,-40.62,-84.81,26.58,13.57
2208,-39.99,-10.62,31.18,28.6
2209,-18.58,27.34,55.45,18.13
2210,-13.49,14.36,81.78,-21.23
2211,-13.16,11.25,4.2,-7.71
2212,-20.07,46.95,74.78,165.59
2213,-16.69,62.88,7.68,33.94
2214,-16.9,43.17,18.39,-70.27
2215,-29.6,-84.37,22.21,47.53
2216,3.86,35.89,32.46,-15.12
2217,-40.22,-43.37,49.78,-12.05
2218,-29.48,14.1,-36.9,1.17
2219,-15.76,11.64,39.64,-24.47
2220,-17.9,93.14,1.25,95.38
2221,-29.2,-20.46,17.17,-61.7
2222,-21.78,-57.25,16.82,15.78
2223,-1.17,4.46,-8.18,1.1
2224,-13.76,-24.9,7.59,36.04
2225,-15.98,52.17,43.29,-17.82
2226,-7.12,23.81,-28.85,-23.78
2227,-19.94,-20.91,6.82,133.68
2228,-22.49,-15.69,0.63,-81.92
2229,6.58,14.63,24.94,-46.73
2230,13.67,73.0,-22.54,3.8
2231,-20.72,-21.89,-9.05,0.12
2232,-12.72,74.35,4.51,40.89
2233,-5.3,-81.53,-12.08,27.88
2234,-6.89,-35.01,19.11,-40.45
2235,5.39,21.5,-34.23,17.36
2236,5.92,-11.0,-10.94,-36.3
2237,8.95,79.82,-2.89,-38.0
2238,-0.62,-17.35,41.92,6.01
2239,0.03,78.64,5.25,18.4
2240,2.05,-28.81,24.9,-20.26
2241,2.5,27.03,57.17,111.27
2242,4.0,48.03,-4.19,-115.57
2243,25.75,33.1,56.52,-12.78
2244,-3.32,-50.15,17.4,16.67
2245,0.55,-4.45,21.73,11.53
2246,18.6,11.37,39.06,98.71
2247,12.67,36.71,69.99,-48.84
2248,2.77,39.32,21.89,-7.79
2249,9.7,116.64,40.12,-22.12
2250,-4.54,-58.49,41.61,-7.33
2251,6.0,-35.93,34.41,-11.85
2252,9.4,2.6,65.83,-7.31
2253,-4.9,-10.24,133.05,49.27
2254,4.99,43.57,5.18,-50.66
2255,5.88,-12.27,43.65,-9.8
2256,8.18,21.03,58.1,9.09
2257,0.94,38.61,16.68,42.27
2258,-6.07,34.52,37.89,19.66
2259,17.28,44.76,63.32,-3.06
2260,-1.6,73.56,24.3,-12.0
2261,1.02,-8.41,68.35,-44.53
2262,-26.75,-11.57,3.41,63.26
2263,-0.96,36.21,26.71,12.22
2264,-1.28,45.34,47.46,58.79
2265,-16.4,64.71,30.83,-54.0
2266,-5.81,-93.63,25.44,-9.71
2267,-3.48,22.18,0.72,-14.59
2268,1.23,1.77,85.89,156.06
2269,-8.78,48.31,-6.34,-93.22
2270,-2.91,-32.81,17.37,-28.66
2271,-10.09,3.99,15.4,18.89
2272,-9.61,22.9,18.1,-50.11
2273,-0.85,5.52,45.81,4.88
2274,-7.46,-4.82,97.2,169.08
2275,-6.3,30.87,-28.47,-134.06
2276,-12.6,-106.62,-4.29,-13.92
2277,-4.78,83.03,12.49,4.76
2278,15.07,123.58,10.52,25.26
2279,-14.95,-47.5,17.58,0.47
2280,-16.06,47.31,11.06,36.64
2281,-22.36,-8.14,-12.08,-22.17
2282,-1.33,31.96,62.16,211.7
2283,0.88,50.23,-8.35,-203.19
2284,-1.71,107.45,72.77,51.01
2285,-4.81,-56.41,-6.2,-37.28
2286,-3.81,-43.45,-10.1,16.94
2287,-1.46,-10.36,8.71,-3.53
2288,-5.33,19.99,47.39,-38.81
2289,17.19,23.41,12.55,62.17
2290,18.5,78.1,22.3,-7.57
2291,6.87,14.73,46.65,-21.78
2292,-6.69,-59.81,45.57,5.92
2293,16.88,88.13,28.52,67.11
2294,29.24,70.04,22.33,34.41
2295,-20.69,-8.87,34.19,-73.51
2296,-4.1,-16.33,44.24,68.39
2297,5.36,-14.18,33.0,-91.02
2298,-7.0,-10.04,62.53,12.35
2299,17.2,60.04,82.56,100.35
2300,12.86,-5.3,111.06,53.81
2301,-6.36,34.99,-30.09,-61.56
2302,7.9,26.33,16.54,-34.34
2303,22.87,134.24,15.76,-0.3
2304,16.79,16.09,54.25,-49.16
2305,-3.87,-62.95,67.9,233.02
2306,7.54,22.44,31.24,-124.96
2307,30.41,59.83,63.4,-50.3
2308,19.96,34.81,46.83,124.36
2309,-9.16,-40.05,17.7,-26.67
2310,-3.17,33.16,11.43,-12.41
2311,-10.95,13.51,71.25,18.34
2312,-3.37,59.21,39.27,-6.71
2313,-4.02,-21.06,12.83,-21.02
2314,-11.17,-12.86,14.82,10.11
2315,-11.83,14.1,40.97,6.76
2316,7.55,57.47,23.96,-4.07
2317,9.55,39.52,31.7,130.49
2318,-22.42,93.16,28.36,-91.79
2319,9.28,-22.29,-18.4,-37.14
2320,-0.44,27.13,73.07,16.78
2321,-31.2,-18.62,26.02,-83.83
2322,0.1,59.57,28.64,52.43
2323,36.38,77.92,37.2,-15.4
2324,-36.87,5.39,102.7,37.88
2325,-17.9,-48.84,-9.48,15.45
2326,-15.33,-62.73,26.93,104.44
2327,-13.97,-35.39,3.73,-69.46
2328,-17.75,47.64,4.17,30.6
2329,-5.75,74.33,35.31,27.87
2330,6.95,4.89,25.56,-55.51
2331,4.85,28.77,45.54,20.49
2332,-8.35,55.13,9.67,-7.82
2333,8.04,32.82,23.73,-52.81
2334,-6.4,50.27,55.75,34.32
2335,-23.79,-56.32,36.84,-9.51
2336,-12.64,6.13,-6.07,2.3
2337,6.07,31.3,18.68,39.66
2338,-0.66,6.86,85.98,95.43
2339,-24.87,3.6,-27.57,-23.0
2340,-1.97,-19.85,36.27,-30.58
2341,-13.57,58.8,28.5,-45.26
2342,-17.08,1.49,53.07,75.7
2343,-10.11,19.86,33.64,-19.34
2344,-11.09,41.06,36.89,-25.95
2345,-33.18,5.06,49.51,-4.49
2346,-22.0,19.82,88.95,-9.07
2347,-15.09,34.37,2.0,39.76
2348,-9.79,106.32,60.91,77.17
2349,-30.39,-58.75,47.72,102.11
2350,-14.54,2.88,39.18,-84.37
2351,-19.89,78.52,78.65,31.3
2352,-30.44,30.0,55.87,-16.1
2353,-38.12,-68.67,20.5,-36.21
2354,-4.21,65.84,23.37,43.73
2355,-33.51,-47.07,30.19,54.38
2356,-32.0,-17.84,31.72,9.08
2357,-29.6,12.14,21.09,97.16
2358,-48.97,15.07,85.67,-13.78
2359,-3.94,43.66,40.3,-47.2
2360,-28.68,45.14,32.66,-19.48
2361,-28.2,-3.97,40.91,-0.12
2362,-25.95,-7.92,11.21,56.38
2363,-18.64,65.82,12.42,70.18
2364,-20.37,15.06,20.79,-71.88
2365,-27.55,3.91,-3.78,161.53
2366,-14.62,70.32,93.23,-78.37
2367,-7.54,37.45,6.76,-2.16
2368,-29.08,16.12,-39.81,101.22
2369,-7.47,1.13,16.64,-46.77
2370,-2.88,-5.71,39.98,-4.31
2371,-21.44,13.93,34.93,37.65
2372,-16.97,-17.71,8.17,28.39
2373,-8.03,-3.62,36.14,-23.48
2374,-6.07,-34.49,-51.52,5.99
2375,0.95,33.38,25.65,44.09
2376,23.31,130.12,-4.01,-27.14
2377,-8.78,-16.39,13.56,-14.52
2378,13.96,-0.68,-26.62,23.89
2379,22.03,72.15,26.23,-49.43
2380,20.46,80.44,29.47,122.79
2381,-12.41,-15.34,26.09,-87.4
2382,11.74,7.29,14.09,-20.92
2383,12.95,87.18,20.51,-8.36
2384,16.59,94.55,21.15,-30.52
2385,0.07,-22.52,42.89,97.81
2386,-24.14,-60.84,23.75,98.62
2387,6.45,31.67,-4.27,-67.4
2388,-13.67,-13.79,30.2,-49.67
2389,5.72,23.23,92.92,-3.62
2390,13.38,-37.9,97.5,19.76
2391,33.06,35.7,-21.03,-31.37
2392,18.59,41.48,-7.96,23.07
2393,20.5,12.5,62.92,56.11
2394,0.53,7.72,28.74,-56.91
2395,22.16,29.03,77.93,77.01
2396,24.85,33.61,-9.44,22.91
2397,-0.07,-8.58,47.81,13.99
2398,14.39,2.51,28.45,-81.08
2399,17.93,30.23,39.78,13.34
2400,4.59,26.04,86.85,38.58
2401,-5.62,41.91,50.56,18.74
2402,0.12,-22.2,13.62,-38.34
2403,28.71,83.45,47.8,-22.21
2404,4.0,-13.88,39.51,61.14
2405,-9.39,18.61,44.76,-31.01
2406,14.59,-11.34,56.81,-16.4
2407,17.5,32.6,57.63,145.07
2408,4.82,18.82,77.63,-55.11
2409,2.5,14.65,160.49,75.62
2410,17.3,46.15,-10.65,-36.98
2411,-13.74,-26.21,8.86,89.94
2412,-14.97,-4.58,30.35,-69.44
2413,11.38,28.11,89.56,18.27
2414,11.39,24.4,25.58,2.85
2415,-1.11,-2.15,57.71,-2.17
2416,-11.45,58.16,9.68,13.59
2417,-13.05,-1.92,44.54,13.89
2418,-9.78,16.83,57.38,42.96
2419,5.66,31.37,13.93,64.71
2420,-15.35,-28.57,40.7,-60.12
2421,-19.85,15.66,51.49,22.26
2422,-13.84,-1.22,34.47,36.33
2423,2.95,79.83,48.41,117.13
2424,-14.03,-0.82,26.59,-141.91
2425,-18.65,-22.56,33.99,100.9
2426,-16.38,8.71,35.47,-43.53
2427,-4.44,30.8,42.34,18.02
2428,-8.51,73.66,12.86,17.12
2429,-11.89,9.14,58.91,33.55
2430,-24.32,-36.76,93.01,12.21
2431,-18.25,13.47,-6.83,86.33
2432,-9.55,16.01,2.67,-11.71
2433,-5.23,-29.83,47.88,-7.47
2434,-12.84,127.95,4.85,-41.76
2435,-24.76,-47.55,39.09,70.87
2436,-20.72,8.78,17.19,-7.93
2437,-30.68,13.37,22.58,41.56
2438,-12.59,22.02,40.7,-14.58
2439,1.86,41.01,30.22,18.15
2440,-16.8,-10.02,43.39,44.61
2441,-16.29,17.18,40.94,72.8
2442,-3.44,55.48,44.06,-70.9
2443,-11.83,53.5,41.56,11.34
2444,-30.05,-68.77,57.37,95.58
2445,-16.87,-24.03,27.91,46.74
2446,-9.99,7.57,49.35,-74.9
2447,-8.5,32.86,49.64,7.83
2448,9.36,118.19,47.35,-14.99
2449,-22.48,-45.8,35.74,42.85
2450,-6.48,-13.84,38.69,-40.34
2451,-19.75,3.52,90.81,87.86
2452,-9.19,-27.82,106.59,-44.28
2453,-18.16,-8.51,13.72,29.55
2454,-4.08,54.3,-19.44,6.62
2455,-17.01,-32.09,12.84,2.68
2456,-8.68,30.57,31.15,-0.38
2457,-11.46,49.64,75.11,56.32
2458,-14.72,-1.98,25.44,47.69
2459,-8.62,75.42,36.3,-21.8
2460,-18.78,-51.41,42.63,22.17
2461,-29.32,-23.74,83.56,71.7
2462,-11.58,96.17,32.44,-6.48
2463,1.89,-22.91,26.63,-23.33
2464,-40.94,-23.15,43.84,13.88
2465,-47.42,-71.11,40.04,16.45
2466,-0.78,66.62,36.03,82.76
2467,-21.9,6.25,47.85,-47.71
2468,-40.76,-40.96,27.71,17.29
2469,-24.02,-0.34,41.59,60.35
2470,-17.58,-11.17,67.83,-10.83
2471,-36.2,60.75,60.29,58.54
2472,-25.29,4.26,60.99,-17.16
2473,-37.66,-42.66,11.52,60.79
2474,-34.17,-17.88,42.14,20.99
2475,-22.56,-4.61,47.03,-15.04
2476,-9.99,80.72,33.11,20.68
2477,-21.08,-43.42,27.65,0.64
2478,-43.28,10.88,43.19,147.84
2479,-25.15,-20.54,62.44,-45.53
2480,-30.82,-0.52,48.04,-36.67
2481,-20.29,50.1,111.66,-5.96
2482,-17.2,48.35,-0.69,30.52
2483,10.05,52.93,-12.94,23.48
2484,-45.41,-54.68,31.45,16.63
2485,-57.04,-76.17,32.77,8.43
2486,-21.73,-10.22,32.95,22.55
2487,-17.9,-8.19,35.23,20.01
2488,-20.53,39.0,59.14,125.4
2489,-23.72,-6.32,19.41,-38.1
2490,-19.41,-38.07,42.71,2.31
2491,-35.87,3.0,74.42,54.8
2492,-7.55,33.3,23.96,20.85
2493,-13.0,13.77,36.32,-37.26
2494,-23.98,17.33,67.61,50.22
2495,-33.34,-19.99,9.3,-9.3
2496,1.51,173.88,-6.71,39.22
2497,-35.87,-144.1,44.33,2.09
2498,-43.51,-43.21,35.13,-8.3
2499,-19.22,29.02,27.48,24.18
2500,-15.98,-19.27,66.69,82.61
2501,-25.56,-5.2,105.63,-7.11
2502,-17.89,-6.29,22.39,5.62
2503,-3.67,22.75,80.08,88.19
2504,-23.2,-40.46,-22.37,-63.79
2505,-33.24,-8.81,71.82,58.31
2506,-19.17,10.1,43.19,23.65
2507,-17.65,-3.8,9.03,-65.48
2508,-17.1,60.37,49.69,89.21
2509,-32.45,-4.8,23.05,-58.12
2510,-21.64,-37.28,35.89,182.21
2511,-19.35,27.93,51.99,-88.98
2512,-8.35,28.28,58.85,-29.98
2513,-23.8,60.95,13.85,44.22
2514,-25.2,-46.26,48.01,16.52
2515,-1.88,19.97,21.14,-9.0
2516,-29.97,-104.32,42.16,55.85
2517,-37.0,63.77,47.38,28.47
2518,-9.31,49.79,76.11,52.02
2519,-11.78,-9.76,65.4,20.04
2520,-23.44,34.75,-9.18,-49.08
2521,-22.15,15.7,65.42,6.85
2522,-22.65,-45.75,30.79,3.97
2523,-23.78,-63.84,-38.39,-4.51
2524,-27.25,20.49,23.16,-11.9
2525,-10.43,102.62,35.49,61.37
2526,-16.37,33.26,40.22,16.2
2527,-11.33,-18.17,35.23,79.97
2528,-40.02,-31.79,39.83,-47.94
2529,-16.51,-23.45,38.42,-1.49
2530,-12.3,-4.74,52.98,95.29
2531,-10.07,32.7,45.48,36.64
2532,-33.95,11.54,10.94,-39.8
2533,-20.55,-40.0,51.64,-12.28
2534,-9.98,-20.53,11.26,-38.62
2535,-15.39,24.14,38.26,11.06
2536,-15.19,52.06,62.4,3.44
2537,-8.88,73.98,32.66,31.33
2538,-30.51,-32.31,164.83,12.66
2539,-23.73,-44.14,118.09,26.01
2540,-8.86,-18.2,-61.81,-32.03
2541,-29.45,-11.15,-14.31,121.48
2542,-14.62,58.61,73.24,24.09
2543,-17.16,-13.43,9.5,-25.92
2544,-10.06,20.43,22.47,59.13
2545,-18.45,36.24,39.78,24.01
2546,-24.37,-4.41,2.64,-74.14
2547,-4.16,58.54,54.5,-93.53
2548,-32.0,-27.72,73.25,107.52
2549,-20.88,-25.74,27.14,-3.86
2550,-11.75,70.2,21.38,138.54
2551,-6.86,44.21,77.75,-88.59
2552,2.86,78.9,41.37,99.98
2553,-38.0,-73.71,36.65,-64.52
2554,-43.74,-25.6,91.64,51.56
2555,-37.43,-100.03,18.49,73.72
2556,-16.45,25.55,38.87,-26.53
2557,-9.25,101.82,19.42,-29.68
2558,-22.65,32.67,34.46,-12.0
2559,-29.26,32.22,10.09,31.04
2560,-14.29,-41.73,66.7,36.1
2561,-12.57,27.95,34.31,75.79
2562,-15.23,-1.53,49.92,-67.48
2563,-25.46,-6.09,13.73,29.42
2564,-48.1,-51.09,148.88,58.68
2565,-27.58,34.46,-1.59,98.85
2566,-9.13,40.34,2.8,31.95
2567,-31.56,-0.53,109.3,-23.6
2568,-33.61,28.56,-46.81,-37.46
2569,-18.07,-36.23,27.11,5.77
2570,-16.46,61.74,24.41,-39.12
2571,-27.08,-8.31,31.34,28.46
2572,-16.69,-17.52,36.88,23.35
2573,-16.87,3.93,3.45,-30.05
2574,-35.09,-30.92,46.71,80.02
2575,-17.75,27.34,56.5,22.01
2576,15.13,52.56,54.23,-2.51
2577,-21.51,101.58,14.84,0.76
2578,-56.62,-29.99,54.5,34.41
2579,-34.65,-52.0,50.39,204.3
2580,-17.72,5.08,53.13,-129.09
2581,-24.4,18.36,50.41,10.74
2582,-33.13,-5.99,40.38,50.85
2583,-17.75,0.13,32.67,-66.57
2584,-4.06,89.05,51.09,-2.59
2585,-16.56,60.95,82.19,75.58
2586,-36.57,13.53,72.33,-18.55
2587,-30.72,-32.75,-26.77,38.58
2588,-31.35,22.44,45.16,12.4
2589,-11.15,-49.39,51.36,18.62
2590,-1.83,-19.49,81.05,89.58
2591,-26.63,43.6,12.6,-22.47
2592,-22.64,76.26,25.8,11.65
2593,-14.21,14.75,80.38,37.49
2594,-29.43,3.66,84.32,-6.46
2595,-14.93,28.75,57.61,17.66
2596,-20.51,-7.29,-24.73,50.37
2597,-16.86,-15.1,58.45,83.22
2598,-23.91,30.84,22.96,-54.62
2599,-9.72,48.3,41.31,-24.09
2600,-6.22,63.52,30.91,34.95
2601,-21.89,-20.11,29.01,30.23
2602,-5.95,73.14,40.23,7.45
2603,-9.69,-49.43,42.86,15.07
2604,-29.17,-59.39,32.38,-5.45
2605,-0.91,104.06,55.92,145.82
2606,-37.89,-55.3,10.38,-76.22
2607,-18.58,11.8,105.91,19.3
2608,-8.51,23.61,90.13,153.82
2609,-26.96,6.01,-52.68,-98.5
2610,-15.44,4.72,10.82,-10.35
2611,-20.19,-6.63,14.27,91.62
2612,-7.49,9.97,37.45,-32.8
2613,-0.24,5.0,7.7,0.14
2614,-30.1,70.93,76.52,10.44
2615,-10.8,5.7,24.43,36.79
2616,-4.44,43.19,42.36,34.25
2617,-11.69,96.74,18.34,99.24
2618,-25.92,-74.38,-3.12,-65.65
2619,-12.41,-15.1,51.6,27.14
2620,-22.07,-9.72,38.73,9.78
2621,-11.44,75.91,15.64,-2.85
2622,-3.68,-17.6,32.85,103.58
2623,-9.08,-45.45,31.44,118.24
2624,-6.81,81.0,3.59,-189.12
2625,-7.89,64.38,34.47,52.0
2626,-21.59,17.53,22.38,-1.47
2627,-23.04,-32.47,25.71,26.15
2628,-27.59,-6.91,13.14,16.43
2629,-13.53,52.46,51.32,18.76
2630,-28.42,13.18,51.36,-1.09
2631,-21.47,20.99,94.03,118.15
2632,-13.56,51.05,-43.41,-38.58
2633,-15.03,1.86,4.53,85.98
2634,-27.11,10.06,71.99,82.58
2635,-11.65,152.88,-11.69,-67.72
2636,-12.81,-66.46,51.69,16.32
2637,-21.59,3.84,22.13,19.85
2638,-18.34,14.29,27.56,85.27
2639,-10.53,90.9,33.99,-36.43
2640,-9.6,5.22,27.8,14.77
2641,-8.48,-7.44,37.16,38.09
2642,-4.22,15.2,51.25,32.51
2643,-23.79,67.85,19.6,-10.49
2644,-36.46,-66.65,31.94,127.11
2645,-16.27,-7.17,57.93,-79.37
2646,-26.5,46.85,65.26,3.32
2647,-20.33,31.63,42.05,19.83
2648,-25.21,22.61,19.87,59.8
2649,-15.82,36.46,25.68,-8.0
2650,-6.77,2.71,26.01,-6.23
2651,-20.86,37.09,28.26,47.73
2652,-21.87,20.92,6.28,10.06
2653,-15.1,46.14,79.77,52.2
2654,-11.15,72.32,36.52,61.82
2655,-9.76,-25.84,51.89,83.41
2656,1.49,56.0,-11.54,-125.27
2657,-32.11,-69.75,25.48,45.63
2658,-18.53,37.86,14.54,1.68
2659,-12.99,6.11,12.9,-7.73
2660,8.34,115.16,43.89,-85.78
2661,-3.06,26.22,41.05,107.27
2662,-34.62,-123.18,47.64,103.79
2663,7.71,13.41,-16.63,-15.92
2664,-8.98,22.9,24.81,54.79
2665,-22.13,5.31,23.66,-28.9
2666,-6.47,11.57,36.67,-19.33
2667,-7.17,17.83,27.98,26.34
2668,-9.15,25.8,14.8,-1.43
2669,-4.09,25.82,31.16,24.31
2670,0.76,18.15,41.2,120.29
2671,3.49,49.72,-11.19,-55.16
2672,-1.25,58.52,39.19,-17.67
2673,-1.62,57.9,45.51,17.08
2674,-3.16,-18.66,63.97,42.2
2675,-21.05,-54.59,-27.78,-10.26
2676,3.61,20.87,18.64,5.34
2677,10.66,37.82,34.5,13.17
2678,-3.78,36.88,53.96,169.63
2679,18.9,72.94,15.37,-92.84
2680,-11.29,-16.79,19.88,7.83
2681,-7.78,21.83,50.42,2.82
2682,-1.63,-11.54,104.81,85.52
2683,-11.66,11.67,-4.21,23.48
2684,-8.37,46.83,-6.3,-19.34
2685,-4.25,30.97,23.49,-5.82
2686,-1.36,-2.62,39.43,-37.92
2687,-7.6,6.61,28.95,3.29
2688,-2.8,34.59,31.36,38.21
2689,18.92,45.74,45.95,120.17
2690,7.52,27.88,11.05,-35.54
2691,1.77,32.57,38.32,33.57
2692,-13.58,9.04,14.96,7.49
2693,-41.21,-76.94,24.86,-7.61
2694,-20.7,2.37,39.48,34.77
2695,-12.08,12.64,22.14,14.84
2696,-6.95,66.88,43.18,48.71
2697,-2.35,15.5,64.3,5.65
2698,-7.85,31.64,13.88,-5.88
2699,-13.18,-15.7,11.85,17.33
2700,-18.49,-39.01,34.23,21.2
2701,-3.51,65.36,33.93,91.26
2702,-7.17,40.66,38.78,-17.26
2703,-6.6,28.03,34.89,12.92
2704,-14.98,12.56,28.97,133.17
2705,-29.05,19.24,64.85,-43.85
2706,-26.8,33.92,34.88,-5.04
2707,-27.06,-4.13,35.76,12.15
2708,-17.87,29.86,32.95,13.13
2709,-14.07,9.08,49.5,20.9
2710,-20.3,3.54,30.35,51.66
2711,-39.63,11.37,38.47,20.7
2712,-27.86,40.45,25.36,33.66
2713,-37.94,-34.13,30.13,33.68
2714,-18.62,81.15,74.3,146.02
2715,-14.99,56.46,2.8,-91.62
2716,-39.77,-65.59,79.54,22.48
2717,-34.36,-22.6,72.74,17.87
2718,-27.87,28.04,-6.65,64.21
2719,-23.17,-9.62,35.86,111.26
2720,-24.97,31.35,19.89,-63.14
2721,-14.97,21.66,25.41,13.85
2722,-2.36,29.42,18.11,58.7
2723,-23.91,7.46,30.24,-48.6
2724,-16.5,18.61,65.4,-22.36
2725,-25.95,17.27,42.56,146.28
2726,-23.87,-21.95,11.37,29.49
2727,-18.82,-44.5,44.75,31.84
2728,-24.46,61.75,24.68,18.36
2729,-14.47,38.41,19.75,-23.08
2730,-18.42,21.5,30.91,9.64
2731,-20.87,5.6,43.78,33.89
2732,-10.63,30.27,43.2,44.68
2733,-24.91,-48.39,7.3,-1.76
2734,-20.12,-27.22,67.9,73.25
2735,-9.83,45.58,76.04,70.25
2736,-6.19,47.69,36.9,51.09
2737,-30.84,85.05,24.25,-43.5
2738,-23.64,-54.57,78.9,24.82
2739,-10.89,-48.17,20.92,58.57
2740,-22.43,-44.15,63.03,-32.61
2741,-30.71,-31.39,16.11,-7.47
2742,-9.53,60.41,97.37,38.75
2743,-5.75,49.54,42.27,15.48
2744,-17.4,-26.31,10.86,9.35
2745,-15.82,25.52,53.74,10.11
2746,-18.04,1.18,41.59,24.75
2747,-13.05,17.23,28.12,60.27
2748,-11.43,24.57,11.23,16.17
2749,-9.05,18.77,47.72,26.06
2750,-13.2,-0.7,68.71,147.41
2751,-20.56,83.59,51.44,-27.31
2752,-8.43,42.04,50.44,-2.01
2753,-9.98,-14.55,15.18,-3.45
2754,-27.85,-25.75,53.17,22.89
2755,-30.97,1.98,39.15,7.35
2756,-0.65,68.77,42.98,9.29
2757,-20.95,-31.77,35.18,-16.63
2758,-21.67,5.21,29.16,80.07
2759,-8.3,-5.72,35.19,0.2
2760,0.3,34.56,41.63,21.62
2761,-2.66,54.83,42.32,10.88
2762,-8.88,43.98,23.47,38.49
2763,-7.35,-61.44,42.59,45.56
2764,-14.66,-5.59,56.5,1.68
2765,-13.09,51.12,4.85,24.04
2766,-6.75,45.61,28.7,21.54
2767,4.53,68.6,96.95,-40.51
2768,3.81,57.71,62.71,81.6
2769,-11.37,0.64,25.81,8.96
2770,-29.11,-69.43,-5.97,13.38
2771,-10.38,-25.06,42.46,55.61
2772,-12.76,-9.81,53.8,87.81
2773,4.18,25.75,12.87,-35.48
2774,5.12,59.12,43.47,16.25
2775,-14.01,-6.95,28.88,-1.09
2776,-14.4,-31.16,46.31,42.62
2777,-13.85,-1.93,47.7,-18.68
2778,-11.16,30.09,35.35,39.78
2779,-7.15,14.56,40.37,29.65
2780,0.62,69.66,39.54,31.76
2781,-7.27,12.95,42.97,32.28
2782,-11.89,-34.21,51.36,-2.51
2783,-5.92,7.02,44.97,28.83
2784,3.72,63.7,41.13,10.87
2785,17.11,59.84,51.11,24.83
2786,-7.96,-6.05,49.93,23.57
2787,-33.2,6.01,26.86,-24.9
2788,-25.84,-36.94,49.31,45.05
2789,-4.7,13.94,50.74,14.49
2790,-6.63,19.86,34.24,8.55
2791,-1.45,45.17,46.45,7.74
2792,9.47,72.43,45.73,45.87
2793,-22.25,-40.2,58.38,42.56
2794,-19.2,-3.85,40.22,8.52
2795,-19.02,-55.95,108.35,53.69
2796,-7.64,23.72,10.97,-13.12
2797,-0.59,51.49,15.94,16.9
2798,-17.77,20.94,26.71,18.56
2799,2.38,0.18,52.04,28.2
2800,-10.74,39.56,61.78,33.06
2801,-20.34,21.55,34.09,0.1
2802,0.59,6.93,30.11,87.1
2803,-7.34,30.86,47.6,8.69
2804,-11.37,31.61,23.85,24.43
2805,-19.53,-2.95,48.74,3.31
2806,-15.12,-42.78,48.43,152.58
2807,-4.96,20.46,49.97,-81.28
2808,-11.86,60.17,38.04,13.78
2809,-15.22,60.79,38.73,12.52
2810,-27.21,-91.69,39.95,16.46
2811,-18.02,-8.45,35.51,36.34
2812,-9.39,11.18,47.06,13.12
2813,-5.94,11.81,57.08,15.74
2814,-18.36,24.28,36.74,3.05
2815,-20.53,44.4,36.8,63.57
2816,-11.21,31.36,36.83,46.99
2817,-10.24,11.84,38.75,5.98
2818,-16.23,29.84,41.44,-28.08
2819,-24.1,-58.31,101.97,93.47
2820,-4.58,48.96,31.89,17.12
2821,-18.9,8.52,-2.94,14.04
2822,-17.25,25.25,33.1,58.42
2823,-15.15,-6.06,19.6,-2.62
2824,-2.78,91.92,58.96,39.66
2825,-21.89,31.7,67.58,21.6
2826,-18.75,-69.54,18.25,17.61
2827,-15.97,20.41,15.97,20.52
2828,-18.36,23.46,34.21,27.66
2829,-10.57,37.66,32.86,20.15
2830,-17.06,-18.33,34.76,20.86
2831,-18.81,-10.94,24.46,13.14
2832,-15.97,32.01,28.37,28.77
2833,-15.74,-3.73,37.09,4.03
2834,-22.32,-0.18,45.2,32.89
2835,-9.14,-15.91,39.75,16.87
2836,-2.43,43.18,33.38,8.41
2837,-22.35,-11.8,36.68,36.83
2838,-5.47,53.28,50.06,56.0
2839,-3.93,66.34,34.77,11.82
2840,-17.31,-71.0,33.49,41.23
2841,-21.91,-36.67,23.53,-9.04
2842,-15.54,11.2,35.57,7.11
2843,1.23,43.14,47.74,36.89
2844,11.79,68.1,41.45,29.18
2845,-18.53,-50.62,39.41,64.58
2846,-14.82,33.14,67.93,23.69
2847,-18.56,-34.73,19.97,-4.68
2848,-8.9,19.67,33.01,2.16
2849,-10.25,-23.85,41.26,3.56
2850,-7.14,-12.98,32.54,26.12
2851,-19.06,-4.28,58.22,8.99
2852,-9.85,-3.26,94.77,28.14
2853,-5.51,8.8,-7.21,24.73
2854,-11.03,6.09,18.84,21.46
2855,-10.96,68.83,47.04,38.76
2856,2.6,-47.09,45.03,12.19
2857,-12.31,57.49,30.06,12.85
2858,-15.14,23.84,51.94,33.34
2859,-9.99,-9.81,40.29,20.16
2860,-4.04,39.59,74.38,46.22
2861,-33.78,-23.76,9.39,41.06
2862,7.93,58.28,20.81,-47.06
2863,-27.62,-32.03,64.3,-18.39
2864,-21.51,-22.56,80.73,86.15
2865,-33.99,-24.41,14.7,51.83
2866,-5.47,26.63,13.44,-13.25
2867,-2.14,40.3,30.91,9.47
2868,-31.39,-57.27,51.64,63.87
2869,-10.89,-27.48,15.5,-8.05
2870,-8.34,2.76,41.6,16.66
2871,-27.31,-14.4,31.7,37.02
2872,-18.23,29.27,31.5,25.14
2873,3.82,55.11,44.22,10.94
2874,-4.5,23.59,98.8,71.02
2875,-28.6,-41.37,-10.0,-6.46
2876,-11.19,-2.99,11.31,32.97
2877,-7.96,84.16,32.41,29.25
2878,-23.63,-46.16,29.3,83.15
2879,-1.96,5.34,43.51,20.07
2880,-8.87,65.71,27.47,-15.98
2881,-19.68,39.3,30.37,-3.67
2882,2.17,-4.86,49.99,40.99
2883,-7.56,-60.16,30.49,22.36
2884,-12.39,-10.14,34.11,11.88
2885,-23.24,-3.79,37.3,14.81
2886,-8.92,-18.91,38.07,9.27
2887,-9.48,33.49,30.76,21.96
2888,-14.67,-21.98,66.45,6.51
2889,-4.25,77.86,27.52,40.22
2890,-11.27,-10.67,72.76,6.32
2891,-9.45,43.69,33.4,15.3
2892,-2.16,23.44,17.81,44.88
2893,-19.39,-63.94,42.37,23.63
2894,-22.23,17.1,39.32,45.22
2895,-2.28,3.79,30.13,12.51
2896,6.94,44.74,40.98,75.05
2897,-19.63,-17.99,51.48,-3.89
2898,-18.09,-8.47,39.92,7.06
2899,-22.1,-33.58,37.52,15.51
2900,-5.27,34.33,61.67,18.14
2901,-22.16,43.55,86.02,29.49
2902,-16.2,16.37,-16.66,12.94
2903,-7.0,-41.82,24.49,20.55
2904,6.64,34.73,28.0,19.11
2905,-15.4,8.63,38.45,21.9
2906,-26.13,-9.02,36.19,54.72
2907,-13.66,-5.21,46.92,-23.87
2908,-17.06,-15.04,34.17,20.06
2909,3.5,61.38,41.31,19.13
2910,2.74,33.26,34.87,42.53
2911,-8.77,39.31,44.1,18.67
2912,9.91,61.12,52.54,6.09
2913,-17.35,-10.43,44.15,81.38
2914,-17.73,-62.16,61.94,-31.92
2915,-21.87,-32.88,10.28,20.06
2916,3.49,51.89,32.39,23.23
2917,-11.31,49.74,24.02,-0.9
2918,-6.82,-17.32,73.83,30.02
2919,-14.28,-16.85,32.38,48.07
2920,7.81,6.72,16.04,-0.33
2921,-17.6,-60.75,33.06,12.61
2922,-15.25,9.36,38.11,15.41
2923,2.54,32.49,26.98,9.03
2924,-4.23,13.09,29.26,56.09
2925,8.79,14.11,38.86,29.6
2926,6.79,71.25,39.14,19.45
2927,-22.61,-48.28,35.36,-7.66
2928,-3.82,23.36,41.17,12.7
2929,0.47,40.06,84.04,23.24
2930,-7.43,68.98,53.43,65.11
2931,-11.59,-47.86,-7.15,-1.31
2932,2.33,-9.8,35.22,13.9
2933,-1.98,-5.09,28.74,16.29
2934,-11.47,-19.21,28.75,1.13
2935,-6.08,-42.17,72.74,27.15
2936,-15.81,54.93,10.28,8.09
2937,-6.85,-7.31,27.75,15.76
2938,-13.2,22.45,28.17,19.76
2939,12.19,28.45,36.6,12.06
2940,-1.7,49.5,48.66,-13.92
2941,-8.0,18.07,42.91,49.3
2942,-8.41,-22.3,39.21,17.74
2943,-0.19,-20.56,67.97,35.5
2944,-14.65,-22.95,37.03,15.8
2945,2.31,29.34,25.75,2.51
2946,12.66,66.33,40.51,24.27
2947,-23.4,-17.94,24.49,17.61
2948,-26.06,-40.09,31.78,67.94
2949,-11.96,-6.64,39.2,14.27
2950,12.34,31.62,28.94,-6.84
2951,-11.61,-41.99,46.35,24.87
2952,-11.27,-16.8,34.34,30.66
2953,0.97,34.18,37.27,15.01
2954,-15.18,6.75,41.52,7.77
2955,4.67,3.29,33.84,11.79
2956,1.3,87.19,95.98,52.43
2957,-6.74,-10.57,10.62,42.49
2958,-13.69,-27.48,16.14,16.86
2959,5.9,28.47,21.71,-4.3
2960,-1.67,2.3,37.43,-5.18
2961,-20.42,43.81,41.35,26.47
2962,-2.23,69.73,38.64,22.55
2963,9.83,-16.1,42.75,17.48
2964,-27.22,-65.62,36.88,24.93
2965,-38.01,-37.17,38.99,4.46
2966,-1.4,-4.12,46.2,18.06
2967,-1.08,32.18,47.5,20.19
2968,-19.22,13.61,46.95,17.41
2969,-8.45,-18.97,44.12,22.16
2970,-3.24,0.07,43.58,67.45
2971,-18.36,-4.8,49.28,-1.63
2972,-10.51,6.78,36.86,19.62
2973,-0.36,3.53,60.09,13.49
2974,-12.2,-0.79,123.53,-4.5
2975,-9.05,0.17,17.37,13.93
2976,1.39,62.06,-15.8,27.84
2977,-10.36,42.04,26.57,44.09
2978,-18.53,-1.97,30.37,8.84
2979,3.82,45.67,34.94,42.2
2980,-10.63,-90.53,35.01,-8.16
2981,-18.36,-21.52,22.99,24.23
2982,-13.05,5.62,44.88,21.78
2983,-3.05,7.48,41.08,-2.58
2984,-9.94,-22.88,39.65,25.38
2985,10.55,42.43,45.62,30.63
2986,-1.87,25.32,38.28,52.81
2987,-18.94,-0.54,55.56,7.36
2988,-8.09,-5.51,32.42,10.57
2989,-16.77,10.85,36.64,-2.55
2990,-10.59,-19.82,39.22,36.21
2991,-21.59,5.08,44.32,38.61
2992,-1.6,-42.21,41.7,-14.96
2993,-2.84,-10.67,39.03,-0.24
2994,-5.31,22.81,90.05,20.84
2995,0.7,109.99,60.48,26.05
2996,-0.49,30.73,-6.84,30.76
2997,-26.3,-89.08,38.1,17.58
2998,-13.68,22.03,45.34,29.15
2999,-2.38,-10.49,39.14,-14.46
