,ch1,ch2,ch3,ch4
0,-31.77,-455.29,-101.75,15.19
1,14.64,-425.63,-96.59,13.89
2,-49.22,-508.72,-97.94,17.09
3,-5.97,-513.75,-96.6,15.8
4,-34.63,-491.65,-94.42,16.44
5,-76.87,-498.07,-93.63,15.87
6,23.79,-457.64,-96.34,13.52
7,-3.74,-470.59,-88.65,9.62
8,-34.39,-465.69,-89.64,12.62
9,-5.73,-492.37,-90.16,11.67
10,-21.91,-491.79,-96.81,11.05
11,-18.01,-482.19,-95.44,13.15
12,-13.93,-471.32,-92.25,16.66
13,-19.27,-465.91,-98.06,11.72
14,-39.81,-480.74,-91.28,14.63
15,-12.55,-456.62,-99.34,14.83
16,-19.72,-448.87,-101.16,7.1
17,-20.68,-498.19,-96.86,9.2
18,-16.77,-487.96,-101.38,13.35
19,-18.49,-497.17,-99.45,16.21
20,9.08,-487.61,-97.91,12.91
21,-2.92,-486.3,-98.46,9.76
22,-17.82,-479.92,-93.18,14.27
23,-33.14,-476.44,-101.3,11.54
24,-61.46,-466.43,-91.37,15.24
25,2.67,-416.19,-97.13,14.99
26,41.34,-441.38,-95.14,10.06
27,-13.94,-470.17,-96.78,15.8
28,-24.83,-547.07,-100.25,19.74
29,-17.58,-504.3,-96.6,22.17
30,-28.98,-494.33,-95.52,18.79
31,-31.82,-492.78,-96.71,19.59
32,-53.8,-479.08,-88.74,22.8
33,-28.24,-488.8,-93.81,26.07
34,-11.66,-467.41,-106.26,23.95
35,15.97,-470.01,-103.72,20.24
36,-17.07,-486.34,-97.05,20.07
37,-15.59,-484.56,-95.0,19.95
38,-22.88,-474.86,-98.69,21.01
39,-16.37,-474.65,-98.84,18.97
40,-26.67,-481.72,-104.55,27.13
41,-27.14,-469.49,-97.46,23.33
42,-45.52,-480.72,-95.98,23.69
43,-48.61,-448.6,-98.55,18.29
44,-4.23,-472.7,-93.4,24.04
45,11.46,-453.58,-97.61,26.22
46,-3.37,-496.47,-98.03,23.68
47,-12.24,-522.81,-100.02,21.02
48,-44.53,-480.04,-96.45,22.7
49,-28.49,-479.54,-99.89,20.04
50,-45.78,-500.56,-93.67,20.51
51,1.79,-482.62,-95.12,24.33
52,-20.45,-480.98,-99.2,19.8
53,-19.14,-488.89,-103.86,19.72
54,-15.34,-482.61,-95.79,20.37
55,-41.34,-458.41,-95.33,18.64
56,-21.44,-447.66,-100.36,17.32
57,-1.98,-516.91,-100.61,18.92
58,-29.39,-481.41,-93.94,18.55
59,-40.19,-455.71,-93.81,16.99
60,-31.07,-475.21,-98.9,17.72
61,23.72,-464.48,-99.29,14.7
62,-7.51,-477.87,-92.12,15.9
63,-22.57,-480.92,-97.41,15.2
64,-40.58,-516.31,-98.02,15.23
65,-13.22,-484.17,-96.01,19.47
66,-12.13,-492.22,-93.16,15.89
67,-17.11,-499.98,-104.27,19.26
68,-69.6,-477.09,-96.61,17.82
69,-0.59,-463.39,-104.77,15.66
70,-33.15,-508.79,-105.67,18.03
71,16.29,-474.25,-100.01,16.79
72,-14.54,-476.53,-100.99,15.86
73,-21.36,-480.58,-97.76,11.26
74,-21.44,-491.54,-94.43,9.62
75,-33.1,-477.3,-101.35,12.7
76,-18.13,-488.12,-94.59,11.66
77,-57.9,-498.91,-93.62,11.77
78,-31.19,-471.37,-98.59,15.67
79,32.74,-463.65,-101.35,15.12
80,-12.89,-473.84,-103.21,11.83
81,-14.8,-436.98,-102.33,10.81
82,-14.85,-485.34,-93.92,15.06
83,-67.16,-452.79,-96.08,15.12
84,7.26,-497.69,-97.8,15.16
85,-20.72,-495.63,-100.02,14.14
86,-32.09,-490.51,-92.02,15.44
87,-60.93,-485.97,-102.63,10.62
88,1.95,-475.29,-99.42,9.58
89,-16.67,-490.17,-100.29,10.53
90,-19.44,-488.06,-98.49,13.35
91,-31.63,-482.74,-94.34,12.41
92,-28.05,-476.35,-97.53,14.72
93,-28.66,-477.47,-97.92,11.15
94,-20.16,-485.01,-100.14,14.34
95,17.32,-461.19,-91.71,16.5
96,-25.6,-469.3,-102.36,13.26
97,-27.51,-474.35,-101.27,11.02
98,-21.17,-466.44,-97.1,10.21
99,-34.6,-504.57,-93.05,16.04
100,-24.32,-485.26,-99.12,11.61
101,-22.27,-484.13,-100.81,15.73
102,-27.46,-474.0,-95.41,14.46
103,-26.11,-477.08,-92.65,15.48
104,-21.86,-480.94,-92.61,11.98
105,-25.06,-468.18,-93.58,10.32
106,-78.84,-451.65,-93.32,5.92
107,14.16,-456.42,-99.36,1.28
108,-22.96,-494.37,-90.91,13.33
109,-36.53,-494.11,-88.91,9.99
110,-4.79,-462.24,-93.27,11.81
111,-22.79,-491.08,-99.94,11.02
112,-29.29,-492.34,-100.15,13.73
113,-12.37,-476.0,-96.57,13.7
114,-93.12,-457.97,-95.65,12.92
115,-5.18,-463.6,-91.61,17.93
116,27.26,-483.8,-104.64,11.25
117,-28.76,-492.55,-96.92,11.91
118,-19.93,-477.19,-93.56,14.12
119,-27.4,-466.81,-96.46,11.54
120,6.71,-457.56,-96.02,14.07
121,-27.19,-494.83,-99.92,13.15
122,-32.82,-487.9,-98.73,15.6
123,-37.09,-495.02,-95.14,16.22
124,-34.97,-504.29,-96.83,17.02
125,-12.73,-454.16,-99.22,12.6
126,-14.7,-470.48,-97.19,16.57
127,-18.99,-461.58,-99.52,17.3
128,-24.48,-491.86,-95.92,22.84
129,-23.7,-461.69,-94.02,18.27
130,-30.66,-509.17,-96.21,19.39
131,-34.66,-486.38,-94.4,20.65
132,-52.94,-474.47,-90.52,26.61
133,-20.0,-476.79,-92.17,22.0
134,-114.68,-473.53,-96.68,24.54
135,31.82,-459.37,-93.51,17.08
136,39.68,-491.62,-96.85,16.08
137,-11.82,-488.25,-95.09,14.97
138,-15.4,-463.6,-96.0,15.07
139,-27.06,-468.5,-90.24,15.45
140,-21.08,-479.26,-95.39,17.39
141,-74.33,-484.29,-93.46,15.0
142,8.33,-407.15,-100.24,14.94
143,-6.13,-503.47,-97.82,12.41
144,-17.66,-493.44,-100.62,17.16
145,-22.94,-489.24,-96.35,15.85
146,-27.44,-478.81,-95.6,15.61
147,-21.18,-483.74,-95.95,17.23
148,-96.85,-470.4,-95.95,17.66
149,24.96,-456.3,-98.62,18.43
150,7.72,-449.61,-98.29,11.11
151,-17.2,-505.68,-100.32,8.82
152,-20.37,-497.13,-96.51,13.81
153,-34.46,-461.89,-103.04,9.35
154,2.93,-452.99,-101.81,8.41
155,-41.78,-508.77,-97.64,15.23
156,-37.17,-496.95,-95.5,15.4
157,-27.43,-481.08,-92.99,11.71
158,2.02,-497.11,-96.49,13.99
159,-16.59,-489.04,-98.31,11.76
160,-41.41,-469.15,-96.03,9.54
161,-28.23,-480.61,-98.48,17.6
162,5.96,-482.51,-93.26,11.96
163,-13.63,-481.79,-96.35,8.99
164,-33.79,-483.78,-100.35,7.65
165,-26.2,-438.69,-96.41,6.64
166,-31.11,-459.55,-91.4,6.97
167,-15.69,-509.45,-96.6,6.76
168,-23.61,-461.55,-100.0,12.16
169,4.18,-487.4,-103.08,11.99
170,-23.06,-488.39,-100.18,6.29
171,-32.88,-497.85,-102.79,9.44
172,-23.88,-483.43,-100.74,9.93
173,-23.05,-480.74,-100.39,7.55
174,-52.06,-467.03,-98.26,9.92
175,6.61,-482.6,-98.37,10.41
176,-23.75,-480.0,-96.89,8.7
177,-14.73,-480.23,-99.76,8.63
178,-20.49,-476.67,-100.72,7.57
179,-21.54,-481.86,-106.87,9.4
180,-10.72,-480.44,-102.51,8.22
181,-24.31,-474.32,-103.15,11.04
182,-46.46,-480.15,-101.98,14.76
183,-29.23,-467.13,-97.26,7.59
184,-12.97,-441.69,-95.77,16.02
185,-24.32,-500.38,-100.22,12.76
186,-29.42,-501.16,-107.17,8.95
187,-21.15,-488.41,-101.01,10.52
188,3.39,-478.15,-99.48,13.62
189,-13.79,-450.25,-93.66,16.34
190,-23.39,-502.46,-97.71,11.4
191,-83.3,-488.38,-90.31,13.15
192,13.34,-469.72,-94.93,11.91
193,-12.78,-475.99,-107.62,13.35
194,-10.72,-479.49,-101.64,11.42
195,-16.39,-478.83,-92.65,14.25
196,-40.4,-469.86,-90.92,19.34
197,-31.07,-490.97,-95.62,15.81
198,15.48,-485.78,-97.0,11.34
199,-13.86,-432.88,-93.8,14.66
200,-35.69,-496.68,-95.85,13.44
201,-26.3,-483.77,-95.4,11.23
202,-19.32,-466.36,-89.01,15.62
203,-14.16,-467.08,-94.28,17.16
204,-29.86,-498.08,-95.14,13.19
205,-23.61,-464.85,-95.23,16.11
206,-28.97,-484.75,-94.73,13.51
207,-49.61,-484.89,-94.43,17.3
208,24.64,-472.9,-95.84,14.91
209,-13.28,-464.09,-96.45,15.5
210,-21.29,-486.15,-93.01,16.64
211,-26.24,-445.11,-93.96,17.24
212,-37.6,-508.12,-87.89,17.33
213,-39.65,-491.67,-90.31,15.52
214,-34.18,-488.63,-92.65,16.78
215,-69.82,-473.99,-88.34,17.05
216,39.18,-471.25,-91.49,10.77
217,-6.77,-466.03,-94.09,15.8
218,-15.8,-475.54,-93.88,16.02
219,-22.46,-477.14,-88.05,18.54
220,-49.8,-488.29,-92.79,16.84
221,-3.5,-458.29,-93.81,18.12
222,-35.39,-457.27,-92.55,14.85
223,-31.62,-493.95,-92.4,15.3
224,9.71,-409.63,-94.74,13.42
225,-10.05,-466.1,-93.34,15.62
226,-27.94,-542.72,-89.39,21.66
227,-40.92,-505.95,-95.72,16.03
228,-5.33,-488.59,-97.37,14.73
229,-17.68,-482.99,-94.31,17.56
230,-31.17,-488.96,-93.74,15.34
231,-31.17,-484.25,-92.97,14.28
232,-24.06,-485.24,-95.94,12.72
233,-31.05,-451.89,-93.79,13.07
234,-33.12,-484.24,-95.28,12.57
235,8.67,-469.0,-101.57,11.43
236,-0.43,-462.1,-96.9,8.9
237,-28.99,-511.19,-90.49,9.61
238,-30.7,-451.18,-94.27,14.31
239,-17.19,-439.48,-94.17,8.21
240,-13.02,-510.71,-102.81,13.66
241,-54.5,-488.64,-98.04,20.86
242,16.26,-471.56,-99.01,10.59
243,-4.14,-575.16,-112.75,-3.63
244,-40.19,-473.42,-98.92,17.29
245,-35.92,-217.74,-82.8,29.95
246,50.47,-562.57,-102.99,1.15
247,-28.55,-428.05,-105.7,7.25
248,-38.16,-283.35,-102.06,14.9
249,-49.92,-12.61,-106.63,-3.63
250,33.81,-705.15,-90.96,33.49
251,30.27,-510.69,-88.32,22.93
252,-17.98,-555.47,-91.28,23.23
253,-31.07,-536.65,-90.69,20.15
254,-38.37,-531.16,-90.83,22.29
255,-27.03,-499.16,-92.4,19.2
256,-14.5,-492.41,-95.01,14.59
257,-21.76,-482.06,-97.74,9.68
258,-27.43,-472.41,-94.57,15.16
259,-8.52,-470.35,-101.12,16.11
260,-8.46,-471.51,-96.4,10.14
261,-44.48,-447.24,-99.23,13.04
262,3.17,-456.09,-97.8,18.48
263,15.38,-479.89,-104.42,13.06
264,-28.99,-504.81,-107.92,18.83
265,-64.35,-486.19,-98.86,17.99
266,-61.64,-505.38,-99.39,17.23
267,8.83,-512.16,-103.72,19.28
268,-23.76,-501.37,-99.39,24.57
269,20.7,-496.35,-103.77,21.05
270,-48.51,-494.53,-100.52,13.8
271,-15.85,-494.88,-99.89,17.42
272,-16.82,-490.13,-105.08,16.52
273,-30.05,-646.8,-108.97,9.29
274,14.37,-376.36,-106.16,24.73
275,4.07,-464.34,-99.78,18.81
276,-30.97,-479.43,-99.62,10.71
277,-9.83,-486.04,-106.16,4.55
278,-10.72,-535.16,-107.58,13.58
279,-2.2,-462.24,-102.22,21.64
280,-13.91,-439.18,-95.32,15.72
281,-52.49,-480.08,-101.85,14.25
282,-14.73,-503.85,-97.53,18.0
283,14.19,-485.64,-102.79,14.13
284,-5.23,-340.63,-100.76,12.12
285,-8.89,-535.88,-102.94,17.92
286,-48.9,-496.1,-99.66,16.93
287,-41.32,-572.13,-96.76,17.15
288,-15.09,-436.79,-90.52,12.52
289,27.89,-514.71,-92.46,16.3
290,-45.92,-500.54,-96.19,19.05
291,8.89,-461.89,-97.33,19.44
292,-6.96,-483.23,-97.84,13.72
293,-32.84,-479.94,-98.17,11.8
294,-13.68,-467.41,-92.07,13.2
295,-14.86,-495.13,-95.5,17.72
296,-4.6,-497.28,-93.3,17.91
297,-25.85,-494.5,-95.86,16.64
298,-41.01,-459.01,-91.03,15.5
299,-21.34,-500.33,-98.37,15.92
300,7.98,-441.2,-138.16,9.01
301,-81.8,-438.69,-150.14,6.24
302,25.12,-419.24,-82.99,26.25
303,-1.28,-438.4,-91.82,13.46
304,13.01,-404.32,-92.2,9.02
305,20.69,-350.41,-103.75,-6.39
306,-14.04,-489.58,-95.47,19.17
307,-55.3,-484.84,-110.94,20.27
308,-13.71,-381.36,-129.38,-2.57
309,-9.04,-491.21,-98.16,14.51
310,-35.47,-534.32,-78.65,28.61
311,-28.73,-505.63,-89.2,21.71
312,-30.63,-491.45,-123.09,17.6
313,-24.92,-493.73,-170.59,-13.58
314,-54.85,-486.84,-213.25,-40.05
315,-15.8,-481.68,-77.64,24.92
316,-22.71,-454.97,-40.51,31.13
317,5.41,-452.62,-74.26,29.44
318,-9.4,-433.36,-84.49,16.19
319,-31.86,-420.11,-103.48,6.27
320,-31.02,-438.55,-122.48,17.77
321,-3.79,-446.24,-113.08,15.36
322,20.52,-387.59,-146.11,13.42
323,19.2,-444.68,-513.92,-136.84
324,-21.95,-528.14,-329.78,-108.29
325,1.54,-446.79,-206.81,-10.87
326,17.7,-489.13,-229.28,-38.59
327,-12.17,-474.91,62.92,68.61
328,-34.74,-548.49,-386.37,-52.84
329,-38.7,-516.44,42.18,69.94
330,-20.1,-480.1,102.25,78.25
331,-13.42,-477.08,-31.56,39.65
332,-34.33,-498.7,-32.57,46.01
333,-27.36,-501.79,-57.89,38.34
334,-22.6,-491.32,-67.57,34.2
335,-25.35,-464.48,-108.42,26.02
336,-44.19,-440.88,-101.7,7.86
337,-18.52,-424.65,-217.88,-11.41
338,49.45,-467.4,-345.29,-91.96
339,-38.14,-519.44,-79.55,46.64
340,-19.03,-451.03,-91.57,34.39
341,-14.49,-456.09,8.99,48.47
342,3.47,-443.34,-46.53,29.52
343,-17.72,-436.42,-104.15,21.29
344,-68.31,-477.21,-236.9,-11.83
345,14.92,-560.58,-117.77,28.09
346,-5.06,-524.1,-111.67,7.06
347,-19.59,-506.67,-223.38,-66.54
348,-42.61,-515.54,14.48,49.54
349,18.54,-466.2,-32.82,20.63
350,-11.82,-506.96,-262.82,-17.76
351,-18.67,-446.62,-306.4,-73.77
352,-24.82,-555.26,146.41,95.61
353,-7.73,-507.12,-114.1,6.33
354,3.7,-407.79,-30.08,32.78
355,-16.63,-492.21,-42.83,12.57
356,-33.77,-527.83,-59.53,36.16
357,-54.93,-555.64,-82.02,52.77
358,2.52,-447.57,-56.26,26.72
359,-3.87,-416.78,-86.6,2.43
360,-21.77,-551.45,-85.41,6.38
361,-32.51,-513.24,-79.38,35.43
362,-40.32,-556.11,-485.02,-61.08
363,-36.08,-541.89,43.69,28.88
364,23.64,-424.91,-41.95,37.78
365,-14.08,-454.08,-155.18,-47.54
366,-40.86,-463.4,-33.17,-29.12
367,-27.74,-409.99,-34.2,46.0
368,0.52,-421.8,-81.88,10.83
369,-67.13,-544.04,-108.25,59.7
370,-15.05,-443.52,-30.2,60.21
371,4.5,-363.49,-31.81,25.03
372,-43.84,-547.53,-70.9,26.46
373,-30.93,-448.4,-96.66,-4.15
374,22.16,-329.43,-20.38,-13.92
375,-59.33,-617.02,24.88,58.49
376,-114.39,-562.93,-640.96,-131.31
377,-45.11,-551.45,56.16,63.26
378,85.23,-527.03,58.78,14.92
379,-22.27,-527.8,97.37,53.37
380,18.3,-454.47,25.56,22.4
381,-39.05,-464.12,-156.91,-21.94
382,-40.63,-540.8,-104.52,23.94
383,-25.67,-558.99,-257.39,-9.95
384,-0.54,-387.93,-64.63,-17.91
385,-24.48,-419.4,-13.03,30.99
386,-99.86,-485.72,-101.99,23.01
387,37.23,-347.47,-86.02,-1.86
388,2.89,-492.6,-108.57,-6.17
389,-50.38,-561.03,-303.04,13.07
390,0.82,-445.23,-264.86,-50.12
391,16.83,-415.26,20.52,6.49
392,-35.57,-488.48,10.11,32.81
393,-72.03,-502.22,-67.83,55.23
394,-24.77,-464.25,-83.55,5.96
395,-31.04,-502.81,-109.35,-34.31
396,-5.59,-455.86,-79.79,25.81
397,-6.25,-475.81,-3.14,59.74
398,-11.51,-406.87,-174.66,-5.25
399,-27.79,-501.2,-206.07,-6.77
400,-49.83,-556.63,5.82,34.55
401,-63.51,-475.35,-59.36,43.53
402,46.19,-374.78,-128.53,-2.36
403,-3.46,-496.62,-192.38,-25.96
404,-63.56,-573.59,-69.84,25.4
405,-2.42,-445.92,-52.43,54.98
406,-1.94,-423.23,-82.96,19.28
407,23.74,-300.42,-124.27,-38.37
408,-49.13,-623.82,-103.83,51.03
409,-34.66,-525.86,-77.16,23.68
410,-14.61,-504.28,-108.94,6.68
411,-30.68,-476.12,-65.08,19.85
412,12.15,-311.97,-102.98,-9.56
413,30.64,-379.32,-110.28,-22.84
414,-125.15,-652.42,-108.31,39.93
415,-5.56,-443.11,-75.66,26.78
416,50.24,-353.38,-113.17,-14.47
417,-7.36,-497.89,-139.49,18.69
418,11.46,-536.84,-103.98,5.53
419,-79.52,-621.01,-530.62,-64.75
420,-26.13,-511.91,190.0,90.92
421,12.8,-388.83,-34.26,-11.88
422,-23.44,-445.12,70.67,32.21
423,-18.7,-510.87,-55.2,49.82
424,-14.13,-479.33,-85.55,36.53
425,-16.0,-459.02,-147.57,-7.56
426,-21.55,-493.4,-115.84,44.3
427,-8.76,-377.18,-131.18,-26.94
428,0.01,-405.41,-168.45,-31.82
429,-97.85,-581.78,-56.26,51.47
430,26.86,-421.4,-69.12,33.28
431,-9.61,-491.78,-210.61,-2.69
432,-41.36,-561.03,-150.27,-13.69
433,29.45,-391.12,-4.47,25.34
434,-27.16,-544.54,-62.43,40.25
435,-16.93,-513.22,-81.49,31.88
436,-7.53,-478.36,-153.53,10.24
437,-43.03,-555.72,-107.79,25.35
438,35.6,-360.56,-57.16,-15.5
439,-54.48,-560.55,-105.01,35.38
440,-52.16,-476.03,-93.39,31.3
441,9.51,-522.75,-167.41,16.18
442,19.62,-517.27,-462.17,-90.74
443,2.86,-473.67,117.25,48.91
444,5.1,-432.57,66.36,40.74
445,-39.44,-560.59,-100.0,-3.12
446,-16.75,-478.41,-83.39,24.47
447,2.69,-469.64,-63.6,22.02
448,-11.68,-434.27,-126.99,0.98
449,-10.81,-453.35,-65.7,15.56
450,-15.53,-477.15,-105.77,15.01
451,-5.86,-409.6,-113.23,16.6
452,-54.73,-553.34,-114.93,23.16
453,-7.05,-432.02,-148.12,1.52
454,6.53,-513.76,-59.54,9.1
455,5.32,-488.58,-104.22,13.29
456,-11.68,-470.25,-81.57,52.97
457,-56.9,-588.59,-89.08,23.25
458,-21.16,-475.61,-115.55,19.23
459,-18.87,-500.32,-177.47,2.31
460,-34.64,-462.71,-438.02,-72.11
461,22.05,-570.24,51.71,50.74
462,-6.8,-484.54,16.51,45.94
463,22.88,-406.88,-53.88,6.43
464,1.65,-420.76,-84.88,18.96
465,-29.3,-519.6,-106.31,30.2
466,-27.1,-537.83,-47.58,33.39
467,-15.48,-489.79,-86.47,14.69
468,28.3,-314.58,-67.81,4.41
469,7.29,-416.29,-133.9,-8.7
470,-37.06,-560.35,-108.5,7.29
471,-45.06,-610.89,-91.19,30.75
472,-15.79,-464.47,-126.69,3.85
473,-24.13,-526.66,-83.51,12.51
474,-8.23,-479.67,-95.54,-34.45
475,-34.79,-495.98,-112.29,29.06
476,-34.32,-541.28,-203.81,3.0
477,7.5,-458.27,-6.41,38.9
478,17.17,-447.36,-102.44,7.27
479,-11.56,-498.21,-120.45,21.16
480,-1.05,-499.85,-182.5,-15.48
481,-9.82,-479.66,-240.86,-57.47
482,-25.9,-498.78,-2.31,55.17
483,-31.62,-522.74,-30.27,26.57
484,6.32,-459.3,-89.54,2.73
485,-7.34,-449.84,-91.08,9.79
486,-41.39,-416.83,-114.56,-4.12
487,-8.2,-564.61,-119.15,25.78
488,7.32,-441.61,-44.91,10.96
489,-5.88,-471.56,-83.38,14.78
490,18.46,-429.69,-110.33,3.8
491,8.65,-442.67,-88.14,-11.44
492,-63.59,-608.81,-70.85,41.27
493,-20.23,-495.71,-133.5,-11.72
494,-10.72,-557.01,-65.98,31.51
495,-24.09,-511.81,-81.2,2.05
496,-1.92,-495.99,-101.05,24.69
497,3.12,-483.65,-112.85,-1.09
498,5.27,-435.08,-95.62,0.37
499,18.83,-364.66,-210.49,-31.1
500,-69.14,-615.17,-21.93,51.76
501,-55.7,-531.6,-128.27,27.15
502,22.8,-449.74,-169.26,-14.12
503,17.68,-432.58,-41.9,23.27
504,-33.26,-515.72,-78.24,12.86
505,-11.4,-414.34,-76.46,22.03
506,60.46,-414.79,-142.59,4.62
507,-63.61,-619.22,-97.59,35.91
508,-11.79,-496.48,-63.84,10.76
509,-7.68,-474.77,-85.75,7.97
510,-45.64,-533.41,-80.47,14.27
511,-11.74,-496.67,-76.4,20.28
512,20.36,-458.29,-118.21,14.87
513,-22.42,-517.2,-150.14,-4.92
514,3.68,-380.84,-195.9,-57.83
515,0.78,-474.52,11.11,43.37
516,-40.44,-538.39,-70.1,23.31
517,-29.89,-529.13,-79.84,34.53
518,-10.06,-476.18,-143.93,8.12
519,-0.97,-486.45,-111.6,-22.78
520,-29.32,-515.69,-63.65,26.06
521,6.93,-435.79,-80.54,-3.66
522,-7.91,-451.94,-66.5,12.46
523,-4.92,-498.0,-77.28,-2.99
524,-27.32,-516.37,-106.03,32.93
525,-27.2,-532.5,-81.13,28.49
526,-19.58,-478.21,-131.51,7.66
527,24.2,-480.56,-99.45,10.46
528,-23.29,-505.6,-209.25,-30.68
529,25.43,-356.38,-58.96,3.57
530,-3.65,-538.58,-32.84,18.92
531,-31.98,-570.17,-80.86,46.78
532,-2.56,-425.65,-149.44,-1.66
533,14.85,-423.6,-96.87,-3.43
534,-58.17,-572.78,-87.88,44.75
535,-13.49,-467.69,-61.59,21.3
536,-6.5,-503.39,-87.93,17.73
537,-11.57,-504.87,-86.59,14.29
538,-10.73,-520.7,-124.49,4.33
539,-36.03,-498.9,-142.06,-5.58
540,-6.98,-471.21,-79.04,10.05
541,-2.18,-476.89,-160.43,-20.8
542,13.74,-466.27,-14.97,23.58
543,8.45,-427.8,-80.76,2.66
544,-29.11,-523.36,-103.73,19.41
545,-29.1,-509.2,-117.67,20.37
546,-15.28,-492.57,-121.12,3.64
547,11.43,-445.22,-36.6,12.7
548,22.93,-358.25,-76.25,25.15
549,-32.35,-563.06,-93.44,25.24
550,-73.79,-538.59,-89.79,29.31
551,7.68,-495.53,-99.58,7.06
552,22.15,-412.03,-105.14,-5.63
553,-19.57,-574.76,-170.78,22.25
554,-2.06,-499.48,-180.65,-6.43
555,-14.18,-483.17,-19.11,39.46
556,-10.9,-486.01,-79.67,7.72
557,-15.11,-494.91,-64.06,21.49
558,11.79,-448.04,-141.07,0.52
559,-11.69,-469.8,-55.34,4.59
560,-2.05,-462.17,-89.55,1.22
561,-33.26,-515.35,-80.97,23.27
562,2.93,-451.82,-95.21,4.82
563,-29.13,-522.85,-90.9,11.29
564,8.34,-446.35,-108.17,-28.79
565,2.32,-506.44,-126.34,14.84
566,-24.2,-522.24,-74.47,30.73
567,-6.93,-455.67,-125.36,-8.3
568,-2.95,-459.22,-233.05,-34.97
569,-50.06,-463.02,-74.9,23.75
570,29.81,-397.25,-24.99,-2.42
571,-0.98,-513.19,-72.79,17.0
572,-33.42,-525.16,-85.92,18.48
573,-5.63,-518.79,-105.68,25.34
574,-11.94,-532.57,-80.68,18.29
575,5.05,-498.53,-94.02,20.62
576,-22.91,-487.3,-109.79,20.13
577,-19.0,-506.71,-125.02,3.64
578,-1.79,-481.24,-33.18,23.08
579,-15.9,-476.56,-77.48,17.32
580,-20.73,-475.88,-121.63,6.02
581,7.56,-445.61,-112.19,8.19
582,-9.44,-451.71,-73.09,10.72
583,15.43,-401.88,-180.53,-35.8
584,-40.52,-488.52,-25.58,35.96
585,-6.23,-473.13,-76.28,5.54
586,-2.07,-476.54,-115.05,-2.19
587,-19.98,-464.87,-86.53,0.78
588,-1.15,-452.4,-124.47,-6.65
589,-17.13,-496.41,-72.28,15.3
590,-35.65,-530.83,-81.71,21.36
591,-64.48,-513.36,-80.82,19.35
592,3.86,-471.05,-107.37,-15.68
593,3.15,-534.03,-82.4,16.6
594,-15.53,-533.56,-310.46,-43.1
595,-38.46,-526.89,-211.67,-46.26
596,17.59,-484.37,89.45,51.43
597,19.13,-447.64,-110.24,3.6
598,15.68,-413.69,-62.95,3.06
599,-17.92,-509.95,-74.3,19.04
600,-10.53,-456.54,-79.16,-25.76
601,22.26,-417.9,-84.88,4.74
602,26.42,-366.85,-104.17,-16.03
603,-37.86,-556.15,-98.5,40.57
604,-22.62,-479.37,-152.12,3.61
605,6.46,-445.52,-53.11,12.81
606,-23.94,-516.09,-79.36,12.27
607,-13.76,-527.54,-91.71,10.84
608,-43.14,-471.16,-86.98,10.31
609,3.21,-458.25,-101.17,-5.08
610,17.02,-456.14,-105.84,-2.57
611,-9.7,-485.92,-133.71,9.98
612,-19.31,-547.4,-49.79,32.64
613,-18.23,-490.09,-92.2,1.8
614,4.08,-488.03,-172.18,-6.05
615,-22.8,-469.02,-83.5,-3.45
616,-1.05,-463.0,-123.26,-8.38
617,-2.7,-472.23,-109.78,-2.89
618,-7.17,-496.06,-53.98,3.28
619,28.46,-364.74,-197.15,-26.9
620,-21.83,-520.03,-40.99,15.81
621,-16.64,-513.61,-84.82,-25.66
622,-18.82,-439.43,-79.6,43.2
623,-2.26,-424.03,-95.69,3.37
624,-3.81,-513.05,-99.11,12.29
625,26.52,-406.86,-203.75,-45.79
626,-44.6,-533.02,-26.55,33.91
627,-16.44,-504.05,-73.51,20.73
628,-17.65,-487.56,-95.43,10.16
629,-8.3,-484.48,-91.31,9.82
630,-28.69,-530.63,-83.49,21.1
631,-6.93,-477.64,-127.19,4.3
632,6.57,-443.4,-82.57,-2.72
633,-22.42,-520.75,-178.67,-0.15
634,5.81,-448.12,-136.18,-17.43
635,11.69,-394.73,-2.68,29.43
636,-16.53,-453.72,-169.85,-14.37
637,-5.76,-460.64,-121.4,3.05
638,-24.73,-501.82,-13.44,-6.73
639,8.07,-380.92,-100.14,-40.35
640,-33.35,-517.31,-96.25,32.88
641,-33.21,-515.57,-114.64,24.01
642,-9.45,-482.19,-97.5,-0.56
643,-0.34,-451.37,-92.51,-8.05
644,-40.71,-416.53,-97.59,1.21
645,-10.48,-506.31,-92.76,15.18
646,21.71,-504.24,-130.76,-0.49
647,-28.66,-554.48,-109.66,-1.71
648,12.62,-455.04,-215.18,-32.68
649,2.08,-452.17,-120.97,-42.23
650,-32.88,-517.22,-136.17,40.17
651,-22.69,-500.74,-14.1,36.39
652,-8.04,-474.53,-86.44,8.51
653,12.14,-388.38,-103.12,-12.38
654,-24.54,-519.65,-86.89,11.67
655,-15.62,-485.27,-111.44,14.68
656,-29.79,-473.62,-84.44,-4.38
657,-0.72,-455.14,-86.21,6.29
658,19.59,-416.38,-100.64,-3.04
659,-7.25,-477.77,-84.74,3.51
660,-12.65,-482.21,-113.09,-10.69
661,-8.81,-460.46,-96.77,-14.8
662,-41.87,-515.18,-101.93,8.01
663,-21.37,-468.97,-106.74,-2.89
664,17.18,-414.46,-106.1,-3.0
665,17.5,-419.1,-265.22,-45.73
666,-37.48,-611.93,-73.4,27.3
667,-26.27,-531.74,-26.08,33.97
668,-26.64,-483.6,-129.12,2.72
669,-4.53,-471.58,-69.15,16.44
670,-15.11,-489.0,-87.84,14.82
671,-15.53,-507.52,-115.03,-31.49
672,-11.18,-482.96,-154.08,7.01
673,12.76,-420.9,-55.58,1.57
674,-8.33,-483.17,-87.13,7.55
675,3.36,-400.79,-163.88,-45.0
676,-13.73,-457.66,-80.56,9.87
677,-33.37,-527.45,-77.75,25.69
678,-33.33,-516.8,-55.77,43.82
679,-9.98,-464.72,-104.75,17.64
680,33.89,-327.83,-114.37,-15.62
681,11.29,-388.89,-114.64,-18.17
682,-68.09,-660.19,-81.54,52.38
683,-21.74,-499.08,-107.39,8.88
684,-39.45,-482.86,-128.35,13.79
685,14.82,-470.95,-173.39,-19.29
686,3.34,-528.35,-80.53,22.89
687,6.85,-440.88,-46.74,17.87
688,-18.88,-499.47,-182.31,2.38
689,-40.19,-535.69,-174.43,-0.6
690,-29.39,-513.82,-23.48,27.14
691,11.25,-466.48,-145.14,-6.04
692,1.44,-464.81,-126.51,-27.42
693,-2.58,-450.59,-44.24,22.75
694,-10.89,-471.98,-92.24,19.22
695,-20.36,-454.34,-89.44,12.67
696,42.75,-316.21,-119.09,-27.65
697,-18.73,-488.44,-105.36,1.79
698,-44.52,-524.66,-123.21,32.98
699,41.77,-305.29,-114.84,-31.76
700,-7.42,-486.74,-85.07,9.23
701,-58.91,-585.92,-73.1,54.87
702,-11.68,-494.5,-98.21,0.56
703,-8.55,-498.4,-142.3,-17.58
704,-51.32,-569.55,-70.7,48.67
705,-13.58,-516.26,-93.71,21.62
706,-0.25,-487.77,-136.45,3.72
707,2.2,-483.03,-198.62,-19.76
708,-2.07,-476.82,-78.46,19.9
709,-3.05,-448.9,-78.68,24.19
710,-27.6,-478.05,-109.88,-3.19
711,-22.3,-479.92,-66.1,-2.16
712,6.73,-441.22,-97.86,18.32
713,-3.4,-457.37,-131.88,29.36
714,7.18,-464.99,-148.46,-42.5
715,16.76,-330.09,-62.12,-14.44
716,-15.34,-469.38,-97.66,17.27
717,-50.26,-560.32,-93.12,34.77
718,-44.56,-513.75,-97.4,11.97
719,29.48,-438.75,-111.31,2.36
720,13.77,-429.32,-125.34,-20.84
721,-32.69,-590.88,-121.19,25.18
722,-36.75,-489.43,-45.77,35.45
723,24.62,-475.8,-166.94,-7.1
724,-8.46,-456.08,-130.81,-4.25
725,-26.03,-507.84,-66.55,32.75
726,-5.71,-463.44,-90.08,13.01
727,-10.27,-485.4,-125.26,8.25
728,-25.42,-512.33,-158.94,-2.36
729,-11.88,-476.31,-38.08,16.89
730,-9.58,-474.78,-90.29,14.64
731,4.63,-404.66,-148.93,-46.53
732,35.25,-324.01,-198.47,-63.25
733,-29.61,-539.22,-34.21,38.73
734,-40.02,-532.16,-60.91,44.4
735,-15.89,-443.18,-106.42,6.02
736,18.73,-400.86,-122.32,-12.44
737,-19.09,-487.42,-156.58,-8.7
738,-11.76,-510.13,-130.39,-12.35
739,-29.53,-459.08,-43.93,43.04
740,3.06,-537.15,-89.45,32.01
741,1.22,-485.56,-112.98,0.01
742,-4.65,-495.31,-93.77,23.23
743,-23.48,-465.71,-104.95,7.68
744,5.11,-443.56,-118.26,8.53
745,-11.37,-549.57,-266.96,-5.31
746,-19.57,-512.06,-157.12,-13.95
747,10.69,-433.96,36.24,35.87
748,-33.61,-495.23,-55.52,16.39
749,11.57,-398.87,-169.32,-30.78
750,3.89,-423.79,-67.14,6.57
751,-1.02,-462.59,-82.56,29.83
752,-39.21,-548.99,-105.98,24.68
753,-0.08,-466.74,-96.05,-3.36
754,-20.73,-455.89,-108.92,23.73
755,-25.19,-487.61,-113.14,28.3
756,10.39,-432.8,-99.16,0.79
757,-24.93,-540.55,-99.24,35.43
758,4.49,-432.25,-113.2,4.75
759,7.88,-475.2,-98.32,22.41
760,-29.01,-553.03,-98.48,12.78
761,4.21,-442.68,-157.43,-8.43
762,-2.78,-478.25,-103.76,30.31
763,4.25,-485.46,-121.17,6.98
764,-26.35,-515.29,-115.22,-19.87
765,-0.95,-421.41,-185.89,-19.75
766,24.29,-374.33,-130.13,-2.12
767,-18.88,-511.91,-5.82,43.81
768,-26.92,-499.99,-90.7,-2.72
769,-56.71,-540.84,-84.04,51.36
770,4.96,-431.74,-111.64,3.16
771,42.55,-327.13,-133.56,-42.79
772,-25.88,-589.59,-71.24,49.55
773,-22.04,-502.21,-90.04,32.43
774,6.03,-407.82,-107.08,4.15
775,20.34,-463.82,-105.9,-1.7
776,-26.54,-553.87,-100.44,24.7
777,-46.64,-497.52,-89.72,20.72
778,15.55,-489.93,-105.05,5.12
779,-5.69,-506.85,-96.08,20.5
780,7.34,-468.34,-132.89,5.92
781,-10.4,-490.14,-128.66,-4.7
782,1.05,-472.21,-74.37,30.51
783,-13.3,-466.7,-117.28,-7.41
784,-11.76,-457.18,-70.54,7.06
785,4.61,-393.03,-111.72,-10.15
786,-30.18,-523.52,-80.52,26.34
787,-4.34,-434.2,-154.28,-15.46
788,13.5,-431.15,-212.35,-40.31
789,-49.9,-486.34,-24.0,27.79
790,-9.65,-575.37,-50.75,28.96
791,-5.24,-445.68,-107.91,8.48
792,-3.93,-417.77,-96.27,-5.07
793,-35.28,-464.24,-133.57,4.07
794,-24.38,-570.27,-209.3,6.55
795,17.88,-520.01,-55.48,12.44
796,8.36,-456.31,-63.1,19.49
797,6.72,-472.63,-108.14,14.91
798,-20.31,-520.06,-82.7,17.1
799,-3.86,-437.33,-89.56,8.31
800,-3.75,-434.3,-101.66,4.99
801,-28.49,-522.98,-86.32,22.1
802,1.49,-462.49,-145.9,-2.71
803,-8.08,-466.36,-121.0,-15.73
804,-14.89,-477.03,-63.54,35.14
805,7.58,-368.54,-116.79,6.5
806,-7.43,-432.99,-88.09,-0.31
807,-24.41,-474.98,-96.67,24.89
808,-6.37,-425.8,-84.68,15.59
809,43.02,-326.32,-112.71,-32.06
810,-62.73,-629.42,-114.34,36.99
811,-32.15,-545.75,-92.3,22.02
812,-42.77,-553.72,-122.03,13.08
813,-3.84,-454.7,-92.62,1.68
814,19.14,-427.35,-135.41,-58.42
815,-46.66,-538.22,-76.93,75.15
816,-16.9,-518.8,-61.9,33.41
817,12.61,-471.5,-176.34,-0.25
818,-14.18,-473.82,-205.75,-26.75
819,-4.09,-412.38,-241.87,-33.19
820,-12.88,-466.86,69.4,50.99
821,-21.55,-511.86,-50.84,26.85
822,-23.68,-469.45,-95.92,14.04
823,6.08,-390.11,-111.39,-24.67
824,7.89,-409.86,-62.06,6.78
825,-32.33,-544.25,-93.58,39.26
826,-6.27,-381.35,-90.18,-3.59
827,26.17,-368.7,-109.1,-12.15
828,-26.92,-609.76,-81.94,27.0
829,-77.7,-539.13,-86.59,25.54
830,-43.77,-527.39,-119.23,13.93
831,50.63,-460.75,-83.21,9.37
832,41.29,-365.9,-106.45,-7.26
833,-47.91,-617.87,-209.5,-10.21
834,-40.1,-531.68,-57.34,13.55
835,1.5,-484.13,-83.3,26.51
836,15.51,-383.12,-235.27,-49.32
837,-7.0,-503.06,21.73,32.01
838,-12.31,-508.86,-61.37,40.17
839,-28.54,-481.06,-82.89,21.45
840,3.54,-420.04,-94.99,22.2
841,-7.21,-380.33,-127.82,-6.05
842,-18.23,-459.36,-104.64,19.64
843,-6.86,-452.34,-104.96,0.64
844,-6.11,-433.35,-108.14,-3.92
845,-49.38,-485.86,-121.67,30.63
846,-58.06,-454.56,-85.19,3.83
847,63.36,-437.05,-143.67,-20.04
848,-3.88,-566.23,-70.09,46.26
849,-15.45,-533.85,-112.8,23.13
850,-13.46,-520.89,-77.27,36.05
851,5.28,-418.36,-89.09,6.34
852,31.62,-386.97,-112.54,-10.34
853,-22.99,-535.27,-142.81,24.29
854,-41.34,-563.86,-271.48,-24.66
855,-16.22,-496.97,54.57,55.46
856,-20.31,-483.54,-82.46,21.58
857,-3.91,-443.83,-119.87,3.96
858,-19.87,-471.33,-91.72,7.69
859,-12.82,-459.04,-165.92,1.7
860,2.19,-412.14,-157.61,5.78
861,2.12,-430.71,-43.59,4.59
862,-23.05,-474.27,-91.29,-0.85
863,4.47,-424.16,-118.25,3.59
864,-39.11,-544.88,-75.04,34.77
865,9.01,-423.62,-103.11,0.62
866,17.18,-383.99,-111.97,-10.67
867,-49.52,-562.19,-66.44,57.3
868,-56.79,-534.37,-116.56,13.85
869,-6.4,-498.96,-102.39,7.5
870,34.36,-484.84,-127.92,-2.17
871,-29.72,-549.81,-94.74,36.91
872,-16.23,-499.85,-197.69,-10.13
873,3.92,-468.27,-111.39,13.96
874,16.98,-343.83,-97.59,-20.36
875,7.93,-489.98,-76.42,15.21
876,-38.26,-557.01,-86.77,39.8
877,-36.8,-524.46,-113.58,25.08
878,0.24,-442.85,-122.33,6.3
879,-8.19,-454.81,-150.34,-8.16
880,-10.36,-477.97,-92.95,-0.73
881,-10.77,-460.74,-77.51,18.31
882,-21.63,-382.72,-99.16,-7.9
883,-8.2,-397.81,-108.61,1.61
884,6.89,-553.1,-92.69,27.61
885,22.15,-379.84,-143.23,-26.79
886,-10.89,-533.18,-134.56,-2.06
887,-62.89,-565.55,-51.34,68.05
888,4.87,-367.0,-98.81,-1.21
889,6.5,-523.74,-177.03,1.88
890,-18.46,-556.92,-111.58,25.49
891,-21.44,-518.06,-47.87,16.64
892,-27.28,-499.92,-103.84,15.72
893,-13.21,-466.5,-144.5,3.89
894,-16.59,-482.9,-69.92,11.01
895,-4.34,-453.34,-190.52,-0.16
896,9.22,-390.46,-38.38,4.73
897,26.94,-337.72,-151.07,-63.31
898,-42.54,-548.95,-124.52,49.7
899,-53.25,-539.71,-172.81,-9.08
900,-21.18,-495.78,-66.91,21.56
901,-5.11,-459.58,-71.42,8.37
902,-17.43,-488.19,-111.78,16.12
903,-24.02,-511.53,-107.3,10.44
904,5.85,-423.46,-144.07,-16.33
905,-5.91,-453.99,-79.43,10.66
906,-41.61,-593.03,-70.17,49.59
907,-19.11,-524.85,-106.96,16.26
908,-2.98,-438.63,-123.8,8.57
909,-5.06,-472.41,-107.82,1.85
910,-13.33,-472.96,-88.7,-1.3
911,-6.16,-449.48,-104.84,-1.81
912,2.41,-411.71,-145.16,-11.56
913,-37.2,-532.45,-86.18,34.43
914,-17.28,-485.54,-87.49,14.31
915,-0.46,-440.28,-107.48,5.64
916,-18.6,-417.89,-106.98,2.11
917,-6.41,-511.84,-136.47,-9.63
918,-62.92,-461.86,-94.63,9.81
919,4.25,-317.21,-111.02,-11.71
920,47.97,-504.19,-118.1,5.74
921,-49.97,-602.74,-125.84,29.34
922,-23.47,-512.94,-117.53,11.44
923,-6.29,-528.15,-80.32,20.65
924,-7.61,-503.44,-109.6,7.85
925,-3.14,-469.24,-143.33,-5.09
926,-38.16,-515.11,-120.13,7.99
927,-10.4,-478.26,-87.87,5.64
928,14.13,-436.61,-89.95,-4.88
929,-10.88,-465.04,-122.38,10.61
930,-4.03,-435.58,-157.14,-39.95
931,-2.09,-369.25,-198.77,-28.52
932,-15.01,-527.21,-17.85,30.86
933,-53.52,-534.53,-108.85,5.17
934,-1.01,-459.55,-130.72,3.1
935,18.03,-356.77,-81.73,-20.71
936,-7.63,-428.36,-92.46,2.02
937,-36.48,-479.91,-146.5,1.43
938,-77.75,-576.93,-93.2,26.27
939,-14.87,-509.37,-62.26,20.02
940,50.41,-367.33,-164.51,-28.22
941,0.15,-509.1,-77.99,19.49
942,-47.98,-545.31,-98.23,18.23
943,-43.82,-484.06,-89.6,16.37
944,22.91,-468.45,-112.56,-4.49
945,-19.64,-501.7,-187.69,-12.73
946,-21.15,-513.04,-61.04,17.87
947,-12.19,-487.39,-83.33,3.05
948,-23.56,-493.82,-104.44,16.43
949,-13.56,-440.13,-115.43,-14.74
950,34.02,-314.45,-123.05,-42.68
951,-15.26,-486.15,-130.21,0.83
952,-30.32,-503.33,-214.85,-1.1
953,-20.57,-442.14,-66.8,-1.66
954,-47.59,-570.64,-65.44,42.47
955,-26.33,-523.74,-126.49,13.51
956,2.03,-431.6,-183.03,-15.48
957,-9.83,-451.43,-74.09,-18.81
958,-37.94,-540.98,-52.62,46.45
959,15.82,-490.4,-87.38,33.88
960,-5.57,-465.09,-126.12,-32.61
961,-58.58,-507.45,-122.71,14.91
962,15.18,-471.92,-85.77,30.19
963,6.44,-466.56,-115.06,3.26
964,-17.58,-499.95,-110.56,2.78
965,-30.25,-486.85,-93.71,20.56
966,12.35,-424.22,-102.48,0.33
967,-11.53,-440.83,-137.81,-7.86
968,-24.96,-481.17,-134.47,9.81
969,-35.16,-486.36,-88.5,16.19
970,-20.13,-437.03,-122.28,-3.56
971,12.68,-389.32,-248.96,-45.1
972,-36.28,-553.02,-142.32,-12.44
973,-7.33,-417.45,5.12,19.0
974,-12.39,-422.74,-70.69,32.39
975,-55.83,-601.05,-110.1,26.08
976,-40.33,-539.78,-98.1,10.57
977,-23.72,-507.85,-103.34,23.61
978,15.91,-409.58,-168.39,-27.79
979,6.25,-386.5,-98.61,-20.95
980,-38.96,-615.6,-75.12,41.73
981,-27.4,-504.73,-91.23,20.28
982,-21.64,-495.96,-93.82,19.9
983,-9.76,-492.82,-99.72,12.12
984,-43.01,-461.23,-111.26,-1.84
985,-14.16,-448.32,-165.4,-4.1
986,13.43,-454.45,-83.74,11.32
987,-30.03,-530.12,-113.16,16.48
988,-14.66,-471.36,-249.25,-34.91
989,8.28,-355.59,-6.7,7.89
990,-31.26,-500.55,-89.13,13.73
991,-29.85,-458.39,-120.17,11.93
992,-18.11,-517.14,-68.17,20.6
993,-28.23,-530.31,-87.34,21.82
994,-11.63,-485.49,-72.41,35.63
995,-6.97,-444.0,-116.27,-16.07
996,2.81,-419.22,-132.41,-8.19
997,-18.55,-518.88,-177.93,-5.86
998,-28.08,-497.98,-46.41,11.17
999,-63.12,-548.28,-86.23,42.35
1000,-12.24,-505.83,-182.8,-3.67
1001,-7.33,-530.66,-200.81,-2.93
1002,-11.12,-478.59,-43.64,36.88
1003,-21.57,-486.05,-53.08,15.14
1004,-8.92,-462.8,-87.83,6.83
1005,2.26,-385.71,-101.76,-7.26
1006,-26.5,-507.69,-101.09,22.1
1007,-12.16,-447.75,-94.68,11.21
1008,-15.63,-425.33,-129.62,-7.77
1009,-3.1,-463.94,-183.83,-17.31
1010,-17.57,-479.55,-100.67,-6.26
1011,-17.79,-445.65,-54.2,11.35
1012,-38.98,-506.71,-85.77,24.11
1013,-12.27,-455.71,-207.17,-32.96
1014,-80.52,-619.27,-67.11,22.18
1015,-31.52,-502.34,-59.36,26.49
1016,53.05,-414.23,-92.9,-1.94
1017,-6.9,-535.48,-89.89,20.96
1018,-19.91,-493.58,-121.74,2.29
1019,-29.89,-532.13,-86.43,16.52
1020,-15.85,-476.73,-79.11,8.92
1021,-14.5,-467.89,-97.41,7.33
1022,-8.23,-476.11,-94.21,10.95
1023,-2.35,-439.23,-101.85,22.77
1024,-45.25,-520.31,-138.47,-60.57
1025,-16.94,-464.53,-83.74,39.46
1026,8.18,-447.47,-175.43,-33.64
1027,-14.68,-457.15,-221.45,-24.35
1028,-9.01,-388.65,-13.36,15.31
1029,-32.87,-502.04,-54.9,31.82
1030,-29.78,-494.53,-85.32,18.19
1031,-19.99,-481.92,-92.75,11.27
1032,-40.36,-540.98,-89.88,26.27
1033,-9.08,-453.33,-135.31,-7.93
1034,7.19,-416.25,-89.36,-5.63
1035,-29.92,-567.48,-83.6,36.19
1036,-29.28,-508.28,-106.48,19.29
1037,11.5,-392.39,-93.74,-7.81
1038,-34.48,-517.53,-87.01,15.22
1039,-76.48,-505.96,-139.92,1.53
1040,-28.94,-512.28,-179.29,-9.8
1041,17.71,-493.98,-134.66,5.53
1042,-13.38,-494.48,-46.07,19.34
1043,-8.34,-463.77,-54.12,20.08
1044,-17.16,-464.25,-80.13,7.55
1045,-13.45,-460.83,-108.45,1.79
1046,24.71,-327.0,-139.71,-30.74
1047,-33.8,-526.91,-136.6,10.94
1048,-51.66,-533.42,-66.93,29.36
1049,-27.61,-463.63,-42.47,22.98
1050,-15.66,-495.02,-124.88,-11.11
1051,-0.61,-430.67,-91.88,-5.49
1052,-32.88,-524.34,-85.77,11.67
1053,-25.69,-508.6,-88.55,8.35
1054,-43.83,-538.61,-113.98,16.37
1055,-15.33,-427.49,-198.78,-31.77
1056,18.47,-424.4,-28.71,28.76
1057,-6.17,-440.25,-131.17,5.72
1058,-43.02,-557.35,-100.26,25.51
1059,-36.14,-522.8,-58.57,20.75
1060,-22.45,-492.16,-94.22,9.14
1061,-5.33,-441.37,-104.43,2.15
1062,5.19,-480.38,-256.09,-19.35
1063,-38.64,-502.98,-116.77,24.57
1064,7.96,-392.51,-15.4,7.5
1065,10.93,-385.96,-98.31,-5.87
1066,-52.66,-551.2,-110.12,26.11
1067,-6.38,-412.22,-143.86,-20.81
1068,53.07,-284.29,-87.86,-50.87
1069,-117.59,-629.28,-129.01,56.89
1070,-38.59,-578.09,-161.01,12.12
1071,-17.68,-560.44,-14.45,47.39
1072,-0.32,-462.18,-82.82,15.78
1073,5.73,-450.19,-83.36,2.21
1074,-55.89,-561.72,-91.25,18.2
1075,-23.42,-489.15,-141.13,0.16
1076,9.81,-465.74,-74.55,10.77
1077,-5.71,-473.67,-95.77,14.09
1078,-23.6,-495.22,-124.31,1.41
1079,-7.74,-458.1,-165.74,-19.88
1080,3.77,-419.79,-60.37,4.03
1081,-9.83,-457.93,-79.25,5.81
1082,-4.59,-371.29,-145.26,-19.32
1083,-4.28,-389.49,-139.71,-9.63
1084,-44.14,-565.83,-162.15,26.1
1085,-37.17,-517.64,-66.93,8.91
1086,-16.25,-435.34,-48.09,7.2
1087,-21.8,-514.6,-87.85,5.77
1088,-33.45,-501.31,-83.55,28.53
1089,-25.84,-478.77,-99.77,11.74
1090,-43.04,-495.05,-100.67,7.35
1091,-2.39,-495.53,-127.1,2.22
1092,2.32,-503.87,-91.62,19.59
1093,-27.81,-504.23,-87.55,21.8
1094,-16.15,-466.91,-112.76,6.9
1095,8.37,-370.65,-142.76,-17.13
1096,-18.24,-505.38,-140.49,-16.0
1097,-39.37,-543.96,-53.29,31.39
1098,-27.73,-500.54,-85.23,14.97
1099,-6.34,-413.27,-101.1,-3.73
1100,-22.73,-462.29,-281.07,-47.19
1101,-16.29,-449.26,-67.38,2.01
1102,-14.47,-430.28,-34.35,15.0
1103,-29.4,-474.17,-77.64,3.96
1104,-26.07,-486.54,-102.71,4.04
1105,-13.85,-460.78,-105.12,15.93
1106,-7.46,-464.79,-87.64,0.06
1107,-51.39,-585.32,-89.23,33.74
1108,-47.24,-505.71,-79.33,25.08
1109,23.16,-439.85,-146.67,-14.73
1110,-30.84,-520.75,-107.82,8.21
1111,5.17,-417.6,-89.29,3.99
1112,-20.04,-504.9,-133.0,6.13
1113,-23.61,-519.23,-52.64,33.52
1114,-24.35,-502.55,-294.46,-29.9
1115,-26.07,-497.99,-83.41,7.74
1116,-7.94,-438.33,-18.51,7.47
1117,-18.35,-490.93,-100.59,0.26
1118,-3.92,-405.17,-91.76,-0.08
1119,-14.83,-438.24,-126.58,-15.89
1120,-15.21,-502.96,-62.73,14.9
1121,-28.54,-517.95,-100.05,24.83
1122,-20.85,-459.09,-95.0,3.85
1123,-4.98,-438.04,-128.21,-7.17
1124,-4.61,-424.02,-150.99,-33.0
1125,-57.93,-579.9,-48.93,38.91
1126,-12.92,-450.13,-83.33,5.12
1127,-5.74,-464.44,-100.07,3.43
1128,-34.01,-501.19,-89.51,18.07
1129,-49.68,-562.85,-95.43,20.41
1130,-25.67,-500.96,-86.81,15.82
1131,-6.52,-458.58,-99.1,-7.53
1132,40.16,-340.93,-119.99,-20.54
1133,-33.12,-545.8,-147.74,12.54
1134,-28.12,-510.89,-183.02,-5.46
1135,-33.52,-493.58,-162.93,-10.51
1136,-21.25,-491.39,-31.13,24.17
1137,4.01,-375.44,-30.48,17.54
1138,-4.45,-462.71,-88.96,4.47
1139,-27.9,-457.12,-89.21,21.33
1140,20.89,-320.83,-127.12,-24.62
1141,-5.33,-546.52,-75.1,19.82
1142,-58.99,-573.37,-81.11,35.1
1143,-27.54,-438.22,-102.72,3.09
1144,-22.73,-427.74,-109.45,-12.07
1145,-19.7,-509.04,-99.34,9.73
1146,-11.84,-486.38,-102.11,-7.34
1147,-47.07,-536.15,-85.56,26.59
1148,-47.28,-460.03,-115.5,2.21
1149,-64.27,-548.32,-164.54,8.13
1150,24.6,-491.92,-61.22,12.55
1151,-3.49,-483.0,-110.92,4.21
1152,-11.61,-474.82,-48.01,15.73
1153,-6.06,-486.02,-156.37,15.63
1154,-31.72,-495.62,-94.24,10.41
1155,-12.51,-440.02,-64.1,14.19
1156,17.97,-364.33,-144.98,-21.62
1157,-12.64,-467.14,-222.2,-14.76
1158,-44.01,-508.89,-19.82,38.2
1159,-36.89,-445.82,-68.04,1.82
1160,-6.22,-504.27,-89.65,14.68
1161,-8.23,-443.41,-96.93,5.89
1162,-11.07,-487.6,-156.0,2.1
1163,6.69,-371.36,-154.18,-43.49
1164,-12.0,-515.88,-24.51,34.62
1165,-42.06,-583.29,-67.51,53.19
1166,-33.22,-497.89,-118.12,3.86
1167,-37.63,-444.11,-119.08,-4.35
1168,7.1,-544.24,-64.66,15.64
1169,0.04,-493.21,-81.5,14.01
1170,-14.11,-505.23,-73.85,12.59
1171,-25.96,-506.65,-103.8,22.94
1172,-36.84,-499.36,-127.89,19.49
1173,15.66,-403.97,-163.77,-25.32
1174,-9.94,-522.92,-76.26,31.93
1175,-22.04,-488.94,-205.11,10.39
1176,-8.43,-467.31,-32.12,33.69
1177,-25.07,-475.23,-65.68,13.54
1178,-12.71,-439.22,-188.1,-10.38
1179,13.73,-361.56,-76.8,-7.44
1180,-21.48,-480.53,-78.44,11.26
1181,-16.89,-480.93,-69.73,11.26
1182,-29.08,-466.47,-80.75,28.64
1183,10.7,-354.45,-102.12,-4.14
1184,-43.65,-525.48,-91.97,29.86
1185,-39.27,-565.23,-119.46,31.02
1186,-39.67,-542.69,-93.38,19.71
1187,-7.89,-533.57,-83.16,20.79
1188,-5.05,-494.73,-93.48,17.52
1189,-35.07,-489.38,-72.14,18.3
1190,-0.27,-500.48,-133.03,3.66
1191,0.76,-484.2,-102.28,13.25
1192,-7.2,-472.34,-63.81,17.02
1193,-7.47,-455.48,-102.68,2.87
1194,-2.5,-458.78,-125.33,-5.99
1195,6.3,-400.91,-152.33,-15.45
1196,3.96,-439.76,-230.36,-38.82
1197,-31.84,-526.46,14.73,43.4
1198,-15.55,-445.42,-83.91,12.33
1199,-31.62,-484.99,-80.49,21.59
1200,-34.57,-532.91,-174.68,5.01
1201,1.53,-418.66,-135.25,-19.16
1202,-23.71,-522.69,-11.85,37.28
1203,-27.65,-526.96,-83.38,27.38
1204,-31.19,-525.95,-116.58,14.09
1205,-1.58,-430.82,-83.47,-7.95
1206,8.36,-388.55,-94.75,7.03
1207,-37.52,-468.64,-131.1,15.43
1208,1.31,-553.77,-152.4,2.08
1209,-33.6,-481.21,-120.03,16.15
1210,-5.49,-469.35,-35.04,16.11
1211,-11.44,-511.84,-106.45,8.69
1212,-4.09,-446.87,-79.03,15.54
1213,-25.15,-479.31,-87.79,3.66
1214,-15.85,-506.07,-98.07,2.35
1215,-33.67,-491.16,-91.99,17.17
1216,20.92,-350.59,-180.92,-27.51
1217,-21.07,-485.74,-53.24,23.26
1218,-34.32,-510.47,-80.35,23.04
1219,5.39,-424.79,-99.95,2.43
1220,-15.24,-452.03,-111.52,3.24
1221,-49.19,-552.5,-119.59,23.04
1222,-33.32,-554.24,-257.94,-28.89
1223,6.51,-407.43,-36.32,-4.81
1224,3.25,-482.95,-60.78,-1.4
1225,-50.06,-572.6,-55.21,51.07
1226,-23.58,-501.98,-84.39,23.93
1227,-10.75,-460.01,-102.69,22.63
1228,-15.11,-499.6,-90.54,19.21
1229,3.15,-424.15,-72.62,4.02
1230,-14.25,-518.35,-138.92,5.17
1231,-21.69,-481.9,-139.86,14.28
1232,11.29,-408.57,-70.43,19.8
1233,1.77,-364.24,-99.2,-13.88
1234,-40.73,-571.12,-127.53,22.78
1235,-35.48,-521.61,-112.9,17.11
1236,-28.37,-494.37,-138.52,-0.28
1237,6.66,-410.27,-163.29,-39.33
1238,-15.62,-486.26,-5.04,46.84
1239,-34.45,-488.93,-83.42,30.59
1240,-21.03,-512.18,-111.21,16.3
1241,-21.1,-531.62,-100.56,21.86
1242,-26.68,-493.13,-82.14,11.86
1243,-3.22,-491.2,-101.11,5.52
1244,-14.69,-475.03,-102.06,14.78
1245,11.22,-347.26,-107.32,6.99
1246,15.84,-387.08,-115.29,5.53
1247,-46.17,-613.76,-106.78,33.92
1248,-42.39,-541.82,-94.15,30.81
1249,-11.21,-502.09,-150.17,18.03
1250,-14.32,-504.84,-132.02,-1.18
1251,-42.86,-516.8,-113.11,12.26
1252,9.08,-422.79,-44.26,31.35
1253,-4.9,-466.62,-164.86,2.85
1254,1.7,-418.39,-117.97,-1.94
1255,-18.87,-466.33,-34.69,32.54
1256,-42.76,-540.93,-101.51,35.18
1257,-15.74,-470.37,-107.54,27.4
1258,-34.35,-525.21,-69.41,31.75
1259,-31.1,-491.57,-88.09,27.29
1260,-6.01,-466.65,-94.14,12.89
1261,19.69,-313.26,-114.59,-25.96
1262,-37.74,-449.46,-94.7,32.18
1263,28.29,-413.9,-98.7,20.53
1264,-44.28,-459.61,-135.05,8.05
1265,-43.73,-632.64,-72.9,41.31
1266,-21.16,-540.63,-84.02,30.86
1267,-27.15,-532.54,-114.76,18.19
1268,-28.91,-509.1,-104.06,19.1
1269,-24.12,-494.47,-101.74,11.06
1270,-1.88,-472.54,-100.15,9.16
1271,11.66,-461.76,-171.16,-5.2
1272,13.41,-361.88,-280.52,-67.76
1273,18.72,-424.56,-82.32,4.79
1274,-57.87,-550.61,-4.77,52.81
1275,-36.95,-484.55,-85.85,21.93
1276,-33.29,-520.16,-126.09,15.12
1277,-31.31,-516.03,-49.17,25.81
1278,-12.14,-444.88,-92.86,3.87
1279,-9.63,-407.61,-99.37,-6.38
1280,-25.24,-449.41,-104.98,-7.21
1281,-20.83,-261.35,-121.64,-35.23
1282,35.67,-485.31,-116.91,25.23
1283,-45.74,-615.65,-80.5,45.79
1284,-14.59,-486.8,-105.93,5.93
1285,-39.52,-576.92,-105.43,17.66
1286,-25.39,-525.11,-65.01,26.97
1287,-28.91,-516.82,-91.63,11.75
1288,-16.57,-495.74,-96.09,10.88
1289,-18.94,-452.2,-117.95,3.03
1290,13.83,-422.18,-281.5,-56.06
1291,-38.43,-567.02,-111.78,21.57
1292,-20.58,-451.52,19.66,35.65
1293,5.85,-409.42,-79.41,7.1
1294,-33.78,-551.78,-146.32,5.11
1295,-34.91,-510.2,-121.25,16.6
1296,-12.56,-470.89,-99.56,-9.32
1297,-27.57,-516.52,-46.63,30.64
1298,-31.36,-450.57,-79.55,17.7
1299,-30.27,-482.79,-83.1,14.45
1300,-7.76,-453.53,-103.18,0.59
1301,24.79,-439.1,-167.36,-20.72
1302,-53.3,-541.65,-40.05,29.89
1303,-24.92,-512.38,-85.16,21.98
1304,-5.02,-522.36,-121.44,13.39
1305,-39.58,-555.75,-89.36,-3.58
1306,7.16,-460.16,-73.23,2.58
1307,-4.41,-386.79,-128.88,3.31
1308,-33.55,-481.89,-255.77,-8.94
1309,-30.46,-523.83,-162.62,-5.02
1310,-16.43,-510.62,-75.4,10.32
1311,-27.13,-513.43,-41.16,36.01
1312,-7.72,-391.42,-102.79,-2.3
1313,-19.62,-507.54,-75.77,21.13
1314,4.13,-419.88,-74.1,25.46
1315,-0.44,-382.15,-68.06,8.42
1316,-17.98,-483.26,-83.03,18.89
1317,-69.57,-513.61,-80.58,19.24
1318,-72.89,-500.12,-106.84,31.8
1319,60.28,-479.97,-79.35,21.14
1320,11.74,-410.55,-88.96,9.41
1321,-33.94,-532.93,-116.92,25.27
1322,-18.99,-490.4,-66.9,22.72
1323,-18.06,-444.8,-129.68,1.95
1324,-29.06,-474.4,-62.13,31.69
1325,-9.97,-541.53,-105.52,25.51
1326,-9.48,-481.45,-114.32,22.57
1327,-3.35,-462.32,-110.86,-7.35
1328,-14.74,-500.05,-116.74,9.65
1329,-33.63,-513.9,-232.45,-5.98
1330,-3.37,-411.01,-41.85,11.0
1331,-1.48,-441.56,-13.85,39.52
1332,-39.83,-498.1,-67.73,25.1
1333,-26.58,-495.37,-94.82,12.66
1334,-42.5,-504.13,-131.31,8.61
1335,-20.14,-458.55,-70.05,34.37
1336,1.71,-428.98,-105.48,0.88
1337,-26.07,-504.31,-39.82,26.33
1338,-25.93,-501.52,-115.44,19.01
1339,-20.12,-420.78,-147.71,-7.46
1340,-51.83,-485.25,-90.79,8.43
1341,6.46,-474.65,-128.96,14.12
1342,-3.97,-456.07,-116.99,15.85
1343,-12.19,-496.21,-97.19,11.29
1344,-51.64,-513.03,-155.34,1.01
1345,-11.13,-462.75,-52.5,32.49
1346,-25.88,-448.67,-128.35,1.46
1347,23.82,-354.14,-39.9,7.58
1348,-28.1,-525.23,-91.63,25.46
1349,-47.64,-562.8,-112.97,22.12
1350,-27.56,-504.1,-59.01,28.24
1351,-15.69,-489.68,-120.83,7.74
1352,-9.54,-411.64,-86.65,11.65
1353,-1.16,-376.68,-114.21,0.0
1354,-47.81,-602.18,-93.88,29.5
1355,-29.26,-518.32,-206.4,0.34
1356,-10.01,-458.1,-59.46,10.75
1357,19.87,-383.99,-140.29,-17.24
1358,-60.48,-537.89,-60.18,58.75
1359,-17.0,-458.73,-62.47,29.0
1360,-2.09,-431.74,-107.01,12.48
1361,-49.26,-494.52,-97.75,12.95
1362,11.7,-486.37,-114.11,26.2
1363,-15.0,-409.32,-147.74,3.52
1364,30.6,-364.92,-67.93,6.81
1365,39.25,-285.55,-81.91,6.74
1366,-70.26,-635.25,-134.47,42.35
1367,-42.21,-569.63,-152.64,23.73
1368,-27.64,-544.28,-63.46,24.65
1369,-38.22,-520.92,-96.79,12.57
1370,-20.93,-480.75,-84.03,17.24
1371,-13.97,-466.78,-114.54,10.58
1372,-29.28,-470.89,-249.49,-18.32
1373,-15.2,-450.15,-126.02,17.53
1374,-30.12,-481.23,-51.15,33.99
1375,-6.97,-417.84,-29.67,36.77
1376,23.5,-308.22,-93.94,-18.18
1377,-18.93,-483.54,-67.52,25.54
1378,-49.59,-553.82,-107.64,37.59
1379,-57.68,-502.1,-110.82,10.44
1380,9.02,-526.9,-85.77,11.43
1381,31.24,-381.64,-111.37,-12.28
1382,-21.42,-532.09,-127.37,12.69
1383,-34.42,-541.45,-69.33,21.81
1384,-26.73,-446.69,-89.28,18.72
1385,-27.97,-521.59,-92.36,14.91
1386,-14.14,-523.61,-158.11,7.0
1387,-20.79,-491.1,-152.85,-4.3
1388,-20.96,-494.34,-153.5,-16.48
1389,-9.92,-459.85,11.78,47.58
1390,-9.62,-472.63,-102.2,6.9
1391,-12.97,-469.85,-172.56,-3.26
1392,-20.03,-458.24,-83.59,6.69
1393,-19.03,-383.31,-65.28,-3.03
1394,-17.12,-462.5,-94.81,14.73
1395,-24.86,-508.61,-95.73,17.02
1396,-44.25,-541.19,-82.91,25.68
1397,-32.18,-515.93,-100.3,13.36
1398,-21.2,-490.88,-94.78,15.18
1399,3.25,-403.45,-96.9,-9.95
1400,48.95,-370.07,-119.46,-32.37
1401,-49.63,-561.72,-83.58,47.12
1402,-37.18,-504.93,-98.84,29.17
1403,-55.09,-489.98,-138.41,8.29
1404,-27.65,-555.28,-58.32,24.0
1405,10.59,-505.97,-93.53,15.96
1406,-21.63,-514.39,-94.82,9.92
1407,-29.41,-505.33,-93.02,9.78
1408,-21.97,-478.21,-92.66,7.87
1409,40.38,-281.9,-220.39,-50.98
1410,50.36,-376.2,-227.72,-77.07
1411,-80.83,-656.47,39.28,103.89
1412,-29.01,-504.45,-58.43,31.83
1413,-33.09,-503.63,-162.19,-1.54
1414,-28.87,-534.75,-34.79,27.47
1415,-18.91,-500.31,-75.78,11.27
1416,-24.34,-476.93,-89.76,2.81
1417,-31.99,-500.8,-95.72,7.55
1418,-32.45,-497.72,-94.73,9.87
1419,-23.2,-493.1,-98.7,4.08
1420,-11.53,-436.13,-95.43,0.59
1421,42.7,-255.02,-112.91,-32.47
1422,14.6,-431.8,-117.09,-1.69
1423,-36.25,-580.58,-263.38,-1.36
1424,-19.56,-514.13,-52.01,30.52
1425,-3.16,-496.14,13.78,32.03
1426,-40.13,-564.84,-55.42,22.29
1427,-36.43,-553.37,-92.49,10.89
1428,-37.39,-525.85,-89.11,9.31
1429,-31.68,-499.38,-97.31,10.47
1430,-19.4,-488.42,-95.77,4.01
1431,25.04,-365.46,-108.27,-24.22
1432,-1.73,-461.53,-154.25,-8.23
1433,-30.27,-531.02,-64.23,25.34
1434,4.28,-392.8,-205.65,-10.42
1435,-8.63,-472.26,-248.05,-39.53
1436,-28.89,-479.89,66.3,58.93
1437,-42.95,-538.08,-97.4,22.98
1438,-44.43,-514.88,-43.4,30.02
1439,-23.3,-478.1,-85.31,13.66
1440,8.26,-384.89,-99.63,-3.3
1441,-25.36,-503.05,-96.39,14.22
1442,-14.63,-417.12,-94.91,11.81
1443,-25.0,-428.76,-109.56,-7.35
1444,-2.93,-521.19,-107.09,21.4
1445,-1.58,-455.47,-108.53,4.7
1446,-10.74,-544.35,-154.91,6.02
1447,-25.46,-547.39,-114.06,19.15
1448,-23.66,-494.64,-45.13,18.02
1449,-3.41,-448.22,-179.75,-23.71
1450,-43.25,-567.48,-48.35,30.07
1451,-34.28,-505.57,-61.07,35.03
1452,-21.05,-501.7,-78.07,28.25
1453,-15.31,-485.8,-153.16,0.89
1454,-24.36,-499.1,-215.48,-24.38
1455,-6.57,-407.69,-60.11,15.3
1456,46.77,-241.88,-15.45,-1.81
1457,-10.93,-471.19,-146.93,0.38
1458,-58.46,-580.76,-200.31,-17.09
1459,-28.49,-510.49,-43.61,15.61
1460,-79.19,-548.69,-64.75,22.0
1461,-56.15,-517.67,-59.93,30.66
1462,34.12,-481.96,-86.59,14.55
1463,-4.26,-484.07,-87.44,7.38
1464,-25.64,-515.9,-89.15,13.1
1465,-20.96,-484.35,-88.95,9.59
1466,-0.31,-413.2,-118.43,-0.95
1467,20.91,-355.7,-104.89,-4.22
1468,-15.79,-508.48,-123.84,-10.98
1469,-35.31,-507.03,-149.47,-1.36
1470,-44.26,-535.05,-64.86,32.57
1471,-26.27,-477.35,-76.77,20.9
1472,-16.8,-456.87,-98.85,20.18
1473,-41.11,-530.28,-89.49,19.36
1474,-20.82,-499.8,-89.39,14.95
1475,-55.53,-517.69,-120.65,12.0
1476,-0.19,-489.06,-99.26,10.76
1477,1.72,-444.48,-82.37,17.33
1478,2.25,-461.1,-85.15,7.77
1479,6.94,-360.86,-108.89,-1.97
1480,3.85,-483.67,-92.18,6.77
1481,-9.01,-457.04,-127.54,2.22
1482,-11.74,-412.88,-186.99,-30.69
1483,-52.11,-549.21,-103.91,12.77
1484,-53.99,-567.68,-64.02,28.39
1485,-24.07,-437.33,-57.35,23.42
1486,-31.6,-545.87,-136.74,8.74
1487,-21.63,-508.94,-160.63,2.23
1488,-5.85,-462.71,-16.58,23.95
1489,-24.82,-492.12,-73.47,5.8
1490,-25.15,-489.31,-85.01,9.5
1491,-24.68,-492.09,-93.27,4.98
1492,-18.08,-466.85,-100.61,11.62
1493,-46.17,-478.29,-96.78,21.84
1494,28.51,-361.87,-135.41,-4.07
1495,10.39,-462.23,-253.27,-46.16
1496,-28.37,-540.0,-22.81,23.02
1497,-31.56,-530.51,-39.33,43.94
1498,-33.17,-504.97,-90.69,19.26
1499,-31.08,-503.26,-159.24,0.96
1500,-25.35,-500.19,-82.54,0.65
1501,-17.91,-476.4,-67.32,22.01
1502,-12.99,-458.39,-84.3,12.7
1503,-32.82,-428.98,-89.86,13.88
1504,-51.82,-476.45,-95.08,18.6
1505,34.05,-434.15,-107.67,13.92
1506,-13.7,-530.43,-103.54,15.21
1507,11.15,-396.73,-111.64,-12.65
1508,-22.74,-504.24,-114.2,9.89
1509,0.58,-428.39,-158.5,0.46
1510,45.96,-349.59,-142.58,-16.77
1511,-33.44,-611.33,-47.76,71.86
1512,-56.38,-547.27,-181.3,3.27
1513,-35.02,-470.44,-14.97,25.46
1514,-28.3,-464.21,-52.44,21.48
1515,-27.58,-467.95,-108.26,18.23
1516,-67.05,-518.04,-159.85,4.51
1517,-17.39,-443.86,-65.48,17.95
1518,17.47,-429.43,-64.1,18.16
1519,-22.06,-513.91,-81.17,21.63
1520,-5.7,-486.79,-94.74,14.76
1521,-6.62,-472.92,-78.97,11.82
1522,-29.06,-480.5,-94.98,4.41
1523,-3.9,-450.32,-94.03,2.96
1524,-2.65,-442.83,-118.72,0.14
1525,-27.73,-460.45,-98.22,3.53
1526,-47.8,-520.61,-70.52,39.1
1527,8.85,-401.42,-140.94,0.08
1528,25.85,-365.42,-105.69,-5.17
1529,-61.51,-605.93,-165.12,13.0
1530,9.57,-473.75,-89.78,8.61
1531,-26.3,-500.16,-71.85,22.74
1532,-21.75,-485.76,-56.25,28.13
1533,-17.0,-529.56,-72.44,28.2
1534,-16.81,-521.5,-84.65,4.39
1535,-14.29,-453.71,-149.57,1.44
1536,-8.85,-411.36,-109.06,2.79
1537,-18.99,-487.57,-66.92,23.49
1538,-12.26,-451.5,-179.83,-10.45
1539,-18.36,-508.08,-17.07,23.84
1540,-16.72,-448.57,-77.33,8.04
1541,1.3,-438.65,-85.86,-5.96
1542,-27.74,-458.56,-215.49,13.87
1543,-31.13,-508.13,-65.88,7.52
1544,-3.19,-393.93,-79.78,4.21
1545,-14.91,-464.2,-87.83,10.12
1546,-16.88,-486.77,-128.89,6.35
1547,-58.35,-617.61,-181.99,18.27
1548,-55.91,-457.82,-35.42,27.37
1549,-23.57,-427.54,-45.32,18.92
1550,-21.23,-565.14,-71.48,39.06
1551,0.98,-515.78,-106.28,10.45
1552,-9.37,-454.3,-95.08,8.65
1553,8.01,-441.51,-104.69,-0.66
1554,-23.06,-520.56,-82.7,26.37
1555,-22.78,-502.62,-88.13,9.77
1556,-5.35,-462.4,-103.35,5.37
1557,-31.93,-490.66,-84.03,9.82
1558,-27.92,-477.29,-82.71,17.82
1559,-11.99,-445.7,-124.19,-2.04
1560,-10.84,-457.28,-239.36,-39.09
1561,4.96,-335.97,-212.05,-66.1
1562,-23.57,-455.99,67.96,58.12
1563,-20.79,-507.76,-45.91,45.14
1564,-45.76,-597.21,-68.43,31.0
1565,-43.68,-499.51,-109.06,10.94
1566,-29.29,-496.33,-97.03,14.69
1567,0.63,-445.56,-76.53,19.31
1568,32.25,-353.14,-92.85,-28.42
1569,12.1,-410.12,-133.3,-9.05
1570,-66.9,-610.57,-58.54,60.61
1571,-29.05,-503.46,-79.61,24.77
1572,-30.65,-484.18,-93.41,23.06
1573,-37.97,-520.49,-98.21,18.83
1574,-21.92,-479.08,-109.22,9.74
1575,-31.31,-481.96,-115.53,7.76
1576,-7.01,-471.43,-132.78,21.93
1577,-27.27,-481.77,-126.3,-4.08
1578,-13.21,-422.87,-34.59,28.59
1579,-25.75,-478.2,-92.55,11.62
1580,-27.57,-491.62,-91.93,17.85
1581,-16.0,-432.68,-128.97,-3.7
1582,-36.97,-492.56,-72.01,20.23
1583,-36.05,-490.19,-91.52,23.93
1584,0.16,-434.97,-104.85,4.23
1585,-28.28,-309.26,-142.6,-29.67
1586,33.4,-435.24,-242.61,-19.68
1587,-67.54,-680.97,-51.98,58.51
1588,-18.84,-510.81,-33.71,34.37
1589,-7.73,-412.02,-92.39,-3.17
1590,-33.87,-580.8,-55.62,46.12
1591,-32.78,-520.16,-86.76,29.24
1592,-32.4,-496.28,-86.63,18.31
1593,-33.61,-484.28,-92.76,11.28
1594,-34.26,-482.65,-91.19,15.62
1595,-17.16,-450.5,-92.79,18.62
1596,-11.3,-463.89,-99.8,7.01
1597,20.79,-374.82,-139.19,-12.73
1598,5.9,-376.99,-208.55,-44.82
1599,-56.34,-519.69,-52.89,44.78
1600,-31.29,-542.87,-61.59,33.12
1601,-27.45,-492.91,-76.9,16.02
1602,-28.73,-459.0,-60.2,21.39
1603,-38.88,-517.74,-89.64,17.04
1604,-24.22,-467.26,-89.56,12.06
1605,-11.89,-417.27,-96.01,-8.28
1606,-17.98,-485.03,-89.0,20.95
1607,13.92,-420.07,-153.88,-11.62
1608,-34.04,-524.22,-117.63,19.02
1609,-2.59,-510.04,-74.81,18.51
1610,-16.14,-453.95,-161.57,-9.3
1611,-19.95,-436.72,-94.69,-6.29
1612,-43.89,-515.35,-9.14,47.62
1613,-39.49,-553.34,-62.6,37.69
1614,-13.59,-501.53,-120.35,13.42
1615,-18.81,-450.48,-73.14,14.77
1616,-4.75,-425.31,-74.87,5.38
1617,-24.71,-511.0,-87.27,14.76
1618,-7.59,-463.84,-121.48,8.11
1619,23.55,-420.25,-72.85,-2.79
1620,-32.28,-345.13,-92.72,-12.65
1621,-36.0,-559.81,-97.1,24.98
1622,-18.86,-500.73,-87.7,11.0
1623,10.29,-403.78,-160.38,-25.19
1624,8.66,-380.16,-71.44,-8.27
1625,-32.69,-548.17,-134.73,22.99
1626,-66.87,-606.15,-69.2,46.54
1627,-24.42,-512.37,-67.01,23.44
1628,-19.51,-500.04,-79.56,14.57
1629,-21.29,-474.45,-97.29,14.67
1630,4.5,-420.66,-77.41,0.24
1631,23.9,-351.78,-101.63,-25.46
1632,-57.89,-574.89,-41.83,46.15
1633,-10.12,-447.42,-91.97,2.86
1634,-33.86,-530.95,-84.57,18.57
1635,-27.16,-502.84,-94.6,12.59
1636,-14.27,-487.1,-184.49,-19.65
1637,-45.8,-495.58,-57.13,19.43
1638,-39.86,-500.66,-53.71,28.64
1639,17.57,-471.12,-81.7,15.05
1640,-11.35,-498.38,-86.36,19.38
1641,-5.09,-464.35,-93.65,9.68
1642,18.8,-375.81,-109.24,-10.28
1643,-9.86,-430.46,-103.14,6.51
1644,-71.8,-550.22,-96.63,32.01
1645,-2.48,-401.3,-131.45,-5.75
1646,-2.61,-464.02,-48.66,25.62
1647,-33.73,-526.26,-95.17,14.03
1648,24.57,-409.15,-164.87,-19.47
1649,-12.94,-517.84,-68.37,21.54
1650,-47.25,-490.69,-111.66,6.81
1651,-0.16,-517.65,-84.21,23.83
1652,-19.34,-540.64,-65.35,30.1
1653,-31.42,-513.03,-64.51,14.34
1654,-6.12,-465.48,-87.09,-0.4
1655,-0.01,-440.48,-86.23,11.1
1656,-3.34,-437.05,-33.05,11.86
1657,7.02,-427.0,-126.34,7.96
1658,-31.83,-515.13,-238.46,-24.34
1659,-35.74,-542.42,4.01,38.6
1660,-18.07,-440.8,-53.57,5.66
1661,-29.06,-494.87,-68.57,16.45
1662,-29.78,-478.63,-118.27,14.44
1663,-10.84,-515.8,-172.14,0.89
1664,-21.02,-450.37,-4.11,12.41
1665,26.51,-359.9,-84.35,-17.98
1666,-35.91,-455.68,-123.05,3.06
1667,-21.81,-555.96,-86.46,23.99
1668,-30.9,-540.18,-44.11,42.7
1669,19.57,-411.0,-87.55,5.05
1670,66.4,-280.85,-123.42,-45.06
1671,-73.01,-640.64,-50.56,56.68
1672,-45.43,-543.87,-60.54,33.51
1673,-0.41,-444.0,-120.96,-13.35
1674,-9.45,-440.7,-142.25,-26.66
1675,-55.98,-574.75,-47.33,35.73
1676,-41.37,-519.46,-99.71,8.62
1677,-36.0,-506.1,-166.21,-20.49
1678,-15.1,-460.46,-61.56,18.53
1679,4.59,-478.95,-150.2,-13.76
1680,-0.81,-486.77,-107.42,7.2
1681,4.1,-408.29,-8.55,-6.91
1682,-30.21,-432.41,-42.16,3.06
1683,-24.71,-432.41,-83.29,20.52
1684,-19.17,-491.63,-134.15,-9.66
1685,28.26,-455.65,-113.02,-1.03
1686,-3.35,-484.41,-13.2,36.68
1687,-53.1,-422.28,-96.87,-22.61
1688,15.42,-394.04,-141.61,-27.46
1689,-25.52,-578.32,-200.59,-10.38
1690,-41.48,-566.05,22.13,38.25
1691,-4.06,-461.44,-94.65,10.31
1692,-19.35,-537.81,-109.97,25.1
1693,-33.0,-486.53,-86.17,-0.24
1694,-24.98,-510.69,-97.29,2.48
1695,-7.56,-479.93,-92.43,-2.26
1696,-11.18,-474.46,-97.78,-0.54
1697,-15.37,-482.15,-124.22,2.36
1698,-17.46,-479.41,-137.39,-11.65
1699,-2.92,-443.25,-143.06,-16.2
1700,-18.26,-481.2,-80.13,6.57
1701,-11.76,-427.16,-115.37,-7.68
1702,-9.97,-447.86,-73.88,17.59
1703,-18.45,-403.43,-66.88,6.21
1704,-61.12,-560.28,-74.09,27.16
1705,-29.09,-502.31,-118.48,10.69
1706,15.78,-445.76,-80.67,-6.55
1707,-17.23,-529.19,-78.72,15.88
1708,-28.26,-502.42,-81.41,14.58
1709,-43.37,-454.57,-82.55,9.75
1710,33.8,-393.65,-90.59,-7.7
1711,-29.43,-518.91,-75.61,22.21
1712,-27.84,-542.01,-92.46,15.11
1713,-9.13,-500.73,-93.06,4.03
1714,-8.22,-470.8,-101.6,-0.41
1715,-12.08,-486.45,-133.26,3.05
1716,-20.03,-478.85,-89.8,6.03
1717,-15.98,-488.58,-96.53,6.03
1718,-29.42,-474.9,-218.94,-22.92
1719,-4.54,-447.63,-27.31,15.13
1720,-24.41,-441.54,-43.84,5.43
1721,30.38,-321.57,-113.17,-28.61
1722,-36.26,-559.73,-78.18,33.2
1723,-62.2,-557.26,-68.17,30.73
1724,-36.16,-507.97,-85.18,13.4
1725,-20.54,-489.93,-71.01,17.45
1726,7.23,-479.76,-93.42,11.55
1727,-14.69,-507.67,-86.99,12.86
1728,-22.36,-474.26,-87.63,6.38
1729,2.13,-460.56,-89.52,11.71
1730,7.11,-381.22,-129.97,-8.96
1731,8.91,-381.42,-207.17,-40.76
1732,-54.13,-542.21,-22.77,44.99
1733,-23.37,-515.65,-38.54,31.76
1734,-25.07,-508.98,-85.51,5.35
1735,-6.9,-493.16,-116.76,2.85
1736,1.56,-402.93,-195.78,-29.96
1737,-45.54,-521.39,-34.23,17.76
1738,-57.35,-515.83,-41.96,22.71
1739,-35.69,-504.71,-78.83,14.08
1740,-19.48,-504.95,-79.03,3.24
1741,2.2,-460.06,-89.12,6.38
1742,-37.73,-482.48,-91.87,4.84
1743,9.9,-430.3,-94.82,-3.21
1744,-14.83,-464.93,-86.81,1.39
1745,-8.21,-443.75,-88.38,2.94
1746,12.94,-371.61,-107.57,-18.89
1747,-49.22,-422.52,-209.79,-26.15
1748,-34.52,-547.35,-83.7,15.66
1749,-20.61,-414.3,3.93,25.99
1750,-3.22,-382.22,-97.59,-10.17
1751,-60.27,-597.66,-104.21,36.19
1752,-1.63,-518.33,-136.03,9.33
1753,-34.71,-562.27,-44.82,28.75
1754,-24.6,-496.9,-76.54,21.92
1755,-18.65,-484.22,-86.03,18.89
1756,-30.51,-497.1,-111.19,9.29
1757,-48.5,-490.4,-83.12,11.94
1758,-11.71,-481.66,-80.15,26.43
1759,27.82,-409.96,-157.1,4.16
1760,-1.68,-425.22,-210.07,-32.94
1761,-26.39,-429.89,31.76,36.76
1762,4.24,-405.63,-87.85,10.16
1763,-31.64,-497.95,-70.6,15.86
1764,-53.31,-526.63,-134.59,1.54
1765,-10.03,-471.25,-54.81,39.42
1766,-1.09,-409.23,-69.52,7.44
1767,-40.51,-545.42,-106.44,30.23
1768,-36.16,-526.35,-85.55,28.35
1769,-25.62,-476.95,-92.42,18.89
1770,2.43,-408.81,-128.29,-13.39
1771,-63.71,-505.83,-105.57,13.59
1772,-35.47,-505.88,-60.23,40.47
1773,54.05,-422.9,-87.99,6.95
1774,3.29,-429.79,-157.66,-4.48
1775,-36.08,-470.37,-86.95,24.57
1776,26.52,-367.0,-73.51,-2.61
1777,-12.48,-534.03,-95.31,29.2
1778,-39.76,-540.36,-115.36,17.48
1779,20.88,-340.72,-86.6,-11.39
1780,43.83,-351.39,-132.04,4.33
1781,-63.57,-593.88,-155.56,22.45
1782,-68.73,-571.81,-19.25,50.89
1783,-44.5,-485.39,-69.89,15.26
1784,14.79,-392.57,-99.65,1.28
1785,-16.87,-449.21,-96.97,11.9
1786,-59.19,-525.45,-92.24,27.38
1787,24.29,-463.06,-197.06,-21.46
1788,-59.55,-538.58,-149.26,21.81
1789,-39.21,-503.14,-13.51,29.01
1790,-11.85,-469.85,-64.15,18.78
1791,26.45,-405.38,-89.71,9.46
1792,-2.27,-491.11,-98.63,17.79
1793,-35.1,-531.23,-94.25,25.01
1794,-11.66,-474.96,-134.8,-2.26
1795,-16.74,-438.4,-145.34,-14.11
1796,-11.63,-431.09,-36.74,19.86
1797,-32.23,-458.92,-83.21,22.41
1798,1.29,-465.75,-90.59,16.24
1799,-12.98,-529.69,-91.94,17.53
1800,-22.24,-496.77,-105.46,14.29
1801,-14.14,-445.91,-104.01,10.34
1802,9.23,-428.51,-150.37,-4.56
1803,-44.31,-503.42,-55.34,34.85
1804,-81.32,-445.46,-108.75,13.91
1805,40.56,-306.06,-150.81,-24.34
1806,-2.11,-525.96,-85.48,7.73
1807,-52.64,-610.98,-99.56,30.67
1808,-29.45,-459.94,-52.35,25.56
1809,-12.46,-522.12,-98.54,22.77
1810,-16.74,-516.64,-121.66,2.77
1811,-17.33,-459.04,-69.98,16.05
1812,-27.22,-452.44,-81.66,14.27
1813,-48.96,-481.69,-170.2,-7.7
1814,-2.76,-492.76,-83.0,14.02
1815,13.01,-348.33,-79.51,-0.38
1816,-18.71,-525.9,-116.97,3.46
1817,-40.07,-572.05,-165.03,24.3
1818,-28.1,-525.06,-47.54,37.82
1819,-13.53,-460.12,-94.03,1.3
1820,-20.8,-483.76,-91.66,1.41
1821,-23.66,-496.47,-119.33,2.52
1822,-16.73,-444.21,-76.08,18.71
1823,4.02,-306.74,-97.42,-28.35
1824,-38.89,-485.86,-81.07,8.22
1825,-26.86,-585.23,-90.66,30.54
1826,2.23,-474.97,-101.94,11.94
1827,-43.52,-472.17,-120.02,1.86
1828,16.25,-459.41,-118.44,-2.65
1829,-36.7,-437.64,-93.15,0.09
1830,0.98,-516.72,-114.52,5.7
1831,-34.8,-552.51,-104.7,6.74
1832,-18.09,-488.39,-75.03,12.84
1833,-33.47,-505.44,-120.21,-2.82
1834,-1.09,-468.29,-69.4,18.67
1835,-3.02,-455.02,-128.92,14.59
1836,-29.41,-477.5,-74.7,6.99
1837,-7.08,-440.72,-161.75,-4.25
1838,-31.19,-497.27,-85.92,16.53
1839,-39.77,-505.86,-57.98,22.85
1840,14.23,-413.15,-137.21,-11.44
1841,-2.11,-381.82,-81.66,-19.23
1842,-20.61,-500.49,-88.88,4.55
1843,-9.94,-494.74,-86.58,17.4
1844,-17.28,-475.64,-91.04,11.78
1845,-47.84,-489.08,-100.02,8.7
1846,21.05,-436.97,-101.39,-8.58
1847,2.28,-487.42,-86.08,15.89
1848,-47.69,-490.94,-99.9,16.22
1849,-19.24,-455.21,-148.59,-16.19
1850,-0.97,-473.21,-212.42,-26.33
1851,-35.12,-529.7,-100.16,14.06
1852,-35.23,-520.85,-26.96,44.57
1853,-30.94,-479.83,-44.03,18.48
1854,-30.18,-459.04,-136.18,4.66
1855,-12.57,-461.3,-79.3,19.71
1856,-22.28,-486.18,-120.99,15.56
1857,-10.94,-453.24,-86.88,16.39
1858,0.86,-416.26,-85.64,-0.91
1859,-18.65,-469.08,-83.87,13.29
1860,-28.39,-450.7,-94.8,5.78
1861,-25.19,-508.86,-96.42,23.49
1862,-36.81,-520.78,-92.49,26.78
1863,5.58,-488.85,-207.57,-19.03
1864,-23.86,-427.75,-43.19,16.98
1865,17.42,-338.53,-114.97,-14.96
1866,-37.49,-572.47,-53.61,24.69
1867,-22.58,-493.21,-85.12,20.47
1868,-20.93,-550.26,-70.26,26.79
1869,-22.24,-525.39,-99.09,30.05
1870,-28.63,-491.63,-153.84,5.08
1871,-17.11,-467.95,-216.99,-16.07
1872,15.36,-430.97,-166.06,-5.44
1873,-26.33,-462.7,24.15,32.82
1874,-57.53,-533.49,-68.7,27.23
1875,-27.61,-434.59,-90.56,4.32
1876,-6.98,-401.66,-115.12,-13.62
1877,-38.8,-522.2,-105.14,12.66
1878,-32.41,-528.36,-95.23,16.26
1879,7.19,-423.63,-145.48,-5.23
1880,-14.91,-406.4,-107.38,-17.41
1881,-85.5,-489.88,-80.93,27.91
1882,39.93,-453.34,-65.74,20.04
1883,36.43,-397.85,-109.01,-8.53
1884,-51.63,-617.45,-87.98,38.42
1885,-32.0,-520.63,-73.92,33.61
1886,-18.8,-515.49,-108.22,8.82
1887,-21.26,-514.41,-111.81,15.73
1888,0.83,-457.72,-105.9,14.09
1889,9.52,-327.74,-157.47,-25.82
1890,-54.92,-572.86,-184.02,-3.46
1891,-49.36,-530.54,-61.13,42.58
1892,-22.79,-468.6,-174.38,-5.54
1893,1.66,-436.91,-42.26,7.37
1894,-23.08,-469.5,-86.62,13.85
1895,-53.23,-489.66,-140.48,8.19
1896,-0.47,-466.3,-79.51,3.59
1897,2.55,-445.32,-69.04,9.54
1898,-42.23,-498.11,-93.41,16.5
1899,29.36,-218.08,-138.3,-40.3
1900,-18.25,-589.42,-43.13,43.93
1901,-42.26,-574.98,-125.5,29.63
1902,-15.81,-497.73,-76.06,23.58
1903,-5.98,-510.63,-132.06,3.41
1904,-25.98,-517.33,-89.51,18.38
1905,-19.77,-484.81,-79.67,28.17
1906,-9.47,-456.67,-95.52,13.29
1907,-18.88,-477.25,-107.45,13.03
1908,-30.66,-502.89,-92.95,20.04
1909,-29.15,-489.25,-105.63,3.32
1910,-16.0,-466.64,-120.81,-0.12
1911,-17.17,-457.9,-93.53,22.56
1912,-19.51,-465.0,-115.43,16.43
1913,-16.51,-425.21,-279.41,-21.92
1914,-14.81,-536.04,-152.03,0.33
1915,-12.78,-474.14,56.88,37.69
1916,-47.8,-472.61,-74.84,9.09
1917,-52.39,-448.51,-82.79,15.95
1918,49.08,-506.85,-100.9,24.95
1919,4.26,-492.45,-105.76,25.75
1920,-42.51,-537.93,-144.32,5.1
1921,3.48,-444.82,-54.63,28.28
1922,-5.84,-429.82,-92.63,9.03
1923,-3.27,-410.56,-91.66,9.95
1924,-20.48,-501.71,-105.65,15.45
1925,-35.35,-477.89,-108.04,2.53
1926,-11.64,-473.73,-101.49,15.64
1927,-27.04,-494.06,-78.15,29.29
1928,-23.85,-514.33,-95.66,26.38
1929,-41.54,-500.43,-170.09,0.81
1930,-29.12,-493.91,-47.29,29.38
1931,16.65,-470.4,-64.15,11.43
1932,-5.93,-461.69,-99.66,12.38
1933,6.74,-429.73,-85.87,5.53
1934,-21.42,-441.47,-109.35,2.4
1935,-15.32,-398.03,-222.84,-33.33
1936,-58.03,-537.74,-72.87,21.33
1937,-1.9,-466.02,-36.86,28.06
1938,-24.15,-495.73,-76.34,32.81
1939,-51.78,-475.68,-102.13,11.96
1940,-38.12,-443.28,-95.1,3.66
1941,73.39,-303.54,-118.77,-29.89
1942,-24.47,-639.93,-113.06,44.53
1943,-51.61,-546.7,-88.86,22.88
1944,-9.4,-506.47,-88.23,2.45
1945,-16.19,-450.3,-107.62,-3.8
1946,-18.38,-469.72,-126.56,8.65
1947,-13.73,-468.42,-125.51,-10.56
1948,-16.89,-465.34,-83.02,19.47
1949,-8.39,-442.61,-84.95,16.81
1950,-11.05,-413.09,-143.93,-8.17
1951,-23.34,-488.57,-187.37,-5.7
1952,-5.55,-384.25,-34.12,4.12
1953,-35.02,-520.43,-62.45,9.68
1954,-44.74,-518.01,-62.32,33.41
1955,-18.75,-439.58,-108.99,6.04
1956,-23.4,-441.07,-109.68,-1.24
1957,28.51,-400.46,-161.62,-24.71
1958,-28.31,-525.55,-168.33,4.69
1959,-43.39,-496.75,-92.35,13.99
1960,-46.0,-503.26,-59.25,17.36
1961,-24.14,-478.22,-75.52,23.27
1962,27.58,-335.8,-103.98,-3.37
1963,-33.78,-561.16,-143.24,10.96
1964,-51.84,-546.09,-110.21,15.17
1965,17.47,-456.06,-62.76,24.45
1966,-24.28,-490.82,-88.02,10.36
1967,-23.11,-490.79,-104.65,12.82
1968,-28.44,-474.85,-113.1,9.55
1969,-20.87,-458.97,-84.27,15.39
1970,1.23,-444.47,-105.72,-3.23
1971,-11.02,-500.02,-152.58,-1.22
1972,-74.9,-520.29,-130.34,23.32
1973,20.52,-406.58,-89.06,-5.42
1974,-34.99,-405.5,-53.2,10.32
1975,-33.67,-484.66,-82.25,25.32
1976,12.58,-485.76,-116.78,10.01
1977,-25.66,-546.97,-93.56,27.26
1978,6.26,-411.95,-117.04,0.28
1979,-15.06,-498.12,-132.18,8.33
1980,-38.11,-477.28,-128.39,17.22
1981,-43.97,-456.98,-86.82,10.24
1982,-18.82,-525.6,-66.39,37.09
1983,-25.94,-471.42,-109.52,14.08
1984,-5.36,-468.78,-105.09,16.05
1985,-21.45,-511.79,-104.7,25.7
1986,-19.37,-462.05,-162.58,4.27
1987,-22.82,-523.28,-111.18,15.67
1988,3.31,-439.93,-82.61,5.77
1989,1.69,-450.23,-114.85,0.59
1990,-35.75,-507.38,-58.08,36.7
1991,-28.38,-495.43,-90.78,20.1
1992,-73.11,-473.34,-121.66,14.21
1993,37.08,-381.02,-140.01,-19.71
1994,-5.78,-472.58,-171.9,3.8
1995,-23.79,-525.44,-30.25,45.31
1996,-24.41,-458.81,-85.3,21.93
1997,-38.82,-506.56,-108.43,24.95
1998,-27.79,-541.82,-101.95,30.11
1999,-33.87,-511.55,-106.93,35.01
2000,-18.22,-446.95,-69.09,25.63
2001,-25.5,-426.74,-98.95,20.15
2002,-33.59,-488.44,-107.45,28.84
2003,11.6,-412.77,-91.84,1.66
2004,23.95,-429.07,-163.53,-10.91
2005,-26.98,-534.41,-66.34,41.36
2006,-39.32,-537.33,-87.26,31.88
2007,-12.31,-475.26,-102.33,10.55
2008,-56.81,-488.98,-137.29,16.55
2009,-38.05,-468.79,-71.5,28.12
2010,21.61,-450.78,-87.56,17.57
2011,-0.74,-438.86,-100.48,17.56
2012,-13.38,-494.6,-85.53,32.76
2013,-43.39,-522.51,-123.45,16.13
2014,-20.78,-497.97,-76.09,17.95
2015,-39.07,-490.17,-119.04,21.76
2016,-21.75,-432.35,-179.13,-10.98
2017,15.26,-433.1,-135.1,3.79
2018,-37.22,-486.28,-59.65,28.32
2019,2.9,-433.49,-50.88,14.2
2020,-0.39,-475.39,-63.47,25.42
2021,-22.57,-490.33,-101.41,15.79
2022,-28.41,-529.27,-85.1,34.47
2023,-38.23,-528.61,-91.47,23.2
2024,-41.53,-487.05,-93.21,25.23
2025,-48.95,-494.71,-80.96,25.95
2026,-27.08,-501.83,-100.09,16.78
2027,3.75,-453.92,-102.5,10.09
2028,5.47,-365.71,-181.95,-20.19
2029,49.02,-388.27,-260.21,-45.51
2030,-45.27,-557.35,47.4,72.74
2031,-34.52,-540.53,-43.17,29.92
2032,-15.5,-483.73,-78.36,16.37
2033,-1.33,-429.88,-91.66,7.44
2034,-40.42,-499.61,-102.68,14.15
2035,-22.11,-512.81,-108.82,28.28
2036,-38.6,-496.32,-75.53,21.46
2037,-27.38,-500.59,-98.76,17.42
2038,3.41,-459.1,-97.98,21.7
2039,-23.42,-437.13,-94.3,18.88
2040,-28.96,-481.22,-98.01,16.11
2041,2.95,-470.45,-91.82,16.79
2042,3.46,-397.96,-113.85,5.45
2043,31.16,-289.87,-134.84,-31.86
2044,-12.44,-467.39,-219.2,-20.78
2045,-24.15,-501.38,2.26,37.43
2046,-30.54,-501.66,-88.68,24.56
2047,-66.81,-538.59,-100.39,24.41
2048,-23.13,-492.0,-180.04,23.71
2049,-13.32,-512.68,-162.68,3.89
2050,-10.89,-480.43,-22.09,39.86
2051,-11.15,-469.24,-69.43,24.67
2052,-28.32,-478.71,-95.6,23.21
2053,-26.5,-467.4,-104.13,6.66
2054,-8.54,-476.18,-136.6,9.32
2055,1.13,-467.47,-68.69,25.42
2056,-37.31,-473.86,-72.46,16.98
2057,-26.65,-498.14,-94.78,14.39
2058,8.01,-437.53,-142.35,2.96
2059,-9.16,-360.84,-77.96,-1.26
2060,-11.51,-429.64,-112.57,-19.16
2061,-40.45,-607.3,-90.4,59.09
2062,-31.44,-473.07,-160.31,-3.52
2063,11.29,-440.55,-72.35,18.27
2064,-20.65,-548.01,-138.14,18.85
2065,-39.62,-512.66,-107.93,26.76
2066,-12.82,-483.27,-173.34,3.08
2067,-9.61,-479.21,-16.37,27.08
2068,-24.51,-524.46,-80.78,27.76
2069,-14.14,-462.66,-100.31,15.5
2070,-51.8,-420.05,-172.16,-7.41
2071,-3.29,-518.64,-90.3,20.01
2072,-3.57,-488.72,-81.13,21.53
2073,2.85,-438.88,-81.43,19.8
2074,-51.66,-484.06,-88.74,22.01
2075,24.28,-391.11,-110.37,0.72
2076,-5.14,-473.25,-119.1,8.78
2077,-23.62,-532.04,-59.26,24.49
2078,-38.57,-521.18,-111.09,12.88
2079,2.02,-450.16,-116.57,-0.36
2080,8.53,-389.61,-125.67,-16.74
2081,-39.11,-540.75,-96.91,33.16
2082,-25.24,-498.69,-98.3,25.87
2083,-20.6,-467.22,-150.84,3.93
2084,-7.82,-452.54,-106.77,-10.14
2085,-29.17,-496.01,-75.0,31.3
2086,0.73,-435.45,-99.49,5.85
2087,-54.9,-538.99,-172.18,20.53
2088,-21.47,-475.42,-88.56,26.2
2089,-4.48,-468.46,-71.81,19.16
2090,-49.2,-495.99,-179.37,1.49
2091,31.43,-439.14,-158.35,-5.32
2092,-19.36,-460.64,-85.3,32.91
2093,-11.39,-490.33,-43.88,26.12
2094,-41.58,-519.99,-94.04,18.15
2095,-22.75,-467.85,-102.23,13.22
2096,25.91,-429.59,-111.9,8.38
2097,-33.85,-474.15,-116.11,5.12
2098,-21.09,-440.99,-105.55,4.49
2099,-5.16,-468.66,-108.79,8.25
2100,-32.83,-506.43,-104.32,10.58
2101,-34.35,-436.05,-110.75,-0.29
2102,9.95,-447.86,-100.42,15.05
2103,-44.11,-546.04,-102.78,22.0
2104,-24.83,-476.37,-105.65,13.13
2105,-24.44,-499.47,-104.89,10.56
2106,-19.14,-468.67,-112.15,3.91
2107,-29.89,-447.63,-115.1,-8.9
2108,-1.43,-533.56,-98.52,30.06
2109,8.41,-434.34,-114.42,1.38
2110,-9.68,-488.46,-119.27,2.67
2111,-28.23,-517.12,-130.6,9.91
2112,-22.8,-430.71,-92.6,16.7
2113,-48.5,-521.91,-170.34,-5.25
2114,-18.14,-489.36,-82.13,1.45
2115,3.59,-450.99,-47.12,28.48
2116,6.5,-465.59,-103.44,8.61
2117,-9.57,-451.07,-127.81,-1.46
2118,-36.11,-454.36,-191.83,-0.35
2119,-12.19,-468.17,-43.08,18.81
2120,-2.08,-445.74,-97.97,0.38
2121,14.02,-381.23,-101.22,7.55
2122,5.51,-390.82,-110.18,-6.62
2123,-110.44,-585.52,-102.28,30.76
2124,-21.61,-498.53,-130.22,9.63
2125,11.98,-494.82,-89.96,12.06
2126,-11.23,-471.21,-101.77,8.86
2127,-31.32,-489.39,-109.08,12.39
2128,-23.4,-501.65,-102.1,22.5
2129,-10.42,-472.94,-106.01,17.81
2130,-16.08,-471.02,-102.05,17.04
2131,-26.22,-500.24,-108.9,16.17
2132,-26.85,-474.36,-130.34,10.97
2133,-30.43,-483.25,-172.07,-17.63
2134,-2.06,-411.72,-211.71,-20.63
2135,-7.0,-479.24,-0.5,47.2
2136,-10.63,-442.81,-149.02,10.72
2137,-21.59,-477.26,-130.45,-0.93
2138,-32.21,-447.21,-36.71,23.9
2139,-22.47,-447.28,-88.12,17.59
2140,11.99,-421.05,-118.23,-5.45
2141,-51.13,-535.12,-123.56,14.54
2142,-18.3,-451.64,-74.98,40.27
2143,-66.14,-517.31,-110.55,22.15
2144,-25.07,-500.41,-115.54,11.82
2145,26.6,-428.36,-85.89,2.29
2146,9.32,-455.19,-99.03,14.57
2147,-52.77,-522.15,-98.59,26.0
2148,-33.32,-496.88,-101.66,18.5
2149,-37.46,-514.75,-97.56,32.64
2150,-19.42,-484.92,-109.5,14.97
2151,-16.91,-465.37,-163.48,-3.41
2152,-21.62,-481.78,-78.91,32.06
2153,-16.31,-473.24,-92.48,23.1
2154,-21.27,-449.75,-169.18,2.2
2155,-19.5,-466.78,-53.89,8.05
2156,-36.78,-531.47,-194.53,15.15
2157,-42.45,-475.07,-134.43,6.42
2158,20.68,-323.82,-41.74,-6.95
2159,-42.08,-465.7,-79.18,15.39
2160,-55.02,-541.86,-78.66,40.41
2161,11.69,-474.38,-98.14,16.78
2162,-7.54,-460.22,-105.16,11.22
2163,-24.02,-469.91,-131.03,-4.02
2164,-26.5,-494.22,-100.73,15.38
2165,-39.41,-465.68,-69.69,17.6
2166,-44.13,-501.07,-97.96,5.69
2167,-4.66,-512.05,-98.71,9.55
2168,0.04,-445.72,-104.13,11.19
2169,-13.27,-453.28,-106.82,4.37
2170,-6.07,-421.02,-108.8,4.11
2171,0.01,-505.53,-187.36,0.95
2172,-56.22,-521.41,-79.07,12.89
2173,-33.44,-399.85,-59.65,2.81
2174,-8.52,-493.0,-103.09,-2.01
2175,-35.97,-530.92,-91.37,30.58
2176,-28.47,-484.7,-101.51,16.85
2177,-8.69,-470.52,-97.93,9.97
2178,-11.02,-433.83,-212.95,-12.75
2179,1.55,-384.11,-176.68,-22.73
2180,-31.85,-486.34,-50.66,24.99
2181,-6.16,-486.47,-53.85,17.98
2182,-29.66,-512.09,-84.86,31.27
2183,-12.55,-396.53,-107.18,2.25
2184,-30.85,-520.84,-108.01,17.16
2185,-37.35,-519.57,-97.02,22.38
2186,-14.79,-462.93,-103.16,5.33
2187,-15.91,-500.58,-153.04,-1.85
2188,-54.87,-466.93,-157.86,-8.6
2189,9.71,-368.57,-69.42,-2.27
2190,31.81,-441.55,-87.24,2.82
2191,-61.09,-598.92,-81.17,40.72
2192,-37.68,-505.67,-91.79,20.68
2193,-17.25,-477.3,-95.96,18.96
2194,-12.09,-445.57,-99.6,6.64
2195,-25.02,-457.81,-111.27,0.17
2196,-26.39,-513.11,-97.33,32.58
2197,-18.14,-483.46,-133.73,16.84
2198,-19.95,-447.05,-92.25,-0.45
2199,6.23,-389.61,-84.06,-0.16
2200,-18.73,-484.4,-120.45,22.54
2201,-45.66,-504.19,-93.98,27.44
2202,-28.32,-454.09,-111.76,23.19
2203,-22.34,-513.03,-61.4,57.78
2204,-23.43,-493.03,-133.4,6.35
2205,0.42,-427.12,-137.38,-12.67
2206,-6.42,-436.91,-169.5,-14.35
2207,-39.44,-526.11,-79.27,32.55
2208,-35.53,-507.18,-96.07,37.69
2209,-12.35,-436.91,-83.73,11.39
2210,-20.47,-488.87,-145.91,-6.83
2211,-50.4,-524.86,-152.74,10.4
2212,-39.45,-448.02,-46.65,26.44
2213,-23.16,-478.12,-161.44,-5.64
2214,7.16,-442.48,-61.65,21.22
2215,34.79,-407.83,-88.92,-6.55
2216,-57.03,-596.28,-88.43,39.26
2217,2.52,-461.79,-115.17,4.84
2218,-13.35,-505.59,-89.63,28.95
2219,-43.9,-516.38,-89.89,24.26
2220,-13.68,-501.61,-99.34,11.28
2221,-13.3,-476.62,-140.44,5.73
2222,-10.54,-454.3,-80.58,20.17
2223,-35.8,-482.64,-105.42,12.35
2224,-36.7,-483.41,-96.21,7.59
2225,-35.85,-428.69,-83.67,23.56
2226,43.23,-382.16,-100.67,-3.62
2227,-21.78,-533.02,-89.89,26.92
2228,-19.0,-495.13,-100.67,28.7
2229,-7.39,-420.49,-199.73,-15.54
2230,-9.17,-469.37,-134.12,2.48
2231,-32.29,-516.72,-50.4,22.63
2232,-26.2,-491.39,-44.86,30.08
2233,0.04,-440.17,-100.53,-0.75
2234,-42.62,-505.48,-87.59,28.64
2235,-25.39,-430.84,-97.75,15.92
2236,-43.61,-575.57,-100.74,21.31
2237,-38.3,-500.48,-118.0,20.89
2238,7.06,-454.63,-173.44,-3.19
2239,2.14,-431.94,-162.54,-9.74
2240,-26.4,-522.82,-28.52,24.76
2241,-47.77,-530.05,-37.63,36.88
2242,-44.18,-484.49,-79.31,20.92
2243,-19.25,-465.9,-88.64,13.96
2244,-20.94,-440.65,-98.09,5.89
2245,6.32,-426.4,-96.49,8.87
2246,-30.98,-486.25,-101.71,21.8
2247,-8.74,-468.39,-167.13,2.8
2248,18.05,-416.39,-79.77,2.59
2249,-9.88,-460.97,-121.88,-8.14
2250,-41.37,-551.32,-35.67,23.5
2251,-32.63,-512.04,-107.61,27.66
2252,-8.93,-439.64,-112.06,0.52
2253,-37.31,-492.94,-100.47,18.21
2254,-26.75,-458.46,-99.51,8.84
2255,0.02,-440.23,-101.25,-0.79
2256,-19.1,-485.64,-110.13,3.62
2257,-28.16,-478.9,-167.87,-0.03
2258,-29.25,-508.61,-169.45,9.74
2259,-28.99,-498.78,-21.17,35.91
2260,-30.15,-516.83,-69.62,27.09
2261,-14.56,-479.26,-96.48,16.97
2262,-27.07,-473.65,-98.66,15.72
2263,-25.63,-475.81,-132.3,10.77
2264,-9.77,-447.63,-133.43,3.51
2265,-15.47,-431.14,-78.23,10.75
2266,-17.7,-412.33,-103.68,3.11
2267,-33.86,-535.67,-88.71,26.04
2268,-26.09,-455.08,-95.12,7.34
2269,-5.0,-442.4,-159.28,2.15
2270,-26.26,-509.84,-261.29,-18.89
2271,-54.97,-406.88,-25.96,38.13
2272,20.49,-512.29,-56.82,27.95
2273,-18.45,-507.48,-75.93,36.57
2274,9.6,-428.43,-104.14,1.56
2275,-41.11,-569.16,-91.52,44.08
2276,-36.23,-492.26,-100.01,19.33
2277,-42.95,-460.94,-97.45,27.56
2278,29.53,-470.37,-146.01,19.91
2279,-29.05,-499.33,-149.99,18.03
2280,-32.95,-504.3,-44.49,30.46
2281,-39.63,-467.46,-93.75,18.99
2282,-4.56,-398.3,-98.65,12.22
2283,-6.26,-481.35,-101.95,15.48
2284,-59.11,-524.44,-99.34,33.25
2285,-19.8,-473.22,-188.12,4.71
2286,5.95,-457.86,-189.17,-11.91
2287,-25.61,-491.6,-7.19,46.39
2288,-3.26,-425.67,-67.88,16.67
2289,-22.43,-485.09,-84.98,29.57
2290,-18.33,-403.53,-103.68,4.69
2291,-24.69,-487.24,-102.98,19.4
2292,-41.36,-526.67,-92.53,41.39
2293,-24.92,-471.44,-108.99,12.93
2294,34.2,-326.43,-170.94,-22.77
2295,-49.15,-610.26,-71.96,47.67
2296,-49.65,-520.11,-66.59,38.09
2297,-27.92,-477.67,-110.8,24.61
2298,-37.96,-507.93,-117.31,22.99
2299,-0.56,-482.37,-70.26,25.01
2300,-23.12,-477.02,-92.05,17.19
2301,-14.25,-470.02,-158.98,17.14
2302,-12.39,-467.47,-174.17,0.24
2303,-44.84,-464.72,-37.74,33.18
2304,10.5,-423.63,-45.39,20.32
2305,-0.13,-427.02,-60.77,26.79
2306,-7.43,-483.56,-113.75,21.7
2307,-14.27,-468.41,-101.71,17.5
2308,-28.49,-510.3,-91.24,33.93
2309,-46.33,-530.61,-143.11,3.21
2310,-17.32,-467.02,-102.25,11.03
2311,7.46,-445.98,-69.26,24.58
2312,-17.33,-504.76,-108.19,25.0
2313,-27.89,-515.31,-120.79,26.91
2314,-24.08,-485.81,-101.23,10.23
2315,-33.44,-513.4,-60.03,37.41
2316,-28.72,-492.19,-85.35,25.93
2317,-28.03,-484.49,-104.74,19.77
2318,-18.32,-474.84,-118.08,20.24
2319,2.09,-439.92,-94.56,11.29
2320,-18.47,-488.22,-83.58,21.29
2321,4.89,-400.69,-132.73,-6.15
2322,-25.11,-510.35,-122.6,6.93
2323,-37.84,-530.55,-37.3,42.19
2324,-19.08,-459.48,-136.95,15.39
2325,6.29,-414.26,-175.53,-30.96
2326,-25.27,-532.25,-36.49,27.68
2327,-31.33,-515.68,-79.65,34.39
2328,-43.14,-503.09,-143.37,9.79
2329,-57.75,-453.21,-123.72,15.34
2330,-2.4,-466.82,-81.31,23.42
2331,-1.74,-486.63,-75.56,22.73
2332,-34.61,-497.63,-65.86,23.39
2333,-18.56,-461.99,-89.72,17.44
2334,4.47,-422.03,-101.82,2.54
2335,-39.44,-500.04,-95.87,28.81
2336,-18.45,-428.77,-101.89,7.87
2337,-32.19,-492.66,-93.87,20.32
2338,-28.8,-469.45,-91.86,17.45
2339,-32.68,-467.52,-94.91,25.32
2340,-2.93,-409.14,-104.03,4.57
2341,-20.26,-410.35,-155.51,-11.9
2342,-26.96,-439.98,-125.74,13.25
2343,-21.27,-574.16,-75.43,48.16
2344,-5.8,-458.97,-109.0,4.79
2345,-26.17,-480.88,-102.45,18.69
2346,-13.96,-460.37,-48.08,22.13
2347,2.74,-481.14,-94.02,28.66
2348,-26.73,-515.58,-89.23,24.1
2349,-14.7,-467.29,-92.52,11.66
2350,-21.44,-449.8,-97.7,1.2
2351,-29.85,-491.15,-120.25,8.2
2352,-21.79,-447.04,-122.28,7.68
2353,-31.67,-491.68,-90.42,13.14
2354,-18.45,-439.7,-52.36,26.02
2355,-7.33,-395.87,-98.32,4.84
2356,-51.37,-513.18,-88.13,24.54
2357,-11.53,-518.71,-132.85,4.28
2358,-21.28,-448.7,-118.1,6.2
2359,11.83,-430.55,-153.06,-2.37
2360,-37.41,-478.68,-117.78,-2.95
2361,-15.89,-435.13,-56.87,11.41
2362,-25.64,-535.27,-48.57,57.43
2363,-30.62,-479.02,-94.75,27.89
2364,-54.62,-501.56,-91.8,18.17
2365,-3.55,-453.81,-70.65,13.94
2366,-15.89,-457.29,-86.06,19.99
2367,-38.27,-467.7,-95.1,25.96
2368,11.46,-424.76,-156.17,-5.62
2369,-28.49,-502.89,-60.94,24.07
2370,-10.41,-469.65,-83.86,12.17
2371,-11.29,-467.04,-87.06,13.66
2372,-34.7,-518.57,-107.18,23.16
2373,-22.56,-484.45,-203.24,-10.93
2374,-33.72,-493.78,1.47,36.76
2375,-18.75,-463.12,-75.98,8.55
2376,-37.95,-465.8,-90.55,14.62
2377,-13.37,-541.47,-91.36,31.67
2378,-25.63,-489.97,-96.14,24.49
2379,-27.64,-438.21,-173.71,4.7
2380,-13.0,-487.86,-121.14,12.36
2381,21.89,-472.18,-44.56,18.11
2382,-2.56,-412.57,-82.97,8.65
2383,-18.82,-411.1,-96.87,4.53
2384,-63.4,-542.22,-96.09,39.77
2385,-16.1,-471.33,-111.47,18.08
2386,-41.78,-531.31,-97.84,27.63
2387,-10.86,-451.97,-86.49,17.74
2388,-24.23,-489.79,-168.26,3.89
2389,-27.74,-477.13,-50.91,29.71
2390,-4.36,-445.95,-57.52,9.79
2391,-17.44,-422.08,-107.07,6.61
2392,-21.52,-493.15,-103.62,18.41
2393,-42.22,-520.36,-260.94,-15.02
2394,-4.21,-491.49,-47.89,25.11
2395,-12.33,-486.02,-26.47,27.55
2396,-21.62,-470.41,-78.53,14.46
2397,-49.63,-513.91,-105.67,33.43
2398,-71.59,-510.69,-80.42,29.86
2399,-10.88,-483.22,-211.2,-10.46
2400,18.52,-476.52,-87.59,12.3
2401,-9.53,-488.2,-24.08,30.81
2402,-26.3,-463.86,-75.74,22.78
2403,-33.3,-479.91,-83.59,22.52
2404,-30.9,-482.07,-111.36,22.43
2405,-16.1,-455.72,-94.94,15.88
2406,-45.38,-467.06,-59.63,27.46
2407,-9.48,-456.38,-107.04,9.46
2408,23.02,-409.58,-95.43,10.49
2409,13.22,-378.97,-109.12,-12.44
2410,-75.87,-604.93,-86.08,38.71
2411,-36.47,-491.81,-92.27,24.52
2412,27.22,-478.04,-191.99,-4.53
2413,-25.09,-501.08,-45.86,26.68
2414,-30.62,-452.46,-64.62,6.83
2415,6.34,-471.0,-210.5,-11.3
2416,-3.79,-403.06,-44.44,16.08
2417,-21.01,-523.13,-62.15,19.22
2418,-32.59,-543.69,-67.4,45.86
2419,-49.67,-472.3,-77.23,19.07
2420,-16.58,-463.86,-128.25,0.97
2421,9.85,-410.86,-164.85,-13.2
2422,-32.89,-558.23,-117.94,19.21
2423,-38.03,-511.48,-10.77,37.1
2424,-29.61,-486.38,-73.62,15.6
2425,-22.78,-459.85,-71.03,21.44
2426,-12.76,-448.05,-81.77,18.79
2427,-20.43,-474.73,-94.77,16.97
2428,-7.78,-440.69,-126.28,5.46
2429,-10.84,-442.17,-97.09,1.9
2430,-47.2,-437.39,-70.21,10.11
2431,24.68,-463.61,-126.28,5.85
2432,-23.45,-474.76,-74.75,22.54
2433,-8.04,-492.89,-78.68,15.94
2434,-30.72,-484.38,-82.01,15.26
2435,-36.99,-515.79,-79.59,33.33
2436,-15.89,-517.73,-92.05,24.54
2437,-19.58,-514.31,-90.4,17.92
2438,-33.78,-478.98,-94.27,18.35
2439,-7.26,-476.96,-98.24,17.27
2440,3.24,-462.94,-108.82,7.81
2441,-13.89,-449.49,-83.26,21.25
2442,-26.18,-488.66,-90.27,10.35
2443,-20.01,-487.88,-225.82,-9.34
2444,-18.64,-451.53,-215.06,-39.08
2445,17.98,-351.86,-25.65,7.34
2446,-36.59,-534.14,-15.24,42.45
2447,-35.64,-496.79,-53.26,27.47
2448,-33.49,-508.4,-111.87,24.25
2449,-6.61,-485.27,-96.97,14.36
2450,12.65,-430.28,-70.84,8.1
2451,-13.72,-452.41,-96.77,4.5
2452,-46.96,-489.87,-86.25,30.08
2453,-7.35,-442.64,-96.02,10.0
2454,-14.13,-517.61,-86.13,27.47
2455,-17.95,-488.63,-89.82,29.55
2456,-9.34,-401.42,-100.18,0.53
2457,6.65,-477.39,-80.68,4.86
2458,-45.99,-553.18,-122.49,40.47
2459,-30.67,-504.97,-198.49,1.56
2460,-16.96,-471.69,-27.18,30.31
2461,-7.98,-453.08,-68.15,29.17
2462,-23.72,-496.25,-139.48,6.07
2463,-28.54,-496.43,-82.2,26.37
2464,-12.28,-468.91,-85.67,22.41
2465,-32.89,-474.71,-126.67,7.52
2466,-29.96,-478.24,-77.28,19.04
2467,-10.88,-452.3,-102.22,12.79
2468,3.71,-389.92,-129.2,-3.7
2469,-12.21,-404.57,-58.4,3.8
2470,-64.29,-493.18,-71.77,38.94
2471,-15.48,-457.18,-94.32,11.89
2472,-12.56,-492.79,-82.08,36.55
2473,-14.94,-488.11,-86.61,29.55
2474,-16.49,-504.58,-94.29,28.13
2475,6.32,-398.05,-97.68,6.83
2476,-17.8,-455.73,-93.11,22.04
2477,-20.5,-506.2,-80.71,25.3
2478,-24.0,-502.0,-94.78,41.22
2479,-23.96,-486.96,-170.55,6.09
2480,-27.38,-488.52,-71.94,10.39
2481,-19.31,-444.65,-87.9,24.12
2482,-30.65,-469.27,-89.19,15.52
2483,-27.09,-508.14,-129.46,18.32
2484,-12.49,-456.44,-96.19,7.01
2485,-13.39,-451.7,-167.35,-1.51
2486,-35.17,-489.24,-43.59,34.69
2487,-19.04,-400.4,-67.5,1.8
2488,8.05,-451.77,-97.43,0.35
2489,-25.08,-523.39,-85.34,34.37
2490,-15.44,-430.75,-98.39,5.71
2491,-31.96,-370.81,-125.18,-6.54
2492,9.65,-524.64,-79.38,33.63
2493,-41.85,-597.49,-70.49,40.33
2494,-19.19,-518.28,-72.69,20.62
2495,-1.11,-470.38,-109.21,9.03
2496,-28.82,-477.13,-173.18,-0.82
2497,-29.46,-488.67,-78.21,9.02
2498,-8.55,-450.19,-53.45,22.27
2499,-25.09,-494.25,-79.6,21.15
2500,-7.66,-435.54,-81.46,-1.72
2501,-16.17,-468.95,-138.37,7.45
2502,-54.4,-500.64,-151.37,4.86
2503,-7.07,-480.98,-53.28,22.44
2504,-11.15,-452.19,-125.92,4.13
2505,-6.31,-416.45,-152.25,-10.86
2506,-8.67,-486.62,-50.1,1.06
2507,-46.42,-489.04,-72.33,33.03
2508,-10.86,-458.87,-106.64,12.6
2509,-40.63,-539.34,-70.52,25.71
2510,-26.44,-401.34,-100.48,-17.16
2511,-28.88,-561.62,-94.1,28.85
2512,-6.83,-499.49,-80.58,19.45
2513,-1.35,-462.61,-102.37,2.2
2514,-24.12,-506.73,-100.72,20.0
2515,-19.39,-452.85,-97.21,10.34
2516,-51.74,-522.2,-146.06,2.78
2517,-3.36,-512.42,-76.87,15.18
2518,-10.19,-472.94,-67.27,21.47
2519,-10.26,-455.93,-95.02,13.39
2520,-14.8,-450.14,-173.8,-1.13
2521,-36.36,-518.02,-148.75,5.19
2522,-17.9,-489.77,-12.43,27.47
2523,3.21,-428.18,-80.23,13.1
2524,-1.81,-451.74,-88.79,11.93
2525,-22.76,-486.92,-66.4,23.26
2526,-39.64,-520.64,-78.73,37.69
2527,-29.24,-495.89,-111.86,15.26
2528,-34.55,-459.96,-107.27,12.71
2529,4.85,-396.63,-126.21,-10.3
2530,-5.83,-514.79,-170.33,-3.12
2531,-9.51,-506.98,-25.92,36.69
2532,-7.78,-457.63,-85.17,9.93
2533,-30.71,-497.55,-89.0,18.1
2534,-80.18,-530.25,-84.53,24.62
2535,6.71,-455.51,-133.0,4.79
2536,30.61,-374.07,-86.99,-21.42
2537,13.5,-413.2,-102.47,13.05
2538,-59.78,-612.84,-181.42,13.73
2539,-29.56,-537.52,-128.81,11.23
2540,-15.37,-506.69,-24.09,38.01
2541,-0.8,-453.74,-68.03,22.07
2542,-13.01,-450.15,-80.02,12.39
2543,-45.05,-515.55,-79.91,22.73
2544,-31.67,-489.03,-106.22,11.5
2545,-7.08,-420.87,-111.62,5.93
2546,44.93,-384.64,-120.49,-1.05
2547,-15.75,-510.77,-130.2,3.55
2548,-44.36,-542.48,-51.98,47.35
2549,-50.95,-454.24,-149.05,14.88
2550,12.94,-455.35,-34.29,11.26
2551,-28.06,-503.22,-72.86,15.1
2552,-25.38,-469.62,-81.62,16.26
2553,9.83,-448.7,-87.76,18.42
2554,7.12,-460.35,-101.7,10.78
2555,-43.82,-559.89,-99.19,32.86
2556,-33.75,-507.98,-101.09,19.36
2557,-26.2,-482.77,-92.01,18.02
2558,-12.24,-483.24,-107.23,14.44
2559,-18.94,-482.53,-96.5,18.48
2560,-14.57,-467.0,-96.67,12.67
2561,-31.35,-507.49,-132.61,6.1
2562,-0.74,-433.78,-61.6,26.52
2563,-7.23,-424.09,-108.52,5.36
2564,-43.41,-482.76,-153.65,7.17
2565,-26.14,-513.68,-60.01,27.91
2566,-29.44,-448.81,-154.9,4.2
2567,-54.01,-482.62,-77.96,26.73
2568,17.23,-510.74,-18.78,32.01
2569,-8.56,-477.73,-87.22,17.78
2570,19.82,-444.65,-89.25,17.47
2571,-30.77,-503.65,-117.59,10.44
2572,-25.18,-493.04,-86.65,11.51
2573,-27.33,-452.42,-104.29,19.05
2574,2.79,-404.96,-182.7,-22.2
2575,1.02,-408.62,-4.09,22.81
2576,-39.89,-571.69,-70.32,35.37
2577,-31.85,-522.79,-87.29,33.22
2578,-18.48,-496.88,-89.72,21.1
2579,-38.52,-491.21,-99.57,15.96
2580,-40.76,-491.35,-83.3,13.82
2581,12.9,-450.75,-85.76,13.92
2582,-12.55,-495.65,-88.01,17.89
2583,-26.91,-492.59,-130.26,12.91
2584,-8.96,-437.84,-88.14,9.21
2585,-12.38,-447.99,-107.88,2.33
2586,-9.44,-422.85,-336.22,-62.52
2587,-49.01,-573.27,-120.31,19.83
2588,-30.57,-473.86,56.7,58.47
2589,-4.36,-412.51,-63.69,10.43
2590,-49.39,-531.56,-88.28,39.0
2591,-4.59,-451.31,-72.03,24.89
2592,1.51,-389.77,-99.42,1.34
2593,-7.39,-473.24,-96.44,12.53
2594,-30.96,-487.22,-93.22,24.23
2595,-49.19,-493.73,-126.62,23.34
2596,-22.51,-454.85,-109.48,7.19
2597,-8.97,-522.82,-182.33,-19.26
2598,-10.99,-463.61,-9.14,44.62
2599,-35.74,-486.27,-112.42,24.51
2600,-43.98,-482.92,-135.78,11.76
2601,15.34,-377.64,-37.01,16.82
2602,-4.54,-526.59,-75.63,38.11
2603,-27.36,-496.39,-80.78,28.31
2604,-18.41,-447.42,-96.65,20.61
2605,-8.75,-423.08,-127.54,8.03
2606,-15.21,-419.68,-85.01,10.63
2607,-0.76,-454.41,-99.58,-0.1
2608,-28.56,-492.16,-61.3,23.78
2609,-56.35,-543.79,-192.35,18.46
2610,-51.5,-485.3,-140.35,18.97
2611,4.25,-457.17,-82.86,0.96
2612,4.9,-429.96,-49.81,11.46
2613,4.39,-408.34,-80.12,20.82
2614,-32.96,-551.43,-72.02,39.5
2615,-22.86,-484.33,-182.43,-0.55
2616,-1.53,-421.55,-302.23,-37.87
2617,5.0,-409.57,49.28,25.24
2618,-35.4,-531.02,-36.99,46.48
2619,-48.79,-516.96,-65.93,33.23
2620,-36.39,-505.63,-110.87,19.83
2621,-14.76,-485.54,-73.69,22.59
2622,-8.4,-438.81,-86.44,17.66
2623,-4.77,-432.53,-87.45,15.59
2624,-24.05,-448.13,-155.76,-4.06
2625,-16.3,-475.57,-80.95,21.01
2626,-11.08,-477.3,-53.29,33.84
2627,-51.26,-466.5,-125.7,6.42
2628,-28.88,-499.69,-68.64,24.62
2629,11.65,-449.14,-88.76,8.44
2630,25.17,-397.88,-96.77,-2.18
2631,-12.08,-476.56,-89.16,19.89
2632,-57.48,-569.64,-86.22,36.49
2633,-8.37,-534.75,-83.98,32.94
2634,-40.22,-497.61,-91.99,19.62
2635,-45.67,-499.65,-130.22,8.9
2636,-12.91,-457.57,-151.31,3.79
2637,34.0,-430.81,-196.29,-20.67
2638,-34.02,-512.1,33.78,54.34
2639,-27.84,-484.17,-107.6,26.32
2640,-6.67,-423.13,-170.36,-16.18
2641,7.83,-370.28,-19.9,12.49
2642,-28.97,-519.29,-78.21,17.91
2643,-34.72,-489.24,-100.02,17.61
2644,-11.71,-469.85,-63.64,22.09
2645,12.05,-388.59,-87.09,-6.76
2646,-27.97,-522.93,-89.77,25.37
2647,-35.54,-539.15,-87.06,36.62
2648,-27.8,-498.01,-81.7,26.71
2649,-64.1,-479.49,-75.82,17.76
2650,15.58,-450.84,-129.6,-10.7
2651,30.14,-440.0,-121.06,-0.47
2652,-20.1,-519.26,-57.86,31.41
2653,-22.86,-489.56,-98.37,21.85
2654,-24.51,-495.3,-102.24,19.97
2655,-8.04,-451.73,-72.35,18.39
2656,14.75,-382.67,-191.41,-20.99
2657,-18.43,-461.8,-204.6,-34.24
2658,-25.86,-526.85,17.33,61.15
2659,-34.49,-484.27,-40.72,24.92
2660,-10.98,-486.25,-50.14,30.14
2661,8.37,-424.25,-133.92,0.62
2662,-13.76,-418.37,-95.53,-2.43
2663,-33.53,-518.71,-178.16,-8.1
2664,2.33,-411.68,-115.15,-13.87
2665,-34.15,-477.76,-6.28,35.85
2666,-4.84,-454.46,-79.66,6.85
2667,10.06,-418.79,-93.73,-12.29
2668,-15.69,-483.43,-178.47,-18.68
2669,-68.1,-548.48,-87.28,21.9
2670,-34.32,-477.2,-85.26,-2.01
2671,25.3,-475.57,-147.96,-12.42
2672,-17.12,-532.38,-55.41,32.15
2673,-24.0,-479.95,-48.3,18.11
2674,-5.37,-464.84,-93.29,5.13
2675,-10.81,-474.0,-113.79,5.86
2676,-2.19,-427.66,-95.6,2.45
2677,-19.43,-489.16,-102.48,15.8
2678,-18.42,-459.22,-65.21,15.25
2679,-7.69,-449.67,-83.99,16.0
2680,-5.32,-451.16,-108.67,2.33
2681,-14.0,-491.67,-257.75,-34.7
2682,-53.45,-525.41,-53.19,27.86
2683,-8.39,-465.37,-48.18,11.59
2684,-20.88,-486.15,-115.18,14.04
2685,-32.66,-487.14,-197.88,-5.44
2686,-25.37,-465.26,-73.89,19.6
2687,-10.18,-485.66,-24.25,10.83
2688,-13.06,-420.75,-79.19,13.49
2689,-5.9,-416.0,-100.65,1.29
2690,9.81,-384.81,-210.8,-30.61
2691,-45.13,-595.92,-124.55,-11.95
2692,-7.62,-401.26,31.04,30.5
2693,-23.91,-508.78,-90.99,24.84
2694,-29.77,-517.6,-192.64,4.09
2695,-29.66,-569.64,-119.44,8.42
2696,-28.96,-500.99,8.42,30.65
2697,-32.08,-515.63,-79.1,18.13
2698,-40.78,-502.81,-86.44,17.55
2699,17.48,-439.38,-96.07,-1.83
2700,-24.26,-538.02,-76.19,14.49
2701,-22.69,-506.55,-107.37,18.85
2702,-6.32,-391.67,-99.11,3.19
2703,-21.78,-478.81,-102.24,8.08
2704,-40.65,-554.26,-134.07,9.49
2705,-20.0,-497.67,-80.24,15.21
2706,-1.77,-421.07,-73.28,8.48
2707,-9.21,-432.4,-96.15,-12.97
2708,-4.39,-380.26,-97.59,-2.91
2709,-25.09,-453.88,-82.37,9.45
2710,-10.53,-439.31,-102.96,-6.72
2711,-22.03,-481.77,-207.38,-28.57
2712,-51.33,-543.77,-117.41,16.86
2713,-28.83,-555.97,-28.14,28.46
2714,-15.91,-448.88,-47.75,6.63
2715,-38.47,-514.8,-82.82,17.42
2716,-58.33,-549.22,-127.35,16.19
2717,-1.45,-509.74,-56.93,14.84
2718,-27.58,-463.21,-84.74,11.06
2719,28.26,-503.0,-97.86,11.34
2720,-32.61,-510.15,-93.74,12.0
2721,-9.77,-489.17,-103.98,13.44
2722,-23.9,-471.84,-84.25,17.11
2723,-16.85,-491.56,-95.65,10.39
2724,-22.45,-488.85,-97.18,10.02
2725,-15.9,-473.83,-89.21,15.56
2726,-10.05,-469.95,-94.26,15.98
2727,-10.91,-445.17,-96.77,9.95
2728,3.92,-424.91,-114.12,-8.32
2729,-10.95,-420.34,-104.48,8.28
2730,-27.14,-525.82,-101.54,18.77
2731,-18.02,-451.75,-86.6,13.78
2732,-34.72,-514.65,-90.52,26.63
2733,-37.57,-521.97,-97.71,20.14
2734,-29.86,-505.28,-136.64,7.25
2735,-16.83,-489.67,-81.04,17.25
2736,-6.85,-456.89,-125.87,-3.32
2737,-0.03,-372.34,-106.04,13.62
2738,13.03,-287.26,-185.48,-25.38
2739,-29.64,-593.66,-50.09,27.62
2740,-61.61,-590.4,-33.1,40.97
2741,-23.36,-514.82,-138.55,5.02
2742,-20.05,-495.08,-122.41,7.96
2743,-23.59,-481.13,-36.93,16.89
2744,-11.96,-489.36,-82.44,13.48
2745,-19.73,-480.76,-129.16,11.88
2746,-22.98,-488.46,-156.8,11.5
2747,-11.21,-453.14,-136.4,-22.84
2748,6.28,-376.09,-87.21,10.33
2749,2.45,-391.65,-71.61,-2.37
2750,-43.3,-557.26,-32.7,46.92
2751,-43.39,-547.99,-73.71,40.31
2752,-41.11,-528.81,-113.68,17.33
2753,-38.98,-531.51,-103.96,19.25
2754,26.88,-411.45,-68.04,9.31
2755,16.43,-379.75,-99.2,-9.24
2756,-37.03,-550.24,-83.9,28.51
2757,-46.93,-550.17,-117.88,31.99
2758,-38.31,-521.79,-105.8,22.43
2759,-30.28,-474.36,-54.22,21.56
2760,-23.49,-458.03,-92.46,19.24
2761,-2.59,-444.29,-83.23,16.33
2762,-10.84,-444.99,-97.6,8.97
2763,-28.55,-495.85,-95.04,12.99
2764,-7.5,-476.76,-187.27,7.98
2765,-5.93,-448.61,-117.55,6.41
2766,-26.14,-484.56,-21.93,24.31
2767,-16.24,-448.02,-82.6,14.93
2768,-39.41,-538.49,-91.01,17.85
2769,-24.3,-479.18,-98.35,15.53
2770,-25.81,-497.08,-88.24,20.34
2771,-18.39,-468.55,-93.57,10.75
2772,-2.09,-340.27,-94.48,3.37
2773,12.96,-342.82,-104.74,-5.61
2774,-13.48,-498.25,-101.62,1.88
2775,-31.14,-544.75,-102.27,16.91
2776,-40.85,-530.29,-119.32,21.61
2777,-34.31,-548.63,-86.18,15.9
2778,-26.47,-499.16,-154.27,-2.88
2779,-13.96,-431.81,-130.24,-21.03
2780,-25.18,-516.53,-18.86,40.36
2781,-15.46,-484.59,-125.17,18.64
2782,-6.45,-440.89,-117.07,6.42
2783,-29.1,-537.08,-72.05,19.39
2784,-21.0,-508.25,-65.25,24.65
2785,-21.44,-485.32,-151.1,-9.78
2786,-29.56,-494.71,-163.63,15.02
2787,-22.0,-481.41,-68.11,18.39
2788,-20.23,-457.43,-46.4,21.38
2789,4.92,-396.72,-86.2,6.92
2790,9.74,-441.39,-109.08,-12.33
2791,-11.54,-489.97,-100.61,-4.74
2792,-24.7,-483.25,-83.58,27.94
2793,-30.68,-499.03,-80.01,23.92
2794,21.58,-374.83,-98.46,-3.36
2795,-10.94,-459.89,-131.95,7.22
2796,-41.29,-511.47,-68.2,43.38
2797,19.2,-342.4,-85.22,-5.34
2798,-28.44,-563.81,-79.9,39.09
2799,-51.3,-588.39,-94.87,35.4
2800,-27.19,-535.5,-79.22,26.59
2801,-6.02,-506.47,-96.05,17.68
2802,-11.19,-465.56,-103.07,15.0
2803,-30.61,-506.63,-81.67,19.83
2804,-16.88,-497.06,-91.26,20.8
2805,-10.5,-448.49,-89.65,17.95
2806,-10.64,-442.7,-153.75,2.71
2807,-12.95,-453.48,-77.24,13.17
2808,-24.86,-465.85,-83.84,7.03
2809,-8.36,-391.46,-64.5,14.81
2810,-10.95,-435.09,-111.52,5.7
2811,-36.12,-438.99,-85.48,26.7
2812,-44.65,-545.65,-90.81,21.16
2813,-9.98,-451.67,-158.42,-7.91
2814,17.34,-364.44,-89.22,-11.65
2815,-0.71,-447.63,-71.07,23.23
2816,-70.13,-630.93,-115.15,51.26
2817,-16.77,-540.47,-209.44,-1.68
2818,-36.51,-505.27,17.92,41.2
2819,-69.04,-489.87,-106.66,13.64
2820,40.29,-470.23,-78.83,8.29
2821,21.97,-468.08,-82.93,10.08
2822,-22.45,-494.25,-81.14,29.21
2823,-31.85,-512.45,-83.61,21.36
2824,-18.25,-488.53,-94.69,15.72
2825,-16.11,-485.41,-101.42,13.43
2826,-17.1,-452.75,-99.72,13.01
2827,-0.67,-409.71,-103.86,2.88
2828,-32.67,-497.17,-97.52,19.54
2829,-14.16,-410.15,-149.22,9.7
2830,-16.18,-426.93,-148.33,-8.16
2831,-17.5,-448.3,-52.91,15.65
2832,-28.54,-505.88,-89.55,29.87
2833,-33.52,-501.41,-90.86,29.55
2834,-36.68,-509.28,-68.84,25.11
2835,-24.41,-500.58,-86.29,20.85
2836,4.01,-346.07,-104.76,7.18
2837,-13.41,-382.33,-97.63,14.78
2838,-32.83,-612.64,-121.23,15.36
2839,-27.3,-541.12,-81.46,7.97
2840,-27.76,-493.33,-80.1,13.0
2841,2.57,-332.54,-102.24,-1.56
2842,-7.5,-473.37,-93.09,0.73
2843,-49.97,-613.33,-99.77,28.59
2844,-43.35,-562.77,-94.66,15.92
2845,-10.76,-473.15,-88.1,-0.74
2846,-5.83,-432.52,-97.44,-4.5
2847,-41.83,-504.61,-81.99,10.31
2848,-17.78,-425.06,-96.34,-6.4
2849,-2.79,-374.46,-93.27,-4.53
2850,-26.4,-496.55,-99.24,21.47
2851,-34.83,-546.64,-58.69,54.92
2852,3.05,-340.68,-80.07,6.67
2853,-33.8,-469.94,-97.04,18.94
2854,-29.44,-494.85,-90.87,29.88
2855,-27.28,-547.08,-66.39,-36.85
2856,-20.12,-480.85,-114.96,33.64
2857,-7.53,-505.22,-95.65,27.72
2858,-27.21,-552.93,-84.8,34.42
2859,-37.01,-536.26,-85.89,18.33
2860,-34.29,-514.04,-86.23,17.62
2861,-7.95,-457.43,-103.73,14.3
2862,-3.19,-406.24,-270.62,-29.15
2863,-7.61,-408.11,-303.1,-66.56
2864,-4.86,-383.48,114.93,42.02
2865,-37.79,-506.57,-55.28,43.03
2866,-35.25,-563.93,-227.23,-13.01
2867,-40.72,-592.24,-502.16,-126.88
2868,-56.18,-531.63,-40.68,30.96
2869,20.86,-466.56,100.75,44.2
2870,3.11,-450.54,-2.46,38.3
2871,0.66,-444.05,-407.27,-67.31
2872,-114.03,-579.62,-239.43,-23.34
2873,6.09,-556.47,-179.93,-25.64
2874,18.47,-476.19,37.26,65.12
2875,0.96,-472.5,43.55,49.53
2876,-29.55,-510.9,-29.32,44.93
2877,-10.22,-425.15,-78.78,26.28
2878,-34.04,-522.25,-81.07,20.96
2879,-20.37,-472.62,-113.7,16.53
2880,-5.82,-409.58,-282.82,-48.07
2881,-13.88,-447.14,-391.21,-85.9
2882,-19.15,-544.27,100.28,90.12
2883,-8.07,-447.83,-70.67,-5.63
2884,-48.95,-518.47,-151.64,28.9
2885,-60.87,-439.2,-281.42,-61.04
2886,-40.71,-512.77,13.83,48.05
2887,13.13,-517.46,-23.18,53.29
2888,-8.18,-478.3,-32.68,48.12
2889,-52.35,-470.54,-147.74,23.31
2890,-16.13,-469.08,-88.47,38.02
2891,11.43,-443.89,-54.52,16.41
2892,-4.19,-441.79,-87.15,19.53
2893,-9.28,-498.63,-452.91,-50.96
2894,-47.14,-590.65,-110.68,23.98
2895,-36.51,-508.38,144.75,76.07
2896,-28.69,-439.7,-64.0,10.31
2897,26.12,-392.78,-116.8,-15.22
2898,-5.63,-514.59,-32.67,49.07
2899,-11.84,-434.87,-86.92,26.71
2900,-14.55,-522.51,-143.06,2.75
2901,-19.04,-488.14,-55.53,34.04
2902,-24.93,-484.17,-70.44,37.74
2903,-30.4,-425.86,-494.39,-81.6
2904,-25.59,-441.21,-266.22,-77.46
2905,9.88,-491.37,188.14,58.1
2906,13.26,-471.05,-13.97,41.07
2907,-17.83,-431.87,-66.35,25.0
2908,-17.75,-472.58,-67.61,31.12
2909,-55.6,-495.3,-188.3,6.55
2910,-63.78,-460.82,-18.32,23.22
2911,-11.07,-497.71,-110.12,2.54
2912,-14.58,-553.65,-282.99,-32.19
2913,-1.48,-490.09,68.99,62.27
2914,-0.65,-449.19,-57.4,22.27
2915,-7.79,-420.51,-76.18,9.48
2916,28.86,-334.26,-99.49,-15.97
2917,-30.13,-527.93,-77.25,33.82
2918,-37.59,-487.13,-96.19,14.58
2919,-25.27,-483.75,-253.54,-15.95
2920,-27.71,-484.51,-282.73,-25.16
2921,-18.93,-435.0,-5.95,10.31
2922,40.26,-283.54,18.48,-8.12
2923,24.66,-330.94,-71.69,-11.6
2924,-69.04,-616.17,-56.89,62.88
2925,-37.42,-514.94,-102.85,25.9
2926,-15.93,-475.12,-163.15,4.67
2927,-35.46,-544.1,-289.05,-71.37
2928,-30.96,-526.38,65.24,67.86
2929,-13.42,-469.83,-47.36,18.56
2930,0.4,-404.75,-76.46,1.8
2931,26.66,-305.13,-98.32,-21.41
2932,-57.33,-529.78,-82.11,28.44
2933,-47.87,-557.39,-81.38,31.34
2934,-26.43,-500.09,-88.47,18.42
2935,-38.87,-426.6,-92.31,4.51
2936,44.87,-295.03,-98.6,-16.68
2937,-29.55,-488.54,-105.62,13.5
2938,-67.58,-618.61,-106.37,34.38
2939,27.32,-383.57,-96.47,-8.67
2940,38.62,-360.41,-99.34,-28.92
2941,-74.66,-638.87,-70.98,48.69
2942,-52.7,-566.2,-86.46,37.53
2943,-32.71,-503.11,-105.54,13.86
2944,-29.38,-496.72,-220.11,-18.4
2945,3.24,-453.19,-0.1,42.6
2946,-8.79,-513.56,-386.06,-45.11
2947,-33.39,-508.15,92.07,53.83
2948,-9.78,-427.33,-13.86,19.19
2949,1.25,-389.85,-72.51,5.89
2950,-33.18,-496.2,-80.66,23.74
2951,-27.88,-462.78,-95.89,22.24
2952,-37.26,-474.61,-217.13,-22.65
2953,-23.6,-443.78,7.6,35.9
2954,46.62,-243.89,-102.79,-34.99
2955,-5.05,-481.17,-121.73,11.74
2956,-74.04,-560.61,-41.28,59.16
2957,-53.73,-506.78,-69.17,30.76
2958,-17.74,-472.27,-95.09,19.78
2959,-22.86,-498.85,-85.4,22.03
2960,-52.21,-544.51,-85.98,26.35
2961,2.99,-529.29,-89.19,18.66
2962,-14.05,-499.73,-90.71,13.06
2963,-17.92,-527.49,-81.76,22.94
2964,-11.0,-493.28,-149.2,2.44
2965,-22.74,-492.02,-148.54,9.28
2966,21.14,-393.43,-318.42,-50.78
2967,-31.9,-509.87,84.05,62.17
2968,-37.99,-517.24,-34.83,42.8
2969,-27.85,-473.51,-31.92,27.46
2970,-17.58,-459.33,-192.97,13.65
2971,-54.25,-478.29,-334.89,-33.38
2972,-14.99,-453.96,124.87,47.61
2973,8.14,-434.71,-43.5,24.07
2974,-22.49,-468.9,-65.48,34.04
2975,-22.2,-457.39,-74.24,35.67
2976,20.08,-316.78,-94.57,-0.44
2977,38.63,-345.38,-104.76,-27.1
2978,-87.82,-633.89,-58.88,71.78
2979,-33.69,-491.45,-70.58,38.03
2980,-13.5,-515.16,-91.62,23.8
2981,-23.43,-518.95,-74.48,31.19
2982,-34.97,-514.62,-73.96,26.56
2983,-1.9,-457.3,-89.79,5.46
2984,-51.44,-566.75,-78.04,29.37
2985,-42.74,-540.99,-74.71,40.14
2986,-15.18,-505.68,-98.6,25.06
2987,-10.45,-500.33,-321.21,-34.59
2988,-29.81,-490.9,15.06,56.15
2989,-12.4,-452.06,-2.18,24.71
2990,-12.19,-448.71,-103.4,16.96
2991,-16.62,-451.1,-274.83,-23.18
2992,-13.45,-452.8,93.34,51.5
2993,-19.35,-442.47,-61.86,15.95
2994,-11.74,-414.67,-78.56,12.7
2995,-25.12,-450.49,-74.43,20.87
2996,-28.0,-458.43,-80.4,14.22
2997,18.3,-376.13,-97.28,-19.96
2998,-13.78,-404.27,-83.16,28.75
2999,-58.05,-572.51,-68.61,42.03
