,ch1,ch2,ch3,ch4
0,-23.07,-480.16,-98.69,11.79
1,-35.02,-482.15,-94.27,14.04
2,-20.24,-484.19,-102.64,14.61
3,-26.39,-483.13,-96.56,12.22
4,-8.37,-471.43,-99.63,12.44
5,-17.05,-472.88,-101.95,9.24
6,-23.1,-458.04,-95.6,8.99
7,-28.12,-478.93,-98.53,11.23
8,-22.46,-484.51,-105.05,12.05
9,-18.37,-481.3,-107.02,14.87
10,-36.05,-468.45,-94.86,12.68
11,-35.56,-477.16,-95.67,12.08
12,-17.01,-440.66,-98.4,11.74
13,-11.35,-471.62,-95.99,16.33
14,3.72,-502.03,-98.62,15.1
15,-28.71,-475.45,-99.23,10.64
16,-9.57,-470.37,-100.83,18.03
17,-8.05,-485.83,-97.38,20.04
18,-9.82,-483.71,-96.16,13.8
19,-10.48,-476.13,-102.68,16.72
20,-12.15,-475.71,-102.73,11.07
21,-29.55,-485.09,-99.52,8.7
22,-37.99,-484.38,-100.33,9.68
23,-28.26,-475.26,-102.62,12.64
24,-5.36,-475.75,-101.63,10.87
25,-10.52,-454.2,-97.88,13.26
26,-22.23,-470.66,-96.67,18.17
27,-6.66,-483.09,-99.6,14.59
28,-10.41,-484.27,-94.62,12.88
29,-22.52,-469.53,-95.68,16.3
30,-35.65,-468.01,-95.83,17.45
31,-1.28,-476.99,-96.96,20.2
32,-41.26,-486.35,-104.88,21.59
33,15.6,-463.94,-104.4,22.88
34,-23.96,-452.63,-94.94,19.56
35,-12.6,-442.74,-98.41,28.37
36,-10.24,-467.16,-102.74,22.01
37,-52.34,-492.55,-97.25,22.38
38,-61.38,-489.46,-94.91,22.71
39,29.72,-477.02,-99.08,18.68
40,3.26,-455.8,-100.3,21.78
41,-23.45,-483.95,-94.0,20.81
42,-10.06,-479.09,-93.82,20.39
43,-6.53,-467.9,-95.7,21.0
44,-10.71,-475.45,-99.91,19.17
45,-35.81,-496.61,-99.15,19.01
46,-2.6,-477.22,-100.34,18.44
47,-20.04,-476.71,-97.72,21.56
48,-2.44,-469.68,-100.51,20.54
49,-23.16,-475.72,-101.27,27.36
50,-21.24,-471.15,-93.68,24.3
51,-47.97,-483.08,-96.88,25.86
52,-30.33,-472.59,-93.79,22.66
53,-19.58,-470.7,-94.14,23.64
54,2.3,-462.66,-98.5,21.51
55,0.96,-473.31,-100.74,15.06
56,-13.6,-468.44,-96.77,18.68
57,-3.35,-445.99,-96.9,17.82
58,-10.15,-462.86,-102.34,15.92
59,-28.48,-490.82,-96.89,20.46
60,-36.08,-474.5,-95.28,21.51
61,-5.95,-477.63,-103.97,18.31
62,-24.81,-478.45,-101.35,22.68
63,-12.13,-466.21,-96.08,23.87
64,-4.8,-472.55,-94.66,21.0
65,-28.98,-480.53,-94.74,20.94
66,-82.42,-481.18,-91.36,22.01
67,-12.71,-475.85,-97.73,18.14
68,12.2,-447.63,-98.69,18.1
69,33.46,-439.1,-105.01,18.18
70,-11.49,-501.23,-96.46,19.37
71,-33.26,-490.35,-100.8,19.47
72,-30.32,-471.58,-90.15,19.04
73,-5.79,-477.92,-92.01,22.28
74,-10.43,-484.16,-97.16,22.94
75,-18.58,-483.08,-101.29,18.36
76,-23.46,-484.43,-95.37,19.27
77,-20.7,-470.16,-95.73,19.75
78,-18.86,-476.26,-98.68,18.19
79,-17.03,-469.06,-94.96,18.32
80,-28.24,-478.45,-97.63,15.48
81,-45.0,-480.88,-89.98,21.09
82,8.87,-480.6,-100.22,18.69
83,-19.55,-452.48,-100.87,15.77
84,-23.66,-447.65,-95.02,14.56
85,2.22,-456.71,-100.99,10.61
86,-10.18,-452.96,-102.75,10.23
87,-28.81,-483.24,-93.63,32.75
88,-18.73,-475.45,-99.98,30.38
89,-4.91,-464.65,-100.39,12.19
90,-22.63,-466.73,-96.12,15.65
91,-21.5,-456.81,-93.86,22.24
92,-20.39,-440.16,-95.24,24.11
93,-9.31,-427.92,-136.93,13.4
94,-0.34,-417.85,-133.92,2.55
95,-12.72,-445.81,-73.51,14.85
96,9.39,-377.95,-12.61,4.05
97,-22.62,-413.25,-36.62,-1.23
98,-13.68,-420.3,114.01,40.4
99,24.84,-347.38,-227.74,-14.31
100,-38.86,-484.61,77.74,90.81
101,-41.15,-501.91,130.96,150.49
102,-23.1,-452.9,-272.64,-0.73
103,-2.92,-378.86,-104.63,-41.46
104,21.21,-391.21,-143.51,-30.76
105,-27.66,-444.35,-39.64,30.45
106,10.85,-403.98,-182.74,-17.32
107,-12.2,-487.25,-150.39,37.33
108,-51.72,-497.01,-119.25,14.57
109,-21.45,-454.68,-105.22,18.85
110,42.66,-309.59,-146.03,-12.33
111,22.88,-326.07,-216.77,-50.88
112,-46.74,-587.65,-260.82,-37.1
113,-21.96,-519.43,-462.79,-130.53
114,7.79,-446.86,-46.75,-2.75
115,-20.15,-473.84,37.18,81.76
116,-60.92,-566.34,-303.45,9.24
117,9.88,-389.93,-568.09,-161.82
118,-26.2,-472.52,-346.31,-115.3
119,-150.77,-656.98,-545.46,-63.63
120,48.33,-613.61,-331.33,-120.12
121,27.33,-564.14,337.53,121.82
122,15.46,-477.79,-7.66,37.83
123,36.49,-371.55,-74.43,-4.64
124,-56.08,-549.66,-206.55,-29.21
125,-99.64,-455.71,-323.49,-41.3
126,116.68,-531.19,-853.94,-219.49
127,-0.22,-616.29,18.39,28.58
128,12.86,-463.84,272.15,100.89
129,-15.39,-562.4,-34.93,16.89
130,-9.18,-491.79,-60.39,46.8
131,21.68,-366.62,-204.73,-11.08
132,-3.13,-429.57,-86.3,-48.78
133,-8.51,-554.04,-29.83,36.99
134,-22.16,-606.83,-39.1,53.08
135,-44.81,-578.49,92.22,105.94
136,-34.79,-548.26,-138.0,-15.17
137,-5.55,-439.26,-72.7,-10.36
138,-6.54,-493.77,28.3,-5.19
139,-21.9,-526.26,-231.99,9.54
140,-33.57,-545.21,-226.6,-9.54
141,-19.22,-520.2,-60.35,5.68
142,-9.66,-515.44,-222.57,-49.59
143,-15.42,-435.77,27.19,20.38
144,5.74,-413.28,-98.39,-26.31
145,-21.18,-495.16,-182.56,-19.71
146,-30.01,-470.57,-109.47,-17.34
147,-64.68,-582.95,-40.54,66.82
148,-23.23,-505.84,-67.39,10.19
149,-35.36,-477.1,-241.85,-19.61
150,-13.7,-432.24,-128.16,-25.87
151,-50.1,-491.71,-7.0,27.48
152,-39.13,-457.72,-62.31,11.73
153,-48.93,-506.82,-99.71,17.4
154,-21.31,-546.85,-39.31,11.69
155,28.46,-507.5,-117.83,4.73
156,-41.36,-486.46,-69.07,13.47
157,13.12,-477.64,-156.74,-17.44
158,-11.04,-516.53,-92.86,14.98
159,-29.13,-485.39,-68.86,10.22
160,-19.48,-489.22,-173.91,-21.98
161,-18.01,-428.32,-271.92,-75.04
162,-19.78,-530.16,-76.53,-4.52
163,-36.73,-497.44,-2.85,7.31
164,-14.49,-497.49,-35.02,21.25
165,-19.34,-511.41,-174.89,0.3
166,-24.14,-413.8,-46.68,9.17
167,-30.79,-535.92,-63.46,22.23
168,-25.88,-472.82,-212.98,-36.84
169,-81.25,-468.08,-36.41,3.52
170,43.3,-562.11,-47.47,20.5
171,2.53,-450.06,-82.37,4.18
172,-6.39,-498.67,-89.82,10.55
173,-30.96,-513.81,-81.34,15.04
174,-40.5,-536.42,-183.52,-0.13
175,-22.68,-526.59,-239.37,-47.5
176,-20.93,-474.56,45.88,32.99
177,-9.45,-430.92,-82.18,-7.83
178,-23.68,-478.71,-145.28,-0.36
179,-40.17,-505.99,-179.71,-14.85
180,-38.93,-486.14,-16.47,21.91
181,-20.47,-454.43,-27.56,16.55
182,-17.92,-475.46,-64.4,16.45
183,-15.8,-453.43,-80.15,6.09
184,-9.97,-403.63,-102.22,-15.71
185,-29.04,-524.43,-484.76,-82.84
186,-21.07,-502.18,37.85,-3.55
187,-50.72,-510.32,21.29,30.57
188,-11.86,-370.57,-52.59,4.27
189,-20.71,-433.76,-78.11,-7.55
190,-17.01,-551.27,-87.03,11.77
191,-27.81,-555.63,-156.59,-7.75
192,-37.56,-535.02,-224.61,-19.88
193,-8.7,-495.06,-52.51,9.93
194,-27.51,-493.39,-136.9,0.95
195,-7.67,-552.05,-235.48,-31.06
196,-40.01,-519.66,-50.02,13.04
197,-12.01,-476.0,26.42,37.29
198,-6.8,-476.4,-57.72,8.33
199,-24.01,-464.4,-160.23,11.75
200,-19.63,-446.1,-36.15,10.73
201,-19.48,-443.43,-85.94,7.92
202,-8.59,-399.43,-87.65,8.53
203,-12.24,-421.73,-38.1,-3.78
204,-38.27,-397.8,-132.37,-11.93
205,-4.17,-506.31,-253.62,-48.25
206,-21.36,-474.4,-45.47,10.67
207,-2.58,-442.22,-201.75,-40.12
208,-9.79,-570.49,-4.58,43.91
209,-17.71,-463.48,-187.97,-56.34
210,-11.1,-511.61,-36.09,-19.45
211,-7.44,-556.41,-35.95,39.89
212,-25.17,-537.31,-96.91,12.46
213,-23.23,-515.02,-386.97,-65.25
214,-19.61,-490.71,-71.88,-7.72
215,-28.88,-540.03,-22.23,-6.27
216,-35.8,-521.56,-174.63,4.22
217,-25.88,-505.46,-92.95,16.94
218,-10.28,-454.42,2.61,2.27
219,-29.51,-442.65,-53.91,-19.37
220,1.17,-462.35,-88.9,15.43
221,-13.98,-448.16,-92.16,0.65
222,-56.36,-432.17,-132.12,1.08
223,-77.25,-426.58,-171.41,-32.9
224,74.8,-425.31,-2.7,6.45
225,37.57,-455.29,-106.55,-17.76
226,-31.88,-530.66,-137.98,4.33
227,-23.85,-483.24,-20.69,30.11
228,7.71,-402.71,-66.42,-10.13
229,-25.1,-573.18,-198.04,6.93
230,-53.8,-609.13,-458.75,-56.58
231,-45.15,-554.9,-33.57,-41.05
232,-2.77,-462.19,99.33,35.32
233,-5.78,-415.44,-36.65,12.77
234,23.17,-396.7,-94.81,7.32
235,-36.97,-481.27,-65.56,15.43
236,-25.09,-475.61,-90.09,22.87
237,-26.17,-473.54,-115.35,-2.13
238,-37.97,-429.07,-173.27,-30.24
239,-12.97,-461.41,-17.7,14.41
240,17.46,-428.57,-72.53,-2.15
241,22.06,-414.95,-91.76,-21.26
242,0.7,-379.34,-233.42,-32.51
243,-29.74,-525.47,-305.81,-55.25
244,-22.39,-628.77,158.76,72.32
245,-53.35,-529.41,-62.36,23.63
246,-35.37,-412.96,-137.24,-15.32
247,7.22,-542.35,-236.22,-37.16
248,-26.93,-558.17,17.04,22.99
249,-12.41,-483.12,-70.54,5.31
250,-1.17,-458.27,-46.18,9.45
251,-1.71,-442.97,-247.39,-36.22
252,-24.72,-482.11,-74.49,-0.28
253,9.6,-386.54,-36.3,13.65
254,3.51,-439.09,-241.96,-50.11
255,-37.81,-548.95,-28.92,35.81
256,7.19,-399.9,-165.37,-19.09
257,-39.14,-483.42,-51.42,17.77
258,29.23,-280.04,-56.48,-15.76
259,-7.95,-421.83,-79.16,10.89
260,-70.04,-643.51,-70.23,36.04
261,-29.31,-492.83,-89.92,-2.64
262,12.83,-482.95,-88.3,-1.27
263,-17.84,-504.48,-84.36,5.07
264,1.02,-397.42,-105.13,-20.05
265,-29.55,-553.43,-85.49,19.64
266,-17.96,-475.0,-91.98,-0.5
267,-2.96,-320.4,-81.89,6.46
268,8.6,-437.05,-97.71,-14.78
269,-52.73,-585.37,-97.86,20.54
270,-43.72,-555.41,-178.38,-31.13
271,-25.87,-512.31,-17.98,21.5
272,-15.99,-512.74,-65.32,18.53
273,2.05,-480.19,-96.8,5.03
274,-13.22,-503.27,-94.05,10.19
275,-26.35,-527.22,-226.06,-30.56
276,-21.33,-507.64,-73.94,-1.22
277,-2.55,-381.58,-50.4,12.45
278,-19.12,-536.73,-403.94,-78.13
279,-1.33,-437.73,-18.55,10.21
280,-4.0,-435.13,-75.37,-8.96
281,-32.46,-507.06,-340.74,-49.16
282,-33.98,-545.08,-57.93,29.03
283,-12.83,-561.39,62.99,-2.13
284,-54.82,-745.7,-65.65,-2.7
285,-60.63,-589.3,-67.98,34.47
286,16.28,-170.94,-85.74,6.73
287,35.6,-237.19,-84.55,4.49
288,20.1,-462.94,-93.15,7.11
289,-37.17,-534.79,-78.28,20.01
290,-15.88,-481.11,-80.77,4.02
291,1.18,-423.72,-85.04,-7.95
292,-20.85,-457.63,-69.06,9.18
293,-38.14,-596.95,-86.71,15.65
294,-26.26,-500.07,-82.67,2.07
295,-30.66,-537.97,-87.49,3.74
296,-17.98,-482.51,-76.27,-0.26
297,-14.19,-454.03,-72.47,1.25
298,9.53,-407.79,-91.52,-14.78
299,-10.58,-419.65,-81.02,-4.17
300,-41.69,-536.52,-91.94,-0.17
301,-14.79,-385.0,-76.63,-2.27
302,51.31,-136.74,-90.61,-28.36
303,22.24,-255.3,-76.59,-10.45
304,-76.71,-708.47,-63.16,23.67
305,-30.59,-619.92,-105.14,-4.58
306,4.21,-217.35,-74.77,14.9
307,32.39,-309.38,-88.11,-10.99
308,-48.36,-740.6,-95.9,6.84
309,-52.05,-626.06,-104.79,21.03
310,-13.81,-537.6,-152.96,-7.05
311,-62.77,-606.02,-114.12,-9.63
312,-9.93,-488.3,-22.07,7.46
313,-28.48,-481.23,-83.35,2.02
314,-25.01,-504.16,-296.97,-44.95
315,-31.02,-521.89,-128.68,-2.47
316,-21.55,-469.71,111.71,25.96
317,-34.09,-463.74,-83.15,20.74
318,2.14,-433.7,-226.34,-51.18
319,-14.55,-468.79,-165.89,-28.66
320,-23.67,-505.97,-667.0,-136.56
321,-37.0,-562.39,-26.65,46.26
322,-7.17,-480.53,228.53,56.44
323,24.6,-419.38,-3.02,17.95
324,-7.19,-489.85,-43.59,8.69
325,-28.29,-491.12,-52.22,34.44
326,-41.16,-575.75,-68.2,33.48
327,-23.94,-522.8,-76.85,19.41
328,11.51,-401.25,-95.86,-2.06
329,30.79,-384.63,-82.96,-7.28
330,-27.25,-597.06,-66.0,15.71
331,-22.0,-455.86,-68.44,13.57
332,-54.64,-571.28,-71.96,33.73
333,-26.27,-570.16,-73.59,22.2
334,-26.74,-524.7,-78.33,15.54
335,-32.39,-506.47,-90.77,3.24
336,-9.04,-480.29,-87.26,3.31
337,-10.83,-486.61,-157.58,-30.42
338,-25.47,-468.08,-32.56,23.5
339,-10.87,-439.54,-121.39,5.62
340,-8.71,-463.32,-536.8,-120.75
341,-30.05,-456.74,130.97,65.31
342,6.63,-438.38,35.62,1.41
343,-14.82,-432.34,-49.34,7.85
344,1.01,-436.41,-68.81,10.65
345,-12.76,-446.71,-82.03,16.79
346,-30.64,-517.94,-79.44,12.59
347,-19.48,-467.64,-80.21,3.25
348,-19.88,-447.08,-71.41,-8.26
349,-22.13,-543.59,-64.98,15.61
350,-50.45,-600.97,-72.99,15.33
351,-13.39,-490.51,-88.36,-3.35
352,3.71,-496.13,-116.28,-30.84
353,-47.75,-627.77,-103.04,-12.42
354,-26.1,-476.02,-43.22,42.87
355,5.9,-394.25,-70.75,13.36
356,-16.29,-496.5,-101.18,4.66
357,-21.96,-454.46,-365.2,-51.14
358,-8.62,-503.27,-43.96,2.65
359,-10.13,-488.32,81.27,38.7
360,6.59,-359.61,-39.7,8.57
361,6.32,-329.46,-102.38,-19.95
362,-14.54,-425.43,-73.8,28.82
363,-12.03,-438.92,-70.6,10.65
364,-21.63,-471.92,-89.84,-15.34
365,-23.06,-460.15,-64.98,9.23
366,-37.67,-550.94,-84.73,13.36
367,-11.3,-481.86,-87.86,15.67
368,-59.63,-691.6,-69.94,3.82
369,-89.99,-857.85,-92.98,-19.28
370,-12.35,-369.94,-72.42,8.86
371,35.23,-185.12,-64.49,20.49
372,-10.06,-456.06,-77.64,20.34
373,2.72,-410.48,-142.93,-16.19
374,-14.17,-449.47,-44.92,9.65
375,-19.78,-482.61,-93.13,3.72
376,-65.22,-759.05,-130.92,-13.12
377,-65.09,-640.74,-73.48,8.05
378,34.56,-142.12,-149.18,15.78
379,19.45,-362.77,-317.0,-57.85
380,-4.33,-417.96,147.1,43.43
381,2.52,-408.99,-196.46,-42.86
382,-16.88,-509.99,-353.67,-93.28
383,-11.56,-422.38,157.84,91.13
384,-16.37,-361.01,-61.0,-9.91
385,-5.35,-518.15,-147.39,24.26
386,-24.31,-551.87,-118.0,-8.71
387,-0.74,-418.64,-24.89,-0.87
388,17.93,-385.16,-97.12,-27.31
389,-54.16,-602.09,-50.54,56.75
390,-28.9,-534.66,-106.22,22.32
391,-24.93,-516.22,-81.39,4.41
392,-27.06,-521.69,-66.21,15.24
393,-25.56,-523.37,-97.69,13.54
394,6.95,-430.94,-94.83,-22.33
395,30.55,-335.05,-69.48,-17.76
396,-61.14,-604.27,-93.96,34.57
397,-17.97,-476.67,-118.27,2.59
398,-26.42,-444.01,-109.41,-4.74
399,-26.73,-476.82,-79.27,6.9
400,43.1,-290.95,-113.61,-35.06
401,-60.58,-632.9,-121.89,13.48
402,-14.49,-439.81,-70.15,20.97
403,49.73,-302.96,-113.6,-42.09
404,-46.39,-548.26,-90.46,21.53
405,24.83,-394.67,-93.88,-11.53
406,-31.19,-512.01,-79.75,20.2
407,15.02,-297.37,-48.11,-2.63
408,82.72,-171.76,-134.86,-50.13
409,-90.85,-597.57,-68.38,33.61
410,82.86,-145.53,48.89,-20.17
411,-44.23,-565.41,74.17,66.63
412,19.67,-283.2,-178.76,-26.95
413,22.07,-332.12,-145.51,-44.35
414,-133.79,-874.3,123.84,105.77
415,-33.52,-466.78,-58.83,88.96
416,7.35,-251.85,-149.12,37.14
417,-58.36,-529.98,-178.93,-58.89
418,41.95,-276.81,-158.2,-83.82
419,-87.0,-687.24,-99.02,33.82
420,-46.46,-560.07,-118.68,-30.31
421,-40.59,-592.94,-108.09,17.21
422,-18.95,-494.93,-109.62,6.51
423,7.06,-450.44,-120.07,-14.81
424,-40.01,-541.34,-94.55,15.79
425,-24.45,-514.39,-88.16,16.75
426,-17.66,-487.21,-105.84,11.13
427,-26.55,-506.76,-325.59,-44.46
428,-20.67,-535.7,-229.52,-87.02
429,-18.65,-518.36,-5.09,40.02
430,-16.29,-484.64,-67.61,-20.64
431,-28.21,-638.25,-10.83,35.74
432,-50.95,-801.44,-169.55,-20.4
433,-27.75,-508.33,-341.54,-56.62
434,-15.66,-453.33,-128.39,30.22
435,-27.05,-592.09,-278.96,-83.86
436,-68.17,-586.11,13.45,42.68
437,-33.66,-366.24,-79.45,16.63
438,46.36,-184.32,-159.94,-44.4
439,-20.19,-405.33,-329.86,-82.52
440,11.98,-346.84,-181.7,-101.24
441,6.37,-409.83,173.74,107.35
442,9.94,-435.29,-41.38,23.84
443,-67.32,-863.65,-136.76,8.67
444,-65.78,-609.13,-237.28,-32.08
445,-1.72,-280.24,-154.24,34.24
446,-12.69,-600.53,-513.56,-142.35
447,-28.07,-495.74,163.01,60.0
448,17.16,-507.33,44.35,43.82
449,-24.34,-465.73,-205.55,-36.98
450,41.86,-236.61,-1008.69,-295.59
451,-122.29,-562.28,-510.49,-142.52
452,18.96,-545.14,131.66,40.05
453,7.83,-506.54,3.48,12.55
454,-38.73,-538.56,-949.54,-255.11
455,-92.72,-627.88,-777.57,69.17
456,65.38,-502.02,-678.05,127.86
457,5.24,-468.53,-961.23,57.01
458,7.74,-476.25,-1200.69,12.42
459,-40.54,-514.28,-1459.8,-132.45
460,-11.25,-470.03,-915.36,42.91
461,-4.4,-460.18,-1469.36,-150.57
462,-15.63,-434.31,-846.97,86.87
463,2.53,-376.53,-893.4,29.48
464,-20.66,-441.48,-1041.52,15.32
465,7.37,-460.34,-1080.66,-5.45
466,-41.98,-515.94,-1378.47,-53.84
467,-23.22,-462.79,-1249.53,9.09
468,17.73,-337.07,-929.38,-18.3
469,-28.24,-569.19,-1009.08,40.26
470,-38.43,-514.4,-1056.16,37.46
471,2.94,-417.95,-1271.26,-64.09
472,-40.79,-575.07,-932.07,59.16
473,16.61,-443.82,-1083.63,-2.38
474,-42.29,-586.11,-1322.68,-38.16
475,-64.25,-606.09,-1260.83,-67.14
476,-32.97,-556.47,-1088.77,-15.24
477,8.57,-490.21,-914.37,51.77
478,15.41,-457.57,-1266.26,-37.46
479,-22.82,-515.48,-1468.34,-135.32
480,-29.07,-491.98,-737.78,94.29
481,16.81,-411.08,-1011.67,11.16
482,-0.7,-425.65,-1070.07,9.47
483,-41.39,-459.22,-1400.66,-81.81
484,-50.1,-558.51,-986.05,49.94
485,-9.1,-531.95,-1035.31,-8.02
486,17.19,-340.17,-1050.67,27.76
487,-38.42,-445.43,-1066.28,11.6
488,-29.06,-472.74,-1084.15,-1.85
489,-40.99,-683.54,-1109.42,-9.51
490,-25.73,-603.76,-1109.89,-20.86
491,-23.36,-423.19,-1064.46,19.38
492,-16.12,-387.08,-1085.78,-1.78
493,-26.29,-337.33,-1180.84,-10.5
494,40.26,-340.47,-1663.68,-146.33
495,-26.03,-484.99,-956.49,-29.19
496,-24.26,-446.77,-850.21,69.77
497,-23.66,-502.09,-1003.92,32.63
498,-8.55,-482.2,-1470.27,-88.57
499,-50.77,-468.89,-1014.67,-9.87
500,-13.11,-482.46,-910.27,34.51
501,-19.28,-550.9,-936.13,24.94
502,-12.73,-560.13,-1071.64,-20.25
503,-42.23,-403.3,-1075.93,44.39
504,1.13,-255.09,-1123.64,16.09
505,9.92,-349.56,-1062.74,3.53
506,21.2,-371.09,-1067.68,-7.81
507,-2.16,-396.51,-1075.59,-0.79
508,-7.66,-450.06,-1080.22,-3.59
509,-75.9,-610.49,-1090.02,42.56
510,-14.24,-538.65,-1091.33,19.97
511,-32.68,-522.84,-1162.73,-8.18
512,-21.63,-461.46,-1086.6,-2.07
513,1.5,-434.22,-1245.39,-23.16
514,-33.17,-481.63,-1109.04,-5.87
515,-26.64,-568.85,-1133.98,-6.3
516,-74.59,-929.99,-1001.37,-1.92
517,-38.03,-490.26,-1009.7,25.49
518,-22.76,-299.18,-1109.98,11.05
519,1.39,-256.83,-1045.85,28.07
520,-1.29,-362.9,-1245.96,-51.01
521,-0.57,-370.81,-1017.26,19.88
522,10.43,-423.61,-1179.64,-22.71
523,-26.33,-490.39,-1082.96,15.03
524,-33.16,-492.24,-996.04,15.21
525,-107.01,-461.7,-1275.56,-50.77
526,16.42,-545.12,-1120.36,11.46
527,-0.27,-529.06,-939.46,36.59
528,57.05,-502.06,-1023.83,43.28
529,-2.06,-524.07,-1055.32,19.86
530,-27.0,-519.98,-1102.19,31.25
531,-80.5,-534.59,-1046.49,14.87
532,10.0,-491.08,-1085.04,-13.29
533,-16.29,-473.13,-1095.31,0.58
534,-23.59,-477.08,-1239.57,-20.06
535,-23.35,-451.97,-1680.31,-167.6
536,35.23,-458.5,-1053.29,-88.5
537,-15.49,-504.54,-705.28,110.46
538,-43.73,-549.89,-963.33,46.84
539,-13.54,-457.41,-1134.55,8.23
540,-38.13,-507.51,-1093.0,8.9
541,-26.28,-519.74,-1000.13,27.47
542,-18.92,-509.73,-1044.85,18.83
543,-9.13,-496.15,-1080.07,9.71
544,-1.77,-412.08,-1072.84,12.19
545,-12.94,-409.19,-116.15,6.49
546,-0.91,-415.76,-44.88,11.42
547,41.3,-272.7,-176.35,-50.0
548,-78.15,-598.57,-463.88,-52.11
549,-69.64,-618.93,-2.04,83.28
550,-44.51,-529.31,57.0,13.14
551,-34.81,-580.12,-21.15,3.2
552,-40.69,-641.19,-129.38,-16.7
553,-1.21,-252.75,-546.83,-126.42
554,-1.18,-385.76,-266.75,-66.22
555,-56.08,-626.36,254.17,86.31
556,-5.22,-445.77,4.82,48.83
557,-5.78,-320.52,-196.2,-13.13
558,0.82,-467.43,-7.61,56.07
559,-33.98,-485.86,-165.41,18.66
560,-63.52,-528.78,-514.02,-108.54
561,-67.93,-515.7,58.24,23.63
562,42.57,-464.72,16.24,27.7
563,15.05,-466.28,-468.12,-110.68
564,-14.19,-510.88,-212.54,-15.13
565,-10.19,-475.3,83.77,16.23
566,10.19,-394.91,79.37,26.88
567,-5.43,-474.96,-14.39,40.94
568,-22.59,-435.38,-78.13,14.64
569,-8.93,-492.09,-85.05,-1.4
570,-87.65,-711.68,-75.57,53.51
571,-19.73,-374.2,-64.57,34.17
572,-3.96,-400.75,-77.22,24.36
573,-11.75,-436.56,-76.73,22.98
574,-25.84,-465.41,-299.38,-37.34
575,-28.45,-538.46,-42.04,-6.94
576,-0.94,-426.7,52.16,47.35
577,-39.94,-476.56,-74.14,31.27
578,-61.13,-476.86,-459.01,-91.07
579,9.88,-365.5,-284.26,-56.67
580,0.49,-428.63,201.6,55.53
581,-54.79,-513.36,-5.87,53.79
582,-5.45,-394.64,-45.67,13.04
583,1.63,-384.45,-163.93,-5.85
584,-13.37,-417.38,-67.73,-4.47
585,-24.79,-440.98,-54.35,9.14
586,-33.21,-445.87,-60.32,20.06
587,-4.99,-434.33,-83.73,9.81
588,-4.08,-441.67,-85.94,4.04
589,-31.72,-461.06,-80.0,5.48
590,-46.95,-556.26,-67.92,40.9
591,-37.08,-547.29,-59.01,31.96
592,-32.43,-519.83,-220.56,-19.49
593,-23.46,-509.06,-355.34,-42.3
594,-30.22,-543.74,123.86,44.85
595,-37.24,-526.04,31.34,18.82
596,-14.72,-541.54,-10.2,12.85
597,10.57,-321.65,-241.46,-15.03
598,-25.16,-388.44,-115.68,12.83
599,-2.94,-468.33,-897.5,-208.11
600,-28.68,-511.11,-589.25,87.57
601,12.13,-399.57,-902.05,31.39
602,-6.72,-394.97,-992.87,24.8
603,20.7,-319.59,-1071.0,-9.45
604,-61.7,-471.52,-1050.34,38.56
605,-23.86,-521.03,-1061.68,16.83
606,-52.28,-639.05,-1055.62,40.82
607,-48.54,-620.88,-1061.45,5.05
608,-44.5,-547.34,-1070.7,9.33
609,-36.01,-395.8,-1264.18,-46.0
610,-74.58,-425.61,-868.99,85.8
611,38.94,-472.35,-1030.96,24.17
612,-4.71,-544.17,-1147.83,5.79
613,-37.23,-576.49,-1383.3,-103.04
614,3.59,-452.16,-1107.1,41.19
615,-19.17,-420.67,-1410.86,-139.78
616,12.15,-411.62,-729.94,75.32
617,-2.93,-491.2,-934.02,48.64
618,-14.73,-500.94,-1279.15,-55.87
619,-32.21,-493.63,-997.57,51.51
620,-22.68,-413.06,-996.88,15.89
621,-17.44,-398.77,-1023.2,25.29
622,7.64,-392.87,-1131.17,-25.35
623,-41.94,-552.5,-1096.26,32.55
624,-23.02,-506.44,-1102.6,37.31
625,-35.99,-581.39,-1052.48,10.01
626,-42.88,-655.65,-1048.92,19.51
627,-25.1,-454.41,-1426.42,-66.39
628,-23.35,-534.42,-1058.34,4.69
629,-43.73,-648.13,-820.82,72.4
630,-66.96,-512.15,-1223.27,-37.44
631,12.01,-406.93,-1074.38,2.23
632,-13.45,-437.54,-980.26,56.19
633,-16.62,-387.75,-1174.05,-0.77
634,-20.28,-557.72,-1053.73,37.57
635,-32.71,-490.71,-1340.29,-56.43
636,17.74,-265.81,-932.48,15.9
637,-7.2,-432.97,-977.33,52.57
638,-38.25,-494.88,-1036.22,51.9
639,-20.55,-482.13,-1160.99,-4.05
640,-23.23,-497.19,-1191.13,-35.59
641,-27.69,-521.05,-910.47,65.98
642,-13.68,-512.64,-1048.42,36.91
643,-29.17,-493.84,-1221.51,-7.77
644,-33.56,-513.13,-1443.64,-80.75
645,-16.72,-543.62,-1056.47,-10.0
646,-19.31,-510.81,-902.34,50.17
647,15.7,-412.07,-965.33,36.75
648,-46.87,-546.47,-1141.72,4.32
649,-36.59,-522.58,-954.68,52.18
650,-22.13,-485.94,-1150.07,-1.77
651,-24.33,-520.66,-1245.12,-16.37
652,-46.38,-637.92,-1516.37,-114.57
653,-40.63,-625.25,-769.78,71.65
654,-12.92,-400.86,-939.95,33.46
655,8.48,-455.83,-1028.29,39.05
656,-18.51,-424.83,-1058.34,32.09
657,-43.69,-460.25,-1035.6,41.75
658,-3.9,-448.4,-1073.81,15.91
659,14.73,-413.77,-1107.94,18.63
660,-36.92,-508.92,-1047.97,27.17
661,-23.24,-498.17,-1059.8,11.9
662,-12.41,-467.54,-1063.83,6.37
663,-34.98,-524.81,-1057.46,21.14
664,-37.2,-519.15,-1118.27,5.76
665,-13.3,-506.14,-1242.56,-48.47
666,-26.82,-478.05,-1275.15,-30.93
667,15.37,-373.82,-1024.63,-12.58
668,-39.52,-509.94,-894.95,64.31
669,-17.63,-472.54,-1139.81,18.89
670,-43.05,-603.61,-1278.6,-35.28
671,-28.08,-504.74,-1496.6,-157.96
672,-21.43,-467.9,-724.18,116.22
673,-9.51,-378.85,-926.3,31.19
674,-24.96,-492.87,-1020.01,24.72
675,-18.08,-409.16,-1049.29,15.3
676,22.35,-311.55,-1111.32,-13.81
677,-32.58,-500.03,-1289.13,-16.46
678,-93.99,-901.09,-984.22,2.87
679,-68.98,-627.16,-990.62,37.61
680,2.07,-184.98,-1114.1,33.73
681,13.41,-278.66,-1140.26,8.04
682,-0.44,-410.55,-1062.71,8.04
683,26.43,-375.27,-994.91,17.18
684,-11.99,-460.74,-1107.96,3.02
685,-13.03,-457.2,-1036.0,29.42
686,-12.93,-419.57,-1036.32,3.71
687,-48.61,-516.67,-1135.42,18.92
688,-14.96,-461.24,-1150.27,11.4
689,3.15,-433.59,-978.97,-8.25
690,-33.29,-451.4,-1048.87,32.63
691,-58.63,-677.24,-1078.47,14.32
692,-30.49,-436.0,-1137.96,5.26
693,5.67,-302.72,-1048.62,19.22
694,-32.92,-452.99,-989.03,23.86
695,-4.5,-469.99,-1111.59,-1.32
696,-18.9,-492.91,-1366.26,-81.98
697,-24.66,-487.97,-835.41,69.57
698,-8.03,-467.84,-1041.95,15.04
699,-23.51,-475.33,-1043.65,20.48
700,-23.1,-484.61,-1052.29,13.46
701,3.19,-477.88,-1191.47,-30.61
702,-32.05,-492.41,-1017.08,19.32
703,-44.7,-508.42,-1061.54,24.29
704,-15.32,-412.32,-1043.71,6.97
705,2.28,-345.27,-1092.23,-2.81
706,-4.03,-443.35,-1257.73,-41.53
707,-16.68,-494.76,-991.49,24.37
708,-18.16,-519.51,-989.42,39.61
709,-23.9,-500.61,-1052.49,0.64
710,-45.71,-556.71,-1058.31,24.75
711,-34.4,-513.71,-1078.01,10.1
712,-38.56,-466.55,-1170.01,-13.22
713,-40.5,-507.65,-1378.86,-86.53
714,-16.47,-500.42,-1114.26,17.91
715,26.54,-342.81,-818.75,47.91
716,-7.78,-455.67,-988.11,45.2
717,-10.75,-435.92,-1038.88,15.66
718,-22.11,-438.86,-1054.16,8.65
719,-6.23,-438.62,-1052.21,4.31
720,-53.44,-516.87,-1065.8,13.99
721,31.0,-261.8,-1071.42,-10.78
722,29.69,-260.66,-1079.19,1.17
723,-39.9,-526.04,-1121.19,11.27
724,-66.54,-647.02,-984.29,55.46
725,-29.72,-503.71,-1046.64,11.66
726,-23.67,-516.72,-1090.09,2.66
727,-31.89,-572.25,-1609.74,-94.82
728,-45.14,-570.06,-751.3,80.65
729,-22.31,-499.91,-931.22,43.2
730,-9.98,-435.17,-1020.87,27.15
731,-10.74,-460.07,-1144.92,-0.38
732,-27.38,-513.05,-1042.96,9.6
733,-20.28,-461.8,-1018.72,30.64
734,-2.74,-417.13,-1059.03,5.5
735,7.39,-379.87,-1065.16,-0.97
736,-8.89,-433.49,-1065.52,7.64
737,-39.0,-484.43,-1053.81,19.48
738,-34.66,-476.19,-1062.73,23.83
739,2.67,-429.94,-1063.1,8.74
740,-34.11,-535.18,-1053.96,25.87
741,-18.79,-469.88,-1055.41,21.05
742,-23.06,-496.62,-1137.22,1.79
743,-30.34,-534.91,-1044.29,23.13
744,-48.23,-557.0,-1053.84,16.39
745,-21.24,-541.95,-1062.66,12.45
746,-7.12,-450.05,-103.0,28.14
747,-26.62,-438.53,-85.93,21.81
748,19.36,-364.17,-193.86,-32.06
749,21.53,-451.56,-40.39,22.46
750,-48.36,-515.91,10.65,50.54
751,-33.95,-512.48,-85.54,26.08
752,-25.79,-466.69,-65.76,28.72
753,-21.24,-469.69,-72.08,24.4
754,-11.55,-436.24,-65.16,22.93
755,-25.77,-493.94,-89.64,23.41
756,-25.48,-433.99,-214.25,-11.65
757,-6.34,-365.04,-271.4,-88.64
758,-32.88,-478.76,116.8,90.05
759,-21.52,-539.47,-46.22,36.75
760,-40.01,-536.15,-59.63,46.05
761,-22.52,-466.81,-75.88,21.29
762,-25.7,-499.92,-122.63,18.92
763,-20.49,-509.03,-306.82,-16.34
764,5.87,-541.84,60.15,65.69
765,-22.06,-533.87,-23.2,32.34
766,-19.27,-482.03,-62.36,32.88
767,-70.61,-476.54,-190.12,-10.73
768,-43.52,-545.36,-98.23,2.21
769,24.73,-486.46,5.55,52.57
770,27.82,-416.69,-294.37,-26.86
771,3.48,-458.32,1.49,18.82
772,-6.45,-464.12,-22.91,15.01
773,-26.97,-467.48,-69.3,16.94
774,-23.51,-460.91,-138.95,6.47
775,0.11,-431.46,-41.7,2.63
776,-33.06,-535.41,-116.07,32.9
777,-3.18,-465.09,-31.72,27.9
778,-35.43,-535.48,-53.33,37.4
779,-23.94,-482.41,-168.55,12.08
780,-24.49,-466.58,-350.17,-59.58
781,-25.79,-506.6,163.57,72.81
782,-24.12,-482.17,-40.87,31.89
783,-56.1,-502.99,-54.39,38.09
784,-64.92,-485.94,-155.48,10.17
785,15.86,-488.89,-41.49,11.84
786,11.18,-434.4,-10.97,14.53
787,25.07,-384.0,-105.83,-13.13
788,-37.81,-577.47,-84.44,31.98
789,-53.99,-531.95,-106.55,23.7
790,-2.57,-499.52,-95.89,14.22
791,-7.68,-445.54,-46.69,25.71
792,-4.69,-446.46,-86.35,3.47
793,-28.6,-506.86,-189.88,14.06
794,-6.98,-413.57,-147.09,-18.96
795,-33.1,-506.94,38.91,47.72
796,-26.46,-449.89,-83.64,34.22
797,-35.31,-546.49,-56.04,44.25
798,-34.69,-542.46,-73.89,29.75
799,-1.14,-452.91,-82.96,7.39
800,-6.19,-448.62,-87.14,15.42
801,-51.17,-542.95,-122.72,24.02
802,-29.54,-456.85,-57.16,38.49
803,-7.24,-461.53,-156.39,14.29
804,-32.7,-462.73,-312.46,-44.14
805,2.77,-412.36,66.46,22.97
806,-35.12,-538.93,-19.18,49.77
807,-82.18,-465.2,-49.91,36.57
808,15.73,-479.71,-75.96,25.73
809,11.89,-429.65,-96.87,11.14
810,6.63,-423.03,-58.47,18.78
811,-14.96,-450.88,-77.17,21.55
812,-14.55,-507.59,-70.18,28.78
813,-0.4,-371.03,-72.91,4.65
814,-7.25,-455.54,-100.36,9.9
815,-67.24,-576.6,-74.6,42.86
816,0.66,-450.03,-145.15,9.45
817,28.02,-364.96,-199.5,-32.7
818,7.53,-469.66,-58.48,-22.8
819,-90.47,-648.79,-66.42,57.17
820,-31.31,-490.64,-19.7,39.07
821,1.57,-451.01,-67.78,16.89
822,-37.28,-554.15,-333.32,-11.44
823,-28.28,-511.12,-10.82,8.88
824,-23.37,-458.4,-45.88,6.96
825,-41.74,-512.54,-44.52,39.34
826,-16.15,-425.0,-69.93,15.1
827,20.26,-304.73,-91.41,-16.17
828,-33.81,-519.0,-88.79,25.35
829,-2.88,-487.89,-74.83,18.43
830,18.37,-390.72,-94.4,-0.51
831,-43.59,-534.41,-75.13,36.14
832,-37.28,-441.86,-78.64,21.25
833,8.52,-459.62,-99.12,1.27
834,-14.31,-509.36,-149.52,3.93
835,-30.66,-562.02,-49.67,26.36
836,-11.51,-484.66,-79.68,33.0
837,10.56,-451.41,-122.22,6.3
838,-43.5,-569.91,-181.52,16.55
839,-29.58,-506.64,-161.2,2.05
840,0.25,-375.97,-34.18,22.76
841,-10.13,-470.82,-111.63,-2.72
842,-30.4,-503.6,-31.14,38.83
843,-28.77,-508.67,-56.81,34.44
844,-25.48,-514.37,-130.01,24.46
845,-38.06,-482.39,-189.96,-12.05
846,3.66,-436.77,-83.82,10.47
847,-13.92,-496.56,-16.24,27.94
848,-19.58,-461.69,-64.87,18.56
849,-19.84,-465.41,-90.19,21.29
850,15.31,-402.12,-91.29,13.84
851,-39.87,-542.58,-70.63,39.73
852,-58.01,-546.29,-75.73,34.99
853,13.75,-478.25,-55.11,17.79
854,2.22,-487.32,-118.2,18.09
855,1.5,-430.66,-98.72,5.05
856,-10.88,-407.07,-113.08,5.26
857,-10.83,-515.44,-169.94,7.56
858,-19.51,-497.02,-21.33,37.28
859,-10.2,-501.03,-81.28,23.27
860,-32.43,-529.01,-124.68,28.18
861,-33.74,-502.22,-176.28,-11.5
862,-23.58,-493.08,10.5,45.73
863,-12.35,-465.73,-76.6,19.94
864,-25.13,-461.49,-134.97,14.97
865,-26.27,-453.39,-251.73,-15.9
866,29.34,-476.11,33.29,41.4
867,15.08,-380.44,-63.9,8.4
868,-11.02,-453.73,-106.59,4.82
869,-32.34,-533.67,-86.4,37.14
870,-32.66,-510.5,-42.75,41.31
871,-21.75,-479.62,-79.81,24.44
872,-1.16,-395.39,-88.91,6.79
873,-36.42,-513.64,-70.57,36.0
874,-22.41,-498.03,-280.26,-4.45
875,22.62,-426.36,-161.77,-43.06
876,-26.96,-525.47,60.73,74.35
877,-40.68,-573.3,-33.72,48.9
878,-23.65,-513.44,-92.13,28.27
879,-53.15,-500.55,-78.6,30.15
880,17.56,-497.46,-91.3,24.19
881,-18.4,-464.53,-89.0,20.73
882,25.45,-177.07,-102.96,-30.1
883,49.89,-463.0,-149.43,6.09
884,-76.69,-610.07,-91.15,67.5
885,-2.49,-477.5,-74.02,1.44
886,-25.09,-489.98,-105.95,24.95
887,-44.01,-552.05,-140.93,14.07
888,-26.06,-512.8,-28.02,34.12
889,-27.38,-510.6,-64.06,27.77
890,-22.76,-482.0,-81.22,22.41
891,-20.75,-481.25,-86.45,20.2
892,-29.69,-480.4,-91.26,18.19
893,-43.51,-471.26,-74.77,35.66
894,11.15,-384.0,-101.11,-0.48
895,18.51,-380.44,-240.93,-29.59
896,-16.25,-530.13,-206.46,3.98
897,-43.11,-532.82,69.4,61.7
898,-23.6,-504.9,-77.62,18.91
899,-10.06,-468.11,-106.86,14.02
900,-15.2,-493.97,-78.37,27.19
901,-12.97,-478.19,-91.3,23.49
902,-23.43,-487.76,-93.07,29.6
903,-32.56,-504.9,-87.5,27.44
904,-33.32,-502.29,-87.93,24.26
905,-33.61,-506.16,-94.22,22.43
906,-32.36,-501.28,-94.83,21.44
907,-13.09,-485.05,-97.38,22.14
908,-3.23,-480.83,-92.64,28.23
909,-14.41,-492.81,-97.25,9.45
910,-51.28,-441.78,-97.18,10.39
911,11.52,-330.81,-95.85,-5.97
912,43.98,-434.9,-104.04,9.87
913,-3.22,-481.85,-203.45,7.67
914,6.15,-404.95,-150.18,-23.53
915,-22.38,-509.49,-48.2,38.09
916,-12.77,-445.1,-63.22,21.89
917,-50.27,-578.56,-118.18,7.29
918,-38.05,-597.29,-91.68,47.33
919,-13.19,-493.57,-91.21,21.4
920,-19.93,-478.5,-51.27,22.08
921,-51.43,-536.94,-85.47,33.38
922,-4.77,-466.69,-227.1,-18.88
923,-25.53,-474.53,-47.26,40.17
924,-6.88,-453.26,-42.15,24.43
925,-24.32,-448.57,-92.13,21.32
926,-26.93,-451.96,-89.83,17.57
927,5.7,-443.51,-162.85,-7.06
928,-6.54,-428.85,-96.82,-0.17
929,9.79,-388.32,-26.72,30.51
930,-5.97,-506.09,-79.54,13.29
931,-26.54,-503.67,-74.68,29.02
932,-11.57,-418.1,-91.93,6.28
933,-7.21,-433.39,-95.59,0.98
934,-45.57,-571.78,-77.23,38.06
935,-30.09,-542.29,-84.83,32.19
936,-12.64,-475.22,-93.56,22.94
937,-2.99,-481.7,-156.65,0.19
938,20.24,-461.32,-164.04,-16.48
939,26.57,-407.03,-191.68,-7.39
940,-30.95,-534.78,-28.84,41.5
941,-37.56,-516.17,-186.1,8.8
942,1.25,-452.31,-93.65,4.34
943,-32.63,-523.38,-11.91,49.72
944,-48.45,-525.8,-46.22,41.27
945,-14.54,-478.85,-83.02,18.92
946,-2.26,-446.56,-107.89,20.7
947,17.64,-387.27,-99.41,3.48
948,-17.37,-490.84,-108.08,11.18
949,-37.66,-450.76,-143.09,-7.43
950,4.78,-366.44,-53.58,30.38
951,-21.13,-570.57,-144.65,21.33
952,-20.94,-518.09,-66.21,48.98
953,-7.66,-383.25,-125.9,-2.26
954,-22.48,-550.12,-65.97,32.45
955,-11.26,-475.21,-95.2,23.05
956,-19.4,-536.95,-173.6,9.73
957,-46.55,-536.57,-94.45,23.26
958,-31.07,-506.13,-280.74,-7.58
959,-11.81,-476.33,-7.2,45.22
960,23.14,-398.5,26.22,42.05
961,15.04,-402.45,-153.92,5.17
962,-39.25,-574.44,-102.21,39.3
963,-23.18,-508.75,-70.71,42.18
964,-20.13,-483.16,-44.99,33.06
965,-14.48,-484.03,-86.79,22.7
966,-16.36,-469.2,-119.2,19.86
967,-12.26,-441.28,-151.21,1.69
968,-26.73,-464.82,-82.16,24.61
969,7.38,-369.09,-101.48,2.68
970,-45.5,-519.45,-121.63,36.48
971,-15.08,-412.45,-188.19,-11.36
972,-22.17,-553.38,-57.64,37.42
973,-5.06,-449.81,-107.26,5.68
974,-34.04,-545.61,-165.41,27.82
975,-23.37,-529.21,-154.2,26.3
976,22.29,-368.4,-100.2,1.52
977,5.03,-473.27,-13.83,31.17
978,-58.14,-593.08,-78.44,43.83
979,-25.98,-503.01,-68.91,44.08
980,-25.36,-476.69,-184.74,8.45
981,-19.0,-507.64,-96.94,9.0
982,-6.11,-477.94,-46.31,27.4
983,-31.02,-481.17,-76.78,17.71
984,-14.88,-470.31,-90.61,21.77
985,10.35,-412.58,-126.06,5.88
986,-14.15,-442.97,-95.88,-0.01
987,-73.84,-513.96,-124.61,22.24
988,21.19,-381.05,-80.11,2.15
989,6.25,-407.71,-115.76,0.13
990,-12.58,-469.59,-164.04,-24.92
991,-64.35,-637.31,-29.3,74.38
992,-37.97,-527.05,-119.89,29.58
993,6.92,-409.38,-285.76,-43.63
994,13.3,-438.71,21.59,36.49
995,-26.19,-584.81,-47.48,60.17
996,-21.8,-525.71,-104.93,43.94
997,-11.89,-492.66,-188.01,5.09
998,2.15,-465.32,-49.46,20.88
999,-38.3,-489.63,-69.42,23.37
1000,-30.98,-478.62,-74.37,33.1
1001,-11.18,-477.67,-117.79,24.54
1002,-12.25,-467.6,-205.29,-12.04
1003,-3.75,-432.07,-33.81,28.78
1004,-20.24,-475.72,-87.8,19.76
1005,-2.4,-408.21,-80.18,12.15
1006,-17.55,-463.42,-101.87,15.57
1007,-54.38,-478.13,-95.56,12.68
1008,-18.02,-533.24,-95.11,44.04
1009,12.12,-410.2,-106.99,0.11
1010,7.38,-413.28,-99.85,-2.15
1011,-117.38,-650.88,-72.19,71.01
1012,-13.93,-562.26,-85.01,31.87
1013,20.87,-443.54,-97.82,16.69
1014,-43.83,-502.87,-177.68,4.81
1015,-2.43,-497.73,-371.12,-19.86
1016,-26.38,-508.91,-48.86,33.75
1017,0.77,-415.43,69.2,33.45
1018,4.82,-429.83,-40.97,19.6
1019,-30.68,-515.02,-109.78,35.56
1020,-3.9,-402.56,-92.1,7.48
1021,-6.5,-466.19,-105.79,7.91
1022,-30.58,-445.29,-98.28,25.37
1023,-22.3,-472.41,-107.2,28.27
1024,-39.9,-517.15,-205.08,21.13
1025,-44.73,-502.09,-18.26,45.89
1026,13.21,-450.67,-73.57,18.19
1027,-29.81,-516.99,-85.92,28.24
1028,-48.05,-471.55,-87.21,19.45
1029,52.35,-319.17,-104.75,-19.89
1030,-10.64,-517.89,-98.23,23.16
1031,-58.3,-590.48,-77.2,64.6
1032,-23.85,-490.9,-96.91,28.89
1033,-19.25,-383.21,-138.77,-7.98
1034,24.4,-526.4,-255.52,-10.25
1035,-7.08,-495.38,-5.08,23.23
1036,-19.72,-455.78,-50.65,47.0
1037,-35.46,-545.15,-141.67,34.54
1038,-23.91,-499.58,-95.07,21.42
1039,-11.87,-482.96,-143.63,10.31
1040,-13.35,-478.35,-142.07,10.9
1041,-31.66,-484.86,2.04,44.88
1042,-8.12,-423.05,-83.76,14.99
1043,27.7,-314.1,-95.4,-13.88
1044,-68.07,-590.8,-94.12,34.08
1045,-42.74,-527.84,-98.88,32.11
1046,-1.32,-470.04,-172.26,-2.62
1047,-9.9,-470.72,-52.33,25.48
1048,-3.4,-433.46,-198.72,-2.42
1049,-4.56,-393.71,-17.4,-4.76
1050,-14.05,-522.2,-75.76,46.66
1051,-33.36,-530.47,-122.23,22.73
1052,-13.39,-510.51,-65.57,42.62
1053,-9.84,-483.21,-67.14,33.29
1054,1.97,-461.12,-83.75,17.12
1055,-22.44,-434.78,-99.34,17.29
1056,-31.96,-565.41,-111.59,31.04
1057,-7.88,-493.31,-167.16,4.0
1058,-5.74,-460.59,-88.65,-0.22
1059,-58.5,-474.55,-97.2,13.54
1060,-54.3,-464.86,-48.12,17.48
1061,19.27,-481.63,-114.64,8.62
1062,-4.95,-475.73,-100.07,17.52
1063,-67.71,-372.0,-199.08,-46.15
1064,56.96,-393.59,-5.94,11.06
1065,-10.05,-590.6,-84.42,32.02
1066,3.52,-491.86,-92.23,14.63
1067,0.94,-510.78,-121.23,21.64
1068,-6.79,-439.41,-208.03,-47.0
1069,-98.57,-578.91,12.51,59.22
1070,-1.16,-476.1,-82.1,22.38
1071,-12.77,-449.97,-91.28,14.92
1072,52.39,-284.47,-198.92,-52.97
1073,-53.59,-610.45,-47.76,55.97
1074,-47.37,-546.97,-45.51,44.8
1075,-15.57,-503.76,-97.75,16.97
1076,-6.07,-478.93,-244.5,-9.66
1077,-32.11,-514.68,-79.08,9.59
1078,2.44,-441.81,-4.88,27.86
1079,-29.76,-425.71,-82.7,9.89
1080,-47.58,-453.04,-99.01,6.89
1081,14.21,-435.45,-100.78,3.19
1082,-11.88,-567.16,-90.65,31.93
1083,-58.45,-536.05,-142.31,18.08
1084,-20.56,-459.88,-62.05,20.56
1085,2.78,-492.8,-128.13,13.43
1086,-32.71,-400.35,-110.83,-7.1
1087,17.11,-351.91,-75.6,-0.66
1088,-21.55,-550.08,-74.01,42.75
1089,-52.82,-583.15,-123.36,43.22
1090,-41.19,-525.53,-154.92,19.62
1091,-1.16,-466.3,-53.59,26.63
1092,-20.64,-515.65,-119.06,19.73
1093,-17.29,-492.85,-93.25,20.57
1094,-25.42,-457.76,-74.75,20.99
1095,-2.78,-454.54,-186.48,-13.8
1096,-5.92,-476.28,-170.48,11.07
1097,-31.18,-434.97,-21.29,23.78
1098,-19.53,-517.96,-63.48,21.82
1099,-17.95,-501.36,-83.86,20.59
1100,-35.76,-458.63,-161.34,3.77
1101,-13.88,-484.36,-50.79,27.74
1102,-18.04,-490.57,-82.8,18.94
1103,-21.6,-416.4,-99.81,8.47
1104,14.3,-361.13,-185.97,-25.84
1105,-1.65,-465.46,-120.38,-12.84
1106,12.3,-496.38,-36.88,31.72
1107,-57.65,-590.39,-69.07,58.49
1108,3.77,-428.89,-100.16,-2.39
1109,-19.57,-427.18,-106.11,8.66
1110,-63.71,-556.77,-92.91,36.71
1111,-14.74,-438.53,-105.33,11.31
1112,-6.69,-530.04,-103.67,38.8
1113,-19.65,-495.12,-125.3,30.96
1114,-26.61,-519.78,-271.59,-19.32
1115,-16.46,-506.32,-12.55,44.18
1116,-9.95,-475.54,-47.78,28.57
1117,-9.19,-474.6,-86.62,22.69
1118,-9.78,-463.32,-101.24,20.49
1119,-12.38,-448.48,-101.85,19.2
1120,6.21,-351.8,-155.38,-8.28
1121,-16.36,-466.89,-196.14,-14.01
1122,-47.69,-565.58,-41.37,52.1
1123,-38.59,-465.08,-67.07,17.15
1124,-11.19,-366.59,-156.83,-17.68
1125,62.04,-416.94,-81.16,-3.76
1126,-53.54,-642.47,-70.5,51.41
1127,-80.6,-509.56,-107.37,38.61
1128,39.45,-340.67,-91.53,-5.55
1129,-19.79,-575.14,-81.4,48.3
1130,-4.94,-459.34,-88.67,33.94
1131,-29.72,-529.62,-118.16,13.7
1132,-18.66,-520.26,-75.18,34.39
1133,-17.78,-466.38,-84.06,24.58
1134,-24.39,-496.77,-126.19,33.59
1135,-11.91,-492.71,-178.93,8.7
1136,-7.14,-446.93,-36.41,29.91
1137,9.92,-363.93,-233.38,-26.02
1138,-54.1,-392.63,-269.32,-44.62
1139,-66.71,-576.59,86.92,96.74
1140,59.08,-349.73,-83.25,3.51
1141,-13.21,-397.49,-100.32,4.59
1142,-75.66,-555.33,-94.09,39.52
1143,5.52,-521.04,-91.96,46.54
1144,20.16,-475.13,-101.2,14.21
1145,-17.11,-501.59,-61.09,29.68
1146,-25.08,-382.84,-120.91,9.84
1147,-25.27,-613.87,-102.58,42.46
1148,-11.16,-534.42,-204.47,-0.92
1149,-28.22,-503.92,-26.54,51.55
1150,-10.23,-454.18,-89.2,19.87
1151,25.76,-374.44,-164.72,-18.85
1152,-42.18,-545.14,-428.16,-45.84
1153,-38.48,-508.2,172.02,107.01
1154,-34.61,-402.02,-71.95,11.33
1155,71.79,-290.28,-103.38,-8.42
1156,-54.47,-570.62,-87.13,54.63
1157,-56.87,-502.48,-141.9,17.24
1158,12.28,-486.45,-114.02,22.43
1159,0.2,-472.65,-75.86,19.65
1160,4.09,-407.57,-93.7,10.38
1161,-81.18,-600.89,-104.16,33.24
1162,-26.79,-476.01,-83.78,37.6
1163,5.67,-464.87,-100.48,22.25
1164,-30.11,-502.84,-107.35,16.33
1165,-42.97,-491.85,-240.2,1.21
1166,4.72,-422.32,-108.6,-14.65
1167,-25.52,-531.82,10.23,61.66
1168,-13.74,-492.37,-88.39,23.73
1169,-36.49,-499.1,-161.83,14.6
1170,-31.25,-488.2,-110.07,15.96
1171,-0.9,-392.49,-33.02,30.12
1172,0.47,-415.29,-115.41,-1.48
1173,-5.47,-412.08,-119.19,24.33
1174,-52.86,-522.43,-174.66,26.6
1175,-50.62,-474.73,-73.36,37.95
1176,36.53,-414.56,-89.2,-2.61
1177,-89.64,-615.45,-66.02,54.53
1178,-53.82,-480.67,-111.48,17.79
1179,35.45,-448.23,-113.73,13.18
1180,-0.1,-511.19,-99.36,45.34
1181,-13.94,-501.25,-93.57,30.58
1182,-2.86,-431.53,-104.88,11.92
1183,-9.27,-483.81,-100.47,27.93
1184,-22.73,-520.62,-96.28,24.25
1185,-17.96,-467.39,-99.52,29.73
1186,2.38,-347.66,-146.42,-14.26
1187,3.61,-479.83,-309.03,-37.28
1188,-42.37,-566.35,-60.43,38.56
1189,0.05,-423.04,14.7,37.2
1190,-12.13,-427.0,-82.09,12.79
1191,-71.15,-561.47,-72.33,43.46
1192,-36.79,-415.45,-109.88,21.24
1193,5.42,-449.51,-105.66,20.56
1194,-30.77,-542.48,-88.93,22.88
1195,-18.07,-417.45,-114.81,21.1
1196,16.45,-533.74,-103.97,27.23
1197,-10.77,-474.27,-130.76,26.8
1198,-52.76,-472.66,-98.78,28.9
1199,5.56,-491.09,-101.59,23.27
1200,-18.6,-515.68,-70.1,25.78
1201,-0.44,-479.46,-73.69,24.07
1202,-18.74,-497.69,-142.45,14.54
1203,-25.1,-495.94,-167.28,11.97
1204,-36.99,-460.9,-139.55,-2.1
1205,-0.76,-466.16,-26.05,40.66
1206,-21.68,-471.1,-128.55,19.03
1207,16.63,-398.16,-130.01,5.69
1208,-46.17,-456.27,-168.84,5.97
1209,-38.68,-480.13,-10.71,38.74
1210,9.57,-462.34,-86.41,15.33
1211,-16.24,-423.35,-93.35,14.76
1212,-15.56,-555.33,-90.1,45.85
1213,-18.44,-440.3,-98.44,14.95
1214,-18.32,-505.26,-101.24,25.25
1215,-27.4,-417.49,-95.02,15.95
1216,-19.5,-534.05,-98.03,21.62
1217,-12.83,-496.11,-102.75,25.89
1218,-37.74,-487.9,-88.75,28.33
1219,-23.82,-516.18,-99.9,21.74
1220,-19.17,-489.67,-158.56,8.52
1221,-28.46,-493.3,-154.19,18.67
1222,-30.83,-496.15,-60.66,40.16
1223,-27.21,-461.54,-162.32,3.15
1224,-2.23,-393.03,-319.82,-88.67
1225,-5.19,-458.25,86.43,73.0
1226,-59.74,-526.43,-52.17,41.62
1227,6.33,-383.15,-90.03,0.5
1228,-83.16,-544.73,-66.33,47.39
1229,-23.05,-424.9,-93.27,18.3
1230,15.0,-457.32,-90.71,27.39
1231,-27.5,-515.14,-89.22,31.02
1232,-32.45,-482.71,-104.89,18.96
1233,-17.91,-488.12,-101.09,13.33
1234,-54.44,-554.26,-84.4,50.41
1235,-23.59,-506.3,-119.44,23.08
1236,-7.35,-481.93,-96.87,21.6
1237,-34.79,-443.37,-70.2,24.83
1238,15.93,-415.91,-121.64,-10.39
1239,-6.9,-481.93,-111.98,7.41
1240,-34.62,-502.35,-145.47,17.14
1241,-19.91,-465.3,-124.79,6.34
1242,-6.49,-428.99,-50.88,16.71
1243,-13.12,-489.28,-47.53,14.92
1244,-56.79,-543.72,-88.11,66.37
1245,-23.25,-490.04,-188.51,14.21
1246,-30.53,-436.73,-213.47,-10.83
1247,30.0,-377.48,-17.08,21.17
1248,-162.87,-540.76,-78.44,49.3
1249,14.75,-505.91,-75.24,30.9
1250,10.88,-425.2,-87.05,13.15
1251,-6.19,-522.99,-100.59,33.92
1252,10.99,-468.15,-87.39,37.71
1253,-23.67,-508.38,-93.83,23.73
1254,-2.23,-472.4,-91.73,34.0
1255,2.27,-465.87,-120.03,23.48
1256,-1.22,-430.39,-197.11,-19.91
1257,17.57,-390.83,-45.42,6.56
1258,-71.3,-567.11,-56.63,62.81
1259,-25.24,-494.47,-50.3,41.99
1260,-3.9,-427.6,-111.99,7.08
1261,-21.41,-452.26,-64.32,45.01
1262,-40.2,-522.92,-164.2,26.18
1263,-21.63,-517.98,-106.33,32.9
1264,-38.5,-409.78,-69.27,33.11
1265,-28.27,-369.88,-160.68,-1.94
1266,24.04,-464.45,-254.0,1.12
1267,-28.62,-570.66,-52.07,42.09
1268,-28.08,-548.73,-7.64,56.48
1269,-4.0,-469.31,-73.1,33.01
1270,-28.56,-472.43,-89.36,22.32
1271,-2.01,-406.47,-169.37,-0.04
1272,-31.09,-516.33,-127.61,35.52
1273,-35.95,-520.12,-10.8,53.65
1274,3.58,-427.04,-72.39,32.85
1275,3.78,-474.07,-49.59,25.45
1276,-30.78,-482.04,-114.78,41.86
1277,-25.98,-452.38,-87.29,33.04
1278,-11.39,-377.58,-107.95,25.61
1279,42.74,-393.37,-150.12,-9.64
1280,-15.52,-505.08,-114.59,31.57
1281,-66.29,-602.88,-48.67,65.99
1282,-48.69,-503.99,-89.86,42.05
1283,5.61,-404.34,-95.47,25.61
1284,-53.69,-462.02,-88.8,23.45
1285,-107.82,-537.88,-74.41,62.6
1286,66.0,-456.74,-93.76,27.6
1287,11.33,-453.42,-204.3,-2.75
1288,23.65,-467.74,-180.7,-9.28
1289,-40.82,-547.37,-34.85,78.47
1290,-8.27,-453.87,-61.87,48.09
1291,37.95,-339.31,-186.83,-35.92
1292,-62.84,-587.77,13.72,86.41
1293,-47.53,-513.93,-59.14,49.52
1294,37.4,-371.3,-96.81,5.93
1295,-14.28,-483.15,-113.5,35.85
1296,-28.04,-529.45,-99.22,44.41
1297,-21.43,-467.75,-133.01,14.14
1298,-57.51,-524.84,-26.99,55.87
1299,-14.55,-471.49,-72.74,31.75
1300,-3.12,-430.76,-88.62,23.61
1301,-35.89,-496.12,-152.29,26.92
1302,-26.6,-520.89,-108.45,34.22
1303,-22.07,-456.13,-57.14,44.22
1304,-41.58,-471.43,-84.47,38.71
1305,54.55,-434.74,-89.94,20.42
1306,-8.81,-480.17,-146.21,17.1
1307,-7.82,-497.95,-106.89,32.53
1308,-11.65,-509.77,-11.48,49.6
1309,-24.49,-481.12,-92.01,44.55
1310,-20.05,-383.82,-84.08,7.27
1311,12.65,-422.98,-107.11,47.41
1312,-62.63,-558.9,-10.19,63.88
1313,4.25,-461.34,-81.8,12.9
1314,-11.34,-522.34,-77.55,33.43
1315,-44.24,-530.07,-134.15,-46.75
1316,-45.26,-424.99,27.95,79.92
1317,25.29,-438.14,-45.08,35.91
1318,-31.51,-517.89,30.14,75.53
1319,-105.59,-461.64,-126.08,44.18
1320,-15.86,-469.57,-134.05,42.04
1321,59.56,-459.64,-40.37,-21.61
1322,8.48,-347.95,-142.05,14.38
1323,-152.74,-477.47,-218.92,-22.01
1324,3.01,-576.17,-42.01,73.21
1325,3.6,-465.74,-80.43,37.95
1326,-32.42,-485.47,-64.19,25.37
1327,-7.94,-504.35,-156.62,-1.64
1328,56.18,-429.32,-75.96,25.84
1329,37.64,-395.76,-166.17,-20.38
1330,-51.58,-563.1,-98.63,52.02
1331,-29.44,-523.97,-106.57,32.02
1332,-11.89,-478.77,-45.37,6.04
1333,29.43,-355.14,-181.69,-9.0
1334,-14.92,-511.4,120.75,72.22
1335,-47.5,-546.4,-105.89,40.27
1336,-14.4,-458.92,-98.84,7.64
1337,-42.78,-518.84,-102.18,48.15
1338,6.97,-469.51,-105.63,18.54
1339,-33.66,-474.71,-159.72,1.33
1340,-69.26,-475.71,-102.52,8.42
1341,-33.79,-386.75,-178.89,13.11
1342,58.25,-559.48,-153.93,8.57
1343,29.86,-464.15,-32.56,40.33
1344,-21.13,-509.0,-70.6,31.54
1345,-4.47,-394.46,-112.94,0.94
1346,23.43,-401.94,-131.42,-24.45
1347,-64.66,-580.2,-51.99,55.21
1348,-42.35,-480.91,-104.35,29.61
1349,-39.01,-535.72,-104.38,39.96
1350,-10.87,-348.4,-93.91,-4.89
1351,8.86,-454.88,-180.35,11.36
1352,-72.13,-597.61,-189.87,11.11
1353,37.4,-391.18,-27.16,0.54
1354,-16.67,-471.12,-31.26,46.06
1355,-55.51,-573.97,41.05,68.27
1356,-7.38,-480.6,-93.11,28.34
1357,14.68,-388.01,-73.83,-34.78
1358,-63.49,-495.59,-174.6,6.08
1359,-23.49,-486.59,-216.36,19.02
1360,15.17,-497.27,-9.89,33.29
1361,-32.73,-510.38,-102.69,21.96
1362,-43.66,-455.33,-179.33,21.33
1363,52.4,-405.97,-60.5,17.53
1364,-63.21,-470.0,-57.06,28.98
1365,8.83,-454.2,-103.57,28.91
1366,-37.45,-567.79,-111.78,36.37
1367,-28.75,-428.51,-99.19,14.5
1368,-23.62,-444.86,-102.31,3.39
1369,10.74,-465.24,-108.24,38.12
1370,-28.51,-484.96,-126.71,22.03
1371,-60.45,-536.22,-66.4,59.81
1372,7.49,-466.13,-76.77,26.6
1373,3.01,-451.08,-93.11,21.04
1374,-9.73,-497.62,-61.8,30.46
1375,-25.46,-485.02,-109.03,23.13
1376,-29.79,-471.45,-127.12,17.18
1377,11.17,-338.81,-58.52,21.23
1378,16.71,-470.23,-186.62,-24.52
1379,-24.78,-523.09,-45.66,50.03
1380,-42.27,-479.34,-158.05,-1.37
1381,-32.36,-524.83,-92.79,23.3
1382,-35.31,-478.78,-39.71,40.47
1383,12.65,-448.46,-126.07,-5.99
1384,4.26,-394.19,9.62,37.11
1385,-22.93,-481.11,-228.04,6.97
1386,-34.35,-495.02,-79.23,30.93
1387,-81.29,-542.67,-104.89,32.89
1388,2.02,-458.15,-112.97,25.44
1389,10.99,-469.02,-75.3,31.55
1390,-0.59,-479.37,-100.32,34.36
1391,3.54,-329.55,-211.43,-40.73
1392,26.92,-396.24,-221.05,-33.75
1393,-52.44,-624.4,58.8,109.91
1394,-70.74,-522.27,-69.88,55.54
1395,-1.44,-479.67,-104.56,35.7
1396,-35.41,-511.28,-80.07,30.63
1397,11.64,-477.82,-92.46,14.36
1398,-29.58,-496.15,-108.37,21.78
1399,-32.11,-481.09,-44.36,33.16
1400,5.86,-427.41,-129.22,12.3
1401,28.05,-375.21,-115.7,-9.91
1402,-8.58,-472.53,-129.95,-1.61
1403,-48.93,-541.7,-213.14,15.37
1404,-17.64,-474.86,-63.18,28.54
1405,-38.21,-450.94,-86.41,37.49
1406,-14.77,-498.95,-80.11,39.94
1407,-35.52,-391.14,-74.36,14.74
1408,-22.39,-322.36,-184.96,-27.44
1409,37.52,-617.61,-103.23,44.06
1410,18.77,-416.61,-53.86,37.41
1411,-56.9,-592.67,-81.11,65.2
1412,-16.93,-522.04,-60.97,2.47
1413,-8.95,-471.16,-150.55,22.82
1414,-7.25,-476.45,-47.06,42.56
1415,0.63,-448.03,-80.7,22.75
1416,-14.74,-484.87,-102.29,35.53
1417,12.98,-400.73,-257.85,12.29
1418,-25.58,-476.46,-42.93,72.41
1419,-12.08,-399.94,-59.73,-11.7
1420,22.52,-393.42,-141.8,-39.14
1421,-105.14,-387.53,-159.79,-11.87
1422,13.3,-502.82,-56.48,42.71
1423,-32.71,-571.42,-114.21,51.21
1424,-19.88,-471.8,-79.94,27.76
1425,-108.78,-467.85,-190.86,5.3
1426,7.37,-464.82,-218.5,-28.36
1427,-8.7,-370.25,27.19,34.95
1428,25.0,-570.85,-53.43,46.78
1429,-0.37,-543.43,-74.08,47.58
1430,-20.45,-509.8,-85.61,39.7
1431,-25.11,-513.9,-92.63,24.29
1432,-27.79,-489.04,-199.39,-4.44
1433,7.48,-432.51,-43.64,23.41
1434,-3.71,-504.2,-46.0,47.11
1435,-12.9,-472.33,-114.48,21.78
1436,-4.96,-423.59,-110.46,15.69
1437,7.68,-388.35,-155.08,-45.91
1438,-68.33,-495.73,-80.21,44.03
1439,26.52,-373.66,-111.62,-1.02
1440,-21.62,-509.26,-237.34,6.57
1441,-62.16,-535.22,-128.81,29.95
1442,-65.57,-520.44,-14.43,55.73
1443,-5.87,-439.94,-71.92,20.77
1444,-20.09,-468.04,-68.12,38.66
1445,-34.67,-530.01,-85.84,38.27
1446,34.2,-441.9,-103.74,1.8
1447,-40.81,-474.36,-89.29,35.93
1448,1.06,-518.16,-96.87,33.52
1449,1.25,-459.49,-109.61,17.8
1450,-3.3,-472.07,-127.91,15.67
1451,-15.16,-505.05,-138.91,1.14
1452,-4.82,-478.76,-144.2,8.89
1453,-9.45,-447.7,-103.99,8.9
1454,-1.27,-442.54,-76.77,12.43
1455,-35.16,-529.51,-130.58,21.57
1456,-29.98,-495.1,-155.81,12.58
1457,-1.9,-433.27,-109.42,5.58
1458,-9.32,-447.64,-59.54,25.42
1459,-18.48,-294.72,-87.23,-45.81
1460,7.6,-481.69,-113.36,24.33
1461,-6.33,-442.94,-122.82,-2.37
1462,-33.95,-609.27,-80.69,70.17
1463,-59.22,-554.22,-95.89,45.43
1464,-4.12,-511.95,-103.26,26.02
1465,9.9,-453.14,-108.08,23.32
1466,-27.57,-448.51,-119.95,11.1
1467,-86.67,-513.76,-91.69,33.06
1468,-30.92,-511.74,-100.62,25.13
1469,16.36,-479.16,-198.1,2.43
1470,29.24,-454.89,-300.15,-36.9
1471,-2.61,-502.22,6.33,45.87
1472,-8.45,-486.41,-97.07,2.13
1473,-2.67,-453.18,-16.63,50.42
1474,-33.13,-496.18,-97.65,24.3
1475,-25.95,-493.41,-100.02,22.39
1476,-42.06,-477.33,-98.87,13.69
1477,-71.51,-470.28,-93.34,20.41
1478,51.72,-409.78,-163.9,-24.45
1479,66.46,-195.59,-200.32,-36.41
1480,8.38,-465.05,-35.8,29.68
1481,-61.05,-612.83,-63.21,52.68
1482,-63.81,-614.81,-79.5,55.72
1483,-26.65,-505.27,-102.13,25.32
1484,-38.96,-501.17,-99.05,25.33
1485,7.29,-467.88,-103.15,15.52
1486,-18.75,-470.08,-96.45,16.25
1487,-30.77,-502.31,-117.43,22.07
1488,-39.27,-493.1,-87.02,25.5
1489,-22.58,-449.65,-74.89,23.32
1490,-47.03,-472.76,-113.14,16.84
1491,-35.4,-470.96,-282.02,-30.15
1492,46.44,-371.31,-76.31,-16.12
1493,11.33,-462.43,-67.66,18.66
1494,-59.78,-521.4,-42.52,50.35
1495,-4.43,-476.86,-95.09,26.43
1496,-18.53,-551.55,-111.81,35.52
1497,-19.71,-500.68,-66.45,30.82
1498,-11.55,-486.25,-94.89,22.6
1499,-18.61,-470.62,-99.03,23.84
1500,-25.88,-463.03,-91.54,20.75
1501,4.26,-436.92,-97.66,11.06
1502,-6.44,-381.48,-103.16,-18.07
1503,-13.26,-466.43,-254.72,-10.09
1504,-60.35,-562.21,-178.82,13.45
1505,24.49,-480.68,-84.21,30.01
1506,-25.92,-454.41,-35.49,21.44
1507,3.92,-336.66,-40.29,3.94
1508,-51.68,-590.33,-83.75,32.85
1509,-12.64,-444.98,-116.0,7.05
1510,7.84,-471.75,-81.48,30.08
1511,-82.16,-525.25,-126.24,19.84
1512,0.09,-456.28,-81.07,18.04
1513,-32.79,-508.16,-76.48,26.03
1514,49.13,-396.25,-112.06,6.28
1515,-55.39,-548.28,-193.29,-6.75
1516,-98.55,-500.83,-62.33,23.16
1517,35.69,-489.38,-52.35,30.14
1518,18.86,-475.72,-105.18,19.93
1519,10.68,-404.19,-84.11,6.99
1520,-9.04,-462.92,-94.84,12.41
1521,-26.7,-496.48,-93.01,19.24
1522,-35.29,-481.67,-88.12,26.06
1523,20.34,-401.55,-122.55,-10.07
1524,-32.29,-466.87,-288.98,-42.53
1525,-51.91,-472.85,-73.0,18.73
1526,-142.68,-452.22,-1.85,40.7
1527,94.33,-442.06,-91.93,1.6
1528,20.68,-521.23,-106.75,31.43
1529,8.5,-520.91,-63.85,29.17
1530,-24.38,-492.8,-106.85,-2.52
1531,-24.34,-524.62,-85.36,31.95
1532,-18.28,-511.67,-116.13,18.71
1533,-18.61,-475.45,-96.04,5.97
1534,-13.63,-483.57,-106.91,24.18
1535,-9.05,-487.52,-121.11,11.59
1536,0.29,-454.81,-60.52,11.74
1537,2.8,-417.89,-54.62,24.02
1538,-34.53,-470.65,-250.6,-7.73
1539,-16.76,-391.69,-102.58,-36.7
1540,-34.9,-502.96,-216.6,-27.0
1541,52.22,-362.71,32.29,25.45
1542,-21.96,-414.99,-74.14,32.38
1543,-93.14,-595.52,-111.76,39.35
1544,-9.28,-529.33,-105.43,4.27
1545,4.59,-465.06,-83.05,-3.1
1546,-39.21,-541.55,-83.09,44.28
1547,-52.92,-473.34,-84.96,18.65
1548,8.05,-381.98,-80.75,-7.51
1549,108.38,-208.16,-151.46,-44.66
1550,-18.8,-569.61,-227.69,28.39
1551,-104.98,-648.92,12.17,64.93
1552,-30.23,-438.17,-86.14,-3.91
1553,-1.15,-520.08,-81.72,37.33
1554,-38.17,-551.87,-81.36,36.33
1555,-16.38,-494.5,-78.49,17.9
1556,-23.57,-489.96,-102.7,21.59
1557,-29.76,-483.43,-90.83,18.43
1558,-63.01,-489.06,-92.17,25.5
1559,-27.65,-468.03,-117.73,14.33
1560,32.65,-476.67,-101.73,19.25
1561,9.22,-467.65,-163.85,2.11
1562,4.42,-433.3,-216.57,-15.73
1563,-50.61,-488.99,-146.98,27.42
1564,0.36,-453.49,-3.76,26.1
1565,-26.46,-484.01,-51.18,28.73
1566,-5.98,-432.63,-88.93,4.81
1567,-4.07,-492.51,-108.03,-6.04
1568,-75.6,-558.18,-90.3,35.73
1569,-11.96,-466.61,-92.41,19.78
1570,-28.13,-463.85,-96.5,34.46
1571,47.32,-316.4,-97.64,1.17
1572,18.54,-328.39,-100.36,-10.76
1573,-137.9,-627.37,-71.81,69.95
1574,-10.28,-543.87,-115.33,11.06
1575,9.6,-493.84,-98.39,10.38
1576,4.78,-475.88,-102.16,15.58
1577,-21.92,-421.02,-106.5,4.86
1578,-37.01,-544.7,-328.24,-21.68
1579,-20.79,-524.42,-292.92,-33.74
1580,-1.85,-360.02,112.93,34.15
1581,6.45,-447.13,-40.75,4.76
1582,-60.06,-585.82,-57.65,47.98
1583,-32.9,-503.75,-83.3,20.33
1584,-27.09,-482.81,-86.58,22.65
1585,-44.13,-493.19,-95.45,8.61
1586,-23.65,-472.06,-79.9,27.79
1587,-13.18,-485.11,-117.32,5.4
1588,-1.39,-482.58,-103.13,6.8
1589,-26.64,-471.87,-80.6,11.99
1590,-59.0,-422.87,-91.8,3.79
1591,-4.5,-512.65,-89.6,20.35
1592,12.91,-498.26,-95.44,13.68
1593,-27.26,-428.71,-96.43,6.3
1594,59.01,-349.72,-108.91,-28.26
1595,9.54,-470.82,-133.7,1.44
1596,-31.17,-447.76,-114.93,14.25
1597,-81.72,-578.7,-140.52,23.48
1598,-22.73,-523.45,-87.67,20.66
1599,-0.1,-472.01,-191.68,-7.28
1600,-22.43,-511.62,-10.08,27.14
1601,-20.46,-483.57,-48.9,17.59
1602,-6.51,-428.89,-101.77,9.3
1603,-18.93,-474.89,-72.49,16.46
1604,-3.99,-494.69,-162.55,-7.46
1605,-16.26,-476.92,-38.13,33.6
1606,-1.56,-452.65,-108.09,5.32
1607,-18.97,-473.26,-114.77,-3.82
1608,-11.01,-458.16,-49.49,12.11
1609,-7.29,-450.05,-103.95,-8.22
1610,-26.1,-446.5,-84.67,28.89
1611,-44.01,-444.87,-94.28,11.09
1612,-52.42,-501.66,-82.58,26.89
1613,-21.94,-516.07,-93.66,18.17
1614,29.48,-464.09,-87.78,26.71
1615,6.74,-488.99,-101.0,5.21
1616,5.72,-476.63,-96.72,-0.96
1617,-53.06,-489.6,-83.91,31.27
1618,-5.88,-502.47,-144.12,14.97
1619,-11.96,-494.22,-125.01,9.15
1620,-12.94,-466.6,-139.27,2.37
1621,-25.09,-494.51,-172.89,-16.59
1622,-25.37,-486.46,-37.81,26.87
1623,-26.64,-457.43,-29.08,13.49
1624,7.22,-430.43,-67.14,-1.57
1625,4.1,-428.77,-94.61,5.6
1626,-19.53,-458.73,-78.04,12.07
1627,-73.34,-496.03,-80.86,24.3
1628,0.98,-406.84,-113.86,-5.82
1629,-3.53,-479.09,-105.96,-2.31
1630,-25.39,-525.06,-70.5,20.08
1631,25.83,-403.02,-119.15,-6.48
1632,-13.37,-512.21,-112.17,20.09
1633,-36.32,-528.43,-64.29,28.94
1634,-11.22,-439.76,-110.94,-13.4
1635,-31.02,-511.91,-109.29,26.57
1636,-4.78,-464.73,-82.99,24.14
1637,-13.56,-454.27,-144.38,-8.15
1638,-34.83,-516.99,-40.21,22.56
1639,-12.72,-479.42,-49.14,24.71
1640,-18.57,-487.65,-290.72,-30.92
1641,-15.48,-502.01,-88.67,19.34
1642,-19.72,-452.52,-12.01,9.18
1643,-1.37,-421.34,-54.23,12.53
1644,-34.7,-508.37,-73.93,16.47
1645,-24.97,-476.86,-85.87,9.82
1646,28.59,-360.27,-101.35,-13.82
1647,-50.61,-540.04,-82.92,25.71
1648,-23.66,-517.56,-94.59,23.13
1649,-8.25,-459.31,-116.11,5.82
1650,-12.2,-286.42,-87.4,-34.48
1651,-1.12,-558.11,-77.43,25.31
1652,-26.57,-563.21,-84.44,31.13
1653,-5.69,-481.86,-117.79,20.22
1654,-6.43,-460.28,-79.91,6.81
1655,-28.63,-516.79,-117.3,8.21
1656,-30.21,-483.46,-48.82,25.24
1657,-36.19,-470.43,-81.45,10.82
1658,1.84,-385.68,-92.26,-7.28
1659,55.34,-332.73,-176.86,-43.17
1660,-59.65,-610.12,-121.13,36.95
1661,-32.76,-531.82,-86.47,47.79
1662,-17.95,-465.25,-43.47,18.82
1663,-50.11,-468.01,-71.39,19.69
1664,-35.6,-494.22,-86.86,20.55
1665,-7.06,-491.35,-92.07,17.82
1666,-23.69,-479.51,-92.89,13.15
1667,-18.86,-473.26,-94.13,19.11
1668,-22.92,-485.58,-94.46,17.48
1669,-27.38,-477.85,-91.86,17.23
1670,-21.71,-400.58,-94.72,7.06
1671,87.98,-287.64,-150.23,-29.51
1672,-23.83,-549.89,-196.23,9.56
1673,-63.04,-547.62,24.21,47.74
1674,-19.97,-486.84,-70.9,20.78
1675,-25.75,-454.54,-92.48,8.36
1676,-31.88,-512.64,-87.75,23.29
1677,-49.76,-443.07,-118.92,-6.39
1678,-85.15,-477.48,-64.62,34.23
1679,63.51,-483.52,-107.85,9.35
1680,-0.14,-426.94,-101.65,6.69
1681,-24.54,-530.41,-78.98,23.78
1682,-22.95,-502.98,-152.93,7.87
1683,-25.99,-501.11,-140.86,0.53
1684,-8.1,-505.06,-130.71,5.27
1685,-1.6,-468.66,-135.06,9.15
1686,-18.23,-478.97,-52.83,15.47
1687,-4.77,-483.22,-14.51,29.0
1688,-8.03,-454.06,-64.57,12.7
1689,1.34,-413.87,-90.99,1.58
1690,-23.44,-432.24,-104.75,15.76
1691,-31.62,-503.27,-83.91,22.51
1692,-66.49,-492.13,-93.64,15.62
1693,-0.94,-462.25,-93.81,20.12
1694,13.33,-467.82,-106.65,8.8
1695,-32.17,-529.03,-126.87,22.01
1696,-55.57,-480.72,-22.6,36.43
1697,-12.43,-503.17,-217.99,2.65
1698,-17.21,-492.01,-142.22,13.88
1699,-50.26,-479.12,-75.81,24.13
1700,33.42,-451.27,-16.34,27.41
1701,-7.59,-491.38,-78.16,19.22
1702,-22.47,-484.4,-96.28,20.24
1703,-32.5,-484.46,-186.63,6.62
1704,0.29,-474.9,-137.35,-6.78
1705,-4.38,-418.95,-44.7,8.12
1706,-5.03,-466.12,-70.1,11.84
1707,-15.39,-445.96,-81.94,18.23
1708,-15.61,-436.07,-93.39,8.65
1709,-20.7,-459.89,-149.84,-9.46
1710,-40.94,-533.66,-132.12,15.5
1711,-19.9,-506.85,-45.31,52.62
1712,-36.4,-524.1,-68.39,38.99
1713,-23.41,-467.26,-82.93,21.67
1714,-25.2,-490.95,-96.48,35.75
1715,-35.12,-496.72,-115.96,24.45
1716,-5.39,-476.88,-198.61,-10.19
1717,-8.83,-472.35,-17.61,44.18
1718,-10.05,-487.16,-79.1,25.25
1719,-9.69,-453.53,-140.73,11.74
1720,-12.99,-426.31,-125.96,14.27
1721,10.0,-412.98,-200.11,-53.45
1722,-53.21,-536.42,-40.77,52.41
1723,13.88,-430.61,-52.41,12.18
1724,9.71,-444.11,-88.07,5.69
1725,-64.94,-536.75,-106.52,29.94
1726,-26.49,-507.75,-105.76,17.18
1727,-32.69,-529.44,-61.04,28.29
1728,-21.66,-496.5,-86.15,22.4
1729,-3.33,-434.16,-95.46,4.05
1730,2.05,-419.53,-169.14,-7.5
1731,-39.18,-555.14,-146.92,14.75
1732,-23.03,-485.07,-28.89,42.02
1733,-41.55,-484.43,-80.87,22.17
1734,-10.36,-477.77,-93.62,23.75
1735,-10.29,-463.05,-96.73,17.85
1736,-19.28,-445.08,-98.68,11.76
1737,30.7,-307.53,-193.31,-33.75
1738,-43.1,-553.91,-140.32,29.76
1739,-44.44,-550.85,-36.97,51.79
1740,5.44,-481.53,-68.23,15.69
1741,-4.58,-457.3,-96.09,4.71
1742,-25.13,-494.26,-86.37,18.25
1743,-13.55,-461.41,-96.13,15.37
1744,-43.33,-474.34,-91.28,10.83
1745,-33.32,-361.6,-103.85,-8.29
1746,67.13,-318.99,-169.13,-19.07
1747,-30.99,-602.79,-144.43,40.76
1748,-46.72,-575.58,-86.33,41.77
1749,-9.72,-505.28,-53.65,26.88
1750,-15.22,-481.5,-65.29,30.74
1751,-23.68,-491.57,-91.12,24.77
1752,-26.37,-499.46,-95.87,21.1
1753,-33.0,-469.6,-85.65,24.33
1754,8.79,-379.66,-192.2,-22.92
1755,14.38,-471.18,-393.67,-64.78
1756,-78.82,-551.43,98.74,88.58
1757,36.75,-432.77,-19.24,19.7
1758,-4.6,-472.96,-73.92,27.33
1759,-26.09,-504.4,-88.39,33.63
1760,-35.77,-495.27,-92.16,24.89
1761,-25.69,-488.79,-100.52,20.19
1762,-32.97,-484.09,-97.29,16.58
1763,-43.05,-469.65,-97.58,11.6
1764,-31.38,-426.49,-101.43,5.31
1765,47.47,-453.88,-107.31,13.32
1766,13.86,-442.1,-115.11,0.24
1767,-35.33,-515.7,-101.42,32.68
1768,-39.84,-516.53,-105.12,18.55
1769,-29.92,-491.41,-103.93,12.26
1770,-10.13,-445.65,-105.34,4.71
1771,-5.74,-405.57,-106.31,7.79
1772,-47.82,-481.86,-102.57,20.2
1773,-21.29,-473.3,-99.62,21.89
1774,-13.68,-529.23,-106.59,35.55
1775,-22.19,-487.89,-114.7,21.84
1776,-14.52,-469.34,-100.52,15.33
1777,-8.3,-444.79,-125.05,8.92
1778,3.08,-378.69,-332.08,-56.57
1779,11.72,-379.84,-126.2,-4.05
1780,-37.81,-548.95,-5.89,51.3
1781,-21.57,-541.4,-68.09,32.32
1782,-5.98,-424.82,-59.2,1.38
1783,-27.64,-505.67,-79.1,29.84
1784,-34.58,-531.21,-73.7,38.06
1785,-24.97,-497.16,-74.2,27.74
1786,-34.77,-492.35,-112.87,14.35
1787,-20.72,-480.19,-103.15,13.93
1788,-24.4,-476.14,-99.19,3.11
1789,-35.16,-456.28,-111.58,-3.53
1790,-12.78,-487.58,-101.78,8.16
1791,16.76,-408.98,-224.42,-39.04
1792,2.92,-415.73,-116.37,-14.72
1793,-51.31,-482.11,-183.74,-13.84
1794,-41.83,-556.93,-55.61,51.65
1795,1.39,-444.78,-77.55,10.98
1796,-2.49,-511.06,-73.78,35.9
1797,-4.39,-463.84,5.53,42.07
1798,8.89,-435.09,-214.18,-23.12
1799,-48.59,-511.9,-369.85,-37.05
1800,-25.3,-445.55,-145.57,-25.26
1801,-8.39,-511.49,-9.51,35.91
1802,-45.95,-518.92,9.1,62.87
1803,2.3,-435.66,-74.74,9.18
1804,20.68,-404.02,-181.63,-23.26
1805,-27.49,-507.06,-35.39,43.7
1806,-33.69,-533.26,-68.63,38.46
1807,-0.31,-459.22,-76.98,30.27
1808,-36.47,-481.23,-96.04,21.28
1809,-50.92,-425.76,-90.61,4.12
1810,-55.41,-513.1,-93.05,22.93
1811,16.73,-483.19,-98.17,24.17
1812,7.87,-428.78,-144.88,-12.41
1813,8.44,-409.67,-92.04,6.42
1814,-92.57,-559.52,-67.96,47.89
1815,27.21,-432.86,-96.58,26.21
1816,15.41,-428.7,-195.08,-11.81
1817,-23.69,-491.53,-178.06,12.55
1818,-18.79,-527.62,-197.25,-30.59
1819,-21.22,-512.07,75.51,77.93
1820,-27.09,-469.61,-98.0,16.72
1821,-4.97,-432.01,-97.44,-6.26
1822,-15.68,-441.29,-90.06,3.99
1823,-67.1,-546.68,-76.62,40.47
1824,-34.99,-492.52,-81.79,31.36
1825,-49.85,-504.29,-87.26,31.22
1826,-8.45,-480.49,-107.81,13.67
1827,-11.42,-477.37,-128.73,12.61
1828,16.34,-410.93,-91.38,0.41
1829,-28.7,-390.71,-101.9,-0.97
1830,-18.43,-451.21,-97.47,24.04
1831,-58.05,-496.01,-99.84,23.65
1832,-92.23,-511.08,-118.8,31.34
1833,51.02,-484.12,-144.78,4.52
1834,6.14,-483.35,-52.95,26.81
1835,6.73,-457.36,-104.78,-3.98
1836,1.78,-346.36,-74.81,19.49
1837,-5.19,-437.71,-249.62,-25.18
1838,-67.09,-559.99,-35.51,59.59
1839,-19.93,-510.38,-50.84,38.37
1840,-32.34,-496.14,-188.66,11.06
1841,-27.37,-510.43,-144.64,1.73
1842,-36.34,-464.39,-83.11,17.53
1843,-33.38,-506.07,-47.2,18.53
1844,-9.15,-427.94,-63.68,14.94
1845,23.63,-375.22,-82.51,-3.7
1846,-22.16,-485.61,-89.77,24.32
1847,-38.33,-406.34,-93.82,-3.23
1848,-20.45,-483.45,-93.66,14.45
1849,-69.56,-559.09,-80.16,41.0
1850,-2.06,-449.17,-116.44,16.89
1851,12.33,-443.57,-130.81,-0.33
1852,-37.43,-528.91,-52.69,31.25
1853,-19.94,-493.33,-166.36,2.04
1854,7.52,-449.22,-163.9,-9.71
1855,9.46,-504.24,-21.58,56.09
1856,-32.5,-511.02,-103.8,25.11
1857,-28.99,-509.7,-305.76,-19.16
1858,-8.66,-464.68,3.23,10.36
1859,-20.92,-461.87,-30.46,20.47
1860,-19.59,-458.57,-50.19,18.5
1861,23.97,-388.53,-143.51,-22.84
1862,-35.42,-547.86,-332.2,-38.66
1863,-75.56,-466.95,-30.98,34.4
1864,-28.63,-342.78,-52.05,-12.37
1865,64.8,-491.27,-46.3,46.71
1866,-23.79,-520.7,-252.23,-13.33
1867,-41.25,-501.55,-165.83,-6.71
1868,-3.07,-530.13,26.86,59.48
1869,-10.1,-441.34,-45.06,26.22
1870,-15.13,-479.76,-80.38,23.54
1871,-15.7,-446.0,-92.51,13.82
1872,7.84,-446.01,-65.45,18.25
1873,-22.1,-531.92,-98.93,18.12
1874,-11.46,-473.13,-88.09,19.76
1875,-43.18,-527.57,-80.23,26.78
1876,-26.11,-477.07,-102.92,21.0
1877,-3.81,-454.24,-144.44,0.79
1878,-16.17,-466.86,-176.94,-10.68
1879,0.06,-448.38,-39.27,21.02
1880,-30.96,-458.67,-113.04,-8.96
1881,-70.92,-317.24,-65.01,-9.81
1882,35.44,-534.25,-71.6,35.08
1883,9.52,-524.33,-338.54,-33.98
1884,-55.49,-585.51,10.58,55.1
1885,-43.99,-477.29,-17.8,12.27
1886,17.31,-457.05,-76.53,9.97
1887,-30.26,-493.5,-114.86,26.77
1888,-28.81,-489.63,-171.04,-9.1
1889,14.56,-415.65,-56.79,14.96
1890,-7.67,-460.64,-66.43,25.48
1891,-2.75,-439.94,-108.41,20.83
1892,-11.4,-511.34,-81.43,30.59
1893,-16.69,-416.5,-147.84,-15.57
1894,-26.89,-395.01,-120.72,-10.75
1895,-61.7,-559.6,-64.92,56.58
1896,-22.37,-536.14,-57.15,18.63
1897,-37.35,-392.01,-85.62,8.5
1898,22.67,-488.48,-151.54,5.49
1899,-10.37,-439.38,-72.31,1.1
1900,-19.63,-445.26,-43.98,-1.03
1901,-7.44,-535.1,-270.44,-10.28
1902,-36.28,-584.83,-222.4,-15.41
1903,-13.32,-479.08,92.43,65.23
1904,-5.45,-472.05,-57.95,15.01
1905,-30.78,-470.47,-137.32,0.45
1906,-18.21,-454.32,-149.45,9.29
1907,-32.04,-521.79,-33.97,30.99
1908,-31.52,-493.72,-74.18,19.54
1909,-24.83,-441.99,-139.73,-1.0
1910,-31.69,-460.03,-87.35,13.92
1911,-4.77,-445.92,-57.96,24.61
1912,41.24,-349.97,-136.78,-28.44
1913,-44.85,-599.67,-55.62,65.81
1914,-24.87,-480.99,-89.07,19.79
1915,-26.7,-470.66,-96.23,4.73
1916,-35.4,-470.97,-105.93,18.87
1917,30.14,-403.98,-122.06,-9.39
1918,-27.88,-532.2,-163.17,16.07
1919,-12.87,-371.45,-62.72,-2.38
1920,-9.72,-489.15,-92.85,18.68
1921,-92.08,-578.93,-102.18,50.31
1922,-19.81,-486.9,-250.0,-8.84
1923,5.69,-472.31,-237.06,-44.16
1924,-2.51,-492.45,93.64,65.93
1925,17.98,-450.19,-115.75,1.77
1926,-35.56,-531.76,-152.26,12.01
1927,-25.35,-504.86,-39.66,25.36
1928,-16.26,-479.94,-37.7,41.72
1929,-2.41,-430.75,-94.4,15.74
1930,-67.0,-478.77,-94.75,18.67
1931,0.62,-415.62,-112.84,-12.11
1932,4.21,-487.92,-94.49,16.46
1933,-16.69,-508.94,-177.19,24.65
1934,-44.61,-543.55,-73.8,28.03
1935,-56.52,-450.19,-109.57,3.29
1936,22.13,-200.48,-90.52,-15.41
1937,31.89,-576.91,-85.28,47.18
1938,-40.78,-604.08,-85.93,59.46
1939,-8.04,-427.0,-96.99,19.09
1940,-14.87,-495.86,-130.6,24.15
1941,-12.65,-528.05,-323.58,-5.64
1942,-25.72,-500.34,14.88,45.39
1943,-15.49,-465.52,-69.54,9.42
1944,-20.18,-458.58,-110.55,21.94
1945,-53.12,-523.15,-77.7,39.52
1946,-11.83,-462.28,-94.66,21.56
1947,-32.35,-496.35,-100.98,15.84
1948,-4.39,-467.99,-96.41,30.46
1949,-17.1,-485.41,-72.05,32.71
1950,12.08,-393.43,-97.31,8.08
1951,-13.49,-452.19,-104.68,-5.08
1952,-31.55,-481.97,-103.22,18.82
1953,-63.5,-437.08,-97.11,21.23
1954,-99.92,-517.93,-80.69,44.31
1955,90.99,-435.25,-108.52,1.71
1956,-2.01,-472.97,-98.47,15.87
1957,-19.36,-544.33,-95.81,29.3
1958,19.63,-415.97,-103.74,11.63
1959,-35.16,-542.38,-202.28,12.88
1960,-32.66,-486.93,-287.77,-45.44
1961,-39.99,-482.42,-34.43,39.04
1962,-41.16,-518.9,27.3,56.13
1963,14.42,-442.28,-86.4,24.83
1964,1.9,-488.25,-125.92,32.75
1965,-16.01,-451.94,-104.95,-8.69
1966,-22.86,-496.3,-65.73,26.38
1967,-23.25,-471.96,-120.77,-2.2
1968,-45.07,-505.63,-84.5,26.83
1969,-76.28,-457.17,-80.6,26.64
1970,17.98,-404.78,-108.87,1.18
1971,51.48,-388.28,-116.59,0.04
1972,-18.39,-490.34,-113.3,9.65
1973,-29.07,-489.94,-116.24,28.28
1974,-40.59,-533.0,-89.86,25.75
1975,-20.09,-499.41,-95.21,27.13
1976,0.65,-449.93,-115.35,16.66
1977,-31.18,-524.27,-197.83,12.65
1978,-20.74,-494.82,-145.0,7.24
1979,-14.03,-473.93,-33.06,33.8
1980,24.72,-336.96,-141.53,-18.31
1981,3.55,-371.68,-58.23,5.1
1982,-94.37,-610.65,-76.06,72.02
1983,-14.05,-559.09,-215.27,27.87
1984,-6.8,-483.1,-68.66,28.05
1985,-64.72,-503.28,-60.0,18.0
1986,13.39,-420.35,-122.76,-3.42
1987,-3.95,-472.76,-62.5,23.65
1988,-16.91,-485.41,-101.87,9.15
1989,6.97,-362.02,-101.55,4.43
1990,-28.85,-528.83,-136.3,4.13
1991,-99.56,-527.67,-392.24,-46.74
1992,34.27,-413.11,120.69,88.32
1993,-2.73,-438.37,-58.22,21.75
1994,-59.21,-585.07,-61.19,55.97
1995,-16.55,-498.43,-108.04,25.32
1996,-31.85,-513.92,-125.06,21.17
1997,12.96,-456.0,-52.4,22.74
1998,-16.83,-469.35,-132.53,-8.64
1999,-8.01,-504.2,-108.19,31.82
2000,11.18,-465.12,-90.51,32.01
2001,-19.48,-458.75,-80.2,21.27
2002,18.96,-427.4,-83.94,13.93
2003,-26.59,-493.01,-132.6,-2.14
2004,-33.2,-474.05,-144.0,13.36
2005,-2.52,-426.38,-93.47,8.84
2006,0.99,-420.38,-59.5,10.92
2007,-66.52,-564.14,-67.55,48.59
2008,1.86,-409.42,-183.71,-30.54
2009,-55.84,-547.47,-156.57,14.72
2010,-57.38,-521.41,-62.65,51.05
2011,22.03,-469.5,-12.94,34.95
2012,-36.5,-477.6,-86.84,19.52
2013,-3.16,-441.83,-95.55,18.24
2014,46.99,-438.01,-136.51,14.81
2015,-18.33,-525.82,-66.23,30.74
2016,-14.7,-467.35,-85.9,21.35
2017,25.29,-455.46,-81.08,37.48
2018,-39.24,-479.16,-95.08,16.31
2019,-28.81,-501.8,-101.69,11.17
2020,4.96,-456.99,-209.11,-7.16
2021,-2.9,-464.95,-125.34,13.53
2022,-29.13,-457.23,-41.56,31.03
2023,-46.12,-530.14,-45.98,21.22
2024,-45.74,-489.78,-73.09,29.61
2025,-54.03,-476.86,-83.24,28.26
2026,39.86,-481.43,-123.56,3.14
2027,-19.28,-425.72,-84.8,8.53
2028,-14.17,-380.7,-138.45,-11.78
2029,-1.93,-523.96,-134.53,26.28
2030,-4.42,-509.06,-20.69,50.9
2031,9.9,-462.36,-94.02,15.27
2032,-25.55,-469.59,-134.44,12.32
2033,-60.09,-530.08,-79.1,40.05
2034,-11.01,-481.16,-66.52,29.29
2035,-49.31,-494.96,-131.26,14.92
2036,-82.17,-470.39,-109.67,17.92
2037,67.23,-456.09,-132.25,13.18
2038,-22.24,-506.5,-51.65,33.13
2039,23.14,-399.08,-138.18,12.47
2040,-2.63,-418.13,-100.14,-6.7
2041,-25.26,-532.96,-130.28,26.55
2042,-28.25,-541.11,-266.3,-29.77
2043,-26.05,-465.57,70.91,73.95
2044,-34.76,-461.48,-69.54,40.54
2045,1.64,-460.88,-104.8,25.36
2046,49.57,-335.42,-115.52,-14.92
2047,-23.4,-496.97,-84.51,43.1
2048,-67.32,-556.99,-79.25,37.44
2049,-44.24,-472.59,-93.23,22.87
2050,-83.74,-556.85,-91.72,48.08
2051,-6.22,-484.48,-105.21,17.34
2052,-9.79,-472.41,-164.24,21.16
2053,5.87,-475.72,-132.24,33.95
2054,17.83,-473.31,-20.94,34.19
2055,-11.21,-434.74,-83.29,29.1
2056,-6.06,-441.77,-94.58,24.08
2057,-40.63,-539.73,-90.28,34.86
2058,-32.83,-485.09,-81.91,23.86
2059,-24.45,-386.79,-98.2,8.54
2060,25.52,-456.1,-104.4,15.76
2061,-10.77,-476.3,-207.27,12.7
2062,-45.06,-521.38,-23.86,49.42
2063,1.57,-438.41,-77.49,10.41
2064,6.84,-427.29,-117.59,-9.82
2065,-58.02,-563.81,-115.62,56.93
2066,-49.49,-504.39,-89.93,35.46
2067,-44.16,-324.45,-92.92,-7.99
2068,26.19,-464.48,-166.82,23.05
2069,-3.82,-576.16,-263.92,7.07
2070,-12.07,-513.36,-5.91,34.81
2071,10.78,-440.2,-35.97,23.75
2072,-12.13,-461.25,-76.52,39.18
2073,-37.98,-534.14,-78.01,42.74
2074,-11.67,-482.88,-127.38,30.32
2075,-16.44,-499.3,-113.71,32.05
2076,-36.57,-470.16,-104.15,18.94
2077,-2.66,-467.87,-44.05,33.74
2078,-34.06,-469.39,-81.36,32.59
2079,10.81,-451.55,-62.85,27.05
2080,-31.84,-448.81,-154.01,10.81
2081,12.75,-402.65,-101.94,-3.8
2082,-3.9,-465.41,-109.08,9.73
2083,-27.63,-483.01,-117.23,16.09
2084,-71.97,-450.87,-207.29,-2.79
2085,-37.78,-469.44,24.13,47.19
2086,11.55,-494.85,-87.3,38.52
2087,58.65,-413.76,-96.48,5.21
2088,-61.58,-576.97,-78.63,59.35
2089,0.55,-426.24,-118.89,33.03
2090,-19.75,-449.3,-193.32,1.35
2091,-17.23,-561.07,-179.2,13.99
2092,-16.27,-486.54,29.73,40.98
2093,-24.77,-484.96,-99.92,5.8
2094,-18.48,-471.21,-33.37,32.24
2095,-3.93,-450.08,-107.01,10.39
2096,-48.36,-486.93,-264.13,-23.86
2097,-23.72,-499.34,0.64,49.84
2098,-1.76,-447.19,-76.58,15.39
2099,-6.12,-400.77,-83.93,13.28
2100,6.24,-380.61,-123.34,12.22
2101,-48.78,-487.65,-82.3,33.35
2102,-76.24,-503.56,-172.7,25.98
2103,-51.98,-549.18,-43.88,42.76
2104,-6.38,-510.45,-60.08,30.76
2105,28.43,-453.0,-90.22,13.63
2106,17.45,-421.79,-97.59,8.09
2107,-0.32,-479.13,-93.48,27.72
2108,-11.84,-442.03,-101.66,3.49
2109,-23.19,-497.17,-83.97,33.45
2110,-17.7,-497.57,-90.66,23.03
2111,-35.64,-464.6,-111.69,12.21
2112,-24.18,-469.18,-230.43,6.05
2113,-21.64,-522.41,-119.28,23.54
2114,-12.76,-466.76,-120.6,13.83
2115,-37.3,-471.27,5.47,32.89
2116,2.18,-426.67,-86.4,17.57
2117,-13.22,-423.5,-74.44,1.84
2118,-84.42,-473.16,-100.13,16.03
2119,37.67,-406.79,-80.71,14.31
2120,1.5,-522.28,-309.02,-31.37
2121,-14.61,-437.47,-7.25,27.22
2122,-25.32,-531.73,-54.02,47.18
2123,-31.36,-497.53,-72.58,32.27
2124,21.81,-444.57,-90.11,19.09
2125,-16.8,-487.35,-97.0,20.86
2126,-66.84,-525.13,-85.73,37.03
2127,0.79,-419.43,-101.57,4.96
2128,16.22,-376.35,-165.08,-42.33
2129,-40.29,-506.44,-38.38,53.04
2130,-54.27,-535.81,-152.73,21.46
2131,-41.62,-518.63,-55.95,29.16
2132,-6.23,-503.09,-71.54,31.07
2133,-10.93,-479.69,-136.93,12.25
2134,-3.22,-488.01,-163.93,6.56
2135,-38.08,-442.45,-29.1,5.53
2136,-12.71,-419.28,-117.13,9.77
2137,-0.9,-397.49,-106.51,5.67
2138,-14.93,-524.7,-65.79,35.05
2139,-14.71,-468.69,-86.44,-0.53
2140,-28.67,-478.72,-90.72,17.74
2141,-17.54,-445.45,-159.76,19.42
2142,-30.52,-540.18,-185.04,-1.45
2143,6.98,-378.81,11.6,18.24
2144,-8.48,-407.38,-83.83,5.42
2145,-55.29,-576.56,-72.19,53.5
2146,-50.26,-505.52,-98.71,24.47
2147,-10.88,-466.73,-88.6,9.47
2148,-2.18,-395.38,-106.1,-10.72
2149,23.32,-397.44,-168.22,-24.69
2150,-53.57,-597.22,-85.97,63.91
2151,-33.33,-507.78,-54.42,23.99
2152,-11.16,-476.64,-78.02,21.28
2153,-9.64,-464.97,-82.5,28.94
2154,-20.01,-484.2,-94.23,23.65
2155,-29.53,-458.32,-110.78,12.06
2156,-15.48,-423.19,-464.81,-58.44
2157,-26.34,-565.3,-202.57,-56.01
2158,-9.69,-492.03,188.64,93.83
2159,-18.27,-434.45,-48.44,23.77
2160,-6.92,-419.4,-82.21,7.83
2161,-63.69,-467.77,-82.69,26.79
2162,24.77,-494.05,-94.6,17.39
2163,-20.35,-449.49,-96.87,25.03
2164,-40.27,-503.92,-96.96,22.04
2165,-30.47,-469.98,-92.8,22.69
2166,-32.73,-451.08,-94.15,32.32
2167,-45.23,-521.03,-93.5,28.7
2168,30.38,-440.69,-113.38,7.82
2169,7.56,-397.84,-102.08,17.19
2170,-32.77,-530.32,-99.58,29.9
2171,-30.69,-468.66,-222.49,-0.96
2172,-4.95,-464.64,-43.13,24.55
2173,-28.99,-511.71,-53.02,37.93
2174,-25.94,-483.09,-84.55,30.97
2175,-16.94,-449.19,-92.14,28.25
2176,-22.66,-477.44,-107.27,29.16
2177,-19.68,-469.1,-200.14,0.13
2178,-22.57,-495.71,-128.57,21.5
2179,-36.82,-503.46,-67.03,19.96
2180,-5.56,-404.67,-50.93,9.98
2181,35.47,-356.52,-123.62,-17.39
2182,-54.87,-527.41,-100.99,33.71
2183,-25.67,-473.88,-93.61,10.57
2184,-4.21,-350.28,-94.73,20.48
2185,-21.81,-469.21,-101.48,30.06
2186,-14.21,-439.28,-101.14,17.4
2187,-53.52,-512.92,-98.59,37.71
2188,-28.65,-544.41,-95.49,23.65
2189,-10.86,-473.35,-104.67,12.49
2190,-26.0,-494.49,-98.82,33.25
2191,-57.75,-498.85,-155.58,16.3
2192,26.3,-453.0,-179.95,-14.22
2193,-10.58,-452.37,-11.92,36.91
2194,-18.56,-499.78,-110.53,20.25
2195,-30.34,-493.5,-51.02,33.11
2196,7.56,-408.92,-114.69,-5.54
2197,42.06,-301.05,-193.69,-43.34
2198,-57.38,-537.15,-79.76,43.72
2199,-82.04,-542.56,-123.79,17.85
2200,-16.53,-478.87,-53.85,31.96
2201,7.48,-465.5,-91.89,14.11
2202,-67.92,-464.1,-173.41,5.35
2203,-34.71,-528.52,-373.34,-35.24
2204,-7.75,-519.34,70.93,62.7
2205,14.83,-423.88,-23.25,16.58
2206,16.5,-285.98,-86.93,-15.51
2207,-8.69,-550.34,-74.84,47.75
2208,-34.3,-557.58,-38.08,51.45
2209,-2.35,-438.17,-144.52,-23.08
2210,12.1,-375.36,-109.86,-4.85
2211,-43.84,-486.43,-98.81,23.03
2212,-15.84,-379.85,-102.91,23.31
2213,-50.69,-607.15,-80.93,54.21
2214,-27.51,-495.51,-97.42,28.47
2215,-5.89,-432.21,-190.47,-22.02
2216,-18.31,-489.09,-61.88,30.22
2217,-37.17,-494.26,-60.31,37.04
2218,-15.48,-469.21,-157.6,6.81
2219,-9.15,-414.29,-184.97,7.39
2220,-43.99,-510.69,7.5,42.4
2221,-9.71,-429.71,-65.32,7.52
2222,-39.51,-500.69,-83.94,26.56
2223,-25.25,-496.6,-83.8,44.32
2224,-37.76,-479.44,-202.9,-17.69
2225,25.97,-429.05,-128.32,-1.74
2226,-19.9,-518.0,-32.56,61.09
2227,4.34,-359.32,-80.12,8.0
2228,-67.47,-503.01,-82.22,34.42
2229,-35.11,-526.35,-103.57,42.96
2230,-29.14,-496.82,-98.02,14.23
2231,-34.95,-461.97,-82.0,19.45
2232,14.24,-501.87,-94.19,24.81
2233,7.21,-472.69,-89.65,27.81
2234,-1.8,-468.12,-176.11,-5.87
2235,-22.56,-425.57,-108.24,3.39
2236,-8.89,-459.52,-46.54,34.61
2237,-47.87,-496.9,-111.07,18.77
2238,-60.89,-528.63,-132.42,45.54
2239,32.45,-460.88,-43.86,33.52
2240,-2.1,-397.22,-304.21,-50.6
2241,-31.85,-545.15,-55.97,35.39
2242,-30.42,-470.68,1.57,52.02
2243,5.68,-327.73,-72.88,-4.32
2244,-55.84,-568.46,-73.93,47.71
2245,-5.76,-467.84,-100.81,10.02
2246,-19.6,-412.83,-94.12,16.32
2247,-32.02,-490.36,-85.28,34.32
2248,-80.96,-591.53,-88.01,39.73
2249,-13.7,-490.55,-113.34,4.42
2250,0.09,-444.54,-125.1,-1.58
2251,-20.06,-493.91,-87.16,3.25
2252,-13.5,-404.82,-103.99,19.4
2253,25.0,-467.37,-184.61,0.28
2254,-16.38,-461.79,-11.84,21.64
2255,-9.17,-444.85,-186.94,-28.28
2256,-0.09,-424.2,-16.93,23.07
2257,-0.05,-425.68,-90.54,7.44
2258,-71.01,-616.88,-46.33,70.55
2259,-27.13,-522.61,-78.62,31.02
2260,-17.36,-456.26,-86.71,17.22
2261,-34.83,-498.72,-96.14,20.21
2262,1.6,-457.28,-137.64,12.38
2263,-29.89,-470.17,-151.62,-7.24
2264,-54.05,-509.5,-214.19,-16.09
2265,6.43,-462.54,18.1,26.13
2266,11.83,-331.72,-71.5,0.73
2267,-9.43,-478.07,-85.28,16.92
2268,-69.8,-619.7,-73.73,58.84
2269,-98.55,-469.29,-83.83,26.47
2270,48.26,-434.95,-106.56,-13.35
2271,13.96,-414.26,-82.03,19.68
2272,-65.22,-553.66,-93.42,40.55
2273,-5.51,-472.52,-100.84,32.23
2274,34.24,-350.63,-242.89,-44.21
2275,-5.96,-485.21,-255.87,-19.8
2276,-50.96,-605.66,-26.74,52.96
2277,-34.49,-523.37,13.37,30.81
2278,-30.2,-489.64,-64.04,31.86
2279,-10.91,-465.05,-170.17,6.89
2280,-4.2,-447.4,-170.81,-23.27
2281,-31.64,-480.69,-11.71,44.45
2282,-13.58,-472.82,-81.74,5.58
2283,-21.41,-464.7,-87.19,15.47
2284,-4.67,-408.52,-94.68,7.38
2285,-20.2,-412.83,-101.52,12.74
2286,-19.46,-486.38,-94.76,14.21
2287,-36.95,-427.86,-81.21,16.7
2288,-70.04,-528.17,-102.26,35.19
2289,6.77,-422.52,-95.09,14.7
2290,4.18,-461.46,-110.88,9.3
2291,-44.22,-618.74,-181.78,26.44
2292,-31.12,-504.13,-44.51,34.4
2293,-24.21,-426.38,-170.88,-2.21
2294,-42.22,-529.33,-267.58,-11.18
2295,-5.68,-513.48,60.91,74.48
2296,-18.31,-475.88,-84.25,32.18
2297,-17.43,-462.17,-62.04,15.89
2298,-14.17,-460.23,-92.82,13.11
2299,-23.72,-491.31,-97.41,21.74
2300,-9.56,-473.68,-95.04,25.53
2301,-19.9,-484.46,-133.75,19.9
2302,-0.13,-402.22,-124.39,2.13
2303,14.93,-313.21,-67.71,2.54
2304,-43.19,-544.26,-92.82,33.56
2305,-70.61,-465.36,-88.71,31.82
2306,-18.38,-491.42,-97.1,24.73
2307,-20.76,-495.74,-99.11,24.18
2308,50.29,-291.6,-113.73,-3.58
2309,-24.41,-548.12,-95.58,39.74
2310,-13.02,-474.35,-101.87,13.25
2311,-27.93,-529.18,-96.99,21.93
2312,-46.61,-515.16,-84.0,60.56
2313,-3.41,-389.91,-101.44,7.35
2314,-46.33,-564.64,-88.25,35.67
2315,-21.51,-505.45,-203.28,6.09
2316,-9.07,-503.19,-217.08,-21.2
2317,-23.0,-477.78,-60.56,21.42
2318,-21.1,-507.31,-6.32,45.24
2319,-26.23,-484.22,-124.96,25.87
2320,-13.98,-467.83,-88.5,18.76
2321,-5.82,-431.59,-58.26,23.26
2322,0.88,-321.92,-91.12,-4.52
2323,39.91,-364.4,-107.91,-24.48
2324,-63.76,-610.54,-76.08,64.83
2325,-65.84,-595.04,-81.83,44.97
2326,-22.2,-516.9,-91.82,19.63
2327,-35.88,-481.75,-96.99,13.58
2328,-47.83,-481.92,-96.17,21.93
2329,-40.84,-448.68,-94.43,11.01
2330,5.28,-440.29,-93.23,13.87
2331,44.3,-421.3,-102.28,1.67
2332,-6.31,-419.86,-102.38,7.4
2333,-44.01,-544.17,-81.36,53.55
2334,-12.26,-536.19,-98.43,22.83
2335,-23.08,-483.07,-91.28,19.31
2336,-19.23,-458.81,-234.65,-10.13
2337,-15.72,-497.65,-75.7,2.59
2338,-21.31,-500.89,-152.82,19.0
2339,0.57,-478.84,-86.33,10.26
2340,-22.3,-396.85,-35.83,-9.76
2341,33.8,-391.98,-84.81,-11.88
2342,-59.03,-544.61,-86.97,23.95
2343,-48.47,-565.8,-87.96,44.05
2344,-24.14,-454.86,-78.75,23.77
2345,25.31,-301.36,-112.6,-22.85
2346,-16.88,-519.59,-82.79,40.46
2347,-29.24,-544.38,-117.92,32.87
2348,-23.33,-473.93,-97.72,7.39
2349,-33.65,-561.99,-163.82,2.09
2350,-56.7,-520.23,-20.25,37.06
2351,-38.15,-485.83,-64.53,29.82
2352,-28.73,-492.5,-76.03,19.78
2353,8.93,-456.58,-88.81,19.09
2354,5.02,-491.63,-94.31,20.03
2355,-9.68,-506.74,-162.83,10.58
2356,-24.77,-494.78,-84.94,4.58
2357,-13.64,-478.67,-28.21,23.53
2358,-5.16,-471.52,-90.79,19.43
2359,13.1,-377.9,-123.83,-10.96
2360,-29.49,-477.37,-169.94,6.23
2361,-31.22,-507.16,-34.44,34.16
2362,-54.08,-510.55,-108.66,26.22
2363,-1.71,-453.71,-219.65,-14.64
2364,16.32,-475.7,-22.58,19.47
2365,3.69,-401.94,-66.12,23.27
2366,-49.15,-435.52,-77.07,31.01
2367,-53.99,-499.99,-90.56,38.1
2368,-17.82,-578.94,-80.53,41.14
2369,15.15,-406.76,-99.33,8.42
2370,60.75,-372.44,-119.49,-11.02
2371,-6.0,-478.87,-231.65,-15.43
2372,-75.26,-619.12,-14.92,61.46
2373,-22.85,-515.43,-44.56,46.87
2374,-16.67,-493.39,-79.28,25.3
2375,-24.17,-490.88,-85.64,23.41
2376,-31.96,-478.9,-86.8,18.42
2377,-32.21,-462.87,-85.03,16.56
2378,-21.56,-461.78,-170.86,7.51
2379,61.4,-340.96,-296.63,-46.88
2380,58.33,-345.4,32.88,5.2
2381,-60.72,-596.5,-43.75,51.99
2382,-48.39,-554.16,-66.13,38.62
2383,-41.74,-507.1,-80.51,24.75
2384,5.05,-357.17,-97.85,-15.78
2385,11.55,-378.77,-99.16,0.14
2386,-44.59,-496.41,-91.65,18.94
2387,-52.58,-581.36,-85.32,25.02
2388,-32.31,-541.97,-85.5,46.65
2389,-51.1,-507.86,-130.18,18.04
2390,38.48,-435.62,-228.21,-13.69
2391,22.11,-431.04,-246.9,-57.78
2392,7.61,-376.96,68.57,41.37
2393,-22.47,-510.76,-67.84,31.24
2394,-57.51,-598.03,-100.9,37.53
2395,-37.68,-524.22,-77.13,28.93
2396,0.14,-409.15,-93.39,-1.86
2397,-20.38,-476.09,-124.07,7.34
2398,-16.28,-509.57,-173.15,8.21
2399,1.46,-458.97,-77.73,26.32
2400,-7.08,-436.45,-39.55,5.83
2401,-21.38,-426.99,-82.37,-3.94
2402,-56.97,-534.72,-130.23,6.32
2403,2.42,-453.63,-88.34,11.34
2404,-8.36,-460.05,-76.33,17.12
2405,25.5,-334.62,-105.15,-14.76
2406,-46.53,-482.98,-177.74,-1.85
2407,-44.4,-589.85,-187.21,18.4
2408,39.08,-349.5,-39.99,-5.84
2409,-3.54,-451.54,-50.95,18.5
2410,-20.43,-457.67,-77.28,19.67
2411,-60.22,-617.31,-72.12,49.96
2412,-0.97,-467.72,-106.74,6.54
2413,-43.12,-541.43,-96.15,32.3
2414,-12.89,-459.37,-108.7,20.17
2415,34.24,-425.25,-194.86,-18.76
2416,-47.77,-518.17,-101.42,10.79
2417,-34.82,-536.03,-35.94,38.31
2418,-14.6,-463.38,-85.83,5.13
2419,-22.36,-508.48,-181.25,-11.7
2420,29.95,-351.12,-111.66,-3.51
2421,-17.37,-502.4,-72.93,15.34
2422,1.95,-368.91,-94.63,11.83
2423,-44.14,-575.09,-97.69,49.33
2424,-46.08,-558.96,-78.14,42.67
2425,-19.43,-467.9,-116.38,10.82
2426,2.64,-318.93,-92.77,-21.76
2427,-77.54,-588.22,-137.91,43.32
2428,-0.61,-460.0,-153.72,21.85
2429,-5.32,-407.63,-77.06,-0.27
2430,9.71,-388.1,-145.83,-14.23
2431,-69.49,-644.98,-47.2,63.16
2432,-4.61,-452.62,-64.33,35.72
2433,48.14,-337.47,-115.54,-12.27
2434,-9.6,-582.01,-125.83,35.84
2435,-34.49,-518.17,-70.2,41.58
2436,-21.04,-463.26,-221.37,-3.95
2437,-21.19,-515.95,-56.35,43.0
2438,2.33,-410.16,-68.65,-0.65
2439,-0.52,-332.88,-106.34,-1.48
2440,-83.67,-655.68,-323.4,-3.54
2441,28.42,-420.75,7.84,40.36
2442,50.38,-363.08,-59.75,1.93
2443,-61.47,-585.5,-82.86,61.38
2444,-41.74,-552.0,-105.02,44.85
2445,-26.1,-512.85,-94.11,33.95
2446,13.4,-459.15,-94.97,17.63
2447,-6.77,-386.78,-130.78,-0.13
2448,-8.67,-341.39,-106.81,-5.57
2449,-43.44,-516.74,-188.28,-5.78
2450,-87.46,-622.98,-37.43,68.72
2451,13.32,-462.61,-64.2,10.74
2452,19.3,-444.89,-117.11,33.92
2453,-34.87,-479.39,-99.28,25.16
2454,-22.19,-485.86,-128.61,19.68
2455,20.86,-369.33,-107.46,5.62
2456,-28.6,-561.91,-97.09,43.15
2457,-36.57,-562.26,-326.48,-19.81
2458,-16.35,-488.59,-32.96,30.12
2459,11.91,-389.28,-31.33,36.22
2460,-48.26,-568.21,-137.18,34.43
2461,-9.57,-506.46,-172.99,-1.43
2462,-28.23,-457.19,-11.22,37.92
2463,-17.24,-431.0,-84.44,8.77
2464,24.87,-406.49,-116.71,-2.56
2465,-33.33,-557.25,-112.64,39.65
2466,-15.53,-452.41,-73.59,29.0
2467,-30.46,-496.11,-96.66,31.16
2468,-15.12,-469.75,-108.08,14.07
2469,37.08,-320.17,-113.07,-3.07
2470,5.57,-390.03,-105.04,11.61
2471,-77.31,-642.79,-72.82,75.22
2472,10.89,-437.77,-103.95,18.5
2473,-31.38,-535.34,-91.26,25.44
2474,-16.7,-482.88,-109.11,1.12
2475,16.38,-442.86,-159.34,-2.84
2476,-64.37,-590.35,-125.63,54.0
2477,-19.68,-501.8,-132.12,41.94
2478,-20.03,-494.48,-101.1,26.61
2479,-2.06,-450.21,-45.16,33.08
2480,-30.48,-476.42,-102.66,24.22
2481,-1.6,-472.38,-103.05,8.04
2482,6.86,-358.48,-153.19,-4.38
2483,2.81,-433.68,-48.09,21.04
2484,-43.56,-518.63,-158.04,11.76
2485,54.61,-253.81,-58.2,-38.27
2486,-9.46,-405.42,-102.82,18.39
2487,26.01,-331.93,-127.13,-5.77
2488,-90.55,-670.48,-241.53,22.8
2489,13.14,-447.02,-157.6,-19.17
2490,-34.93,-541.64,66.27,89.9
2491,-7.24,-467.93,-75.98,16.42
2492,-96.13,-636.94,-76.48,61.21
2493,-70.3,-542.64,-119.48,46.55
2494,13.26,-500.86,-79.21,31.27
2495,31.09,-447.18,-107.51,31.24
2496,5.96,-448.47,-110.25,28.81
2497,-13.88,-492.88,-164.94,5.77
2498,-39.41,-513.13,-104.18,15.96
2499,-15.42,-429.96,-186.34,-30.1
2500,30.49,-284.18,-105.76,-25.8
2501,-26.92,-478.4,-172.26,2.26
2502,-36.47,-499.85,18.91,59.53
2503,-25.95,-522.76,-61.17,45.19
2504,-1.1,-453.39,-90.42,19.44
2505,-45.23,-439.98,-95.55,6.87
2506,-48.19,-476.5,-85.48,35.59
2507,10.04,-519.66,-91.38,37.49
2508,48.27,-325.52,-117.07,-33.61
2509,-86.94,-667.98,-101.19,65.11
2510,-53.24,-537.88,-104.68,35.59
2511,-28.58,-499.26,-94.86,17.43
2512,24.78,-477.44,-125.48,20.32
2513,2.51,-451.3,-296.83,-21.53
2514,-15.02,-463.93,-127.81,-22.92
2515,-33.18,-513.45,5.71,57.38
2516,8.27,-432.31,-77.78,18.1
2517,-10.7,-436.81,-143.23,-1.69
2518,-45.32,-492.29,-90.77,21.07
2519,-30.27,-480.92,-61.27,20.66
2520,8.99,-376.11,-99.57,-8.41
2521,-20.53,-480.68,-108.32,22.41
2522,-46.81,-380.22,-114.18,-2.52
2523,9.6,-559.48,-74.83,33.33
2524,-28.94,-567.4,-79.54,44.99
2525,-28.77,-488.48,-87.91,26.35
2526,7.89,-398.02,-104.74,-5.14
2527,-51.9,-583.21,-85.65,35.68
2528,-50.49,-454.01,-98.54,7.24
2529,-7.64,-499.52,-117.03,10.82
2530,4.93,-489.14,-213.4,-12.19
2531,-14.33,-505.03,-90.3,13.48
2532,-19.71,-484.95,-144.25,-1.51
2533,4.5,-423.34,-25.73,11.47
2534,4.98,-414.47,-58.33,3.28
2535,-59.01,-551.09,-118.49,18.96
2536,-30.41,-483.71,-88.59,11.37
2537,-18.9,-452.43,-76.72,7.06
2538,44.92,-339.63,-182.68,-54.75
2539,-54.39,-566.98,-25.72,54.8
2540,-15.34,-411.32,-79.98,23.91
2541,-40.96,-538.92,-87.1,17.41
2542,54.68,-235.46,-109.06,-39.83
2543,-32.89,-498.84,-101.72,-1.2
2544,-54.29,-514.9,-84.5,30.94
2545,-21.53,-433.15,-98.31,15.92
2546,-19.88,-578.34,-120.77,23.88
2547,-23.13,-572.63,-95.71,25.32
2548,-30.13,-515.63,-62.08,27.04
2549,-23.63,-494.73,-267.02,-23.52
2550,-15.11,-494.74,-163.27,-2.8
2551,-15.72,-455.73,37.78,39.46
2552,-11.23,-469.62,-47.68,16.7
2553,1.5,-455.7,-83.46,8.24
2554,-28.69,-477.02,-81.91,23.73
2555,-39.01,-473.4,-93.15,16.26
2556,10.12,-422.47,-217.19,-29.08
2557,15.79,-388.71,-35.1,9.21
2558,0.25,-349.33,-96.01,-26.16
2559,-77.26,-593.0,-65.34,65.59
2560,17.58,-436.75,-103.58,-3.87
2561,-33.98,-514.55,-90.55,26.82
2562,-81.65,-389.1,-98.62,3.44
2563,-21.86,-440.89,-99.29,17.02
2564,5.27,-597.37,-91.36,55.47
2565,-33.59,-538.47,-96.71,22.79
2566,11.3,-389.48,-108.76,7.71
2567,-8.13,-493.14,-178.01,0.81
2568,-39.8,-552.92,-47.45,38.91
2569,-37.81,-508.79,-239.41,-17.53
2570,-20.35,-485.79,-25.17,41.38
2571,-2.47,-469.58,-61.47,28.53
2572,-3.9,-441.24,-98.61,11.49
2573,-31.49,-427.27,-77.91,17.58
2574,-12.73,-453.84,-117.92,9.27
2575,20.51,-372.9,-240.37,-39.94
2576,20.39,-416.02,-128.5,-37.88
2577,-54.0,-498.65,-5.74,57.7
2578,-58.49,-571.88,-68.29,66.18
2579,16.82,-340.78,-106.22,-10.94
2580,-87.49,-424.61,-103.64,8.67
2581,28.2,-510.61,-101.85,36.33
2582,-24.84,-526.81,-114.72,20.1
2583,-27.17,-556.06,-119.38,26.37
2584,-14.44,-495.1,-71.44,22.2
2585,-2.68,-443.32,-74.06,28.79
2586,-40.66,-545.98,-76.32,47.0
2587,-23.66,-502.39,-116.97,20.73
2588,-3.6,-481.85,-150.66,4.79
2589,3.74,-465.28,-382.33,-33.42
2590,-29.95,-472.58,63.29,46.03
2591,-3.55,-400.29,-29.7,4.19
2592,22.47,-356.08,-87.31,0.18
2593,-12.15,-487.11,-98.31,0.58
2594,-49.73,-497.07,-89.34,32.53
2595,-18.36,-436.42,-110.27,-5.39
2596,-1.84,-406.82,-111.67,1.72
2597,-57.63,-534.27,-126.7,19.94
2598,-57.0,-503.75,-54.99,30.16
2599,-17.81,-447.08,-87.58,4.22
2600,26.58,-419.15,-92.87,10.56
2601,-58.0,-518.83,-83.19,30.23
2602,-11.21,-589.22,-104.19,31.17
2603,-26.57,-501.93,-214.15,-5.81
2604,-43.67,-506.94,-73.32,4.36
2605,17.67,-464.71,-20.9,40.4
2606,-2.4,-441.5,-106.25,16.08
2607,-2.54,-481.16,-314.88,-29.8
2608,-42.51,-512.75,-73.78,24.76
2609,-49.97,-460.03,35.12,34.86
2610,6.54,-454.43,-73.94,13.44
2611,55.87,-290.67,-106.7,-33.95
2612,-23.79,-464.26,-86.33,29.75
2613,-34.09,-546.31,-88.4,6.23
2614,-29.89,-521.44,-91.86,14.12
2615,-1.51,-484.36,-92.27,32.39
2616,-21.37,-390.07,-100.72,-4.22
2617,-12.08,-439.91,-94.39,15.5
2618,-22.08,-426.41,-104.38,0.56
2619,-34.39,-477.86,-147.84,14.26
2620,-13.03,-578.64,-77.62,42.88
2621,-43.8,-579.79,-136.99,17.55
2622,-10.04,-440.09,-63.82,16.58
2623,-54.9,-514.93,-59.93,30.34
2624,-18.54,-495.25,-221.31,-24.94
2625,-15.7,-477.51,-150.15,19.41
2626,-1.2,-469.46,-52.94,20.73
2627,-31.25,-481.68,-78.05,25.98
2628,17.98,-458.52,-44.84,17.1
2629,-27.82,-483.29,-61.89,23.87
2630,-1.99,-443.9,-90.87,1.9
2631,-4.49,-418.82,-169.64,-22.98
2632,-34.72,-491.13,-38.0,33.19
2633,-7.46,-372.75,-85.68,-12.16
2634,-2.39,-439.26,-98.58,15.72
2635,-71.51,-633.14,-71.35,59.99
2636,-77.02,-492.85,-78.57,38.97
2637,35.7,-369.69,-93.33,10.53
2638,45.07,-362.48,-114.67,-24.01
2639,8.25,-469.54,-235.61,-24.9
2640,-102.04,-646.35,-52.19,61.57
2641,-8.72,-509.01,-30.18,40.22
2642,19.37,-431.4,-57.98,27.69
2643,-27.35,-537.19,-94.9,26.06
2644,-40.85,-526.15,-209.77,-4.79
2645,2.86,-479.76,-47.91,30.52
2646,-11.21,-487.45,-71.38,27.34
2647,-20.93,-475.2,-49.71,21.0
2648,-28.4,-476.27,-81.91,15.68
2649,-15.6,-458.53,-168.14,-1.0
2650,-15.43,-464.51,-61.45,3.38
2651,17.5,-403.01,-143.77,-2.16
2652,-33.3,-373.27,-226.74,-29.18
2653,-81.69,-502.93,62.08,68.37
2654,64.59,-407.12,-69.33,10.29
2655,-5.55,-472.57,-80.52,28.82
2656,-42.63,-540.17,-83.87,24.71
2657,-15.44,-501.8,-83.76,16.65
2658,-38.25,-494.12,-85.03,28.71
2659,-20.71,-545.67,-78.55,35.37
2660,12.56,-367.71,-84.82,16.5
2661,-20.35,-489.55,-102.53,12.67
2662,-37.59,-560.41,-269.71,-1.75
2663,-30.15,-517.44,5.9,51.46
2664,-12.43,-479.27,-32.19,33.83
2665,8.23,-425.04,-126.23,10.71
2666,15.37,-400.39,-292.5,-38.15
2667,-75.01,-572.37,26.21,54.1
2668,-37.06,-498.09,-16.06,37.11
2669,28.11,-458.84,-66.94,19.71
2670,9.93,-362.42,-91.65,5.05
2671,-25.7,-457.23,-85.34,13.42
2672,-53.98,-456.0,-84.69,10.16
2673,-31.53,-502.61,-81.79,39.49
2674,47.06,-434.92,-92.6,11.25
2675,-52.44,-535.36,-82.11,33.95
2676,-6.36,-383.63,-94.51,-5.9
2677,11.96,-411.71,-93.4,10.27
2678,-26.46,-525.3,-103.19,29.49
2679,17.3,-502.42,-71.9,30.71
2680,-51.67,-536.59,-69.39,41.18
2681,-20.3,-477.98,-206.13,-7.01
2682,-45.19,-517.3,-192.12,-3.81
2683,-24.64,-473.8,-66.74,20.83
2684,2.01,-464.73,-31.46,39.73
2685,-19.04,-480.38,-53.9,28.89
2686,-2.1,-477.04,-111.37,32.97
2687,-15.87,-488.12,-60.92,29.89
2688,15.87,-386.75,-84.91,-0.45
2689,-26.28,-490.29,-110.26,10.41
2690,-15.78,-415.48,-81.32,10.83
2691,-62.85,-454.07,-90.53,18.43
2692,52.09,-420.77,-96.54,1.06
2693,-10.83,-506.06,-77.69,44.34
2694,29.92,-388.87,-105.38,-6.25
2695,-63.22,-633.61,-71.19,52.15
2696,-46.96,-424.7,-78.04,21.0
2697,-29.5,-521.39,-85.04,32.4
2698,8.15,-503.3,-157.28,2.39
2699,-3.03,-461.97,-205.21,-7.98
2700,-7.51,-477.63,-15.14,40.46
2701,-29.99,-489.89,-28.43,38.73
2702,-33.11,-499.82,-152.55,21.02
2703,-16.17,-486.83,-147.23,10.76
2704,-3.12,-469.72,0.32,37.22
2705,-10.03,-469.59,-84.14,21.17
2706,26.36,-384.72,-187.4,-13.58
2707,3.74,-405.47,-49.27,-0.89
2708,-38.05,-523.83,-62.67,23.57
2709,-26.79,-413.72,-89.99,-3.14
2710,36.19,-360.16,-104.45,-23.08
2711,-71.83,-594.82,-73.99,65.51
2712,-28.46,-433.36,-102.75,4.44
2713,-28.65,-373.23,-89.22,2.57
2714,33.77,-497.1,-180.96,9.04
2715,-22.46,-550.77,-262.07,-12.96
2716,-28.89,-555.61,65.7,74.12
2717,-7.96,-484.9,-48.87,30.67
2718,-31.82,-526.71,-71.36,41.96
2719,-34.56,-477.94,-70.7,23.26
2720,-4.79,-459.81,-145.0,12.26
2721,-1.78,-494.78,-72.15,26.72
2722,-23.83,-482.85,-75.04,26.61
2723,-20.63,-466.49,-91.92,9.22
2724,-1.34,-447.24,-99.99,-4.75
2725,22.68,-396.39,-100.43,0.16
2726,12.93,-362.79,-106.69,-15.07
2727,-38.54,-497.75,-89.8,38.71
2728,24.13,-356.6,-114.76,-23.87
2729,5.97,-434.71,-92.13,21.81
2730,-25.08,-355.56,-66.41,27.06
2731,18.48,-477.65,-111.46,11.6
2732,-62.38,-475.28,-87.78,26.79
2733,-80.54,-460.82,-94.47,-2.13
2734,-34.99,-639.68,-157.13,15.41
2735,-45.29,-430.74,-147.55,-12.41
2736,42.03,-405.04,-303.95,-75.5
2737,-11.1,-621.2,-44.07,79.56
2738,-37.39,-594.52,49.01,61.86
2739,17.09,-350.02,-128.45,-66.67
2740,30.03,-473.36,-39.26,102.81
2741,-30.77,-554.55,-71.4,61.4
2742,-30.32,-521.77,-33.36,71.05
2743,-10.16,-471.75,-80.51,5.54
2744,-16.77,-448.88,-120.99,-14.77
2745,-7.51,-467.98,-135.64,-11.21
2746,-27.09,-506.66,-119.97,-4.94
2747,-4.38,-470.09,-74.21,4.24
2748,-11.94,-486.12,-124.27,-8.6
2749,0.22,-423.54,-72.58,6.86
2750,-13.38,-447.72,-112.6,14.65
2751,-16.29,-478.46,-76.45,10.06
2752,-12.54,-418.45,-155.45,-23.58
2753,5.08,-456.96,-80.17,-1.88
2754,-115.69,-587.79,-109.82,51.07
2755,-65.67,-483.1,-89.02,22.14
2756,27.56,-433.35,-53.79,17.44
2757,21.0,-496.7,-100.85,11.71
2758,86.86,-351.09,-114.39,-20.47
2759,-58.15,-578.06,-152.44,39.85
2760,-15.26,-451.99,-62.08,28.79
2761,-15.88,-528.95,-159.93,13.92
2762,-4.29,-434.77,-166.77,-18.83
2763,6.66,-457.81,-37.02,-0.13
2764,2.52,-369.48,-61.44,24.14
2765,-45.38,-568.94,-124.47,18.33
2766,-43.75,-537.16,-56.55,47.82
2767,-27.15,-470.58,-77.81,-11.07
2768,-19.7,-512.56,-66.69,15.5
2769,-1.39,-429.21,-93.02,12.53
2770,-30.79,-473.56,-91.16,14.41
2771,-19.24,-515.9,-88.37,32.3
2772,14.84,-424.41,-111.64,-11.81
2773,-5.93,-387.38,-105.94,-18.48
2774,-32.61,-465.76,-75.33,48.0
2775,-1.88,-494.14,-99.2,12.4
2776,-13.83,-491.17,-204.66,-1.73
2777,-18.52,-523.54,-97.04,34.49
2778,-25.73,-437.5,-17.9,25.73
2779,-37.74,-574.33,-92.96,40.38
2780,25.23,-452.52,-435.33,-66.23
2781,-24.43,-481.63,66.94,33.71
2782,-9.7,-481.26,-7.14,44.59
2783,7.58,-384.21,-77.63,0.07
2784,-38.6,-540.41,-89.4,21.58
2785,-40.2,-494.31,-87.81,49.84
2786,-7.57,-426.94,-102.57,11.39
2787,-42.01,-556.77,-88.66,32.38
2788,-1.05,-437.61,-112.97,4.4
2789,-3.68,-429.78,-99.2,9.08
2790,-52.88,-556.73,-102.43,34.25
2791,-22.33,-496.02,-109.0,7.09
2792,37.09,-244.71,-145.12,-29.77
2793,-20.15,-512.37,-79.49,23.27
2794,-82.21,-554.89,-109.14,42.55
2795,-20.11,-489.14,-103.9,23.95
2796,25.98,-474.91,-163.15,-25.07
2797,8.78,-450.15,-14.97,34.37
2798,-2.21,-448.52,-111.18,26.9
2799,-10.94,-432.41,-128.7,18.97
2800,-45.97,-511.69,-139.61,22.62
2801,-43.68,-547.7,-167.37,11.61
2802,-17.73,-491.3,-86.69,19.65
2803,-8.06,-463.69,-58.26,29.7
2804,-18.91,-489.28,-98.06,30.73
2805,-17.2,-499.87,-193.52,24.38
2806,36.9,-309.26,-57.78,2.51
2807,-36.12,-516.44,-81.92,-2.09
2808,-55.69,-544.35,-73.95,43.56
2809,-56.42,-537.38,-77.5,40.01
2810,-38.92,-487.81,-89.9,22.27
2811,-29.74,-488.08,-95.47,21.24
2812,-48.24,-355.8,-129.0,-7.19
2813,103.76,-321.8,-98.88,-10.3
2814,10.2,-480.88,-109.16,10.87
2815,-35.26,-499.75,-179.8,-7.71
2816,-73.19,-625.66,-55.95,59.23
2817,-11.81,-496.21,-81.1,22.53
2818,-26.28,-468.39,-72.59,30.18
2819,-19.32,-489.49,-71.42,43.52
2820,5.97,-365.93,-207.85,-17.67
2821,43.26,-313.05,-167.75,-20.04
2822,-80.49,-667.12,-106.47,57.96
2823,-42.78,-533.82,-20.59,39.38
2824,-24.03,-501.4,-50.86,33.24
2825,-0.24,-416.13,-98.1,-3.2
2826,-17.28,-442.92,-158.3,1.13
2827,-45.0,-557.2,-285.47,-18.66
2828,-34.9,-457.51,33.96,47.71
2829,-50.19,-391.13,-38.5,9.97
2830,-28.44,-435.68,-72.76,15.84
2831,19.63,-592.14,-70.03,56.68
2832,5.45,-492.97,-87.59,26.04
2833,2.78,-433.36,-96.14,6.63
2834,18.82,-417.66,-104.35,-3.74
2835,-23.99,-537.27,-89.58,36.01
2836,-51.14,-490.86,-86.5,40.39
2837,1.55,-423.15,-65.71,9.47
2838,-10.35,-385.44,-114.88,2.77
2839,-35.92,-570.22,-89.75,38.36
2840,-56.28,-547.47,-85.5,49.31
2841,-19.69,-519.56,-156.18,13.0
2842,0.26,-450.44,-177.96,-2.43
2843,-19.88,-471.76,-89.29,19.11
2844,11.57,-382.92,-13.84,6.44
2845,-56.57,-503.27,-167.15,29.77
2846,-65.83,-536.57,-191.55,0.99
2847,-8.09,-509.13,39.43,64.18
2848,1.35,-477.72,-76.76,26.86
2849,-8.96,-425.34,-99.18,14.56
2850,-10.53,-444.65,-112.91,12.14
2851,-19.96,-469.6,-137.3,0.8
2852,45.61,-369.09,-85.04,5.65
2853,-65.82,-561.56,-77.53,41.98
2854,42.42,-254.29,-107.08,-7.06
2855,-51.49,-594.66,-80.25,54.46
2856,-67.08,-586.89,-88.15,33.92
2857,3.22,-452.6,-103.25,9.3
2858,-38.21,-582.66,-95.79,36.01
2859,-24.45,-502.71,-120.17,34.77
2860,-17.09,-436.87,-152.38,-11.64
2861,-21.09,-391.6,-107.33,-13.88
2862,42.79,-490.02,-195.79,13.21
2863,-9.49,-404.09,-111.15,-4.15
2864,-31.59,-511.18,-34.42,46.24
2865,-51.45,-571.91,-159.13,14.54
2866,-42.01,-511.68,-76.56,23.01
2867,-82.82,-479.19,-68.11,13.05
2868,14.88,-462.35,-83.02,27.9
2869,28.46,-302.43,-100.09,-4.46
2870,40.8,-413.98,-96.02,-5.71
2871,-46.7,-500.29,-88.98,39.7
2872,-32.32,-518.85,-144.74,22.66
2873,-29.35,-478.56,-61.76,31.73
2874,16.21,-384.75,-77.65,-1.7
2875,78.7,-245.29,-194.35,-37.53
2876,-80.14,-686.61,-263.69,22.19
2877,-57.61,-635.58,12.67,64.27
2878,-40.5,-513.44,-111.71,31.75
2879,-11.49,-473.33,-66.29,37.28
2880,-0.23,-445.47,-137.67,-0.47
2881,-31.03,-530.48,-78.34,26.73
2882,-30.85,-478.45,-167.92,-3.36
2883,-14.46,-486.63,-111.22,22.72
2884,-12.99,-457.7,-97.02,8.4
2885,-8.56,-496.52,-44.72,30.67
2886,-29.11,-496.23,-33.84,36.1
2887,-9.32,-450.76,-257.11,-13.74
2888,-18.85,-461.96,-42.65,27.68
2889,-16.11,-439.43,-185.37,-23.47
2890,-29.51,-461.74,-112.98,17.55
2891,-16.18,-477.41,-118.14,24.15
2892,-86.62,-530.44,-58.46,45.05
2893,37.02,-347.07,-101.5,-8.84
2894,1.37,-560.63,-78.41,49.14
2895,-29.62,-536.76,-114.84,26.01
2896,-44.6,-450.41,-135.78,8.55
2897,-12.53,-476.98,-81.92,21.95
2898,104.74,-161.42,-162.12,-69.24
2899,-59.88,-704.46,-65.85,57.24
2900,-42.34,-544.97,-70.87,59.16
2901,-4.83,-451.64,-63.43,24.63
2902,-40.9,-523.74,-124.78,20.2
2903,-15.69,-467.24,-110.73,15.69
2904,-16.45,-494.66,-313.28,-7.46
2905,-39.0,-457.83,-221.93,-24.22
2906,-1.82,-519.85,83.52,50.96
2907,11.1,-344.13,-84.29,-7.33
2908,-48.69,-560.33,-123.29,29.0
2909,-53.88,-555.03,-59.06,39.63
2910,-52.36,-479.67,-91.64,24.35
2911,-16.51,-404.4,-125.36,0.11
2912,-0.35,-533.97,-121.89,27.42
2913,-14.21,-505.78,-82.64,17.63
2914,-0.83,-472.16,-115.47,12.82
2915,-47.44,-457.26,-134.55,-3.22
2916,-35.35,-413.43,-59.24,9.22
2917,-28.91,-505.59,-79.58,40.6
2918,-14.28,-536.4,-86.86,23.8
2919,10.61,-420.31,-81.56,9.75
2920,36.28,-306.76,-174.47,-33.77
2921,9.32,-472.67,-131.09,2.09
2922,-51.47,-539.41,-110.87,26.11
2923,-4.5,-518.67,-217.85,-9.57
2924,-34.72,-541.08,-74.21,12.25
2925,-35.63,-515.44,8.77,46.03
2926,-37.81,-491.03,-174.97,-6.8
2927,-16.36,-436.75,-47.15,30.59
2928,-22.26,-492.34,-71.62,29.2
2929,-20.17,-475.95,-202.33,-4.61
2930,-33.61,-488.95,-66.36,18.24
2931,-21.84,-481.86,-50.71,20.79
2932,4.13,-371.63,-102.39,-21.92
2933,-49.64,-537.74,-86.76,40.62
2934,-24.76,-508.39,-100.85,24.31
2935,-11.49,-449.25,-94.84,16.72
2936,-28.81,-437.27,-117.76,9.36
2937,3.55,-377.72,-141.89,-27.99
2938,-68.42,-560.67,-38.2,40.49
2939,-3.13,-421.88,-140.02,4.62
2940,-12.7,-528.13,-122.89,13.72
2941,-15.46,-456.82,-77.95,19.08
2942,9.97,-442.4,-106.08,20.86
2943,-27.01,-500.99,-247.58,-12.93
2944,-22.96,-489.38,-207.8,-26.5
2945,-67.79,-536.55,55.55,59.64
2946,-42.69,-487.89,-65.71,22.62
2947,70.76,-410.28,-152.8,14.22
2948,-34.38,-502.45,-74.18,21.56
2949,-29.06,-457.02,-84.83,14.9
2950,-17.94,-453.45,-94.86,15.76
2951,-9.34,-464.11,-102.19,15.59
2952,-31.59,-532.47,-129.53,14.58
2953,-36.54,-507.84,-108.66,17.21
2954,-22.83,-489.81,-67.3,15.08
2955,-14.79,-446.0,-98.76,9.84
2956,-18.56,-357.78,-110.12,-6.12
2957,14.48,-426.45,-119.96,-10.52
2958,-13.63,-460.01,-98.86,39.34
2959,-33.82,-537.32,-94.91,30.62
2960,-31.91,-463.58,-112.04,9.65
2961,-30.5,-388.49,-205.7,-37.78
2962,-26.25,-494.15,-77.29,34.36
2963,24.82,-471.88,-192.86,-13.43
2964,-6.02,-527.67,-56.86,25.91
2965,-27.3,-477.99,-66.22,27.65
2966,-53.39,-525.29,-87.69,38.9
2967,-34.39,-504.64,-119.16,8.68
2968,-28.68,-524.86,-174.6,18.6
2969,-10.17,-482.48,-116.26,12.49
2970,-33.96,-482.5,-45.48,18.61
2971,-23.8,-474.99,-92.9,20.19
2972,-34.19,-460.36,-101.05,13.13
2973,0.67,-418.85,-106.3,3.5
2974,-7.76,-394.91,-243.75,-44.25
2975,-14.66,-458.8,-134.29,-2.47
2976,9.73,-328.41,-24.96,-11.91
2977,-73.73,-605.59,-51.29,54.28
2978,-55.16,-568.36,-95.47,27.24
2979,-17.4,-413.86,-107.61,-10.96
2980,-77.74,-460.84,-99.2,18.32
2981,114.06,-364.28,-137.99,-20.68
2982,-42.74,-518.8,-231.77,4.35
2983,-51.2,-523.6,-6.89,27.71
2984,-47.72,-555.74,-60.23,22.3
2985,-27.3,-529.67,-82.03,29.73
2986,-16.24,-484.86,-101.82,12.53
2987,-13.13,-475.44,-102.26,16.95
2988,-17.18,-469.97,-152.31,2.62
2989,-7.72,-447.9,-93.85,3.18
2990,-19.85,-463.15,-113.24,2.01
2991,-29.81,-474.31,-54.38,21.6
2992,-10.62,-450.0,-161.11,-0.42
2993,-28.14,-451.98,-95.98,3.03
2994,2.76,-417.51,-128.46,-21.9
2995,36.52,-382.9,-97.92,-20.21
2996,-39.19,-469.69,-74.47,23.55
2997,-30.82,-385.5,-99.4,0.36
2998,-56.73,-529.62,-93.45,22.24
2999,-9.71,-465.69,-104.14,9.83
